data/rofental/srf_rofental_100.asc
ncols         322
nrows         225
xllcorner     622802,488
yllcorner     5178049,379
cellsize      100
NODATA_value  -9999
[rows 62 to 92 of 225, columns 70 to 139 of 322]
0,9845 0,845 1,021 1,02175 1,05325 1,04025 0,9805 1,06075 1,078 1,02275 1,1535 1,21275 1,20625 1,24125 1,08375 1,2175 1,399 1,54575 1,10625 1,0395 0,9445 0,96175 1,03925 1,51925 1,3595 1,484 1,09875 1,5465 0,9565 1,15975 0,99125 1,08975 1,13175 0,903 0,96125 0,98225 0,69825 0,917 0,7515 0,764 0,85625 0,34125 0,9195 0,829 0,82025 0,4575 0,23075 0,97325 0,91325 1,02575 0,95675 0,37275 0,9685 0,90275 1,00725 1,1615 0,7195 1,07875 1,1855 1,25875 0,986 0,544 0,403 0,43575 0,44125 0,97 0,71975 0,566 0,7285 0,50675
1,25825 0,9635 1,21875 1,11575 0,90725 1,04175 1,01525 1,08975 1,237 1,1995 1,2095 1,1885 1,101 1,302 1,43425 1,41675 1,418 1,1325 0,737 1,044 1,062 1,066 1,22175 1,4825 1,3895 1,507 0,69225 1,3205 1,05675 1,244 1,31325 0,9565 0,70875 0,79 1,032 1,023 0,92225 0,98325 1,0145 1,0055 0,7585 0,638 0,5625 0,54225 0,36275 0,49025 0,882 1,0875 0,98375 1,09225 0,812 0,626 0,8885 0,9705 0,9895 1,00725 1,059 0,41625 1,1865 1,252 1,1255 0,949 0,841 0,67775 0,4175 0,3795 0,50725 0,99725 0,97525 1,00875
1,00675 1,2285 1,10775 1,35975 1,18275 1,21175 1,24875 1,288 1,18175 1,30675 1,3405 1,33775 1,26825 1,3495 1,29875 1,44775 1,179 0,95125 1,32325 1,1505 1,08875 1,1035 1,3275 1,50275 1,33375 1,44175 1,10075 1,10225 1,145 1,081 0,91 0,93275 0,9495 1,036 1,0485 0,94125 1,03675 1,034 1,041 0,99975 0,94775 0,8475 1,03325 0,7685 0,78175 0,44925 0,95525 1,11025 1,02975 1,11075 1,1095 0,669 0,72625 0,81575 0,98775 1,0485 1,2625 0,6155 0,76775 1,18075 1,3645 1,0925 0,9515 0,72275 0,432 0,552 0,6415 1,11125 1,01 1,1105
1,26775 1,12225 1,39275 1,3795 1,36725 1,3885 1,36925 1,26725 1,22875 1,40175 1,2105 1,46775 1,38925 1,40025 1,36025 1,25575 1,33975 1,20925 1,39 1,2235 1,18275 1,38575 1,285 1,4905 1,497 1,37575 1,20275 1,13475 0,99325 0,9325 0,94625 1,091 0,9145 1,1205 1,12225 1,16525 1,10875 1,0485 0,9545 1,03075 1,0555 0,95875 0,91075 0,8475 0,91475 0,6995 0,89525 1,16425 1,0445 1,127 1,10825 0,93975 0,5475 0,6305 0,78625 1,11 0,974 0,97 0,43275 1,03825 1,332 1,16825 1,202 0,67825 0,793 1,0145 0,52875 0,63075 0,7785 0,76375
1,28225 1,204 1,23975 1,365 1,40075 1,33875 1,244 1,15275 1,3795 1,33275 1,25725 1,4425 1,43825 1,363 1,444 1,391 1,331 1,0695 1,3155 1,107 1,1885 1,18475 1,19875 1,32025 1,38725 1,47225 1,4805 1,3125 1,46775 1,06875 1,02375 0,85475 1,01225 0,868 1,292 1,19975 1,16 1,2625 1,16475 1,13275 1,1 1,06375 0,9975 0,783 0,8685 0,68725 0,92425 0,67125 1,06525 1,18125 1,24875 1,03925 1,06475 0,81 0,48775 0,91675 1,11375 0,93725 0,99225 0,56475 1,29175 1,14275 1,17775 1,276 1,20025 0,8075 1,06625 0,61825 0,451 0,8805
1,2955 1,234 1,1945 1,0805 1,174 1,25175 1,23675 1,37475 1,23325 1,02225 1,37975 1,4595 1,202 1,19425 0,864 1,18125 1,266 1,27475 1,2535 1,20825 1,14625 0,997 1,2995 1,29225 1,262 1,4615 1,325 0,53625 1,3665 1,0865 1,07125 1,06 0,9152499 0,97025 0,70425 1,123 1,196 1,23825 1,10675 1,01425 1,0875 0,98975 0,94075 0,77325 1,14025 0,68375 1,1475 1,12125 1,1105 1,0545 1,27175 1,17225 0,752 0,72625 0,838 0,88375 0,9525 1,13075 1,35775 0,6845 1,305 1,1345 1,18325 1,2325 1,08925 1,077 0,93675 0,76475 0,375 0,7805
1,1705 1,216 1,121 1,253 1,26575 1,15925 1,31175 1,36375 1,18075 1,223 1,064 1,50875 0,9595 1,0775 1,234 1,0965 1,276 1,27325 1,248 1,14825 1,0565 1,25075 1,1515 1,20675 1,254 1,52325 1,1535 0,8415 1,072 1,46625 1,28625 1,136 1,34225 1,02525 0,992 0,90925 1,07325 1,2485 0,946 1,0675 1,09625 1,116 0,9625 1,05 0,92125 0,567 1,072 1,067 1,03175 1,22675 1,2295 1,029 0,55 0,46025 0,93275 1,11175 1,15475 1,195 1,28075 0,86725 1,22675 1,16675 1,22425 1,22275 1,13625 1,076 0,91 0,9265 0,69225 0,96075
1,064 1,0625 1,1565 0,69475 1,11225 1,031 1,198 1,0985 0,8195 0,91625 1,2925 1,2455 1,3845 1,00825 1,02925 1,2795 1,18125 1,15325 1,088 1,08975 1,1735 1,14675 1,162 1,216 1,29375 1,2825 1,20425 0,8635 0,97325 1,53075 1,329 1,19 1,236 1,16775 1,0675 1,0265 1,05375 1,20125 1,187 1,12875 1,26125 1,11525 1,0035 0,964 0,969 0,50975 1,023 1,08875 1,17825 1,04375 1,0395 0,6405 0,639 0,829 0,43675 1,10225 1,068 1,103 1,22675 1,25025 1,17275 1,192 1,23725 1,1995 1,15425 1,1 0,949 0,9205 0,47275 0,6685
0,947 0,89475 1,028 1,05925 1,116 1,20775 1,07075 1,21475 0,85175 1,2265 1,558 0,94525 1,17975 1,15675 1,1095 1,3085 1,0815 1,165 1,03175 0,9715 1,19525 1,18925 1,37575 1,2695 1,259 1,11475 1,46775 1,0225 0,82375 1,5785 1,291 1,03775 0,94725 1,009 0,92675 1,099 0,836 0,9025 1,07975 1,1565 1,10475 0,9685 0,97625 0,9375 0,99275 0,83575 0,85625 0,9705 1,1035 1,13775 0,858 1,06775 1,23275 1,10575 0,46625 1,03475 1,20375 1,2545 1,19425 1,208 1,2105 1,22625 1,19525 1,277 1,192 0,87125 0,9245 0,6985 0,498 0,5555
0,91425 1,1505 1,27975 1,02575 1,37775 1,3295 1,14475 1,187 1,53625 1,36675 1,26075 1,2145 1,04075 1,01 0,876 1,029 1,05725 1,03625 1,0275 1,0645 1,20075 1,17525 1,0485 1,21525 1,17925 1,28875 1,293 1,35825 0,90425 1,55725 1,1935 1,124 1,0055 1,126 1,08025 0,9835 1,06 1,11075 1,0955 1,03975 0,953 1,06425 0,9895 0,8245 0,9385 0,8625 0,88975 0,882 1,08475 1,0755 1,35675 1,27525 1,03425 1,06 1,03075 1,14225 1,2525 1,12 1,2035 1,22125 1,23125 1,21725 1,20025 1,30725 1,10925 0,8095 0,827 0,92075 0,54775 0,73075
1,03725 1,416 1,2375 1,38325 1,38975 1,04 1,321 1,226 1,18925 1,35975 1,2535 1,2285 1,145 1,125 0,87275 0,61325 1,0045 0,9 0,85425 0,9995 0,85525 0,892 1,12525 1,2415 1,151 1,336 1,30375 1,09725 1,0895 1,38275 1,52325 1,25225 1,1835 1,03925 0,89975 0,949 1,1055 1,13325 1,243 1,174 1,16425 1,177 1,02475 0,92175 0,91175 1,0635 1,049 1,05075 0,97825 1,2295 0,933 1,0635 1,283 1,36475 1,20775 1,16625 1,22225 1,2205 1,266 1,14125 1,21775 1,23425 1,27175 1,10875 0,97825 0,90925 0,65725 0,66425 0,6455 0,799
1,136 1,1295 1,207 1,105 1,2715 1,30325 1,255 1,4125 1,10275 1,30075 1,30425 1,23 1,16675 1,003 0,85425 0,5845 0,9225 0,919 0,6555 0,7325 0,8625 1,071 0,9525 1,2785 0,89325 1,04775 1,4085 1,18975 1,31375 1,311 1,472 1,4125 1,44125 0,9865 1,0355 0,8485 0,97375 0,965 0,82575 0,74475 1,008 0,977 0,9375 0,9195 0,943 1,1625 1,21225 1,232 1,1895 1 1,29775 1,15525 1,16425 1,13275 1,10625 1,333 1,2975 1,31225 1,22825 1,1235 1,17075 1,09125 1,158 0,80525 0,92775 0,84375 0,5465 0,2695 0,7365 0,79375
1,0335 0,886 0,98625 1,25625 0,99675 1,4375 0,97925 1,07325 1,43475 1,4575 1,351 1,334 0,71275 1,17925 0,73325 0,535 0,84425 0,663 0,52775 0,93 1,0345 1,09125 0,934 0,86025 0,829 0,905 1,23275 1,3495 1,10925 1,221 1,45875 1,33475 1,0525 1,203 1,1895 1,006 1,09475 1,083 0,986 1,09725 1,2015 0,94325 1,14175 1,28725 1,1835 1,10025 0,996 1,0005 0,97175 1,24125 1,07275 0,9015 0,97225 1,24725 1,357 0,93175 0,935 0,58325 0,42275 0,729 1,16775 0,95275 0,903 0,69975 0,7395 0,4635 0,50275 0,9175 0,5025 0,80125
1,09475 0,94975 0,9445 1,1575 1,32 1,39075 1,12725 1,1375 1,5315 1,29125 1,27075 1,21925 1,17725 1,0085 0,80375 0,62075 0,396 0,534 0,62925 0,21325 0,78425 1,073 1,0275 1,02375 1,0085 0,98475 1,232 1,3095 1,29425 1,0795 1,40725 1,33675 0,901 1,2755 1,27575 1,36575 1,20425 1,2205 1,44025 1,49875 1,49125 1,45975 1,48325 1,41525 1,40375 1,42525 1,513 1,41025 1,193 1,03375 1,026 1,16525 1,17925 0,6475 0,64625 0,54075 0,6865 0,9095 0,8135 0,71925 0,51575 0,6125 0,841 0,7315 0,49425 0,83525 0,95375 0,9995 0,79625 0,677
1,09425 0,87325 1,1165 1,3135 1,42325 1,341 1,17125 1,407 1,394 1,1075 1,18975 1,40025 0,9755 1,07275 0,68475 0,4665 0,64325 0,82925 0,94925 0,9665 0,93575 0,93725 0,99175 0,9275 1,048 1,09375 1,16575 1,23425 1,25125 1,201 1,395 1,34475 1,4465 1,2675 1,46225 1,49975 1,144 1,384 1,29375 1,2165 1,2875 1,2475 1,18275 1,158 1,1735 1,2325 1,21625 1,34275 1,48725 1,39825 1,25225 0,6605 0,67825 0,376 0,6415 1,2135 1,211 1,13125 1,29175 1,31675 0,9065 0,33425 0,4485 0,525 0,65975 0,9165 0,94225 1,013 0,8655 0,398
1,30825 1,329 1,528 1,4955 1,31875 1,23875 1,10375 1,16225 1,31625 1,14575 1,02425 1,35825 0,85475 0,97275 0,67375 0,4495 0,84175 1,178 1,17775 1,1985 1,108 1,13575 1,15525 1,0025 1,167 1,18925 1,20075 0,99725 1,212 1,268 1,32425 1,40175 1,4045 1,02075 1,37025 1,205 1,3775 1,35125 1,369 1,244 1,20775 1,177 1,21825 1,25225 1,24175 1,23325 1,261 1,26125 1,23575 1,328 1,3095 0,9985 0,73225 0,77575 0,83225 0,9465 1,13625 1,0795 1,10325 1,08875 1,13725 0,5835 0,5725 0,3665 0,6435 0,9385 0,96825 0,98475 1,1085 0,726
1,37475 1,50825 1,364 1,365 1,09725 1,14225 1,23 1,2225 1,3075 1,378 1,15025 0,8345 1,232 0,89725 0,9225 0,461 1,02475 0,8765 0,9275 1,14325 1,103 1,14325 1,08075 1,0555 1,04 1,1205 1,16825 1,02825 1,13825 1,1735 1,174 1,401 1,44025 1,52175 1,434 1,26225 1,31925 1,26875 1,25675 1,2135 1,248 1,32325 1,23675 1,3405 1,4405 1,36775 1,21375 1,24575 1,28925 1,204 1,36225 1,4845 0,868 0,87825 0,86525 0,93725 0,83725 1,15775 1,2115 0,9225 1,05625 0,69625 0,7415 0,73725 0,4415 0,9595 1,0685 1,0505 1,0365 1,1355
1,296 1,227 1,0225 1,26275 1,21975 0,9955 0,762 1,336 1,248 1,38575 1,385 0,956 1,058 0,85275 0,8825 0,42525 1,09675 1,13725 1,1185 1,19875 1,1625 1,14025 1,2925 1,215 1,1045 1,17275 1,3445 1,27975 1,1435 1,247 1,321 1,414 1,44525 1,21075 0,905 1,38025 1,4365 1,47275 1,4365 1,42 1,36225 1,349 1,2405 1,271 1,0795 1,28625 1,4915 1,297 1,26125 1,35325 1,31225 1,35775 1,423 0,825 0,99125 1,0565 0,84225 1,29075 0,9785 0,52225 0,79125 0,31675 1,008 1,10725 0,38625 0,687 1,08175 1,074 1,13425 1,183
1,05275 1,019 0,97875 1,31075 0,812 0,70975 1,20625 1,3075 1,2595 1,32 1,4625 1,2895 1,04825 0,976 0,92525 0,469 0,62475 1,00975 0,9735 1,054 1,0215 0,851 1,03875 1,11025 1,1875 1,08175 1,06875 1,0835 0,996 1,13575 1,15 1,23 1,2635 1,471 1,4575 1,40225 1,1365 1,317 1,4635 1,21925 1,156 0,97625 1,131 0,895 0,78775 0,53625 0,73875 1,249 1,43825 1,3225 1,30125 1,275 1,304 1,451 0,901 0,9435 1,08 1,14425 0,953 0,62275 0,49 0,873 0,977 1,11075 0,95075 0,376 0,9335 1,0585 1,07675 1,154
0,7032501 0,669 0,7205 0,83925 0,892 1,02425 1,3455 1,34725 1,1665 1,29375 1,39475 1,3425 1,07775 0,93925 1,0315 0,66275 0,3835 0,56525 0,614 0,79025 0,85675 0,64875 0,66575 0,75475 0,9825 0,9495 0,8175 0,8735 1,09675 1,16325 1,06075 1,284 1,1575 1,44875 1,423 1,3075 1,401 1,3845 0,752 1,19025 1,0575 1,1115 1,06875 0,90675 0,83425 0,77475 0,83275 1,11525 1,51025 1,25475 1,2515 1,36025 1,23375 1,2195 1,412 0,9645 1,06975 0,6295 0,47925 0,55725 0,55475 0,89375 0,93525 1,01875 1,09275 0,4535 0,4225 0,938 1,02625 1,083
1,139 0,8545 1,10525 1,23625 1,1475 1,28375 1,37375 1,37075 1,00575 1,449 1,189 0,99275 0,96075 0,804 0,91025 0,77225 0,296 0,57325 0,65225 0,40125 0,344 0,39225 0,55675 0,84725 1,04025 0,949 1,08225 1,15525 1,01675 1,0075 1,315 1,17 1,2345 1,36925 1,4785 1,21125 1,18725 0,8205 0,70225 1,19825 1,106 1,2115 1,16525 0,538 1,00025 0,89775 0,7355 0,721 1,108 1,28175 1,42925 1,313 1,166 1,1965 1,31975 1,3355 0,96625 0,977 0,68675 0,743 0,4735 0,59 0,8645 1,03575 1,1315 0,86175 0,692 0,716 0,99475 1,028
1,279 1,27425 1,10725 1,062 1,26925 1,40925 1,426 1,46375 1,30175 1,04 0,99975 1,16975 1,3635 0,987 0,93825 0,588 0,38025 0,907 1,08375 1,021 1,09925 0,91575 1,006 1,003 1,09675 1,00975 1,004 1,039 1,16725 1,24725 1,2935 0,8345 1,046 1,4825 1,34425 1,17075 1,0825 0,8965 0,892 0,90775 1,086 1,20825 1,20475 0,9185 0,45775 0,7125 0,8815 1,02625 1,14825 1,13725 1,49925 1,12525 1,305 1,223 1,3485 1,427 1,24975 1,17775 1,02475 0,79025 0,5165 0,679 0,88 0,969 1,11675 1,1125 1,0655 0,58725 0,79075 1,05125
1,164 0,99125 0,98725 1,1115 1,3645 1,23675 0,97225 1,076 1,058 0,98 0,7215 1,22625 1,37975 1,23 1,081 0,86075 0,74 1,006 1,07025 1,00975 0,9385 0,89075 0,9015 0,7935 0,9295 1,13775 1,06125 1,34675 1,232 1,2225 0,9725 1,176 1,40725 1,46475 1,20675 1,19375 0,91275 1,1125 0,91975 1,01925 1,04875 1,089 1,12125 0,9795 0,5955 1,001 1,19925 1,24575 1,39975 1,13725 0,883 1,1985 1,06725 1,27025 1,31275 1,348 1,36425 1,36225 0,83775 0,3115 0,669 1,132 1,31325 1,0785 1,0915 1,1415 1,14375 1,22725 0,6285 1,14625
1,16775 0,979 1,06275 1,3215 1,19375 0,901 0,893 1,003 1,165 1,007 0,711 1,23975 1,4035 1,387 1,13525 0,5315 0,60975 1,01675 1,17775 1,11825 0,968 0,92175 1,1025 1,22225 1,164 1,37525 1,4285 1,34 1,2355 1,264 0,7675 1,37475 1,3855 1,121 1,18375 1,1895 0,9965 1,2035 0,95425 0,72375 1,0355 0,4535 0,9495 0,81775 0,88925 0,992 1,20225 1,36975 1,25975 1,00525 0,6625 1,19825 1,13825 1,214 1,274 1,15325 1,316 1,29075 0,6615 0,7485 0,65725 1,22475 1,1755 1,11275 1,1675 1,0895 1,09525 1,178 0,443 1,2315
1,202 1,04525 1,3625 1,376 1,13475 1,16325 1,1745 1,322 1,1185 0,67675 0,6005 1,35675 1,2805 0,97425 0,9205 0,86575 0,51275 0,5395 0,75825 1,12325 1,3175 1,341 1,28575 1,083 1,471 1,1905 1,2815 1,3005 1,284 1,05225 1,1645 1,34225 1,389 1,216 1,03875 0,95525 0,9685 0,9685 0,99875 0,758 0,82475 0,462 0,912 0,9795 0,78775 1,24225 1,05475 1,0565 1,08275 1,02575 0,85825 1,26725 1,1235 1,2055 1,2285 1,2535 1,32025 1,44475 1,19175 0,98775 0,8559999 1,04875 1,123 1,11725 1,238 1,05425 1,08675 0,9895 0,4505 0,53675
1,036 1,25975 1,3325 1,02825 1,2745 1,1905 0,863 0,912 0,929 0,696 1,199 1,35375 1,2515 1,1575 1,11825 1,036 0,44225 0,94925 0,87575 1,339 1,29575 1,45875 1,2 1,42325 1,20025 1,082 1,20425 1,07825 1,2625 0,93925 1,18425 1,42625 1,256 1,1145 1,053 1,10575 1,00175 0,944 0,775 0,75425 0,3955 0,44925 0,936 1,025 1,243 0,96 1,136 1,009 1,0305 0,748 1,246 1,19 1,169 1,21675 1,351 1,2925 1,3235 1,505 0,88575 0,43275 0,97225 1,096 1,1845 1,172 1,24025 1,1165 1,23425 1,17925 0,50675 1,043
1,29975 1,29725 1,163 1,10575 1,223 1,23925 0,70175 1,12475 1,092 1,1705 1,28975 1,30275 1,16 1,32425 1,116 0,94075 0,149 0,6435 0,94325 1,272 1,27475 0,97375 1,164 1,26375 0,9605 1,04975 1,20075 1,082 1,30825 1,00875 1,38175 1,54425 1,33975 1,17775 1,10025 1,125 1,11275 1,09625 0,678 0,2285 0,6995 1,0635 1,06775 1,15425 0,97 1,13975 1,10025 0,85725 0,79575 1,21825 1,202 1,1895 1,2275 1,29975 1,3705 1,31625 1,3505 1,49575 0,37325 0,398 1,11825 1,124 1,17525 1,16375 1,2055 1,12175 1,13925 1,01925 0,9615 0,99175
1,08125 0,99925 1,09675 1,19275 1,17275 0,87925 0,71875 1,31025 1,0355 1,01075 1,304 1,256 1,281 1,372 1,1865 0,627 0,79375 1,12475 1,16925 1,069 0,89675 0,7945 1,17 1,19025 1,2175 1,18775 1,323 1,15075 1,243 1,083 1,25975 1,45425 1,18425 0,97525 1,0515 1,19375 0,94675 0,5685 0,5905 0,336 1,10875 0,98425 1,055 1,10225 1,14125 1,1875 0,97075 0,83775 1,0915 1,215 1,17725 1,19075 1,2545 1,2635 1,303 1,2915 1,36 1,47225 0,45475 0,571 1,1925 1,15625 1,16825 1,13925 1,23875 1,1355 1,0105 1,02425 1,25025 0,69875
1,27475 1,24075 1,27925 1,20125 1,057 0,366 1,01825 1,1625 0,86375 1,1495 1,27775 1,1875 1,33125 1,33875 1,17425 0,70425 1,096 1,2295 1,1215 1,19 1,11675 1,204 1,29475 1,22625 1,18 1,1905 1,30675 1,22975 1,27 1,1665 1,2755 1,2235 1,516 1,11675 0,93575 1,26025 0,68475 0,62125 0,4645 1,015 1,0675 1,061 1,0915 1,11375 1,132 1,1495 1,25225 1,311 1,24175 1,17875 1,1955 1,22825 1,28125 1,2525 1,26725 1,28875 1,366 1,0835 0,6345 1,12975 1,125 1,19825 1,227 1,23525 1,29425 1,30575 0,85725 0,8665 1,07475 0,86125
0,71975 0,92675 1,3125 1,144 0,37125 1,08975 1,26125 1,05125 1,1105 1,3115 1,20375 1,22675 1,283 1,2535 1,27325 0,51875 0,586 1,02925 1,1635 1,34575 1,21425 1,281 1,27625 1,22725 1,18275 1,21525 1,268 1,24575 1,22075 1,13075 1,0735 1,1745 1,473 1,30975 1,0395 1,32425 1,3275 1,23 0,91325 1,1105 1,0785 1,09475 1,11825 1,14025 1,154 1,1755 1,2 1,242 1,25175 1,261 1,258 1,2895 1,28325 1,25625 1,25375 1,303 1,43025 1,2055 1,28475 1,19525 1,09175 1,229 1,2785 1,258 1,3095 0,93875 0,76625 0,90325 1,07775 1,021
0,683 1,16775 1,2465 0,508 0,7045 1,07025 1,32475 1,28625 1,3225 1,19175 1,239 1,2915 1,1725 1,304 1,18025 0,3155 0,99425 1 1,3055 1,23725 1,1745 1,22475 1,25875 1,201 1,34975 1,24525 1,17925 1,18175 1,2135 1,02125 0,5785 1,21775 1,3055 1,2125 1,1335 1,11475 1,29025 0,864 0,97525 1,097 1,13825 1,13 1,142 1,15875 1,1635 1,14625 1,20675 1,226 1,30325 1,29275 1,33475 1,33275 1,2745 1,273 1,25 1,3795 1,34125 0,91075 1,04475 1,166 1,2215 1,248 1,26125 1,2685 1,32575 1,10925 1,0675 0,93975 1,0735 0,78375
