data/rofental/srf_rofental_50.asc
ncols         644
nrows         451
xllcorner     622802,488
yllcorner     5177999,379
cellsize      50
NODATA_value  -9999
[rows 204 to 237 of 451, columns 78 to 155 of 644]
1,326 1,153 0,97 1,209 1,357 1,154 1,308 1,07 1,224 1,464 1,101 1,46 1,134 1,283 1,326 1,436 1,277 1,135 1,208 1,215 1,111 1,196 1,094 1,02 1,25 1,204 1,207 0,976 1,103 1,022 0,856 0,856 1,017 0,848 1,025 0,922 1,19 1,307 1,397 1,336 1,133 1,268 0,562 0,876 0,797 0,591 0,336 0,1 0,883 0,903 1,08 0,895 1,072 1,073 1,32 1,271 1,3 1,24 1,102 1,131 1,171 1,176 1,165 1,178 1,252 1,227 1,183 1,188 1,203 1,267 1,196 1,151 1,269 1,225 1,257 1,201 1,159 1,131
1,24 1,232 1,022 0,944 1,344 1,136 1,443 1,106 1,041 1,347 1,084 1,477 1,003 1,483 1,378 1,406 1,274 1,037 1,078 1,078 1,094 1,172 0,994 1,099 1,077 0,831 0,63 0,92 0,868 0,917 0,87 0,28 0,653 0,68 0,965 0,713 0,789 0,954 1,327 1,374 1,391 1,348 0,935 0,565 0,876 0,994 0,656 0,269 0,475 0,486 1 0,954 1,017 0,876 1,285 1,155 1,15 1,086 1,012 1,128 1,161 1,17 1,232 1,254 1,243 1,179 1,197 1,195 1,201 1,254 1,215 1,198 1,237 1,294 1,199 1,15 1,175 0,985
1,149 1,09 1,211 1,048 1,331 1,201 1,324 1,232 1,065 1,599 1,6 1,39 1,105 1,237 1,282 1,106 1,125 1,266 1,022 1,128 1,106 1,081 0,839 0,975 1,163 1,118 0,368 0,497 0,503 0,477 0,1 0,481 0,1 0,145 0,176 0,505 0,726 0,68 1,207 1,312 1,192 1,277 0,978 0,1 0,1 0,159 0,538 0,1 0,315 0,431 1 0,338 0,968 1,157 1,195 0,977 0,889 0,893 1,04 1,121 1,167 1,197 1,216 1,25 1,214 1,296 1,22 1,155 1,209 1,161 1,177 1,155 1,249 1,175 1,236 1,131 1,009 0,928
1,244 1,265 1,152 1,166 1,212 1,309 1,222 1,416 1,554 1,6 1,192 1,155 0,859 1,199 1,106 1,293 1,026 1,083 1,134 1,101 0,981 0,943 1,103 0,834 0,711 1,194 1,039 1,122 0,1 0,1 0,527 1,13 0,636 0,807 1,007 0,594 0,132 0,583 1,118 1,273 1,257 1,073 1,134 0,1 0,844 1,029 0,5 0,1 0,1 0,449 0,578 1,003 1,138 1,095 0,913 1,032 1,198 1,042 1,112 1,107 1,268 1,303 1,24 1,092 1,232 1,239 1,32 1,167 1,219 1,079 1,068 1,087 1,2 1,169 1,12 1,069 0,952 0,99
0,956 1,127 1,148 1,283 1,04 1,191 1,226 1,536 1,6 1,331 1,333 1,298 1,331 1,144 1,062 1,151 0,596 1,045 0,685 0,885 1,191 0,996 0,68 1,032 0,841 0,987 0,936 0,1 0,468 0,899 1,021 1,179 1,146 1,128 1,21 1,016 0,1 0,1 0,301 0,246 0,402 0,352 0,334 0,818 1,13 0,403 0,1 0,692 0,379 0,1 0,513 1,069 1,113 0,871 1,215 1,283 1,308 1,206 1,246 1,195 1,073 1,075 1,11 1,233 1,302 1,141 1,243 1,071 1,171 1,056 1,037 1,144 1,13 1,177 1,081 1,089 1,05 1,033
0,855 1,053 1,02 1,217 1,239 1,341 1,501 1,6 1,405 1,086 1,184 1,218 1,258 1,249 1,119 1,085 1,135 0,677 0,822 0,632 0,878 0,973 1,088 0,887 0,77 0,259 0,1 0,289 0,996 1,067 1,176 1,27 1,208 1,221 1,281 0,376 0,1 0,789 0,93 1,274 1,343 1,119 0,797 1,162 0,522 0,449 0,939 0,916 0,904 0,152 0,452 0,111 0,13 0,141 0,608 0,578 1,192 1,077 1,132 1,164 1,089 1,204 1,215 1,319 1,209 1,18 1,146 1,116 1 1,02 1,063 1,179 1,237 1,161 1,101 1,061 1,126 1,094
0,98 1,047 1,113 1,133 1,08 1,184 1,489 1,529 1,07 0,97 1,416 1,281 1,174 1,054 0,831 0,535 0,961 1,071 0,7 0,539 0,808 0,913 0,709 0,441 0,172 0,187 0,836 1,122 1,021 1,223 1,243 1,287 1,225 1,318 0,84 1,098 0,191 0,914 1,189 1,388 1,162 1,045 1,061 1,154 1,106 1,151 1,138 1,102 0,246 0,74 0,962 0,713 0,708 0,114 0,25 0,152 0,628 0,627 1,09 1,099 1,092 1,13 1,2 1,2 1,251 1,294 1,176 1,07 1,048 1,024 1,061 1,174 1,227 1,245 1,058 0,985 1,07 1,097
1,029 0,994 1,051 1,077 1,146 1,327 1,583 1,54 1,404 1,273 1,512 1,331 1,099 0,632 0,843 0,551 0,632 0,878 0,948 0,592 0,708 0,54 0,157 0,553 0,566 0,77 0,742 1,158 1,274 1,257 1,261 1,341 1,357 1,273 0,149 0,1 0,456 1,016 1,371 1,229 1,072 1,086 1,025 1,058 1,13 1,021 0,846 0,1 0,247 1,022 1,083 1,02 1,015 0,75 0,931 0,721 0,444 0,178 0,425 0,579 0,857 1,037 0,849 1,019 1,084 1,204 1,067 1,164 1,16 1,073 1,08 1,117 1,225 1,117 0,811 0,742 0,618 0,759
1,005 1,116 1,034 1,215 1,054 1,32 1,43 1,498 1,467 1,458 1,231 1,089 1,156 0,952 0,484 0,7 0,388 0,613 0,659 0,769 0,62 0,295 0,791 0,47 0,612 0,72 1,127 1,229 1,246 1,033 1,25 1,336 0,532 0,298 0,319 0,881 0,65 0,921 1,4 1,13 1,108 1,077 1,059 1,176 1,141 0,895 0,316 0,1 0,941 0,998 1,042 1,039 1,102 0,723 1,088 1,092 0,964 0,731 0,709 0,1 0,518 0,891 0,968 1,016 1,019 1,047 1,166 1,004 1,095 1,292 1,252 1,203 1,167 0,818 0,954 0,53 0,537 0,855
1,14 1,078 0,973 1,117 1,201 1,216 1,486 1,519 1,351 1,423 1,277 1,244 1,076 1,082 0,606 0,874 0,808 0,67 0,795 0,721 0,486 0,929 0,972 0,666 0,806 0,923 1,174 1,082 1,021 1,209 1,383 0,874 0,969 0,725 0,834 1,004 1,069 0,947 1,292 1,134 1,116 1,134 1,168 1,165 1,231 0,495 0,505 0,1 0,814 1,024 1,22 1,107 1 1,307 1,172 1,179 0,835 1,194 0,505 0,271 0,1 0,633 0,76 0,875 0,883 1,141 0,857 1,188 1,258 1,105 0,978 0,986 1,151 1,087 0,817 0,433 0,661 1,113
1,045 1,026 1,033 1,094 1,143 1,355 1,519 1,461 1,341 1,276 1,207 1,108 1,014 0,591 0,841 0,95 0,678 0,482 0,683 0,982 0,983 1,113 1,101 1,044 1,057 1,196 1,009 1,097 1,317 1,439 1,347 1,114 0,151 0,791 1,244 1,13 1,412 1,416 1,274 1,233 1,241 1,263 1,353 0,814 0,922 0,684 0,475 0,601 0,521 0,783 1,034 1,149 1,051 1,358 1,228 0,967 0,928 1,245 0,1 1,097 0,935 0,564 0,953 1,11 1,093 1,149 1,268 1,1 1,117 0,968 1,022 1,005 1,102 1,217 0,759 0,522 0,838 1,144
1,111 0,978 1,013 1,189 1,02 1,177 1,574 1,508 1,38 1,165 1,093 1,133 1,209 1,236 1,138 1,005 1,055 0,989 1,065 1,27 0,711 1,091 1,087 1,026 1,253 1,156 1,282 1,313 1,204 1,313 1,443 1,311 1,119 1,311 1,406 1,417 1,377 1,334 1,413 1,277 1,22 1,125 1,085 1,134 1,124 1,188 1,09 0,179 0,345 0,521 1,186 1,288 1,171 1,267 1,055 1,092 1,109 1,313 1,145 1,027 0,357 0,795 1,232 1,257 1,023 1,112 1,159 0,876 0,819 0,895 0,958 1,168 1,147 1,051 0,508 0,659 1,024 1,149
1,158 1,244 1,165 0,974 0,992 1,346 1,53 1,454 1,388 1,274 1,322 1,31 0,589 0,709 1,064 0,685 0,978 0,904 1,152 0,875 1,029 0,945 0,771 1,199 0,986 0,992 1,303 1,332 1,344 1,33 1,32 1,301 1,174 1,176 1,105 0,996 0,741 1,016 0,934 1,207 1,151 1,064 1,007 1,043 1,076 1,059 1,049 0,144 0,582 0,711 1,135 1,21 1,355 1,125 1,368 1,383 1,361 1,151 1,126 1,19 1,09 0,248 1,158 1,117 0,663 0,952 1,158 0,878 0,876 0,962 0,995 0,967 0,909 0,82 0,643 0,85 1,081 0,976
1,119 1,075 1,234 1,193 1,111 1,442 1,518 1,462 1,473 1,264 1,195 1,115 1,088 1,254 1 0,802 0,963 1,076 1,074 1,184 0,728 1,078 1,079 1,147 1,32 1,274 1,31 1,056 1,053 1,19 1,166 1,167 1,375 1,082 1,381 0,993 0,892 1,077 1,162 1,369 1,084 1,35 1,307 0,977 0,912 0,676 0,559 0,1 0,768 0,898 0,916 1,138 1,187 0,991 1,298 1,314 1,337 1,196 1,081 1,052 0,84 0,238 0,328 0,794 0,651 0,756 1 0,905 0,922 0,959 1,061 0,851 0,767 0,68 0,8 0,997 1,116 1,109
1,028 0,919 1,114 1,238 1,324 1,511 1,51 1,383 1,321 1,51 1,335 1,104 0,853 0,564 0,63 0,971 1,026 0,928 0,948 1,198 1,022 1,083 1,335 1,425 1,302 1,323 1,154 1,227 1,311 1,203 1,086 1,113 1,098 1,2 1,302 1,257 0,965 1,125 1,204 1,281 1,1 0,94 1,019 0,488 0,365 0,47 0,572 0,113 0,469 0,551 0,677 1,255 1,205 0,789 1,012 1,395 1,369 1,082 1,075 1,163 0,422 1,131 0,967 0,142 0,583 0,317 0,775 0,664 0,77 0,909 1,025 0,794 0,589 0,751 1,019 1,202 1,168 1,101
0,962 0,888 1,188 1,166 1,352 1,553 1,49 1,305 1,195 1,185 1,372 1,158 0,987 1,16 1,174 1,072 0,966 0,851 0,864 1,096 1,228 1,358 1,321 1,29 1,109 1,023 1,243 1,261 1,297 1,375 1,152 1,054 1,035 1,014 1,206 1,017 1,139 1,017 1,297 1,19 1,312 1,21 1,162 1,145 1,081 1,056 0,604 0,342 0,612 0,898 0,953 0,95 1,302 0,965 0,83 1,288 1,415 1,282 1,086 1,075 1,169 0,35 0,1 0,326 0,607 0,1 0,109 0,367 0,325 0,386 0,369 0,44 0,154 0,472 0,891 0,711 0,136 0,315
0,953 0,901 1,223 1,176 1,551 1,493 1,307 1,306 1,229 1,14 1,154 1,259 1,035 1,156 1,17 0,833 1,095 1,169 1,168 1,32 1,288 1,259 1,201 1,256 1,01 1,123 1,088 1,052 1,128 1,202 1,328 1,087 1,002 1 1,045 0,87 0,813 1,007 0,956 0,98 1,039 1,125 0,33 0,705 0,729 0,185 0,13 0,673 0,78 0,448 0,577 0,865 1,073 1,329 1,075 1,184 1,41 0,857 0,927 0,879 0,24 0,811 0,505 0,909 0,921 0,714 0,178 0,1 0,695 0,473 0,859 0,1 0,449 0,938 1,08 0,832 0,522 0,657
0,955 0,883 1,159 1,141 1,6 1,424 1,22 1,192 1,21 1,212 1,155 1,163 1,309 1,042 0,881 1,031 0,996 1,261 1,252 1,312 1,286 1,196 1,097 1,099 1,21 1,163 1,1 0,967 0,9 1,191 1,103 1,248 0,886 1,138 1,082 1,11 0,932 0,878 0,946 0,879 0,832 0,789 0,408 0,1 0,1 0,281 0,815 0,798 1,02 0,813 0,645 0,127 0,386 1,28 1,099 1,179 1,176 1,245 1,15 1,249 1,216 1,196 1,192 0,969 0,949 0,58 0,873 0,495 0,915 1,193 1,178 0,165 0,997 1,086 1,144 1,269 1,256 1,121
1,166 0,983 1,048 1,295 1,6 1,254 1,242 1,194 1,151 1,058 1,142 1,131 1,078 0,828 0,681 0,965 1,135 1,294 1,369 1,301 1,185 1,015 1,112 1,253 1,355 1,138 1,094 1,169 0,963 1,006 0,617 0,86 0,15 1,09 0,976 0,989 0,879 0,781 0,658 0,768 0,619 0,902 0,1 0,492 0,832 0,353 0,753 1 1,116 1,061 0,781 0,794 0,1 1,137 1,35 0,868 1,047 1,128 1,351 0,405 0,394 0,518 0,208 1,119 1,189 0,786 0,155 0,737 1,207 1,155 1,228 0,1 1,236 1,139 1,145 1,092 1,21 0,768
1,088 1,077 1,225 1,6 1,381 1,195 1,175 1,1 1,119 1,011 0,916 0,819 0,594 0,823 1,06 1,331 1,305 1,419 1,076 1,19 1,22 0,962 0,996 0,908 0,962 0,986 1,022 1,045 1,193 1,042 1,105 0,706 0,61 0,954 0,686 0,888 1,078 0,825 0,549 0,713 0,153 0,154 0,603 0,972 0,923 0,375 0,639 0,861 1,059 1,059 1,105 1,146 0,499 0,1 1,14 0,801 1,386 1,263 1,269 0,637 0,95 0,495 0,461 1,147 1,128 0,599 0,474 0,975 1,17 1,164 1,215 0,948 1,184 1,135 1,132 1,131 1,221 1,271
0,924 1,103 1,073 1,6 1,315 1,26 1,169 1,136 1,116 1,002 0,9 1,05 1,367 1,397 1,31 1,412 1,209 1,031 1,112 1,108 1,13 1,161 0,918 1,022 1,134 0,835 0,888 1,036 0,985 0,783 1,138 1,181 0,779 0,634 0,735 0,985 0,722 0,781 0,163 0,392 0,631 0,701 0,688 1,057 1,012 0,575 0,704 0,846 0,975 1,072 1,032 1,189 0,906 1,226 1,019 1,219 1,319 1,249 0,717 1,062 0,216 0,1 0,524 0,875 1,253 1,253 0,398 1,114 1,19 1,166 1,119 1,135 1,089 1,107 1,12 1,11 1,107 1,287
1,015 0,978 1,442 1,6 1,214 1,267 1,2 1,15 1,09 1 0,738 0,909 1,06 1,163 1,129 1,235 1,305 1,352 1,179 1,056 0,958 0,88 1,018 0,666 1,087 0,96 0,727 0,756 1,058 0,749 0,855 1,141 0,833 0,515 0,227 0,718 0,132 0,1 0,663 0,789 0,98 0,595 0,834 1,011 1,037 0,69 0,643 0,702 0,998 1,01 0,94 1,021 1,368 1,19 1,347 1,365 1,391 1,261 0,992 1,084 0,1 0,551 0,871 1,131 1,255 1,227 0,304 1,234 1,133 1,204 1,079 1,039 1,058 1,101 1,112 1,1 1,059 1,12
1,022 1,201 1,6 1,437 1,219 1,222 1,166 1,15 1,093 1,048 0,897 0,773 0,745 1,284 1,235 1,226 1,213 1,137 0,953 1,157 0,676 0,971 0,85 0,237 0,457 0,775 0,791 0,713 0,724 0,864 0,797 0,628 1,102 1,072 0,788 0,133 0,692 0,804 0,822 0,973 0,946 0,54 0,981 0,854 1,048 0,688 0,591 0,766 1,006 1,132 0,972 1,079 1,389 1,285 1,207 1,334 1,117 0,934 1,221 0,156 0,584 1,001 1,168 1,158 1,299 0,869 1,134 1,16 1,095 1,143 1,092 1,071 1,083 1,102 1,096 1,108 1,222 1,247
1,107 1,193 1,6 1,243 1,247 1,236 1,187 1,213 1,125 1,086 1,131 1,249 1,087 0,681 0,788 0,712 0,92 0,755 0,834 0,775 1,041 0,661 0,466 0,216 0,458 0,377 0,524 0,387 0,405 0,402 0,334 0,229 0,908 0,894 0,722 0,1 0,92 0,697 0,843 0,96 1,025 1,041 0,927 1,021 0,972 0,929 0,901 0,985 1,151 1,15 1,034 1,186 1,181 1,29 1,234 1,292 1,159 1,34 0,861 0,665 0,647 0,816 0,989 1,255 0,929 1,115 1,101 1,042 0,992 1,051 1,045 1,042 1,093 1,111 1,122 1,127 1,208 0,891
1,069 1,286 1,6 1,244 1,301 1,266 1,218 1,17 1,156 1,215 1,28 1,32 1,264 0,254 0,85 0,61 0,234 0,244 0,452 0,27 0,265 0,41 0,839 0,739 0,827 1,062 0,901 0,886 0,741 0,888 0,509 0,531 0,401 0,358 0,1 0,389 0,855 0,994 0,902 1,092 1,091 1,032 1,287 1,015 0,91 1,002 1,001 0,894 1,088 1,202 1,09 1,075 0,991 1,246 1,011 1,351 1,374 0,992 0,454 0,856 0,986 1,22 1,215 0,951 1,089 1,032 1 0,983 0,986 1,083 1,076 0,982 1,115 1,173 1,164 1,136 1,201 0,932
1,2 1,59 1,513 1,235 1,25 1,302 1,211 1,173 1,231 1,297 1,16 0,881 1,021 0,598 1,064 1,016 0,522 0,941 1,032 0,876 0,907 1,093 1,064 1,099 1,111 1,291 0,99 0,863 0,816 0,843 1,029 0,922 0,705 0,409 0,176 0,54 0,564 0,841 0,945 1,114 1,131 1,162 1,262 1,032 0,963 0,997 1,097 0,89 1,04 1,239 1,009 1,259 1,151 1,212 1,279 1,171 1,126 0,792 0,219 0,807 1,149 0,933 1,12 0,675 1,124 1,073 1,055 1,068 1,135 1,223 1,322 1,112 1,049 1,162 1,086 1,13 0,954 0,1
1,269 1,6 1,081 1,247 1,314 1,267 1,281 1,344 1,422 1,199 1,234 1,142 0,578 0,874 1,035 0,924 1,035 1,25 1,146 1,046 1,176 1,091 1,169 1,237 1,233 1,24 1,174 1,17 1,111 0,862 0,752 0,629 0,709 0,569 0,155 0,786 0,771 0,756 0,844 1,104 1,105 1,176 1,275 1,122 1,008 0,998 1,077 1,158 1,093 1,255 1,255 1,242 1,068 1,137 1,317 1,347 1,091 0,409 0,828 1,262 0,674 1,194 0,46 0,201 1,26 1,116 1,131 1,167 1,21 1,332 1,264 0,856 0,324 0,169 0,1 0,1 0,1 0,723
1,6 1,536 1,032 1,281 1,268 1,329 1,428 1,258 1,274 1,289 1,265 1,099 0,941 1,129 0,818 0,958 0,963 1,041 1,14 1,095 1,078 1,128 1,124 1,167 1,213 0,984 1,047 1,258 0,833 0,707 0,895 0,839 0,764 0,489 0,234 0,773 0,836 0,908 0,894 0,972 1,094 1,224 1,172 1,181 1,135 1,095 1,165 1,035 1,236 1,289 1,403 1,487 1,359 1,418 1,316 1,427 0,749 0,932 1,321 1,043 1,298 1,252 0,704 1,009 1,206 1,124 1,148 1,163 1,171 1,304 0,374 0,1 0,151 1,032 1,224 0,15 0,678 1,108
1,6 1,24 0,982 1,273 1,423 1,498 1,234 1,269 1,271 1,197 0,962 0,692 0,842 1,225 1,084 0,945 1,029 1,009 1,12 0,936 0,944 1,15 0,94 1,211 1,135 1,122 1,124 1,082 0,831 0,826 0,758 0,729 0,742 0,649 0,348 0,403 0,691 0,743 0,871 0,756 1,123 1,193 1,206 1,09 1,179 1,136 1,161 1,185 1,356 1,452 1,369 1,235 1,274 1,189 1,045 1,055 1,254 1,328 1,313 0,956 0,652 0,2 0,76 0,851 1,168 1,087 1,17 1,253 1,319 0,867 0,769 0,1 0,248 1,007 1,254 1,272 0,584 0,832
1,6 1,49 1,32 1,188 1,251 1,096 1,056 1,186 1,17 0,927 0,926 0,91 1,148 1,256 0,975 1,036 1,089 0,977 0,927 1,013 0,932 1,136 1,116 1,108 1,167 1,322 0,999 0,763 0,989 0,927 0,943 0,935 0,797 0,641 0,486 0,481 0,613 0,563 0,349 0,846 1,206 1,272 1,196 1,116 1,113 1,107 1,176 1,051 1,227 1,363 1,236 1,313 1,2 1,133 1,188 1,286 1,169 0,579 0,77 0,963 0,1 0,474 1,298 1,223 1,162 1,1 1,147 1,205 1,185 0,796 0,888 0,1 0,211 1,106 1,069 1,276 0,926 1,043
1,6 1,506 1,15 0,997 0,917 0,922 0,927 0,945 0,542 0,816 1,196 0,989 1,071 1,315 1,197 0,923 0,998 1,128 1,074 1,086 1,209 1,195 1,209 1,147 1,094 1,212 0,9 1,106 0,994 0,935 0,872 0,75 0,692 0,587 0,635 0,565 0,812 0,932 0,885 0,97 1,152 1,181 1,082 0,992 1,15 0,877 1,132 1,143 1,356 1,362 1,308 1,215 1,217 1,263 1,297 1,426 1,272 0,21 0,597 0,234 1,099 1,251 1,099 1,199 1,189 1,049 1,314 0,483 0,866 0,978 0,1 0,1 1,043 0,958 1,135 1,118 1,013 1,229
1,6 1,025 0,767 0,755 0,872 0,727 0,844 0,6 0,981 1,122 1,189 1,112 1,171 1,177 0,762 1,01 1,132 1,099 1,109 1,083 1,138 1,114 1,182 1,19 1,287 1,196 0,945 0,622 0,776 0,825 0,843 0,8 0,696 0,53 0,677 0,612 0,54 0,63 0,831 0,891 0,906 1,174 1,058 1,173 1,068 1,064 1,024 1,195 1,451 1,293 1,267 1,272 1,232 1,13 1,037 0,88 0,902 1,166 1,291 1,312 1,303 0,359 1,164 1,187 1,015 1,337 1,305 0,947 0,829 1,042 0,339 0,603 0,92 0,446 1,029 1,129 1,054 1,246
0,937 0,835 1,19 1,059 0,853 1,249 0,75 0,948 1,071 1,411 1,141 1,144 1,254 1,028 0,954 0,871 0,869 0,937 0,964 1,291 1,192 1,031 1,063 1,101 1,018 0,795 0,788 0,863 0,788 0,575 0,625 0,812 0,826 0,7 0,745 0,754 0,49 0,375 0,339 0,693 1,117 1,262 1,059 0,981 1,067 1,103 1,168 1,095 1,402 1,281 1,271 1,164 1,145 1,078 1,008 0,935 1,006 1,077 1,003 0,408 0,237 1,244 0,948 0,761 1,267 1,326 1,161 1,108 1,004 0,29 0,1 0,941 1,179 1,108 0,784 1,173 1,066 1,237
1,097 1,43 1,143 0,906 1,26 0,97 0,986 1,285 1,398 1,12 1,098 1,264 1,18 1,189 0,899 0,914 1,162 1,012 1,36 1,232 1,172 0,961 1,053 1,159 0,979 0,85 0,653 0,603 0,555 0,657 0,661 0,634 0,674 0,666 0,454 0,586 0,609 0,727 0,644 0,659 1,071 1,239 0,936 0,912 1,095 1,108 1,067 1,309 1,373 1,271 1,298 1,264 1,226 1,243 1,269 1,4 1,344 0,254 0,473 0,884 0,767 1,231 1,022 1,138 1,287 0,537 0,136 0,1 0,123 0,525 0,1 1,076 1,108 1,096 1,151 1,248 1,225 1,3
