data/rofental/srf_rofental_100.asc
ncols         322
nrows         225
xllcorner     622802,488
yllcorner     5178049,379
cellsize      100
NODATA_value  -9999
[rows 93 to 123 of 225, columns 210 to 279 of 322]
1,19275 1,15825 1,12725 1,1785 1,12425 1,11975 1,22475 1,1495 1,20825 1,24475 1,039 0,99 1,0925 1,0835 1,077 1,077 1,18875 1,234 1,3205 1,4325 1,274 1,35825 1,059 1,4405 1,1865 0,9695 1,088 1,05425 1,0095 1,209 0,90275 1,06825 0,972 0,99875 1,058 0,9835 0,8495 1,014 0,98575 0,9165 0,6745 0,906 0,34575 1,01975 0,372 0,662 0,983 0,95875 1,10775 1,15525 1,33125 1,2505 1,153 1,187 1,24975 1,1125 1,2105 1,20875 1,17525 1,199 1,0215 1,18675 1,108 1,034 0,8775 0,74825 0,6805 1,00525 0,956 0,929
1,1835 1,16475 1,11 1,28375 1,30475 1,331 1,26525 1,16 1,2875 1,11725 1,09475 1,209 1,0995 1,346 1,241 1,28325 1,41475 1,39625 1,41 1,3185 1,4875 1,102 0,757 1,51075 1,2785 1,193 1,0905 0,85225 0,98375 1,19025 1,109 1,05425 0,983 1,0135 1,08775 0,89225 0,89425 0,83625 0,98775 0,90275 0,88825 0,571 0,624 0,89025 0,517 0,664 0,928 0,70225 0,55475 0,94625 1,0455 1,17725 1,21325 1,0985 1,189 1,11225 0,979 0,97975 1,066 1,11825 1,1395 1,209 1,0095 0,94675 0,80125 0,42025 0,99 0,92475 0,959 0,93875
1,03025 1,272 1,1715 1,20225 1,3585 1,41575 1,278 1,1865 1,1425 1,18275 0,99125 1,0585 1,201 1,159 1,34975 1,36775 1,298 1,12225 1,40425 1,471 0,81225 0,979 1,08925 1,439 0,83675 1,11675 1,1635 0,893 1,063 1,1675 1,167 0,96775 1,0035 1,06925 1,07425 0,9785 0,86875 0,87425 1,03 1,07575 0,935 0,9195 0,5515 0,8225 0,6155 0,747 0,616 0,94775 0,356 0,95 1,16425 1,10225 1,26925 1,22925 1,1655 1,1405 1,28625 1,10325 1,09275 1,109 1,1385 1,144 0,7715 0,508 0,2395 0,63525 0,33925 0,952 0,99825 0,94925
1,357 1,401 1,4415 1,40775 1,30725 1,23725 1,38725 1,34625 1,1385 1,06775 1,19 1,44075 1,49025 1,3135 1,293 1,2965 1,3105 1,364 1,242 1,0545 1,4135 0,7405 0,96225 1,26225 0,86 1,19825 1,031 0,9145 1,07725 1,15025 1,126 1,1825 1,0945 0,963 1,14525 1,06225 0,94625 0,8495 0,97275 1,02925 1,00375 0,91625 0,82 0,54925 0,616 0,67025 0,26025 0,8315 0,7815 0,6405 1,11525 0,93275 0,86175 1,1465 1,27025 1,2185 1,222 1,00875 1,095 1,1245 1,21 1,00825 0,895 1,0145 1,14575 1,12375 0,97125 0,445 0,924 0,9827501
1,31425 1,35875 1,37275 1,25575 1,4845 1,48625 1,04975 1,21 1,299 1,329 1,30825 1,16775 1,0705 1,06575 1,132 1,2285 1,33625 1,409 1,12525 1,1395 0,9575 1,15525 0,813 1,20025 1,143 1,12125 1,12725 1,219 1,163 1,20725 1,05025 1,09825 1,1085 0,8965 1,153 1,007 0,94325 1,00075 0,89325 0,98775 1,0875 0,96025 0,81025 0,62325 0,39175 0,64225 0,425 0,4655 0,3035 0,7875 0,659 0,987 0,85925 1,019 1,03775 0,891 0,8745 0,88075 1,09875 1,09575 1,24575 0,9185 0,963 1,001 1,0325 1,05075 1,05175 0,86475 0,368 0,8505
1,4395 1,439 1,40125 1,222 1,15725 1,29025 1,33 1,4485 1,22775 1,31125 1,31825 1,4045 1,37725 1,33675 1,159 1,32425 1,34225 1,20875 1,114 1,2185 0,771 1,48925 0,96675 1,105 1,09375 1,133 1,188 1,15 1,06425 1,166 1,11875 1,10275 1,03025 0,9355 1,09825 1,02175 1,01725 0,94625 0,951 0,93675 1,08175 1,0045 0,7175 0,61275 0,771 0,56 0,672 0,40475 0,639 0,31175 0,60075 0,7375 0,834 0,9495 0,97375 0,93 1,05475 1,0195 0,96175 0,9695 1,19375 1,11175 1,071 1,11425 1,04775 1,0045 1,022 0,7695 0,378 0,6625
1,08625 1,2065 1,27825 1,2735 1,3695 1,438 1,234 1,24425 1,1295 1,332 1,3115 1,26925 1,2955 1,20525 1,20125 1,226 1,05625 0,93075 1,2065 1,2015 0,98475 0,9395 1,49725 0,85475 1,1345 1,04275 1,29475 1,115 1,16225 1,11675 1,11175 1,02875 1,05825 0,9485 1,08575 1,02475 0,9815 1,01525 0,8987499 0,99375 1,00575 1,069 1,04825 1,01075 1,1115 1,1555 1,054 1,11175 0,98725 0,64075 0,20175 0,7 0,77 0,8915 0,95725 0,88975 0,94325 0,991 0,965 0,97725 1,06775 1,057 0,814 0,8645 0,89175 0,93775 1,078 0,5405 0,82425 0,971
1,0815 1,27575 1,30275 1,30675 1,24275 1,05425 1,249 1,14 1,0495 1,01625 1,00125 0,86975 1,15675 1,27325 1,1165 1,1 1,016 1,0055 1,0855 0,85575 1,12175 0,9485 1,34025 1,06475 1,0725 1,07775 1,09025 1,01775 1,06375 1,169 1,08225 1,042 0,98625 0,8575 1,06225 0,972 0,93975 0,96675 1,09025 0,92025 0,94375 0,94175 1,0755 1,07875 1,0185 0,98675 1,02725 1,15625 0,9935 1,01625 0,9635 0,32075 0,47075 0,93775 1,00475 0,938 1,03875 1,146 1,0485 1,157 0,9955 1,07325 1,1405 1,01175 0,95925 1,032 0,71325 0,40925 0,90725 0,882
1,21125 0,9975 0,9945 1,105 0,946 1,0145 1,01225 1,04225 0,653 1,0025 1,18325 0,91425 1,05825 1,1105 1,067 0,9485 0,85125 0,9975 0,93125 0,90675 1,182 0,85525 1,38725 1,06925 1,09525 1,09 1,05175 1,0255 0,8095 0,9635 1,0375 0,8455 0,86825 0,96375 0,93125 0,89575 0,985 1,02525 1,06525 0,92275 0,9405 0,92 1,02725 0,93425 0,957 0,752 1,01825 1,02975 1,00725 1,06825 0,99325 0,821 0,3825 0,75475 0,9675 0,965 1,15725 0,987 0,98525 1,241 1,08025 1,17175 0,775 0,65925 0,99075 0,90625 0,492 0,891 1,1535 1,1885
1,18325 0,9865 1,03475 0,93675 0,96825 1,00625 1,0805 0,89225 0,98325 0,94225 1,0205 0,92175 1,09575 1,199 0,99325 0,7995 0,582 0,92525 0,95875 1,14825 1,095 0,9375 1,48475 0,939 1,12825 0,98925 0,99875 1,23075 1,293 1,03825 0,77925 0,9775 1,263 1,19475 1,10975 1,098 1,00775 1,04375 0,83875 1,0805 1,08825 1,023 1,0685 1,23375 1,14525 0,99 0,88775 0,90825 0,9725 0,8405 0,77375 0,7125 0,44925 0,511 0,65625 0,55275 0,8885 0,9105 0,9995 0,7055 0,993 0,9475 0,7175 0,339 0,927 0,70025 0,48725 0,9345 0,929 1,02075
1,0105 1,08225 1,022 1,02075 0,957 0,9435 0,953 1,04325 0,86275 0,901 0,91425 0,90675 0,873 1,0185 0,8685 0,6325 0,7675 0,89125 1,101 1,07175 1,07475 1,00425 1,36725 1,0705 1,1895 1,11675 0,9205 0,97725 0,8885 1,2245 1,436 1,19025 1,05 1,00775 1,06475 0,96025 1,077 0,92425 0,88475 1,002 1,0025 0,9635 1,126 1,1375 1,12425 1,0855 1,11825 0,91475 0,76925 0,72425 0,7335 0,72725 0,5075 0,3075 0,6585 0,4095 0,537 0,79925 0,92175 0,82625 0,808 1,039 0,596 0,27 0,419 0,44675 0,58675 0,41375 0,48275 0,80725
0,87575 0,97425 1,11625 1,0325 1,03775 1,0305 0,85425 1,06675 0,88425 0,90075 0,93 0,951 0,93975 0,91125 0,737 0,7165 0,931 0,8805 0,92775 1,1065 1,1805 0,8485 1,28925 1,21475 1,2785 1,22775 1,14275 1,09375 0,91625 0,897 0,91975 1,1005 1,0435 1,27175 1,1355 1,01125 1,081 0,975 0,95625 0,864 0,893 0,9015 1,0535 1,08875 1,02975 1,174 0,9935 0,8755 0,76225 0,78475 0,71325 0,673 0,64875 0,48525 0,55725 0,4145 0,74175 0,70275 0,82375 0,86125 0,66375 0,2335 0,7645 0,89775 0,5875 0,869 1,053 0,5335 0,683 0,47625
0,98275 0,97025 1,1045 0,95675 0,98825 0,87725 0,92175 0,98475 0,92225 0,86175 0,9135 0,8975 0,96125 0,79125 0,78075 0,848 0,834 0,8915 1,07 1,0785 1,169 0,97325 0,983 1,00675 1,355 1,354 1,13825 1,15275 0,91875 1,0265 0,96325 0,9325 0,93675 1,20125 1,26725 1,274 1,16575 1,03625 0,99325 1,03375 1,059 0,9 0,98125 0,918 0,96075 1,0515 1,058 0,9015 0,7915 0,7525 0,64975 0,86425 0,57675 0,45625 0,18725 0,28625 0,35825 0,2855 0,50225 0,45125 0,52025 1,043 0,8295 0,76325 0,715 1,08575 1,0285 0,693 0,9945 1,0205
0,93425 1,00075 1,03725 1,042 0,95425 0,95825 0,95175 0,94375 0,97775 0,92075 0,9175 0,904 0,882 0,76775 0,86975 0,858 0,7205 0,77775 0,95125 1,1725 1,1335 0,9555 1,135 1,236 1,26775 1,32 0,97075 0,8905 0,97525 1,07975 1,07225 0,85325 0,8235 0,8855 1,352 1,091 1,2335 1,331 1,217 1,132 1,08675 1,06775 0,98575 0,958 1,05175 1,01075 1,09425 0,74625 0,43625 0,659 0,80175 0,61 0,58925 0,79675 0,4825 0,814 0,892 0,56125 0,2925 0,69975 0,97775 1,09625 0,98575 0,97725 0,5085 1,12875 1,043 0,9335 0,76325 0,80975
1,0045 1,0045 0,98925 0,9605 0,9545 0,935 0,887 0,89925 0,92925 0,93525 0,8895 0,867 0,69575 0,6995 0,86975 0,89425 0,8845 0,84475 1,05425 1,11025 1,1275 0,898 1,0195 1,196 1,22075 1,3495 1,203 1,15025 1,032 1,075 1,022 0,93875 0,6945 0,77525 1,29725 1,282 0,97675 1,185 1,2725 1,27075 1,27075 1,188 0,98975 0,9892501 0,96325 1,0265 1,05725 1,01825 0,99025 0,844 0,751 0,42625 0,7075 0,76425 0,1845 0,844 0,70025 0,583 0,49825 0,37 1,071 1,128 1,06425 0,88575 0,52075 1,0425 1,07125 0,84075 0,935 1,062
1,01125 0,98675 1,015 0,9185 0,97775 0,9525 0,91675 0,87375 0,83575 0,892 0,741 0,66075 0,7395 0,86225 0,949 0,994 0,92525 0,92225 1,125 1,10525 1,128 0,94675 1,58825 1,07125 1,18125 0,959 1,182 1,1145 0,945 0,87325 1,00025 0,9515 0,959 0,702 0,94125 1,28825 1,193 1,27325 1,0775 1,10125 1,2225 1,32375 1,2715 1,115 1,191 1,02475 0,89825 0,95925 0,9115 0,776 0,45 0,447 0,59325 0,918 0,64375 0,6415 0,651 0,80575 0,89325 0,34825 1,063 1,1125 0,912 0,74925 0,733 0,96775 1,0345 0,901 0,9365 0,992
1,051 1,0375 0,97325 0,929 0,908 0,8905 0,83025 0,72725 0,6335 0,6585 0,622 0,762 0,787 0,92825 0,98475 0,98325 0,8765 0,8925 1,01275 1,23075 1,2055 1,15725 1,0055 1,357 1,21775 1,18575 1,22 0,99275 1,0715 0,92625 0,96125 0,96625 0,98375 0,73525 0,915 1,1385 1,1635 1,14125 1,1215 1,038 0,913 1,08 1,35225 1,245 1,189 1,23325 1,2165 1,0725 1,0415 1,12475 0,99 1,00325 0,8315 0,91925 1,04325 0,7715 1,015 1,0295 1,152 0,73375 0,86725 0,848 1,1375 0,6095 0,8745 1,05975 1,03275 0,9615 1,02875 0,948
0,9119999 0,782 0,80025 0,88925 0,763 0,78225 0,71275 0,89 0,831 0,8015 0,86975 0,815 0,76675 0,846 0,90825 0,959 1,07475 1,06275 1,057 1,15275 1,1785 1,1765 1,10475 1,2305 0,895 1,14675 1,29275 1,138 1,04225 1,09025 1,013 0,99625 0,9785 0,86275 0,99125 0,9465 1,0035 0,95575 0,90325 1,18475 1,15 0,925 1,23025 1,14875 1,14675 0,95075 0,84975 1,0275 1,22125 1,157 0,8710001 1,0325 1,00425 0,94825 0,99375 0,96725 1,25375 1,1075 0,93525 0,504 1,127 0,9325 0,902 0,7485 0,967 1,12975 0,8865 0,9515 1,04725 1,08875
0,74975 0,52275 0,9815 1,0295 0,57175 0,82425 0,9245 0,70625 0,821 0,8195 0,9355 0,9075 0,8955 0,92075 0,90975 0,81575 0,94725 1,03 1,0205 1,214 1,28525 1,18375 1,10975 1,4895 1,0375 1,0375 1,03675 1,18425 1,10025 1,11775 1,0175 1,019 0,98875 0,91125 1,0645 0,766 0,9585 0,5155 0,8805 1,09725 1,1335 1,26425 0,988 1,252 1,183 1,146 1,074 0,90675 1,0815 0,9335001 1,10425 1,12925 0,95775 1,06825 1,11975 0,99775 1,07925 0,90775 0,724 0,49025 1,016 1,04 0,94975 0,96325 0,857 1,12525 1,13125 1,09975 1,099 1,105
0,701 1,10925 1,062 0,72 0,4945 0,827 0,748 1,00475 0,887 0,92675 0,9715 0,85075 0,947 0,82475 0,94425 0,92375 1,032 0,975 1,01575 1,13 1,21725 1,21875 1,10525 1,41625 1,15475 1,097 1,069 1,139 1,09575 0,97475 1,09825 0,97075 0,95375 0,9155 1,0765 0,92875 0,9145 0,55075 0,815 0,851 0,981 0,92675 1,08125 1,23675 1,2635 1,23125 1,19225 1,017 1,1275 1,06925 0,9405 0,881 0,892 1,104 0,998 0,513 0,52075 0,512 0,34325 0,64775 1,035 1,00775 0,9115 0,84525 0,92175 0,882 1,01375 1,0605 1,11725 1,12625
0,9145 0,99325 0,92975 0,58875 0,623 0,88125 0,87175 1,00825 0,9275 0,9325 0,93125 0,93925 0,94025 0,763 0,908 0,9425 1,0695 1,02775 1,08075 1,18975 1,24475 1,234 1,19725 1,30775 1,05775 1,096 1,06075 1,0265 1,18125 1,0085 1,01875 1,0695 1,00475 0,934 0,96625 1,07 0,9565001 0,77225 0,491 0,5345 0,90275 0,72775 0,99275 1,12425 1,234 1,299 1,31975 1,22675 1,189 1,0915 1,2245 1,04 1,1385 1,2315 0,8755 0,6495 0,85475 0,6695 0,88375 0,39425 1,0775 1,06775 1,05575 0,6055 1,09525 0,98775 1,1685 1,1405 1,137 1,13775
1,0755 1,11475 0,7585 0,48175 0,7955 0,73975 0,92875 0,96575 0,88425 0,91875 0,78925 0,94975 0,90725 0,7625 0,884 0,97525 1,056 1,0265 1,16475 1,22275 1,19025 1,2745 1,03225 1,461 1,30375 1,042 0,95275 1,066 1,04675 1,0735 1,02625 1,01525 0,9855 1,0185 0,967 0,98275 0,891 0,679 0,30425 0,23325 0,36675 0,736 0,93175 1,04525 1,05 1,174 1,29325 1,32225 1,22075 1,15975 1,28275 1,347 1,247 1,204 1,1455 1,0755 0,82725 1,002 0,879 0,577 0,68875 1,03575 1,04925 0,778 0,43625 0,85525 0,93875 1,0835 1,12 1,044
0,98175 1,02525 0,95575 0,3835 0,91525 0,8615 0,698 0,9045 0,7935 1,00925 0,8465 0,919 0,873 0,88475 0,81125 0,94075 1,06075 1,11775 1,15225 1,22575 1,235 1,09225 1,27175 1,01375 1,1605 1,10775 1,0125 1,059 1,05425 1,12225 1,02925 1,01 0,867 0,95175 0,88525 0,91525 0,78975 0,89175 1,0665 0,7825 0,39875 0,601 0,90275 1,15875 0,7735 1,039 0,97575 1,05475 0,80075 0,864 1,05275 0,94825 0,863 1,2065 1,2 1,24375 1,12175 0,74525 0,9765 0,73125 0,34475 1,03925 1,12825 1,02375 0,4055 0,9565 0,92375 1,12625 1,0075 1,067
0,93575 0,9535 0,687 0,54775 0,926 0,99625 0,728 0,79425 0,80625 0,91575 0,96575 0,957 0,8675 0,92425 0,924 1,03825 0,957 1,1585 1,219 1,22225 1,159 1,0905 1,31975 1,15075 1,2005 1,16 1,05625 1,0735 1,01525 1,057 1,1 0,9995 1,0415 1,04675 1,122 0,973 0,92175 0,949 0,991 1,09775 0,88425 0,34675 0,762 1,1545 0,9285 0,905 1,0555 1,20575 1,006 1,0435 0,99425 1,04025 1,09675 0,97175 1,039 1,12175 1,2255 1,155 1,08 1,02975 0,444 1,12675 1,07725 0,9675 0,59875 0,98825 1,06425 1,23925 1,0365 1,095
0,61125 0,84025 0,47325 0,89 0,70625 0,77125 0,7995 0,72975 0,7415 0,849 1,04425 1,034 0,7885 0,90125 0,98425 1,02425 0,871 1,16275 1,21875 1,1235 1,17975 1,14775 1,24325 1,2845 1,096 1,0975 1,01775 1,0095 1,03175 0,9845 0,84775 1,07825 0,8675 0,83975 1,026 0,98375 0,8925 1,07 0,95425 0,9267499 1,0985 0,9185 0,8215 1,06575 0,957 0,51425 0,68575 1,09175 1,12475 1,0245 1,039 1,09075 1,05675 1,041 1,00325 1,05675 1,0795 1,042 1,27825 1,17825 0,59425 1,1065 0,957 0,97075 0,859 1,10325 1,09425 1,1405 1,1065 1,02575
0,36 0,569 0,52875 0,9675 0,8705 0,87375 0,8205 0,6835 0,80025 0,83375 1,0255 1,01425 0,8675 0,9025 0,966 0,88525 0,96475 1,19075 1,22525 1,134 1,122 1,10025 1,1525 1,3575 0,9809999 1,14 0,94325 1,00275 0,98 1,0665 0,95175 1,062 0,9095 0,95925 0,77275 1,02925 1,00575 1,1075 1,0325 0,89175 0,8105 0,753 0,71375 0,9975 0,75525 0,7795 0,59025 0,98675 1,13475 1,099 1,106 1,155 1,0765 1,047 1,11425 1,1305 1,0865 1,17825 1,01975 1,01425 0,473 1,13725 0,937 0,894 0,8815 0,85225 1,06275 1,156 1,1085 0,942
0,469 0,3555 0,71975 0,87625 0,87525 0,768 0,548 0,6065 0,73375 0,68125 0,97425 1,028 0,90175 0,939 0,86275 1,0225 1,05975 1,01725 1,1745 1,19175 1,1365 1,411 1,189 1,43225 1 1,08675 0,971 1,03025 0,99075 1,019 0,916 0,998 0,93725 0,931 0,94625 0,9125 1,16925 1,02425 0,981 0,7265 0,79325 0,77875 0,5915 0,6165 0,8255 0,79975 0,557 0,85425 1,06225 1,13525 1,22675 1,16325 1,186 1,13825 1,101 1,1175 1,1065 1,143 0,99375 0,89675 0,584 1,2335 1,03675 0,971 0,8785 0,90925 1,11525 0,96275 1,03525 1,105
0,31325 0,6635 0,7215 0,85675 0,74175 0,7505 0,8265 0,819 0,90825 0,823 0,971 0,99575 0,95075 0,90625 0,77375 0,93525 1,0415 1,18325 1,06575 1,126 1,29375 1,19975 1,035 0,96575 0,997 0,75275 0,773 0,97175 1,09 1,08625 0,98625 0,95525 1,11325 0,8905 0,87075 1,00725 0,93425 0,80975 0,65825 0,64425 0,78475 0,94475 0,81125 0,24725 0,75075 0,90125 0,6365 0,437 0,769 1,06075 0,96275 1,096 1,196 1,23325 1,14975 1,14575 1,128 1,05925 0,8695 0,749 0,5105 1,105 1,178 0,9035 0,973 0,9515 0,8745 0,78975 0,95175 0,98775
0,34125 0,5595 0,66375 0,809 0,78275 0,52675 0,82725 0,87525 0,91525 0,85525 0,9675 1,01425 0,7915 0,9225 0,86375 0,88675 1,05375 1,1505 1,111 1,413 0,992 1,2475 1,2565 0,82 0,9025 0,938 1,05825 1,052 0,9195 0,95175 0,82475 0,857 0,987 0,84725 0,63625 0,76875 0,85225 0,89875 0,5505 0,58175 0,6525 0,561 0,415 0,704 0,5255 0,33025 0,3025 0,3745 0,61525 1,034 1,016 0,81275 0,6525 0,56475 1,089 1,0405 1,03225 0,9825 0,9155 0,729 0,61625 0,8715 1,11125 1,1455 1,0985 0,89675 1,01625 0,98875 1,03625 0,99075
0,31975 0,4235 0,42175 0,7485 0,934 0,85975 0,80575 0,945 0,86625 0,90975 0,9745 1,05325 0,73075 0,9515 0,91025 0,7725 1,136 1,1685 1,29525 1,359 1,14475 1,19575 0,91325 1,2425 1,15425 1,284 1,36475 1,29 1,1945 1,0545 0,91675 0,78225 0,92375 1,00425 0,77875 0,96475 0,899 0,6625 0,82125 0,8605 0,793 0,8085 0,6205 0,93525 0,7825 0,65 0,6135 0,3895 0,3035 0,88025 1,00175 0,8855 0,75275 0,59025 0,61725 0,782 0,77175 0,78375 0,71125 0,38675 0,46975 0,55825 0,7485 0,54 0,98075 0,9975 1,02725 1,08425 0,96875 0,992
0,4135 0,48675 0,865 0,828 0,752 0,72375 0,963 0,88875 0,90075 0,96125 1,00375 0,953 0,8325 0,98975 0,89375 0,793 1,127 1,308 1,295 1,30575 1,21975 1,1595 0,9585 1,06925 0,9945 0,973 0,872 1,3965 1,1645 1,1215 1,2245 1,26275 1,21125 1,1805 1,09075 1,02275 0,962 0,784 0,93775 1,03025 0,962 0,87475 0,94975 0,96875 0,4315 0,9025 0,6365 0,69425 0,76575 0,507 0,70975 0,87675 0,905 0,86 0,53525 0,58825 0,57275 0,26425 0,359 0,77875 1,05075 1,085 0,83925 0,69925 0,7785 1,035 1,09825 1,0075 0,9535 1,077
