data/rofental/srf_rofental_50.asc
ncols         644
nrows         451
xllcorner     622802,488
yllcorner     5177999,379
cellsize      50
NODATA_value  -9999
[rows 170 to 203 of 451, columns 390 to 467 of 644]
1,277 1,308 1,424 1,351 1,295 1,201 1,222 1,203 1,024 1,191 1,31 1,393 1,02 0,958 0,825 0,899 1,07 1,115 1,131 1,141 1,105 1,096 0,99 1,009 0,855 1,163 1,188 1,227 1,166 1,076 1,465 1,102 1,063 1,008 1,123 1,151 1,081 1,081 0,994 0,86 0,951 1,133 1,091 1,053 1,096 1,199 1,11 1,152 1,131 1,023 1,034 1,082 1,081 1,146 1,088 1,235 1,424 0,602 0,898 0,886 1,104 1,163 1,132 1,106 1,102 1,182 1,097 0,976 0,92 1,196 1,316 1,208 1,372 1,428 1,48 1,452 1,412 1,239
1,094 1,008 1,137 1,352 1,258 1,227 1,244 1,218 1,129 1,173 1,237 1,467 1,334 1,152 1,094 0,729 0,972 0,962 1,067 1,039 1,032 1,034 0,786 1,012 0,97 0,829 0,954 1,088 1,13 1,127 1,269 1,108 0,998 1,145 1,316 0,953 1,134 1,118 1,093 0,999 0,973 1,131 1,138 1,154 1,107 1,057 1,063 1,181 1,093 1,087 1,153 1,181 1,189 1,248 1,229 1,424 0,724 0,764 1,03 1,033 1,112 1,217 1,202 1,146 1,214 1,291 1,241 1,056 1,219 1,158 1,136 1,331 1,271 1,121 1,458 1,482 1,344 1,352
1,121 1,207 1,006 1,198 1,47 1,136 1,137 1,399 1,148 1,134 1,148 1,167 1,452 1,074 1,117 0,726 0,898 0,893 0,96 1,056 0,988 1,012 0,954 1,178 1,12 1,055 0,814 1,143 1,247 1,154 1,15 1,46 0,905 1,249 1,385 0,957 0,926 1,069 1,015 0,988 1,08 1,055 1,018 1,063 1,022 1,027 1,207 1,096 1,054 1,052 1,099 1,156 1,059 1,097 1,1 0,836 0,796 1,062 1,251 1,123 1,23 1,188 1,162 1,097 1,224 1,298 1,282 1,117 1,322 1,139 1,319 1,307 0,976 1,203 1,273 1,459 1,315 1,482
0,766 1,351 1,098 1,16 1,375 1,441 1,256 1,047 1,327 1,262 1,158 1,272 1,336 1,174 1,091 0,774 0,914 1,07 1,107 1,126 1,173 1,193 1,099 1,217 1,21 1,083 0,722 0,988 1,085 1,16 1,044 1,19 1,314 1,048 1,285 1,128 1,053 0,881 1,063 1,097 1,003 1,081 1,086 1,056 1,107 1,1 1,112 1,128 1,122 1,084 1,037 1,014 0,969 1,282 1,146 1,112 1,155 1,097 1,181 1,059 1,073 0,969 1,021 1,394 1,299 1,191 1,298 0,86 1,294 1,119 1,089 1,206 1,049 1,176 1,205 1,545 1,344 1,311
0,893 1,094 1,043 1,129 0,88 1,282 1,449 1,128 1,082 1,349 1,203 1,315 1,451 1,125 1,09 0,726 1,072 1,139 1,232 1,151 1,171 1,156 1,134 1,078 0,939 1,078 0,622 0,797 0,761 0,865 0,99 1,075 0,807 1,465 1,435 0,782 1,334 0,875 0,982 1,021 1,133 1,041 0,999 1,122 1,077 1,09 1,163 1,074 1,041 1,038 1,02 1,063 1,097 1,094 1,096 1,076 1,255 1,027 1,076 0,889 1,085 0,887 1,125 1,324 1,227 1,142 1,276 1,128 1,058 1,025 1,166 1,152 1,131 1,127 1,247 1,397 1,43 1,319
0,992 1,047 1,108 0,857 0,963 1,038 1,325 1,452 0,964 1,159 1,334 1,276 1,451 1,048 1,112 0,834 0,8 0,969 1,009 0,956 0,904 0,887 0,842 1,139 0,971 0,977 0,976 0,961 0,918 0,918 1,078 1,15 0,996 0,915 1,462 0,941 1,339 0,654 0,838 1,021 1,094 1,057 1,138 1,138 1,15 1,077 1,059 0,974 1,021 1,007 0,986 1,057 1,044 1,104 1,155 1,269 1,062 0,929 0,972 0,792 1,21 0,821 1,184 1,16 1,207 1,23 1,262 1,251 1,106 1,183 1,163 1,232 1,246 1,013 1,397 1,416 1,368 1,308
1,072 1,072 1,172 1,264 1,162 0,969 0,845 1,211 1,463 1,349 1,249 1,247 1,235 1,296 1,173 0,999 0,796 0,887 0,92 1,002 1,022 1,012 0,981 1,059 1,007 1,082 1,164 1,21 1,195 1,177 1,038 1,183 0,946 1,456 0,603 1,387 1,298 0,706 0,904 1,025 1,012 1,064 1,099 1,08 1,056 1,007 1,051 1,061 1,049 1,064 1,143 1,03 1,061 1,156 1,267 1,076 0,831 0,911 0,785 1,283 1,175 1,09 1,288 0,929 1,199 1,137 0,981 0,938 0,976 0,917 1,208 1,267 1,135 1,009 1,545 1,431 1,355 1,412
1,115 1,197 1,153 1,056 1,138 1,1 0,97 1,212 1,055 0,799 0,911 1,137 1,493 1,464 1,174 1,109 0,936 0,997 1,051 1,072 1,004 1,021 0,973 1,054 1,103 1,158 1,188 1,16 1,108 1,206 0,83 1,005 0,968 1,446 0,805 1,453 1,169 0,616 0,878 0,986 1,117 1,152 1,059 1,062 1,001 0,93 1,034 1,096 1,084 1,063 0,952 1,354 1,023 1,07 1,234 1,176 0,868 0,868 1,174 1,246 1,165 1,222 1,029 1,061 0,95 1,23 1,3 1,091 1,056 0,836 1,261 1,24 1,138 1,471 1,5 1,324 1,404 1,407
1,109 1,019 0,872 0,816 0,845 0,889 0,759 1,3 1,149 0,809 1,126 1,28 1,143 1,429 0,858 1,024 0,871 1,003 1,074 1,092 1,027 1,012 1,023 1,321 1,208 1,195 1,13 1,193 1,3 1,237 1,007 1,043 0,899 1,449 0,774 1,457 0,768 0,799 1,018 1,013 1,047 1,075 1,022 1,077 1,027 0,927 1,084 1,054 1,01 1,043 0,925 1,343 1,166 1,02 1,044 1,032 0,934 1,091 1,164 1,277 0,935 0,947 1,119 1,064 1,345 1,268 1,209 1,155 1,052 0,902 1,233 1,153 1,409 1,592 1,301 1,334 1,221 1,6
0,745 0,717 0,901 0,996 1,063 1,084 0,794 1,307 1,084 1,037 1,009 1,114 1,024 1,492 1,112 1,32 1,027 0,991 1,106 0,983 1,003 1,231 1,08 1,253 1,177 1,212 1,14 1,156 1,116 1,11 1,163 1,164 1,258 1,23 0,67 1,461 1,134 0,734 1,001 1,048 1,038 1,036 1,046 1,093 1,045 1,042 1,132 1,036 1,043 0,905 0,861 1,023 1,254 1,05 1,233 1,026 1,102 1,118 1,206 1,121 0,924 1,155 1,034 1,2 1,17 1,221 1,213 1,21 1,194 1,115 1,32 1,341 1,522 1,42 1,218 1,288 1,6 1,08
0,904 0,992 1,045 0,855 0,935 1,031 1,038 0,923 1,033 1,093 1,027 1,308 1,101 1,012 1,189 1,364 1,069 0,89 0,993 1,086 1,215 1,229 1,272 1,398 1,319 1,216 1,133 1,163 1,229 1,209 1,165 1,146 0,826 1,475 0,495 1,445 0,825 0,849 1,046 1,013 1,042 1,025 1,044 1,059 1,029 0,995 1,135 1,019 0,974 0,838 0,872 1,052 1,345 1,18 1,264 1,056 1,149 1,015 1,014 1,014 1,081 1,043 1,01 1,278 1,194 1,234 1,174 1,121 1,065 1,162 1,278 1,373 1,514 1,381 1,369 1,6 1,11 1,349
1,141 1,052 0,935 0,978 1,006 1,006 0,974 0,989 1,083 1,056 1,156 1,122 1,177 1,192 1,397 1,452 0,586 0,942 1,032 1,086 1,164 1,184 1,16 1,33 1,263 1,247 1,236 1,173 1,238 1,115 1,318 1,121 0,774 1,496 0,94 1,027 1,273 0,82 0,995 1,048 1,048 0,974 1,019 1,057 1,046 0,937 1,159 0,972 0,947 0,973 1,09 1,318 0,824 1,394 1,199 0,757 1,026 0,998 1,261 0,931 0,881 1,118 1,449 1,048 1,269 1,138 1,274 1,218 1,444 1,308 1,456 1,401 1,392 1,431 1,34 1,402 1,163 1,356
1,205 1,041 0,96 1,02 0,918 1,095 1,126 1,129 1,152 1,071 1,112 1,22 1,292 1,342 0,947 1,54 0,658 1,004 0,961 0,974 1,036 1,011 1,116 1,315 1,206 1,212 1,267 1,195 1,141 1,098 1,179 1,223 0,922 1,129 1,483 0,845 1,428 1,005 1,053 1,051 1,035 1,117 1,067 1,076 0,986 0,834 1,255 0,94 0,961 1,023 1,055 1,073 1,132 1,191 1,196 0,798 1,003 1,005 1,167 1,006 1,079 1,278 1,218 1,232 1,154 1,24 1,347 1,11 1,215 1,206 1,415 1,418 1,475 1,361 1,6 1,357 1,372 1,413
1,069 0,919 0,867 1,097 1,131 1,022 1,102 1,144 1,156 1,144 1,117 1,244 1,125 1,181 1,187 1,459 0,937 1,179 1,164 1,125 1,181 1,187 0,993 1,106 1,052 1,002 1,162 1,252 1,107 1,161 1,202 1,298 1,065 1,156 1,33 0,948 1,091 1,07 1,11 1,114 1,117 1,104 1,152 0,859 0,924 1,121 1,313 1,023 0,938 1,142 1,138 1,127 1,095 1,075 1,158 1,014 0,931 0,924 1,311 1,117 1,223 1,251 1,289 1,249 1,2 1,262 1,16 1,36 1,214 1,337 1,399 1,355 1,407 1,597 1,332 1,456 1,246 1,424
1,034 0,863 0,629 1,248 1,08 1,116 1,18 1,246 1,214 1,168 1,049 1,176 1,094 1,099 1,159 1,253 1,558 1,038 1,212 1,075 1,108 1,101 1,15 1,307 1,193 1,257 1,209 1,243 1,249 1,055 1,176 1,192 1,12 0,86 1,507 1,049 1,212 1,209 1,329 1,346 1,21 1,322 1,284 1,191 1,255 1,209 1,427 1,224 1,159 1,123 0,999 1,106 1,078 0,965 1,194 0,983 1,221 1,216 1,214 1,204 1,066 1,17 1,232 1,182 1,162 1,169 1,301 1,259 1,335 1,271 1,484 1,556 1,6 1,375 1,374 1,411 1,253 1,508
0,761 0,668 1,09 1,014 1,196 1,2 1,187 1,21 1,256 1,204 1,061 1,253 1,319 1,28 1,172 1,11 1,412 1,303 1,192 1,272 1,215 1,291 1,216 1,308 1,35 1,182 1,09 1,047 1,177 1,027 1,289 1,142 1,3 0,993 1,083 1,197 1,165 0,856 1,162 1,285 1,121 1,15 1,32 1,252 1,157 1,087 1,181 1,269 1,271 1,136 0,989 1,098 1,045 0,979 1,412 1,018 1,032 1,288 1,135 0,907 1,093 1,126 0,979 1,265 1,114 1,169 1,252 1,386 1,325 1,379 1,482 1,326 1,503 1,237 1,463 1,436 1,455 1,527
1,188 1,173 1,251 1,221 1,211 1,166 1,184 1,243 1,164 1,276 1,164 1,301 1,329 1,193 1,039 1,179 1,087 1,575 1,148 1,057 1,246 1,268 1,165 1,245 1,294 1,26 1,268 1,221 1,25 1,291 1,309 1,161 1,109 1,223 0,878 1,545 1,045 1,134 0,948 1,234 1,099 1,174 1,289 1,199 1,117 1,202 1,2 1,029 1,329 1,311 0,985 0,968 0,984 0,999 0,964 1,137 1,039 1,085 1,336 0,896 1,031 1,042 1,061 1,299 1,254 1,236 1,053 1,44 1,488 1,6 1,093 1,282 1,519 1,205 1,104 1,318 1,443 1,576
1,177 1,166 1,179 1,231 1,192 1,179 1,177 1,228 1,17 1,257 1,144 1,394 1,333 1,409 1,179 1,195 1,283 1,28 1,31 1,275 1,274 1,322 1,075 1,241 1,143 1,278 1,18 1,289 1,39 1,253 1,242 1,059 1,138 1,163 0,972 1,114 1,276 1,259 1,32 0,995 0,981 1,225 1,214 1,197 1,148 1,131 1,334 1,27 1,112 1,227 1,081 1,122 1,005 0,972 0,994 1,275 1,073 1,137 1,184 0,892 1,159 1,076 1,129 1,266 1,211 1,235 1,189 1,6 1,39 1,252 1,232 1,489 1,537 1,172 0,832 0,982 1,346 1,397
1,09 1,177 1,128 1,209 1,191 1,206 1,217 1,242 1,081 1,341 1,24 1,183 1,316 1,347 1,336 1,268 1,281 1,292 1,483 1,151 1,305 1,331 0,963 1,578 1,454 1,422 1,096 1,424 1,377 1,307 1,241 1,289 1,181 1,208 1,127 1,071 1,559 1,134 1,384 1,388 1,414 1,257 1,372 1,22 1,08 1 1,342 1,297 1,036 1,173 1,118 1,16 1,218 1,418 1,193 0,942 1,477 1,116 1,165 1,127 1,226 1,192 1,39 1,271 1,238 1,403 1,295 1,6 1,483 1,178 1,436 1,595 1,371 1,082 0,854 0,697 1,583 1,543
1,149 1,197 1,138 1,091 1,214 1,2 1,167 1,198 1,319 1,263 1,261 1,447 1,119 1,077 1,355 1,201 1,319 1,25 1,379 1,568 1,162 1,376 1,269 1,353 1,426 1,5 1,214 1,293 1,298 1,509 1,167 1,037 1,14 1,13 1,135 1,107 0,872 1,57 1,209 1,238 1,317 1,336 1,349 1,12 1,378 1,182 1,349 1,162 1,039 1,221 1,088 1,013 0,988 1,212 1,068 1,195 1,383 1,408 1,373 1,299 1,39 1,325 1,47 1,528 1,484 1,46 1,166 1,579 1,535 1,078 1,559 1,36 0,916 1,039 0,662 0,815 1,582 1,335
1,25 1,165 1,189 1,222 1,218 1,142 1,144 1,343 1,377 1,425 1,144 1,442 1,4 1,192 1,295 1,39 1,124 1,162 0,99 1,32 1,212 1,174 1,214 1,246 1,143 1,159 1,479 1,336 1,134 1,357 0,917 1,079 1,164 1,236 1,122 1,356 1,161 1,127 1,31 1,294 1,386 1,534 1,361 1,227 1,309 1,242 1,259 1,028 0,821 1,397 0,874 1,131 0,979 1,212 1,312 1,198 1,229 1,259 1,387 1,434 1,367 1,427 1,393 1,365 1,304 1,045 1,446 1,345 1,392 1,586 0,991 1,253 1,022 1,071 0,757 1,233 1,555 1,31
1,238 1,238 1,166 1,218 1,163 1,03 1,333 1,299 1,163 1,275 1,326 1,474 1,41 1,453 1,288 1,256 0,951 1,116 1,335 1,38 1,321 0,926 1,284 1,337 1,398 1,268 1,373 1,42 0,812 1,259 0,965 1,16 1,384 1,304 0,936 1,272 1,136 1,385 1,573 1,257 1,383 1,36 1,399 1,125 1,259 0,936 1,066 1,217 0,913 1,6 1,38 0,58 0,894 1,149 1,301 0,993 1,233 0,915 1,253 1,325 1,323 1,354 1,268 1,166 1,351 0,789 1,6 1,226 1,306 1,6 0,456 0,549 0,812 1,011 1,058 1,309 1,489 1,402
1,169 1,087 1,208 1,131 1,03 1,167 1,387 1,33 1,395 1,215 1,202 1,227 1,164 1,274 1,449 1,488 1,48 1,324 1,112 0,849 1,249 1,037 1,035 1,116 1,087 1,306 1,404 1,56 0,95 1,6 1,18 1,293 1,406 1,416 1,311 1,477 1,383 1,473 1,407 1,159 1,268 1,274 1,419 1,6 1,6 1,6 1,6 1,6 1,6 1,6 1,6 1,6 1,6 0,963 1,323 1,438 0,951 1,103 0,938 1,034 1,008 1,177 1,081 1,6 1,197 1,6 1,346 1,253 0,981 1,287 1,6 0,915 0,327 0,791 1,391 0,707 1,388 1,3
1,169 1,21 1,171 1,347 1,34 1,426 1,362 1,372 1,256 1,326 1,045 1,054 1,163 0,932 1,014 1,067 1,345 1,279 1,422 1,392 1,38 1,6 0,886 1,001 1,223 1,432 1,447 1,383 1,053 1,176 1,509 1,446 1,445 1,337 1,404 1,574 1,346 1,429 1,432 1,231 1,12 1,287 1,6 0,93 1,165 1,02 0,757 0,597 0,575 0,496 0,62 0,94 1,6 1,6 1,6 1,6 1,6 1,6 1,6 1,6 1,6 1,401 1,6 0,961 1,215 1,444 1,278 1,091 1,15 0,8 1,539 1,6 1,093 0,751 0,978 0,773 1,366 0,995
1,143 1,11 1,127 1,028 1,13 1,239 1,358 1,352 1,32 1,181 1,211 0,952 1,347 1,217 1,165 1,267 1,329 1,426 1,433 1,181 1,19 1,447 1,407 1,249 1,112 1,337 1,409 1,357 1,465 1,383 1,405 1,328 1,423 1,452 1,449 1,399 1,235 0,99 1,341 1,6 1,496 1,6 0,804 1,051 0,898 1,234 1,139 1,222 1,22 1,227 1,285 1,185 0,988 0,93 0,942 0,877 0,825 0,876 0,833 0,979 1,225 1,185 1,19 1,323 1,426 1,476 1,334 1,027 1,149 1,126 0,345 1,6 1,6 0,555 0,865 0,935 1,349 1,161
0,943 1,147 1,059 1,212 1,241 1,105 1,208 1,222 1,328 1,183 0,97 1,216 1,221 1,307 1,234 1,16 1,108 1,131 1,201 1,383 1,414 1,427 1,6 1,491 1,584 1,48 1,377 1,349 1,357 1,436 1,309 1,215 1,278 1,282 1,187 1,456 1,198 1,6 1,42 1,577 1,287 1,562 1,135 1,209 1,357 1,351 1,416 1,419 1,47 1,399 1,353 1,41 1,372 1,381 1,188 1,275 1,233 1,329 1,354 1,362 1,285 1,219 1,336 1,496 1,324 1,41 1,068 1,072 1,21 1,073 0,542 1,343 1,6 0,866 0,482 0,97 1,22 1,071
0,638 0,997 1,096 1,258 1,297 1,088 1,166 0,969 1,119 1,418 1,065 1,304 1,182 1,114 1,104 0,873 1,105 1,228 1,255 1,234 1,18 1,304 1,44 1,107 1,405 1,406 1,347 1,308 1,313 1,291 1,308 1,25 1,398 1,212 1,6 1,442 1,527 0,934 1,035 1,143 1,189 1,292 1,283 1,376 1,497 1,553 1,161 1,2 1,269 1,302 1,326 1,352 1,393 1,44 1,419 1,32 1,348 1,346 1,095 1,266 1,253 1,406 1,486 1,318 1,208 1,274 1,063 1,187 1,24 1,112 0,929 0,619 1,6 1,6 0,722 0,751 0,931 1,154
0,985 1,155 1,135 1,258 1,182 1,291 1,355 1,276 1,179 1,346 1,084 1,325 1,273 0,821 0,983 1,431 1,334 1,207 1,314 1,348 1,471 1,314 1,229 1,464 1,127 1,26 1,196 1,425 1,495 1,482 1,6 1,6 1,546 1,6 1,463 1,1 1,208 1,219 1,241 1,21 1,323 1,357 1,24 1,421 1,323 1,421 1,314 1,236 1,299 1,375 1,267 1,328 1,459 1,326 1,494 1,276 1,418 1,235 1,099 1,176 1,356 1,282 1,34 1,225 1,203 1,15 1,048 1,158 1,254 1,268 0,859 0,677 1,157 1,6 1,045 1,349 1,114 1,221
1,278 1,242 0,979 1,159 1,229 1,176 1,199 1,081 1,088 0,983 1,393 1,355 1,376 1,272 1,337 1,419 1,412 1,435 1,325 1,377 1,195 1,178 1,053 1,125 1,399 1,6 1,6 1,508 1,6 1,367 1,242 1,119 1,282 1,235 1,441 1,189 1,239 1,283 1,282 1,413 1,524 1,479 1,194 1,248 1,161 1,425 1,338 0,882 1,206 1,346 1,175 1,34 1,298 1,29 1,33 1,264 1,211 1,161 1,153 1,271 1,253 1,268 1,172 1,171 1,044 1,045 1,027 1,212 1,326 1,159 1,016 0,95 0,511 1,6 1,6 1,466 0,565 1,03
1,597 1,139 0,838 1,138 1,228 1,184 1,133 1,088 0,913 1,25 1,229 1,276 1,353 1,461 1,271 1,366 1,399 1,414 1,174 1,368 1,418 1,6 1,6 1,6 1,6 1,323 1,14 1,324 0,838 1,128 0,883 1,101 1,233 1,076 1,374 1,109 1,267 1,305 1,286 1,497 1,303 1,446 1,377 1,117 1,17 1,221 1,074 1,224 1,364 1,412 1,261 1,47 1,375 1,114 1,31 1,278 1,267 1,182 1,162 1,219 1,128 1,255 0,883 0,999 0,832 0,802 1,233 1,354 1,271 1,05 0,94 1,033 0,537 1,11 1,6 1,323 0,85 0,974
1,315 1,567 1,016 1,029 1,042 1,225 1,048 0,936 0,981 1,309 1,342 1,326 1,195 1,458 1,347 1,309 1,193 1,159 1,6 1,508 1,423 1,357 1,081 1,115 1,193 1,392 1,158 1,046 0,842 0,714 0,911 0,968 1,168 1,366 1,445 1,09 1,26 1,322 1,302 1,39 1,267 1,023 1,001 1,265 1,114 1,424 1,116 1,168 0,981 1,103 1,068 0,96 0,373 0,77 1,181 1,242 1,31 1,186 1,106 1,169 1,058 1,203 1,056 1,023 0,842 1,186 1,3 1,184 0,967 0,675 1,098 1,148 0,7 1,058 1,6 1,466 1,238 1,082
0,998 1,559 1,157 0,782 1,06 1,312 1,11 1,304 1,41 1,303 1,437 1,436 1,236 1,347 1,284 1,202 1,268 1,6 0,88 1,219 1,404 1,307 1,299 1,251 1,428 0,897 0,643 0,777 0,825 1,095 1,318 1,129 1,118 1,451 1,285 1,391 1,253 1,392 1,304 0,975 0,792 1,135 1,319 1,411 1,179 0,843 0,838 1,076 0,975 1,006 1,148 0,829 1,004 1,332 1,039 1,165 1,366 1,231 1,053 1,138 0,953 1,186 0,982 1,003 0,937 1,057 1,084 0,774 0,917 0,864 1,25 0,991 0,835 1,201 1,6 0,695 0,993 0,946
0,941 1,105 1,595 0,638 1,031 1,056 1,473 1,261 1,336 1,421 1,452 1,469 1,337 1,253 1,179 1,017 1,328 1,214 1,308 1,343 1,241 1,161 1,262 0,918 1,051 1,096 0,736 1,009 1,051 0,945 1,228 1,223 0,69 1,37 0,99 1,018 1,388 0,798 1,23 0,713 1,106 1,055 0,911 1,052 0,914 0,967 0,581 0,695 1,251 0,674 1,154 1,14 1,109 0,668 1,011 1,046 0,757 1,338 1,017 1,097 1,029 1 0,636 0,994 1,016 1,081 1,136 0,807 0,912 0,998 1,287 1,145 1,001 0,397 1,6 1,51 0,614 0,921
1,356 0,827 1,351 1,496 0,695 0,954 0,862 1,246 1,431 1,427 1,289 1,421 1,387 1,178 1,6 1,6 1,6 0,901 1,237 1,183 1,117 1,026 1,161 1,142 1,204 1,071 0,874 1,083 1,071 0,998 1,124 1,27 0,766 1,164 0,812 1,158 1,166 1,068 0,917 0,924 0,972 0,925 0,911 1,175 1,228 1,06 0,429 0,907 1,16 0,925 1,184 1,255 0,904 0,976 1,221 0,955 1,04 1,307 1,035 1,119 1,011 0,754 0,813 0,962 0,847 1,046 0,907 0,875 0,644 1,073 1,289 1,007 0,97 1,053 1,6 0,839 1,52 1,222
