data/rofental/srf_rofental_50.asc
ncols         644
nrows         451
xllcorner     622802,488
yllcorner     5177999,379
cellsize      50
NODATA_value  -9999
[rows 34 to 67 of 451, columns 390 to 467 of 644]
1,058 1,222 1,085 1,087 1,104 1,191 1,141 0,884 0,963 0,894 1,046 1,151 0,996 1,049 0,827 0,851 1,08 1,26 0,812 0,54 0,715 0,972 0,82 0,928 0,97 1,159 0,658 0,709 0,718 0,717 0,468 0,802 0,739 0,833 0,736 0,616 0,789 0,712 0,864 0,886 1,156 1,297 1,226 1,29 1,279 1,235 1,251 1,174 1,21 1,183 1,193 1,372 1,216 0,777 1,531 1,491 1,366 1,152 1,286 0,455 1,14 0,1 1,121 0,1 0,205 1,055 1,03 0,913 0,913 0,944 0,965 0,944 1,245 0,865 1,258 0,909 0,995 1,218
1,086 1,212 1,05 1,064 1,098 1,17 1,242 1,25 1,245 1,157 1,174 1,129 1,182 1,074 1,018 1,047 1,189 0,917 1,276 1,121 0,759 0,629 0,466 0,82 0,831 1,244 0,724 0,772 0,661 0,6 0,644 0,733 0,82 1,023 1,095 0,702 0,596 0,547 0,484 0,977 1,498 1,175 1,304 1,244 1,297 1,265 1,243 1,251 1,172 1,22 1,265 1,328 1,125 1,064 1,531 1,377 1,391 0,928 1,142 0,366 0,825 0,256 1,115 0,156 0,332 1,078 0,95 0,949 0,938 0,914 1,127 1,013 0,922 0,864 0,918 0,896 1,056 1,285
1,246 1,08 1,062 1,056 0,973 1,045 1,15 1,128 1,225 1,245 1,219 1,177 1,152 1,186 1,236 1,128 1,162 1,187 1,226 1,171 1,28 1,2 0,683 0,795 1,282 1,234 1,237 0,917 0,728 0,988 0,849 0,944 0,832 0,772 0,629 1,03 0,828 1,064 1,121 1,456 1,421 1,103 1,265 1,227 1,276 1,274 1,279 1,22 1,238 1,264 1,367 1,3 1,076 1,216 1,4 1,205 0,944 0,1 0,995 0,1 0,56 1,077 1,039 0,1 0,388 0,842 0,713 0,996 0,951 0,837 1,002 1,066 0,879 1,239 0,858 1,024 1,196 1,281
1,094 1,134 1,104 1,046 1,018 1,032 1,075 1,163 0,946 1,239 1,136 1,273 1,119 1,12 1,088 1,094 1,071 1,11 1,166 0,557 0,713 1,163 1,277 0,892 0,813 0,809 1,275 0,951 0,745 0,886 0,962 0,773 0,619 0,736 0,639 0,911 0,969 1,209 1,482 1,514 1,051 1,324 1,262 1,234 1,276 1,318 1,289 1,244 1,242 1,277 1,437 1,134 1,159 1,374 1,352 1,168 1,051 0,827 0,417 0,517 0,1 1,004 0,838 0,1 0,489 0,693 0,822 0,891 0,81 0,854 0,881 1,155 0,987 0,99 1,017 1,153 1,274 1,237
1,103 1,037 1,074 1,03 1,048 0,989 1,072 1,059 1,137 1,098 0,978 1,03 1,174 1,174 1,224 1,184 1,062 1,094 1,117 0,955 0,38 0,54 0,763 1,273 1,036 0,701 1,266 1,036 0,985 0,853 0,821 0,727 0,642 0,924 0,781 1,051 1,339 1,178 1,468 1,241 1,353 1,275 1,268 1,261 1,302 1,333 1,308 1,242 1,233 1,335 1,439 1,006 1,421 1,247 1,255 1,269 1,25 0,815 0,674 0,775 0,499 0,314 0,999 0,363 0,694 0,717 0,921 0,906 0,936 0,807 0,858 1,014 1,018 0,984 1,021 1,267 0,915 0,467
1,091 1,073 1,078 1,08 1,048 0,965 0,988 1,01 0,984 1,199 0,905 0,734 0,852 1,097 1,206 1,05 1,096 1,061 1,172 0,773 0,848 0,698 0,742 0,654 1,146 1,014 0,845 0,68 0,85 0,858 0,962 1,101 0,774 0,809 0,771 0,895 1,024 1,222 1,451 1,217 1,298 1,308 1,318 1,266 1,313 1,32 1,311 1,256 1,245 1,338 1,422 1,153 1,455 1,047 1,083 1,004 0,738 0,794 0,794 0,574 0,777 0,486 0,569 0,656 0,784 0,787 0,931 0,995 1,012 0,761 0,715 0,984 0,984 0,919 1,095 1,263 0,309 0,688
1,102 1,109 1,098 1,043 1,045 1,044 1,014 1,004 0,957 1,089 1,287 1,133 0,877 1,245 1,22 1,242 1,117 0,91 1,224 1,316 0,971 1,169 0,776 1,143 0,459 1,329 1,352 1,06 1,09 1,068 1,125 0,899 0,709 0,997 1,148 0,97 1,061 1,395 1,156 1,153 1,3 1,32 1,31 1,272 1,33 1,343 1,291 1,256 1,257 1,325 1,383 1,251 1,46 1,434 0,622 1,096 1,09 0,705 0,61 0,736 0,402 0,1 0,224 0,833 0,829 0,827 0,996 1,131 0,673 0,927 0,749 0,906 1,037 0,941 1,068 1,255 0,468 0,449
1,124 1,085 1,083 1,061 1,034 1,044 1,026 1,055 1,18 0,76 0,901 1,052 0,986 0,918 1,042 1,226 1,166 1,021 0,966 1,073 1,353 1,128 0,703 0,972 1,066 1,204 1,294 1,418 1,298 0,998 0,959 1,018 0,855 0,98 0,764 1,131 1,47 1,175 1,15 1,144 1,125 1,23 1,269 1,269 1,304 1,297 1,291 1,253 1,234 1,295 1,396 1,344 1,485 1,202 0,1 1,206 1,221 1,081 0,571 0,89 0,974 0,686 0,348 0,847 0,859 0,909 1,007 0,139 0,335 1,01 0,959 1,006 1,049 0,997 1,104 1,253 0,775 0,616
1,019 1,04 1,053 1,042 0,987 0,975 0,99 1,002 1,002 1,1 1,01 1,119 0,666 0,728 0,911 0,928 1,043 1,136 1,238 0,994 1,009 1,222 1,2 0,989 0,944 1,149 1,171 1,073 1,18 1,051 1,155 1,249 0,984 0,863 1,254 1,25 1,274 1,093 1,247 1,223 1,195 1,248 1,215 1,22 1,285 1,25 1,256 1,234 1,236 1,287 1,504 1,243 1,256 1,115 0,1 0,651 1,033 0,378 0,62 0,708 0,41 0,642 0,581 0,74 0,818 0,958 0,707 0,1 1,158 0,894 0,879 0,989 1 0,995 1,167 1,243 0,611 0,341
1,023 1,027 1,046 1,03 1,023 0,998 1,003 1,025 0,975 1,007 1,137 1,016 1,026 0,763 0,432 0,772 0,868 0,749 1 1,322 1,178 0,934 0,885 1,05 0,914 0,852 1,059 1,054 1,229 1,334 1,281 1,35 1,332 1,311 1,463 1,184 1,033 1,266 1,229 1,252 1,269 1,307 1,212 1,212 1,279 1,248 1,245 1,244 1,253 1,303 1,537 1,435 0,839 1,187 1,117 0,833 0,777 0,569 0,739 0,723 0,679 0,583 0,644 0,686 0,766 0,838 0,508 1,113 1,043 0,967 0,937 0,982 1,014 0,988 1,172 1,24 0,71 0,1
1,014 1,016 1,022 1 1,014 0,997 0,944 0,958 0,97 0,976 0,893 1,21 1,327 1,136 1,161 0,576 0,645 1,063 0,923 1,07 1,365 1,377 1,344 1,152 1,276 1,275 1,388 1,334 1,323 1,298 1,3 1,26 1,212 1,416 1,437 1,094 1,092 1,24 1,212 1,223 1,297 1,285 1,218 1,224 1,275 1,27 1,253 1,261 1,287 1,401 1,52 0,633 0,118 1,078 0,305 1,024 1,085 1,068 0,804 0,726 0,699 0,385 0,505 0,764 0,659 0,709 0,541 1,021 0,953 0,976 0,919 0,925 1,007 1,031 1,237 1,217 0,418 0,254
1,009 1,007 0,988 0,967 1,024 0,993 0,949 0,979 1,046 1,103 0,83 1,213 1,361 1,403 1,104 1,321 0,636 0,773 1,307 0,742 1,282 1,43 1,355 1,356 1,286 1,221 1,158 1,201 1,24 1,175 1,238 1,129 1,135 1,376 1,428 1,217 1,432 1,239 1,221 1,194 1,197 1,23 1,188 1,204 1,235 1,29 1,265 1,259 1,357 1,482 0,268 0,1 0,232 0,17 0,1 0,239 0,943 0,437 0,363 0,407 0,552 0,47 0,388 0,594 0,357 0,46 0,753 1,04 0,915 0,947 0,981 1,143 1,091 1,055 1,239 0,94 0,3 0,856
1,033 1,016 1,052 0,951 0,935 0,969 0,97 1,013 1,171 1,058 1,128 1,074 1,355 1,313 1,211 1,082 1,125 1,212 1,282 1,349 1,353 1,256 1,137 0,916 0,965 1,198 1,148 1,117 0,951 0,953 1,126 1,217 1,132 1,529 1,141 1,148 1,275 1,241 1,207 1,215 1,205 1,248 1,175 1,197 1,23 1,292 1,297 1,267 1,439 1,259 1,044 0,671 0,962 0,888 0,617 0,449 0,607 0,375 0,521 0,63 0,441 0,155 0,266 0,404 0,354 0,234 0,836 1,014 1,099 1,171 1,035 1,187 1,126 1,082 1,027 0,381 0,5 1,017
1,066 1,058 1,01 0,92 0,969 0,928 1,066 0,904 0,958 1,02 1,205 1,012 1,177 1,326 1,347 1,182 1,172 1,242 1,176 1,144 1,181 1,149 1,25 1,377 1,337 1,223 1,179 1,134 1,2 1,206 1,188 1,331 1,465 1,546 1,074 1,045 1,254 1,212 1,199 1,211 1,243 1,255 1,183 1,193 1,224 1,309 1,308 1,28 1,444 1,099 0,956 1,071 1,026 0,608 0,878 1,009 0,907 0,738 0,672 0,701 0,381 0,744 0,1 0,488 0,177 0,1 0,1 0,985 0,791 0,953 0,411 0,726 0,981 1,219 0,301 0,138 0,71 1,067
1,096 1,076 1,044 0,955 0,929 1,012 0,796 0,804 0,709 1,004 0,983 0,911 0,973 0,913 1,016 1,159 1,268 1,267 1,302 1,288 1,256 1,26 1,215 1,068 1,243 1,279 1,276 1,284 1,118 1,134 1,128 1,368 1,086 0,847 1,3 1,03 1,288 1,245 1,212 1,232 1,243 1,231 1,209 1,213 1,218 1,34 1,345 1,295 1,448 1,184 1,286 0,791 0,401 0,593 0,839 1,074 0,913 1,008 0,705 0,703 0,862 0,51 0,188 0,898 0,923 0,536 0,232 0,1 0,286 0,307 0,1 0,95 0,943 1,058 0,788 0,211 0,963 1,07
1,058 1,033 1,032 1,002 0,983 0,881 0,895 0,726 0,99 1,327 0,992 0,761 0,709 0,859 0,886 0,978 1,011 1,08 1,07 1,014 1,172 1,099 1,06 1,231 1,263 1,285 1,194 1,127 1,081 1,175 1,421 1,26 1,153 1,167 1,411 1,057 1,286 1,23 1,222 1,233 1,233 1,218 1,232 1,224 1,245 1,357 1,386 1,296 1,387 1,489 1,226 0,352 0,871 0,811 0,88 1,094 0,872 0,699 0,521 0,487 0,555 0,1 0,574 0,59 1,015 0,68 0,923 0,979 0,218 1,15 1,107 1,058 1,063 1,132 1,036 0,194 0,688 0,984
1,025 1,01 1,035 1,054 1,12 1,153 1,017 0,963 0,861 1,262 1,127 1,053 1 0,973 1,068 1,163 1,176 1,273 1,17 1,016 1,113 1,216 1,279 1,258 1,329 1,238 1,193 1,321 1,263 1,328 1,331 1,227 1,167 1,28 1,392 1,116 1,276 1,247 1,199 1,26 1,233 1,227 1,252 1,226 1,254 1,343 1,38 1,299 1,35 1,525 0,18 0,706 0,446 0,984 1,197 0,698 0,692 0,631 0,329 0,205 0,132 0,252 0,667 1,018 1,054 1,072 1,112 0,942 0,935 1,077 0,957 0,953 0,925 1,133 1,072 0,458 0,259 0,936
1,036 1,045 1,044 1,072 0,999 0,251 0,768 1 1,069 1,046 1,021 1,095 1,299 1,424 1,353 1,26 1,175 0,963 0,999 1,013 0,978 1,318 1,267 1,344 1,291 1,337 1,22 1,202 1,262 1,426 1,231 1,218 1,239 1,354 1,342 1,124 1,288 1,224 1,2 1,247 1,248 1,231 1,247 1,232 1,238 1,192 1,229 1,214 1,275 1,524 1,036 0,738 0,866 1,086 1,179 0,736 0,689 0,486 0,806 0,421 0,51 0,1 0,549 0,88 1,028 0,956 1,119 1,032 0,755 1,108 0,971 0,95 0,789 1,239 0,924 0,327 0,1 0,496
1,091 1,088 0,573 0,277 0,647 0,883 0,741 0,884 0,915 1,192 1,426 1,426 1,383 1,269 1,384 1,312 1,357 1,357 1,354 1,38 1,296 1,319 1,182 1,28 1,376 1,149 1,276 1,276 1,31 1,263 1,224 1,272 1,341 1,364 1,271 1,149 1,263 1,221 1,19 1,254 1,246 1,216 1,237 1,211 1,196 1,114 1,12 1,044 1,165 1,508 1,469 1,177 1,06 1,097 0,937 0,947 0,636 0,367 0,475 0,356 0,526 0,244 0,198 0,929 1,063 1,054 1,03 0,948 0,874 1,019 0,979 0,836 1,186 1,248 0,714 0,206 0,159 0,652
1,107 0,142 1,032 0,997 0,84 1,041 0,891 1,179 1,172 0,909 1,32 1,109 1,327 1,207 1,065 1,372 1,357 1,331 1,282 1,28 1,299 1,237 1,158 1,129 1,074 1,396 1,252 1,352 1,427 1,266 1,255 1,306 1,284 1,312 1,328 1,184 1,246 1,215 1,208 1,242 1,25 1,222 1,241 1,247 1,231 1,163 1,138 1,179 1,087 1,19 1,262 0,819 0,966 1,085 1,128 0,881 1,022 0,445 0,362 0,191 1,003 0,409 0,195 0,451 1,057 1,069 0,977 0,875 0,918 0,951 1,136 0,915 0,976 1,277 0,372 0,827 0,1 1,006
0,1 0,506 1,149 1,166 1,161 1,17 1,352 1,141 1,116 1,235 1,228 1,228 1,261 1,215 1,195 1,166 1,302 1,418 1,378 1,246 1,041 1,353 1,192 1,202 1,213 1,363 1,111 1,348 1,324 1,286 1,299 1,283 1,283 1,269 1,436 1,19 1,357 1,21 1,183 1,253 1,237 1,242 1,233 1,246 1,252 1,151 1,106 1,127 1,118 1,175 1,162 1,284 1,45 1,183 0,931 0,818 0,78 0,368 0,906 0,593 1,096 0,739 0,703 0,62 1,046 0,964 1,054 1,079 0,84 0,944 1,171 0,897 0,971 1,214 0,947 0,144 0,528 1,151
0,783 1,184 0,87 1,262 1,296 1,389 1,172 1,173 1,091 1,269 1,272 1,173 1,223 1,206 1,111 1,221 1,248 1,067 1,39 1,335 1,064 1,444 1,442 1,101 1,162 1,065 1,181 1,36 1,238 1,285 1,282 1,284 1,248 1,276 1,486 0,966 1,39 1,214 1,204 1,244 1,235 1,25 1,25 1,257 1,281 1,171 1,119 1,129 1,113 1,16 1,168 1,157 1,3 1,476 1,134 0,937 1,088 0,389 0,59 1,176 0,983 1,176 0,664 0,678 0,861 0,843 0,958 1,103 1,228 1,308 0,973 0,932 1,029 1,129 1,106 1,086 0,584 0,873
1,16 0,865 0,898 1,111 1,131 1,232 1,361 1,376 1,439 1,378 1,216 1,198 1,195 1,249 1,264 1,179 1,202 1,257 1,063 1,205 0,991 1,499 1,227 1,063 0,976 1,253 1,209 1,324 1,233 1,292 1,282 1,273 1,25 1,344 1,441 0,971 1,467 1,198 1,202 1,237 1,254 1,243 1,242 1,247 1,267 1,222 1,141 1,173 1,168 1,12 1,182 1,176 1,185 1,299 1,48 1,155 1,179 0,961 0,717 0,983 0,961 1,154 1,039 0,108 0,482 0,741 1,055 1,031 1,243 1,068 1,012 0,99 1,04 1,134 1,156 1,147 0,1 0,863
1,088 0,699 0,214 0,548 1,327 1,2 1,125 1,082 1,249 1,288 1,217 1,251 1,286 1,244 1,19 1,264 1,311 1,071 1,085 1,139 1,014 1,457 1,36 1,284 1,43 1,287 1,353 1,234 1,195 1,257 1,255 1,238 1,269 1,397 1,456 1,008 1,529 1,213 1,212 1,218 1,267 1,243 1,253 1,245 1,263 1,264 1,177 1,149 1,213 1,239 1,243 1,224 1,169 1,177 1,338 1,392 1,18 1,318 1,01 1,018 1,193 1,037 1,038 0,746 0,903 0,977 0,871 1,104 1,225 1,068 1,07 1,092 1,103 1,151 1,212 0,765 1,066 0,684
0,999 1,191 0,797 0,483 1,23 1,063 1,035 0,942 1,194 1,344 1,264 1,351 1,318 1,166 1,215 1,217 1,219 1,255 1,261 0,94 1,355 1,35 1,279 1,467 1,302 1,332 1,221 1,152 1,115 1,115 1,112 1,137 1,307 1,207 1,337 0,831 1,535 1,286 1,208 1,217 1,25 1,269 1,273 1,249 1,281 1,306 1,289 1,174 1,21 1,208 1,285 1,268 1,242 1,219 1,19 1,357 1,298 1,485 1,337 1,155 0,927 0,874 1,065 1,111 0,96 0,94 1,089 1,03 1,234 1,114 1,129 1,132 1,089 1,119 1,249 0,812 0,337 0,514
1,04 1,117 1,007 1,163 1,162 1,033 0,974 0,874 0,981 1,208 1,151 1,28 1,184 1,223 1,305 1,294 1,117 1,284 1,401 1,107 0,836 1,374 1,32 1,227 1,024 1,153 1,176 1,069 1,066 1,081 1,089 1,159 1,245 1,139 0,983 1,144 1,365 1,416 1,232 1,211 1,265 1,257 1,289 1,27 1,276 1,319 1,389 1,187 1,17 1,209 1,233 1,3 1,287 1,241 1,244 1,216 1,269 1,286 1,421 1,289 1,395 1,184 1,156 1,253 1,371 0,861 1,193 1,246 1,115 1,065 1,108 1,111 1,095 1,171 1,181 0,814 0,33 0,1
1,032 1,238 1,339 1,213 1,12 1,022 0,983 0,938 0,92 1,054 1,069 1,209 1,055 1,276 1,339 1,192 1,159 1,246 0,866 1,029 0,604 1,026 1,163 0,934 0,986 0,965 0,972 1,108 1,225 1,209 1,233 1,237 1,312 1,038 1,127 1,164 1,188 1,518 1,286 1,224 1,244 1,219 1,295 1,264 1,149 1,244 1,362 1,205 1,122 1,221 1,215 1,296 1,297 1,303 1,277 1,261 1,263 1,222 1,225 1,253 1,255 1,484 1,299 1,155 1,154 1,117 1,141 1,139 1,074 1,062 1,085 1,109 1,131 1,175 1,131 0,387 0,532 0,1
0,1 0,762 1,347 1,159 1,107 1,061 1,055 1,016 0,962 0,968 0,798 0,959 1,081 1,345 1,194 0,938 1,202 1,172 1,067 0,6 0,438 0,315 1,042 0,946 1,061 1,132 1,263 1,261 1,217 1,235 1,173 1,281 1,268 1,31 0,892 1,227 1,297 1,46 1,408 1,192 1,182 1,231 1,253 1,225 1,096 1,184 1,34 1,227 1,108 1,21 1,268 1,264 1,337 1,25 1,263 1,271 1,267 1,247 1,281 1,306 1,259 1,183 1,178 1,112 1,128 1,151 1,098 1,05 1,055 1,077 1,119 1,149 1,176 1,297 1,11 0,291 0,389 0,25
0,385 0,331 1,201 1,205 1,136 1,087 1,084 1,054 1,023 1,043 1,057 1,067 1,139 1,273 0,86 1,306 1,17 1,205 0,843 0,951 1,124 1,259 1,095 1,058 1,181 1,194 1,149 1,109 1,102 1,115 1,25 1,085 0,476 1,022 1,064 1,232 1,448 1,116 1,436 1,338 1,216 1,228 1,223 1,185 1,127 1,228 1,336 1,19 1,108 1,178 1,312 1,3 1,249 1,166 1,209 1,212 1,269 1,236 1,244 1,283 1,219 1,282 1,268 1,088 1,056 1,042 1,042 1,042 1,078 1,134 1,169 1,193 1,219 0,998 0,205 0,212 0,517 0,1
1,162 1,245 1,192 1,162 1,119 1,099 1,091 1,065 1,064 1,065 1,082 0,957 1,141 1,158 1,242 1,038 1,104 0,938 1,023 1,163 1,141 1,162 1,11 1,096 1,068 1,029 1,07 1,121 1,194 1,32 1,319 0,972 0,656 1,037 1,368 1,125 1,413 1,323 1,283 1,308 1,321 1,265 1,206 1,202 1,186 1,249 1,4 1,217 1,105 1,141 1,329 1,284 1,219 1,146 1,169 1,196 1,261 1,222 1,231 1,237 1,228 1,336 1,201 1,066 1,079 1,074 1,032 1,024 1,093 1,114 1,147 1,143 1,111 1,314 0,773 1,023 0,707 0,149
0,965 1,307 1,37 1,178 1,127 1,159 1,124 1,102 1,077 1,077 1,085 1,253 0,987 0,858 0,793 1,168 1,136 1,051 1,069 1,201 1,174 1,168 1,105 1,074 1,11 1,155 1,17 1,217 1,289 1,315 1,122 0,745 1,143 0,891 1,164 1,233 1,27 1,479 1,227 1,266 1,41 1,39 1,146 1,193 1,259 1,234 1,274 1,234 1,1 1,124 1,286 1,329 1,26 1,185 1,154 1,145 1,252 1,221 1,241 1,222 1,252 1,341 1,291 1,227 1,274 1,259 1,109 1,123 1,225 1,169 1,35 1,311 1,338 1,156 1,293 1,175 0,583 0,126
0,1 0,618 1,372 1,161 1,134 1,147 1,124 1,118 1,082 1,06 1,101 1,206 1,153 0,695 1,231 1,189 1,158 1,118 1,152 1,18 1,146 1,156 1,11 1,12 1,123 1,097 1,121 1,226 1,182 1,172 0,802 0,645 0,987 0,4 1,012 1,045 1,217 1,322 1,231 1,147 1,439 1,486 1,165 1,193 1,265 1,324 1,197 1,229 1,179 1,139 1,252 1,347 1,338 1,224 1,276 1,107 1,201 1,21 1,21 1,213 1,307 1,407 1,25 1,142 1,14 1,213 1,296 1,242 1,193 1,035 0,336 0,312 1,149 1,274 1,159 0,546 0,12 0,663
0,1 0,213 1,366 1,193 1,13 1,138 1,119 1,105 1,095 1,101 1,173 1,101 1,108 1,256 1,201 1,18 1,166 1,169 1,165 1,181 1,183 1,17 1,152 1,18 1,14 1,139 1,224 1,252 0,879 1,015 0,789 0,379 0,727 0,486 0,665 0,595 0,574 1,132 1,246 1,092 1,231 1,319 1,243 1,12 1,421 1,382 1,118 1,135 1,141 1,166 1,19 1,294 1,146 1,339 1,292 1,201 1,15 1,151 1,223 1,264 1,283 1,353 1,172 1,061 1,266 0,842 0,505 0,89 0,868 0,904 0,937 0,259 0,28 0,232 0,364 1,033 0,815 0,143
1,052 0,538 0,71 1,232 1,127 1,149 1,115 1,119 1,096 1,116 1,135 1,057 1,237 1,173 1,173 1,176 1,17 1,155 1,179 1,185 1,159 1,167 1,178 1,168 1,138 1,163 1,319 0,958 0,793 0,754 0,823 0,169 0,514 0,742 0,49 0,523 0,737 0,648 1,204 1,32 1,13 0,771 1,385 1,157 1,381 1,39 1,041 1,096 1,171 1,211 1,183 1,138 1,074 0,907 1,192 1,038 1,232 1,168 1,284 1,276 1,343 1,29 1,121 1,062 1,232 0,495 0,448 0,29 0,598 0,947 0,489 0,1 0,736 1,259 1,215 1,004 0,891 0,632
