data/rofental/srf_rofental_100.asc
ncols         322
nrows         225
xllcorner     622802,488
yllcorner     5178049,379
cellsize      100
NODATA_value  -9999
[rows 62 to 92 of 225, columns 0 to 69 of 322]
0,74725 0,616 0,41275 0,36725 0,51225 0,52575 0,59025 0,25475 0,37525 0,439 0,499 0,33025 0,38275 0,63875 0,765 0,872 0,93275 0,92825 0,992 1,02775 1,19925 1,47975 1,29575 1,1745 1,191 1,137 1,138 1,19925 1,117 1,0935 0,98775 0,87725 0,9575 0,7185 0,53 0,39825 1,0035 1,018 0,288 0,5505 1,06875 1,06275 0,9755 1,02375 1,0555 1,236 0,49575 1,04275 0,96625 0,4065 0,63975 0,65575 0,915 1,02875 1,1845 1,31 1,25875 1,23675 1,324 1,196 1,225 1,24625 1,1365 0,97975 1,01825 1,03525 1,36 1,2445 1,22825 1,21625
0,35125 0,5135 0,6885 0,627 0,6025 0,536 0,77225 0,464 0,65725 0,86025 0,96275 1,09725 1,144 1,1485 1,07125 1,0975 1,06625 1,001 0,97575 1,0995 1,22575 1,4775 1,458 1,4745 1,32875 0,71525 0,43275 0,66725 0,72775 0,96325 0,84525 0,5115 0,88275 0,7355 1,00825 0,7195 0,99525 1,10475 0,39425 0,79575 0,9785 1,035 0,95325 0,95925 1,26275 1,2205 1,0015 0,7865 0,95725 1,07275 0,49825 0,51975 0,82875 0,9245 0,84175 0,7785 1,1435 1,2175 1,31325 1,361 1,2925 1,075 1,19625 1,2345 1,15 1,10075 1,22025 1,3755 1,192 1,175
0,3465 0,67275 0,929 0,96625 1,02075 1,16025 0,99775 1,081 1,0105 1,08525 1,08425 1,03475 0,97625 1,11425 1,07675 1,11375 1,04825 1,08375 0,982 1,10425 1,247 1,47175 1,2795 1,0475 1,0835 1,147 0,88375 0,5835 0,56075 0,42775 0,516 0,27675 0,8635 1,102 1,0715 0,505 0,8865 1,0395 0,77925 0,5235 1,04575 0,8925 0,98075 0,822 1,06825 0,93475 1,16625 0,90175 0,839 1,21 0,928 0,55625 0,47 0,8465 0,91075 0,9575 0,985 1,048 1,29125 1,039 1,10175 1,24625 0,9725 0,614 0,8595 1,2045 1,10625 1,226 1,32575 1,30475
0,667 0,81475 0,98475 1,05625 1,05375 0,9625 1,04375 0,9705 1,0975 1,0965 1,1 1,10775 1,10825 1,09725 1,1065 1,13525 1,1165 1,06525 1,00525 1,00175 1,291 1,46 1,3485 1,14425 1,10825 1,175 0,9455 0,98175 1,02775 0,909 1,03975 0,58975 1,19275 1,18475 0,633 1,155 1,1735 1,14375 0,847 0,72925 1,00875 1,0425 0,98375 1,12025 1,22925 0,945 1,21275 0,9625 1,062 1,088 1,18725 0,86425 0,5295 0,758 1,1485 1,19675 1,14675 0,874 1,25175 1,00575 0,91 0,82925 0,51375 0,62625 0,527 1,14775 1,16975 1,2175 1,317 1,25775
1,117 1,104 0,94625 0,84425 0,986 0,791 1,022 0,9615 1,02125 0,909 1,11375 1,114 1,07975 1,09725 1,17225 1,13375 1,1045 1,11825 0,99825 1,0115 1,2845 1,449 1,43875 1,36675 1,24425 0,83875 0,57075 0,47025 0,41525 0,71175 1,13075 0,59625 1,25275 1,127 0,8555 1,118 1,08025 1,11225 0,756 0,61975 1,11125 0,99325 1,15675 1,081 1,15675 1,133 1,25675 1,198 1,20375 1,22575 1,252 1,119 0,979 0,54725 0,47325 0,87675 0,82625 0,97025 0,5635 0,8947501 0,53975 0,30825 0,28575 0,32425 0,5975 0,56275 0,98075 1,0745 1,14225 1,26075
1,13875 0,96975 1,1695 0,9475 0,916 0,98525 1,13175 1,18 1,21875 1,162 1,07325 1,09675 1,0225 0,91625 0,98325 0,99275 1,0885 1,158 1,08275 1,0755 1,24875 1,3415 1,397 1,43375 1,06075 0,778 0,896 0,97025 0,46825 1,01625 1,1865 0,9525 1,06875 0,92525 0,81975 1,09 0,9514999 0,9485 0,7105 0,578 1,061 0,89075 1,1625 1,1505 0,82 1,06375 1,17675 1,20275 0,93175 1,14 1,07925 1,113 1,20075 0,884 0,86475 0,54275 0,4705 0,3335 0,3765 0,646 0,2 0,42475 0,8735 0,6755 0,28925 0,8345 0,84325 1,1085 0,90075 0,8525
0,991 1,077 0,8785 1,1755 1,09575 1,067 1,02525 1,1185 0,91575 1,15825 1,074 1,07275 1,053 1,11975 1,24125 1,263 1,2995 1,22925 1,01225 1,0345 1,2775 1,4525 1,4005 1,3185 1,11325 0,826 0,97875 0,98225 0,9565 1,046 1,10825 1,24025 1,17175 0,72 1,09475 1,167 0,95525 0,40425 0,40725 0,37675 1,217 0,97175 1,123 1,22925 1,07025 1,1615 1,3505 1,242 1,1095 1,17175 0,98 0,879 1,294 1,015 0,788 0,80775 0,2935 0,84875 1,1495 1,132 0,89525 0,33625 1,075 1,135 0,9355 0,63725 0,56025 0,47425 0,7735 1,00625
0,70225 0,9205 1,005 1,20875 1,13525 1,2065 1,17875 1,2965 1,1265 1,17175 1,082 1,29375 1,34225 1,355 1,252 1,24675 1,2475 1,22725 1,10875 1,0675 1,1815 1,44275 1,43125 1,3675 1,25075 1,17125 1,08025 1,0705 1,0485 1,26125 1,1675 1,2415 1,36375 0,764 1,1655 1,191 1,22625 1,167 0,71775 0,47775 1,0595 1,02 1,1715 1,216 1,1925 1,21175 1,20325 1,207 1,2565 1,11625 1,118 1,3175 1,17 1,2 0,999 0,5895 0,69825 0,43075 0,585 1,12775 1,12475 1,01425 1,26625 1,0385 1,04825 1,12875 0,4885 0,699 0,94325 0,93125
0,651 0,548 0,853 1,2285 1,106 1,072 1,14425 1,0015 1,162 1,26375 1,2125 1,264 1,182 1,0815 0,9595 1,116 1,03275 1,15025 1,2045 1,1535 1,16375 1,35825 1,34925 1,4335 1,1935 1,29025 1,17725 0,918 1,02025 1,35725 1,01575 1,142 1,22825 1,07975 1,2275 1,1515 1,147 1,15375 1,12825 0,63525 1,18275 1,144 1,09975 1,17375 1,23075 1,15975 1,21775 1,26375 1,17275 1,178 1,30725 1,27025 1,29975 1,175 0,983 0,99875 0,46875 1,023 0,38325 0,25175 0,47475 0,9665 1,098 1,19125 1,16775 1,01525 1,1415 0,659 0,7575 1,01675
0,213 0,3155 0,794 0,91275 1,12525 1,0325 1,03225 1,154 1,074 1,1695 1,0925 1,0235 0,658 0,89825 0,8365 0,862 0,902 0,98875 1,115 1,025 1,25025 1,1335 1,23875 1,3485 1,32775 1,377 0,8395 0,6125 1,179 0,93725 0,87725 1,2175 1,0985 1,07875 1,30325 1,099 0,9915 0,7065 0,3755 0,2085 1,0035 1,212 1,23575 1,23575 1,1975 1,1205 1,23025 1,14725 1,1905 1,202 1,19725 1,051 1,291 1,33725 1,0615 0,8525 1,0185 0,97025 0,82675 0,68975 0,73825 0,696 1,129 1,1095 0,9735 0,9445 1,17075 0,678 0,435 0,88575
0,38225 0,77375 1,1895 0,9335 1,131 1,2025 1,04575 1,025 1,05425 0,8995 0,8245 0,975 0,9165 1,06625 1,05625 0,833 0,654 1,059 1,119 1,334 1,33975 1,30625 1,0755 0,70225 1,479 1,14675 1,0595 0,82 1,0785 0,9335 0,5835 0,5305 0,678 0,94125 1 0,982 0,56775 0,39125 0,81275 0,5525 0,86525 1,1915 1,2055 1,18025 1,212 1,22325 1,18425 1,12025 1,10075 1,09025 1,077 1,08575 1,05275 1,394 1,2915 1,05275 1,08925 0,999 1,0265 0,88375 0,719 0,65475 0,61775 1,06825 0,9345 0,99975 0,82575 0,847 1,08775 0,9745
0,87075 0,45 0,504 0,47925 0,93575 0,87325 1,10375 1,0495 0,90825 0,53125 0,9665 1,10725 1,0865 1,20025 0,888 0,49775 0,62125 1,2135 1,044 1,2105 0,926 0,97225 1,1995 1,00825 1,3425 1,49075 0,8735 1,1755 1,0115 0,46475 0,6565 1,15775 0,5715 0,38025 0,3225 0,61075 0,8485 1,03075 1,054 1,15425 0,3755 1,0005 1,20675 1,21575 1,18575 1,218 1,16775 1,05775 1,232 1,17025 1,30025 1,097 0,905 1,23975 1,31125 1,2025 1,1405 1,0885 1,03075 0,997 1,038 1,156 0,59675 1,10925 1,0765 1,05175 0,9385 0,9015 1,124 1,05675
0,82875 0,758 0,9195 0,51775 0,30375 0,93275 0,95925 0,9835 0,76575 0,696 0,99625 1,168 1,0445 0,6095 0,502 0,78325 0,77575 1,17 1,271 0,75425 0,728 1,18375 0,63 0,9035 1,31225 1,33275 1,37225 1,3895 1,2825 0,97125 0,96675 1,129 1,0035 0,614 1,23725 1,27875 1,09725 1,14425 1,0875 1,264 0,8235 0,3935 1,163 1,1405 1,07 1,18075 1,114 1,3055 1,26675 1,25725 1,0475 1,006 0,8675 1,36625 1,177 1,2935 1,2015 1,00675 0,8735 1,12725 1,0155 1,153 0,951 0,9 1,18 1,18775 1,21825 1,18425 1,083 1,04975
1,212 1,03825 1,0465 0,969 0,738 0,50025 0,9695 0,68275 1,0465 0,95175 1,12825 0,933 0,64725 0,596 1,21525 1,141 1,181 0,97925 1,11375 0,6225 0,7715 1,049 0,991 1,01125 1,3455 1,367 1,30875 1,25025 1,25525 1,172 1,02625 0,94375 1,18275 1,00625 0,995 1,1405 1,05875 1,34025 1,34575 1,37875 0,726 0,708 0,917 1,206 1,1265 1,15975 0,952 1,2285 1,1055 1,139 1,2315 1,03875 0,92325 1,009 1,2685 1,333 1,3285 1,352 1,35275 1,19025 1,183 1,068 1,2565 1,11625 0,9815 1,001 0,93475 1,06175 0,9695 0,8055
1,19825 1,20825 1,219 1,12525 0,791 0,5925 0,533 0,513 0,53475 0,55075 0,58425 0,552 0,63375 0,59975 1,16825 1,12475 1,115 1,1935 1,0235 1,03725 0,89075 0,63875 0,59575 0,9715 1,2085 1,3855 1,24325 1,1565 1,20125 1,1365 1,14825 1,0525 1,1015 1,31475 1,30625 1,0025 0,5475 1,11025 0,93225 1,219 1,11475 1,22925 0,521 1,076 1,0795 0,9825 0,96725 1,13675 1,30875 1,12575 0,98625 1,129 1,06425 0,79425 1,28575 1,36925 1,197 1,243 1,27525 1,31375 1,222 1,30125 0,954 1,09425 1,068 1,05425 1,0685 1,1425 1,1925 1,11325
1,10975 1,0275 1,102 1,0265 1,1565 0,85225 0,33125 0,79775 0,9055 0,61075 0,72275 1,1005 1,2175 1,0905 1,076 0,98775 0,954 1,03925 1,165 1,045 1,21275 1,146 0,94225 1,0045 1,2285 1,36 1,22625 1,21075 1,10625 1,151 0,99625 0,9375 1,27975 1,22325 1,21425 0,8685 0,7365 0,93975 1,1675 1,29275 1,204 1,02975 0,469 0,846 0,70275 1,027 1,17525 1,13475 1,097 1,26325 1,2975 1,10225 1,01275 0,958 1,036 1,32875 1,36875 1,447 1,41475 1,34425 1,0665 1,289 1,3125 1,2155 1,0125 1,27575 1,24075 1,38525 1,336 1,28325
1,09075 1,18225 1,19925 1,01625 1,19975 0,955 0,65525 1,07375 1,00525 1,06775 0,89775 1,06625 1,07025 1,18275 1,144 1,2835 1,16 1,196 1,02475 0,73525 1,1845 1,0795 1,0645 1,20975 1,19525 1,35375 1,11175 1,07075 0,73825 0,87075 0,50025 1,05 1,287 1,23075 1,1665 0,8 1,2535 1,36075 1,2475 1,177 1,1015 0,82575 0,3055 0,4925 0,793 0,999 1,04125 0,92075 1,2605 1,09525 1,19475 1,36725 1,2515 1,2375 0,985 0,633 0,93375 1,03175 0,858 1,075 1,3455 1,436 1,459 1,40125 1,412 1,4695 1,4405 1,2935 1,526 1,40525
0,9735 1,17375 0,87925 0,9565001 0,864 0,9255 0,632 0,9375 0,97625 0,8895 1,136 1,079 1,00125 1,22475 1,108 1,108 0,9235 1,046 1,08575 1,16 1,1695 1,1135 1,0555 1,30825 1,27325 1,20725 1,119 0,99825 0,729 0,661 0,32 0,62375 0,74225 0,68125 1,1375 1,361 1,073 1,07825 0,867 0,79025 0,371 0,51625 0,558 0,57525 1,17375 1,01775 1,14 1,14325 1,22575 0,86825 1,16025 1,28375 1,257 1,2345 0,95 1,23525 1,18975 0,99475 0,9665 0,97025 1,334 1,2845 1,4345 1,26775 1,23975 1,40725 1,371 1,08725 1,05575 1,0075
0,678 1,09025 0,9245 1,114 0,89375 0,58875 0,578 1,04625 1,06325 1,13625 0,99775 1,0235 0,89475 1,013 1,1665 0,9625 1,081 1,01075 1,20025 1,161 1,2465 1,07175 1,01475 1,21575 1,357 1,2245 1,11825 0,66875 0,81825 1,0515 1,136 1,22025 1,10375 1,24625 1,2505 1,342 1,17225 0,682 0,38275 0,92725 1,0315 0,9875 0,87425 0,55025 0,86575 1,27375 1,2525 1,239 1,22275 0,86025 1,03025 1,27325 1,1545 1,276 1,294 1,23625 1,25375 1,39025 0,986 1,2475 1,29625 1,33775 1,363 1,22125 1,12575 1,2115 1,162 1,00725 1,01675 1,1525
0,52825 0,5605 0,474 0,60775 0,585 0,39225 0,335 1,1225 0,8385 1,007 1,10925 0,924 1,15325 1,086 1,09625 1,05125 1,1165 0,99825 1,19675 1,30625 1,13925 1,17175 1,008 1,34425 1,4975 1,186 0,99675 0,72775 0,9955 1,095 1,2225 1,299 1,0725 1,0035 1,296 1,12625 1,1485 0,5535 0,493 1,217 1,299 1,1705 0,976 0,903 0,48475 0,98775 1,15675 1,1835 1,276 1,2265 0,98625 1,1525 1,087 1,024 1,221 1,4095 1,0235 1,469 0,93625 1,15725 1,27475 0,88275 0,602 1,159 1,016 0,7115 0,83775 1,07575 1,0365 0,93125
1,23725 1,199 1,089 1,169 0,70275 0,23625 0,909 1,08025 0,8925 1,081 1,0325 1,09425 1,105 1,069 0,966 1,1035 1,36375 1,118 1,005 1,1295 1,186 1,01525 1,039 1,306 1,23375 0,9655 0,95825 0,95375 1,0725 1,17875 0,88275 1,171 1,07375 1,209 1,0715 1,04425 0,8285 0,10625 0,9195 1,21675 1,291 1,07625 1,15475 0,931 0,86025 0,4975 0,95775 1,01975 1,03475 1,0575 0,9305 0,47925 0,901 1,1185 1,2905 1,25725 1,19375 1,223 0,97675 1,082 1,18575 0,8225 1,1595 1,04025 0,53175 0,44625 1,18825 1,19225 1,08575 0,8535
1,175 1,1875 1,1075 1,02725 1,0185 0,46425 0,4055 0,78225 0,96025 1,178 1,0565 1,0375 1,013 1,08225 1,12775 0,87575 1,031 1,0495 0,9345 1,12775 1,13625 0,943 1,20525 0,95875 0,94725 1,06275 1,307 1,28575 1,113 1,1805 1,1235 0,954 1,06925 0,915 0,8825 0,51425 0,38825 0,4415 0,6315 0,904 1,072 0,9725 1,40475 1,092 0,94975 0,2375 0,564 1,05275 0,97725 0,87775 0,388 0,7575 0,66975 0,856 1,16275 1,2005 1,00225 1,03725 0,47175 1,178 1,1075 0,95475 1,02 0,71625 0,39625 0,5225 0,68625 0,643 0,62075 1,17225
1,16825 1,137 1,2215 1,02625 0,71275 0,37675 0,59175 0,2895 0,854 0,916 1,2175 1,23275 1,20725 0,7545 1,29175 1,15975 1,03325 1,17025 1,28475 1,194 0,95925 1,20775 1,322 1,19375 1,0745 1,07575 1,09375 1,1765 1,193 1,25125 1,142 0,9185 0,8835 0,58275 0,804 0,69725 0,96825 0,848 0,549 0,95975 1,19525 1,01675 1,2695 1,18675 0,9135 0,58975 0,4345 0,5075 0,33925 0,722 0,686 0,5375 0,21775 0,6615 0,91875 1,04075 0,994 0,53225 1,122 1,22275 1,0415 0,8385 1,038 0,621 0,5465 0,984 1,05875 1,13975 1,08275 1,00475
1,10975 1,1955 1,06775 1,03675 0,60025 0,891 0,9315 0,5755 0,89325 1,23325 1,1525 1,08575 1,173 1,109 1,2535 1,23675 1,1215 1,00475 1,19825 1,15075 1,035 1,218 1,24825 1,44925 1,29275 0,92225 1,13975 1,10425 0,85625 0,937 0,70475 0,43775 0,6275 0,71525 0,4465 1,003 1,21175 1,11 0,77975 0,85975 1,269 1,14925 0,88625 1,111 0,9905 0,65225 0,7685 1,0325 0,6595 1,025 1,08975 1,15075 0,675 0,47825 0,86375 0,855 0,515 0,54775 1,204 1,07325 0,685 0,54075 0,476 0,88375 1,12975 1,15725 1,14425 1,2245 1,0785 0,89175
0,496 0,71 0,52 0,5245 0,9305 1,06925 1,03725 0,768 1,02125 1,13525 0,87325 1,112 1,234 1,104 1,18025 1,03775 1,085 1,19375 1,22175 1,28175 1,19275 1,1065 1,11475 0,81475 1,28025 1,0085 1,2455 1,1825 0,785 1,02425 1,14225 1,1505 0,521 0,38175 0,46325 0,98925 1,0775 1,243 1,19975 1,2005 1,24575 1,39225 1,04275 1,2305 1,2295 1,21575 0,7315 0,642 0,6785 1,047 1,05825 1,177 0,78675 0,27175 0,2985 0,32475 0,48875 0,677 0,88675 0,8425 0,455 0,811 0,99375 1,07925 0,9005 1,125 1,1015 1,087 1,174 0,8815
1,035 0,485 0,89675 1,21025 1,1315 1,17675 1,20675 1,0895 0,806 1,08175 0,6765 1,084 1,2165 1,03575 1,04025 1,14 1,07375 1,188 1,221 1,18675 1,06475 1,0805 1,2465 1,13875 1,114 1,02775 0,9665 1,17775 1,05225 0,61025 0,9845 1,2835 1,08725 0,481 0,4815 0,9515 0,99925 1,12825 1,18525 1,24 1,234 1,37575 1,23625 1,03975 1,2755 1,33875 1,25925 1,08025 0,75025 1,0735 0,8955 1,124 1,121 0,62875 0,5695 0,8235 0,99875 0,6305 0,27475 0,49725 0,49 1,0195 1,067 1,0845 1,09675 1,161 1,08525 1,242 1,25475 0,905
0,9995 0,94175 1,21025 1,23775 1,187 1,20375 1,069 1,03925 0,9535 0,972 0,836 1,09175 1,15225 0,998 0,97575 1,19875 1,042 1,29275 1,1135 1,11425 1,176 1,079 1,11625 1,27575 1,0255 0,805 0,436 0,782 0,82875 0,36975 0,88875 0,53275 0,703 0,9705 0,94575 0,6125 0,4565 1,026 0,988 0,9635 0,89025 1,0775 1,352 1,136 1,118 1,0985 1,16725 0,92275 0,93675 0,92475 0,67075 0,81675 1,1705 0,65325 0,73775 0,7265 1,1855 0,95175 0,50475 0,97525 0,905 0,66925 0,9635 1,321 1,26225 1,2205 1,255 1,13375 1,2415 1,192
0,9755 1,27975 1,1945 1,09625 1,1625 1,177 0,95875 1,0255 1,1815 0,55775 1,02 0,889 1,19125 1,11525 0,78875 1,1075 1,26475 1,028 0,80675 1,0135 1,0405 0,9555 0,727 0,7955 0,98025 0,8065 1,035 0,72475 0,787 0,376 0,416 0,785 0,94075 1,27875 1,2045 1,155 0,8475 0,40825 0,316 0,542 0,69625 1,07625 1,435 1,084 0,51925 1,115 1,34475 1,3985 1,135 0,935 1,11825 1,13325 1,199 0,6525 0,6465 1,058 1,19425 0,96525 0,487 0,6995 1,143 0,821 0,8642499 1,197 1,14675 1,1035 1,27275 0,883 0,651 0,34725
1,04675 1,1765 1,18325 1,19925 1,1965 1,047 1,06725 1,0395 1,0745 0,68075 0,9005 0,81425 1,054 0,88125 0,71025 0,792 0,7995 0,97125 0,94225 0,25275 0,533 0,514 0,26675 0,57075 0,36975 0,57425 0,6665 0,717 0,7785 0,693 0,892 1,16075 1,17575 1,26675 1,0385 1,28 1,221 1,0945 0,629 0,84325 1,114 1,2545 1,11325 1,325 0,8355 0,7375 0,7735 1,01525 1,34925 1,23325 1,33775 1,27875 1,1295 0,64125 0,97775 1,0665 1,19425 0,96575 0,788 0,76875 0,868 1,21475 0,68175 0,97175 0,94425 0,96175 0,767 0,715 0,47625 1,17325
1,1055 1,1905 1,06 0,9405 1,12025 1,21575 1,039 1,1775 1,1085 0,558 0,5425 0,403 0,58775 0,44525 0,6865 0,53 0,9735 0,691 0,69075 0,635 0,80325 1,08925 0,99775 1,04825 1,20675 1,02525 0,8945 1,1255 1,08875 1,00025 1,00775 1,045 1,02575 0,93475 1,095 1,1565 1,1535 1,25475 1,00075 0,49775 1,0515 1,01825 1,15875 1,3045 1,36625 0,57025 0,826 1,2065 1,22325 1,2745 1,276 1,225 1,2455 0,78675 1,1735 1,09775 1,37825 1,204 1,09825 1,31925 1,3145 1,33175 0,65725 0,24375 0,56275 1,03525 0,66725 0,35575 0,743 1,067
1,07925 1,02525 1,12075 0,87625 0,6955 1,078 0,94075 0,7835 0,466 0,3785 0,95 0,803 0,85175 1,099 0,95475 0,65425 1,30675 1,11025 1,11975 1,01125 1,10075 1,13525 1,19825 1,088 1,08825 1,0035 1,199 1,23075 1,027 0,8905 0,934 1,01075 0,98625 1,148 0,90625 1,05625 1,1215 1,2865 1,2945 0,695 0,94125 1,3305 1,15325 1,25675 1,4065 0,93475 0,729 1,048 1,176 1,28175 1,25525 1,25525 1,3575 0,8215 1,16025 1,38675 1,154 0,97875 1,07025 1,107 1,07925 1,121 0,876 0,9785 0,27875 0,232 0,251 0,611 1,00875 1,256
