data/rofental/srf_rofental_100.asc
ncols         322
nrows         225
xllcorner     622802,488
yllcorner     5178049,379
cellsize      100
NODATA_value  -9999
[rows 0 to 30 of 225, columns 70 to 139 of 322]
0,4895 0,42375 0,86375 1,049 1,081 1,04225 1,02475 0,87275 0,87175 0,82475 0,9485 0,79975 0,943 1,05125 1,0615 1,0055 1,0525 1,2815 1,11825 1,171 1,0245 1,14025 1,1915 1,2095 1,12375 1,47875 1,356 1,356 1,476 1,3055 1,137 0,96525 1,06775 1,1255 1,0675 1,22 1,22875 1,1865 1,0585 1,097 1,1865 1,1205 0,779 0,75775 0,958 0,92275 1,3615 1,16525 1,14075 1,1595 1,0685 1,21925 1,0985 0,77075 0,79725 0,482 0,75125 0,7545 0,607 0,58025 1,008 1,0485 0,98875 1,02025 1,07275 1,14625 1,18775 1,26 1,2865 1,22925
0,83875 0,81275 0,95225 1,22075 1,26525 1,0415 1,11625 0,98575 0,9745 1,015 1,05775 0,81925 0,87875 1,05525 1,25575 1,10875 1,11875 1,22275 1,13375 1,12675 1,191 1,1145 1,2205 1,30925 1,19125 1,4855 1,356 1,356 1,47675 1,233 1,15625 1,33675 1,1395 1,088 1,11825 1,24325 1,35975 1,38 1,418 1,3925 1,22725 1,25025 1,285 1,079 1,163 1,0385 1,16475 1,204 1,1955 1,2765 1,0355 1,08825 0,943 0,52275 0,66575 1,06425 1,0015 0,93175 0,8785 0,59925 0,495 0,51275 1,00025 1,01325 0,9625 0,98825 1,123 1,07375 1,1135 1,23025
0,67125 0,9065 1,237 1,18575 1,217 1,13675 1,0385 1,18925 1,0755 1,14 1,18825 1,14325 1,06425 0,8815 0,97275 0,9375 0,98325 1,09 1,2635 1,219 1,0665 1,0785 1,1615 1,14025 1,0775 1,47925 1,356 1,356 1,45175 1,24075 1,32575 1,30675 1,35525 1,1985 1,14875 1,029 1,11975 1,246 1,33925 1,34725 1,3495 1,17975 1,0755 1,113 1,196 1,23425 1,206 1,3105 1,25275 0,824 0,71975 0,5995 0,55325 0,46675 1,031 0,91675 0,90725 0,91825 0,85925 0,78075 1,0595 0,71675 0,57875 1,04375 1,0645 0,96975 1,1205 1,114 1,0925 1,154
0,757 0,9485 1,09325 1,1735 1,24025 1,2155 1,2105 1,17175 1,06075 1,11375 1,38275 1,36375 1,19825 1,22625 1,0725 0,7975 0,99575 1,026 1,1935 1,1185 1,1765 1,1225 1,31975 1,2635 1,20925 1,4735 1,356 1,356 1,4635 1,30325 1,2955 1,2695 1,3185 1,31975 1,16625 1,18375 1,187 1,26175 1,4095 1,18475 1,02425 1,05325 1,116 1,2135 1,13775 1,21225 1,30725 1,21875 1,204 1,273 1,23725 1,13725 1,00375 0,86325 0,747 0,876 0,74275 0,89675 0,999 1,0375 1,0705 1,0455 0,52075 0,9705 1,039 0,95 1,0385 1,06025 1,0625 0,8215
0,6185 0,9495 1,0645 1,20075 1,237 1,236 1,12 1,19025 1,15675 1,0395 0,916 1,235 1,18875 1,083 1,14525 1,1005 0,982 1,09425 1,10575 1,1685 1,32775 1,323 1,2945 1,259 1,2665 1,43925 1,356 1,356 1,44575 1,34 1,21775 1,223 1,23425 1,306 1,0965 1,20725 1,048 1,2555 1,39075 1,1915 1,02075 0,92 1,09325 1,2425 1,3185 1,25375 1,16775 1,04875 1,1505 1,14925 1,16775 1,01225 0,606 0,7955 0,8415 1,1295 1,07625 1,107 1,10025 1,11375 1,1815 1,102 0,75525 0,504 0,86375 0,82075 0,6455 0,661 0,662 0,773
0,80825 1,03675 1,15025 1,04325 1,1955 1,1855 1,185 1,26125 1,21575 1,19125 1,191 0,9395 1,066 1,14 1,001 0,98175 1,0045 1,0175 1,06525 1,11975 1,02025 1,232 1,03125 1,1805 1,2805 1,416 1,356 1,356 1,4725 1,29875 1,16325 1,16775 1,272 1,275 1,36825 1,31025 1,22025 1,20875 1,32275 1,25525 1,10375 1,0865 1,27175 1,02575 0,95075 0,65925 0,64825 0,8535 0,979 1,03375 0,799 0,61425 0,82575 1,12675 1,112 1,132 1,07425 1,007 1,1615 1,03525 1,2235 1,156 0,92625 0,721 0,6055 0,7085 0,8885 0,63425 0,441 0,70075
0,83425 0,97725 1,067 1,252 1,173 0,78475 1,26125 1,04425 1,1925 1,1525 1,18425 0,94725 1,2295 1,15925 1,124 1,01425 1,2795 1,39825 1,2425 1,14325 1,09925 1,249 1,23425 1,0705 1,31725 1,44725 1,356 1,356 1,431 1,27775 1,156 1,03325 1,2425 1,29025 1,33875 1,29925 1,1375 1,196 1,244 1,273 1,19775 0,94875 1,07175 1,14125 1,06575 1,188 1,2115 1,29525 0,66375 0,66025 0,57975 0,37875 1,13375 1,1105 1,06275 1,1245 0,873 0,7365 0,902 1,0845 1,2285 1,12125 1,04925 1,1235 1,011 0,96575 0,7025 0,93175 0,276 0,27375
0,66575 0,9055 1,1025 1,05475 1,224 0,83175 1,0435 0,833 1,22 1,1275 0,5975 1,02225 1,1675 0,9545 0,94525 1,27325 1,29775 1,07375 1,06675 1,06675 1,27675 1,26875 1,082 1,056 1,131 1,478 1,356 1,356 1,3945 1,3565 1,22775 1,1605 1,20825 1,396 1,26875 1,31 1,21575 1,1935 1,08125 1,19725 1,25675 1,3125 1,02225 1,23225 1,0275 1,1445 1,2045 1,15525 1,07425 1,01375 0,8325 0,37425 1,0185 1,16975 1,08825 1,283 1,29175 1,09 0,9495 1,114 1,09425 1,1645 1,082 1,246 1,13625 0,8865 0,235 0,36575 0,69475 0,77625
0,5255 1,039 1,081 1,071 0,952 0,7965 0,7835 0,85975 1,004 1,06525 0,604 0,79325 0,756 0,8885 0,79675 1,228 1,28825 1,2335 1,10175 1,14975 1,33575 1,24075 1,22475 1,0935 1,32075 1,47175 1,356 1,356 1,37025 1,4035 1,33775 1,111 1,331 1,25425 1,26575 1,13425 1,2605 1,162 1,178 1,197 1,1465 1,1215 1,1145 1,0415 1,14675 1,0525 1,24425 1,16625 0,945 1,08875 0,53225 0,27425 1,106 1,0485 1,0065 1,10525 1,129 1,09125 1,0375 1,063 1,2975 1,327 1,26275 1,19925 0,941 0,47225 0,7875 0,8825 0,89125 0,884
0,8735 0,4425 0,68375 0,8675 0,821 0,5935 0,94225 1,01325 0,96975 0,8225 1,08375 0,95825 0,96075 0,9755 1,2095 1,22525 1,15575 1,135 1,13525 1,20175 1,27675 1,20425 1,1945 1,183 1,29825 1,40275 1,356 1,356 1,35675 1,42675 1,291 1,27175 1,341 1,33325 1,1465 1,191 1,2695 1,13225 1,258 1,1665 1,263 1,06925 1,07575 0,94225 0,88275 0,7005 0,8105 0,922 0,499 0,41925 0,87125 0,6765 0,83525 0,88025 1,11725 1,05075 1,046 1,0965 1,22225 1,25675 1,0625 1,17275 1,11475 1,00675 0,62825 0,9375 1,03575 1,0345 1,01875 1,03375
1,0775 0,816 0,639 0,7465 0,58775 0,664 0,78525 0,82675 0,6635 0,8235 1,07625 1,0845 1,14425 1,17675 1,194 1,0515 1,0905 1,10125 1,02625 1,28125 1,29325 1,17575 1,2135 1,27525 1,12125 1,44025 1,356 1,356 1,356 1,47375 1,16225 1,25825 1,20475 1,334 1,15725 1,32225 1,24175 1,22775 1,18625 1,02725 1,09225 0,9665 0,72675 0,645 0,65425 0,50125 0,405 0,4935 0,647 0,79225 0,99275 1,16775 1,142 1,2605 1,1225 1,06925 1,04875 1,15275 1,0335 1,0295 1,037 1,0965 1,0405 0,93725 0,40675 1,165 1,26425 1,23325 1,25225 1,16675
1,1735 1,2175 0,77525 0,78 0,7755 0,712 0,9645 1,107 1,0525 0,96575 1,007 0,9777499 0,94375 0,8945 0,861 1,2 1,16425 1,1035 1,21725 1,40475 1,17275 1,211 1,105 1,158 1,13075 1,472 1,356 1,356 1,356 1,457 1,18875 1,25675 0,966 1,11 1,02 1,4045 1,34225 1,14975 0,89225 0,91975 0,709 0,59625 0,846 0,95675 0,9365 0,814 0,731 0,73975 0,81125 1,00825 1,00075 1,07275 0,7525 0,851 0,6705 1,17925 0,96775 1,15725 1,021 1,1845 1,18575 0,76175 0,9 0,61975 0,75275 1,05975 1,12325 1,0925 1,11325 1,136
1,1275 1,129 1,076 0,9665 0,96825 0,973 1,051 1,0805 1,037 1,0595 1,04775 0,96 0,931 0,9115 1,032 1,19675 1,2575 1,345 1,30725 1,27875 1,2065 1,2705 1,1615 1,15175 1,372 1,4355 1,356 1,356 1,356 1,3785 1,351 0,9895 1,246 1,1515 1,1185 1,0525 1,16725 0,94775 1,09575 0,601 0,8845 0,9385 0,77325 0,8615 1,092 0,9125 0,8745 0,85375 1,027 1,108 1,1485 1,1835 0,83525 1,232 1,2255 1,15625 1,19675 1,1925 1,12775 1,166 1,02 0,642 0,79525 0,495 0,7145 0,776 0,9525 1,07925 1,103 1,13475
1,13825 1,1505 1,08375 1,12675 1,08275 1,0605 0,9625 0,965 0,898 0,90875 1,02 0,9615 1,00375 0,9635 1,034 1,04725 1,06725 1,11675 1,403 1,15625 1,129 1,24025 1,13175 1,17825 1,235 1,4165 1,356 1,356 1,356 1,356 1,49675 1,407 1,28825 1,31625 0,92475 1,0705 0,9945 1,18325 1,037 1,2005 1,286 1,06475 1,10075 1,07 1,03625 1,185 1,2895 1,1785 1,05 1,19525 1,31925 1,36975 1,13125 1,33675 1,142 1,05625 1,11525 1,27575 1,0505 0,83025 0,531 0,50925 0,25225 0,3805 0,3465 0,86075 0,9299999 0,93225 1,05575 1,09925
0,95125 1,10775 1,02325 0,9942501 0,975 0,9905 0,905 0,80325 0,9975 0,9935 0,943 0,987 0,95725 0,952 0,944 1,1255 1,12725 1,28525 1,26175 1,1185 1,1335 1,2445 1,16375 1,08 1,39625 1,36275 1,356 1,356 1,356 1,356 1,491 1,21925 1,07 1,1175 1,0165 1,16675 1,2125 1,065 1,164 1,22775 1,092 1,088 1,23675 1,3045 1,2375 1,18 1,13375 1,17525 1,32725 1,3315 1,16325 0,9175 0,88375 0,88875 0,93575 1,12025 0,98975 1,164 0,322 0,5445 1,02425 0,83875 0,55775 0,94075 0,4505 0,514 0,6275 0,75075 0,8185 0,823
1,11775 0,95875 1,014 1,13675 1,0705 0,88475 1,1075 1,06625 0,95175 0,974 0,90725 0,96375 0,89725 0,88225 0,89575 1,19825 1,3705 1,2755 1,1545 1,13075 1,08575 1,0865 1,1625 1,03075 1,50475 1,356 1,356 1,356 1,356 1,356 1,5155 1,16775 1,02825 1,13325 1,11925 1,1665 1,15725 1,17675 1,258 1,3205 1,34225 1,34925 1,0585 1,096 0,9525 1,0425 1,139 1,13825 1,115 0,8635 0,79325 1,14 1,24925 1,18075 1,31575 1,297 1,167 0,98975 1,011 1,172 1,167 0,8935 1,036 0,8015 0,6135 0,17 0,348 0,4455 0,571 0,48425
1,076 1,05525 1,07225 1,1295 1,11725 1,0345 0,997 0,99925 0,9892499 1,06725 0,94375 0,93325 0,886 0,9455 1,13 1,03825 1,15475 1,212 1,23775 1,13575 1,04425 1,03275 1,105 1,42525 1,39575 1,356 1,356 1,356 1,356 1,356 1,493 1,1455 1,20525 0,9245 1,0285 1,0625 1,0235 1,01175 1,00175 1,041 1,095 1,30775 1,3965 1,1 0,87175 1,09725 1,10375 1,3125 1,227 1,086 1,00975 1,2035 1,17725 1,2265 1,275 1,1025 0,9055 1,132 1,04425 1,1185 0,98425 1,04725 1,05425 0,59175 0,597 0,62 0,62025 0,44225 0,4175 0,6755
1,1385 1,08475 0,9845 0,965 1,008 0,96575 1,03125 1,04675 1,01525 1,04525 1,1775 1,1095 1,12 1,21475 1,154 0,9645 0,8965 1,024 1,10875 1,14525 1,17625 1,244 1,3275 1,4825 1,356 1,356 1,356 1,356 1,356 1,362 1,46775 1,153 1,07925 1,059 1,04825 1,02125 1,036 0,976 0,97175 0,8185 1,0465 1,1245 1,295 1,387 1,005 1,0075 0,9727499 1,10475 1,178 1,1595 1,18525 1,23775 1,21975 1,2485 1,3095 1,1405 0,867 1,20075 1,27525 1,21825 1,213 0,84675 0,48475 0,72725 0,96675 0,27575 0,53725 0,5605 0,568 0,75075
1,13975 1,08775 1,03875 1,12875 1,098 1,1075 1,0455 1,08775 1,1475 1,1605 1,12 1,08725 1,07925 1,14625 1,116 1,09075 1,2415 1,24925 1,1835 1,2495 1,27825 1,19575 1,4425 1,404 1,356 1,356 1,356 1,356 1,356 1,41575 1,3625 1,18075 1,1475 1,173 1,0195 0,89825 1,064 1,017 0,95325 1,14525 1,12625 1,16125 1,2005 1,33125 1,30875 1,24 1,26975 1,259 1,314 1,26825 1,26925 1,26425 1,26075 1,25725 1,28325 1,2485 1,15875 1,19575 1,17275 1,1055 1,198 0,5815 0,85825 1,1435 0,92225 0,5615 0,8755 0,4455 0,39475 0,47825
1,21675 1,0895 1,088 1,1005 0,94425 1,11325 1,08225 1,107 1,25825 1,3645 1,29625 1,25625 1,16025 1,182 1,24825 1,34525 1,3595 1,31325 1,13625 1,038 1,24875 1,30025 1,42825 1,38075 1,356 1,356 1,356 1,356 1,356 1,45475 1,31825 1,24925 1,20475 1,0045 1,261 1,2905 1,14125 1,03725 0,93275 0,80075 0,998 1,08825 1,1475 1,22275 1,2135 1,3065 1,25925 1,02975 1,18175 1,22775 1,2445 1,228 1,1745 1,1555 1,0855 1,243 1,218 1,08175 0,93625 1,0295 1,18625 1,16925 1,04125 0,978 0,42275 0,9045 1,11625 0,93525 0,50475 0,67025
1,11975 1,10925 1,0455 0,98975 1,075 1,22125 1,33025 1,4315 1,46025 1,4465 1,3935 1,42725 1,471 1,41725 1,27675 1,25175 1,2145 1,0135 0,79075 0,82175 0,97975 1,12675 1,4195 1,391 1,356 1,356 1,356 1,356 1,356 1,4945 1,20825 1,1425 1,18525 1,13025 1,002 1,14475 1,11 0,985 0,78325 0,608 0,78625 1,08425 1,0815 1,11375 1,149 1,13075 1,2745 1,2545 1,1815 1,181 1,1885 1,23675 1,184 1,101 1,06775 1,08275 1,1155 0,991 0,94425 1,1275 1,09825 1,21025 0,824 0,5345 0,27325 0,86525 1,09475 1,15975 0,72525 0,63675
1,0265 1,0125 1,176 1,209 1,4175 1,50375 1,389 1,2955 1,26025 1,17025 1,186 1,02275 1,01025 1,136 1,2545 1,27 1,2125 1,18375 1,16975 1,204 1,268 1,012 1,2755 1,4255 1,356 1,356 1,356 1,356 1,36425 1,51675 0,9415 1,05875 1,12675 1,15175 0,783 0,92975 0,9165 0,85575 0,6895 0,3215 0,69075 1,01225 1,01875 1,035 1,127 1,176 1,16275 1,18225 1,171 1,12075 1,07725 1,14375 1,16075 1,1385 1,05275 1,04675 0,96725 0,865 0,68175 1,237 1,0425 1,013 0,9045 0,75 0,458 0,776 1,0715 1,06825 1,1985 0,74825
1,15425 1,30275 1,4355 1,4885 1,29375 1,27625 1,2845 1,26675 1,233 1,163 1,10125 1,237 1,2215 1,20875 1,20675 1,1165 1,0555 0,97525 1,059 1,2525 1,22775 1,28725 1,4015 1,421 1,356 1,356 1,356 1,356 1,45675 1,36775 1,3 1,17225 1,154 1,0715 0,793 0,88175 0,84375 0,70525 0,76925 0,44675 0,57775 0,8285 0,981 0,91325 0,95125 1,13 1,11975 1,24475 1,1395 1,122 1,065 0,97875 1,16525 0,978 0,87275 0,982 1,08325 0,79325 0,514 0,94175 0,91425 1,0165 0,6865 0,571 1,166 1,144 1,06175 1,1175 0,87925 1,171
1,34275 1,48225 1,3275 1,25225 1,14725 1,15475 1,22825 1,14425 1,20075 1,04825 1,154 1,1245 1,09325 1,1055 0,97075 0,76375 0,86375 0,85425 0,99125 0,9635 0,9905 1,19525 1,29925 1,445 1,356 1,356 1,356 1,356 1,38025 1,26 0,8785 1,18375 1,144 0,9185 1,03675 1,1175 1,11325 1,1405 1,09375 1,019 0,88725 0,47925 0,88325 0,8055 0,86325 0,9635 1,111 1,1945 1,133 1,11625 1,0645 1,006 0,84725 0,77775 0,739 0,96725 0,96525 0,80225 0,5065 0,75025 0,944 0,67525 0,51825 1,01125 1,0655 1,042 0,97925 1,04025 0,83725 0,9065
1,4545 1,2475 1,196 1,1955 1,0835 1,11525 1,1785 1,07475 1,1525 0,97825 1,10475 1,02575 1,0195 0,947 0,949 0,7765 0,8095 0,72025 0,9355 0,97475 1,1025 1,178 1,25775 1,4635 1,356 1,356 1,356 1,3735 1,36275 1,062 1,04675 0,8535 1,14475 1,10775 1,17125 1,12175 1,035 0,785 0,83925 0,89625 0,90775 0,66075 0,7715 0,80225 0,8405 0,89825 0,99775 1,121 1,081 0,93775 1,0595 1,02475 0,90325 1,0135 0,54075 0,88075 0,98225 0,941 0,63275 0,641 0,95575 0,55575 0,89825 1,07175 1,04425 1,0495 1,0335 1,056 1,03025 0,93725
1,285 1,18575 1,136 1,13125 1,1145 1,06075 1,19275 0,95825 1,22575 0,91075 1,11325 0,9245 0,94925 0,7705 0,568 0,82 0,88225 0,87525 0,8915 0,922 1,05475 1,11275 1,30075 1,49425 1,356 1,356 1,356 1,40475 1,4795 1,18925 1,25925 1,1315 1,11175 0,96725 1,01925 0,88725 0,95925 0,90075 0,8665 0,7815 0,74125 0,66725 0,55575 0,7095 0,68625 0,95525 0,84 1,0055 0,906 0,93425 0,83525 0,97175 1,01275 0,72325 0,81875 0,5195 0,79875 0,616 0,57475 0,5045 0,67975 0,437 0,8855 1,021 0,99875 1,0125 0,89975 0,878 0,83775 0,873
1,1715 1,13175 1,12275 1,0235 1,17725 1,02425 1,01825 1,0625 0,736 0,95725 0,64275 0,864 0,70925 0,759 1,0165 0,995 0,85 0,86325 0,969 1,09025 1,129 1,1575 1,167 1,455 1,356 1,356 1,356 1,46775 1,2375 1,1915 1,21375 1,25275 1,17575 1,09075 1,12525 1,20775 1,1075 1,03475 0,88875 0,73825 0,733 0,6675 0,71375 0,5315 0,56475 0,6585 0,57675 0,5625 0,42525 0,51625 0,454 0,42375 0,65375 0,345 0,40825 0,41375 0,503 0,818 0,94775 0,8135 0,4595 0,30725 0,78475 0,8835 0,87325 0,742 0,56525 0,45475 0,50525 0,46
1,198 0,9885 1,17725 1,02375 0,91175 0,95975 0,8585 0,807 0,51975 1,07825 0,5605 0,605 0,54525 0,815 0,94075 1,0605 1,09225 0,916 0,9945 0,8685 1,0835 1,1985 1,168 1,51525 1,356 1,356 1,356 1,438 1,278 1,2635 0,863 0,96175 1,12125 1,13825 1,198 1,15475 0,77475 0,8515 0,70125 0,958 0,70075 0,90525 0,7315 0,25475 0,3465 0,409 0,58775 0,8015 0,99375 1,07425 0,9275 0,97875 0,67475 0,6565 0,85775 0,92975 0,876 0,858 0,93225 1,03975 0,78575 0,335 0,94575 0,851 0,846 0,80575 0,72125 0,5805 0,657 0,84375
1,1735 1,0095 1,03275 0,5405 0,96425 0,86575 0,74825 0,62825 0,8715 0,7765 0,35425 0,86975 0,851 0,71125 0,83225 0,66225 0,93 1,047 1,07825 1,229 1,136 1,111 1,1305 1,5045 1,356 1,356 1,356 1,489 1,13225 1,1925 0,82625 1,0165 1,0655 1,0575 1,114 1,022 0,89175 0,96275 1,02575 0,99 0,98175 0,656 0,39675 0,36725 0,58675 0,68875 0,9145 0,9985 1,3175 1,215 1,1495 0,7852499 0,612 0,83925 0,985 0,79575 0,664 0,82125 0,844 1,04375 0,7545 0,191 0,70025 0,79225 0,761 0,6195 0,594 0,56675 0,74825 0,81925
1,0785 0,91925 0,952 0,5115 1,0875 0,63925 0,9095 0,65575 0,83675 0,27125 0,554 0,70725 1,0415 1,00475 1,00275 1,02525 1,12825 1,16725 1,2295 1,09 1,151 1,15025 1,3155 1,48325 1,356 1,356 1,35775 1,41075 1,4085 1,10375 1,17875 1,15425 1,15375 1,17975 1,108 1,08425 1,1345 1,15175 1,1545 1,15725 1,0595 0,9215 0,93925 0,6285 0,79825 0,92725 0,946 1,3035 1,26175 1,153 1,18925 0,89225 0,78675 0,92325 0,78225 0,81575 1,01325 0,93425 0,84175 0,7805 0,54725 0,416 0,2975 0,9015 0,98925 0,90675 0,54625 0,60225 0,3185 0,6385
0,97875 0,8905 0,82825 0,74 0,9075 0,65175 1,0245 0,46475 0,41825 0,8385 0,92725 0,92625 1,03175 1,1355 1,25375 1,21425 1,1025 0,86975 1,00625 1,12925 1,119 0,98725 1,18375 1,4415 1,40825 1,356 1,3565 1,455 1,21875 1,358 0,86675 1,08725 0,93925 1,068 1,06725 1,02875 1,14425 1,1395 1,07425 1,101 0,994 1,21625 1,14 1,04675 1,00175 0,78575 1,0745 1,31675 1,118 1,1775 1,20125 1,11475 1,0375 1,124 1,1705 0,96175 0,7355 0,80925 0,9245 0,80875 0,8855 0,39625 0,619 1,005 0,84975 0,8245 1,05025 1,096 0,76175 0,28625
