data/rofental/srf_rofental_50.asc
ncols         644
nrows         451
xllcorner     622802,488
yllcorner     5177999,379
cellsize      50
NODATA_value  -9999
[rows 408 to 441 of 451, columns 0 to 77 of 644]
0,909 0,93 1,005 0,924 0,848 0,669 0,795 0,883 1,008 0,766 1,091 0,84 0,795 0,829 1,016 0,908 1,012 0,699 0,983 0,904 0,92 0,826 1,015 1,249 1,157 0,939 1,088 0,913 1,015 1,168 1,072 1,115 1,1 1,149 1,082 1,105 1,09 1,072 1,337 0,908 1,017 1,462 1,187 1,18 1,209 1,338 1,6 1,445 1,142 1,22 1,166 1,27 1,362 0,679 0,924 0,888 1,053 0,963 1,025 1,149 0,986 0,905 0,888 1,154 1,348 1,411 1,467 1,228 1,053 0,91 0,498 1,185 1,248 1,282 0,848 1,163 1,147 0,648
0,5 0,814 0,641 0,694 0,953 0,921 0,994 0,937 0,913 0,823 0,783 1,04 0,796 0,83 0,888 0,944 1,118 0,923 0,78 1,093 0,987 1,011 1,14 1,108 0,914 0,931 1,005 1,159 1,154 1,275 1,344 1,238 1,315 1,177 1,059 1,055 1,028 1,24 1,322 1,112 0,928 0,983 1,355 1,224 1,363 1,6 1,6 1,152 1,213 0,504 0,548 0,659 0,937 1,027 1,086 1,23 1,17 1,043 1,044 1,173 1,183 1,164 0,954 0,924 1,371 1,289 1,214 1,296 1,137 1,133 1,061 0,768 1,106 1,098 1,068 1,11 0,498 0,778
0,699 0,551 0,584 0,756 0,922 0,754 0,881 0,964 1,126 0,704 0,977 1,08 0,783 0,914 0,737 0,826 0,982 1,005 0,797 0,961 0,93 0,921 1,046 1,061 1,069 1,011 1,126 1,049 0,969 1,092 1,184 1,172 1,156 1,127 1,278 0,964 0,923 1,267 1,126 1,021 1,325 1,25 1,363 1,098 1,6 1,571 1,34 0,508 0,493 0,724 0,833 0,956 0,954 1,313 1,216 1,343 0,638 0,723 0,991 1,118 1,102 1,148 0,995 1,117 1,418 1,505 1,454 1,385 1,308 1,36 1,235 1,17 1,134 1,141 1,216 1,146 1,183 0,968
0,992 0,174 0,526 0,817 1,011 0,946 0,93 0,822 0,944 0,835 0,96 1,114 0,854 0,87 0,845 0,895 0,942 1,102 0,946 0,893 1,049 1,068 1,034 1,061 0,946 0,886 1,005 1,038 1,253 1,236 1,17 1,051 1,129 1,1 1,138 1,023 1,096 1,367 0,994 1,241 1,257 1,196 1,501 1,6 1,567 1,145 1,101 1,261 1,314 0,89 1,013 1,023 0,994 0,866 1,361 1,244 1,403 1,245 0,59 0,861 0,92 1,134 0,907 1,029 0,77 1,265 1,358 1,475 0,583 0,454 0,602 1,183 0,414 0,961 1,003 1,018 1,105 0,961
1,128 0,929 0,419 0,863 1,07 1,077 1,064 1,015 1,025 0,992 1,088 1,225 1,057 0,721 0,898 0,849 0,992 0,895 0,968 0,829 0,786 0,9 1,216 1,116 1,117 1,076 0,92 0,933 1,055 1,229 1,19 1,106 1,044 1,036 0,929 1,134 1,253 1,126 1,44 1,295 1,155 1,561 1,58 1,6 1,185 1,124 1,336 1,16 1,027 0,728 0,863 1,015 0,813 0,839 1,111 1,106 1,4 1,348 1,35 1,129 1 0,865 0,907 0,603 0,73 1,188 0,992 1,196 1,098 0,926 0,874 0,909 0,929 0,807 1,13 1,016 1,002 0,941
1,134 0,915 0,705 0,937 1,128 1,131 1,241 1,309 1,187 1,196 1,299 1,192 1,214 1,024 0,87 0,903 0,998 1,038 1,035 0,976 0,894 0,979 1,036 1,123 1,172 1,09 1,146 1,05 1,037 1,108 1 1,061 0,978 0,946 1,148 1,158 0,966 1,129 1,436 1,356 1,133 1,345 1,6 1,263 1,145 1,236 1,515 1,22 0,117 0,563 0,998 1,034 0,944 0,916 1,101 1,036 1,321 1,276 0,994 1,059 1,059 0,891 0,811 1,117 1,107 0,907 1,316 1,212 1,165 1,203 1,205 1,196 1,343 0,701 0,9 0,986 0,934 0,48
1,293 0,598 0,87 1,046 1,152 1,253 1,223 1,335 1,352 0,887 1,25 1,283 1,271 1,174 0,991 0,861 0,893 0,866 1,113 1,092 0,776 0,968 0,913 0,999 1,059 1,07 1,007 0,969 1,029 1,197 1,32 1,07 1,067 0,795 0,936 1,091 1,272 1,214 1,163 1,084 1,27 1,395 1,6 1,382 1,025 1,377 1,228 1,276 1,307 0,776 0,492 1,072 1,027 0,911 0,763 0,712 0,961 0,68 1,095 0,952 0,885 0,674 1,018 1,012 1,156 1,251 1,326 1,426 1,508 1,314 1,393 1,362 1,433 1,382 1,129 1,196 1,313 1,078
0,737 0,86 0,976 1,106 1,121 1,159 1,211 1,164 1,149 1,054 1,092 1,198 1,213 1,323 1,199 1,164 0,958 0,798 0,981 1,248 0,693 0,765 1,01 1,06 0,98 1,188 1,229 0,877 0,993 1,179 1,18 1,26 1,239 1 0,704 1,028 1,188 1,305 1,163 1,236 1,236 1,52 1,558 1,393 1,304 1,27 1,257 1,243 1,371 0,832 0,136 0,911 0,956 1,011 0,846 0,868 1,076 0,632 1,03 0,948 0,638 0,894 1,334 1,147 1,359 1,328 1,463 1,377 1,501 1,485 1,051 1,274 1,078 0,831 1,203 1,13 1,138 1,207
1,1 1,304 1,038 1,19 1,12 1,358 1,031 1,046 1,181 0,836 1,355 1,25 1,115 1,186 1,31 1,361 1,389 1,174 1,114 0,948 0,941 0,744 1,122 1,004 1,161 1,128 1,288 1,194 1,084 1,174 1,206 0,935 1,191 1,446 1,148 1,094 1,135 1,185 1,126 1,193 1,224 1,6 1,407 1,301 1,308 1,051 1,147 1,136 1,036 1,246 0,107 0,39 0,818 0,955 0,952 0,859 0,94 0,999 0,979 1,035 1,283 1,3 0,872 1,212 1,417 1,457 1,388 1,28 1,066 1,143 1,083 0,922 0,639 1,145 1,144 1,426 1,191 1,16
1,051 1,227 1,036 1,313 1,291 1,107 1,269 0,93 0,866 0,972 1,171 1,177 1,286 1,078 0,92 1,084 1,103 1,331 1,186 0,882 0,887 0,897 1,063 0,907 1,038 1,17 1,234 1,124 1,037 1,059 1,116 1,162 1,145 1,238 1,462 1,268 1,151 1,185 1,133 1,37 1,484 1,6 1,584 1,275 1,407 1,157 1,197 1,292 1,303 1,262 0,373 0,117 0,53 0,543 0,994 1,032 0,813 0,675 1,047 0,741 1,082 1,009 0,776 0,773 0,729 1,094 1,033 0,886 0,847 1,019 0,608 0,579 1,044 1,294 1,306 1,33 1,32 0,859
1,146 0,897 0,581 0,665 1,365 1,243 1,216 1,118 1,063 1,084 1,299 1,126 1,192 1,276 0,993 1,101 1,363 1,271 1,284 1,118 0,717 1,135 0,991 0,807 0,981 1,036 1,228 1,149 1,171 1,084 1,159 1,035 1,002 1,011 1,306 1,433 1,222 1,062 1,239 1,576 1,57 1,6 0,965 1,11 1,215 1,297 1,263 1,187 1,295 1,228 1,174 1,109 0,478 0,526 0,73 0,807 0,632 0,83 0,991 0,682 0,898 1,125 1,088 0,868 0,934 1,099 1,096 0,416 0,629 0,39 0,823 1,268 1,244 1,258 1,402 1,467 1,151 0,28
1,233 0,797 1,098 0,891 1,137 1,203 1,021 1,229 1,139 0,87 1,326 0,95 1,028 1,194 1,269 1,23 1,201 1,341 1,28 1,229 0,935 0,771 1,101 0,981 1,022 1,053 1,15 1,1 1,34 0,911 1,096 1,055 1,198 1,27 1,075 1,076 1,144 1,264 1,176 1,522 1,6 1,284 0,761 1,165 1,129 1,218 1,103 1,133 1,096 1,028 0,975 0,719 0,799 0,692 0,391 0,769 0,491 0,764 0,733 0,851 1,009 0,905 0,812 0,895 1,247 1,263 1,292 1,078 1,059 1,256 1,267 1,231 1,207 1,261 1,254 1,439 0,82 0,841
1,084 0,928 1,26 1,253 1,301 1,134 1,019 1,324 1,279 1,278 0,912 0,917 0,736 0,918 1,095 1,165 1,092 1,18 1,3 1,294 1,222 0,934 1,071 1,061 1,071 1,098 0,972 1 1,392 1,049 1,054 1,067 1,279 1,207 1,034 0,947 0,953 1,264 1,448 1,6 0,986 1,272 0,951 0,935 1,189 1,12 1,274 0,891 0,764 1,028 1,11 1,129 0,702 0,675 0,1 0,104 0,165 0,654 0,679 0,856 0,859 0,594 0,515 0,677 1,073 1,202 0,919 1,06 1,311 1,321 1,344 1,323 1,309 1,283 1,347 1,46 0,966 0,323
1,017 0,957 1,012 1,378 1,254 1,184 1,09 1,078 1,165 1,26 1,304 1,153 0,883 0,646 0,574 0,962 1,095 1,054 1,227 1,251 1,261 1,141 1,074 1,005 0,917 0,909 1,001 1,099 1,284 1,234 1,179 1,109 0,997 0,855 0,842 1,005 1,028 1,26 1,6 1,424 0,752 0,851 1,029 1,241 1,109 0,875 0,952 0,914 0,622 0,907 1,015 0,975 0,707 0,524 0,1 0,91 0,515 0,1 0,1 0,1 0,333 0,526 0,531 0,907 0,805 0,818 0,91 1,036 1,127 1,07 1,156 1,309 1,19 1,327 1,362 0,836 0,449 1,021
0,979 0,929 1,242 1,283 1,305 1,227 1,185 1,033 1,16 1,114 1,185 1,384 1,401 0,806 0,842 0,831 0,724 0,98 0,999 1,163 1,187 1,177 1,144 1,285 0,997 0,971 1,006 1 0,951 1,279 1,256 0,95 0,796 0,877 1,046 1,064 1,113 1,245 1,6 0,815 0,922 0,752 0,969 1,007 0,971 1,167 0,764 0,933 1,067 0,873 1,037 0,809 0,736 0,1 0,518 1,007 0,548 0,549 0,712 0,54 0,344 0,1 0,389 0,235 0,985 1,26 1,306 1,353 1,374 1,105 1,114 1,009 1,159 1,259 1,353 1,122 1,417 1,05
1,049 1,009 1,205 1,017 1,215 1,34 1,278 1,25 1,068 1,186 1,029 1,299 1,348 1,143 0,741 1,095 1,26 0,779 0,831 0,997 1,156 1,179 1,179 1,082 1,114 1,025 1,104 1,167 1,209 1,043 0,965 1,02 1,095 1,22 1,066 1,187 1,207 1,499 1,6 1,561 0,236 0,812 0,915 0,782 0,659 0,741 0,954 0,873 0,767 0,793 0,924 0,747 0,156 0,43 0,806 0,926 0,268 0,597 0,782 0,866 0,736 0,86 0,98 0,516 0,1 0,172 0,187 0,1 0,806 0,77 0,86 1,257 1,219 1,204 1,171 1,353 1,457 1,122
1,295 1,141 1,364 1,112 0,746 1,056 1,348 1,295 1,274 1,026 1,142 1,058 1,201 1,289 1,207 0,955 1,17 0,994 0,665 0,796 0,911 1,143 1,031 1,281 1,185 1,074 1,224 1,114 1,136 0,874 0,793 1,166 1,193 0,929 1,096 1,103 1,455 1,6 1,478 1,6 0,695 0,73 0,592 0,753 0,365 0,681 0,731 0,89 0,88 0,788 0,509 0,133 0,652 0,824 1,103 0,657 0,475 0,734 0,862 0,886 0,95 0,83 0,992 0,983 1,127 1,216 1,187 1,357 1,387 1,344 1,345 1,356 1,214 1,171 1,141 1,158 1,135 1,42
1,091 1,213 1,219 1,336 0,908 0,961 1,035 1,306 1,25 1,247 1,246 1,256 1,153 1,258 1,249 1,129 0,94 0,703 0,998 0,971 0,974 0,854 0,928 1,2 1,223 1,098 1,044 0,87 0,864 0,813 0,923 0,971 0,709 1,038 1,227 1,314 1,232 1,493 1,362 1,6 1,5 1,272 0,511 0,494 0,738 0,385 0,363 0,439 0,462 0,308 0,184 0,494 0,824 0,953 1,077 0,884 0,572 0,849 0,892 0,982 1,105 1,114 1,296 1,392 1,37 1,234 1,288 1,386 1,181 1,179 1,112 1,266 1,352 1,181 1,116 1,129 1,079 1,322
1,124 1,295 1,073 1,142 1,142 1,181 1,441 0,984 1,243 1,292 1,166 1,313 1,352 1,229 1,235 1,312 1,242 0,827 1,041 1,302 1,037 0,895 1,101 1,219 1,266 1,062 1,028 0,871 0,746 1,138 1,1 1,091 0,979 0,908 1,091 1,391 1,6 1,393 1,377 1,436 1,574 1,349 0,642 0,422 1,156 0,53 0,1 0,158 0,214 0,586 0,686 0,795 1,055 1,056 1,113 1,132 1,067 1,022 1,096 1,391 1,453 1,447 1,459 1,327 0,855 0,843 0,838 1,288 1,184 1,099 1,044 1,127 1,162 1,249 1,095 1,18 1,019 1,162
1,015 1,277 1,366 1,222 1,044 0,59 1,296 1,353 0,469 1,033 1,272 1,286 1,051 1,184 1,378 1,341 1,233 1,087 1,162 1,27 1,149 1,007 1,24 1,216 0,829 1,346 1,23 1,219 0,979 1,131 1,04 1,09 1,097 0,916 1,152 1,452 1,525 1,372 1,371 1,374 1,5 1,6 1,109 1,298 0,481 0,635 1,133 0,823 0,757 0,642 0,817 0,885 0,794 1,093 1,366 1,274 1,322 1,318 1,324 1,343 1,311 1,494 1,084 1,356 0,693 0,353 0,874 1,181 1,123 1,09 1,022 1,083 1,092 1,19 1,14 1,13 1,153 1,06
1,096 1,044 1,274 1,397 1,174 1,009 1,222 1,403 1,035 0,957 0,829 1,332 1,059 0,847 1,366 1,302 1,268 1,134 1,157 1,204 1,08 1,051 1,123 0,818 0,854 0,771 0,827 1,386 1,284 0,621 1,03 1,09 0,93 1,042 1,034 1,6 1,482 1,391 1,375 1,392 1,403 1,447 1,244 1,107 0,146 0,949 1,199 0,919 1,032 0,817 1,046 1,013 1,401 1,468 1,398 1,355 1,341 1,476 1,509 1,319 1,188 1,237 0,363 0,776 0,978 0,94 0,525 1,089 1,112 1,085 1,031 1,112 1,01 0,397 1,298 1,121 1,135 1,149
1,113 1,199 1,13 1,087 1,432 1,171 1,236 1,372 1,271 1,207 1,365 0,819 0,996 0,891 0,945 1,248 1,235 1,132 1,07 1,168 1,084 0,959 0,796 1,001 0,828 0,512 0,962 1,281 1,412 0,932 0,803 1,038 1,037 1,167 1,189 1,553 1,543 1,351 1,386 1,396 1,345 1,436 1,6 0,889 1,049 1,25 1,187 0,997 0,989 1,353 1,497 1,434 1,325 1,282 1,287 1,378 1,545 1,452 0,672 0,908 1,09 1,359 1,261 1,334 1,418 1,126 0,129 0,807 1,047 1,088 1,016 1,074 0,654 0,23 0,975 1,223 1,134 0,928
1,182 1,189 1,229 0,82 1,217 1,264 1,113 0,855 1,281 1,256 1,37 1,191 1,206 1,284 1,346 1,056 1,243 1,123 0,928 1,072 1 0,724 0,914 0,9 1,076 1,107 1,161 1,053 1,421 1,407 1,07 0,947 1,071 0,898 1,229 1,6 1,441 1,333 1,371 1,375 1,351 1,279 1,408 1,6 1,273 1,248 1,264 1,564 1,551 1,365 1,357 1,426 1,386 1,311 1,233 1,305 1,175 0,905 0,747 0,761 0,971 1,178 1,291 1,207 1,407 1,364 0,294 0,229 0,496 0,663 0,901 1,007 0,223 0,745 0,959 1,222 1,041 1,038
1,012 0,985 1,376 0,943 1,014 1,05 1,325 0,968 0,921 1,256 1,092 1,129 1,168 1,283 1,399 1,195 0,888 0,896 0,889 0,912 0,818 1,078 0,941 1,207 1,246 1,212 0,98 1,038 1,009 1,403 1,407 1,05 0,929 1,122 1,6 1,386 1,277 1,359 1,375 1,396 1,332 1,422 1,308 1,396 1,6 1,6 1,434 0,97 1,156 1,169 1,144 1,346 1,314 1,41 1,449 1,297 1,45 0,967 0,957 1,001 1,023 1,068 1,096 1,203 1,199 1,303 1,065 1,107 0,134 0,755 0,89 1,112 0,216 0,828 1,08 1,214 0,901 0,937
0,558 0,852 1,13 1,37 1,319 1,281 1,231 1,078 1,091 1,266 0,963 0,956 1,384 1,145 1,166 0,913 1,029 0,974 0,862 1,001 1,022 0,702 1,217 1,222 1,178 1,175 0,994 0,923 1,014 0,901 1,187 1,431 1,201 1,506 1,6 1,236 1,376 1,364 1,372 1,349 1,309 1,177 1,258 1,354 1,292 1,217 1,567 1,391 1,248 1,119 1,129 1,054 1,252 1,293 0,811 1,303 1,39 1,48 1,186 1,016 1,132 1,216 1,243 1,163 1,161 1,193 1,265 1,227 0,1 0,495 0,905 0,879 0,222 0,656 0,979 1,205 0,98 0,872
0,932 0,69 0,683 0,996 1,412 1,216 1,206 1,436 0,907 0,865 1,136 1,21 1,308 1,354 1,028 0,989 1,081 1,092 1,168 1,167 0,883 0,995 1,172 1,215 1,166 1,023 1,051 1,08 1,155 0,969 0,988 1,248 1,157 1,6 1,505 1,385 1,395 1,455 1,455 1,48 1,521 1,471 1,355 1,303 1,231 1,165 0,704 1,483 1,248 1,154 1,143 1,319 1,408 1,342 0,842 0,849 1,27 1,408 1,418 1,429 1,315 1,141 1,148 1,245 1,218 1,22 1,225 1,313 1,125 0,155 0,678 0,534 0,294 0,959 1,05 1,023 1,1 1,017
1,301 1,221 1,129 0,809 1,099 1,203 1,257 1,347 1,195 1,328 1,255 1,437 1,148 1,162 1,043 1,066 1,225 1,309 1,163 0,975 0,774 0,83 1,123 1,193 1,079 1,049 1,081 1,137 1,04 1,182 1,066 0,98 1,567 1,6 1,327 1,299 1,349 1,345 1,481 1,453 1,324 1,292 1,311 1,175 1,003 1,369 1,411 0,759 1,152 1,032 1,216 1,112 1,488 1,443 1,263 0,697 1,027 1,363 1,318 1,235 1,395 1,317 1,12 1,111 1,205 0,95 1,241 1,254 1,233 0,692 0,83 0,443 0,287 0,79 0,762 0,563 0,471 0,717
1,016 1,025 1,013 1,162 0,925 1,062 1,177 1,28 1,457 1,428 0,896 0,989 1,18 1,223 1,187 1,195 1,276 1,16 0,908 0,979 0,76 0,814 1,063 1,148 0,998 0,931 1,118 1,038 1,179 1,07 1,071 1,416 1,6 1,242 1,31 1,323 1,271 1,215 1,248 1,459 1,303 1,283 1,239 1,255 0,963 0,976 0,999 1,354 1,055 1,04 0,906 0,97 1,232 1,426 0,879 0,662 1,121 1,059 1,313 1,307 1,225 1,361 1,236 1,212 1,176 0,931 0,736 1,249 0,891 1,037 1,097 0,563 0,1 0,1 0,491 0,711 0,465 0,1
1,115 1,04 1,076 1,08 1,032 1,137 0,917 0,713 1,138 1,145 1,349 1,02 1,157 1,293 1,215 0,916 1,184 1,234 1,059 1,079 1,069 0,93 1,178 0,976 0,946 1,071 1,099 1,121 1,133 1,198 1,28 1,6 1,442 1,243 1,372 1,262 1,183 1,133 1,131 1,322 1,395 1,268 0,996 1,314 1,157 0,985 0,91 1,199 1,307 1,336 1,309 1,073 1,269 1,407 0,771 0,463 1,001 1,089 0,924 1,303 1,131 1,355 0,534 1,342 1,3 1,144 0,66 0,851 0,916 0,821 0,422 0,317 0,525 0,79 0,686 0,493 0,438 0,1
1,278 1,266 1,234 1,106 1,062 1,175 0,945 0,893 0,929 1,303 1,352 1,386 0,976 1,272 0,91 1,229 1,042 1,198 1,066 1,02 1,101 1,123 1,11 1,04 1,048 1,115 1,118 1,017 1,052 1,173 1,566 1,6 1,139 1,283 1,392 1,426 1,492 1,379 1,383 1,379 1,28 1,233 1,132 0,956 1,072 1,034 1,022 0,766 1,077 1,032 1,265 1,238 1,057 1,438 1,015 0,245 1,032 0,93 0,854 1,199 0,982 1,188 0,502 1,239 1,011 0,918 0,763 1,286 0,976 0,956 0,434 0,103 0,898 0,963 0,978 0,827 0,817 0,638
0,939 1,069 1,229 1,16 1,199 1,155 1,227 0,93 0,521 0,864 1,045 1,088 1,179 1,031 1,331 0,77 1,426 1,291 1,298 1,162 0,968 1,127 1,111 1,183 1,166 1,065 1,096 1,237 0,949 1,6 1,6 1,51 1,227 1,448 1,452 1,442 1,379 1,331 1,044 0,905 1,406 1,565 1,34 0,85 0,671 0,818 0,869 0,767 1,021 0,77 0,799 1,154 1,324 1,251 1,16 0,567 0,673 0,82 0,577 1,168 1,076 0,766 0,656 0,92 0,81 0,834 0,722 1,311 1,276 0,832 0,166 0,569 0,799 1,075 1,053 0,984 0,989 0,694
0,983 1,005 0,899 0,889 1,028 1,101 1,242 1,179 1,169 1,159 0,89 0,702 0,642 0,76 1,322 1,217 0,79 1,126 1,463 1,286 0,888 0,992 1,107 1,22 1,325 1,132 1,162 1,192 1,533 1,6 1,552 1,205 1,28 1,221 1,289 1,241 1,497 1,433 1,219 1,246 1,104 1,268 1,553 1,285 0,905 0,887 0,755 0,992 0,934 1,12 1,033 0,987 1,307 1,292 1,399 0,622 0,634 0,4 0,869 0,756 0,877 0,697 0,664 0,1 0,257 0,484 0,818 1,281 1,118 0,616 0,717 0,637 0,978 1,05 1,125 0,975 0,986 0,858
1,125 1,115 1,113 0,905 1,059 1,107 1,077 1,005 1,083 1,281 1,095 1,176 1,028 0,913 1,073 1,414 1,264 0,448 1,441 1,396 0,993 1,066 1,016 1,217 1,202 1,128 0,952 1,36 1,6 1,556 1,216 1,388 1,372 1,256 1,133 1,191 1,296 1,151 1,307 0,954 1,163 1,16 0,949 1,523 1,523 0,936 0,679 1,082 1,136 0,871 0,891 0,721 1,083 1,182 1,066 1,302 0,689 0,351 1,075 1,258 0,888 0,623 0,391 0,757 0,1 0,776 1,215 1,209 0,917 0,293 0,843 1,005 1,102 1,002 1,068 1,05 1,005 0,725
0,982 1,059 1,125 1,052 1,253 1,229 1,278 1,125 1,301 1,074 0,958 1,003 0,847 0,996 1,098 1,193 1,446 0,921 0,855 1,5 1,081 0,833 1,035 1,122 1,239 1,17 1,18 1,559 1,576 1,344 1,379 1,372 1,41 1,462 1,43 1,474 1,305 1,532 1,365 1,059 1,108 1,181 1,115 0,735 1,407 1,519 1,188 1,127 0,775 1,191 1,181 1,019 0,926 1,09 1,296 1,407 0,822 0,868 0,496 1,154 0,856 0,642 1,116 1,184 1,098 0,115 0,854 0,854 0,359 1,09 0,989 1,052 1,202 0,951 1,191 1,155 1,147 0,904
