results/rofental/evapotranspiration_2020-09-01T0000_2020-09-30T2300.asc
ncols        322
nrows        225
xllcorner    622802.488000000012
yllcorner    5178049.378999999724
cellsize     100.000000000000
[rows 168 to 195 of 225, columns 126 to 188 of 322]
0 0 0 0 0 0 0 0 0 0 0 0 0 0 0 0 0 1.8492499466771157302 1.837536203250852207 1.5692654201961053761 1.6203173104251393788 1.6102553859686297155 1.5991999424967906496 1.5814788254412668334 1.5575812875173156158 1.5415020596544664055 2.1670508190375530333 2.1606997636446854116 2.1660709872261563191 2.1723868156739341018 2.1781441439004720628 2.2200698187952472296 2.239266055506721198 2.2756234550735090494 1.5550428848529151971 1.5698583388985267728 1.5888309527846209424 1.5984468917655325626 1.8684383503217258937 1.8875040196834951267 1.9217920286696257293 1.901643524546824171 1.9014264792351587285 1.9011519030265506824 1.9006358585354685697 1.8417181291947648525 1.8412121940001875409 1.8407975603274877585 1.8404267547864558985 1.840039467254869221 1.889906302335741195 1.8921091547942225919 0.95982801810791329444 0 nan nan nan nan nan nan nan nan nan
0 0 0 0 0 nan nan 0 0 0 0 0 0 0 0 0 0 1.8381227569180371706 1.5687785171291186437 1.5620411719604612166 1.6157642470799207235 1.6032773560588702288 1.5874482863999961335 1.5642275276609540757 1.5466734994919475454 2.1625769825121010648 2.1542256808574062887 2.1538111945582296691 2.1594964680975374804 2.1677922090511096975 2.1740998868430363444 2.1797267312310522058 2.2355575696527925089 1.9638104445278845578 1.5584461119669903439 1.5743324240694134275 1.5914198814546820504 1.607355340436491975 1.879572864075487626 1.9058497943131733621 1.9032429167659945524 1.9033286190642877411 1.8429560805204863172 1.8424980952183924732 1.8420553571155104944 1.8415519293374658094 1.8410611679704500521 1.8406205989979502746 1.840240036357726483 1.8398130411729829436 1.8393775378442085433 1.8929399158371915668 0.96130469833845644256 0 nan nan nan nan nan nan nan nan nan
0 0 0 0 nan nan nan nan nan nan 0 0 0 0 0 0 0.93500000000000027534 1.5724594123966788572 1.5652867841218434108 1.5571069465180562563 1.6037692494343522842 1.5874467292848508659 1.5667974930813111101 1.5498169481206374165 1.5354069582406768557 2.1498453805348032297 2.147213559609789435 1.9145140741030652887 1.8335950150308435447 1.6997925003971059432 2.1702524981366808632 2.1778073635277079845 1.9479198729560902592 1.5519774547098887929 1.5642538427050558525 1.5807049411276548057 1.6024818550557080599 1.8840921068452500808 1.9024573285462142991 1.9048671842873035054 1.9054759524631392775 1.8433225012986242941 1.8428194846920618044 1.8423786263201324953 1.8418862927833115073 1.8413591698331990276 1.840891664192571886 1.8404690045458735881 1.840082850900781386 1.8396303819410060321 1.8391572491455661087 1.8386144361205130071 0 0 nan nan nan nan nan nan nan nan nan
0 nan nan nan nan nan nan nan nan nan 0 0 0 0 0.93500000000000016431 1.5645528051838435424 1.5606366783103360341 1.5577268343113124249 1.6103743210492114102 1.5999713080374373675 1.5848841733938596743 1.5656869689229153675 1.5504731834701934723 1.5381017017877118835 1.5284889379961470457 2.1403071541749687512 1.8305283859830103754 1.5314077791299072206 1.5337413822589973655 1.5367811925036747311 1.5375073346429146692 1.9360759704456103059 1.551321122058883839 1.5624851192174102898 1.5757724225320650646 1.5930697478832593905 1.7495238395062435721 1.9056164966059907506 1.9066928538020242456 1.9075312555380425916 1.8437312646679555606 1.8431948872712231591 1.8427162134642727231 1.8422242734550955401 1.8417101818784091805 1.8412214751505859844 1.8407597116758511735 1.8403447899455533943 1.8399496436178219838 1.839494837695777596 1.8390234090488881691 1.8384886445199366545 1.8378705554560745838 0 0 nan nan nan nan nan nan nan nan
nan nan nan nan nan nan nan nan nan nan nan 0 0.93500000000000016431 1.5583193060920601525 1.5521039302199699517 1.5474121514339791439 1.546616578208832804 1.600392218005831646 1.5925829058322884535 1.5799326604780585814 1.5634198648776498342 1.5491274827897829613 1.5380481526215585841 1.5285808268533813692 1.8282521235693862671 1.9110437681450336278 1.529667343508360311 1.5350839171401187144 1.5382157446118756017 1.5415879127980416374 1.5445315504331404988 1.5489963181976618145 1.5605903175161128793 1.5771621992131934498 1.5908800602099828492 1.6062154819424305785 1.8930556231717481364 1.9085505234871806834 1.9093881906563585638 1.8441830416078697219 1.8436240502687883946 1.8431147070586508807 1.8426005386611763459 1.8420973727925895602 1.8416098845805968232 1.7838654709293633172 1.7726750827057984328 1.8402393066408193611 1.8398044073437320733 1.8393608609635723194 1.8388781989152929164 1.8383515230106011185 1.7561597231455379209 0 0 nan nan nan nan nan nan nan nan
nan nan nan nan nan nan nan nan nan nan nan nan nan 1.5441673765635310911 1.5944493101356691511 1.5879396613973559838 1.5845316805037508168 1.5793933829353496989 1.5708938016139044613 1.5589773752248567984 1.5469987299500311817 1.5375549100692540438 1.5287507827399391402 1.5260566220271079008 1.5270731920737996568 1.5275764213197238206 1.5329422141158364212 1.5388731237082740044 1.5426103801677617522 1.5469869787067269673 1.5520458910588603718 1.5585017543104933146 1.5704553437117512171 1.5881519614641650406 1.6052590041108247831 1.8776083541674399857 1.9102873487970850608 1.9115976918422143971 1.8446863917192535265 1.8441260715718081897 1.843583835891927647 1.8430583136339278028 0.96626062091952580335 1.8326201901891632229 1.8205238809277604073 1.8070002273860237274 1.7928101696678007126 1.7784208927997793293 1.7670873244879112818 1.7574657645957554308 1.7517995494004847679 1.7552071423705413178 0.96311104040749984101 0 0 0 nan nan nan nan nan nan nan
nan nan nan nan nan nan nan nan nan nan nan nan nan nan nan 1.5719468555819011701 1.5636698879429531406 1.558081380691825224 1.5490875829757642101 1.5434990682156546349 1.5354124045294597067 1.5285515174016053308 1.5263880780322394148 1.5291163696766554292 1.5301213110061180345 1.5302907870408020141 1.5355173193230244877 1.5424421073391727521 1.5472393449715171609 1.5529755172133501429 1.5616373930480371701 1.5696939495987598523 1.5820818076843288225 1.5962199797815344038 1.6155148130402350315 1.9053005944096437219 1.9142410922458574785 1.8452355670715105962 1.8446539932330605627 1.844101648322341136 1.8435713953237724549 1.8430456172506564094 0.96751791740702985933 0.96718737200923876607 0.9662365898850523438 0.96511489671251793343 0.96396688446736100708 0.96291140910876915626 0.96193010017841795722 0.96125147494395379866 0.96116000915938160087 0.96211228974722184937 0 0 0 nan nan nan nan nan nan nan nan
nan nan nan nan nan nan nan nan nan nan nan nan nan nan nan 1.5596913665217537748 1.5481319556648309721 1.5438138314549150198 1.5386175826545309686 1.5326546673327650083 1.5261328109367700012 1.525506582490953722 1.5288028211556807801 1.5316396743353917209 1.5329508473661710433 1.5331952356073752508 1.5384824020661753696 1.5467115574305265735 1.5536264509356061403 1.561248299939137496 1.5753374854773758429 1.5855779391728093142 1.5960734507802942783 1.6083102782376490492 1.8754376523248599273 1.9147171627848253994 1.8458062995642501303 1.8453185310149617937 1.8447029509058376906 1.8441560841905850765 0.96981048286458715335 0.96947518492717577043 0.96924573558264792705 0 0 0 0 0.96445289886371432519 0.96330332012375363693 0.96248885942743722666 0.96231566875333018896 0.96350379218873105636 0 0 nan nan nan nan nan nan nan nan nan
nan nan nan nan nan nan nan nan nan nan nan nan nan nan nan nan 1.540885760889587619 1.5366644479243889432 1.5313199167623576802 1.5253165751694739427 1.5240056744480707795 1.5281636184434228554 1.5314100259604841447 1.5346369332700302568 1.536216532229855547 1.5370712308622589415 1.5426246783513559713 1.5514021965639752665 1.5609147780151551022 1.5712925012586749229 1.5905581374917010518 1.6002845497293340937 1.609388022642814553 1.7530823938877573287 1.8908471437328346898 1.9170735432656198505 1.8458333802297370863 0 0 0 0 0 0 0 0 0 0 0 0 0 0 0 0 nan nan nan nan nan nan nan nan nan nan
nan nan nan nan nan nan nan nan nan nan nan nan nan nan nan nan nan 1.5334187344479563997 1.5286676454835430583 1.523786221375752481 1.5253182104015616805 1.5303503162798361981 1.5346712527157726491 1.5381342111365829961 1.5406411366595833545 1.5433991754953382269 1.5490385930804129178 1.558995849011359569 1.5673696341658158726 1.5843069980579655986 1.599546978440663958 1.6092753574630176416 1.6187622162306314344 1.8753170701684516164 1.9065984306841941009 1.9184502502173166327 1.8458805779793137081 0 0 0 0 0 0 0 0 0 0 0 0 0 0 0 nan nan nan nan nan nan nan nan nan nan nan
nan nan nan nan nan nan nan nan nan nan nan nan nan nan nan nan nan 1.5297621556884735128 1.5266290972162321893 1.5240301197481276319 1.5260625156676741465 1.5316537215156507123 1.5370334153080369433 1.5424021019010762945 1.5470767361145210117 1.5515594275938886515 1.5558265609924040174 1.5656150622820126372 1.5784067544859297083 1.5910699181381249279 1.6039141131053067379 1.6152040425658982237 1.8695549744148618476 1.8934222675932785851 1.9170254045787951114 1.8464758017249804922 1.8460419975186785901 0 0 0 0 0 0 0 0 0 0 0 0 0 0 0 nan nan nan nan nan nan nan nan nan nan nan
nan nan nan nan nan nan nan nan nan nan nan nan nan nan nan nan nan nan 1.5242428117030291101 1.5240813654304070646 1.5272712518561786244 1.5345663781549030436 1.5417009459891959366 1.5481199929558957518 1.5551639729451602889 1.5599349966191569106 1.5613064626752564124 1.5712809427916503147 1.5865141388846317749 1.5953700213687582732 1.6090224707275460059 1.6193244373644681833 1.8764232270345784226 1.9066816784156366271 1.9183074185621333818 1.921197213267545667 1.8460128062256009329 0 0 0 0 0 0 0 0 0 0 0 0 0 0 nan nan nan nan nan nan nan nan nan nan nan nan
nan nan nan nan nan nan nan nan nan nan nan nan nan nan nan nan nan nan 1.5233659657182163638 1.5269444766237392219 1.5328138015416843398 1.5389008119427320942 1.5472860221834705552 1.5555199244590420804 1.5621141810371019787 1.566428622040776375 1.5685324687881498917 1.5759701801929175691 1.5876909613353609174 1.5993818717239309812 1.6147464065583809756 1.8658784312706193642 1.8897957809308549848 1.9186240035084864974 1.9196530505669571198 1.8465259715080235559 1.9134544041465080255 1.8454762764052143886 0 0 0 0 0 0 0 0 0 0 0 0 nan nan nan nan nan nan nan nan nan nan nan nan nan
nan nan nan nan nan nan nan nan nan nan nan nan nan nan nan nan nan nan nan nan 1.5407947893747984125 1.5460485196883788639 1.554034179516594838 1.5632754576662459822 1.571892862152926007 1.5779645299789499813 1.5801232045710096319 1.5835433117579986728 1.5941142028310835155 1.6153021520654671228 1.8665617414536841423 1.8917488374685709207 1.916321391640467553 1.9211247911241393638 1.8471719924003191515 1.8465858681523141804 1.8460055818047838017 1.8455183371013164084 0 0 0 0 0 0 0 nan 0 0 nan nan nan nan nan nan nan nan nan nan nan nan nan nan nan
nan nan nan nan nan nan nan nan nan nan nan nan nan nan nan nan nan nan nan nan 1.5511364167654766444 1.5577363123282959023 1.5630902220857985085 1.5729407796313077395 1.58352582833950839 1.5889524332405664531 1.593714784177917565 1.5964226105682846057 1.6072108645989118259 1.8721767574476675389 1.9156050859822835175 1.9255168260244921452 1.8485166716301730805 1.847904394774436021 1.8473022406699426412 1.8466598614651288379 1.846125161367933476 1.8456457185083721129 0 0 0 0 0 0 nan nan nan nan nan nan nan nan nan nan nan nan nan nan nan nan nan nan nan
nan nan nan nan nan nan nan nan nan nan nan nan nan nan nan nan nan nan nan nan 1.5659113212587549846 1.5727460154081356336 1.5794685650943849353 1.5871102779911161473 1.5965497594428268435 1.5995211874770900451 1.6051137762846339196 1.6101987189077699991 1.6258965063270629514 1.9204532350481453573 1.8500736197775260461 0 0 0 1.8474953618280209877 1.8467985709833010244 0 0 0 0 0 0 0 0 nan nan nan nan nan nan nan nan nan nan nan nan nan nan nan nan nan nan nan
nan nan nan nan nan nan nan nan nan nan nan nan nan nan nan nan nan nan nan nan 1.5905939957280113006 1.5975219043545019204 1.5982350982329034395 1.6039905701649175285 1.6073484226440315492 1.6075670469456881939 1.6145767944622178014 1.6228280479304255657 1.8759455566524017023 1.928367832576169949 0 0 0 0 0 0 0 0 0 0 0 0 0 0 nan nan nan nan nan nan nan nan nan nan nan nan nan nan nan nan nan nan nan
nan nan nan nan nan nan nan nan nan nan nan nan nan nan nan nan nan nan nan nan nan 1.5499757010618451236 1.61242871741553917 1.6155564500912751313 1.6150543490291429105 1.6152240470271808093 1.6227619763802219044 1.8633677891314923691 1.892604133176146286 1.9300817901974609558 1.8503978336581567987 0 0 0 0 0 0 0 0 0 0 0 0 nan nan nan nan nan nan nan nan nan nan nan nan nan nan nan nan nan nan nan nan
nan nan nan nan nan nan nan nan nan nan nan nan nan nan nan nan nan nan nan nan nan 1.5518108028215926719 1.6202575708943978139 1.6232622808875818432 1.6247840425876973747 1.624753917350326482 1.7621521716440593508 1.8753505239676715455 1.9112139573602893172 1.9205566498714699009 1.8504374204964981754 0 0 0 0 0 0 0 0 0 0 0 0 nan nan nan nan nan nan nan nan nan nan nan nan nan nan nan nan nan nan nan nan
nan nan nan nan nan nan nan nan nan nan nan nan nan nan nan nan nan nan nan nan 1.5586999183135032965 1.556362939177418081 1.5586660375696699266 1.5610810675840409711 1.6326353499460886098 1.7659869686377958065 1.8720086321913298466 1.8880823940333411048 1.8511551414284062034 0 0 0 0 0 0 0 0 0 0 0 0 0 nan nan nan nan nan nan nan nan nan nan nan nan nan nan nan nan nan nan nan nan nan
nan nan nan nan nan nan nan nan nan nan nan nan nan nan nan nan nan nan nan 0.93499999999999994227 1.561851395732531067 1.5624605744530166707 1.5646341186846983717 1.7013288200668061911 1.8020481508147174754 1.8769334909484713947 1.8848286716026905196 1.9026335907193245855 1.8512828415895681289 0 0 0 0 0 0 0 0 0 0 0 0 nan nan nan nan nan nan nan nan nan nan nan nan nan nan nan nan nan nan nan nan nan nan
nan nan nan nan nan nan nan nan nan nan nan nan nan nan nan nan nan 0 0 0.93500000000000005329 0.93500000000000016431 0.93500000000000005329 1.806828759061543721 1.8119675208049981219 1.8134376638992399933 1.8164756716916721224 1.8256065450823624197 1.8398831188600688336 0.93500000000000038636 0 0 0 0 0 0 nan nan nan nan nan nan nan nan nan nan nan nan nan nan nan nan nan nan nan nan nan nan nan nan nan nan nan nan
nan nan nan nan nan nan nan nan nan nan nan nan nan nan nan nan 0 0 0 0.93500000000000016431 0.93500000000000005329 0.93500000000000005329 0.93500000000000005329 1.8219305377027219528 1.8244832442156151409 1.8290441075594736642 1.8388868216618321494 1.8517083290303488763 0.93500000000000016431 0 0 0 0 nan nan nan nan nan nan nan nan nan nan nan nan nan nan nan nan nan nan nan nan nan nan nan nan nan nan nan nan nan nan
nan nan nan nan nan nan nan nan nan nan nan nan nan nan nan nan 0 0 0 0 0 0 0.93500000000000016431 0.93500000000000005329 1.8345313276544226166 1.8430997597285652123 0.93500000000000016431 0.93500000000000005329 0.93500000000000005329 0 0 0 nan nan nan nan nan nan nan nan nan nan nan nan nan nan nan nan nan nan nan nan nan nan nan nan nan nan nan nan nan nan nan
nan nan nan nan nan nan nan nan nan nan nan nan nan nan nan nan 0 0 0 0 0 0 0 0 0 0 0.93500000000000005329 0 0 nan nan nan nan nan nan nan nan nan nan nan nan nan nan nan nan nan nan nan nan nan nan nan nan nan nan nan nan nan nan nan nan nan nan
nan nan nan nan nan nan nan nan nan nan nan nan nan nan nan nan nan 0 0 0 0 0 0 0 0 0 0 nan nan nan nan nan nan nan nan nan nan nan nan nan nan nan nan nan nan nan nan nan nan nan nan nan nan nan nan nan nan nan nan nan nan nan nan
nan nan nan nan nan nan nan nan nan nan nan nan nan nan nan nan nan nan nan 0 0 0 0 0 nan nan nan nan nan nan nan nan nan nan nan nan nan nan nan nan nan nan nan nan nan nan nan nan nan nan nan nan nan nan nan nan nan nan nan nan nan nan nan
nan nan nan nan nan nan nan nan nan nan nan nan nan nan nan nan nan nan nan nan nan nan nan nan nan nan nan nan nan nan nan nan nan nan nan nan nan nan nan nan nan nan nan nan nan nan nan nan nan nan nan nan nan nan nan nan nan nan nan nan nan nan nan
