results/rofental/evapotranspiration_2020-06-01T0000_2020-06-30T2300.asc
ncols        322
nrows        225
xllcorner    622802.488000000012
yllcorner    5178049.378999999724
cellsize     100.000000000000
[rows 155 to 185 of 225, columns 140 to 209 of 322]
0 0 0 0 0.12955547595594282817 1.074552223029051623 0 0 0.21070284505075895232 0.32423849661996245741 1.3505479599303875649 2.0422818273981331316 3.646355515276138437 4.6310863671398196928 5.5256834954574323149 9.3368935404610624573 12.067008352754708511 11.779142168818063752 12.391368177006800266 12.701619926419370543 12.928918490773920524 12.459091877510177326 12.25235731042207199 11.167564435628603903 11.070096366804547117 8.9457677412910303616 8.9381093045808786002 11.418795548362240311 10.604139306538360898 9.5913043749485318301 5.8882272495054222006 6.8193645765370396461 3.0015760871329058013 3.0001766766245938634 4.8883815866683253404 4.9453520666551584739 2.1951059610551677537 2.2001091921210900182 4.0677310155102412992 2.2068199136306998476 1.2269273935014470833 2.2082058260445247555 2.207731557378707965 1.2321656508073026703 2.2098627971427977634 2.2105520399113407493 3.3346346472655783444 1.2418023020388762045 0 nan nan nan nan nan nan nan nan nan nan nan nan nan nan nan nan nan nan nan nan nan
0 0 0 0 0 0 0 0 0.20846047305483370038 0 0.20458233723972346629 0.93500000000000005329 2.0698746990060610251 4.6052039274281755254 7.3756439359606185135 11.937216755626776532 12.907889541248314558 12.403738763599619688 12.795625415698506089 12.740754380136984025 12.771317202221363019 12.134824835524705477 12.414381312075278174 10.402874607057258416 11.044071000575936381 7.9282566789235264793 6.7308809350763212365 5.9178683082081002809 9.1481742899062030716 11.601863483450564729 9.7808476296740991529 7.801959374463588226 4.8085530955690174437 0 0 2.6424040390576228887 2.6551823857939216289 2.1992141777554921056 3.3846917918465884156 2.6737064187806125481 1.2699256760953556711 1.2693176512453419047 2.2049310190892250638 0.14315366406148616329 0 0 0 0 nan nan nan nan nan nan nan nan nan nan nan nan nan nan nan nan nan nan nan nan nan nan
0 0 0 0 0 0 0 0 0.20686131931771453707 0.20447440027884838942 0.2029773514347053831 1.0363317037116483998 2.0668935420442591244 4.5669365627425930754 4.7792793655437071365 11.917511909057711961 12.907973325674658938 12.999436847159129726 13.115965381641109033 13.117780012424068659 12.419206613389825122 13.128526084044738198 11.92087413359938175 11.2881252554329361 11.060931102443449348 10.253278357733764281 7.8537260689517083279 5.1878044059217653938 4.812930552268236184 7.0252322195864751464 9.3346105618449630725 9.053086354663383517 7.8259829608952955482 4.234683296813961384 0 0 0 1.2115669560994684062 2.2016759370056679934 1.2663072661017196197 0.0026058539008354817193 0 0.29014993634797342503 0 0 0 0 nan nan nan nan nan nan nan nan nan nan nan nan nan nan nan nan nan nan nan nan nan nan nan
0 0 0 0 0 0 0 1.3548895247985039969 2.6618076005209112544 3.6244922163987642882 3.0062405418012430047 3.0043348754321348437 3.0021185456959269544 4.5596965170760173081 4.6299762411433356135 8.0612644267184911939 12.962512552334239047 13.013511642754078679 13.124585991515740346 12.801765023357688733 12.570043222526178894 12.293060163251347205 11.605241869419923972 10.535315366276293503 10.382102992960071219 10.46756100910034526 11.482025733370235798 7.8420015710262100939 5.4153231445304212954 6.5608241655637185019 8.6739241706936223153 9.3012273227812816145 7.8287552485601139551 6.0229321189644151602 5.1435218112810376923 2.64985558936050003 0 0 0 0 0 0 0 0 0 0 0 nan nan nan nan nan nan nan nan nan nan nan nan nan nan nan nan nan nan nan nan nan nan nan
0 0 0 0 0 0 0 0.20811699314430101571 3.0105219935396383413 2.9723875461301152434 2.0328534618161646641 2.0184316404993203342 3.2867890034021738366 4.5592704205456797695 6.9315167060144240452 9.591701992403750765 12.981971540956088518 13.040074523709666465 13.162719623277647329 12.535715125192956165 12.219198136468456539 11.773730749107775395 10.416576292013170146 11.399785951345084101 11.107971030077578689 11.230373373210946752 7.7266329459589018214 5.9604242223126462363 5.385141289791059549 4.8324344245591586144 4.8566888962582703826 4.8960152216517904833 7.8530383400634029556 7.8806804576530922191 5.8869019455752802372 7.8182664000761192824 8.9164300282241359952 6.1326244393394615528 0 0 0 0 0 0 0 0 0 nan nan nan nan nan nan nan nan nan nan nan nan nan nan nan nan nan nan nan nan nan nan nan
0 0 0 0 0 0 0.21435839081477939261 1.045936121792176543 0.3064040866507352634 1.0379064895908745036 1.0002716028629645706 2.0671807285632990414 1.0311738094096594143 2.5130866035309247231 7.3289819500639383776 11.848825834052048478 13.006594167633034331 13.057714651929931193 13.189188790683930463 12.492215713939934574 12.067708758249592549 11.725201190097703119 10.443108212311759786 10.544701506554490678 10.393903040014299322 10.455749607501703125 11.32949148556018315 5.0131952541343309804 4.8269678325140539243 4.8404173464490201084 2.9894580039599949473 1.2193774104006929182 4.1838897525758129703 4.2335264959595706458 4.0405433834824302508 4.0207514939058546233 5.3267145977780216981 7.8618096853939443136 7.7220481973658960939 1.2678269860342550324 0 0 0 0 0 0 nan nan nan nan nan nan nan nan nan nan nan nan nan nan nan nan nan nan nan nan nan nan nan nan
0 0 0 0 0 0 0 0.21091027926368144385 0 1.0401411143596999143 3.0051613357503828006 3.2950582325421002849 1.0317089533698033943 4.5158260604016531303 9.9021737455493674673 12.906808223964658211 13.97102391220333395 13.085315100135966659 13.191090825861641278 12.287270900155331077 12.072201961419342098 12.220741044358904404 10.481157128882937712 10.391104947085141319 10.398488051104184393 10.425470604972771227 11.384815780133179075 9.8544113430979862756 5.060577681814669937 4.861614188002175041 2.1493750312089394683 1.2197084471243444526 1.2243677506682668632 2.1662416734812537378 4.0167152594865891402 4.0181992043304042284 2.1836564062272021403 4.0571103281986466982 7.5778787712919308817 8.154770564500703145 4.0437445309266495386 2.6882828475054849626 0 0 0 nan nan nan nan nan nan nan nan nan nan nan nan nan nan nan nan nan nan nan nan nan nan nan nan nan
0 0 0 0 0.13227795954545912283 7.5141709679545968755e-05 0 0 0.21109958311180790358 0 0.89873023241837191044 1.0353983663104209256 1.031195247373080548 4.5169784821677581022 9.3999655817861160756 12.900639021048679211 13.847405859278465456 13.106051382620218959 13.204517459031308135 12.037973348406682206 11.206693586227263637 11.390155581897451142 11.408694930719605054 10.610282026998062221 11.19512004085884449 10.205546817223575928 9.0395593318843108221 9.1968147745118766778 5.0542015909142241625 4.7962631077013400116 1.1520915026998810315 1.1598456292357328667 1.224859720026920229 2.1661174363305732982 3.9997406489457421053 4.0273958074017643938 2.1816841849044505963 1.198760073279762528 1.2530325750592863354 2.9222171494300033245 2.9216359268535585514 2.1992155656980538758 2.2042096493231553289 1.2713822195781883106 0 0 nan nan nan nan nan nan nan nan nan nan nan nan nan nan nan nan nan nan nan nan nan nan nan nan
0 2.0877030004510355177 2.0855540656736537564 3.6814703724745723179e-05 0 0 1.3692023049895547526 1.360973936883073776 1.3555410850096247799 1.0148001234241814661 1.0409389427293194164 2.6023264369578331667 3.001563361154625742 7.3170576281428640897 11.903581554561746714 12.048255275348889626 13.561157602154768398 13.10569045111819797 12.18797104026022815 11.592797437082728251 11.255716694075246664 11.358487947503801863 11.150998985214771508 11.162810211806379002 10.196597837769113326 7.8984913477083456002 4.9778733472474527844 5.3817672636854831936 6.0603327642562945243 4.1986213894287640613 2.151293917995961813 2.1562619416473736145 1.2246052545876955353 1.2295887096113875536 2.1699978010897926772 4.0276961470708290136 4.0396073044087525972 1.2480422955061718504 0 0 0 0.13937203743426029856 0 0 0 nan nan nan nan nan nan nan nan nan nan nan nan nan nan nan nan nan nan nan nan nan nan nan nan nan
0 1.1409186140585496627 1.1396043843272811724 1.1419887953900047517 0.00015248871163345314159 0 2.3060428550548413007 3.7147535917185341425 4.635373774357319121 4.5937699121464286023 3.0024367697763496565 4.4775009189548624633 5.5793545261870072238 9.3432826134661546291 12.852342893118988698 12.127125048846416178 12.677620744890699456 12.214238195271081011 11.904085889174405466 11.201135002318448386 11.038529704244981033 10.888082439246387523 5.5965552313334319123 7.9164585035795234091 6.4233498594178533025 4.9700584284169124771 4.7915260366319669671 4.8038752949275647097 7.7349434606022695604 4.2393092457858871924 1.2131931147222232426 1.159079909372947581 1.1660693315912902257 0.23735096123796645129 1.1773571464502370354 4.0033361437033176955 4.0456658777063188026 2.1824666813414697053 0 0 0 0 0 0 0 nan nan nan nan nan nan nan nan nan nan nan nan nan nan nan nan nan nan nan nan nan nan nan nan nan
0 0 1.1297999963130243017 2.0681826880806761793 0.10608347723389389972 0.00035022708642826563298 1.3728477180651434963 4.5818698297365578753 4.6458925029516109362 4.6129510888161489035 4.5465997005122424923 4.4912425179513961737 7.8843824860981497338 11.933356549278961722 12.102336139563304229 12.172467559529787096 12.181383830677152247 11.985423688435311362 11.542644572812715609 11.460075829020249571 11.263265120054052559 10.988918622694844984 7.6278687265439657494 4.6884379267771718602 5.4501462324527363279 5.3367254187231232265 5.3453215226264267912 4.805055623929562536 4.8044349386362110721 4.2067985311123692327 1.2124205935330611972 1.2183207024367752602 1.1659340357692307144 1.1718578778785597727 1.1769558002355475779 1.2352825179069890638 2.1757022442746674074 1.2445797333901806869 0 0 0 0 0 0 nan nan nan nan nan nan nan nan nan nan nan nan nan nan nan nan nan nan nan nan nan nan nan nan nan nan
0 0 1.1198555647116403833 1.1214986809665303813 1.1236623602794082455 0.36315475392250229358 0.25161921270551645957 1.9282770056401830061 2.9733148613636108948 4.5261779807522755092 7.6403397000110579995 11.116250695723998376 11.544485718606793512 11.341784661663844247 11.640129714058614852 11.405568755280796722 11.063411381856262494 11.084573072470929489 11.14932518167525366 10.316821754614698747 11.235100548543995203 9.9182169455865718533 7.5349536771648280009 5.0095822234970697195 4.7615389134563406159 4.8015810219608345832 4.9989485149894719029 4.8443391073393735624 3.942254777270633781 2.140592921868189169 2.1473728984010560517 1.2171943167825531873 0 0 0 0 1.2388766822275154578 0 0 0 0 0 0 nan nan nan nan nan nan nan nan nan nan nan nan nan nan nan nan nan nan nan nan nan nan nan nan nan nan nan
1.1092796496817860508 0.00014745031337445993263 0.11851242744768433757 0.11782658436213280795 1.1144303805435531451 0.38816447458523928304 1.0478466666312791222 1.3730769297304039611 1.0444267623848875193 2.0513510127228604674 4.4200365430173453873 11.310622266292888582 10.63668142492726254 11.051399984009362853 11.049735294075462733 10.955594808803134299 10.968770713807312944 11.128883160222937221 11.160087809346377341 10.245457664114258733 7.6794987632305682368 4.6988702493581691044 4.7101536293278041256 4.749364082739314874 4.7731758298325415169 4.969138162819263016 5.9266512500076773406 4.7942002360908144709 1.1335709166159824157 0 1.2104380702981838436 0 0 0 0 0 1.2388740753408458151 0 0 0 0 nan nan nan nan nan nan nan nan nan nan nan nan nan nan nan nan nan nan nan nan nan nan nan nan nan nan nan nan nan
3.4996706839980946668 1.0486814319936659246 1.0960038488144285829 1.1003658945238241618 1.0468774983688542424 1.3910456072888401913 2.3199925343443510428 3.8322951634376289931 3.4765388176647618046 7.0422819607679656428 10.015763248813264852 10.473988437328591417 10.783989124322275188 10.912890250227910371 11.943505709856294672 11.946738136981295497 11.725259703879221007 10.595821409830842086 10.344050751462750881 10.660030900510044205 4.6939171893666520319 5.382454124111311522 4.7278344965408019007 5.3704764402819025193 7.8317088472118809861 6.0151868601973159656 2.049863118744170265 0 0 0 0 0 0 0 0 0 0.25289349130558219647 1.1949958801648441487 0 0 nan nan nan nan nan nan nan nan nan nan nan nan nan nan nan nan nan nan nan nan nan nan nan nan nan nan nan nan nan nan
5.5308016090004157306 3.4722214542472418231 3.5276769972887684901 3.4526146782924240775 3.5088817132884146943 3.8159615736682002129 3.4752702292204276091 4.3919636682563307772 5.8143425720460406581 10.04495838439836497 10.224766799315279542 10.691627913369622149 10.956383180587238257 11.816765506681594644 11.457410352393720743 11.293750670338576825 11.33994581706343574 11.280341066267025596 11.166374706658524829 10.812060494156780166 11.163332553536770675 9.0799573063288132602 6.1510567003952543175 4.743167174581199852 4.772521558539777331 4.7622252509110172269 1.1189445080947821864 0 0 0 0 0 0 0 0 0 0 0.0024312268112278044227 0 0 nan nan nan nan nan nan nan nan nan nan nan nan nan nan nan nan nan nan nan nan nan nan nan nan nan nan nan nan nan nan
3.4711855457341744824 3.4872656011622593653 3.4883244627890013234 3.4192669125494501436 3.7854669366282087672 5.5421975000743417539 7.9404356345524940153 8.3529724340444637676 9.1814043517434580366 10.107018231034517797 10.268687792418218052 10.688104951978198542 10.435372438808601103 11.183039052005613101 11.21990599392014154 11.131918840325589315 11.143840074835262399 11.002447770218747536 10.91123440430319036 10.989073863064680481 11.224192404535546785 7.6482137100781732997 4.7626426737707587833 2.979068112586404915 2.9835215982548306535 0.177030245973901601 0 0 0 0 0 0 0 0 0 0 0 0 0 0 nan nan nan nan nan nan nan nan nan nan nan nan nan nan nan nan nan nan nan nan nan nan nan nan nan nan nan nan nan nan
6.8440488915307087225 6.9624623388459179196 7.7315549899246560628 7.4243752750449569788 7.8860605350686947546 7.892752551059274424 8.2382489034566361852 8.212956176893190019 10.041940086787517927 10.080288799912482389 10.215144539502057697 10.241839599065810873 10.342761818173419996 11.06357197476018861 11.093540391879626483 11.129592886685951925 10.980122084716262165 10.892797312217647132 7.7616224335215866503 7.6029523436704034012 7.5556843662886956636 5.4094024591293043969 4.7866637907954654452 0.0010529824807076386753 0 0 0 0 0 0 0 0 0 0 0 0 0 2.1855592727948378595 4.1680149918757249949 3.6342645597487917009 0 nan nan nan nan nan nan nan nan nan nan nan nan nan nan nan nan nan nan nan nan nan nan nan nan nan nan nan nan nan
7.6046109692344687758 7.7533716523477247407 7.7180704180996020369 7.6485975347286894177 7.8205082973635073884 8.147782224452885913 8.1197494606578786147 9.9414350668328559379 9.9955427446194455854 10.197174918056985504 10.224510915780046005 10.196012248947520007 10.081622944396961827 10.135151723009823144 11.100028965816335358 11.106595124053852075 9.1503575103432073234 10.862641735935431697 7.005748093248096886 4.6919027848004439818 5.7488399720331955223 5.6123609566717140851 3.3757807282300884566 0.0022830568953227260015 0 0 0 0 0 0 0 0 0 0 0 0 0 0 0.13791590929776234575 0 0 nan nan nan nan nan nan nan nan nan nan nan nan nan nan nan nan nan nan nan nan nan nan nan nan nan nan nan nan nan
7.7610010868666119421 7.83223415456953731 7.8104739772807372233 7.8462163005471365906 8.0630775914132772897 8.0518748415698642162 9.8534743954404859778 9.9198783976883113667 9.9590634979724761422 9.9086376329031882193 10.007693381000761335 10.038981772829933092 10.076761684665779484 10.115825573512800872 10.142368229429443716 11.087733063581341142 7.3860979080228181815 7.7372615188230184913 7.481294358131003186 6.0256886731768890542 4.7284615975823776068 4.784159242376440524 1.155041140219069673 0.0013705161984594628477 0 0 0 0 0 0 0 0 0 0 0 0 0 0 0 0 0 0 nan nan nan nan nan nan nan nan nan nan nan nan nan nan nan nan nan nan nan nan nan nan nan nan nan nan nan nan
nan 7.7798534515850148452 8.2061512617680723025 7.9295751035272088458 8.3240872733034549924 9.5304850796864784002 9.8530939648979209977 9.910554257180331561 9.9259480859085655879 9.9079854435969529902 9.9636315162680553215 10.042177053248561691 10.078979457437252876 10.096109812005567008 10.12398965375380655 11.034499720097684872 7.3318270571652552903 7.3987858575317941856 7.554582820971174506 7.6445078860327448922 4.8911606208833324771 2.082916924459793151 0 0 0 0 0 0 0 0 0 0 0 0 0 0 0 0 0 0 0 nan nan nan nan nan nan nan nan nan nan nan nan nan nan nan nan nan nan nan nan nan nan nan nan nan nan nan nan nan
nan 7.6294536701154109792 8.7789051862322367015 8.2470585160031539829 9.4258765094073773128 9.792077020224397188 9.8623817495608872008 9.8595555161878323247 9.866320014729703658 9.9101852225696127618 9.9373748921008555612 10.019175949101269296 10.037628650855689116 10.058262424557115722 10.334677750877911961 8.5229157330635612055 5.077359899341959526 5.1177387610274935881 6.673164932841495478 7.5724188159151779587 7.40145426651732663 2.0860838206635894387 0 0 0 0 0 0 0 0 0 0 0 0 0 0 0 0 0 0 nan nan nan nan nan nan nan nan nan nan nan nan nan nan nan nan nan nan nan nan nan nan nan nan nan nan nan nan nan nan
nan nan 8.6419655415672469445 8.6261707263121341072 9.6084352190824215967 9.8087423751621969359 9.7825106635721841286 9.7879692873594628111 9.8394593718020644246 9.8701350093968684973 9.9082222644350821383 9.9694242258925420686 9.9861890088214586569 9.6310225402284821428 9.1060644242085277966 7.2494742291263190026 4.6702583144188061226 4.6833667915906902479 5.1384854135619733029 7.4677087994346589284 7.3998272812275391885 3.9422486376629577443 0 0 0 0 0 0 0 0 0 0 0 0 0 0 0 0 0 nan nan nan nan nan nan nan nan nan nan nan nan nan nan nan nan nan nan nan nan nan nan nan nan nan nan nan nan nan nan nan
nan nan nan 8.1525234791829266356 8.8268039336638164372 9.7338777593074556904 9.7383200872403996584 9.7726676714545739344 9.8009141497936109744 9.8415675395413568793 9.5547267463696101686 9.8906683984496996942 9.056349449793520634 9.5261267855902254098 9.4765262555674194545 7.7707283283715451461 7.5673075253197010781 7.4091484323935903333 6.394371078304966538 5.5366632194376883547 5.285248840250449831 1.1545454064079905265 1.1715355620756895405 0 0 0 0 0 0 0 0 0 0 0 0 0 0 0 nan nan nan nan nan nan nan nan nan nan nan nan nan nan nan nan nan nan nan nan nan nan nan nan nan nan nan nan nan nan nan nan
nan nan nan 8.6317145574732201396 9.5925589779281441594 9.6960201008520581212 9.7409370372954473538 9.7795610167361726184 9.7921071630837861477 8.6355951495544172047 9.2974719216742087724 9.4391390425333483449 8.8704888355761415397 9.1341961930990507312 9.0172463289487918559 9.1351826911061806413 8.9451436572273426151 8.2634904745398127801 5.0929638706406983317 3.8159616139008925018 3.8979185324045535488 0 0 0 0 0 0 0 0 0 0 0 0 0 0 0 0 0 nan nan nan nan nan nan nan nan nan nan nan nan nan nan nan nan nan nan nan nan nan nan nan nan nan nan nan nan nan nan nan nan
nan nan nan nan 9.6427674999823462798 9.696870342444244173 9.7213198163482417158 9.7432037950803955795 9.4084114499717550473 8.4418791244259683282 8.7153356676313507023 9.0373297564880132882 9.075834609714647172 8.8371846548295849288 9.0916428185155702124 8.2866407581299252882 8.9786689144634515003 9.0202710383130977334 7.4349144254285501887 3.8459435466707927453 7.9189944259479183586 7.7837780528745712516 2.1101591999340993944 0 0 0 0 0 0 0 0 0 0 0 0 0 0 nan nan nan nan nan nan nan nan nan nan nan nan nan nan nan nan nan nan nan nan nan nan nan nan nan nan nan nan nan nan nan nan nan
nan nan nan nan 9.6628626961118246896 9.7085861817176954958 9.6635458218623462301 9.755510101257817368 8.4757134876457556061 8.016692667101965597 8.8005750508902114149 8.8067825642283175114 8.7707193863160313185 9.2713556087322999133 8.8371149151473922245 9.4257486758105102354 8.2846889668243086646 8.9691184008108013614 7.0585880725393677082 3.8579250178144790517 1.1452910049765692158 6.8354189051149401024 7.8303701473507407727 5.0237787210019337891 0 0 0 0 0 0 0 0 0 0 0 0 nan nan nan nan nan nan nan nan nan nan nan nan nan nan nan nan nan nan nan nan nan nan nan nan nan nan nan nan nan nan nan nan nan nan
nan nan nan nan nan nan 8.6717047528831905367 8.7788611472994784179 8.1867054069723277365 8.7518431128045381939 7.1271182020433725413 5.308957944631859327 8.6782084738069880103 8.5140259375346367676 9.0694828350333018818 7.529307812583277304 7.6033394912795690956 7.1968328947554880415 6.5558431436597119912 0.93499999999999983125 0 0 2.5676495709883995211 2.1180518576851223855 0 0 0 0 0 0 0 nan 0 0 nan nan nan nan nan nan nan nan nan nan nan nan nan nan nan nan nan nan nan nan nan nan nan nan nan nan nan nan nan nan nan nan nan nan nan nan
nan nan nan nan nan nan 8.6420221088503534901 8.6795327214540662908 7.8279449202196147439 8.5444502429657163134 7.1056584374744558019 5.2242674441386665052 5.2445201448671161515 7.4361764020905605221 7.3969875767178638881 3.77109449496668514 0.93500000000000005329 0 0 0 0 0.6455299309472012359 0.3043594506838320779 1.1824731116533566677 0 0 0 0 0 0 nan nan nan nan nan nan nan nan nan nan nan nan nan nan nan nan nan nan nan nan nan nan nan nan nan nan nan nan nan nan nan nan nan nan nan nan nan nan nan nan
nan nan nan nan nan nan 5.2505447097397190959 4.572414889731094334 6.0883433770880914793 7.0884489587043466585 4.8500989720486344936 5.3524758839279540368 4.4830492615334422979 5.358324258960458053 4.7014266087385312431 0 0 0 0 0 0 0 0 0 0 0 0 0 0 0 nan nan nan nan nan nan nan nan nan nan nan nan nan nan nan nan nan nan nan nan nan nan nan nan nan nan nan nan nan nan nan nan nan nan nan nan nan nan nan nan
nan nan nan nan nan nan 2.8760257632577590492 3.5217768491013092813 3.5905477373625993565 3.5849906607405559456 4.4681796056380491677 7.1607043442201954164 4.8175615358791104015 6.2247193066741584033 7.5712642325825001421 3.880110930510471956 0 0 0 0 0 0 0 0 0 0 0 0 0 0 nan nan nan nan nan nan nan nan nan nan nan nan nan nan nan nan nan nan nan nan nan nan nan nan nan nan nan nan nan nan nan nan nan nan nan nan nan nan nan nan
nan nan nan nan nan nan nan 0 3.565133691950850281 3.5043388829899884129 3.8615534349626967625 7.2176662579538017894 6.188212436622335666 7.337866173248986712 7.704493768739886228 7.5773371005232847963 3.4668495521677704652 0 0 0 0 0 0 0 0 0 0 0 0 nan nan nan nan nan nan nan nan nan nan nan nan nan nan nan nan nan nan nan nan nan nan nan nan nan nan nan nan nan nan nan nan nan nan nan nan nan nan nan nan nan
