results/rofental/evapotranspiration_2019-10-01T0000_2019-10-31T2300.asc
ncols        322
nrows        225
xllcorner    622802.488000000012
yllcorner    5178049.378999999724
cellsize     100.000000000000
[rows 168 to 195 of 225, columns 63 to 125 of 322]
nan nan nan nan nan nan nan nan nan nan nan nan nan nan nan nan nan nan nan nan nan nan nan nan nan nan nan nan 0.093868994897292001856 0.1267431105380499301 0.13555216953225363019 0.13297915382517827565 0.1310790475747013184 0.07943109326224503941 0.080350970118570355649 0.081048456376022925962 0.45496215316538213269 0.083399931359385268137 0.084574079569677898527 0.526184964882824735 0.53665586697922074144 0.54720722013591804878 0.55591175632399303375 0.56869017332155114008 0.58853557289953384313 1.028869290384695212 1.0303482006191548859 1.0318392538626359745 1.0333561198886034305 1.0617787750064207053 1.0676356220226383975 1.0382170110680735142 1.039901091993568949 1.0416158132447772555 1.0433490810742376276 1.1182398274448104303 1.1378053170106625647 1.1632105744345622167 1.0504889925320723965 0.11739427269391347619 0.1193795779145128827 0.12153059110111649743 0.12367472258736719737
nan nan nan nan nan nan nan nan nan nan nan nan nan nan nan nan nan nan nan nan nan nan nan nan nan nan nan nan 0.087081604197670581247 0.12557780778039029368 0.1344355711000093101 0.13198949134707993469 0.13046610392713420268 0.080392628377946820373 0.081418637952790251511 0.082341239582727460133 0.083226090809487424105 0.4817850813970540047 0.085714170074037726588 0.087013806134282778437 0.088374762336917142558 0.55256564521344686547 0.56513631763991456491 0.57477044527323051248 0.59269011816821237648 0.60730640581011718915 1.0319565672675592438 1.0335275045803502536 1.035138828991101434 1.0368247910908408027 1.0385679507638951868 1.0403462475872924387 1.0421619046654293506 1.0440083748549922049 1.0458853967367316429 1.0477963791170743502 1.0497862844776708613 0.11684024650855365235 0.11900013467329310923 0.12120907852925204284 0.12347500804698197108 0.12598470084030757854 0.12841838058503901587
nan nan nan nan nan nan nan nan nan nan nan nan nan nan nan nan nan nan nan nan nan nan nan nan nan nan nan 0.10472869642343210494 0.11060842614669827433 0.13767940524697303006 0.13322582101976232494 0.078921237038981684186 0.08011559249724073406 0.081298576797543917194 0.082393139166891005143 0.083428817788818582235 0.084455067155413870994 0.085564173321812930784 0.51488141794321329314 0.088237823079423974293 0.089658884755665621547 0.55615502707542940897 0.57416845976692143516 0.58233509281330042562 0.18333551737473946508 0.6074674965840497487 0.62165918408281317653 1.0351976785897618605 1.0369021089764820509 1.0386765869143290697 1.0405192625482155844 1.0423934676464323701 1.0443295750927952259 1.0463006672958190535 1.0483322047503955687 0.11549372385181819189 0.11774327934603323609 0.12009121500733295484 0.1224825563636567638 0.12493613861118617325 0.12754409920135489909 0.13035936049342830567 0.13315995154270823808
nan nan nan nan nan nan nan nan nan nan nan nan nan nan nan nan nan nan nan nan nan nan nan nan nan nan nan 0.11962239228782625688 0.14673376493023534972 0.13566501935110525379 0.11000802804274305291 0.079712167259634064687 0.080925629898724940614 0.082147698569580540617 0.083343469850919560393 0.084530702396491547157 0.085682638333451591195 0.086759497320330364323 0.087966499184398444511 0.08943883377275163582 0.090892069306076517243 0.55959330912974836192 0.57979440868353182559 0.58605078660855602912 0.096848249354691801072 0.098509895651599635458 0.10016376401909127258 0.10187109915458888998 0.10366683421136464738 0.65561314340136789269 0.66545992224693262251 1.0443836709409441976 1.0464440528510929873 0.11362450979622237823 0.11588069018642202512 0.11823385000936104117 0.12072002069206215491 0.12324386563674874506 0.125866035499622414 0.12858563089608912589 0.13153177609453675645 0.13449452863979527439 nan
nan nan nan nan nan nan nan nan nan nan nan nan nan nan nan nan nan nan nan nan nan nan nan nan nan nan nan nan 0.13516805539136506065 0.13616525381710031795 0.11060879550988148012 0.080601997958128251964 0.081781923554996194259 0.082975352023073836727 0.084206281352570508392 0.085504749519411241132 0.086724253654133817704 0.087964964357349434421 0.089248320377807957571 0.090623917018255867317 0.092104385378040457 0.09345622695706116978 0.094876261534465572423 0.096514504053778066295 0.098234457378080453083 0.09996738175330575904 0.61973586057633700541 0.10344321752425711392 0.10533891401170164537 0.10731562230666705227 0.1093825553453091487 0.11151734902205970301 0.11378553360814941398 0.11609620348841991067 0.11850651313995864966 0.12101013636672926232 0.12367133767805024713 0.12633588329890049762 0.1291254564088090695 0.13202791840414110358 0.13531839333380307755 0.13826905551903473368 nan
nan nan nan nan nan nan nan nan nan nan nan nan nan nan nan nan nan nan nan nan nan nan nan nan nan nan nan nan nan 0.14707018908425337211 0.13559947912737174702 0.11120115862131740858 0.082670785362608259494 0.083845527881439702034 0.085056378440036620181 0.086348709219005240212 0.087640231286637060304 0.088974924134307117884 0.0902969219047357885 0.091679484145590697808 0.093211074630086793169 0.094637242039626923162 0.096105973779755146658 0.097775291026460278698 0.099558766861267411485 0.10134298587886829413 0.10307071489428146216 0.1050133131297708855 0.1070425941731595193 0.10914649485424039732 0.1114077162748360883 0.11367583406983830518 0.11594710826094262179 0.11840309541623018907 0.12099987424710141604 0.12367102358934094208 0.12644436334637457198 0.12925122442250597254 0.13227873398753531298 0.14280074561756742058 0.13854846095843187381 nan nan
nan nan nan nan nan nan nan nan nan nan nan nan nan nan nan nan nan nan nan nan nan nan nan nan nan nan nan nan nan nan 0.14191229191170023904 0.13443796722251125098 0.13171864452506382159 0.084800223972568505859 0.086022032749710125588 0.087199699552602621955 0.088527584984676235824 0.089902162943372027071 0.091272873137576662761 0.09277323080662530641 0.094365520424612797656 0.095903107394341088887 0.097467948806039803045 0.099172885648008884951 0.10098781976209762756 0.1028196554080274272 0.10470335095271958437 0.10671021676656189392 0.10878891733139842146 0.11095084510786133725 0.11324356501870866398 0.11555023417712939615 0.1180106101813898356 0.12066587383972024461 0.12334653163009652588 0.12617093266556186903 0.14325896779169522421 0.1472840655933753129 nan nan nan nan nan
nan nan nan nan nan nan nan nan nan nan nan nan nan nan nan nan nan nan nan nan nan nan nan nan nan nan nan nan nan nan nan nan nan nan nan 0.088070321654309183246 0.089445044240112070444 0.090846598371733006116 0.092337936529789665929 0.093956002894693010918 0.095616211311556134622 0.097249293375619577651 0.099060999422199522146 0.10076454104975890447 0.10247816252652115765 0.10427790560019645216 0.10618896758106478873 0.10816251121026668192 0.11032160629752564562 0.11254381678737473971 0.11488614221585727315 0.1173826224004907437 0.12010072845402465502 nan nan nan nan nan nan nan nan nan nan
nan nan nan nan nan nan nan nan nan nan nan nan nan nan nan nan nan nan nan nan nan nan nan nan nan nan nan nan nan nan nan nan nan nan nan nan nan nan nan nan nan nan nan nan nan nan 0.1073597618929393871 0.10945736965350949532 0.11171290699625391341 0.11401281837572989353 0.11649479762127662452 0.12557269423703829037 0.13636847979975627587 nan nan nan nan nan nan nan nan nan nan
nan nan nan nan nan nan nan nan nan nan nan nan nan nan nan nan nan nan nan nan nan nan nan nan nan nan nan nan nan nan nan nan nan nan nan nan nan nan nan nan nan nan nan nan nan nan nan 0.11062514039204951466 0.11307296366126513842 0.11535621425902524428 0.12433330516027954471 nan nan nan nan nan nan nan nan nan nan nan nan
nan nan nan nan nan nan nan nan nan nan nan nan nan nan nan nan nan nan nan nan nan nan nan nan nan nan nan nan nan nan nan nan nan nan nan nan nan nan nan nan nan nan nan nan nan nan nan nan nan nan nan nan nan nan nan nan nan nan nan nan nan nan nan
nan nan nan nan nan nan nan nan nan nan nan nan nan nan nan nan nan nan nan nan nan nan nan nan nan nan nan nan nan nan nan nan nan nan nan nan nan nan nan nan nan nan nan nan nan nan nan nan nan nan nan nan nan nan nan nan nan nan nan nan nan nan nan
nan nan nan nan nan nan nan nan nan nan nan nan nan nan nan nan nan nan nan nan nan nan nan nan nan nan nan nan nan nan nan nan nan nan nan nan nan nan nan nan nan nan nan nan nan nan nan nan nan nan nan nan nan nan nan nan nan nan nan nan nan nan nan
nan nan nan nan nan nan nan nan nan nan nan nan nan nan nan nan nan nan nan nan nan nan nan nan nan nan nan nan nan nan nan nan nan nan nan nan nan nan nan nan nan nan nan nan nan nan nan nan nan nan nan nan nan nan nan nan nan nan nan nan nan nan nan
nan nan nan nan nan nan nan nan nan nan nan nan nan nan nan nan nan nan nan nan nan nan nan nan nan nan nan nan nan nan nan nan nan nan nan nan nan nan nan nan nan nan nan nan nan nan nan nan nan nan nan nan nan nan nan nan nan nan nan nan nan nan nan
nan nan nan nan nan nan nan nan nan nan nan nan nan nan nan nan nan nan nan nan nan nan nan nan nan nan nan nan nan nan nan nan nan nan nan nan nan nan nan nan nan nan nan nan nan nan nan nan nan nan nan nan nan nan nan nan nan nan nan nan nan nan nan
nan nan nan nan nan nan nan nan nan nan nan nan nan nan nan nan nan nan nan nan nan nan nan nan nan nan nan nan nan nan nan nan nan nan nan nan nan nan nan nan nan nan nan nan nan nan nan nan nan nan nan nan nan nan nan nan nan nan nan nan nan nan nan
nan nan nan nan nan nan nan nan nan nan nan nan nan nan nan nan nan nan nan nan nan nan nan nan nan nan nan nan nan nan nan nan nan nan nan nan nan nan nan nan nan nan nan nan nan nan nan nan nan nan nan nan nan nan nan nan nan nan nan nan nan nan nan
nan nan nan nan nan nan nan nan nan nan nan nan nan nan nan nan nan nan nan nan nan nan nan nan nan nan nan nan nan nan nan nan nan nan nan nan nan nan nan nan nan nan nan nan nan nan nan nan nan nan nan nan nan nan nan nan nan nan nan nan nan nan nan
nan nan nan nan nan nan nan nan nan nan nan nan nan nan nan nan nan nan nan nan nan nan nan nan nan nan nan nan nan nan nan nan nan nan nan nan nan nan nan nan nan nan nan nan nan nan nan nan nan nan nan nan nan nan nan nan nan nan nan nan nan nan nan
nan nan nan nan nan nan nan nan nan nan nan nan nan nan nan nan nan nan nan nan nan nan nan nan nan nan nan nan nan nan nan nan nan nan nan nan nan nan nan nan nan nan nan nan nan nan nan nan nan nan nan nan nan nan nan nan nan nan nan nan nan nan nan
nan nan nan nan nan nan nan nan nan nan nan nan nan nan nan nan nan nan nan nan nan nan nan nan nan nan nan nan nan nan nan nan nan nan nan nan nan nan nan nan nan nan nan nan nan nan nan nan nan nan nan nan nan nan nan nan nan nan nan nan nan nan nan
nan nan nan nan nan nan nan nan nan nan nan nan nan nan nan nan nan nan nan nan nan nan nan nan nan nan nan nan nan nan nan nan nan nan nan nan nan nan nan nan nan nan nan nan nan nan nan nan nan nan nan nan nan nan nan nan nan nan nan nan nan nan nan
nan nan nan nan nan nan nan nan nan nan nan nan nan nan nan nan nan nan nan nan nan nan nan nan nan nan nan nan nan nan nan nan nan nan nan nan nan nan nan nan nan nan nan nan nan nan nan nan nan nan nan nan nan nan nan nan nan nan nan nan nan nan nan
nan nan nan nan nan nan nan nan nan nan nan nan nan nan nan nan nan nan nan nan nan nan nan nan nan nan nan nan nan nan nan nan nan nan nan nan nan nan nan nan nan nan nan nan nan nan nan nan nan nan nan nan nan nan nan nan nan nan nan nan nan nan nan
nan nan nan nan nan nan nan nan nan nan nan nan nan nan nan nan nan nan nan nan nan nan nan nan nan nan nan nan nan nan nan nan nan nan nan nan nan nan nan nan nan nan nan nan nan nan nan nan nan nan nan nan nan nan nan nan nan nan nan nan nan nan nan
nan nan nan nan nan nan nan nan nan nan nan nan nan nan nan nan nan nan nan nan nan nan nan nan nan nan nan nan nan nan nan nan nan nan nan nan nan nan nan nan nan nan nan nan nan nan nan nan nan nan nan nan nan nan nan nan nan nan nan nan nan nan nan
nan nan nan nan nan nan nan nan nan nan nan nan nan nan nan nan nan nan nan nan nan nan nan nan nan nan nan nan nan nan nan nan nan nan nan nan nan nan nan nan nan nan nan nan nan nan nan nan nan nan nan nan nan nan nan nan nan nan nan nan nan nan nan
