results/rofental/evapotranspiration_2020-09-01T0000_2020-09-30T2300.asc
ncols        322
nrows        225
xllcorner    622802.488000000012
yllcorner    5178049.378999999724
cellsize     100.000000000000
[rows 112 to 139 of 225, columns 189 to 251 of 322]
0.36751152288446353733 0.37091044780549775606 0.38331970608176002546 0.42144010239023577125 0.36577151646307798361 0.35135699662141295363 0.38260219586327970376 0.43664868113835547669 1.6757576534392555345 1.6228119963357618971 1.6117674597562152705 1.4881249634385411706 0.89261040077605646736 1.4823627462181705461 1.4802692037058933217 1.5901174919989502499 1.591580265152479301 0.87283372041930507024 0.93500000000000005329 0.93499999999999994227 0.93500000000000005329 0.93500000000000005329 0.93500000000000005329 0.93500000000000027534 0.93500000000000005329 0.93499999999999994227 0.93500000000000005329 nan nan nan nan nan nan nan nan nan nan nan nan nan nan nan nan nan nan nan nan nan nan nan nan nan nan nan nan nan nan nan nan nan nan nan nan
0.36740978901236942544 0.37458750934602552674 0.40209786803477948203 0.36192108059748712146 0.36613227915568347104 0.37059407774352143283 0.39653162178129952586 0.45362789349060511634 1.6240251451139045002 1.6144056635940620126 1.6179585363492661187 0.93500000000000005329 0.93500000000000005329 0.93500000000000016431 0.91803422358605524245 1.4892197027244009622 1.6046435360833228856 0.85479679349529469334 0.93500000000000016431 0.93500000000000016431 0.93500000000000005329 0.93500000000000005329 0.93499999999999994227 0.93499999999999994227 0.93500000000000005329 nan nan nan nan nan nan nan nan nan nan nan nan nan nan nan nan nan nan nan nan nan nan nan nan nan nan nan nan nan nan nan nan nan nan nan nan nan nan
0.39112913382349928648 0.41166554888087258934 0.36931757391567571203 0.36173385171577215891 0.3755390420553019748 2.6180192530813730656 2.6129483184661195239 1.784305144580472513 1.6226393303828043901 1.6237670159946553383 0.93499999999999983125 0.93500000000000016431 0.93500000000000005329 0.93500000000000005329 0.93500000000000005329 0.87569684826973448466 1.5004734945895956688 1.508774655459633518 0.82227502280708386628 0.93500000000000016431 0.93500000000000005329 0.93500000000000016431 0.93500000000000005329 0.93500000000000005329 0 nan nan nan nan nan nan nan nan nan nan nan nan nan nan nan nan nan nan nan nan nan nan nan nan nan nan nan nan nan nan nan nan nan nan nan nan nan nan
0.42514185340219468046 0.38456942499174961991 0.37828836061966580884 0.38988850079046405428 0.40650171409048346804 2.6201580135227362511 2.7414154657162246309 1.7953847162180682773 1.6313020218234950409 1.6393614897647630357 0.86742304468955244712 0.93500000000000005329 0.86554964323755101407 0.86525685916922001617 0.86334995287086169213 0.86128043352586358683 0.85893867991758532376 1.5177937711886499983 0.82143978355709712513 0.93500000000000016431 0.93500000000000005329 0.93499999999999994227 0.93500000000000016431 0.93500000000000005329 0 nan nan nan nan nan nan nan nan nan nan nan nan nan nan nan nan nan nan nan nan nan nan nan nan nan nan nan nan nan nan nan nan nan nan nan nan nan nan
0.37220307965367566139 0.38861463877284230239 0.41696751357121741854 2.6352946741301619404 2.6264557615425951909 2.7471784465902389094 1.7937240362982176389 1.6333430310623644477 1.6432183400490867342 1.6570986591146799061 1.6709649102570738322 0.90169629312963595069 0.93500000000000016431 0.9229666856628678806 0.86287544662901005665 0.86043401002729624771 0.85850128578798734491 0.85557165625076658788 0.82395561352733770466 0.93499999999999994227 0.93500000000000005329 0.93499999999999994227 0.93500000000000005329 0.93500000000000005329 0 nan nan nan nan nan nan nan nan nan nan nan nan nan nan nan nan nan nan nan nan nan nan nan nan nan nan nan nan nan nan nan nan nan nan nan nan nan nan
0.37492733093198438166 0.41279378231812557942 2.6510783831188939885 2.6239725994272884435 1.7976481585698018684 1.7971603386176879802 1.639544982303440257 1.6489637427672352299 1.5333006142722174214 1.5394456814838746173 1.5431043724646635873 0.92233147097659107239 0.93500000000000005329 0.93499999999999994227 0.93500000000000005329 0.92218494256556071687 0.85989909683988308142 0.82918197054270137425 0.93500000000000005329 0.93500000000000005329 0 0 0.88614239881346446026 0 nan nan nan nan nan nan nan nan nan nan nan nan nan nan nan nan nan nan nan nan nan nan nan nan nan nan nan nan nan nan nan nan nan nan nan nan nan nan nan
0.4065343318258966554 2.6410649151092289166 2.7687981094894387191 1.8057438239696226301 1.793003520784349325 1.7951834898027581033 1.661044386386338445 1.6759404582988366439 1.5468686312530333105 1.5513226862495896885 0.93500000000000016431 0.93500000000000005329 0.93499999999999994227 0.93500000000000005329 0.93500000000000016431 0.93500000000000016431 0.93500000000000005329 0.93500000000000005329 0.93500000000000005329 0.93500000000000005329 0 0 0 nan nan nan nan nan nan nan nan nan nan nan nan nan nan nan nan nan nan nan nan nan nan nan nan nan nan nan nan nan nan nan nan nan nan nan nan nan nan nan nan
2.6368541873001385412 2.76742569584229825 1.8040111542881609452 1.7975227445743779953 1.7718459577312541953 1.670378730700713632 1.6865610668572703634 1.5555585186326372771 1.5630563331862106224 0.93500000000000005329 0.93499999999999994227 0.93499999999999983125 0.93500000000000005329 0.93500000000000027534 0.93500000000000005329 0.93500000000000005329 0.93500000000000005329 0.93500000000000005329 0.93500000000000016431 0.89010735757930259382 0 0 nan nan nan nan nan nan nan nan nan nan nan nan nan nan nan nan nan nan nan nan nan nan nan nan nan nan nan nan nan nan nan nan nan nan nan nan nan nan nan nan nan
2.7657817304804397374 1.8049817485571382214 1.7693556660861466945 1.6678635748199097666 1.6806586279514141857 1.6948409494802434416 1.7118174619977335471 1.7296706300625759312 0.93499999999999994227 0.93500000000000005329 0.93500000000000005329 0.93500000000000016431 0.93500000000000005329 0.93500000000000016431 0.93500000000000005329 0.93500000000000005329 0.93500000000000005329 0.93500000000000005329 0.89246656836485160902 0.88981640959623464759 0 0 nan nan nan nan nan nan nan nan nan nan nan nan nan nan nan nan nan nan nan nan nan nan nan nan nan nan nan nan nan nan nan nan nan nan nan nan nan nan nan nan nan
1.8022115242394645129 1.7697958028779290363 1.6730510779086802398 1.5511343058623128233 1.7044097852568205198 1.7197603473046934042 1.7430746401273546908 1.7763247628756189123 0.93500000000000005329 0.93499999999999983125 0.93499999999999994227 0.93500000000000005329 0.93500000000000016431 0.93500000000000005329 0.93499999999999994227 0.93500000000000016431 0.93500000000000027534 0.93500000000000005329 0.8928677007916769881 0 0 0 nan nan nan nan nan nan nan nan nan nan nan nan nan nan nan nan nan nan nan nan nan nan nan nan nan nan nan nan nan nan nan nan nan nan nan nan nan nan nan nan nan
1.8043347056488350244 1.779684449052330697 1.6885392142427608775 1.7083406440274018223 1.725681109575343708 1.7493475324297482754 1.7920663310152871173 0.93500000000000005329 0.93500000000000005329 0.93500000000000027534 0.93499999999999994227 0.93500000000000005329 0.93500000000000016431 0.93500000000000027534 0.93500000000000005329 0.93500000000000005329 0.93500000000000027534 0.89617867584244592649 0 0 0 0 nan nan nan nan nan nan nan nan nan nan nan nan nan nan nan nan nan nan nan nan nan nan nan nan nan nan nan nan nan nan nan nan nan nan nan nan nan nan nan nan nan
1.8018006280238896277 1.7923792422288493675 1.7029714032614626795 1.7252935647786959983 1.7511852170244806004 1.7917633612907990504 1.8428461912136329115 0.90217141237212206129 0.93500000000000005329 0.93500000000000005329 0.93500000000000005329 0.93500000000000005329 0.93500000000000005329 0.93500000000000005329 0.93500000000000005329 0.93500000000000005329 0.89862147183684759622 0.89682409710626775912 0.89452598536657035311 0.89234985533715427408 0 0 nan nan nan nan nan nan nan nan nan nan nan nan nan nan nan nan nan nan nan nan nan nan nan nan nan nan nan nan nan nan nan nan nan nan nan nan nan nan nan nan nan
1.7800899319797494069 1.8081172476971498764 1.7187064784924432903 1.7424554153603328821 1.7811320087663393696 1.8391087550118840888 0.90267285722277623705 0.90249840405775316743 0.90263593647668283193 0.93500000000000005329 0.93500000000000005329 0.93500000000000005329 0.93499999999999994227 0.9018573048138471826 0.90123483539545989895 0.93500000000000005329 0.89927978271514974473 0.8976075635616143078 0.89581134364074999077 0.89354507129470195359 0 0 nan nan nan nan nan nan nan nan nan nan nan nan nan nan nan nan nan nan nan nan nan nan nan nan nan nan nan nan nan nan nan nan nan nan nan nan nan nan nan nan nan
1.7916035310303253247 1.8201075944955518171 1.7322911751752998466 1.7650694426501367662 1.8132637056464691039 1.6874002694350058729 0.90317645434646809388 0.90303162916088297596 0.9033629327009340404 0.90358730940749976135 0.90360188242935568503 0.90349367134683511438 0.90301701551813773339 0.90241419765664288022 0.90183014386908710858 0.90080843242883612554 0.89946210848837893082 0.89815076507676627759 0.89665874531280775894 0.89455798089817684104 0 0 nan nan nan nan nan nan nan nan nan nan nan nan nan nan nan nan nan nan nan nan nan nan nan nan nan nan nan nan nan nan nan nan nan nan nan nan nan nan nan nan nan
2.7488541213836112931 1.8312453809763098445 1.7452378718884133946 1.7894503276575186579 1.844648467957959781 1.5222080242403452921 0.90357068640176896324 0.90355213702758563343 0.90382614973604891162 0.90416044526059891062 0.90420677230699531002 0.90407047261072492894 0.90361750407023677667 0.9030811522879564901 0.90234102834414109395 0.90101743632419528662 0 0.89862726251686486645 0.89734799604075543566 0.89549448894711158875 0 nan nan nan nan nan nan nan nan nan nan nan nan nan nan nan nan nan nan nan nan nan nan nan nan nan nan nan nan nan nan nan nan nan nan nan nan nan nan nan nan nan nan
2.7660283906812179744 1.7839637879844758572 1.7578794091032683422 1.8125315790341385291 1.8704171886669369584 1.8754690203340891319 0 0 0.90451692638778591338 0.90485037123993206087 0.90487923138806269918 0.90471750326759292626 0.9043616119785815588 0.90380490003981495128 0.90291720253747287384 0.90161796422540563256 0 0 0 0 0 nan nan nan nan nan nan nan nan nan nan nan nan nan nan nan nan nan nan nan nan nan nan nan nan nan nan nan nan nan nan nan nan nan nan nan nan nan nan nan nan nan nan
1.8251812908886195785 1.7409493374505822239 1.7747249174720347575 1.8351317239987796626 1.8737857204968029201 0.90463142711668087514 0 0 0 0.90566335552124233033 0.90564330496445344387 0.90546269250502675607 0.90507391026227135278 0.90444346212439019617 0.90356398999713438691 0.9022605603933735452 0 0 0 0 0 nan nan nan nan nan nan nan nan nan nan nan nan nan nan nan nan nan nan nan nan nan nan nan nan nan nan nan nan nan nan nan nan nan nan nan nan nan nan nan nan nan nan
1.7277971856822438301 1.7493614568842952295 1.7907232495320843935 1.8478130460512449673 1.8744093509872910008 0.90561258332369554136 0 0 0 0.90648593363131735323 0.90644403161153042081 0.90618636587116341286 0.905646260733347086 0.90483932509984654757 0.90397772462084302614 0.90291675875661536743 0 0 0 nan nan nan nan nan nan nan nan nan nan nan nan nan nan nan nan nan nan nan nan nan nan nan nan nan nan nan nan nan nan nan nan nan nan nan nan nan nan nan nan nan nan nan nan
1.7372774061255569222 1.7606122496878662265 1.8011277276393105051 1.8587222541195898007 1.8743740755159179479 1.8764020584907199485 0 0 0 0.90726146261695284068 0.90723097117384077226 0.90674827022058535064 1.8748953159774925936 1.8754448227691202788 0 0 0 0 nan nan nan nan nan nan nan nan nan nan nan nan nan nan nan nan nan nan nan nan nan nan nan nan nan nan nan nan nan nan nan nan nan nan nan nan nan nan nan nan nan nan nan nan nan
1.8229958314894196825 1.7682547253828271305 1.8083390966204511141 1.8579633058180782257 1.8746420596972261929 1.8767601206027790806 1.8781620712985116484 0 0 0 0 0.9071860804159377345 0 0 0 0 0 nan nan nan nan nan nan nan nan nan nan nan nan nan nan nan nan nan nan nan nan nan nan nan nan nan nan nan nan nan nan nan nan nan nan nan nan nan nan nan nan nan nan nan nan nan nan
1.7554567452566844921 1.7839668286848613388 1.8161598702738257494 1.872352999199438317 1.8742166338320247476 1.8764332111992032548 1.8787086195904876273 0 0 0 0 0 nan nan nan 0 nan nan nan nan nan nan nan nan nan nan nan nan nan nan nan nan nan nan nan nan nan nan nan nan nan nan nan nan nan nan nan nan nan nan nan nan nan nan nan nan nan nan nan nan nan nan nan
1.7731051260697796579 1.7953016405528046118 1.8220496331105211496 1.8724499564611731817 1.8746278055464487 1.8767845197906565247 1.8792717228177302502 0 0 nan nan nan nan nan nan nan nan nan nan nan nan nan nan nan nan nan nan nan nan nan nan nan nan nan nan nan nan nan nan nan nan nan nan nan nan nan nan nan nan nan nan nan nan nan nan nan nan nan nan nan nan nan nan
1.8933161324273473092 1.8016761884101570868 1.8957700424465375733 1.87293480783109767 1.8751522364854420477 1.8773109245970431846 1.8796037789039030663 0 nan nan nan nan nan nan nan nan nan nan nan nan nan nan nan nan nan nan nan nan nan nan nan nan nan nan nan nan nan nan nan nan nan nan nan nan nan nan nan nan nan nan nan nan nan nan nan nan nan nan nan nan nan nan nan
1.8935831084736189922 1.8944963411406550158 1.8956303180930500485 1.8732202579337304815 1.875337145626277735 1.8775811559217965296 0.91130530521186492443 0 nan nan nan nan nan nan nan nan nan nan nan nan nan nan nan nan nan nan nan nan nan nan nan nan nan nan nan nan nan nan nan nan nan nan nan nan nan nan nan nan nan nan nan nan nan nan nan nan nan nan nan nan nan nan nan
1.8940741150937148163 1.89460845410436729 1.8954907175505750772 1.8735387334029844908 1.8757512374498599428 1.8781088904712455179 1.8870601895205247889 0 nan nan nan nan nan nan nan nan nan nan nan nan nan nan nan nan nan nan nan nan nan nan nan nan nan nan nan nan nan nan nan nan nan nan nan nan nan nan nan nan nan nan nan nan nan nan nan nan nan nan nan nan nan nan nan
1.894647264500047168 2.8375019195161126362 1.8957132382421009176 1.8733855893562090245 1.8754018412864714715 1.8775951555918726221 1.8803956635086553906 0 0 nan nan nan nan nan nan nan nan nan nan nan nan nan nan nan nan nan nan nan nan nan nan nan nan nan nan nan nan nan nan nan nan nan nan nan nan nan nan nan nan nan nan nan nan nan nan nan nan nan nan nan nan nan nan
1.8955909125494541101 1.8958049514460428853 1.8726008425917062272 1.8737072499017930483 1.8751576618109131456 1.8772978283362369289 1.8803341243106834746 1.8889383067987095544 0 nan nan nan nan nan nan nan nan nan nan nan nan nan nan nan nan nan nan nan nan nan nan nan nan nan nan nan nan nan nan nan nan nan nan nan nan nan nan nan nan nan nan nan nan nan nan nan nan nan nan nan nan nan nan
1.897067330936837104 1.8726073273240890771 1.8733582093660023915 1.8742767180895123502 1.8754234613203002446 1.8774795831089998721 1.8805463738265757456 1.8607399272420788172 0 nan nan nan nan nan nan nan nan nan nan nan nan nan nan nan nan nan nan nan nan nan nan nan nan nan nan nan nan nan nan nan nan nan nan nan nan nan nan nan nan nan nan nan nan nan nan nan nan nan nan nan nan nan nan
