results/rofental/evapotranspiration_2020-07-01T0000_2020-07-31T2300.asc
ncols        322
nrows        225
xllcorner    622802.488000000012
yllcorner    5178049.378999999724
cellsize     100.000000000000
[rows 140 to 167 of 225, columns 63 to 125 of 322]
nan nan nan nan nan nan nan nan nan nan nan nan nan nan nan nan nan nan nan nan nan nan nan nan nan nan nan nan nan nan nan nan nan nan nan nan nan nan nan nan nan nan nan nan nan nan nan nan nan nan nan 0 0 0 3.7982820839451014727 11.101437082984835669 11.859532159252221817 14.215511061956396688 14.387504047515619732 14.215730971177213959 14.450338732644208761 14.536043622105330186 14.490981038156046878
nan nan nan nan nan nan nan nan nan nan nan nan nan nan nan nan nan nan nan nan nan nan nan nan nan nan nan nan nan nan nan nan nan nan nan nan nan nan nan nan nan nan nan nan nan nan nan nan nan nan 0 0 0 0 11.08076401108128195 11.025292511649844585 11.451872829525528985 13.000957412187908346 14.313475836455973322 14.423146334515132949 14.306666035700297712 14.448844381141041637 14.439161675597281587
nan nan nan nan nan nan nan nan nan nan nan nan nan nan nan nan nan nan nan nan nan nan nan nan nan nan nan nan nan nan nan nan nan nan nan nan nan nan nan nan nan nan nan nan nan nan nan nan nan 0 7.2593372136304417097 10.966534494973856795 11.751128099406281891 2.2722031507832172181 2.3270884128747675312 10.97899149019811027 12.762383833168120972 14.208766343265352816 14.467105387695697871 14.373611784113357714 14.427089893199305237 14.371335746638386865 14.338491945252060944
nan nan nan nan nan nan nan nan nan nan nan nan nan nan nan nan nan nan nan nan nan nan nan nan nan nan nan nan nan nan nan nan nan nan nan nan nan nan nan nan nan nan nan nan nan nan nan nan 3.6164281664685145046 0 11.469050865376459569 13.887249245888950711 14.647804116078200209 14.687593181855080005 11.016513286640853053 2.3494315085472297078 11.674133772267373033 14.418671884770549951 14.35690191046074915 14.411270264603896152 14.348655957406052153 14.287846250110227686 14.22614277137113703
nan nan nan nan nan nan nan nan nan nan nan nan nan nan nan nan nan nan nan nan nan nan nan nan nan nan nan nan nan nan nan nan nan nan nan nan nan nan nan nan nan nan nan nan nan 0 1.9914965674425548769 11.381274725497856792 10.10822914688480445 11.007824754950235047 12.815384126621140126 14.369853247664501339 14.707940789045760965 14.689307171899505633 14.720380550912313566 11.972082626355875945 10.991712157187405907 11.589349711341112581 14.223160558957877342 14.350316275878437722 14.290841296170555097 14.221854494926141399 14.148325842816461773
nan nan nan nan nan nan nan nan nan nan nan nan nan nan nan nan nan nan nan nan nan nan nan nan nan nan nan nan nan nan nan nan nan nan nan nan nan nan nan nan nan nan nan nan 12.489992888401914684 11.39605411835661819 8.1486993261855591442 12.641507299335398073 14.547144483542284732 11.8081615208832158 11.757803674947133743 14.208880903013467289 14.534806370029324185 14.549239707132914035 14.487443668994593793 14.500504845233690432 14.463938806254022396 14.282409405319056006 11.892322931345539416 11.730362766641560412 12.879576271955128774 14.167514358109169592 14.083698392429701229
nan nan nan nan nan nan nan nan nan nan nan nan nan nan nan nan nan nan nan nan nan nan nan nan nan nan nan nan nan nan nan nan nan nan nan nan nan nan nan nan nan nan nan nan 14.343814428323575783 13.013143199231043567 13.280025842844205286 13.081295959023112374 14.698307661194307983 14.53101979547446021 14.486695862019089986 14.366104638813878225 14.460153706313505495 14.432825133813015128 14.443895812868150941 14.392582207795674876 14.399461241650392651 14.335901425632043171 14.350566381320087217 14.245192245017582522 14.208592474460282062 14.110601110448211415 14.045907234715521383
nan nan nan nan nan nan nan nan nan nan nan nan nan nan nan nan nan nan nan nan nan nan nan nan nan nan nan nan nan nan nan nan nan nan nan nan nan nan nan nan nan nan nan nan 11.932234618895634526 13.100861219164206872 14.610524456265531867 14.539735453600419746 14.5993124283894673 14.544611712261067638 14.496429409485960704 14.47215532046891262 14.438277068180562779 14.403236421857373628 14.371863777004204366 14.384358865007442319 14.303784247660630058 14.207744624549734525 14.22684528212117705 14.134711416036287446 14.103150778385693087 14.007332986808675557 13.952905102045528807
nan nan nan nan nan nan nan nan nan nan nan nan nan nan nan nan nan nan nan nan nan nan nan nan nan nan nan nan nan nan nan nan nan nan nan nan nan nan nan nan nan nan nan 0 10.928230891502787259 11.597019241090531949 14.242361576028653047 14.273278550844924695 14.505558875413164799 14.474590461056862978 14.449690670561750494 14.378039223889981457 14.390984737697770868 14.355591035439944747 14.284359184599200177 14.237737511696463955 14.217026530416129404 14.187910240001350815 14.154395007669123174 14.007128321687625672 13.957267365087178135 13.881779815317331739 13.814675246803265196
nan nan nan nan nan nan nan nan nan nan nan nan nan nan nan nan nan nan nan nan nan nan nan nan nan nan nan nan nan nan nan nan nan nan nan nan nan nan nan nan nan nan nan 0 0 12.277750307094306592 13.323127311586127064 14.237426050347240292 14.446215381252828891 14.429601736540618617 14.389537807287183568 14.332566638959457705 14.349203233144010028 14.310159881189383313 14.246105361344623574 14.196257786175140225 14.145704933351588295 14.08920678907146673 14.01803028704796894 13.947031244858226984 13.866190718935234472 13.802042531246947021 13.714981030805361684
nan nan nan nan nan nan nan nan nan nan nan nan nan nan nan nan nan nan nan nan nan nan nan nan nan nan nan nan nan nan nan nan nan nan nan nan nan nan nan nan nan nan 0 0 6.496147786305882299 10.547988283022842637 12.347865449839023455 13.028367046914031135 13.017623338662881238 13.185237884345866632 12.902867491164132119 13.03697407704384581 14.151137666852498853 14.265239024448286287 14.20327810262386059 14.128353881507029755 14.050553044470836639 13.981866672564613907 13.903224458413136588 13.839760229747941622 13.759876355738354547 13.707177153454765062 13.648454033386970607
nan nan nan nan nan nan nan nan nan nan nan nan nan nan nan nan nan nan nan nan nan nan nan nan nan nan nan nan nan nan nan nan nan nan nan nan nan nan nan nan nan 0 0 0 0 2.1866872352774540111 9.5804939573152836374 9.566924971312658954 10.554931662902239609 12.596278171332984996 12.513139517130628775 12.153444947521268915 12.668494843685127904 12.63777292839032107 13.063879307056353696 14.064309585372685163 13.995033737335976554 13.916253337746830709 13.83420817296469707 13.770114857644216499 13.711427095134908427 13.655384571920569314 13.697996341001646314
nan nan nan nan nan nan nan nan nan nan nan nan nan nan nan nan nan nan nan nan nan nan nan nan nan nan nan nan nan nan nan nan nan nan nan nan nan nan nan nan nan nan 0 0 0 3.4234262436395415108 8.6022362858097274341 8.1608758285279918709 8.4305681105014596 8.4013980515811894634 6.2072650764961450065 10.327751118239108408 11.790970878792885301 11.94647260774450892 12.00608322473620504 11.449273846586528691 13.940007401566562706 13.873287945625644824 13.76392304643101383 13.706368348759186304 13.661013749886906865 13.620059557306648301 13.694514781838941886
nan nan nan nan nan nan nan nan nan nan nan nan nan nan nan nan nan nan nan nan nan nan nan nan nan nan nan nan nan nan nan nan nan nan nan nan nan nan nan nan nan 0 0 0 0 0 5.332211876649742166 4.9311814805886333701 0 0 0 0 0 0 11.703891869107769352 11.436029685983191584 13.897040949713710845 13.825285730520942451 13.727717517651743862 13.650727693110853878 13.630032463413890298 13.595853300704309419 13.5656263616679027
nan nan nan nan nan nan nan nan nan nan nan nan nan nan nan nan nan nan nan nan nan nan nan nan nan nan nan nan nan nan nan nan nan nan nan nan nan nan nan nan nan 0 0 0 0 0 0 0 0 0 11.531917538178053206 14.279232969703857137 11.82500540087387364 11.695750171069256851 13.805018152173817114 13.826217316481173469 13.861324528937608136 13.776755971106132037 13.677092090393912827 13.638148172260830648 13.607353771688689648 13.575908001480225806 13.545531620471228607
nan nan nan nan nan nan nan nan nan nan nan nan nan nan nan nan nan nan nan nan nan nan nan nan nan nan nan nan nan nan nan nan nan nan nan nan nan nan nan nan nan 0 0 0 0 0 0 0 3.3595646118582584982 10.660283143351515278 14.16850462315260728 14.304898784754364272 14.148243988195210008 13.864815586597337926 13.971110612576120857 13.903384911484170772 13.802677417862282638 13.708267890544592049 13.642772299201434194 13.617890616946814575 13.584326966417412663 13.553660433272060715 13.527703670958389992
nan nan nan nan nan nan nan nan nan nan nan nan nan nan nan nan nan nan nan nan nan nan nan nan nan nan nan nan nan nan nan nan nan nan nan nan nan nan nan nan nan 0 0 0 0 0 3.2575387616573041605 10.694428513483360987 10.674264327842934108 11.270485988343127204 14.168243679735898155 14.103359526848203487 14.094639471901144745 14.008502989881156608 13.933907916910923674 13.841512236030400373 13.74024060026378713 13.643686893657759995 13.628855193655565969 13.592327379476422777 13.560107141606994929 13.534233578628137806 13.510169421874509865
nan nan nan nan nan nan nan nan nan nan nan nan nan nan nan nan nan nan nan nan nan nan nan nan nan nan nan nan nan nan nan nan nan nan nan nan nan nan nan nan 0 0 0 0 0 8.6966949949716330082 10.780149507205152304 10.705362626839580287 10.62792278280980085 11.321005167037409223 13.905970270082994134 14.134641318110231722 14.063443974486460775 14.004397474234075105 13.913800314436004513 13.789824681054282607 13.685488645511068029 13.605265527779248913 13.602571770133245366 13.56734336901712723 13.541337166318923479 13.515911070121976678 13.491183772246699846
nan nan nan nan nan nan nan nan nan nan nan nan nan nan nan nan nan nan nan nan nan nan nan nan nan nan nan nan nan nan nan nan nan nan nan nan nan nan nan 0 0 0 0 0 0 4.9552926971985522542 10.959387794026918428 10.67672689997434432 10.706506646970838759 10.899254725786107656 11.478376523016434518 13.999838797641052324 13.993189408613151414 13.971905596782173475 13.812665041665958654 13.723370113589504982 13.620648255598672094 13.59759173971172963 13.569081593912960315 13.545440136963968314 13.521900842942402576 13.497830891656569463 13.551871558811521723
nan nan nan nan nan nan nan nan nan nan nan nan nan nan nan nan nan nan nan nan nan nan nan nan nan nan nan nan nan nan nan nan nan nan nan nan nan 0 0.89452651149473594305 4.6663228840803840924 2.9918020018234763313 0 0 0 0 0 8.3323184383633570604 10.835845693936407841 10.584594457575866144 11.359984742099562993 12.392223562145030513 11.451845472531410053 13.841321202544341062 13.921144609216121069 13.753363789514535753 13.65044008409416243 13.58816723325123732 13.571222659249633224 13.547550044686007098 13.527594387320213798 13.613720288565954064 13.57442007461494704 13.534153830188152767
nan nan nan nan nan nan nan nan nan nan nan nan nan nan nan nan nan nan nan nan nan nan nan nan nan nan nan nan nan nan nan nan nan nan nan nan 0 0 7.0831978156321611095 7.898264197832172151 8.7816453683735939961 7.1560342912690009243 6.0122621128039979155 4.567356561436774598 1.0787806364783329993 0 0 10.596111000276630776 11.773969504940703601 11.549140501156866634 13.839295269519867659 12.279012061230377029 13.709426942952571693 13.826335494649331537 13.707014345170023262 13.592322955717554223 13.570438240375892747 13.546773048436103082 13.523649584390460276 13.505190632187767719 13.48711992993714226 13.551581702712256927 13.535265137427421323
nan nan nan nan nan nan nan nan nan nan nan nan nan nan nan nan nan nan nan nan nan nan nan nan nan nan nan nan nan nan nan nan nan nan 0 6.1155608430111554341 5.6550402979119116509 7.5284785274300611846 10.740457963880656322 10.78158428581541628 11.118868743279449518 10.93116153004275759 10.70332672829527354 10.590586487571842511 10.765660044504466342 10.93974872378518981 0 0 7.4303079813930859032 10.458781906068260525 11.926332543791378527 11.303753778795321949 12.321860401827285258 12.212414810965558587 13.699543413380045109 13.567238182497373344 13.559572256137862212 13.520231511367420296 13.628915566263863468 13.603181184640698476 13.562744973049372987 13.544366286067473837 13.538302608408422145
nan nan nan nan nan nan nan nan nan nan nan nan nan nan nan nan nan nan nan nan nan nan nan nan nan nan nan nan nan nan nan nan 0 0 0 8.7476955092127077762 7.6583429839708703213 10.787676726700645702 11.141295671372883902 11.419579080720563269 11.404088246160334563 11.381914474768992207 11.356463648288926294 11.21276033084681778 11.164291775333749612 12.644818279401773609 13.730074197644078993 11.028320732418768202 10.857201900756919599 10.901980821359101625 11.291455035261895645 10.909869352379365282 11.749423453554271646 11.883403750875149996 12.09906069896616998 13.514082762812117622 13.52351205978378168 13.62035159832207043 13.612698161596236801 13.581288656600081666 13.537377674966910135 13.538926729735040411 13.562983003889661049
nan nan nan nan nan nan nan nan nan nan nan nan nan nan nan nan nan nan nan nan nan nan nan nan nan nan 0 0 0 0 0 0 0 0 0 7.8040277919406930707 7.1604980082150229137 11.274341086918504118 12.614601192031765109 12.650712988609171816 12.609888848537115891 11.720350464828083403 11.696316303562785066 11.490838073037913603 13.697249829382300845 13.601646575154486385 13.967520448484037843 14.111853154226464468 14.093183262649439769 13.74128253178560044 13.815764828461293945 13.777876806924577835 13.78810911953006979 13.678554711800833488 13.579551677452849745 13.516588897500746214 13.506574647533904354 13.596367550572209026 13.595889469094892377 13.565967158831741202 13.522180907977215725 13.510687795864994243 13.576441102442119657
nan nan nan nan nan nan nan nan nan nan nan nan nan nan nan nan nan nan nan nan nan nan nan nan nan nan 0 0 0 0 0 0 0 0 0 4.9905873173252297548 6.0165644605514660981 11.255448876456920715 11.581416250836182869 11.589105030222654591 12.683015614440551033 13.868426528013005239 13.800425358497991013 12.340698198534294505 13.622022347862774438 13.924902465701327614 13.896663917269119537 14.065374206185698114 14.05278698693624051 13.78079228527106892 13.723541065067534461 13.795799021894575631 13.727781535330692009 13.703249371287085978 13.654961596648881539 13.525466162201196241 13.60064582531358468 13.580133053312135161 13.578991365467011576 13.551988953886725753 13.500479932711392905 13.513567944166888779 13.583291796282878749
nan nan nan nan nan nan nan nan nan nan nan nan nan nan nan nan nan nan nan nan nan nan nan nan nan nan 0 0 0 0 0 0 0 0 3.4030657087940330285 0 2.1309770690503007096 10.941993322802558097 11.517713907425623177 11.571489786976849601 13.707591911849538846 13.795755540587236965 14.049368806164633128 13.979980687720408028 13.92393591601945424 13.927821042979457999 13.792199644678211357 13.916643676941692576 14.023210305911439022 13.860810039959002182 13.766096953814619397 13.717324813487746127 13.690046983493321164 13.719022808452502105 13.624808709645259697 13.685456902866350859 13.565910586264422477 13.562939412214626955 13.553230352411219428 13.527328149522888978 13.495635338616096988 13.5070104429774549 13.578393718870600537
nan nan nan nan nan nan nan nan nan nan nan nan nan nan nan nan nan nan nan nan nan nan nan nan nan nan 0 0 0 0 0 0 0 2.0958909930848110825 6.3345328630597936836 4.6672884103758454089 1.065840752141471226 10.989648696182193532 12.416287646633449526 12.372383388019647654 12.363130391971647981 12.372594258847653848 14.04850847146220616 13.913985565975327319 13.918111060029621839 13.797588100285560486 13.771105737324958795 13.97599869376898063 13.943871948346204803 13.828768709308958407 13.711098582358671294 13.71957675592187087 13.705702689017238427 13.741327685549263649 13.690751630032048425 13.648877134703587544 13.577609216568816919 13.538075145291360357 13.519431301346093832 13.487953565919582388 13.47485585818036391 13.543657819315855662 13.583944025930080102
nan nan nan nan nan nan nan nan nan nan nan nan nan nan nan nan nan nan nan nan nan nan nan nan nan nan nan 0 0 0 0 0 0 0 4.6893828543256601549 10.923771921654100936 10.98266343079930607 9.2711692744346851924 11.378154095599006368 12.427035130497959159 11.39741341144804565 11.327029278307440663 11.380481921080612295 11.563625581146114385 13.844968984772092924 13.762274783591836425 13.706035891717467834 13.864276557137580781 13.842540249041617173 13.802497646793344899 13.734595501616562174 13.685527712831126124 13.696192628548551795 13.707509102247726673 13.669355171785362302 13.627817825747031932 13.611563699238171665 13.588559257623586518 13.498687709517373179 13.499135209950560821 13.54780354285591315 13.578185579208623679 13.630043041745372179
