results/rofental/evapotranspiration_2020-06-01T0000_2020-06-30T2300.asc
ncols        322
nrows        225
xllcorner    622802.488000000012
yllcorner    5178049.378999999724
cellsize     100.000000000000
[rows 93 to 123 of 225, columns 210 to 279 of 322]
82.375342184193215189 80.510917266497287414 83.023260401862813751 82.69709469673838953 82.674786869799405054 82.807128147388496586 83.514521571296597813 83.058441211122385539 83.778624450183926342 84.13250006544892301 83.757290500826186985 82.119279955388066128 82.408765488556383616 82.541098972277183066 81.846808171104143526 nan nan nan nan nan nan nan nan nan nan nan nan nan nan nan nan nan nan nan nan nan nan nan nan nan nan nan nan nan nan nan nan nan nan nan nan nan nan nan nan nan nan nan nan nan nan nan nan nan nan nan nan nan nan nan
82.972972287860628171 81.759881615809391064 81.699456432879870249 82.525971106558074553 81.789373204140318308 82.331182143556887354 82.956049728312095226 82.681525651596530224 83.795074966264280647 84.068496043573247789 82.963072030801328083 82.127850123932816473 81.433285562058344453 82.004056459604839802 81.412042324909592139 80.525479767890146832 nan nan nan nan nan nan nan nan nan nan nan nan nan nan nan nan nan nan nan nan nan nan nan nan nan nan nan nan nan nan nan nan nan nan nan nan nan nan nan nan nan nan nan nan nan nan nan nan nan nan nan nan nan nan
82.342191223585160742 82.103316683885580574 81.543379568722087924 82.613000378199004103 82.487492195753446822 82.972702054566610741 82.849972199300012221 82.624080738334029661 82.866487244885504992 83.093782353989269041 83.214100955943408167 82.581103617399165273 82.224828723386821139 82.324783652437517389 82.194535413985889249 81.817224321497704409 81.783437233115577669 80.235146404097577033 81.69499358275253087 nan nan nan nan nan nan nan nan nan nan nan nan nan nan nan nan nan nan nan nan nan nan nan nan nan nan nan nan nan nan nan nan nan nan nan nan nan nan nan nan nan nan nan nan nan nan nan nan nan nan nan
81.702608841632809344 82.228022685818970672 82.313205158831962649 82.808901444638820522 82.97813744722213869 82.723577762547620296 83.543827469083765891 83.051498175310584315 84.012876331375949235 84.104052730476624333 83.592073150255657765 82.523620724206097066 82.521532989667889524 82.376252482969135826 83.1293829499397674 82.376892285368555235 82.880578017781189715 81.441534379149089773 79.365597237219418503 nan nan nan nan nan nan nan nan nan nan nan nan nan nan nan nan nan nan nan nan nan nan nan nan nan nan nan nan nan nan nan nan nan nan nan nan nan nan nan nan nan nan nan nan nan nan nan nan nan nan nan
83.044861074188006 82.998777861889564633 83.038242503206987521 83.240743195087304684 83.033948852859523981 81.783576813444597065 80.70796136996516168 80.303895706445899805 80.770756583655412442 80.768004747640190999 80.545859667964165851 80.187200586461003127 79.725368234442569815 79.289177388633603982 80.162841336907362688 79.710384955678975416 80.089377894657616253 97.289765884927788875 100.11040285599094091 nan nan nan nan nan nan nan nan nan nan nan nan nan nan nan nan nan nan nan nan nan nan nan nan nan nan nan nan nan nan nan nan nan nan nan nan nan nan nan nan nan nan nan nan nan nan nan nan nan nan nan
83.561780557074484932 83.142058245622635582 81.911354088236734583 80.87484785792373998 80.298616449715197518 81.89894680502406743 82.323878612061477611 82.069581376449150412 81.084947945686991488 81.019476448745820107 81.279049798452433606 81.919087398181417825 81.246409816686309568 79.802166419552321486 78.595664977433372655 79.254779747567340564 78.785789284401587906 78.628958879607097288 104.52408248432556093 nan nan nan nan nan nan nan nan nan nan nan nan nan nan nan nan nan nan nan nan nan nan nan nan nan nan nan nan nan nan nan nan nan nan nan nan nan nan nan nan nan nan nan nan nan nan nan nan nan nan nan
77.041046694356253965 79.582356559174158406 81.015190403900177785 81.610069725882112834 81.790052473617748774 81.704024006535803437 79.157427193921549247 78.770021699805297999 78.30954633880880067 78.896096910343132436 78.080816745060275252 78.319439180631249542 78.628771318107013144 78.411883845126553183 75.895521859990310531 73.663241860999420396 72.162726081045533988 74.91107920827933242 105.09026608647054957 nan nan nan nan nan nan nan nan nan nan nan nan nan nan nan nan nan nan nan nan nan nan nan nan nan nan nan nan nan nan nan nan nan nan nan nan nan nan nan nan nan nan nan nan nan nan nan nan nan nan nan
73.243815763994007284 76.692849796116234984 78.840331811091616032 77.53504970489866821 74.075835134323185116 73.744195451010000397 74.91332001369568161 73.126262573831624536 70.228590073533226246 67.300410085803108018 67.205451184663857589 68.70905908754406255 74.233666153105048124 76.898497899249818488 72.869220324016509949 71.76237615866571673 72.764753919848899955 72.546388575723455006 96.171290695970753859 nan nan nan nan nan nan nan nan nan nan nan nan nan nan nan nan nan nan nan nan nan nan nan nan nan nan nan nan nan nan nan nan nan nan nan nan nan nan nan nan nan nan nan nan nan nan nan nan nan nan nan
69.368467375049178258 67.174637580403967263 68.225587310856624867 67.89508648085612208 66.510087549981079746 66.379941537491390591 67.485387195869165566 65.527746004512678724 63.388060566278845442 68.239896687893747185 70.93750711727049918 67.728931913526466246 69.285240741169729972 73.941963348338688888 72.139867089731822603 69.604423827519795509 69.450928012909770359 71.580809119511073391 96.733998567372395883 nan nan nan nan nan nan nan nan nan nan nan nan nan nan nan nan nan nan nan nan nan nan nan nan nan nan nan nan nan nan nan nan nan nan nan nan nan nan nan nan nan nan nan nan nan nan nan nan nan nan nan
68.449506054101604491 66.89121333300090555 65.319778463273763691 66.084491865816758605 67.219244208667916496 66.800326191874148662 66.89653551937711029 12.482653094340506073 12.597845541621035537 12.474050545496607967 67.453382475574002797 68.16188531709596532 69.950814026965915104 70.600102371497527542 69.610656580981540742 66.926847425445529893 64.424133025029462374 71.175970322880175445 nan nan nan nan nan nan nan nan nan nan nan nan nan nan nan nan nan nan nan nan nan nan nan nan nan nan nan nan nan nan nan nan nan nan nan nan nan nan nan nan nan nan nan nan nan nan nan nan nan nan nan nan
13.228568757246536691 13.147526177886001975 13.001954477079712191 12.864758994729534436 12.779998249533411681 12.710227686195937125 12.6935043249998607 12.661458469742628452 12.60128563738803642 12.591416009159834388 12.547582734896945311 12.504730729320671756 12.390072775564140883 12.217059320126596234 12.177766128922430156 12.528636409320187184 67.654595698132055759 nan nan nan nan nan nan nan nan nan nan nan nan nan nan nan nan nan nan nan nan nan nan nan nan nan nan nan nan nan nan nan nan nan nan nan nan nan nan nan nan nan nan nan nan nan nan nan nan nan nan nan nan nan
13.230219248534204723 13.220519432321035325 13.129037141376530329 13.032935655293357513 12.988700670534143455 12.846992362898255635 12.836109896441570299 12.727253037894524113 12.550727964253539426 12.344960378002825863 12.481509925321713439 12.654409922226312446 12.553333922331956884 12.390068068777900123 12.506459940906355044 12.936662248846705126 nan nan nan nan nan nan nan nan nan nan nan nan nan nan nan nan nan nan nan nan nan nan nan nan nan nan nan nan nan nan nan nan nan nan nan nan nan nan nan nan nan nan nan nan nan nan nan nan nan nan nan nan nan nan
13.368593085014342847 13.295737779612689877 13.118495819125891799 13.045032865462157901 12.615806275615163656 12.589515728115213022 12.598404469948270901 12.502981129907848157 12.507728362124103327 12.460684295614552042 12.403095702590217542 12.370358656673120734 12.284899214222754438 12.337841139466673823 12.507377048167864331 nan nan nan nan nan nan nan nan nan nan nan nan nan nan nan nan nan nan nan nan nan nan nan nan nan nan nan nan nan nan nan nan nan nan nan nan nan nan nan nan nan nan nan nan nan nan nan nan nan nan nan nan nan nan nan
13.054651217975983712 12.973527425356934373 12.85987468377642351 12.823839250493090702 12.754252781040730014 12.747323989775956932 12.581873070274003368 12.238240655900604281 12.262750586405672948 12.197993660507568947 11.883730564792742257 11.813224791592174867 12.049593577220024443 12.545717893336368221 nan nan nan nan nan nan nan nan nan nan nan nan nan nan nan nan nan nan nan nan nan nan nan nan nan nan nan nan nan nan nan nan nan nan nan nan nan nan nan nan nan nan nan nan nan nan nan nan nan nan nan nan nan nan nan nan
13.099756610932162815 12.993060150324714286 12.84285368095230595 12.411271847838325044 12.195454752970139367 12.248757018732447932 11.875536574904774767 11.84587657853885645 11.8221510155845273 11.788516409393595907 11.738873170828744819 11.704154763262826222 12.016832241201125697 nan nan nan nan nan nan nan nan nan nan nan nan nan nan nan nan nan nan nan nan nan nan nan nan nan nan nan nan nan nan nan nan nan nan nan nan nan nan nan nan nan nan nan nan nan nan nan nan nan nan nan nan nan nan nan nan nan
12.499459788646953839 12.436002028424066879 12.321561079971916186 12.026925247944374675 12.033164651189217409 12.004806554786918937 11.959346452200275479 11.882441239357078189 11.8654174329980453 11.828448523360364675 12.755730821575923528 11.910449863412075899 nan nan nan nan nan nan nan nan nan nan nan nan nan nan nan nan nan nan nan nan nan nan nan nan nan nan nan nan nan nan nan nan nan nan nan nan nan nan nan nan nan nan nan nan nan nan nan nan nan nan nan nan nan nan nan nan nan nan
12.197639055452986767 12.09748349550857327 11.924811515977994603 11.943585883461473429 11.887056307219369344 11.873580523061008307 11.859351237160396408 11.590736231090993158 8.9812441406130290034 12.374223281098867488 nan nan nan nan nan nan nan nan nan nan nan nan nan nan nan nan nan nan nan nan nan nan nan nan nan nan nan nan nan nan nan nan nan nan nan nan nan nan nan nan nan nan nan nan nan nan nan nan nan nan nan nan nan nan nan nan nan nan nan nan
10.61539829456455486 10.147068189190811438 11.691554142302974739 11.496934150299866317 8.6718136471617537353 8.715955555562603152 11.859305668651540344 12.167123657544053117 nan nan nan nan nan nan nan nan nan nan nan nan nan nan nan nan nan nan nan nan nan nan nan nan nan nan nan nan nan nan nan nan nan nan nan nan nan nan nan nan nan nan nan nan nan nan nan nan nan nan nan nan nan nan nan nan nan nan nan nan nan nan
4.9209216492798066866 8.8003488674367496003 12.189529353929440703 11.778787834248987565 5.6458521063204862855 10.474959591684843474 12.851165439738812424 nan nan nan nan nan nan nan nan nan nan nan nan nan nan nan nan nan nan nan nan nan nan nan nan nan nan nan nan nan nan nan nan nan nan nan nan nan nan nan nan nan nan nan nan nan nan nan nan nan nan nan nan nan nan nan nan nan nan nan nan nan nan nan
13.250807015961189705 12.346986229034287774 12.765350140341951146 8.4146431638953576027 3.9617941113979093792 7.1639337513129763835 nan nan nan nan nan nan nan nan nan nan nan nan nan nan nan nan nan nan nan nan nan nan nan nan nan nan nan nan nan nan nan nan nan nan nan nan nan nan nan nan nan nan nan nan nan nan nan nan nan nan nan nan nan nan nan nan nan nan nan nan nan nan nan nan
13.228047302759190273 11.787724670409721384 8.8167557353783951868 4.9392684535897695142 nan nan nan nan nan nan nan nan nan nan nan nan nan nan nan nan nan nan nan nan nan nan nan nan nan nan nan nan nan nan nan nan nan nan nan nan nan nan nan nan nan nan nan nan nan nan nan nan nan nan nan nan nan nan nan nan nan nan nan nan nan nan nan nan nan nan
12.319820132471736684 12.741122541159276338 8.5000526430703242653 3.3114136337819801703 nan nan nan nan nan nan nan nan nan nan nan nan nan nan nan nan nan nan nan nan nan nan nan nan nan nan nan nan nan nan nan nan nan nan nan nan nan nan nan nan nan nan nan nan nan nan nan nan nan nan nan nan nan nan nan nan nan nan nan nan nan nan nan nan nan nan
7.3177152720850724421 12.590236001637713059 11.556569472221760009 0 nan nan nan nan nan nan nan nan nan nan nan nan nan nan nan nan nan nan nan nan nan nan nan nan nan nan nan nan nan nan nan nan nan nan nan nan nan nan nan nan nan nan nan nan nan nan nan nan nan nan nan nan nan nan nan nan nan nan nan nan nan nan nan nan nan nan
1.423311492608922757 2.7360990489093661715 4.1005358226026071833 0.48727376093905838683 nan nan nan nan nan nan nan nan nan nan nan nan nan nan nan nan nan nan nan nan nan nan nan nan nan nan nan nan nan nan nan nan nan nan nan nan nan nan nan nan nan nan nan nan nan nan nan nan nan nan nan nan nan nan nan nan nan nan nan nan nan nan nan nan nan nan
0 0 0 nan nan nan nan nan nan nan nan nan nan nan nan nan nan nan nan nan nan nan nan nan nan nan nan nan nan nan nan nan nan nan nan nan nan nan nan nan nan nan nan nan nan nan nan nan nan nan nan nan nan nan nan nan nan nan nan nan nan nan nan nan nan nan nan nan nan nan
0 0 nan nan nan nan nan nan nan nan nan nan nan nan nan nan nan nan nan nan nan nan nan nan nan nan nan nan nan nan nan nan nan nan nan nan nan nan nan nan nan nan nan nan nan nan nan nan nan nan nan nan nan nan nan nan nan nan nan nan nan nan nan nan nan nan nan nan nan nan
0 nan nan nan nan nan nan nan nan nan nan nan nan nan nan nan nan nan nan nan nan nan nan nan nan nan nan nan nan nan nan nan nan nan nan nan nan nan nan nan nan nan nan nan nan nan nan nan nan nan nan nan nan nan nan nan nan nan nan nan nan nan nan nan nan nan nan nan nan nan
0 nan nan nan nan nan nan nan nan nan nan nan nan nan nan nan nan nan nan nan nan nan nan nan nan nan nan nan nan nan nan nan nan nan nan nan nan nan nan nan nan nan nan nan nan nan nan nan nan nan nan nan nan nan nan nan nan nan nan nan nan nan nan nan nan nan nan nan nan nan
0 nan nan nan nan nan nan nan nan nan nan nan nan nan nan nan nan nan nan nan nan nan nan nan nan nan nan nan nan nan nan nan nan nan nan nan nan nan nan nan nan nan nan nan nan nan nan nan nan nan nan nan nan nan nan nan nan nan nan nan nan nan nan nan nan nan nan nan nan nan
0 nan nan nan nan nan nan nan nan nan nan nan nan nan nan nan nan nan nan nan nan nan nan nan nan nan nan nan nan nan nan nan nan nan nan nan nan nan nan nan nan nan nan nan nan nan nan nan nan nan nan nan nan nan nan nan nan nan nan nan nan nan nan nan nan nan nan nan nan nan
0 nan nan nan nan nan nan nan nan nan nan nan nan nan nan nan nan nan nan nan nan nan nan nan nan nan nan nan nan nan nan nan nan nan nan nan nan nan nan nan nan nan nan nan nan nan nan nan nan nan nan nan nan nan nan nan nan nan nan nan nan nan nan nan nan nan nan nan nan nan
