results/rofental/evapotranspiration_2020-06-01T0000_2020-06-30T2300.asc
ncols        322
nrows        225
xllcorner    622802.488000000012
yllcorner    5178049.378999999724
cellsize     100.000000000000
[rows 124 to 154 of 225, columns 70 to 139 of 322]
nan nan nan nan nan nan nan nan nan nan nan nan nan nan nan nan nan nan nan nan nan nan nan nan nan nan nan nan nan nan nan nan nan nan nan nan nan nan nan nan nan nan nan nan nan nan nan nan nan nan nan nan nan nan nan nan nan nan nan nan nan 0 0 0 0 0 0 0 0 0
nan nan nan nan nan nan nan nan nan nan nan nan nan nan nan nan nan nan nan nan nan nan nan nan nan nan nan nan nan nan nan nan nan nan nan nan nan nan nan nan nan nan nan nan nan nan nan nan nan nan nan nan nan nan nan nan nan nan nan nan nan 0 0 0 0 0 0 0 0 0
nan nan nan nan nan nan nan nan nan nan nan nan nan nan nan nan nan nan nan nan nan nan nan nan nan nan nan nan nan nan nan nan nan nan nan nan nan nan nan nan nan nan nan nan nan nan nan nan nan nan nan nan nan nan nan nan nan nan nan nan 0 0 0 0 0 0 0 0 0 0
nan nan nan nan nan nan nan nan nan nan nan nan nan nan nan nan nan nan nan nan nan nan nan nan nan nan nan nan nan nan nan nan nan nan nan nan nan nan nan nan nan nan nan nan nan nan nan nan nan nan nan nan nan nan nan nan nan nan nan nan 0 0 0 0 0 0 0 0.6045067590668772306 0 1.5906287116327610942
nan nan nan nan nan nan nan nan nan nan nan nan nan nan nan nan nan nan nan nan nan nan nan nan nan nan nan nan nan nan nan nan nan nan nan nan nan nan nan nan nan nan nan nan nan nan nan nan nan nan nan nan nan nan nan nan nan nan nan 0 0 0 0 0 0 0 0 0 0 7.7156721329236530593
nan nan nan nan nan nan nan nan nan nan nan nan nan nan nan nan nan nan nan nan nan nan nan nan nan nan nan nan nan nan nan nan nan nan nan nan nan nan nan nan nan nan nan nan nan nan nan nan nan nan nan nan nan nan nan nan nan nan 0 0 0 0 0 0 0 0 0 0.27922031845005801376 1.5431965224454422536 8.4625366544216742426
nan nan nan nan nan nan nan nan nan nan nan nan nan nan nan nan nan nan nan nan nan nan nan nan nan nan nan nan nan nan nan nan nan nan nan nan nan nan nan nan nan nan nan nan nan nan nan nan nan nan nan nan nan nan nan nan 0 0 0 0 0 0 0 0 0 0 0 0 2.4562664302908174818 8.784098348105347398
nan nan nan nan nan nan nan nan nan nan nan nan nan nan nan nan nan nan nan nan nan nan nan nan nan nan nan nan nan nan nan nan nan nan nan nan nan nan nan nan nan nan nan nan nan nan nan nan nan nan nan nan nan nan nan nan 0 0 0 0 0 1.4870499680363593598 1.4797869681367132877 0.3595458742515510453 1.5269612397585716757 1.5196369356573784515 3.2433747509360073558 3.6595683033981760701 5.0419711528530930522 9.1274834386733267877
nan nan nan nan nan nan nan nan nan nan nan nan nan nan nan nan nan nan nan nan nan nan nan nan nan nan nan nan nan nan nan nan nan nan nan nan nan nan nan nan nan nan nan nan nan nan nan nan nan nan nan 0 0 nan 0 0 0 0 0 0 0 1.5248313723328636993 4.063148373098670163 5.9511116318226395805 4.0518493067222740578 4.0112297555604152777 8.1937145104422359765 8.4553397170956010598 9.8045147783706472211 10.138920672382107924
nan nan nan nan nan nan nan nan nan nan nan nan nan nan nan nan nan nan nan nan nan nan nan nan nan nan nan nan nan nan nan nan nan nan nan nan nan nan nan nan nan nan nan nan nan nan nan nan nan nan 0 0 0 0 0 0 0 0 0 0 0 3.9851882240724192386 7.5782778037292777285 8.1585647922702015933 8.3745848848416581944 8.4638680015677820734 9.1575463400249574875 9.737494736826260322 11.267526481002155592 11.279543165077313915
nan nan nan nan nan nan nan nan nan nan nan nan nan nan nan nan nan nan nan nan nan nan nan nan nan nan nan nan nan nan nan nan nan nan nan nan nan nan nan nan nan nan nan nan nan nan nan nan nan 0 0 0 0 0 0 4.1378186818856299567 0 0 0 3.9726634154014885958 3.9340649904681415094 7.9395897197273566093 8.8807183595147751731 8.585796642481250629 9.14351983296488946 9.9653251879476965058 11.023613329059255506 10.927855780003579156 11.297748166646796264 11.756438040524077593
nan nan nan nan nan nan nan nan nan nan nan nan nan nan nan nan nan nan nan nan nan nan nan nan nan nan nan nan nan nan nan nan nan nan nan nan nan nan nan nan nan nan nan nan nan nan nan nan 0 0 0 0 0 0.37062115711215359859 4.079589289559152121 4.0731093401412339361 3.6353429313728198302 3.9792520947359468764 3.9530849432891081996 3.9594890996824849694 3.9571447115439326581 3.9543354853806191862 3.961989171362998885 6.2165074725972484515 8.1684317500015790614 10.229009829952982358 11.479327898485076176 12.021053573234496525 12.049982210335878463 12.317962742974730261
nan nan nan nan nan nan nan nan nan nan nan nan nan nan nan nan nan nan nan nan nan nan nan nan nan nan nan nan nan nan nan nan nan nan nan nan nan nan nan nan nan nan nan nan nan nan nan 0 0 0 0 0 0 0 0.33623848080034246522 0.34358639141289293306 0.49129293612782543033 1.4151397276240105239 3.9700717070146582799 3.9500177749456257814 3.9500698472070081557 3.9454177928947085086 3.9597201986711283439 3.9341072659530684774 4.1969188687176748331 7.3080580734143936184 11.259339848790943961 11.987708464879288428 11.397705499603377532 11.372174485745873085
nan nan nan nan nan nan nan nan nan nan nan nan nan nan nan nan nan nan nan nan nan nan nan nan nan nan nan nan nan nan nan nan nan nan nan nan nan nan nan nan nan nan nan nan nan nan nan 0 0 0 0 0 0 0 0 0.48438621273152554503 1.4700547751305428346 2.395677806758986339 3.973651830777020777 3.9583613991247204034 5.042685859205076504 4.0232968594538922602 3.9656068897433738307 3.3121834170070449943 6.1562576857509174744 8.1279084075119030217 9.9494196794652793869 11.936089751588840002 11.301164390074797339 11.332001947440138778
nan nan nan nan nan nan nan nan nan nan nan nan nan nan nan nan nan nan nan nan nan nan nan nan nan nan nan nan nan nan nan nan nan nan nan nan nan nan nan nan nan nan nan nan nan nan 0 0 0 0 0 0 0 0 0 0 1.4515213050700728203 3.9321416288637323078 6.4312250683623188863 5.0981487623554571087 7.142542808707037949 8.452888762931236144 6.5496038822143214375 4.0443526197452719373 8.2683382365560262883 10.437725551341440422 11.14828558779967338 11.245378750725134154 11.246906381420393117 11.309016132779115438
nan nan nan nan nan nan nan nan nan nan nan nan nan nan nan nan nan nan nan nan nan nan nan nan nan nan nan nan nan nan nan nan nan nan nan nan nan nan nan nan nan nan nan nan nan 0 0 0 0 0 0 0 0 0 0 0 0 1.3608786400160750585 3.9056715895470404121 4.9596042185034905359 7.9986467491655242057 9.6234702555854507722 10.627710975065578936 7.9961985837496190044 10.784072151346720148 11.130608764902822472 11.225512966745423427 11.20047835635366873 11.238483559425979763 11.544667005332630794
nan nan nan nan nan nan nan nan nan nan nan nan nan nan nan nan nan nan nan nan nan nan nan nan nan nan nan nan nan nan nan nan nan nan nan nan nan nan nan nan nan nan nan nan 0 0 0 0 0 0 0 0 0 0.0029315941856344488251 2.3781373759486608144 3.9081121657589652507 3.8895665996045742929 1.4073054100448345594 3.839239724187322178 6.015747050450308997 8.334698553754936512 10.811987620456841697 10.947906410930736243 11.047315804236761849 11.089435789047213277 11.163589799645794898 11.141702047679807208 11.171085154724599064 11.488896232122620233 12.178216822339626546
nan nan nan nan nan nan nan nan nan nan nan nan nan nan nan nan nan nan nan nan nan nan nan nan nan nan nan nan nan nan nan nan nan nan nan nan nan nan nan nan nan nan nan 0 0 0 0 0 0 0 0 0 0 0 0.42581606671742289194 3.9053406902469216533 5.8928948032216226238 7.6545007128259481277 3.9507761336555313747 3.7930684589337744228 8.0291285537065224531 10.723296999363482129 10.997663815111241803 11.160816476959377397 11.104772592617512927 11.093689804370528762 11.425098637580200389 12.123498128841511345 12.117580861305164319 12.13003026871275658
nan nan nan nan nan nan nan nan nan nan nan nan nan nan nan nan nan nan nan nan nan nan nan nan nan nan nan nan nan nan nan nan nan nan nan nan nan nan nan nan nan nan 0 0 0 0 0 0 0 0 0 1.3818003344695557466 1.4307757607175535242 1.4175143454698850842 2.3420132265871025368 6.3085063119582880375 8.6567865634287617382 9.0617191346456955614 9.528621484870095415 9.7667238409426655465 11.614998885779929338 11.105615500218288361 11.104075109578561253 11.072312442049014436 11.058089492456588232 11.370303024152168092 12.075738626709492607 12.076097525075475403 12.045193553666399211 12.036827192390973096
nan nan nan nan nan nan nan nan nan nan nan nan nan nan nan nan nan nan nan nan nan nan nan nan nan nan nan nan nan nan nan nan nan nan nan nan nan nan nan nan nan 0 0 0 0 0.34957989511212084199 1.4894906176756732563 0 0 0 0.23003896438438017902 1.4248002905431946807 2.3503925691776594853 3.8140613277257386926 5.7102026236120222435 8.5256820397256340982 10.216209626804028332 10.742306679508828893 10.836923307277009698 11.565978731064173957 11.011700662594572364 11.066864323787008573 11.034410786440512098 11.014589545127977388 11.322712365491012676 12.03752372338998633 12.024453027842316288 12.004080960603788597 11.940356326681074606 11.907813548669594184
nan nan nan nan nan nan nan nan nan nan nan nan nan nan nan nan nan nan nan nan nan nan nan nan nan nan nan nan nan nan nan nan nan nan nan nan nan nan 0 0 0 0 0 0 2.4285768362571271695 3.9729783582402125042 7.2189884329850313449 4.0726949955450848506 0 0 0 0 0.40159068726187974185 1.3835250469597428769 1.3708757881916773247 3.7307960489040277174 9.0512585597356931544 10.902346728912785778 10.991781476537287432 11.020018300287212298 11.034927409703540135 10.993722028996275597 11.001732553780970036 11.287251286605901157 11.989744388669818065 11.984315260298856742 11.940008338436905788 11.902879523640821802 11.939456800321655905 11.836612630611167418
nan nan nan nan nan nan nan nan nan nan nan nan nan nan nan nan nan nan nan nan nan nan nan nan nan nan nan nan nan nan nan nan nan nan nan nan nan 0 0 0 0 0 0 0 0.31798680517865007822 3.9288798366794992489 7.391543964204646322 7.2801937394847087148 7.2751678007412916571 3.5145372144618800547 0 0 0 0 0 1.2831352856878395219 4.0580315950681784543 11.248682110527870037 10.995606056244559667 10.994777019546551955 10.976050657305208347 11.326858290085057845 11.631337088090871745 11.943788204883318826 11.908266023459297855 11.866413579362259156 11.845718216478527296 11.914682368792547607 11.883166921049962639 11.757148446597726732
nan nan nan nan nan nan nan nan nan nan nan nan nan nan nan nan nan nan nan nan nan nan nan nan nan nan nan nan nan nan nan nan nan nan nan nan nan 0 0 0 0 3.9626148930565538997 3.5429756976950499414 3.9022821956498923157 2.3901425148302504198 3.8899105092204773193 4.9061945600020413494 7.8702310589784341133 8.2780645034183031328 8.1242697700181949472 7.6582893247837224848 7.6922575602273095541 6.3845953024517330121 3.7874498850767821523 1.3446326238583030666 3.6962806917687709429 2.512500199601228168 6.0601637730578232777 11.742206804460204594 10.921427627186442777 11.28243477217775137 11.630367006500735627 11.569250501432193801 11.500609380590386621 11.812190338256154831 11.790586976043462286 11.862960817236796629 11.837737119387798046 11.676874185728403077 11.491641296457919097
nan nan nan nan nan nan nan nan nan nan nan nan nan nan nan nan nan nan nan nan nan nan nan nan nan nan nan nan nan nan nan nan nan nan nan nan nan 0 0 0 1.4229796606594011799 2.4100104479845683159 1.4587305785489852461 3.2169224411921586437 2.3738178805971621443 2.3613787484804285022 3.8956424369560576082 3.858119630993086524 8.1781651499526475391 9.3412958398454577491 9.3984762494713027792 9.7148786953518317944 8.5945786197354312463 9.3354022378767442802 7.792575877529795747 10.560003282686778903 10.706338644070974908 10.928498289106075347 10.903119146100392456 10.921583004228670788 11.233042382979435914 11.189251941106642008 11.182594064563861735 11.159366040775182682 11.525916748289750657 11.813436869565206777 11.806000344197382645 11.742061442718478403 11.224719567148795818 10.039475354495493775
nan nan nan nan nan nan nan nan nan nan nan nan nan nan nan nan nan nan nan nan nan nan nan nan nan nan nan nan nan nan nan nan nan nan nan nan 0 0 0 0 0 0 0 0.22834844125694625516 0.0027906429926264856439 0.29261792425226562653 1.3982462493871130604 1.3856134857079456246 2.3113763091467469657 3.832649032774672726 6.4029973665324799725 10.227162434972379756 10.536053168244764677 10.849249890946602193 10.806788708064805959 10.951987679041641499 10.913799311542611292 10.899487216515648669 11.082020668472592817 10.864585979753895728 10.80783119838486428 10.787220429207831529 11.109119928097495489 11.193037277690956799 11.180993024980935502 11.761800673000577078 11.731745914030197397 11.05440760087499541 9.8941453890621993139 5.6828304241935923002
nan nan nan nan nan nan nan nan nan nan nan nan nan nan nan nan nan nan nan nan nan nan nan nan nan nan nan nan nan nan nan nan nan nan nan nan 0 0 0 0 0 0 0 0 0 1.3412358806871860217 1.3858525337805529531 2.3119079444072467844 3.4502780871814167085 3.7821898585439757134 3.7695628446752094121 3.8240867069931550049 7.8436348858357174407 11.039387698229958801 10.955047283373605893 10.912822160826527451 11.00740069092822182 10.866508983399322474 10.895868260287363327 10.869852271462463023 10.848852129177934955 10.82366526751677327 11.168570004692105258 11.138129041888703341 11.135189737909037433 11.395370387461724704 11.259790018552173763 7.6100758147623972505 3.9573381153293709644 3.8046472282569161472
nan nan nan nan nan nan nan nan nan nan nan nan nan nan nan nan nan nan nan nan nan nan nan nan nan nan nan nan nan nan nan nan nan nan nan 0 0 0 0 0 0 0 0 0 0 0 0.0024955075077222384911 1.3624098693617987532 3.7332412268015686685 3.8378691603977230784 9.5959921665290188741 10.308802870481908798 10.808660247137019894 10.91426459142404326 10.893166440093686731 10.859167004226431885 10.810547651567070204 10.850740174974186303 10.827185544664590822 10.809696946044118349 10.787527803344623578 10.763692785944710906 11.117343725810204802 11.110787942241774573 11.031887032841732221 11.248956367961651992 8.9220145815799636324 6.8177356064083447507 4.8996382783656002857 3.8057799683381672295
nan nan nan nan nan nan nan nan nan nan nan nan nan nan nan nan nan nan nan nan nan nan nan nan nan nan nan nan nan nan nan nan nan nan 0 0 0 0 0 0 0 0 0 0 0 0 0 0 1.3387010230172391445 3.6648477202052656132 3.6861824812641281746 7.9817382750830345728 10.89639439511151231 10.876678984687661256 10.843189713149628872 10.872941099705851542 11.755206589432834363 10.791814985713431341 10.763366366322870249 10.745158140217654363 10.728130467277281923 10.710570289011890566 11.101986719623958777 10.546544540026184578 9.1618618901144568412 8.8800660787676726216 11.221321895551769288 10.40080021283696432 11.190173330025180221 4.9010316153688675556
nan nan nan nan nan nan nan nan nan nan nan nan nan nan nan nan nan nan nan nan nan nan nan nan nan nan nan nan nan nan nan nan nan nan nan 0 0 0 0 0 0 0 0 0 0 0 0 0 0 0 3.6106463946705233958 3.8568966700588172003 10.801021989907102494 10.827407923720294036 11.689408599958552415 11.73960190185314012 11.707456948897151605 11.675947051843746038 10.719397967917753789 10.704091598604634328 10.678291629353807934 10.684101211832548017 11.409733902193444521 8.9296478781237400568 8.9866906400473407501 7.661839078522038271 3.796192739538305716 6.6321846625240175044 10.182247635126451257 7.836662116357622665
nan nan nan nan nan nan nan nan nan nan nan nan nan nan nan nan nan nan nan nan nan nan nan nan nan nan nan nan nan nan nan nan nan nan 0 0 0 0 0 0 0 0 0 0 0 0 0 0 0 0 3.5649488745953528124 8.298541939705915027 10.604880821578319683 10.72126946968440997 10.668318533870325027 11.58021806193942993 11.654085877577637476 11.627101624373006317 10.675934872685164834 10.663972676618769242 10.623394244882625514 7.9478950732073947449 5.1336995453481621965 7.5960218030992248117 7.5679599165007758188 5.0754207879748296506 2.4944818725656898728 0 0.001420778752792345315 2.1055549442263381543
nan nan nan nan nan nan nan nan nan nan nan nan nan nan nan nan nan nan nan nan nan nan nan nan nan nan nan nan nan nan nan nan nan nan 0 0 0 0 0 0 0 0 0 0 0 0 0 0 0 1.2934657352925915674 7.9119492215452762451 10.023536716566946225 10.768080553978791158 10.653142572624510365 10.630033393471652658 10.597368960810475969 10.671900652403923715 11.579705163121328582 11.555973457092152401 11.528006721564057813 7.6869025269180371041 4.0334310834199156304 3.8097079156888660201 3.8015052092883871993 2.5091156626215176395 2.1068201662522318962 1.170613444447898388 0 0 0
