results/rofental/evapotranspiration_2020-08-01T0000_2020-08-31T2300.asc
ncols        322
nrows        225
xllcorner    622802.488000000012
yllcorner    5178049.378999999724
cellsize     100.000000000000
[rows 140 to 167 of 225, columns 62 to 123 of 322]
nan nan nan nan nan nan nan nan nan nan nan nan nan nan nan nan nan nan nan nan nan nan nan nan nan nan nan nan nan nan nan nan nan nan nan nan nan nan nan nan nan nan nan nan nan nan nan nan nan nan nan nan 0 0 0 0.62099354556838204378 0.60539992886424331964 1.5450498896465099108 2.0435188168788376295 2.0173827279070404295 1.9934367900423901609 1.9679862651692248132
nan nan nan nan nan nan nan nan nan nan nan nan nan nan nan nan nan nan nan nan nan nan nan nan nan nan nan nan nan nan nan nan nan nan nan nan nan nan nan nan nan nan nan nan nan nan nan nan nan nan nan 0 0 0 0 0.61604818514360437653 0.61976184889079621865 1.5394096836075568113 2.0182714172356495119 1.9931872713531031405 1.9691347355367159189 1.9436249566401542221
nan nan nan nan nan nan nan nan nan nan nan nan nan nan nan nan nan nan nan nan nan nan nan nan nan nan nan nan nan nan nan nan nan nan nan nan nan nan nan nan nan nan nan nan nan nan nan nan nan nan 0 0.66211381865981155936 0.64987267026028050498 0.63758784677601887392 0.62306382877576027557 0.60947804987015630207 0.6154157469322636409 1.5347181603620843049 1.9938219023080920866 1.9663061361852021136 1.940909223274031481 1.9148919681932066172
nan nan nan nan nan nan nan nan nan nan nan nan nan nan nan nan nan nan nan nan nan nan nan nan nan nan nan nan nan nan nan nan nan nan nan nan nan nan nan nan nan nan nan nan nan nan nan nan nan 0.66707223690834838159 0 1.6059339513098076502 1.5908321176953659215 1.5797423553190430567 2.0925861458392640557 0.60342862780169093107 0.59156436487508390343 1.5300952105527714231 1.9716607953413900489 1.9406126481725922694 1.9120205360725230914 3.7330182907966693584
nan nan nan nan nan nan nan nan nan nan nan nan nan nan nan nan nan nan nan nan nan nan nan nan nan nan nan nan nan nan nan nan nan nan nan nan nan nan nan nan nan nan nan nan nan nan 0 0.67571684202933779417 0.66914983858740906264 0.65980814239055929349 0.64984301845273995113 1.5907720105777032327 2.0802529733109333954 2.0561531817908305086 2.299391895457886914 2.0299117254129401822 1.5366539219818931006 1.5236761211979095165 1.9457826419080028746 1.9185826071935698778 1.8910674153982935941 3.693494143508419203
nan nan nan nan nan nan nan nan nan nan nan nan nan nan nan nan nan nan nan nan nan nan nan nan nan nan nan nan nan nan nan nan nan nan nan nan nan nan nan nan nan nan nan nan nan 0.68465826878027591373 0.67831910610471990442 0.66961792345640647195 1.6136958018938480919 1.6014325369760133988 1.5891339064796539127 1.5779856989801306355 2.0392094952388832851 2.2627971500991685971 2.2437974464736787361 2.2316986118805228756 2.2212878778611768738 1.9442298255705432464 1.9141849234047827455 1.8928535659623886289 1.8717930241874030095 1.8480273057783160873
nan nan nan nan nan nan nan nan nan nan nan nan nan nan nan nan nan nan nan nan nan nan nan nan nan nan nan nan nan nan nan nan nan nan nan nan nan nan nan nan nan nan nan nan nan 1.6244218323466794729 1.6184092144781787592 1.6096004344632854899 1.5986567037040304573 2.0664525037115155648 2.0443969244688591225 2.0212021447480950087 1.9943512684761586229 2.21133539346446506 1.9502826583335488575 2.9275349322637107541 4.4094083678766100576 4.3940697164529742835 2.6997119957000359491 2.6154834436253135976 3.8168467389687061875 3.7572455960811894649
nan nan nan nan nan nan nan nan nan nan nan nan nan nan nan nan nan nan nan nan nan nan nan nan nan nan nan nan nan nan nan nan nan nan nan nan nan nan nan nan nan nan nan nan nan 1.3817823941776208319 1.6076985209791920806 2.0713173104158308924 2.0484542273424088954 2.0251680713576378778 2.0028087702197363562 1.981317340028201146 1.9597265700236097263 1.9375204504950436224 1.9165754774803054339 1.8960996847629216777 4.3574746520805414107 4.3754680013847853104 4.3567173971760277951 4.3355556939283959039 4.3071269259066733426 4.2840228806107401027
nan nan nan nan nan nan nan nan nan nan nan nan nan nan nan nan nan nan nan nan nan nan nan nan nan nan nan nan nan nan nan nan nan nan nan nan nan nan nan nan nan nan nan nan 0 0.6794716224172537844 1.6025319822873682618 2.0419302607343206013 2.0194788514489463438 1.997754365372023333 1.9764878942348012014 1.9557301865475609226 1.9348296833573168652 1.9136593189505453072 1.8918580762437307019 1.8698397630047967066 3.7724412374029356876 3.7495430621326852894 4.3036118242397281008 4.2824922925732842316 4.2527291171661776303 4.1823148531852050169
nan nan nan nan nan nan nan nan nan nan nan nan nan nan nan nan nan nan nan nan nan nan nan nan nan nan nan nan nan nan nan nan nan nan nan nan nan nan nan nan nan nan nan nan 0 0 1.5989951306508027873 2.0204895459474974118 1.9971539525437442819 1.9756593497550136718 1.9549411181067704035 1.9347498194891892265 1.9137750181246437897 1.8921728419640060359 1.8692827127873961057 1.8466045786789204719 1.9031094688369414314 3.6876176597098497822 3.8865607575984419952 4.2189905119156660973 4.1443771867747729587 4.0469128049890832344
nan nan nan nan nan nan nan nan nan nan nan nan nan nan nan nan nan nan nan nan nan nan nan nan nan nan nan nan nan nan nan nan nan nan nan nan nan nan nan nan nan nan nan 0 0 0.65964056114580715828 0.97006463937167886069 1.5815521751514227677 1.5700940340792157723 1.5598355837721362693 1.9379110833577142259 1.9190058600476738171 1.8983014474670547589 1.8766084571815249138 1.8532413010864277059 1.8292809463546688686 1.8326277889908186847 3.6436905081713870658 4.2052869991457617616 4.1080686191330064716 4.0009309993734838429 3.8959511405932221173
nan nan nan nan nan nan nan nan nan nan nan nan nan nan nan nan nan nan nan nan nan nan nan nan nan nan nan nan nan nan nan nan nan nan nan nan nan nan nan nan nan nan 0 0 0 0 0.64224926572357321497 0.64420589999127286784 1.5686856597172775807 1.5589749897595954753 1.5491133235060645656 1.5394529302793726888 1.5290910551259071504 1.8695254950297268692 1.8476084636921572546 1.8215314836825180489 1.7942588777057204563 3.8565132440018619064 4.1621369876865834669 4.0411317351187836522 3.8958128159720160077 3.7902015212656205989
nan nan nan nan nan nan nan nan nan nan nan nan nan nan nan nan nan nan nan nan nan nan nan nan nan nan nan nan nan nan nan nan nan nan nan nan nan nan nan nan nan nan nan 0 0 0 0.64003030738228461338 0.62810559058577020153 0.61868217109517953389 0.61017038508825338639 0.6156532100788565387 0.59295510600044010197 1.5316873492738307672 1.5210802763119632974 1.8456444568833578757 1.8154508287278516843 1.7846772471240428537 1.7789159759152386453 4.1479140898506434709 3.9961863714181777851 3.8412119515648814883 3.70608443225967088
nan nan nan nan nan nan nan nan nan nan nan nan nan nan nan nan nan nan nan nan nan nan nan nan nan nan nan nan nan nan nan nan nan nan nan nan nan nan nan nan nan nan 0 0 0 0 0 0.62732793564206734693 0.61865161921565259284 0.31510210263273352727 0 0 0 0 0.29395247137777991142 1.4912927927491081981 1.7684410553570624192 1.7351992419442574533 3.7216999219649871122 3.961302611350935976 3.7861116496297593237 3.6774774307594717548
nan nan nan nan nan nan nan nan nan nan nan nan nan nan nan nan nan nan nan nan nan nan nan nan nan nan nan nan nan nan nan nan nan nan nan nan nan nan nan nan nan nan 0 0 0 0 0 0 0 0 0 0.58758953999770524579 0.58816843464749135606 0.57601154492966810672 1.498743818818749185 1.7781746639759821171 1.7456633551906868274 1.739572576870746845 4.0522297381077523326 3.8639795243498413768 3.713601782463490153 3.6567845170248300946
nan nan nan nan nan nan nan nan nan nan nan nan nan nan nan nan nan nan nan nan nan nan nan nan nan nan nan nan nan nan nan nan nan nan nan nan nan nan nan nan nan nan 0 0 0 0 0 0 0 0.60493101087096490254 0.59462208770155444704 1.5273973770496305224 1.5121970690753865352 1.5001789586165692469 1.4872758326575641341 1.7438087675390649967 1.7167788370744803128 3.4305598976724169802 3.9397458436167807072 3.7757386084556370243 3.667258021218575248 3.6329173932532223823
nan nan nan nan nan nan nan nan nan nan nan nan nan nan nan nan nan nan nan nan nan nan nan nan nan nan nan nan nan nan nan nan nan nan nan nan nan nan nan nan nan nan 0 0 0 0 0 0.61805974623173487448 0.60812651189125843665 0.59715777828980609598 0.59455745438443474704 1.5134968730554014815 1.7840519469534907859 1.7606588495528723293 1.7379831097781286431 1.7126504956832380167 1.6838617664928154927 2.4216151714605560485 3.8650993545074676661 3.6995427905626425691 3.6402651518116830864 3.6107918704890238359
nan nan nan nan nan nan nan nan nan nan nan nan nan nan nan nan nan nan nan nan nan nan nan nan nan nan nan nan nan nan nan nan nan nan nan nan nan nan nan nan nan 0 0 0 0 0.32986861698831726475 0.62370880856238275491 0.61126318318635208815 0.598488745376014597 0.58556766819065475538 0.58254895999297728881 1.5026582031142168283 1.7524768384179445491 1.7260749690446683946 1.7023861341769197519 1.6780867427339780651 1.7896628339115174811 3.2996279367193404042 3.7744821252572471337 3.6492846715175586425 3.6161417522082102138 3.5942311829778645915
nan nan nan nan nan nan nan nan nan nan nan nan nan nan nan nan nan nan nan nan nan nan nan nan nan nan nan nan nan nan nan nan nan nan nan nan nan nan nan nan 0 0 0 0 0 0 0.61475436708571695732 0.60191071365371051627 0.58986223547817884238 0.5772146597764111764 0.57346812673272873351 1.4944650514719135526 1.7269536592836050026 1.7001401309322952127 1.6733831289798197783 1.6752228406778759684 2.383859133961668153 3.7803610085221084347 3.6720427932657071501 3.6169155534085568604 3.5983699096979093746 3.5813808272406917332
nan nan nan nan nan nan nan nan nan nan nan nan nan nan nan nan nan nan nan nan nan nan nan nan nan nan nan nan nan nan nan nan nan nan nan nan nan nan 0 0.66755555194232663041 0.66194016013144640898 0.65466344353699779113 0.32242143269752981949 0 0 0 0 0.59660595113078696006 0.58345136356724058846 0.57025875547572979496 0.55756099152229599003 1.4881633277039285623 1.4748809874436799028 1.6809193575503582618 1.6549299149485059424 1.7601147651405604222 3.2154120896782560912 3.7171097988972912063 3.623028455066369613 3.6090842840675234626 3.5814211061693304039 3.5697558374329907416
nan nan nan nan nan nan nan nan nan nan nan nan nan nan nan nan nan nan nan nan nan nan nan nan nan nan nan nan nan nan nan nan nan nan nan nan nan 0 0 0.659988725753131944 0.65047364171934918264 0.64282993651227415821 0.63532120399074376582 0.62719669431477564903 0.61866897835349776713 0.68292995175988957524 0 0 0.57969080424548602437 0.56604846590694990471 0.5519865711451665824 1.4818798098220602455 1.4695186983085550825 1.66377397589313758 1.6434921455463937789 2.2728178138103034556 2.6666620450595455161 3.6590776524793664493 3.6089432381048949239 3.3294345944973704476 3.3166970927687424719 3.3081241991018988102
nan nan nan nan nan nan nan nan nan nan nan nan nan nan nan nan nan nan nan nan nan nan nan nan nan nan nan nan nan nan nan nan nan nan nan 0 0.66981836473888822781 0.66492577502243233045 0.65743213249452614466 0.64772258605623278527 0.6391728870291584208 0.63125642593473274555 0.6238774436534743062 0.61602593867565891284 0.60810939964565635663 0.60013683982567911368 0.59239398167168855203 0 0 0.56103556277903987581 0.54728237521295297618 0.54173861107854959229 1.4640644737192012315 1.6513028873077977288 1.6287852623650644901 1.6283851554116062221 2.6409048586613130816 3.6407297097120041585 3.3080543093816436873 2.5791226425271900347 2.2474305938720195996 2.2417316133585640792
nan nan nan nan nan nan nan nan nan nan nan nan nan nan nan nan nan nan nan nan nan nan nan nan nan nan nan nan nan nan nan nan nan 0 0 0 0.66230498026543782597 0.65397125605772987722 0.645238505094698378 0.6358515386347548537 0.62755607956077119614 0.62005650501533582375 0.61240756933481033109 0.60454845293892711666 0.59679014658469353716 0.58859352471534276408 0.5809032103210814979 0.57371930177151986285 0.56409190059683000928 0.5527964013452127956 0.54056705970242335813 0.5283481757019464764 0.52347856876484011313 0.80108702847990775897 1.4352753996460310137 1.5864609831831917308 1.6605482373150830533 2.9323786063872168128 2.2459338761952540864 2.2325173296618143759 2.2273629856541088401 2.2409023510825250014
nan nan nan nan nan nan nan nan nan nan nan nan nan nan nan nan nan nan nan nan nan nan nan nan nan nan nan 0 0 0 0 0 0 0 0 0 0.65344856542948959177 0.64432754457102248136 0.63449897200073890335 0.62482760318442931435 0.61662574572549788687 0.60926781698872622961 0.60236457925345865405 0.59453885916176341109 0.58650345618195809383 0.57719808622300372569 0.56827229161936898549 0.55991729519261734804 0.55938543559216002965 0.54873895902805613911 0.53125889405115500619 0.52689078804424938074 1.4497970025923834214 1.4387497427388751259 1.5881765660651445682 1.5655219874464882945 1.6402825065207184974 1.6166578691838973114 1.6035301446045635565 1.6143060132536766194 2.2101159851047360583 2.2224917964164663253
nan nan nan nan nan nan nan nan nan nan nan nan nan nan nan nan nan nan nan nan nan nan nan nan nan nan nan 0 0 0 0 0 0 0 0 0 0.64611451477490744466 0.63604362358272925615 0.62575260404817911741 0.61668171843050934022 0.60845821882047068652 0.59985824665559739355 0.591942336929052626 0.58449570073429713002 0.57637406346759922915 0.56689972377079167476 0.55734984194577696925 0.55469587328259106762 1.4799999476585017355 1.4705910785200120294 0.52658224913487561292 1.4510019910580733704 1.4399517273535171746 1.4292478413585061325 1.5645714115086297724 1.5433944404937025574 1.6172764776201198345 1.6041616111330008199 1.592030808530792374 1.5837620678769228633 1.5792326321551246604 1.5753049895813353576
nan nan nan nan nan nan nan nan nan nan nan nan nan nan nan nan nan nan nan nan nan nan nan nan nan nan nan 0 0 0 0 0 0 0 0 0.64890715968041201567 0.30683315318597648158 0.62931294424278738653 0.61870358805450675899 0.60938234827140635996 0.60045445319694001896 0.59121508524418020514 0.58260181939557698083 0.57437651115178145478 0.56585461574813333829 0.556731009879008365 0.55336110939636140582 1.4780318396350433652 1.4682197242370926826 1.4585424301060387897 1.4499205149579892371 1.4404483357980382152 1.5795603114255285515 1.5606302596811196803 1.5424468958767365567 1.5253443806387894099 1.5360692745369775025 1.5232733235761488633 1.5813410273720458488 1.575070569777001328 1.5712826293803558997 1.5693470257464092743
nan nan nan nan nan nan nan nan nan nan nan nan nan nan nan nan nan nan nan nan nan nan nan nan nan nan nan 0 0 0 0 0 0 0 0.65480089464533663968 0.6432379289683159973 0.6332999229677013231 0.74540301027299515901 0.61296347626469604997 0.60176855817562469042 0.59251256976800881215 0.58405683617221126891 0.57556286201580597606 0.56643549499813561354 0.55778072254879007552 0.55379124181745154054 1.4787531978696724089 1.4682244373906045976 1.4577709752865350978 1.6086331819543095989 1.5921415228626409899 1.5749726222631765804 1.557056435096750846 1.5405181818227522417 1.5255161586503360738 1.512920123415144813 1.5007476910071853027 1.5131760338845858804 1.5045119177246255582 1.4992477663697050261 1.5657710657847103697 1.565560196606401222
nan nan nan nan nan nan nan nan nan nan nan nan nan nan nan nan nan nan nan nan nan nan nan nan nan nan nan nan 0 0 0 0 0 0 0 0.63943682851499505926 0.62791618750500588497 0.6172428212030385275 0.60733370729380276032 0.59604353523221831335 0.58539237194359294847 0.57781192691077198909 0.56958879460750821977 0.56073637001387421908 0.55147174230711271115 0.54715012332267209949 1.4715002899185136709 1.461528816857705193 1.4512996680572782804 1.4421143173967803097 1.4335402585373073769 1.424977436662691499 1.5431046952987599319 1.5275005889705151052 1.5136687030536977172 1.5017024655649597875 1.490847397551432918 1.4812365538611438343 1.4983710208853822099 1.4948585028489727033 1.5625513115210962756 1.4945890741846410421
