results/rofental/evapotranspiration_2020-07-01T0000_2020-07-31T2300.asc
ncols        322
nrows        225
xllcorner    622802.488000000012
yllcorner    5178049.378999999724
cellsize     100.000000000000
[rows 168 to 195 of 225, columns 126 to 188 of 322]
11.933358862587558846 12.276702199241286806 13.825971316897993191 14.039314590779849112 12.356618155390014735 10.757266470383630264 8.9794436795631948911 13.466453043198708173 13.824068504474629648 13.752768237896992432 13.593021740069689329 13.639966174112524655 13.640132294593010798 13.610880390213068836 13.593111652237858777 13.512888992465468263 13.539589855145319319 13.499525082449588709 13.461614261479939003 13.403019838527658436 13.385287742331460237 13.369720359447066826 13.261428842139503459 13.191470890320621479 13.112329867425822627 13.501685692817558149 14.489985571020891797 14.766704630946934529 13.894231341945470604 13.484467143311855253 13.249973665694854574 13.334480080183023887 13.394965730441288798 13.332790060744304839 13.369124907772743427 13.575728133103924122 13.540114873449930144 13.587100316752447782 13.612644362513471208 13.701580418499226255 13.779937878261996786 13.887145905309203897 13.891248523941030157 13.818181399335159654 13.949285458905400503 13.990707691408063695 13.196526949638926141 13.208263712317208416 14.537543278778448652 14.526241014652722328 14.781805879508702617 15.033153226143983971 11.713852985493108605 0 nan nan nan nan nan nan nan nan nan
4.3730080442313656874 10.528196849599646967 11.983208279980065214 13.858984746715917069 13.751778575560388518 nan nan 13.317904917017798994 13.819734765637184282 13.68805785134873787 13.364750436803214839 13.47881690623869666 13.557083845488504537 13.495978856217400121 13.56860501637889449 13.487226152527245659 13.490992498169049441 13.416763499013642402 13.418033735143582774 13.399245315029155279 13.341011377541326155 13.279314875162146592 13.198859298088830627 13.143425721894161029 13.081913356112348623 13.520708634115020885 13.450002259740672983 13.409433279584305865 13.350773501483509165 13.320366799907537469 13.113098711641310246 13.201497856635180383 13.268669658416387236 13.375057390114090339 13.415419339985136915 13.580518472903264637 13.578919989936748536 13.568059011593639696 13.640135515872101379 13.798615083812983073 13.88158988728146781 13.905801380339939399 13.855006457325364622 13.85557987390221335 13.958434838630953578 13.994217451813872444 14.278917948635891477 13.20106646736371836 13.34388564299042379 13.210260651974103041 14.776357382854653721 15.044291531782196358 14.706736208570664104 10.364310782349239304 nan nan nan nan nan nan nan nan nan
0 8.2282040615167151287 11.239663142304932464 11.776130520208928587 nan nan nan nan nan nan 13.337828655062537564 13.494328493762683507 13.436822846826245836 13.40940907025620632 13.425785604810913654 13.434367643095217915 13.441321554821108464 13.375013146224542737 13.383688748376258104 13.317327349635968758 13.261595960907929026 13.210673847635383993 13.137862983827433894 13.094737753539586578 13.246412475774596018 13.479163409229258264 13.204994984267450775 13.349741556098544848 13.20612545341938926 13.16466520678755181 13.137841908458494089 13.237636756654703518 13.305441679073650718 13.373981880424045343 13.53638060314322189 13.608340909955753517 13.639051241942663495 13.594003400117145475 13.725921206720231638 13.856510180560849932 13.911730200097835564 12.590235016209767593 13.838275547687430844 13.895753937693170244 13.606417168276259133 11.522902521679839083 12.127746839364911935 13.05085147083580388 14.61234618061018864 13.252531537744458134 14.761424080599336861 14.968902430628784117 11.784866447585164551 8.0741967639082492525 nan nan nan nan nan nan nan nan nan
0 nan nan nan nan nan nan nan nan nan 13.318241678097425762 13.341884210366680819 13.286737360702840505 13.262205129385263191 13.300858988021388996 13.305199334165456193 13.315401477108178341 13.27678216885302831 13.260877908142365555 13.227032318905930453 13.184142128332810628 13.13356261865800434 13.087366267750510929 13.060852913471434178 13.026920355396796936 13.20706668461624389 13.051120826728732638 13.198799357745981453 13.219220882132868056 13.185196513261686846 13.179216167203978927 13.290784036356519948 13.324375691228899754 13.391238133515013686 13.552646950267034143 13.6484965241228835 13.712606071365977201 13.672164885433536696 13.793497519114584549 12.38250113560418697 12.462996913975807445 12.513037836804389968 12.515198141092707118 11.486238062709720253 11.522394231820161536 11.791785922529514963 12.091749765555205087 12.077180194995964513 14.641404026702637964 14.684461825461431417 14.730147807420795658 15.033201202206997849 15.092709654313541279 14.397245502367352898 0.52609398899508863501 nan nan nan nan nan nan nan nan
nan nan nan nan nan nan nan nan nan nan nan 13.199023745675880548 13.184939110710402588 13.150353612728428843 13.140648082297953891 13.213092091290478791 13.207758521124258522 13.160474277009782895 13.137260988413169471 13.118933233771377544 13.09486645908739888 13.070755694398547675 13.039361433397017365 13.038845492549056004 13.021365897642604992 13.207582955777585454 13.223989114000444189 13.216760173018712976 13.230629585126838066 13.219821671379344608 13.220518555756102685 13.340655489439603443 13.376301140374739163 13.515586775317165902 13.570623520585321842 13.682424356410336941 13.783186467423286459 13.794549402507479741 12.375064485378377555 11.402458794470451409 11.419036851884571959 11.412267287212770839 12.332656951047750837 11.511187801350933668 11.557348609715750953 11.834188113200417192 11.772747187612919717 12.081263890892834922 12.169744824244970616 13.348877707987025332 14.696085465378045498 14.664477760458527911 14.822216112852876435 14.409372351472347518 0 nan nan nan nan nan nan nan nan
nan nan nan nan nan nan nan nan nan nan nan nan nan 13.058854339878980255 13.034365731668712485 13.092709658962458974 13.045901169076154602 13.050365824795841618 13.011104059397249344 12.999686261221429007 12.98686722349682654 12.984413159021601203 12.996943261978627149 13.017840313883807468 13.138201253348515962 13.208048160029926876 13.23418431203760548 13.232392976905781978 13.249471653069244681 13.261426738322008134 13.271349475846902166 13.372836509364031343 13.434128560821582354 13.561013422847810972 13.599168067859132236 13.753250877945582431 13.848694784339080854 13.875731349335728382 12.376183312033935735 12.504299689310705901 11.536792575501582547 12.434576524697009248 11.755488483014149281 11.186140820255838335 11.19875745843462056 11.819109105972279039 11.792633160819795179 11.827610110785123254 11.834258419817080821 11.900903860829314951 13.069171707377106983 14.630937075627926447 12.037522598741572821 9.0622977445889123516 3.093814754248798149 0 nan nan nan nan nan nan nan
nan nan nan nan nan nan nan nan nan nan nan nan nan nan nan 12.961343704424860945 12.964841984394388064 12.938010924666807355 12.90370256940894933 12.896366359119863176 12.904638142118379562 12.96434552930216455 12.949445777497572863 13.111886525370337608 13.135223408952112933 13.21076922229406847 13.246284817895034536 13.25081530681335984 13.27495520835936027 13.311383926444507964 13.333806746956993194 13.40101080045524462 13.554883508405165315 13.587746020482367015 13.682840193692774378 13.817495315098089037 13.898100007256665833 12.372690100359660548 12.375701721485270923 12.406155214747290216 11.783961508972309318 12.697765244224488157 11.551679134815653782 11.767745411295457814 12.377949830882375437 12.034642300717388608 11.798569187376426015 11.851630583486928217 11.9546411341772707 12.941716547677808435 12.918067722990828727 13.132540102285036099 12.098107616992249902 0 1.4996532160799820321 nan nan nan nan nan nan nan nan
nan nan nan nan nan nan nan nan nan nan nan nan nan nan nan 12.847964429836080669 12.895110964019149691 12.838577546175116595 12.808069046195312168 12.822018496563632795 12.911335273740817797 12.991583808377273002 13.065591942533512082 13.08606595374638637 13.104127205753878016 13.200673527707479593 13.261893956515731219 13.277946993011042309 13.302286660928139383 13.364222264923604655 13.472426833870486007 13.504439935948552076 13.518455037217767867 13.602199445170224834 13.802745383933677559 13.948922633738760624 12.042632794620468317 9.9955058428701697437 12.395407833537388953 12.133493763347846794 11.833221330250379921 12.217538070895018976 11.607989295432080468 11.165312650425617491 12.46249501607334409 12.546065544756707766 12.589648224957661782 12.034512903666202632 11.813297091471882894 11.886611369486695722 11.966529949347529893 12.224065762398348411 11.924669634124807516 10.438851168651263279 nan nan nan nan nan nan nan nan nan
nan nan nan nan nan nan nan nan nan nan nan nan nan nan nan nan 12.827240509708804694 12.761821164630273273 12.735688226526388434 12.775256231353994352 12.937963980915668571 12.996855478042268928 13.044567206978104679 13.068986529272757835 13.091795723126104178 13.186704576504041597 13.264380101701290116 13.312524618130343157 13.424867352638761631 13.534231849542669224 13.509453777762312043 13.528172525291282113 13.522720680666386883 13.586350525780641618 13.876034107012371166 14.04661939314406105 14.092715012835748567 11.690766286193854384 12.102415984416046157 12.20287887628504464 11.851689819143395255 12.053543084917841099 12.500043045269721986 11.968453269314686338 12.619054853266565175 11.876398052859304499 11.928810075036942351 12.641618166468678197 12.652709661633325666 12.697597227685466947 12.415705471640308133 12.131559660870490092 11.631453088304153809 nan nan nan nan nan nan nan nan nan nan
nan nan nan nan nan nan nan nan nan nan nan nan nan nan nan nan nan 12.731587455212444837 12.735011413283027437 12.855533644218551714 12.946733583964590508 12.9885641297167993 13.035031725243012346 13.063748281873223789 13.10205735351043721 13.184078356901936857 13.264676317826324947 13.416719004479205068 13.493006378939382373 13.567664885550929199 13.540871855283217684 13.55956363081617333 13.548705418457455352 13.6077752664080176 13.914786092230297498 14.066395848296616933 14.173220069123361853 11.510429049302970839 11.951688477409724953 12.160708844743302492 12.082252805149352071 12.085722479863074241 12.540375903428309101 10.68270890308090415 12.220180021659512448 12.214626584207309179 12.256272353394400909 12.387023358055722966 12.404199696521770235 12.340815105297620491 12.372779096093411866 12.045824661776642017 nan nan nan nan nan nan nan nan nan nan nan
nan nan nan nan nan nan nan nan nan nan nan nan nan nan nan nan nan 12.724139699577364127 12.746269269443878613 12.856621500491307586 12.942682851175160152 12.994226393611240766 13.041941745632813721 13.080695013624815459 13.128521075810470009 13.195321259369874767 13.387065815086831577 13.430029050422756853 13.510863474817456975 13.561252491537876708 13.566785271753495579 13.602202220397202836 13.610583639732396932 13.665357607739800017 13.963580553761337555 12.497784857184102592 11.923956269810220832 12.262515290356200026 11.024078327366266805 12.05052480549818128 12.080461071967167896 11.801181603054200053 12.059640840985311527 4.6999759463957442307 7.1471777079776988018 6.714900129978699006 6.7189494352833580848 7.6382601786265000854 9.8937766410069620804 12.342152135467996388 12.387882744030417115 9.0701475180266477594 nan nan nan nan nan nan nan nan nan nan nan
nan nan nan nan nan nan nan nan nan nan nan nan nan nan nan nan nan nan 12.76980858047446965 12.85952374190863523 12.950739868393563725 13.009203991816201906 13.067522283205589062 13.197274424690490946 13.228484022158504274 13.247124815906643036 13.404246354425845666 13.459704753029850366 13.483041150284535092 13.556140665968104742 13.577667946478918282 13.648879696426538644 13.704399240628447387 13.737468121613327199 13.97131995317085007 14.103301301310409599 14.166659719263236639 11.682348734500388687 10.076480527216510552 10.086611425717844526 10.862876423435887219 11.948160378526605285 12.121176109508677854 0 0 0 0 0 0 6.7367967604959675398 10.846402926650476672 nan nan nan nan nan nan nan nan nan nan nan nan
nan nan nan nan nan nan nan nan nan nan nan nan nan nan nan nan nan nan 12.986088093646097619 12.950644824946074607 12.97048081881634829 13.126021594950247007 13.188040827303787239 13.247125320649196567 13.261607816108853086 13.23707435312407199 13.399046584051133024 13.459711540495655768 13.469531518099547185 13.567927931388995333 13.596074940978388312 13.686293807592678107 13.797745219302742115 13.795681406153242676 13.86757628888571503 14.056760105943533645 14.116680073634487513 14.27359888505009522 11.840483108800421874 7.9679706326394788007 9.544623354802187265 9.5540997648117560459 7.6544523816280882755 0 0 0 0 0 0 0 nan nan nan nan nan nan nan nan nan nan nan nan nan
nan nan nan nan nan nan nan nan nan nan nan nan nan nan nan nan nan nan nan nan 13.069241203709417221 13.173246986351577092 13.254855776218860797 13.285243687636981491 13.293050789088384889 13.273065057963959745 13.362503618477314049 13.447809106423848746 13.534507912683123365 13.59341746429660347 13.651410744225112026 13.736840393411508643 13.893319046050324417 13.885480007200282415 14.113143884189554456 13.859916712720535159 14.118856802344060597 14.322813010595517369 11.290447985487448435 1.1556204119817763409 0 3.4636893559799784015 5.7309213834472751969 0 0 nan 0 2.8454113078420602001 nan nan nan nan nan nan nan nan nan nan nan nan nan nan nan
nan nan nan nan nan nan nan nan nan nan nan nan nan nan nan nan nan nan nan nan 13.133900568512697049 13.211735461571283423 13.312237938352899036 13.342008996625256856 13.337750220007192681 13.329479446399876252 13.345168414716180649 13.454419383221717155 13.619768011578671008 13.674064233963633797 13.714653579149693741 12.195416279856953423 12.001497086365267464 12.358604271938792962 13.843894011019580503 13.954164605332177729 14.038430033723233947 14.395667920145818641 14.325124388562715083 8.6046962467102510175 0 0 0 0 nan nan nan nan nan nan nan nan nan nan nan nan nan nan nan nan nan nan nan
nan nan nan nan nan nan nan nan nan nan nan nan nan nan nan nan nan nan nan nan 13.214742552460606362 13.267039830863986083 13.346302286236131351 13.399173778550009573 13.366666931370550842 13.392087283417113852 13.378348230077779846 13.461841285851658512 13.705635822517081124 12.142795252738201484 6.0025536402091050903 6.0233950652914174384 9.9175938268212409099 12.278154733686852396 12.270054232037695741 14.253461700061194506 12.641669724417296194 12.889721029776179506 11.976174413335833435 11.42956666804482424 7.1963201240646625934 4.6120811143147752986 5.5461894552200030617 0 nan nan nan nan nan nan nan nan nan nan nan nan nan nan nan nan nan nan nan
nan nan nan nan nan nan nan nan nan nan nan nan nan nan nan nan nan nan nan nan 13.28226019083766829 13.327541886070642718 13.397154043986931882 13.422778514272019734 13.38113126584211976 13.445302694745659977 13.387500770989172239 13.527253438644390116 13.85277551983002553 14.013382906146508944 10.337779983292980646 1.2057519606070958851 11.86647481790745573 12.407999486679390344 12.211789407212432224 10.59908055232740054 10.089135966661828547 11.840607751263618752 11.127794656292083531 11.138441539287875059 9.2443028998929417384 8.3208081454231148655 6.7157015673488995589 0 nan nan nan nan nan nan nan nan nan nan nan nan nan nan nan nan nan nan nan
nan nan nan nan nan nan nan nan nan nan nan nan nan nan nan nan nan nan nan nan nan 13.761835431938029828 13.449218471753217941 13.417397452963069071 13.39932768127177809 13.44303653061952275 13.45003437565570259 13.570389315788460749 13.861273435053671932 14.066861353276367552 14.250046597478085886 0 11.671225479980842366 12.029707698137420024 11.077001530793269879 0 0 5.2654360254624865689 7.6584046620484826917 9.3938407642401848818 9.2502305011942151936 5.9804203656900023489 7.07987708830778395 nan nan nan nan nan nan nan nan nan nan nan nan nan nan nan nan nan nan nan nan
nan nan nan nan nan nan nan nan nan nan nan nan nan nan nan nan nan nan nan nan nan 13.377682877398598293 13.480525892661031406 13.448970130555510494 13.425405825403537108 13.474018955968158906 13.48978157719402482 13.642360969191775766 13.856632013461366526 14.112437772007051962 14.307467446066578276 0 6.4674666661122861555 10.103007059213775065 7.8507048790214817302 0 0 1.19047370195510549 3.90017729732562346 7.5482848837662883668 6.2827583212649562583 0 0 nan nan nan nan nan nan nan nan nan nan nan nan nan nan nan nan nan nan nan nan
nan nan nan nan nan nan nan nan nan nan nan nan nan nan nan nan nan nan nan nan 13.495519330509193168 13.498873832487541691 13.53017582794565854 13.494108712750026768 13.481764453603174658 13.494536117213607795 13.524386999862228365 13.777363977881931234 12.29351628631692428 12.170009947099375225 12.98058372501219182 8.7105785814079297324 0 0 0 0 0 0 0 3.532105125909169363 2.1253854669588454485 0.4977827226874040889 nan nan nan nan nan nan nan nan nan nan nan nan nan nan nan nan nan nan nan nan nan
nan nan nan nan nan nan nan nan nan nan nan nan nan nan nan nan nan nan nan 13.463937806042689971 13.536883300223207627 13.57849488271941496 13.582927415393507786 13.535753596198244253 13.543339355633111865 13.534573587474897138 13.573395822032576774 13.908188922678931476 14.023014690639501012 14.090940294733650617 14.206117040635868776 13.93251949099613185 13.977238499010978146 11.115159508536903488 10.696205409002352837 0 0 0 0 0 1.1116731603928202698 nan nan nan nan nan nan nan nan nan nan nan nan nan nan nan nan nan nan nan nan nan nan
nan nan nan nan nan nan nan nan nan nan nan nan nan nan nan nan nan 11.040721950325281142 13.580304362846106869 13.524063962230476577 13.62934718154270719 13.619132323641764515 13.628324880059896174 13.586766347049076487 13.598308551575474468 13.644413928618842391 13.667342325701353545 13.949971939574595581 14.00111728992722071 14.089184417747048883 14.237288921034238598 12.21493430500214572 11.148592523379129204 13.945931733474742131 13.934791811719083654 nan nan nan nan nan nan nan nan nan nan nan nan nan nan nan nan nan nan nan nan nan nan nan nan nan nan nan nan
nan nan nan nan nan nan nan nan nan nan nan nan nan nan nan nan 11.9912801647929399 13.407901677625529757 13.59355890967339775 13.511458308590258426 13.690364555328507379 13.662421193491898208 13.6649660824331729 13.64316746270908709 13.658976414290842527 13.723291205793778147 13.725928521852347686 14.005140753208340954 14.043939585322746666 12.509748737515735684 14.133431894296847986 14.123227386778584247 7.6830747564826857854 nan nan nan nan nan nan nan nan nan nan nan nan nan nan nan nan nan nan nan nan nan nan nan nan nan nan nan nan nan nan
nan nan nan nan nan nan nan nan nan nan nan nan nan nan nan nan 11.004244130947146374 13.683470324356473924 13.617795662790877387 13.723163843675870055 13.805072879989630508 13.746647287281895444 13.736238816855891542 13.72747118736324623 13.750680934277594858 13.836438743800211881 13.812698552759414383 13.927685530407291736 14.130261169825146794 12.862843335004290779 14.091128515032709245 14.1020061791393303 nan nan nan nan nan nan nan nan nan nan nan nan nan nan nan nan nan nan nan nan nan nan nan nan nan nan nan nan nan nan nan
nan nan nan nan nan nan nan nan nan nan nan nan nan nan nan nan 11.187033874373646825 12.232266877352694578 12.121045095555293969 12.175964829989785798 14.00957203528013828 13.82701661669309523 13.688474890329407785 12.187561013691100342 12.214427671576107315 12.581113633011018038 14.058186214584271312 12.726577119197012067 14.000312993788618599 nan nan nan nan nan nan nan nan nan nan nan nan nan nan nan nan nan nan nan nan nan nan nan nan nan nan nan nan nan nan nan nan nan nan
nan nan nan nan nan nan nan nan nan nan nan nan nan nan nan nan nan 10.8891097401517154 9.1067614136606032105 11.965850500819096069 12.204726898746740105 12.282470534841509746 11.4680634444283438 12.436268042248418197 11.796796266226834859 8.1023075021167816345 12.320299111496657574 nan nan nan nan nan nan nan nan nan nan nan nan nan nan nan nan nan nan nan nan nan nan nan nan nan nan nan nan nan nan nan nan nan nan nan nan
nan nan nan nan nan nan nan nan nan nan nan nan nan nan nan nan nan nan nan 6.6715280179943938776 2.8349056689482687865 9.8961491725936046038 7.0143051225003274496 10.177260527264284207 nan nan nan nan nan nan nan nan nan nan nan nan nan nan nan nan nan nan nan nan nan nan nan nan nan nan nan nan nan nan nan nan nan nan nan nan nan nan nan
nan nan nan nan nan nan nan nan nan nan nan nan nan nan nan nan nan nan nan nan nan nan nan nan nan nan nan nan nan nan nan nan nan nan nan nan nan nan nan nan nan nan nan nan nan nan nan nan nan nan nan nan nan nan nan nan nan nan nan nan nan nan nan
