results/rofental/evapotranspiration_2020-07-01T0000_2020-07-31T2300.asc
ncols        322
nrows        225
xllcorner    622802.488000000012
yllcorner    5178049.378999999724
cellsize     100.000000000000
[rows 56 to 83 of 225, columns 126 to 188 of 322]
nan nan nan nan nan nan nan nan nan nan nan nan nan nan nan nan nan nan nan nan nan nan nan nan nan nan nan nan nan nan nan nan nan nan nan nan nan nan nan nan nan nan nan nan nan nan nan nan nan nan nan nan nan nan nan nan nan nan nan nan nan nan nan
nan nan nan nan nan nan nan nan nan nan nan nan nan nan nan nan nan nan nan nan nan nan nan nan nan nan nan nan nan nan nan nan nan nan nan nan nan nan nan nan nan nan nan nan nan nan nan nan nan nan nan nan nan nan nan nan nan nan nan nan nan nan nan
nan nan nan nan nan nan nan nan nan nan nan nan nan nan nan nan nan nan nan nan nan nan nan nan nan nan nan nan nan nan nan nan nan nan nan nan nan nan nan nan nan nan nan nan nan nan nan nan nan nan nan nan nan nan nan nan nan nan nan nan nan nan nan
nan nan nan nan nan nan nan nan nan nan nan nan nan nan nan nan nan nan nan nan nan nan nan nan nan nan nan nan nan nan nan nan nan nan nan nan nan nan nan nan nan 3.0024698815213866077 11.054548246985595128 0 nan nan nan nan nan nan nan nan nan nan nan nan nan nan nan nan nan nan nan
nan nan nan nan nan nan nan nan nan nan nan nan nan nan nan nan nan nan nan nan nan nan nan nan nan nan nan nan nan nan nan nan nan nan nan nan nan nan nan 11.17904515057538184 11.044486424881187148 12.105390909423960011 12.152263192358553567 13.036141854997683964 3.5042726644020221194 0 nan nan nan nan nan nan nan nan nan nan nan nan nan nan nan nan nan
nan nan nan nan nan nan nan nan nan nan nan nan nan nan nan nan nan nan nan nan nan nan nan nan nan nan nan nan nan nan nan nan nan nan nan 10.714803624815740335 11.274145814747347671 11.239785778787188875 12.178451788440773029 12.185252668610548454 12.135624537522200939 12.134388692766583162 12.118326642864735376 13.210566462020342016 14.685025544110752449 11.969672144745189257 5.856082251241652159 0 nan nan nan nan nan nan nan nan nan nan nan nan nan nan nan
nan nan nan nan nan nan nan nan nan nan nan nan nan nan nan nan nan nan nan nan nan nan nan nan nan nan nan nan nan nan nan nan nan nan 13.658661337064119223 14.573246140675566451 15.117972601543124611 15.092312655026168144 13.65608656357740891 12.203878347770700685 12.160636346143052222 11.725134928420560598 12.114023588545597576 12.144163610838020873 14.747319817063621272 14.810646151262840675 12.950789370173261261 0 nan nan nan nan nan nan nan nan nan nan nan nan nan nan nan
nan nan nan nan nan nan nan nan nan nan nan nan nan nan nan nan nan nan nan nan nan nan nan 0 0 0 nan nan nan nan nan nan 1.8124550516932402822 12.562606103433644478 12.382102340486925485 14.766499306562158367 14.892230896729937939 15.024212468111624474 13.522756150009486831 12.495920807820640519 12.173837344509427894 12.131195458634730144 12.118530471283870398 12.139485061814813349 13.482853024404013453 13.362970301050649979 10.744591660545337319 0 0 0 nan nan nan nan nan nan nan nan nan nan nan nan nan
nan nan nan nan nan nan nan nan nan nan nan nan nan nan nan nan nan nan nan nan nan 0 0 11.693429212532800321 12.510416523332670735 12.469812689024575292 11.590774459437282573 8.8421739469431521741 0 0 0 11.455731788892085987 10.200471858370319111 13.470953114202192324 13.64084397073957966 13.455373717793202459 13.636994738785512382 14.959672765805100525 14.96199464291209047 15.249013058985168456 12.479154540095244386 12.452317853270789882 12.430907564303840473 12.445067845040243881 13.561819240092503946 12.302957405485795306 10.122159927549878589 3.4338732629683788034 9.8271536225855129487 11.873469101067058773 8.477140942388199818 6.7495825972721403829 0.16677064074111488945 0 0 0 nan nan nan nan nan nan nan
nan nan nan nan nan nan nan nan nan nan nan nan nan nan nan nan nan nan nan 9.971598940858729776 11.826624312077578693 0 11.550388880144760506 12.497236484374758092 12.469555518168350616 12.514907159631029288 12.832203716783702419 13.580955855956199585 13.743677236269926212 5.2004811134833133224 8.61986017905344859 14.974381634443673761 12.20153849988855832 14.788981192513015017 14.778080599747267954 13.638561494721384904 14.834130211060413629 14.826935402254028062 14.820555485546593744 14.909756091977495629 15.13953418788153904 15.146580062435143432 13.455058687014544105 13.469302220662646263 13.529163727890230362 12.318745658123253506 7.9994132936081321361 9.8157333934020112309 11.835391309965228146 13.120296273622713557 11.823270416135859051 11.324918473600533275 9.8107865965744576187 4.7459580506378431508 1.773139058248918376 4.6990584106834525357 0 0 0 0 1.6564694555303081103 1.6465871253731805268 0.15609691218986682104
nan nan nan nan nan nan nan nan nan nan nan nan nan nan nan nan nan nan 10.520352913564048336 12.616706571702190232 12.646751529312656004 11.595058824401581532 12.47164877064159505 12.485862860249469009 12.484832781343346397 12.51317026345820338 12.506151652791119844 12.508339835621875125 15.33814355866507384 12.411152868778795977 6.4220272488127818633 13.268239106592833565 14.777239140026029673 14.43347127602447344 14.512351480741696008 14.379868653824484426 14.804304778542974219 14.781278820945553676 14.743068177342575353 15.27957548825660794 14.940150362126997763 14.847044875094734806 13.884649205863507149 15.276887958457175287 12.298766655353457367 10.74285504214992315 0 10.951275219245022896 10.987892223263701297 11.967725548519423384 11.988612921608579498 11.823782877459233731 9.9862229312775969703 2.8897278296822435095 6.0276731927202220618 7.7183906736290657236 0 3.0175153324087933271 4.6484755923458003224 10.833163836071864949 11.803530671626374371 10.300565976578420546 9.2931349957366560233
nan nan nan nan nan nan nan nan nan nan nan nan nan nan nan nan nan 0 7.6266366972336170349 11.719707098330259143 12.537480842208584164 12.49538963528339508 12.460422033733056679 12.620541859907344673 13.711459148079988779 12.494552490060788941 12.476837675177113951 12.451174196323478327 15.113498096331612786 14.97941458131210446 12.174099224724811208 14.456969946190437071 14.764078652277030201 14.74483081474526891 14.823226964355431079 14.799593455511777407 14.418699273651110815 14.738822530258056887 14.719875555415185886 15.277546177320120435 14.955609444853127599 14.902597894847509963 15.132242929804490927 15.450867937158195176 12.32707302957263984 11.010560861414942835 12.095900652791554464 12.149942384461308365 12.118465611866733767 12.115443187825110982 12.138420491360090381 12.987240663493958337 10.646416189394473761 6.0339676065210348099 6.9663783144433972794 5.676109047380575312 0 9.63219879625754416 12.547033806283224067 13.782711081506645812 13.765357174126297224 11.274535006589774255 10.239314300528484125
nan nan nan nan nan nan nan nan nan nan nan nan nan nan nan nan 0 1.9658133599166434102 8.8656404785711568906 11.659325355651741773 11.613671318742362359 12.46049171680842349 12.465780890560546723 12.747212797576231935 13.694204644942987059 13.878115998758596916 13.854605440190328025 13.634932673940809877 13.753125837184457581 14.53551769558004203 14.407535200028691591 14.7694132579839561 14.858973606206241413 14.835392595886585099 14.801660697913103348 14.78622329923519807 14.733282444444281367 14.720814778091719788 14.738735407149704315 14.782452134671894228 15.238700984211064338 14.807776565014950876 14.853746841872903062 15.340253842467728163 13.607094103624836734 11.106928325493262477 14.772712327331454674 13.421970266234081848 13.079083535235419333 12.136979509776004704 12.128392164007948395 13.269530348046902901 13.00605601011258905 9.2977204347342237156 6.9429831536623920485 0 1.7732791862406904748 12.859208348698675906 14.288175488450388428 14.006467378355324627 14.120271721130015052 13.763307675143979125 13.570533652057624963
nan nan nan nan nan nan nan nan nan nan nan nan nan nan nan nan 0 0 11.728426521101086522 11.627796083613993972 11.578514557086048598 12.481205577766084858 12.393071222314221203 12.390262433119431762 13.355036086128206918 13.503568903750787555 13.469624047726373561 13.418777072142239248 13.360893255885265773 14.771910115546575071 14.771235653012821487 15.132002608121622345 15.126571649193042646 15.080620981380958412 15.040454861709468659 15.121696147260943022 15.100403962750611697 14.711650972409181293 14.700745551466193106 14.754055405165795278 14.72861599212612127 14.725987398379604798 15.310744532096347115 15.341442218380690221 13.45446341050634409 14.699080515897101407 15.143401251338406865 13.405911629411152219 12.402581531907699741 12.393780770472455188 12.119918469104321801 12.146852279059476842 13.253795442109950642 11.759035258405114988 9.2883842628935688879 0 0 11.657414067858816509 14.300782257857877156 14.633495890540251239 14.510624602617813395 14.557027219926007788 14.486832303329114424
nan nan nan nan nan nan nan nan nan nan nan nan nan 0 0 0 0 0 6.7865696659264855839 11.539408371959579469 11.556413597227157553 12.420987754943567438 12.390474865749654398 12.378449445623797232 13.500169386373691793 13.473497858367226243 13.426490504058218534 13.379245966793119393 13.657236283533677579 14.763486689710935806 14.766304526435808597 15.12846217540793603 15.107172730911772263 15.050251336578769568 15.038238844764915569 15.085484148099402191 15.112340342190544007 15.102328833593197999 14.968347532015982893 14.765880770553318158 14.676192484263172133 14.683785413585862756 14.992581131103303704 15.221652211906826935 13.490242579671482659 15.130815884790495218 15.217479427576682482 13.434216051564188632 12.401451263544888803 12.386169571428373715 12.124130365039903268 12.115178174149674462 11.953082569600915974 12.925625062436902013 11.734450310059340694 0 4.652205778680636783 11.765929489151639942 13.233078266290823066 14.559424273589437249 14.54325066540284439 14.726435989993438724 14.752099918716162108
nan nan nan nan nan nan nan nan nan nan nan nan nan 0 0 0 0 0 0 9.3196358658172844258 11.549188509616337583 12.152773735358731955 12.388816657148211675 13.30515683623784895 13.476862946218492567 13.445839859697533925 13.413373194641152963 14.84967014729182111 14.778394374378336806 15.008238710454081755 15.085416815987763073 15.101469905275610728 15.041706967367879599 15.017451179609611955 14.995963370895198707 15.044371428502431698 15.13429503895005368 15.076117479587530568 15.031471241956547047 15.013135953267877198 15.038036764950795998 15.031797525747252919 14.978277292654629704 15.004339323414962237 14.682814304085786361 15.112832559271112132 14.779773994427904071 13.523877144565927821 14.886982515096759627 13.387857157044349421 12.147893074216844056 12.137699390470997329 11.107588849749337356 10.9321117088435944 10.840313478437197503 0 7.7218075472450884433 10.835083805203503005 11.96005716932620544 12.907131010802379123 14.495384980672207931 14.542159970010986925 14.652540598721918386
nan nan nan nan nan nan nan nan nan nan nan nan 0 0 0 0 0.23776798261067608187 0 0 1.2322466005087624463 11.509748316800930468 12.103630664931243288 13.323849451756624163 13.494436236969894694 13.457265646611494603 14.929609318310326671 14.853586135624947673 14.810744309585626155 15.015225673441513266 15.040802324463191653 15.077696987228259573 15.076063020570941831 14.999656704977560651 15.016637294023610139 15.043600289139861914 15.027578044474852348 15.050261901989919977 15.017972431256263022 15.017234325921895888 14.978544320794414446 14.997519741299022655 15.007080608015595402 15.106174114935113195 14.893651346832831095 14.910199078866499534 15.111770941591847972 15.008297383755435206 13.47889983475762854 15.165135066411282949 15.237365768251651232 14.954569253450276989 12.160405592625847859 10.533844437617482015 0 0 0 0 9.7761571757461656063 11.906411800509861365 11.96794876657120632 14.432645802201767182 14.761568017973692335 15.026333214863898391
nan nan nan nan nan nan nan nan nan nan nan 0 0 0 0 0 0 0 0 5.348542354470271043 11.494829259036135838 11.188671966093295396 13.526243018922613714 13.481233746404608809 13.754338752609090335 14.788697584800470253 15.060139498351773568 15.125177555937707297 15.058660353839647073 15.015517857306427629 15.053114780581289267 15.027931388291856152 15.043090994929055881 15.051366283952033243 15.051501179014930898 15.009416383690719954 14.980366728324099768 14.979182786976560138 14.978461550521206647 14.976886815939147723 14.965802131304933198 15.006954477459908404 15.077753029974021004 14.898118761542278321 15.24155573194727431 15.018814814495472731 15.110087841317033863 15.018821539287685596 15.117590149647083919 13.471436075819022804 9.2640560942773095832 0 0 0 0 0 0 3.1895993471435861721 9.9748211504282711104 10.820558870937164286 13.29287568651520246 14.655611984855438479 15.075844000575710169
nan nan nan nan nan nan nan nan nan nan 0 2.004605766575153325 0 0 0 0 0 0 0 5.2957672038470517961 11.533729579675696897 12.11338276766351818 12.364503186399126378 13.767452789380483225 13.6807355854778816 14.786760673429101942 15.090655726609222498 15.068282885215285916 15.011031384629029972 15.063126375564138471 15.05228032744648381 15.039578355460642811 15.004955266975198214 14.997171100078197981 15.018473311595538888 14.977030238961832609 14.931883602824834512 14.942067290591696249 14.941008585913611029 14.944484353653933795 14.934042561577451025 14.992720090887081241 15.02972509780286714 15.078737009774304312 15.24373094427286901 14.654657277484014699 15.108073396666542365 14.976064223967586742 15.247488724492095358 12.130820869659416417 11.952782975377644448 11.870463127991383701 14.286049275408361225 14.490611638049131216 9.2663662366691212924 0 0 0 0 5.9402660687264123851 12.17447873233831146 14.57647475544780491 14.905716722928243456
nan nan nan nan nan nan nan nan nan 3.8819178048205316145 7.0476313874944862548 11.518355655109516533 6.6608361862208260717 0 0 0 5.4780203031127800983 8.9480001917706744052 11.508757101842942205 0 0 8.3541639087230752381 12.311919575295803497 14.854778000866732057 14.754136089572904567 15.036660022120166502 15.073675047603483534 15.023720905660017166 15.067594172858251866 15.016822249798359223 15.007809722190566859 15.010076082290254362 14.980419377641858603 14.96274340436704442 14.976061941744896799 14.941451281626349612 14.890585351418771154 14.904638465774027623 14.904213245630199225 14.903423309883928383 14.913756118995063815 14.943281221240413359 14.972554550393644135 15.049153907014138909 15.14811997427020529 14.926046427715110809 15.116432193792045169 15.061193780789036367 15.366546315267497036 12.124237139695837939 12.02026749253755078 14.379161668568730903 14.508247959647119885 14.879325419917837081 11.471439553178749193 0 0 0 0 6.8383972972134356993 11.795133482685125514 14.553818180994998244 14.801693264856076837
nan nan nan nan nan nan nan nan 0 3.2995135529884946912 7.0042588012614004356 12.150922851419263537 11.748486222019025149 0 6.6191285940826443124 3.702072082328710767 9.0141513785405287251 11.538361041338719204 12.72183505999889519 11.609504702937778475 7.8322728248088910874 3.4660016381253266893 11.035592796465508059 15.11901354226248273 15.077815335709997768 15.006355739156408191 14.964634089615072909 15.077475493136383022 15.026992037557393544 14.984605011047179346 14.957792733958660492 14.966693820887240207 14.94960862575110383 14.92198533841669672 14.895003910073119968 14.869430268775225557 14.840744142006034423 14.866210376720010444 14.850727041774449688 14.876308342350181846 14.895829572007777131 14.9001751391474766 14.97675253659261152 14.995037459493863352 14.652228122668233823 15.00733470108409584 14.985460656043066763 15.191145534630546621 15.309571031073705427 15.116765981911914452 14.614921496318061145 14.623645123049408667 14.532872619101867784 14.229278326346063821 5.7627846399212829809 0 0 0 0 5.9514487614336504251 10.750326188951374817 11.749951957610553777 13.250617089575969842
nan nan nan nan nan nan nan nan 0 3.303620277895505275 6.9598174583523721992 12.029783877129405667 12.88265496154570755 6.8187430221742495462 12.689172437912759506 11.778310614073099316 12.662996155708095003 11.890322219177823726 11.851199957702091226 12.529409446833735586 12.434888796808561295 12.040993005690971529 11.910848379819240606 14.720930818188667999 15.052928757318863262 14.980758124180219681 14.910541841782469774 15.030764370000522234 14.995624610139486776 14.944106277376352665 14.890642528097407293 14.897945040048266918 14.914601006024039265 14.875041103395608033 14.845869830425833413 14.827482944859170289 14.811854933772448106 14.791754196028527701 14.792879422159861846 14.857909231708831044 14.879234773513354995 14.875773611472583369 14.926062180608223429 14.911635600111914357 14.896909781271020279 14.592046706439438353 14.976795729410985913 15.209230297307227531 15.241836521870430587 14.326993048761783811 13.306886665579952478 13.211788556361142355 14.570093906125283212 14.878080884519704341 10.596897042631757913 4.3719712017459668729 0 0 0 0 1.0632254324538379375 4.6999015851655281395 10.586394030791204557
nan nan nan nan nan nan nan nan 0 1.2484956090542860263 10.022058392567977592 11.908818012158565836 12.763066772605194288 12.685712401683961303 12.646687849593384101 12.675242228584259863 12.655808088365716912 12.62356951845730535 12.565359476558461083 12.47996290163509947 12.083541827521251832 12.017008849313873142 12.103725583956506995 12.317636049529591347 15.018630745101864576 14.999240475277632711 15.003320222509776372 14.998495401389581261 14.948706851142915752 14.882086318564267557 14.824884579940716733 14.746993928317614575 14.8805734703617496 14.831192561687835507 14.801594688296122015 14.784980838414837123 14.775690854651271522 14.73937538168350514 14.712425898092408971 14.824297220339948566 14.855065343957736701 14.855662904168051242 14.851736690293321885 14.874459879243344673 14.881630128634787624 14.555818098526934534 15.021075224989312247 14.827837135873387808 15.19021808006881713 15.129297643615815971 14.746261282882542787 14.624491134088291489 13.22717917835649537 13.118145183528648445 11.622740274397621363 9.0150395893629617916 0 0 0 0 3.0803568696975105468 5.4873343620202224002 8.8674590098620740264
nan nan nan nan nan nan nan nan nan 0 10.025175516767431461 11.856335792405952034 11.81026353340385171 12.662156405437210438 12.301797433785274904 13.242067056587202956 13.563177072319563266 12.248904010875342863 12.194805431237446314 13.520678528691432163 13.444099321319463058 13.382963509007163694 13.588838126722670552 13.503756549132988951 14.956443733208551805 14.92167428267784679 15.025993215773114642 14.941811731500607152 14.883753452837884979 14.830191707301331405 14.782287467108773171 14.784051606011823665 14.828944133330285382 14.795883066451375853 14.761384390730240668 14.74247384103892422 14.725897166608467259 14.700860449069727665 14.680740940796869864 14.710377818766541935 14.746742608865062607 14.834442698894211077 14.786027144956030099 14.862685625990907923 14.847003235153758638 14.581652046521270449 15.108429853415369593 14.981305728122279675 15.067857005166017004 15.045745640582357083 15.076503940764455436 14.766235833907982666 12.057764992949772775 10.604243483239716994 5.6556902411094176486 8.9495252198445651715 7.5754877963327631463 0 1.7201765569155640367 10.52746685813411176 14.293499929138791416 14.310138413210371056 14.34481351143081973
nan nan nan nan nan nan nan nan nan 0 0 8.8997077642592454794 11.744521225659944719 11.738482218747504859 12.276626960440919945 12.263854918444257791 13.466192366787035795 13.600309514532266775 13.256174767464326436 14.417597564316178449 14.895053551532997815 14.834358862125251122 14.958761544547357403 14.948181245855796107 14.988954585800296826 15.046680522559780613 14.960379834966145651 14.900565867449223845 14.82157486480894093 14.783840016389781624 14.761243888313499539 14.730766193418698862 14.740884210485443617 14.748733537922513293 14.726120492472007939 14.689133905327986795 14.673344955923708355 14.664200334961552841 14.643929325819879494 14.653048681632238726 14.70246736474768845 14.788200399447356759 14.758600443932854418 14.829459320146884949 14.777801538638936307 14.818628319787366721 14.868637745668115357 15.186969944527625387 15.114733733020674578 15.081832125669379252 12.124972216910206768 11.033060581550071078 9.3869408874175253032 6.5528676121524895848 11.392614714315351776 11.509028132893195817 11.518534782604607614 6.6055242793314272731 0 0 7.7329609408637027812 11.786766043624201217 14.419721653365305869
nan nan nan nan nan nan nan nan nan nan 0 3.6945535893729419818 7.5335433075245532564 11.687835333795185022 11.376506766299680606 12.23854383417783076 12.454342813814806235 12.525537098510259426 13.481847951985653111 13.728046866791604685 14.841512768495022101 15.128637978567432754 15.002035957005213973 14.888139090542198417 14.991588260443093006 15.003583794956718123 14.854280784361442613 14.79241555093983429 14.813747448946486429 14.745321604130591453 14.718224129727914828 14.677127631073382474 14.623671984203312491 14.709853091593647179 14.713550602014320745 14.637178745664877866 14.609055189775626005 14.618569339154007025 14.599381409629353712 14.617925444105065225 14.654455534076896939 14.760403881895053146 14.783808307827618123 14.785051535906916342 14.730336769202036606 14.814747762248172691 14.629598071642613277 15.062621611106159492 15.089308667103319195 15.151330564828834113 12.206202530528049266 10.750234299668619542 4.2321626984627318535 11.438917127184744515 13.061191470279155169 14.273059910945887552 14.341047189375222715 14.281797084204882253 2.770370683942228851 10.00689034874994654 10.638955021166204062 10.489969913174432392 10.556297663829560918
nan nan nan nan nan nan nan nan nan nan nan 0 6.6825888859954618582 11.664597397820458013 11.361022670278945412 12.209117194593552824 12.415854086513547827 13.231492499911533756 13.765650845643625289 14.833713768328959048 15.038902653782116658 14.934200937550230037 15.049621041331041837 14.978083780234365818 14.908850760661120916 14.871964222910230902 14.794972502337698117 14.763536194086768205 14.81182198414474982 14.731160509993150853 14.65811777410724126 14.61670275564832977 14.52219595612547387 14.648465063618706594 14.708681985167668671 14.582682656514501573 14.539079348868428454 14.563106496539139911 14.551151088942459566 14.614839304335962566 14.649594429731163103 14.773608771621047353 14.767605625488792853 14.740466826385766552 14.728974036581746532 14.762602464314644735 14.844162441582271939 15.087532599981901882 15.164661350763353198 15.185115529740379259 13.216156780686867833 12.071466239747779881 0 10.850242611445215957 12.082065260159895459 13.968660023280142113 14.447599077084028352 14.461407821048441136 10.795176758566876529 11.853280506119720172 14.489027133374875689 14.356985782878703972 14.486732053413929222
nan nan nan nan nan nan nan nan nan nan nan nan 6.6533366241649911643 11.391309809115709228 12.233320494505068865 12.186688587702512621 12.380242332642659164 13.451779923404597383 14.81290375907638257 15.203944257188128475 15.009659150757940438 15.00837698241924123 14.99461072215146018 14.94946293624250977 14.869768778479024007 14.892968728024158054 14.802183070509109086 14.705832925377599452 14.681036247768201264 14.569469090247643805 14.485327766531282734 14.461003316257361462 14.465036334376984328 14.517363743112110086 14.635317255040536821 14.593820003206891656 14.470739744398022353 14.505231957186062175 14.498554942228464526 14.620227037380715274 14.6948341556244646 14.764473965969390434 14.615842953246502844 14.667801417403211417 14.680258311559898132 14.62169696631987037 14.784410299198167849 15.112309314654853054 15.479411235556430171 15.213045013866420163 15.369363298030554787 14.914287132924624046 0.10376571257899609713 10.410148872897067918 11.731808382885761333 12.974276119776908089 14.451973454814908138 14.820484530553734714 14.379934061245094767 11.954914490832509344 14.734355255637698434 15.016409163700307872 14.799712973403902794
