results/rofental/evapotranspiration_2020-07-01T0000_2020-07-31T2300.asc
ncols        322
nrows        225
xllcorner    622802.488000000012
yllcorner    5178049.378999999724
cellsize     100.000000000000
[rows 56 to 83 of 225, columns 189 to 251 of 322]
nan nan nan nan nan nan nan nan nan nan nan nan nan nan nan nan nan nan nan nan nan nan nan nan nan nan nan nan nan nan nan nan nan nan nan nan nan nan nan nan nan nan nan nan nan nan nan nan nan nan nan nan nan nan nan nan nan nan nan nan nan nan nan
nan nan nan nan nan nan nan nan nan nan nan nan nan nan nan nan nan nan nan nan nan nan nan nan nan nan nan nan nan nan nan nan nan nan nan nan nan nan nan nan nan nan nan nan nan nan nan nan nan nan nan nan nan nan nan nan nan nan nan nan nan nan nan
nan nan nan nan nan nan nan nan nan nan nan nan nan nan nan nan nan nan nan nan nan nan nan nan nan nan nan nan nan nan nan nan nan nan nan nan nan nan nan nan nan nan nan nan nan nan nan nan nan nan nan nan nan nan nan nan nan nan nan nan nan nan nan
nan nan nan nan nan nan nan nan nan nan nan nan 0 nan nan nan nan nan nan nan nan nan nan nan nan nan nan nan nan nan nan nan nan nan nan nan nan nan nan nan nan nan nan nan nan nan nan nan nan nan nan nan nan nan nan nan nan nan nan nan nan nan nan
nan nan nan nan nan nan nan nan nan nan 0 0 0 0 0 nan nan nan nan nan nan nan nan nan nan nan nan nan nan nan nan nan nan nan nan nan nan nan nan nan nan nan nan nan nan nan nan nan nan nan nan nan nan nan nan nan nan nan nan nan nan nan nan
nan nan nan nan nan nan nan nan 0 0 0 0 0 0.66061660969247215647 5.3160097875318248484 0 nan nan nan nan nan nan nan nan nan nan nan nan nan nan nan nan nan nan nan nan nan nan nan nan nan nan nan nan nan nan nan nan nan nan nan nan nan nan nan nan nan nan nan nan nan nan nan
nan nan nan nan nan nan 0 0 0 0 4.1722981839823276573 6.1397141348965407204 4.1034177884123259616 0 9.6720891831336714972 11.332741926750419026 10.133571115655072958 6.0070576341452861513 nan nan nan nan nan nan nan nan nan nan nan nan nan nan nan nan nan nan nan nan nan nan nan nan nan nan nan nan nan nan nan nan nan nan nan nan nan nan nan nan nan nan nan nan nan
nan nan nan nan nan 0 0 0 0 2.7768659906600778875 5.4419868625473988288 8.4065219155132808737 8.3284280871448004291 5.7645217341513923515 9.2703008551958880901 12.597317277233202049 12.836127446597448198 12.813867590303708255 11.354126608159544887 0 nan nan nan nan nan nan nan nan nan nan nan nan nan nan nan nan nan nan nan nan nan nan nan nan nan nan nan nan nan nan nan nan nan nan nan nan nan nan nan nan nan nan nan
nan nan nan nan nan 0 0 0 0 0 0 1.3661769938452181794 5.822585871641687838 8.342790686668486444 9.31264932302386228 10.241621199951579158 12.77632500983292374 13.096687907412901453 13.12756062657205014 12.734299689459488647 9.0665437871864824615 nan nan nan nan nan nan nan nan nan nan nan nan nan nan nan nan nan nan nan nan nan nan nan nan nan nan nan nan nan nan nan nan nan nan nan nan nan nan nan nan nan nan
0 0 nan nan 0 0 0 0 0 0 0 0 7.9255743120393713497 9.4390662027734908435 9.3365886747395645529 10.188592482007717166 10.423190736344199792 12.694484339558352204 13.122688579222307581 13.100655613918824827 10.922469735719923634 7.6271335893877063583 nan nan nan nan nan nan nan nan nan nan nan nan nan nan nan nan nan nan nan nan nan nan nan nan nan nan nan nan nan nan nan nan nan nan nan nan nan nan nan nan nan
5.802422664802457497 0 0 0 0 0.86261939346551830265 4.3457933655648925964 0 0 0 0 0 8.4262113654295731635 10.398717879537263897 10.28938366324919329 10.202920170276662759 10.38926368178105264 12.719021027854672923 13.024499370993442682 13.090276772353725221 12.61947000982305056 9.8354984503671492035 5.8765665493503842498 nan nan nan nan nan nan nan nan nan nan nan nan nan nan nan nan nan nan nan nan nan nan nan nan nan nan nan nan nan nan nan nan nan nan nan nan nan nan nan nan
9.2432045942533171967 8.9288390545572067225 2.8194502333314819253 0 1.5557346241277392185 9.5914126258006682235 9.5594754354565534271 0 0 0 0 0 6.0522265581476464291 10.221002342662995233 10.319865232469757288 10.410151507398882842 11.642424688765867558 12.95173746386162783 12.568313543682075206 12.599945475816920037 12.653023089721679995 12.54829324152110992 10.042922290713097055 6.5455585143730212749 nan nan nan nan nan nan nan nan nan nan nan nan nan nan nan nan nan nan nan nan nan nan nan nan nan nan nan nan nan nan nan nan nan nan nan nan nan nan nan
13.515032198899149307 13.004691672317644446 9.860093643153787113 0 5.4746097915061149308 12.336572400872306332 12.27858175622059278 8.8028253326907766052 0 0 0 0 7.9257800807643574714 8.629713032511634907 10.277531338656469728 10.384886581125103433 11.621239247094962366 12.886720533000707078 12.484393473093149396 12.696506834504177164 12.353318263239339458 12.804093911040874687 12.55025157339027686 8.8154450276229674444 nan nan nan nan nan nan nan nan nan nan nan nan nan nan nan nan nan nan nan nan nan nan nan nan nan nan nan nan nan nan nan nan nan nan nan nan nan nan nan
13.970479202973448807 13.894867592686187763 10.063522680890827132 8.5326894957116010687 8.8618143466922454365 13.231741737747343635 13.399553770391255725 11.131295495320634004 9.6474824510724612736 8.6798819693352395888 0 0 0 8.2086024195599058828 10.248816853851977271 10.363302231810603615 12.944918737154571531 12.80849589617071338 12.360026934872939464 12.686129578920597893 12.694754762244906843 12.681257868788007315 12.824162284338635587 11.873110146487103833 nan nan nan nan nan nan nan nan nan nan nan nan nan nan nan nan nan nan nan nan nan nan nan nan nan nan nan nan nan nan nan nan nan nan nan nan nan nan nan
14.074058221819093717 13.96663833741205174 13.790772855900057081 13.378265776679072019 13.583296760950334559 14.032347243407041759 13.516152293534435813 13.153849239877215993 13.031356013579634023 12.906507091764009232 9.2122936900844223373 0 0 0 6.6665804529425649605 10.308949185561367301 12.882567520276518636 12.701429376116175618 12.633220876882580441 12.69809172300391964 12.590736745831383914 12.549309576403945954 12.770025901155840131 12.045664736127633887 nan nan nan nan nan nan nan nan nan nan nan nan nan nan nan nan nan nan nan nan nan nan nan nan nan nan nan nan nan nan nan nan nan nan nan nan nan nan nan
14.145213314200661969 14.483448544441802852 14.804472561411074594 14.709925202739325911 14.506268063449903494 14.161966104319985149 14.037459947594980392 13.92363626799535048 13.399080229127896757 13.265752537207552209 12.944535483716643753 10.25889924209492321 10.172339677018500836 0 0 7.4230765174460371369 12.810429958128422001 12.693052052567164623 12.720766079725741804 12.620303974197717878 12.525241968510856694 12.440831626431295476 12.391228529141395498 12.411969390852421569 11.92776278401418999 nan nan nan nan nan nan nan nan nan nan nan nan nan nan nan nan nan nan nan nan nan nan nan nan nan nan nan nan nan nan nan nan nan nan nan nan nan nan
14.078216624384122468 14.664245145992822472 14.563760380772938774 14.643780095023132048 14.843374110681329725 14.746895536259403414 14.694420232518236702 14.320926537104060827 13.752312389695152461 13.905430201088742947 13.442983662387748112 12.822750634653804269 13.003266297775564198 12.739281571211689581 0.079026474075277672315 9.3504223540779154433 12.699261828522304896 12.765430824727628689 12.637821615825544086 12.50044934272534114 12.421469709116092162 12.307343089792812663 12.246270954690588795 12.213171578384837801 12.188947559411559496 11.884888177917154906 nan nan nan nan nan nan nan nan nan nan nan nan nan nan nan nan nan nan nan nan nan nan nan nan nan nan nan nan nan nan nan nan nan nan nan nan nan
14.615375246960034872 14.458642528736605826 14.218999218423808983 14.131599235562832817 14.446553022509878161 14.339792006323433426 14.328309720452651277 14.545045121238803887 14.357810350990620307 14.521665632150975611 13.699207857114865661 13.380261937682861983 13.370558882581221383 13.372025267346801414 10.826023592361998737 9.2896221657031698982 12.619933167319274503 12.720527468574243102 12.5407125311647345 12.342629025835169188 12.260347218315503781 12.159430874111425425 12.109851602300109263 12.074828757059718143 12.062140605889558387 11.937438285159576168 nan nan nan nan nan nan nan nan nan nan nan nan nan nan nan nan nan nan nan nan nan nan nan nan nan nan nan nan nan nan nan nan nan nan nan nan nan
14.625245955787125496 14.4355604700836615 14.025595168354055176 14.068635432310079736 13.967648375002802652 13.860475839249660979 13.833060991021339348 13.710827762175098243 13.538318978740273124 13.666466517718408369 14.344743365568916715 13.843830205867172722 13.652995657182566802 13.58889128748188746 13.226849562890166112 13.107592411208630168 12.125979066853213695 12.610629359615321832 12.419672706074694091 12.208903438395536156 12.115202302751889363 12.029359541332102168 11.966571300452448767 11.937366151202352782 11.952453092647427724 12.106935193657683669 11.648405284450950248 nan nan nan nan nan nan nan nan nan nan nan nan nan nan nan nan nan nan nan nan nan nan nan nan nan nan nan nan nan nan nan nan nan nan nan nan
14.328726009346597792 14.403749285984357442 13.972077310789300597 13.892141977664861585 13.899160626799444529 13.79873831437428322 13.722574485455201199 13.640955054438808958 13.43450831707115789 13.571338877819375313 13.606913380861525908 14.200698781165911555 13.780231635729892403 13.797873778360671082 12.931601066469124106 12.765909249637962475 12.557627776173115208 12.451069335697592777 12.27998543886649685 12.115019163969215299 11.990793850171588275 11.924130124366238093 11.850442437298346121 11.838947500508885113 12.075854784094842032 12.074552708621911989 11.657266623454809462 nan nan nan nan nan nan nan nan nan nan nan nan nan nan nan nan nan nan nan nan nan nan nan nan nan nan nan nan nan nan nan nan nan nan nan nan
14.492511577182400018 14.03468091059015066 13.940777212622133874 13.851702889989113032 13.75684330415634804 13.656709040303562475 13.610627181666124841 13.537564052849328178 13.364201132944669936 13.534699502756831535 13.555476719628257953 14.247160891124517335 13.434025570874947419 13.344836964147622993 12.855538949727030484 12.665441508639380785 12.472997510650595032 12.307325231780842145 12.17734452282741664 11.999659009592393843 11.900430138596506779 11.8130341291460077 11.756885470199927468 11.995417739546237357 12.032249353886534493 11.962117744574838341 nan nan nan nan nan nan nan nan nan nan nan nan nan nan nan nan nan nan nan nan nan nan nan nan nan nan nan nan nan nan nan nan nan nan nan nan nan
14.348412884735083139 14.038464649778033433 13.92432893164774832 13.822914583568925551 13.707262533288751882 13.604028824214539739 13.492374527286148833 13.475746145721943847 13.380936841688953365 13.485467239093404501 13.490335355136185314 13.572065377022022759 13.304424663637123061 12.914971762748640671 12.779175330156331114 12.58141699048526263 12.383108036510986238 12.198223053543944872 12.051123754013433498 11.884340840337378253 11.76817699920704996 11.693165912205682133 11.673445766648780975 11.920373863558227256 11.959723248983237909 11.736378968124249411 nan nan nan nan nan nan nan nan nan nan nan nan nan nan nan nan nan nan nan nan nan nan nan nan nan nan nan nan nan nan nan nan nan nan nan nan nan
11.690250042010152498 14.292852602433075759 13.895109790442010222 13.788172426041020557 13.673952800920492479 13.554190501681164349 13.442314411644860073 13.346094748647038486 13.294971196263613678 13.406740440397017622 13.422208359767074271 13.404904930339640146 13.662088444892933836 12.07996742516959543 12.710172087990473599 12.50562410984493944 12.289519726800982369 12.080664893984288 11.904050135087480555 11.766408931325337051 11.650243904613704515 11.608183569139486124 11.857824970574387891 11.8153745228371303 11.821487353681478183 11.468358931432524273 nan nan nan nan nan nan nan nan nan nan nan nan nan nan nan nan nan nan nan nan nan nan nan nan nan nan nan nan nan nan nan nan nan nan nan nan nan
14.382679129475244295 13.273608993429563796 13.865311651025637119 13.762018619528314289 13.636787798002146133 13.514728163699146535 13.392212621019686125 13.28852515446871152 13.169677497899686003 13.308912651840039132 13.321595701485451357 13.287363349511387867 13.103166205847644576 13.208005076789856247 12.605882613555925431 12.415991473718344551 12.18340076409074868 11.965406051939091014 11.807728054853299682 11.659423447045067945 11.546311478489993618 11.514376131295287919 11.744176944720779332 11.664729726186701342 11.57543728027422425 nan nan nan nan nan nan nan nan nan nan nan nan nan nan nan nan nan nan nan nan nan nan nan nan nan nan nan nan nan nan nan nan nan nan nan nan nan nan
14.631756127941724088 14.517359658143245582 14.121680650364190512 13.721492296733410754 13.60736444082425578 13.484876590439577981 13.345468151959748226 13.232442740579049456 13.152022634527661182 13.091992870607116473 13.01468304137103793 13.143221099311441336 13.030897006413288963 12.702381517964782986 12.503538602156275772 12.337112295275231233 12.091277378939667031 11.834916061542239518 11.705194233006650961 11.570098849275138875 11.465468983554437443 11.426493618639147698 11.589064996491259762 11.522428074071507709 11.39797639569326293 nan nan nan nan nan nan nan nan nan nan nan nan nan nan nan nan nan nan nan nan nan nan nan nan nan nan nan nan nan nan nan nan nan nan nan nan nan nan
10.677794908628781556 14.294722367743229796 14.152669210068093975 13.702996653520282067 13.571536502196620333 13.438040216591224052 13.291074510280989074 13.176375678055116225 13.098271495124508945 12.993072867138957704 12.921313012012801025 13.001995868756518249 12.933648986751851595 12.656408087016503217 12.416496860492374665 12.248466752777698474 12.006897494103315083 11.774926310452810796 11.614447298174184198 11.492561635649140683 11.395967857670775913 11.292538460407984147 11.247837375607057098 11.370767804595532269 11.196820771204448519 nan nan nan nan nan nan nan nan nan nan nan nan nan nan nan nan nan nan nan nan nan nan nan nan nan nan nan nan nan nan nan nan nan nan nan nan nan nan
14.41784085687369199 14.310509402677102031 14.132132506373254799 13.685950356021127305 13.507535729163549831 13.377192127125058008 13.238592831870226618 13.119178109198854187 13.03585349950964023 12.911351943277526999 12.831073030151847192 12.888635577752415529 12.795585572677342867 12.614217393875275519 12.351271101411812836 12.163079220810740111 11.928551532597705176 11.698989005496446936 11.519948381008910943 11.406786222639535566 11.28694604630655185 11.149813816182691184 11.114738663487216286 11.254985511209849136 11.048767109218507798 10.826235920522131906 nan nan nan nan nan nan nan nan nan nan nan nan nan nan nan nan nan nan nan nan nan nan nan nan nan nan nan nan nan nan nan nan nan nan nan nan nan
14.531760962221998312 14.374744368924462279 13.748409796034982477 13.633122378692959842 13.460293288096224273 13.3209504789978741 13.181776776662589512 13.063043279109953332 12.948889277530314601 12.824736294268621606 12.724316466159880434 12.78547122925210644 12.676979739864759011 12.524701514014520143 12.28085205974979921 12.075356108062051064 11.86953138572215849 11.631491195065811084 11.452301632523614217 11.31215162178200373 11.18003109009054441 11.061515928399771269 10.980835443538191853 11.123315319270478341 10.860170553284206107 10.668769885063570158 10.559841693584411715 nan nan nan nan nan nan nan nan nan nan nan nan nan nan nan nan nan nan nan nan nan nan nan nan nan nan nan nan nan nan nan nan nan nan nan nan
