results/rofental/evapotranspiration_2019-10-01T0000_2019-10-31T2300.asc
ncols        322
nrows        225
xllcorner    622802.488000000012
yllcorner    5178049.378999999724
cellsize     100.000000000000
[rows 112 to 139 of 225, columns 189 to 251 of 322]
35.850797637614483904 35.765768071362927571 30.978525195478443521 26.78431059434458561 18.906208979710765306 15.232067864929401679 17.754548696147100628 20.305846847015651235 5.6110541886326501526 5.1413113755349657552 5.1256769075484784892 4.0484430725290687647 4.0457294897606592698 4.0392158928704837706 4.0319988096065992877 4.776565034481945915 5.2482959819696457515 5.3879196710483165944 4.7736122798215001595 4.2618857029618952836 4.2660185742304994605 4.9362722599943804624 5.2466076921652398113 4.2175766492925053086 4.2674812634288361579 4.0468331593784450106 4.0474032959682935129 nan nan nan nan nan nan nan nan nan nan nan nan nan nan nan nan nan nan nan nan nan nan nan nan nan nan nan nan nan nan nan nan nan nan nan nan
33.637084574460509145 31.58854307449924903 23.82746088168571319 18.088880443304766743 21.637028885036642123 17.494638591026127727 14.647817660291876152 15.337864572776432226 5.0409479780461081688 5.1006954080137134611 5.1930785606326876902 4.8705197023702719861 4.580366018482014745 4.0897786405086691275 4.0811630087717745141 4.8696548392697796004 5.2796234817248857141 5.3323347046612949995 5.3619725608267296835 4.1659342316495378 5.0917676607987027992 5.2443546016203343996 4.2922724759086081647 4.334508143966832705 4.0027728908654456319 nan nan nan nan nan nan nan nan nan nan nan nan nan nan nan nan nan nan nan nan nan nan nan nan nan nan nan nan nan nan nan nan nan nan nan nan nan nan
32.216779014691162786 27.029563791559287012 19.131123113155094728 15.152020209573107579 16.781034099963207495 5.5411343081639037322 5.4883104156192938916 5.1543245202390419735 5.1519468709457809652 5.1818780104005108811 4.6682523527775980909 4.7648402187013978448 5.2296661368538401859 5.2411433170070225174 4.7348763287118176279 5.0342094922569282645 5.3016441072533790901 5.3632793770546332013 5.5040679436527302215 4.2291873287309247331 4.2240799651366671696 4.3620520292755839975 4.1168128818866902563 4.1406109925616370049 3.7751240571096502663 nan nan nan nan nan nan nan nan nan nan nan nan nan nan nan nan nan nan nan nan nan nan nan nan nan nan nan nan nan nan nan nan nan nan nan nan nan nan
24.297117161353163795 20.595510698312075704 19.960396118038563174 16.638758905485996564 15.986702997072104182 5.5391092603029967734 5.5050601563694705476 5.2334532624192355854 5.2555109282731482523 5.31596951603644019 5.2874692838181518439 4.2854573306859222726 4.2773375702649820695 4.2822993920856733396 4.2882291304341482174 5.0408441347316008674 5.1349479486204829826 5.3792239721262653518 5.6733054654168659781 4.2501333373448284547 3.8714966050666235198 4.1221702679902767485 4.1226650586748059268 3.8599571587306056308 3.2706503492395722077 nan nan nan nan nan nan nan nan nan nan nan nan nan nan nan nan nan nan nan nan nan nan nan nan nan nan nan nan nan nan nan nan nan nan nan nan nan nan
12.872871336222724281 14.342902367741203307 14.430601287314111403 4.4672083648508280618 4.1184938902153929163 4.88931655704399315 5.0394845515167494554 4.9285498905784903556 5.0552128516250407486 5.2800369206064194927 5.2853856544425390496 4.2798010028970390195 4.2616222749278787063 4.2770997321118739976 4.2898821087992029533 4.3107144257949734367 4.3335251779774992542 5.2561688545423974617 5.4539353021358536466 3.875192209315282188 2.9790088562035768049 3.7415348511858836922 3.7388565542367220296 2.9380310721711619948 3.2779847683127534275 nan nan nan nan nan nan nan nan nan nan nan nan nan nan nan nan nan nan nan nan nan nan nan nan nan nan nan nan nan nan nan nan nan nan nan nan nan nan
12.605689066422579359 10.737394439176364713 4.4137196362433179786 3.9126191634546407805 4.7296926557136851343 4.5134282484947556568 4.5228793479207478612 4.087426051617013556 4.094237119625169008 4.2086271921813445118 4.273423035597508246 4.3281456510014262307 4.2803501047407470637 4.3560700984640146061 4.3170280061837713603 4.2818929801974752181 4.3159219182149630711 5.0421259084654632687 5.5066022391724889218 3.8343541666819325187 2.1605868219324531054 2.3022699066405154511 2.3182346522459971183 2.14968085293901634 nan nan nan nan nan nan nan nan nan nan nan nan nan nan nan nan nan nan nan nan nan nan nan nan nan nan nan nan nan nan nan nan nan nan nan nan nan nan nan
11.1195056797159193 4.1786038168207690902 3.8818488216126447732 4.3728806399062785104 4.4593079648715843177 4.7581815190312806152 4.0964865125608156404 4.2277871909516964166 4.2294436053729684843 4.250796199625101579 4.1960813182965859269 4.320617855535084928 4.3319194454024128049 4.3032476240087174091 4.2926537122863859253 4.3964329000831643413 4.4271321654547541868 4.4267027328976373823 4.1414502952663045932 3.7474496438375335394 2.1519249415394519076 2.0020985680034040222 2.0016620829681412985 nan nan nan nan nan nan nan nan nan nan nan nan nan nan nan nan nan nan nan nan nan nan nan nan nan nan nan nan nan nan nan nan nan nan nan nan nan nan nan nan
4.1651638529485675022 4.0014237272782597898 4.5180075827019772206 4.039663157515184011 4.0804902184435523083 4.093526370365607292 4.2252574242004676819 4.2501716486959510988 4.3274454753786653072 4.1509216881614463546 3.7607321065588941167 3.9677332265571210179 3.9757328904085054155 3.9763461855861721439 3.9796215228156017751 3.9814682667450593812 4.0056257791775919941 4.0276350087035730496 3.8341153033146802009 2.5482800578966053884 2.1089108039286545981 0.013919807125686906382 nan nan nan nan nan nan nan nan nan nan nan nan nan nan nan nan nan nan nan nan nan nan nan nan nan nan nan nan nan nan nan nan nan nan nan nan nan nan nan nan nan
3.9326142589237704783 4.5513328852061567531 4.0446142023785380815 4.0718753974366217463 4.0862600579740959716 4.1887811021554988145 4.2803930596945347631 4.241361214828813786 3.3962386407919757936 3.3926797806020809745 3.6887819072990803981 3.9708048744155655108 3.9816117612920427504 3.6674368030639996618 3.6671398689749077349 3.6762956711879377636 3.9375248591563578593 3.8114292916608589756 2.4217116572735788438 2.4501366578396419627 1.9841173464968828721 0.014340956587946294271 nan nan nan nan nan nan nan nan nan nan nan nan nan nan nan nan nan nan nan nan nan nan nan nan nan nan nan nan nan nan nan nan nan nan nan nan nan nan nan nan nan
4.0980992315636859402 4.5184818296877597987 4.0730692592434234456 4.0806261591563730562 4.2618541756931760389 4.3056878766043213957 4.1797130404861908559 3.7825643511940350017 2.6814028284213935471 3.3857154791067292088 3.5115918267920500639 3.9746254237396545506 4.0028770365336647785 3.671977705874197806 3.45672205940758559 3.2333087926010697366 3.8355108598665350605 3.6634140209623269335 2.1501974801979226726 2.1230669273417488441 1.9429798224529795103 0.011353044058910615605 nan nan nan nan nan nan nan nan nan nan nan nan nan nan nan nan nan nan nan nan nan nan nan nan nan nan nan nan nan nan nan nan nan nan nan nan nan nan nan nan nan
5.2162653890270291868 5.2244459211378559971 4.7803979539053926828 4.3095788940205306261 4.2480458261205749082 3.9913793619962296688 3.3456701267948778522 3.0097315497992851441 2.4484600692690872137 3.1829198814584560573 3.4003220336500992182 3.4526029990223991994 3.4549198622843202422 3.228299233839045268 3.2526186982357012667 3.2647774583929041192 3.7412325886561283994 3.4539765272152580522 2.1429407399272766277 2.0463995011167157578 1.932301016652131942 0.15922340770648510389 nan nan nan nan nan nan nan nan nan nan nan nan nan nan nan nan nan nan nan nan nan nan nan nan nan nan nan nan nan nan nan nan nan nan nan nan nan nan nan nan nan
5.2543323953025300455 5.343967481086026261 5.3048250182568166267 4.2909130698233335366 3.9988550655945416246 3.3335507816879186294 2.7078800630144463923 2.1191365995166560054 2.7890391956675744112 2.8725246962103492265 3.2011645423021493073 2.8624828136863085248 2.3751684882512962282 2.6334227748582756945 2.6843344994399442882 2.8823987965019752799 3.0905488879780071976 3.502951509185185941 4.1639431851719290734 2.647390809071238138 2.1001142228112041899 1.5095433928223822573 nan nan nan nan nan nan nan nan nan nan nan nan nan nan nan nan nan nan nan nan nan nan nan nan nan nan nan nan nan nan nan nan nan nan nan nan nan nan nan nan nan
5.2451565359298193414 5.2441543184200627437 5.1594249427191787305 4.213939774094177082 3.783854587940794989 3.1145652655878834913 2.1067679393969265256 2.066826838573730285 2.4675311551314269565 2.8789747148682285349 2.8854554686659721341 2.8542205905885515982 2.9063718524269268606 2.7019619712900126984 2.7357833197859444674 3.1776667579172843681 3.0872334764835884791 2.7545375737271093897 3.3264849336255419843 3.1592881592865520446 2.0870709206798707669 1.551006166505947359 nan nan nan nan nan nan nan nan nan nan nan nan nan nan nan nan nan nan nan nan nan nan nan nan nan nan nan nan nan nan nan nan nan nan nan nan nan nan nan nan nan
5.2727476053579245274 5.1125190919992924421 4.3247125716629621905 4.1110942808049504293 3.5262535325191421975 2.6649666222056631604 2.0935073401886850064 2.1167997162946741163 2.1062057757794550028 2.165785908776535873 2.1799742025457669037 2.4106486685780756929 2.4446089345056747355 2.4791882236199436207 2.4976549855624199381 2.6001035313265763449 2.4504394404378784245 2.1916546217680634712 2.1879191254475238715 2.6368922339568312552 2.0070439875836743049 1.5543400826605784371 nan nan nan nan nan nan nan nan nan nan nan nan nan nan nan nan nan nan nan nan nan nan nan nan nan nan nan nan nan nan nan nan nan nan nan nan nan nan nan nan nan
5.299020389680506149 5.1504590595515624685 4.2231902750191894214 3.8635235374542133968 3.2545076242051136362 2.4146497211839110797 2.0499723080618283966 2.0740902982043576408 2.1001555202258739286 2.1229405312718352405 2.1398046305439470949 2.1789062244770933674 2.1845821305193098283 2.1931256784504169488 2.205040062649772814 2.200845103706940975 1.8825047010320572483 2.1176800004076894446 2.1044869829079835277 2.1462029956695860555 2.1327602275270485244 nan nan nan nan nan nan nan nan nan nan nan nan nan nan nan nan nan nan nan nan nan nan nan nan nan nan nan nan nan nan nan nan nan nan nan nan nan nan nan nan nan nan
5.3072507688298662387 5.3703512046336543406 4.2600947749663733433 3.5290963295915864784 3.240592661521949136 2.4480010710549846564 1.5573671964488942088 0.94287399983412989446 1.91656089517776973 2.1113008968618962591 2.1324566729029439394 2.1508281127475630257 2.1883282845990059684 2.1977291243085952388 2.2057082936334628798 2.1577388672191823993 1.8796202501639269755 0.94433712531538516188 1.8802473445392950957 2.071324326920576997 1.9369414416515873256 nan nan nan nan nan nan nan nan nan nan nan nan nan nan nan nan nan nan nan nan nan nan nan nan nan nan nan nan nan nan nan nan nan nan nan nan nan nan nan nan nan nan
4.3367625762943395884 4.7473696895934480722 4.030733796192408569 3.1043349046282688874 2.132030346168888979 2.0718335441452064849 1.4815439338593168195 2.0605349385519629024 2.0888986910706335287 2.1139606005654161258 2.1355345216649097573 2.1569403677521883367 2.1708426648027381312 2.1779440863250441041 2.2052897013943186799 2.158857462570634933 2.1006536500569188419 0.0058568837835686303472 0.94204451708166803137 0.94233920534919579648 1.5311405772359694133 nan nan nan nan nan nan nan nan nan nan nan nan nan nan nan nan nan nan nan nan nan nan nan nan nan nan nan nan nan nan nan nan nan nan nan nan nan nan nan nan nan nan
4.2928871214380341925 4.0726139627354216444 4.0191541111571122968 3.4703314251024428572 2.681011810937361961 2.0726121131951029675 1.4596292448004639652 1.4942780917611171443 1.9133495221451606305 2.1256648069060468664 2.1468148341734676343 2.1686366159169474521 2.1777937360695598379 2.1831045251602119173 2.1773126142148946371 2.1505647863874233217 2.1115509563617100852 0.0031863235089504065786 0.0028062181179453775035 nan nan nan nan nan nan nan nan nan nan nan nan nan nan nan nan nan nan nan nan nan nan nan nan nan nan nan nan nan nan nan nan nan nan nan nan nan nan nan nan nan nan nan nan
4.2179844173041223243 4.1859331446034468982 3.5209399671104208984 3.2679987676728412538 3.0348050450300374514 2.1400760701826624377 2.0616267419035443353 0.93500000000000005329 1.5229040494716472587 1.3041543242277926495 1.6672908213110875231 1.8744549340286533745 1.8750639094457066669 0.94010713627729314279 0.93915898350749671408 1.8742330758745837649 2.102465675740308626 0.91938896263752389881 nan nan nan nan nan nan nan nan nan nan nan nan nan nan nan nan nan nan nan nan nan nan nan nan nan nan nan nan nan nan nan nan nan nan nan nan nan nan nan nan nan nan nan nan nan
5.2052643393204069966 4.2504598850141750432 3.6758660010791524009 3.8172706477921307666 4.2256012558695550396 3.2585379205328277585 2.1086547805485742479 0.93500000000000005329 0.93500000000000005329 0.93500000000000005329 0.93521936360760726803 0.93601214064737803255 0.00027115619647577639392 0 0 1.5560222368297949025 0.93584905148905517258 nan nan nan nan nan nan nan nan nan nan nan nan nan nan nan nan nan nan nan nan nan nan nan nan nan nan nan nan nan nan nan nan nan nan nan nan nan nan nan nan nan nan nan nan nan nan
3.7937430384283725715 3.6490850871153734936 3.5648265517671400282 3.4765912017598661343 3.3186778349909151764 2.80365247876535717 2.1277951951561213662 0.93500000000000005329 0 0 0 0 nan nan nan 0.93499999999999994227 nan nan nan nan nan nan nan nan nan nan nan nan nan nan nan nan nan nan nan nan nan nan nan nan nan nan nan nan nan nan nan nan nan nan nan nan nan nan nan nan nan nan nan nan nan nan nan
3.6536140056359118766 3.658715435120098558 3.5729828664413996187 3.1775196405219521267 2.6184368062921987708 2.1745114245723331514 1.9455952655285129183 0.16377196014361816712 0 nan nan nan nan nan nan nan nan nan nan nan nan nan nan nan nan nan nan nan nan nan nan nan nan nan nan nan nan nan nan nan nan nan nan nan nan nan nan nan nan nan nan nan nan nan nan nan nan nan nan nan nan nan nan
4.2613499982128022481 3.3251601205203806799 3.1678230793985968639 3.1671813386118450317 2.1867275605932627869 1.9510490674030704916 1.397848175895855638 0.15122492973266657423 nan nan nan nan nan nan nan nan nan nan nan nan nan nan nan nan nan nan nan nan nan nan nan nan nan nan nan nan nan nan nan nan nan nan nan nan nan nan nan nan nan nan nan nan nan nan nan nan nan nan nan nan nan nan nan
3.6946721059137366261 3.3420522491145732147 2.8051442038954483849 2.5813831578215764573 2.183610574622351308 1.8700000000000001066 1.3195099769383165089 0.14528688486818996939 nan nan nan nan nan nan nan nan nan nan nan nan nan nan nan nan nan nan nan nan nan nan nan nan nan nan nan nan nan nan nan nan nan nan nan nan nan nan nan nan nan nan nan nan nan nan nan nan nan nan nan nan nan nan nan
3.6972968518158069173 3.7304591008218852544 3.6280262769213957874 3.4939123889022378755 3.3063723918229364074 2.2589499806181949637 1.5076806021481719 0.1437673265042335724 nan nan nan nan nan nan nan nan nan nan nan nan nan nan nan nan nan nan nan nan nan nan nan nan nan nan nan nan nan nan nan nan nan nan nan nan nan nan nan nan nan nan nan nan nan nan nan nan nan nan nan nan nan nan nan
3.155304395632401171 3.1937890528049517336 3.4183523136293665345 3.5437357041774042443 3.3727127521639079788 2.4973681437074937151 1.4794034476537467615 0.13930221356056601834 0 nan nan nan nan nan nan nan nan nan nan nan nan nan nan nan nan nan nan nan nan nan nan nan nan nan nan nan nan nan nan nan nan nan nan nan nan nan nan nan nan nan nan nan nan nan nan nan nan nan nan nan nan nan nan
3.1839590010338381099 3.2151874855856754643 2.6900321795085515575 2.8688107435889138586 3.3840973126338567134 2.9975904421911110376 2.2340551338128933345 0.98788278280981156598 0.097870150097863345406 nan nan nan nan nan nan nan nan nan nan nan nan nan nan nan nan nan nan nan nan nan nan nan nan nan nan nan nan nan nan nan nan nan nan nan nan nan nan nan nan nan nan nan nan nan nan nan nan nan nan nan nan nan nan
3.1852416311862330467 2.8175402910862046291 2.7174730215025113544 2.4220827943444516173 2.2463155715595153339 2.2800834681972941276 1.8666117800906356639 0.14335889328248904717 0 nan nan nan nan nan nan nan nan nan nan nan nan nan nan nan nan nan nan nan nan nan nan nan nan nan nan nan nan nan nan nan nan nan nan nan nan nan nan nan nan nan nan nan nan nan nan nan nan nan nan nan nan nan nan
