results/rofental/evapotranspiration_2020-08-01T0000_2020-08-31T2300.asc
ncols        322
nrows        225
xllcorner    622802.488000000012
yllcorner    5178049.378999999724
cellsize     100.000000000000
[rows 168 to 195 of 225, columns 62 to 123 of 322]
nan nan nan nan nan nan nan nan nan nan nan nan nan nan nan nan nan nan nan nan nan nan nan nan nan nan nan nan nan 0 0 0 0 0 0 0 0.62449245844681389173 0.61136498840008579592 0.60127700674310136097 0.59113233545879817488 0.58057840973787355754 0.5718438295452101805 0.56312299526387321613 0.55490547453880478823 0.5456437217358584002 0.540276355310905676 1.4650090194030493951 1.455647296980047356 1.4460653615841672082 1.4366032393837324665 1.4277849450904649409 1.4192209020512729367 1.5299713261423306676 1.5164413445744839848 1.5042644605659925006 1.4930742164079442436 1.4827784485259729585 1.4747220759928825196 1.4704706326534719985 1.4923892806863559013 1.4685818661745286828 1.4728826575581424052
nan nan nan nan nan nan nan nan nan nan nan nan nan nan nan nan nan nan nan nan nan nan nan nan nan nan nan nan nan 0 0 0 0 0 0 0 0 0.60672435597912832694 0.59564011526832649768 0.58577890672465382504 0.57648446914787121464 0.56784734259861346928 0.55775224015612545614 0.54863768501580889581 0.54012312968374720512 0.53470077913657754198 0.52442182560812600212 1.4501249942283394034 1.4406806907462108569 1.431406147064348211 1.4229312370968141277 1.4149795298939322752 1.407294296772007014 1.5076265040148688623 1.4963668510982044424 1.4860275450062623293 1.4767983344681823166 1.4711628430916083854 1.4679841066454877296 1.4674629707729234251 1.470122279590922787 1.4801264436500283228
nan nan nan nan nan nan nan nan nan nan nan nan nan nan nan nan nan nan nan nan nan nan nan nan nan nan nan nan 0 0 0 0 0 0 0 0 0 0.60361322028292363484 0.59205509112709542308 0.58116413134964306497 0.57260003203852627429 0.56410672282961160651 0.55361609478819173713 0.54322050261880527877 0.53463028117209243639 0.53016266926141508709 0.52065184118961194137 0.51091210474685810894 1.4364043358966027686 1.4275342918919955437 1.4192202745613295978 1.4115142154732922553 1.4039974110477468905 1.5013580844317366836 1.4908078890251001969 1.4819317882591207525 1.4759100100856064053 1.4720503737118213472 1.3729207066182238517 1.3712330142011379674 1.3711935992669712636 0.43471759107485424822
nan nan nan nan nan nan nan nan nan nan nan nan nan nan nan nan nan nan nan nan nan nan nan nan nan nan nan nan 0 0 0 0 0.32220152292410425554 0 0 0 0 0 0.58959171375196206544 0.57859204669618757855 0.56917753788938518777 0.56046195854669011993 0.55031635971440917565 0.54461951335690839127 0.53066963111555376376 0.52261479519481435219 0.51399903251551126715 0.50810398357370500921 0.49877023995347291585 1.4252272099235157032 1.4171210072462487872 1.4098023362966087824 1.4026120692946775215 1.5007057258223466256 1.3904895006415267655 1.3857768351680193053 1.3825079841775904654 1.379595391423233508 0.43999229460126504376 0.43876784968475962545 0.43944122573487520711 0.43961360369146906812
nan nan nan nan nan nan nan nan nan nan nan nan nan nan nan nan nan nan nan nan nan nan nan nan nan nan nan nan nan 0 0 0 0 0 0 0 0 0 0 0.57554378671894634856 0.56606470003654274503 0.55755753683710329582 0.54756225073438868911 0.53711667329490386802 0.5282912575974979541 0.52025538950489402801 0.51187388173310377493 0.5055233525254847482 0.49661218882164620547 0.48849254169235478695 1.4162756393721431802 1.4100719932566518899 1.4046270752117937519 0.46381100569254540833 0.45713642152832090204 0.45322571429472457982 0.45043075044370578519 0.44771430950970897422 0.44566694132829831609 0.4451527441206584168 0.44595596728914405071 0
nan nan nan nan nan nan nan nan nan nan nan nan nan nan nan nan nan nan nan nan nan nan nan nan nan nan nan nan nan nan 0 0 0 0 0 0 0 0.29023164152335656496 0 0.5718352021188524148 0.56263633781099342546 0.55480033300355580117 0.54616658217665747799 0.53704247506360480724 0.5280299650129118838 0.51948640987155947357 0.51051054074973878372 0.50469521286688456829 0.49660312303048065319 0.48671856152980497168 0.48039220504798718636 0.47535080742146090804 0.47052320576007361508 0.46557318079990051007 0.46178440026244610417 0.45840339847807948237 0.45572496495316844323 0.45366534328922292207 0.45182897414112582757 0 0 0.52468224481014325011
nan nan nan nan nan nan nan nan nan nan nan nan nan nan nan nan nan nan nan nan nan nan nan nan nan nan nan nan nan nan nan 0 0 0 0 0 0 0.58600967794658198606 0.67755896141175708802 0.56878125990848782401 0.5613487052811686473 0.55409513892744521879 0.5471278742827837549 0.54060805146647972208 0.53167214517906224991 0.52143070702415483808 0.51190329350385244123 0.5028453750328881755 0.49461803745575799729 0.48779833320794924179 0.48178217561061592589 0.47717424551098663876 0.47318172166260691336 0.47067539699035837453 0.24761483229042238752 0 0 0 0 nan nan nan
nan nan nan nan nan nan nan nan nan nan nan nan nan nan nan nan nan nan nan nan nan nan nan nan nan nan nan nan nan nan nan nan nan nan nan nan 0 0 0 0 0 0 0 0 0 0 0.5097725185693465777 0.50163708407057994165 0.49380748219702064183 0.48773271598250766967 0.48255240409078659081 0.4789320841191319067 0.47702706286650981005 0 nan nan nan nan nan nan nan nan
nan nan nan nan nan nan nan nan nan nan nan nan nan nan nan nan nan nan nan nan nan nan nan nan nan nan nan nan nan nan nan nan nan nan nan nan nan nan nan nan nan nan nan nan nan nan nan 0.49867496601162941694 0.49276475959887644507 0.48758596152976613203 0.48339119647920186784 0 0 0 nan nan nan nan nan nan nan nan
nan nan nan nan nan nan nan nan nan nan nan nan nan nan nan nan nan nan nan nan nan nan nan nan nan nan nan nan nan nan nan nan nan nan nan nan nan nan nan nan nan nan nan nan nan nan nan nan 0.49056996031223598642 0 0 0 nan nan nan nan nan nan nan nan nan nan
nan nan nan nan nan nan nan nan nan nan nan nan nan nan nan nan nan nan nan nan nan nan nan nan nan nan nan nan nan nan nan nan nan nan nan nan nan nan nan nan nan nan nan nan nan nan nan nan nan nan nan nan nan nan nan nan nan nan nan nan nan nan
nan nan nan nan nan nan nan nan nan nan nan nan nan nan nan nan nan nan nan nan nan nan nan nan nan nan nan nan nan nan nan nan nan nan nan nan nan nan nan nan nan nan nan nan nan nan nan nan nan nan nan nan nan nan nan nan nan nan nan nan nan nan
nan nan nan nan nan nan nan nan nan nan nan nan nan nan nan nan nan nan nan nan nan nan nan nan nan nan nan nan nan nan nan nan nan nan nan nan nan nan nan nan nan nan nan nan nan nan nan nan nan nan nan nan nan nan nan nan nan nan nan nan nan nan
nan nan nan nan nan nan nan nan nan nan nan nan nan nan nan nan nan nan nan nan nan nan nan nan nan nan nan nan nan nan nan nan nan nan nan nan nan nan nan nan nan nan nan nan nan nan nan nan nan nan nan nan nan nan nan nan nan nan nan nan nan nan
nan nan nan nan nan nan nan nan nan nan nan nan nan nan nan nan nan nan nan nan nan nan nan nan nan nan nan nan nan nan nan nan nan nan nan nan nan nan nan nan nan nan nan nan nan nan nan nan nan nan nan nan nan nan nan nan nan nan nan nan nan nan
nan nan nan nan nan nan nan nan nan nan nan nan nan nan nan nan nan nan nan nan nan nan nan nan nan nan nan nan nan nan nan nan nan nan nan nan nan nan nan nan nan nan nan nan nan nan nan nan nan nan nan nan nan nan nan nan nan nan nan nan nan nan
nan nan nan nan nan nan nan nan nan nan nan nan nan nan nan nan nan nan nan nan nan nan nan nan nan nan nan nan nan nan nan nan nan nan nan nan nan nan nan nan nan nan nan nan nan nan nan nan nan nan nan nan nan nan nan nan nan nan nan nan nan nan
nan nan nan nan nan nan nan nan nan nan nan nan nan nan nan nan nan nan nan nan nan nan nan nan nan nan nan nan nan nan nan nan nan nan nan nan nan nan nan nan nan nan nan nan nan nan nan nan nan nan nan nan nan nan nan nan nan nan nan nan nan nan
nan nan nan nan nan nan nan nan nan nan nan nan nan nan nan nan nan nan nan nan nan nan nan nan nan nan nan nan nan nan nan nan nan nan nan nan nan nan nan nan nan nan nan nan nan nan nan nan nan nan nan nan nan nan nan nan nan nan nan nan nan nan
nan nan nan nan nan nan nan nan nan nan nan nan nan nan nan nan nan nan nan nan nan nan nan nan nan nan nan nan nan nan nan nan nan nan nan nan nan nan nan nan nan nan nan nan nan nan nan nan nan nan nan nan nan nan nan nan nan nan nan nan nan nan
nan nan nan nan nan nan nan nan nan nan nan nan nan nan nan nan nan nan nan nan nan nan nan nan nan nan nan nan nan nan nan nan nan nan nan nan nan nan nan nan nan nan nan nan nan nan nan nan nan nan nan nan nan nan nan nan nan nan nan nan nan nan
nan nan nan nan nan nan nan nan nan nan nan nan nan nan nan nan nan nan nan nan nan nan nan nan nan nan nan nan nan nan nan nan nan nan nan nan nan nan nan nan nan nan nan nan nan nan nan nan nan nan nan nan nan nan nan nan nan nan nan nan nan nan
nan nan nan nan nan nan nan nan nan nan nan nan nan nan nan nan nan nan nan nan nan nan nan nan nan nan nan nan nan nan nan nan nan nan nan nan nan nan nan nan nan nan nan nan nan nan nan nan nan nan nan nan nan nan nan nan nan nan nan nan nan nan
nan nan nan nan nan nan nan nan nan nan nan nan nan nan nan nan nan nan nan nan nan nan nan nan nan nan nan nan nan nan nan nan nan nan nan nan nan nan nan nan nan nan nan nan nan nan nan nan nan nan nan nan nan nan nan nan nan nan nan nan nan nan
nan nan nan nan nan nan nan nan nan nan nan nan nan nan nan nan nan nan nan nan nan nan nan nan nan nan nan nan nan nan nan nan nan nan nan nan nan nan nan nan nan nan nan nan nan nan nan nan nan nan nan nan nan nan nan nan nan nan nan nan nan nan
nan nan nan nan nan nan nan nan nan nan nan nan nan nan nan nan nan nan nan nan nan nan nan nan nan nan nan nan nan nan nan nan nan nan nan nan nan nan nan nan nan nan nan nan nan nan nan nan nan nan nan nan nan nan nan nan nan nan nan nan nan nan
nan nan nan nan nan nan nan nan nan nan nan nan nan nan nan nan nan nan nan nan nan nan nan nan nan nan nan nan nan nan nan nan nan nan nan nan nan nan nan nan nan nan nan nan nan nan nan nan nan nan nan nan nan nan nan nan nan nan nan nan nan nan
nan nan nan nan nan nan nan nan nan nan nan nan nan nan nan nan nan nan nan nan nan nan nan nan nan nan nan nan nan nan nan nan nan nan nan nan nan nan nan nan nan nan nan nan nan nan nan nan nan nan nan nan nan nan nan nan nan nan nan nan nan nan
