results/rofental/evapotranspiration_2020-08-01T0000_2020-08-31T2300.asc
ncols        322
nrows        225
xllcorner    622802.488000000012
yllcorner    5178049.378999999724
cellsize     100.000000000000
[rows 112 to 139 of 225, columns 186 to 247 of 322]
0.19566031097584410392 0.21212852737198562014 0.22346139333768710866 0.239590624889902154 0.25661986343814463529 0.27423877798306472986 0.31370574430875763916 0.2513955173477234184 0.2253108731506403839 0.23469643943651871676 0.25493074253054831546 4.0161829476473833722 3.9151783295511073391 3.9262985214494001696 3.0896807723173482785 3.0528364421854208288 3.0215899234075935809 3.0232726707583470471 3.5785788373585298849 3.6386495867016308559 3.1324564813661481821 3.0504160766719996545 3.089343733583600482 1.0790333424253348849 2.0835226135041251538 3.0858702679027008031 3.1105330647440729841 2.3771972689095663966 1.058643767884457132 1.0444819248621728391 nan nan nan nan nan nan nan nan nan nan nan nan nan nan nan nan nan nan nan nan nan nan nan nan nan nan nan nan nan nan nan nan
0.23603305497527307666 0.24013650379674311708 0.25329740756921931277 0.25560025560510807319 0.26807820408341048735 0.29823842322838323149 0.24912217331416580679 0.24551608514107930992 0.2284651731754935855 0.22470055359158228048 0.26513909212588276931 3.9327400935552478956 3.9407300278216537137 3.8499884749290012032 3.1452088308002745798 3.1300388655682205297 3.0991526045511768039 3.0957733123072359582 3.1410323827127624163 3.1718716914747955293 3.3085660908275551506 3.3446569270373167626 2.3452613934488688585 2.5135237205151099715 2.8945227615771043084 3.2597026847158820928 3.0440963048214624287 2.1721960360149319413 nan nan nan nan nan nan nan nan nan nan nan nan nan nan nan nan nan nan nan nan nan nan nan nan nan nan nan nan nan nan nan nan nan nan
0.20169320085665062847 0.21042087056506716958 0.27889470905352814478 0.28831506330135064919 0.31137481151876811314 0.25839579484541624899 0.24004829431822241603 0.23573268032279443007 4.3949379703081508097 4.0875892288623560944 4.0065292226993127755 4.0071784847080680336 3.9470677767612714071 3.2620594753219571693 3.1954440100862058216 3.2609043587697468247 3.2274082488505602129 3.2073456360895979955 3.2478081124614464059 3.3079010142828315644 3.4364262952337223389 3.607347698389717916 2.5369565399673779105 2.5366139974145585079 3.4618732007548720375 3.4633374634154230343 2.5705323823363421809 1.1197411773007388547 nan nan nan nan nan nan nan nan nan nan nan nan nan nan nan nan nan nan nan nan nan nan nan nan nan nan nan nan nan nan nan nan nan nan
0.20432938369780237475 0.26277778575506566261 0.28044741275727419483 0.32716739832085722783 0.27725588800949774182 0.25939433669877454136 0.25108349815414648942 0.23645153625584300339 4.1809292963401514243 4.133893033044644838 4.1161403356636698803 4.1693126280057812849 4.1042635673982186262 3.4726159138229983903 3.3134676350490659402 3.4093331001187232587 3.392126597819848044 3.4507541196955648921 3.4204302039209877329 3.4442067302548386998 3.5363654893754858932 3.6727964066994585046 2.5528537333496603701 2.5691534555544333074 3.2004836190920773475 3.2283001026843911596 3.1382566822594886169 1.1309851898535843162 nan nan nan nan nan nan nan nan nan nan nan nan nan nan nan nan nan nan nan nan nan nan nan nan nan nan nan nan nan nan nan nan nan nan
0.25662784503338287312 0.32165193559334870343 0.3049096101350465271 0.26357492120849707051 0.26580882241391856624 0.27791349853793867464 4.5456715654073809318 4.2704713623479513274 4.2150738373084797317 4.1821516781102383575 4.2133048546354681108 4.2971525834951522782 4.2769404714291034963 4.3067432699940226826 3.4445203062346529954 3.4205917024522376479 3.4189237150692588507 3.4624039650080042918 3.5449300794948461757 3.5526379543616743995 3.5915394080195657267 3.7312423476865519412 2.5865992168854488042 1.1289764228729219919 2.6462286791426956611 2.6535070305738774898 1.1543004120144522151 1.1369379337804053076 nan nan nan nan nan nan nan nan nan nan nan nan nan nan nan nan nan nan nan nan nan nan nan nan nan nan nan nan nan nan nan nan nan nan
0.27578234604744172875 0.26181317766591039042 0.25846023103074589056 0.23847648556707451428 0.26328956358312627373 4.693509487290475235 4.3036984276175243025 4.2359046112647815718 4.2732699731840533275 4.2947959493359464389 4.2491358511656720509 4.2565745018211265105 3.6191821120647866827 3.6756813694578713836 3.5001018039324720554 3.4950744562949940253 3.4714148315196799999 3.4549848867898056426 3.466048236424349227 3.6225019110431584402 3.7026219474232355822 3.7214183094379711392 3.2289501114114753655 1.1493665592467974257 1.1543547931145365926 1.2225229358242246658 1.1461895484840245452 nan nan nan nan nan nan nan nan nan nan nan nan nan nan nan nan nan nan nan nan nan nan nan nan nan nan nan nan nan nan nan nan nan nan nan
0.25843392170135798258 0.25116371096791945128 0.24665252579742621974 0.24672533242677574528 4.4733100771101419468 4.4526239794882513934 4.3565021943074802024 4.3810022228752254492 4.4113996301092344154 4.3360727804274397101 4.3422913430571306037 3.5844668634219227776 3.5890206125708012941 3.5457297397365952207 3.5454408577479812337 3.5415038789640265193 3.533831548499942965 3.5269935831867020859 3.5242470529647231814 3.6295118722236692221 3.7063779148270077357 3.8242263442052819578 3.318787729818272414 1.1659950994722236839 1.1689037204379981727 1.1686155649243032961 nan nan nan nan nan nan nan nan nan nan nan nan nan nan nan nan nan nan nan nan nan nan nan nan nan nan nan nan nan nan nan nan nan nan nan nan
0.27876785931539505015 0.22437450152618254595 4.6429954998402660493 4.4845319250509270148 4.4871835520018432675 4.4357982752313764863 4.4906455316524525045 4.4893633625595912306 4.398771641916656705 3.6878037176511639927 3.6459160669652108666 3.6493781809921088666 3.6275238503306939108 3.6191629876394615373 3.6031956570077170454 3.5895579658153144997 3.5988401983714082277 3.5912876236452442313 3.5972910107623397025 3.7316476741754742719 3.8309056793837097388 3.301394624804372846 1.2277918168688641831 1.1835840547606435447 0.25116253938272947721 nan nan nan nan nan nan nan nan nan nan nan nan nan nan nan nan nan nan nan nan nan nan nan nan nan nan nan nan nan nan nan nan nan nan nan nan nan
0.28982459575635194371 4.4439420393526516406 4.4434022600375184808 4.5096628771605500319 4.5382869636694085358 4.5454261364997545769 4.4356524814077316066 4.4516007229003644596 3.7541019827055217561 3.7331335643002270253 3.722492920077244527 3.7285638867153392262 3.7161616786788815858 3.6915690503504841047 3.6546417906191890346 3.6448196315035525927 3.6669168832769321043 3.6582026877240139129 3.6746355692965999573 3.736832010806930171 3.2741791046005235266 2.7610087591050747058 1.2431107438182289471 1.1898023073345549427 0 nan nan nan nan nan nan nan nan nan nan nan nan nan nan nan nan nan nan nan nan nan nan nan nan nan nan nan nan nan nan nan nan nan nan nan nan nan
0.30815282647924835402 4.6022112010904914214 4.4304165030493969368 4.4927671690488661937 4.5737826229594169547 4.4534197339820460471 3.7371195444282236942 3.7172367011329128239 3.7360460096939909214 3.779105313678385869 3.8829612217226747717 1.136771867862834906 3.7983634232055418778 3.7514833342493631996 3.7148709760885347819 3.7136381514818963545 3.7277681345140014635 2.6016486789095769616 2.6119477131069506193 3.2386314515196521491 3.3312373784912541197 1.231182810464570121 1.187564875452312263 1.2002652723410633939 0 nan nan nan nan nan nan nan nan nan nan nan nan nan nan nan nan nan nan nan nan nan nan nan nan nan nan nan nan nan nan nan nan nan nan nan nan nan
4.6514347566371441189 4.5120177033287500734 4.4635802019021388887 4.6175642146728783644 4.4843427715424031277 4.5118455825231746914 3.7386901777222423249 3.70687317723957932 3.8021411212725153561 3.9209924578776491622 3.9389581618139950514 1.1499066390878500687 3.8703747715527994089 3.8042605254177130902 3.7878646479081297116 3.8011458500357497847 2.6197363758720677573 2.6258595513086953055 2.6300776208546969848 2.6519381245438369277 2.7315441845667054466 1.1745141344681033768 1.1842607351744447453 0.26734643380046307914 0.27759903998201695963 nan nan nan nan nan nan nan nan nan nan nan nan nan nan nan nan nan nan nan nan nan nan nan nan nan nan nan nan nan nan nan nan nan nan nan nan nan
4.467492616064582478 4.454367557740494199 4.5203979935385607547 4.6202535923784733285 4.5192584546415623947 4.6088980877455663077 3.9482092066265850328 3.8082041211728876462 3.9469014756481000106 4.0420701708933313157 1.1958689815317111727 1.1592565880539853485 3.9292864377559211242 3.8699725519896293058 3.8480547033623784259 1.1443373930495024382 1.1494403060152049711 1.1508487431554286218 1.151805515705160321 1.1980077090017642316 2.742747048690652889 2.7923636549074450919 1.7442782936463823162 1.200472369293924535 0.27365528718152370979 nan nan nan nan nan nan nan nan nan nan nan nan nan nan nan nan nan nan nan nan nan nan nan nan nan nan nan nan nan nan nan nan nan nan nan nan nan
4.4540718260377190063 4.4672696442535428929 4.6230752589644952266 4.6180073148605469413 4.5711091624123110222 4.1049599621245205228 4.0230090181102955427 3.9153004858955422485 4.0576828484017006815 1.2054358366554716042 1.2081319337816456283 1.2016306416794046985 2.6712675844310052042 3.2993231654626198335 1.1501095148245137345 1.1521458622379407988 1.1897844649113387128 1.1913473221656118994 1.1592046971725740168 1.2028103537858076955 1.2177124291337211304 2.7846837643583355337 1.7620689036536285599 1.198330486947453366 0.26964657145536624627 nan nan nan nan nan nan nan nan nan nan nan nan nan nan nan nan nan nan nan nan nan nan nan nan nan nan nan nan nan nan nan nan nan nan nan nan nan
4.4526301943416557449 4.5025113239745246929 4.651186239858697391 4.5453784127234815315 4.6362586231793034841 4.0486916528955312344 3.8673836480311094554 4.0134563577415800495 3.4626814787455781897 1.2150781179437331048 1.2158387717880680956 1.2081524990610550407 1.2003676728629293358 1.1962636202949894493 1.1936310002461181234 1.1957303223040534057 1.1985150731651130762 1.1994181853677383653 1.2064292002910070867 1.2178146936066558403 1.2272872158265193399 1.2385212532846656686 1.7826952779725160347 1.1934203282195516849 0.26643761749738970046 nan nan nan nan nan nan nan nan nan nan nan nan nan nan nan nan nan nan nan nan nan nan nan nan nan nan nan nan nan nan nan nan nan nan nan nan nan
4.6097098327544090424 4.6565193479829316558 4.7052247317573652197 4.5890859217832948858 4.1158462616556050762 4.0486976372931060553 3.9376679375181020681 4.0897078657523469047 1.2212841060640049484 1.2276881141726261326 1.2267923256981412283 1.2198303132980397034 1.2110986211697103432 1.2063870717504636687 1.203618429280471247 1.2052175225436083661 1.2065658764446163254 1.2097044650577652991 1.2217512864146569118 1.1744297371300356225 1.2386958520195754385 1.2246034333793363036 1.2616597684484325281 1.1976346314385435399 nan nan nan nan nan nan nan nan nan nan nan nan nan nan nan nan nan nan nan nan nan nan nan nan nan nan nan nan nan nan nan nan nan nan nan nan nan nan
4.6173344997603731343 4.6881760602017399364 4.7257707145561136386 4.6556272463920640448 4.276376268246865564 4.1085162174594858087 4.0127100543910740882 4.2019509458364110444 3.5792864430047859337 1.1848644081663786132 1.1846465520288926854 1.22943003265841444 1.2209565974360763185 1.2161192064343835373 1.2132544468284500727 1.2125265898801993458 1.2139869647404522013 1.2194628703226064736 1.2318669738200931363 1.186303320897628133 1.194239831670406593 1.2008239599265211339 1.2107041054818621362 1.1979727207251835708 nan nan nan nan nan nan nan nan nan nan nan nan nan nan nan nan nan nan nan nan nan nan nan nan nan nan nan nan nan nan nan nan nan nan nan nan nan nan
4.6191836807009245547 4.6460006428079996255 4.5831166239866876211 4.2119165726938021521 4.3075140624178951398 4.1708574865262111331 4.0799408214573222864 1.218955188981518889 1.2407808015913388555 1.1942773529124615095 1.1908935777069293849 1.1845454395064112241 1.22820321236896568 1.2241822400239465995 1.2211945725758326375 1.2208095132212317679 1.2233459408850471117 1.2285616425640426552 1.2409593929209323804 1.2002917631656297992 1.198539946991769467 1.2088573719423501007 1.2060841513249305201 0.26353281276389894927 nan nan nan nan nan nan nan nan nan nan nan nan nan nan nan nan nan nan nan nan nan nan nan nan nan nan nan nan nan nan nan nan nan nan nan nan nan nan
4.6261052494207781649 4.543637008818145695 4.6385029118171274831 4.0787629770649536098 4.0772088141257798455 3.956817252037708954 4.1261667233501579943 3.5274895644786359306 1.2434147461343758589 1.198583094705491181 1.1991480999858019629 1.194106246009180694 1.2348354302165562846 1.2311221098023581444 1.2292609503783780145 1.2317364510204451555 1.2370150690166790142 1.2423593800007788346 1.2508781512820250637 1.2129620562017424668 1.2106335069333276078 0 nan nan nan nan nan nan nan nan nan nan nan nan nan nan nan nan nan nan nan nan nan nan nan nan nan nan nan nan nan nan nan nan nan nan nan nan nan nan nan nan
4.7282707328485615861 4.7422639356582543257 4.7265585391287716632 4.0237420831377770369 4.1135168218179352095 3.9805517625533526349 4.1481612490155663764 3.5239517335987922131 1.2458049345367856464 1.2057322572267081817 1.1994770814693545002 1.2043902750693822323 1.2444559877838188289 1.2408778505549877824 1.2426383949234309778 1.2497835923309774664 1.2582305805229974105 1.2041536695999801587 1.2082204858977616535 1.2221550671976735281 0.28114355909918270493 nan nan nan nan nan nan nan nan nan nan nan nan nan nan nan nan nan nan nan nan nan nan nan nan nan nan nan nan nan nan nan nan nan nan nan nan nan nan nan nan nan
4.6489087838632956462 4.6620820631275687873 4.804775982417931246 4.3393509148848607992 4.1424698609665844273 3.9986873382558578705 4.1551040084907349126 4.2889258374745491409 4.4059338954809827982 1.2617752880705208618 1.2061031306061962276 1.2140789487110748013 1.2117683711599736007 1.2101211394054616211 1.2613647396870852901 1.2135947868096603752 0 1.2048529141356321137 1.2155316832051890064 1.2125012019616687731 nan nan nan nan nan nan nan nan nan nan nan nan nan nan nan nan nan nan nan nan nan nan nan nan nan nan nan nan nan nan nan nan nan nan nan nan nan nan nan nan nan nan
4.7291424874220142627 4.7152782700795992099 4.1644912502316948633 4.1037805699002518622 3.9275336369442497286 4.0148052788449648531 4.1542595440397880324 4.2683626434427761609 4.3928902892724996931 1.2651705610646823974 1.2151832066171284197 1.2175081283518962572 1.2163632817650282814 1.2119921096701049557 1.2070735081177277337 nan nan nan 1.2070094051129571788 nan nan nan nan nan nan nan nan nan nan nan nan nan nan nan nan nan nan nan nan nan nan nan nan nan nan nan nan nan nan nan nan nan nan nan nan nan nan nan nan nan nan nan
4.8272593046179634868 4.8057048708316028041 4.191360855866055779 3.8983576086918283465 3.9585620739222178166 4.0357523239235097989 4.1603836289263238513 4.2979043629827957673 3.5937762430866251329 1.2684976832961205595 1.2241990917270930694 0 nan nan nan nan nan nan nan nan nan nan nan nan nan nan nan nan nan nan nan nan nan nan nan nan nan nan nan nan nan nan nan nan nan nan nan nan nan nan nan nan nan nan nan nan nan nan nan nan nan nan
4.7721109158406775919 4.8405781977360549106 4.2113912261751034194 4.150285913078016975 3.979432313756093631 4.0582490506735569014 4.1905135546450926753 4.3333724790683207928 1.2480040603952187173 1.2699862760152542673 1.2256283880344471804 nan nan nan nan nan nan nan nan nan nan nan nan nan nan nan nan nan nan nan nan nan nan nan nan nan nan nan nan nan nan nan nan nan nan nan nan nan nan nan nan nan nan nan nan nan nan nan nan nan nan nan
4.0351293762912554541 4.2199944958428945441 4.2369485987916313263 4.1777660995292267287 3.9940253819973641214 4.0780785815706233066 4.2143481435464487106 1.2265198023550190065 1.2496413538604986826 1.2689649247824894562 1.2263211035951400163 nan nan nan nan nan nan nan nan nan nan nan nan nan nan nan nan nan nan nan nan nan nan nan nan nan nan nan nan nan nan nan nan nan nan nan nan nan nan nan nan nan nan nan nan nan nan nan nan nan nan nan
4.0427827052717795198 4.1063753888785718971 4.1540396683816407375 3.9570188176724343521 4.0116448074244219768 4.0850879987580732688 4.2223606696347841805 4.3566685744395581281 3.6258202201156102262 2.6246327964927127496 1.2363687963402567593 nan nan nan nan nan nan nan nan nan nan nan nan nan nan nan nan nan nan nan nan nan nan nan nan nan nan nan nan nan nan nan nan nan nan nan nan nan nan nan nan nan nan nan nan nan nan nan nan nan nan nan
4.2077988126271099745 4.146515791739354917 3.9531062319484262524 3.9884923278415733705 4.0382051598618993182 4.1029114358533895768 4.2069223018414678705 4.3255652434548590435 4.447692218455272517 2.6161989303200758883 1.5447703716629008763 0 nan nan nan nan nan nan nan nan nan nan nan nan nan nan nan nan nan nan nan nan nan nan nan nan nan nan nan nan nan nan nan nan nan nan nan nan nan nan nan nan nan nan nan nan nan nan nan nan nan nan
4.1260737167072072396 3.9302079781635561595 4.0006734327473969515 4.0333039149794691625 4.0798017185357373648 4.164347473776880193 4.2305588807933016682 4.3071962986651213257 4.4237438283110970261 3.6911919716418162274 2.6681968226967560653 1.2492619479748900968 nan nan nan nan nan nan nan nan nan nan nan nan nan nan nan nan nan nan nan nan nan nan nan nan nan nan nan nan nan nan nan nan nan nan nan nan nan nan nan nan nan nan nan nan nan nan nan nan nan nan
4.1790170538706066239 3.9752467079254718563 4.0378469898943594174 4.0912435141002401195 4.1555652764771631169 4.2068055262363710511 4.2617219819237046607 4.3255065951554874104 4.4255501325415096403 3.6785163441773445214 2.6678574437038071743 0 nan nan nan nan nan nan nan nan nan nan nan nan nan nan nan nan nan nan nan nan nan nan nan nan nan nan nan nan nan nan nan nan nan nan nan nan nan nan nan nan nan nan nan nan nan nan nan nan nan nan
