results/rofental/evapotranspiration_2019-10-01T0000_2019-10-31T2300.asc
ncols        322
nrows        225
xllcorner    622802.488000000012
yllcorner    5178049.378999999724
cellsize     100.000000000000
[rows 56 to 83 of 225, columns 189 to 251 of 322]
nan nan nan nan nan nan nan nan nan nan nan nan nan nan nan nan nan nan nan nan nan nan nan nan nan nan nan nan nan nan nan nan nan nan nan nan nan nan nan nan nan nan nan nan nan nan nan nan nan nan nan nan nan nan nan nan nan nan nan nan nan nan nan
nan nan nan nan nan nan nan nan nan nan nan nan nan nan nan nan nan nan nan nan nan nan nan nan nan nan nan nan nan nan nan nan nan nan nan nan nan nan nan nan nan nan nan nan nan nan nan nan nan nan nan nan nan nan nan nan nan nan nan nan nan nan nan
nan nan nan nan nan nan nan nan nan nan nan nan nan nan nan nan nan nan nan nan nan nan nan nan nan nan nan nan nan nan nan nan nan nan nan nan nan nan nan nan nan nan nan nan nan nan nan nan nan nan nan nan nan nan nan nan nan nan nan nan nan nan nan
nan nan nan nan nan nan nan nan nan nan nan nan 0.012482319898106913891 nan nan nan nan nan nan nan nan nan nan nan nan nan nan nan nan nan nan nan nan nan nan nan nan nan nan nan nan nan nan nan nan nan nan nan nan nan nan nan nan nan nan nan nan nan nan nan nan nan nan
nan nan nan nan nan nan nan nan nan nan 0.028973110410601549125 0.037971914265493747487 0.068103111278858805 0.012162065863190614154 0.012007484656030888159 nan nan nan nan nan nan nan nan nan nan nan nan nan nan nan nan nan nan nan nan nan nan nan nan nan nan nan nan nan nan nan nan nan nan nan nan nan nan nan nan nan nan nan nan nan nan nan nan
nan nan nan nan nan nan nan nan 0.029021890787430185132 0.030847041390935400762 0.037878737384941726929 0.058522448431871945673 0.14363123954294465534 0.70781370418864619776 1.2575184398253234086 0.76124114837044332127 nan nan nan nan nan nan nan nan nan nan nan nan nan nan nan nan nan nan nan nan nan nan nan nan nan nan nan nan nan nan nan nan nan nan nan nan nan nan nan nan nan nan nan nan nan nan nan
nan nan nan nan nan nan 0.021053617298888230303 0.029175033415424073135 0.05752694700232881958 0.137441610962149241 0.20893833526463437278 0.63478116082433289069 0.73404647448522508668 0.88692278020117532034 1.8269109798514577836 1.9575191243585627898 1.9600751306873185342 0.95553916442385311569 nan nan nan nan nan nan nan nan nan nan nan nan nan nan nan nan nan nan nan nan nan nan nan nan nan nan nan nan nan nan nan nan nan nan nan nan nan nan nan nan nan nan nan nan nan
nan nan nan nan nan 0.019891906199835194397 0.026001776672058704576 0.037685066663871599757 0.11634772067615975488 0.16523007184768759292 0.27353866569237322848 0.83216719567946528802 1.3316622053972615447 1.4604779897623039187 1.9519863565521466953 1.9743024203061612099 1.9862594228565950694 1.9858319368273307237 1.9712902327414378867 0.011504828756762536246 nan nan nan nan nan nan nan nan nan nan nan nan nan nan nan nan nan nan nan nan nan nan nan nan nan nan nan nan nan nan nan nan nan nan nan nan nan nan nan nan nan nan nan
nan nan nan nan nan 0.019378526386917636903 0.02693792756932937224 0.040045066702060920505 0.012879753331061514002 0.14038920405410709735 0.2585700852952570461 0.87020281958212408746 1.0554128971439962204 1.6223460041125219444 1.8550661686041516329 1.9809135424756765254 1.9926698530616939742 1.9977440864943121213 1.9947692596351809247 1.9745067259325452813 1.724572189093757979 nan nan nan nan nan nan nan nan nan nan nan nan nan nan nan nan nan nan nan nan nan nan nan nan nan nan nan nan nan nan nan nan nan nan nan nan nan nan nan nan nan nan
0.046332908834319903868 0.029131791530457647188 nan nan 0.028726418336435334544 0.029988987718516095515 0.031349728382136607396 0.041603479954980857047 0.013053965129562423997 0.012815318778434012584 0.012717161399808505143 0.83780244267380754586 1.5489059440965593506 1.8124674381514147559 1.8905681931902296178 1.9702302909640139195 1.9817374378772669719 2.0007657576355888374 2.0049664240718056973 1.9983315102780789818 1.9680989988650865463 1.9092397797315376895 nan nan nan nan nan nan nan nan nan nan nan nan nan nan nan nan nan nan nan nan nan nan nan nan nan nan nan nan nan nan nan nan nan nan nan nan nan nan nan nan nan
0.13570415055978318764 0.053379832457861708939 0.032739410601133042689 0.031478726371062332179 0.05278967734479109164 0.099115739903006983003 0.12053109739792161603 0.013384335109766793553 0.013210303851606845435 0.012959560236596159508 0.097527866556044229274 0.95947766187419136763 1.6534506492447922366 1.9680391375966457268 1.9744970281334495166 1.9714888103026932953 1.9958168092957839779 2.0049497191266461016 2.0103109384841992835 2.0852679658676191998 1.9824479823727108041 1.9823019135211432662 1.9900635117188407719 nan nan nan nan nan nan nan nan nan nan nan nan nan nan nan nan nan nan nan nan nan nan nan nan nan nan nan nan nan nan nan nan nan nan nan nan nan nan nan nan
1.1861748800792113467 0.33163682687093976043 0.098677091911466105478 0.064923433015802015089 0.16340134803696329535 0.78837698553833879256 0.24453301206254526856 0.01328423684429616905 0.013356291762699807127 0.013076239500484294551 0.10089862467398071078 0.97043023388890636838 1.694380071669442378 1.9000237879495711635 1.9683680082879406736 1.9894094379952764751 2.0026014575210067115 2.0110788618421739926 2.0514204584913593443 2.1338027795446179447 2.0501681945608449809 2.0576220687914834606 2.004640936817527308 2.0106396946870548348 nan nan nan nan nan nan nan nan nan nan nan nan nan nan nan nan nan nan nan nan nan nan nan nan nan nan nan nan nan nan nan nan nan nan nan nan nan nan nan
2.5513684667483653712 1.9751824242447979518 0.85735310760530536456 0.14161897973896470093 0.71408735839123593792 1.7453284613655193347 1.6900487819335314743 0.25296997053192188387 0.15915717997500145042 0.013261741537249308043 0.013062647328782431982 0.91617222801311581915 1.711688502590819283 1.8429486957437204442 1.96814647746601179 1.9930713058158946449 2.0066370575785166253 2.0145570752153547645 2.1633520504836631915 3.2109074642004555855 3.2304881047528919424 4.2288459567192902 3.1959815242145959147 2.0594555337182258725 nan nan nan nan nan nan nan nan nan nan nan nan nan nan nan nan nan nan nan nan nan nan nan nan nan nan nan nan nan nan nan nan nan nan nan nan nan nan nan
1.9508581443500307984 1.9518877578006705864 1.7769190570601840484 1.7692029288077593119 1.8576796137143742893 1.9541405200801118536 1.9498509578979867918 1.932552665028042016 1.6480046844300342279 0.29148355475339909892 0.013155837482344908893 0.012881240736436741848 0.012307990666883820291 1.1895124981600251335 1.9690405939971120652 1.9968752606137436523 2.0121159882350072579 2.1556831942810470437 2.301238147771389464 3.3411594753764610743 4.3926802943681888536 4.4845948477530752641 4.4067831030036757056 3.303750670935613698 nan nan nan nan nan nan nan nan nan nan nan nan nan nan nan nan nan nan nan nan nan nan nan nan nan nan nan nan nan nan nan nan nan nan nan nan nan nan nan
1.9564387128868856447 2.9113715362169512169 2.9131582858668392255 2.9070603753455146467 2.914940093207808669 2.916194393537112628 1.9661789134363103493 2.188039972056397886 2.4165572604007179436 2.0238638447238646023 1.1796243088044684466 0.012877020995153282135 0.01274015111141716533 0.012352674805043888442 1.2116199919438028765 2.0003091845023903694 2.1592740429945078695 2.3184403788240648403 3.3572123418136232686 3.4616037564719355224 3.5375182364545825209 4.5430880452987265627 4.5453768850449334238 3.4403651889091233507 nan nan nan nan nan nan nan nan nan nan nan nan nan nan nan nan nan nan nan nan nan nan nan nan nan nan nan nan nan nan nan nan nan nan nan nan nan nan nan
2.9769514328319819363 3.0339153507340648197 4.0590269178547213613 3.7220431542515912682 3.0425789024476554978 3.0079856964779212447 2.9723018737397999267 2.9515135002505616946 2.9276773504614097554 2.9007422391542201368 2.1880519810287806237 1.8792430436232243629 1.891134466494139188 0.84263116451442066079 0.012062149886009164781 1.9890664233770891656 2.19599035310599211 3.3879174280845112399 4.4377024338425714589 4.5155649616667652424 4.5476486483217746226 4.5681525241272842308 4.7969993095681564554 4.5978381693124337204 2.6331034491155493882 nan nan nan nan nan nan nan nan nan nan nan nan nan nan nan nan nan nan nan nan nan nan nan nan nan nan nan nan nan nan nan nan nan nan nan nan nan nan
2.0037822632011486057 3.0990296032923221325 3.2645623447801410677 3.2368768758178969591 3.1797501450091849584 3.7363646340592553408 3.7063171667193368641 3.0671500531540498713 3.0287428798797786378 2.9895874406028482007 2.167679288888678002 1.9670288231364296827 2.9216185636217963939 1.9681625280786962939 1.8508321235980746966 1.9994173661468122027 2.3173265229917583419 4.4408930147981013903 4.5350455520575563284 4.5927486940753210476 4.9822261603497288718 4.8504293446345956298 5.0403112969006356181 5.9852675715191834271 4.6705124972041014431 2.7223198386483962175 nan nan nan nan nan nan nan nan nan nan nan nan nan nan nan nan nan nan nan nan nan nan nan nan nan nan nan nan nan nan nan nan nan nan nan nan nan
2.1606487995265899471 3.2585454678850602761 3.3588075981535800985 3.3295399789097954724 3.3141480819655089185 4.2529367131036517335 4.2764801465394715052 4.1974927312799108492 3.8025119672703335816 3.7296722136775244394 3.0506919093084321482 2.9916600703414397699 3.0152311551003747603 3.0095946375727513633 1.9983568384992400624 2.0078674932484315008 2.4149959973779115963 4.5389187767984129351 4.5817173669879700526 4.6916996426692554323 6.186278365120932321 6.1690464774288971128 5.4218817141838195894 5.8539931106061748878 5.7358077141513286179 4.6123290124365210474 nan nan nan nan nan nan nan nan nan nan nan nan nan nan nan nan nan nan nan nan nan nan nan nan nan nan nan nan nan nan nan nan nan nan nan nan nan
2.2134022416260230592 2.3883594974766051422 3.3979529527928180599 4.348142720269875916 4.3366099659933201593 4.3615024707221463629 4.405259856693218623 4.3988774978350111411 4.3641503193207915601 4.3392362814563654183 4.2271499214615220197 3.1562888117085168282 3.1375401446971227237 3.1728864256780311415 3.8370757680208198437 3.3210907327635985631 2.4833063331691835884 4.659313593485123306 4.8576521408421626802 5.1100707087552246222 5.2167481301080016465 6.0963003880245381083 6.0903433520921232969 5.5723576219344259641 5.3799308415277282691 5.2219629982498307896 2.791108080734929775 nan nan nan nan nan nan nan nan nan nan nan nan nan nan nan nan nan nan nan nan nan nan nan nan nan nan nan nan nan nan nan nan nan nan nan nan
2.2353780187131646606 2.3948862531827330713 3.9831434244044743309 4.4092232642011115473 4.0195961975230023455 4.4350645389403924312 4.4709083428935221249 4.525398514807975836 4.5434724668943351489 4.529555920086091092 4.4187519270628747847 3.2737517581294857116 3.2619300627985565733 4.3225793397019387498 4.389659632547124879 4.4771935603179349172 4.5779477133559396407 4.9611190214198961357 5.4895812908469112656 5.1915801306373543511 5.2605032951320218615 5.2537996053424818044 5.3001431765963005205 5.4831756820172241618 5.1480912607155335792 4.8530962090167264478 2.783833211015348752 nan nan nan nan nan nan nan nan nan nan nan nan nan nan nan nan nan nan nan nan nan nan nan nan nan nan nan nan nan nan nan nan nan nan nan nan
2.2473338737104389118 2.4477597044075776189 4.4401380744655076782 4.4637787620641731223 4.4786941628548726513 4.5183867779576472046 4.5551753023041117174 4.5877227300679841449 4.6749883065837982699 4.9677794981014811171 4.529509974295767627 3.4094643935910702304 2.34278537023748612 3.449931886207284748 4.504102550393915827 4.5646325133470124769 4.6845486628505605964 5.1203192934642025591 5.3666530758420858405 5.3894373946831697353 5.2505621736445773351 5.0189640193176252581 5.2503786737885080882 5.1152308897401868037 5.1172374368341664308 4.8068416597726049133 nan nan nan nan nan nan nan nan nan nan nan nan nan nan nan nan nan nan nan nan nan nan nan nan nan nan nan nan nan nan nan nan nan nan nan nan nan
2.3344976656814884208 3.1840981108799661925 4.4769070672428350477 4.5155216328323009023 4.518093304275062394 4.5739499081109205036 4.6743589515702552717 4.6829537475290559101 4.8852184348198433028 5.0653866931059683409 4.6004475524847165957 4.4407940172836264381 2.3863004711622863852 4.4531631151975625826 4.5866714392725640437 4.6820274649405835277 5.1201538154541053061 5.0511631397372358521 5.2535558661373435996 5.3089206242474933362 5.6013814728996118575 5.6847785566640975929 5.30205267943376235 5.0902559304173324861 5.1397595733336354229 4.86806075035780772 nan nan nan nan nan nan nan nan nan nan nan nan nan nan nan nan nan nan nan nan nan nan nan nan nan nan nan nan nan nan nan nan nan nan nan nan nan
2.0078677211051987328 2.4568586877009606084 4.4854987940220016895 4.5634322912238589609 4.5702539236930590505 4.60575768472645386 4.9053414886110013882 4.9157742680098728272 4.916773687826879069 5.0550032435716119039 5.0732915003531253717 4.5381297456416680447 2.4695584281826432616 2.5433807351427737409 4.1888468323564014284 4.6864185360723498164 5.1036937619819298106 5.4128769310838746875 5.6972040807180022171 5.7908161332836218804 5.8895941567698351093 5.8022788543476044865 5.8477337144427288251 5.4701661844574571703 6.1464954419460422486 5.0994521348811980843 nan nan nan nan nan nan nan nan nan nan nan nan nan nan nan nan nan nan nan nan nan nan nan nan nan nan nan nan nan nan nan nan nan nan nan nan nan
2.0603712104685305562 2.2792035589342023449 2.5874481397676136751 4.5666174244525645776 4.6618735305517224887 4.6801524421228277717 4.9195753795673740072 4.9582504475189335125 4.9890900844379730827 4.9211949638202696633 5.0655782303499465868 5.0843915222787430253 4.5133504642787141137 2.6046899370782505834 4.5801283502295557781 5.1034763198324517575 5.0319045557914687805 5.0241243656458145495 5.3611277593213202408 5.8119999292335151608 5.6802538625803604688 5.7134358821151201013 5.36261354290331127 6.1724001651489066589 6.1144248479649911943 nan nan nan nan nan nan nan nan nan nan nan nan nan nan nan nan nan nan nan nan nan nan nan nan nan nan nan nan nan nan nan nan nan nan nan nan nan nan
2.1996570916406108509 2.3843872740936071786 2.5044221446597227931 4.5461056981785112896 4.6146397821920608351 4.6795709348030563035 4.7047048356901930433 4.9328076935807034786 5.2352592825163570822 4.9905217028327975015 5.2950399241055938759 5.1958722212541799124 5.6265246292532014039 4.5725541477222844122 4.6692460699797742052 5.0836792587522339204 5.0646302319895788457 5.0627444259204361643 5.5531536512218373502 5.6428289432252949354 5.581570086524233254 5.9102026810961945102 6.0074210277950212955 5.9595501896757747673 5.8126498528176639979 nan nan nan nan nan nan nan nan nan nan nan nan nan nan nan nan nan nan nan nan nan nan nan nan nan nan nan nan nan nan nan nan nan nan nan nan nan nan
1.9916231079432307194 2.2452129439896943985 4.0272339341826386416 4.537282905355787932 4.6656802578348672839 4.923933725419563423 4.9229967328485271238 5.11818940823651225 5.2283771209345140107 5.1934708924259549434 5.4802212819687250445 5.6068006214975953938 5.6849839324687057029 5.2218924374609247963 5.0570561749223790216 5.0186412754152733839 4.9350228309235291135 5.1521248358217359709 5.1482779389164221584 5.5001924930860290885 5.5817353801260862767 6.0714717438187957299 6.4511931353140434808 6.3220772356636505407 6.2888223395059252852 nan nan nan nan nan nan nan nan nan nan nan nan nan nan nan nan nan nan nan nan nan nan nan nan nan nan nan nan nan nan nan nan nan nan nan nan nan nan
2.0449274399979082695 2.262684533503490858 4.4845704493221676401 4.869879692109523539 4.8951780864018550332 5.1578223154612476975 5.1417606239188797801 5.1207510101698332505 5.1398213497191544974 5.2579271042100899081 5.4176655467574139635 5.5292361682265100953 5.5753320053242338972 5.4686725850730404375 5.0932147232819229288 5.0128862730753773747 4.9627028944857665138 4.970185906183341551 5.1541596013417825262 5.8610049100527330523 6.1095161964914064257 6.2258588189665298174 6.4278876343829614015 6.4951038437131298764 6.2198147355253565749 6.1023145893303905041 nan nan nan nan nan nan nan nan nan nan nan nan nan nan nan nan nan nan nan nan nan nan nan nan nan nan nan nan nan nan nan nan nan nan nan nan nan
2.2267517818292903442 2.4650451296497748466 4.5086114339000502582 4.8593592897859112512 4.8665927253320822032 5.1293777764974537448 5.224150601107822034 5.2966012345947559581 5.4454806950447443015 5.436254346025437556 5.3172954271125174586 5.4194577525803477869 5.6157776755389043899 5.5352675128208286282 5.4373452974605847032 5.0892021112525354098 5.0640241514375459175 5.0989857436699725923 5.1039361650431231965 5.8303307118701512834 6.3208590788652587733 6.3757033986805247139 6.4579394529041707074 6.5200828013389866555 6.2828559353923774111 6.3809402963463197622 6.3220239748359006171 nan nan nan nan nan nan nan nan nan nan nan nan nan nan nan nan nan nan nan nan nan nan nan nan nan nan nan nan nan nan nan nan nan nan nan nan
