results/rofental/evapotranspiration_2020-09-01T0000_2020-09-30T2300.asc
ncols        322
nrows        225
xllcorner    622802.488000000012
yllcorner    5178049.378999999724
cellsize     100.000000000000
[rows 56 to 83 of 225, columns 189 to 251 of 322]
nan nan nan nan nan nan nan nan nan nan nan nan nan nan nan nan nan nan nan nan nan nan nan nan nan nan nan nan nan nan nan nan nan nan nan nan nan nan nan nan nan nan nan nan nan nan nan nan nan nan nan nan nan nan nan nan nan nan nan nan nan nan nan
nan nan nan nan nan nan nan nan nan nan nan nan nan nan nan nan nan nan nan nan nan nan nan nan nan nan nan nan nan nan nan nan nan nan nan nan nan nan nan nan nan nan nan nan nan nan nan nan nan nan nan nan nan nan nan nan nan nan nan nan nan nan nan
nan nan nan nan nan nan nan nan nan nan nan nan nan nan nan nan nan nan nan nan nan nan nan nan nan nan nan nan nan nan nan nan nan nan nan nan nan nan nan nan nan nan nan nan nan nan nan nan nan nan nan nan nan nan nan nan nan nan nan nan nan nan nan
nan nan nan nan nan nan nan nan nan nan nan nan 0 nan nan nan nan nan nan nan nan nan nan nan nan nan nan nan nan nan nan nan nan nan nan nan nan nan nan nan nan nan nan nan nan nan nan nan nan nan nan nan nan nan nan nan nan nan nan nan nan nan nan
nan nan nan nan nan nan nan nan nan nan 0 0 0 0 0 nan nan nan nan nan nan nan nan nan nan nan nan nan nan nan nan nan nan nan nan nan nan nan nan nan nan nan nan nan nan nan nan nan nan nan nan nan nan nan nan nan nan nan nan nan nan nan nan
nan nan nan nan nan nan nan nan 0 0 0 0 0 0 0 0 nan nan nan nan nan nan nan nan nan nan nan nan nan nan nan nan nan nan nan nan nan nan nan nan nan nan nan nan nan nan nan nan nan nan nan nan nan nan nan nan nan nan nan nan nan nan nan
nan nan nan nan nan nan 0 0 0 0 0 0 0 0 0 0 0 0 nan nan nan nan nan nan nan nan nan nan nan nan nan nan nan nan nan nan nan nan nan nan nan nan nan nan nan nan nan nan nan nan nan nan nan nan nan nan nan nan nan nan nan nan nan
nan nan nan nan nan 0 0 0 0 0 0 0 0 0 0 0 0 0 0 0 nan nan nan nan nan nan nan nan nan nan nan nan nan nan nan nan nan nan nan nan nan nan nan nan nan nan nan nan nan nan nan nan nan nan nan nan nan nan nan nan nan nan nan
nan nan nan nan nan 0 0 0 0 0 0 0 0 0 0 0 0 0 0 0 0 nan nan nan nan nan nan nan nan nan nan nan nan nan nan nan nan nan nan nan nan nan nan nan nan nan nan nan nan nan nan nan nan nan nan nan nan nan nan nan nan nan nan
0 0 nan nan 0 0 0 0 0 0 0 0 0 0 0 0 0 0 0 0 0 0 nan nan nan nan nan nan nan nan nan nan nan nan nan nan nan nan nan nan nan nan nan nan nan nan nan nan nan nan nan nan nan nan nan nan nan nan nan nan nan nan nan
0 0 0 0 0 0 0 0 0 0 0 0 0 0 0 0 0 0 0 0 0 0 0 nan nan nan nan nan nan nan nan nan nan nan nan nan nan nan nan nan nan nan nan nan nan nan nan nan nan nan nan nan nan nan nan nan nan nan nan nan nan nan nan
0 0 0 0 0 0 0 0 0 0 0 0 0 0 0 0 0 0 0 0 0 0 0 0 nan nan nan nan nan nan nan nan nan nan nan nan nan nan nan nan nan nan nan nan nan nan nan nan nan nan nan nan nan nan nan nan nan nan nan nan nan nan nan
0 0 0 0 0 0 0 0 0 0 0 0 0 0 0 0 0 0 0 0.59522325730793024245 0.87415038751317675203 0.87333888393759340207 0 0 nan nan nan nan nan nan nan nan nan nan nan nan nan nan nan nan nan nan nan nan nan nan nan nan nan nan nan nan nan nan nan nan nan nan nan nan nan nan nan
0 0 0 0 0 0 0 0 0 0 0 0 0 0 0 0 0 0 0 0.87613932148039097569 0.93500000000000016431 0.93500000000000005329 0.93500000000000005329 0 nan nan nan nan nan nan nan nan nan nan nan nan nan nan nan nan nan nan nan nan nan nan nan nan nan nan nan nan nan nan nan nan nan nan nan nan nan nan nan
0 0 0.87553628804422967136 0 0.45220711950361719422 0 0 0 0 0 0 0 0 0 0 0 0 0.87564423802122126617 0.87655579561783769638 0.93500000000000016431 0.93500000000000005329 0.93499999999999994227 0.93500000000000005329 0 nan nan nan nan nan nan nan nan nan nan nan nan nan nan nan nan nan nan nan nan nan nan nan nan nan nan nan nan nan nan nan nan nan nan nan nan nan nan nan
0.87933053979836417469 0.87868935780095624999 0.87868944987129349311 0.87848100098616499487 0.87779793236696523895 0.87711847025857925253 0.87618437012707361955 0 0 0 0 0 0 0 0 0 0.87448776130823735464 0.93500000000000005329 0.93499999999999994227 0.93499999999999994227 0.93500000000000005329 0.93500000000000005329 0.93500000000000005329 0.93500000000000016431 0.93500000000000005329 nan nan nan nan nan nan nan nan nan nan nan nan nan nan nan nan nan nan nan nan nan nan nan nan nan nan nan nan nan nan nan nan nan nan nan nan nan nan
0.88061729072686445452 0.88075832975108792056 0.93500000000000027534 0.88080601270880265474 0.88012527671512796879 0.87944697159114326723 0.87856684693529063512 0.87746940081099444875 0.87619040343469856147 0.87474763589955584209 0 0 0 0 0 0 0.87463695981500955146 0.93500000000000027534 0.93500000000000005329 0.93500000000000005329 0.93499999999999994227 0.93499999999999994227 0.93500000000000005329 0.93500000000000016431 0.93500000000000016431 0.93500000000000005329 nan nan nan nan nan nan nan nan nan nan nan nan nan nan nan nan nan nan nan nan nan nan nan nan nan nan nan nan nan nan nan nan nan nan nan nan nan
0.88210808888177505427 0.93500000000000005329 0.93500000000000005329 0.93500000000000005329 0.93500000000000005329 0.93499999999999994227 0.93500000000000016431 0.8796328622788240903 0.87852570559876397294 0.87718511704913904037 0.87554039861066834671 0 0 0 0 0 0.87554812025046246937 0.93500000000000005329 0.93500000000000005329 0.93500000000000005329 0.93500000000000016431 0.93499999999999994227 0.93500000000000027534 0.93500000000000027534 0.93500000000000005329 0.93500000000000027534 nan nan nan nan nan nan nan nan nan nan nan nan nan nan nan nan nan nan nan nan nan nan nan nan nan nan nan nan nan nan nan nan nan nan nan nan nan
0.88301653750021213973 0.93500000000000016431 0.93500000000000016431 0.93500000000000016431 0.93500000000000005329 0.93500000000000027534 0.93499999999999994227 0.93500000000000005329 0.93500000000000005329 0.93500000000000005329 0.87792918632620275954 0.87675461511695340633 0.39408642672926486039 0.87570382565796434093 0.87547694890775229482 0.87589132476131470462 0.93500000000000005329 0.93500000000000005329 0.93499999999999994227 0.93500000000000005329 0.93500000000000005329 0.89691809405739197913 0.93500000000000005329 0.93499999999999994227 0.93499999999999994227 0.93500000000000005329 0.93500000000000005329 nan nan nan nan nan nan nan nan nan nan nan nan nan nan nan nan nan nan nan nan nan nan nan nan nan nan nan nan nan nan nan nan nan nan nan nan
0.93499999999999994227 0.93500000000000005329 0.93500000000000005329 0.93499999999999994227 0.93500000000000016431 0.93500000000000005329 0.93500000000000027534 0.93500000000000016431 0.93499999999999994227 0.93499999999999994227 0.93500000000000016431 0.87814126857209473531 0.87755410207132655831 0.93499999999999994227 0.93499999999999994227 0.93500000000000005329 0.93500000000000016431 0.93500000000000016431 0.93499999999999983125 0.93500000000000005329 0.93500000000000005329 0.93500000000000005329 0.93500000000000005329 0.93500000000000005329 0.93500000000000016431 0.93500000000000005329 0.93500000000000005329 nan nan nan nan nan nan nan nan nan nan nan nan nan nan nan nan nan nan nan nan nan nan nan nan nan nan nan nan nan nan nan nan nan nan nan nan
0.93500000000000005329 0.93500000000000016431 0.93500000000000005329 0.93500000000000005329 0.93500000000000016431 0.93499999999999994227 0.93500000000000016431 0.93500000000000005329 0.93500000000000016431 0.93500000000000005329 0.93500000000000005329 0.93500000000000005329 0.78282558615387398682 0.93499999999999994227 0.93500000000000016431 0.93500000000000005329 0.93500000000000027534 0.93500000000000016431 0.93499999999999994227 0.93500000000000005329 0.93499999999999994227 0.93500000000000016431 0.93500000000000005329 0.93500000000000005329 0.93500000000000016431 0.93500000000000005329 nan nan nan nan nan nan nan nan nan nan nan nan nan nan nan nan nan nan nan nan nan nan nan nan nan nan nan nan nan nan nan nan nan nan nan nan nan
0.93500000000000005329 0.93499999999999983125 0.93500000000000005329 0.93500000000000005329 0.93500000000000005329 0.93499999999999994227 0.93500000000000005329 0.93500000000000005329 0.93499999999999994227 0.93499999999999994227 0.93500000000000016431 0.93500000000000005329 0.77116457964216211796 0.93500000000000005329 0.93500000000000027534 0.93500000000000005329 0.93500000000000005329 0.93499999999999994227 0.93500000000000005329 0.93499999999999994227 0.90085337994109737636 0.92811242759649248413 0.93500000000000005329 0.93500000000000016431 0.93500000000000005329 0.93500000000000016431 nan nan nan nan nan nan nan nan nan nan nan nan nan nan nan nan nan nan nan nan nan nan nan nan nan nan nan nan nan nan nan nan nan nan nan nan nan
0.88285530939527223637 0.93500000000000016431 0.93500000000000005329 0.93499999999999994227 0.93500000000000005329 0.93500000000000005329 0.93500000000000005329 0.93500000000000005329 0.93500000000000016431 0.93499999999999994227 0.93500000000000005329 0.93500000000000005329 0.93499999999999983125 0.93500000000000005329 0.93500000000000005329 0.93499999999999994227 0.93499999999999983125 0.93500000000000005329 0.89912938588265711726 0.87134356266521761913 0.85496067134444997393 0.85276528029811260456 0.89861240540473319438 0.93500000000000005329 0.93500000000000005329 0.93500000000000005329 nan nan nan nan nan nan nan nan nan nan nan nan nan nan nan nan nan nan nan nan nan nan nan nan nan nan nan nan nan nan nan nan nan nan nan nan nan
0.88317338882554852209 0.93500000000000005329 0.93500000000000005329 0.93500000000000005329 0.93500000000000005329 0.93500000000000005329 0.93500000000000005329 0.93500000000000027534 0.93499999999999994227 0.93500000000000005329 0.93500000000000005329 0.93500000000000005329 0.93500000000000005329 0.93500000000000005329 0.93500000000000005329 0.93499999999999994227 0.93499999999999983125 0.93499999999999983125 0.87014116699120769294 0.85523976361862485973 0.85454502143615418408 0.85240129065617986637 0.93500000000000005329 0.93500000000000005329 0.93500000000000005329 nan nan nan nan nan nan nan nan nan nan nan nan nan nan nan nan nan nan nan nan nan nan nan nan nan nan nan nan nan nan nan nan nan nan nan nan nan nan
0.8831061061528000522 0.93500000000000005329 0.93500000000000005329 0.93500000000000005329 0.93500000000000005329 0.93500000000000016431 0.93500000000000005329 0.93500000000000005329 0.93500000000000005329 0.93499999999999994227 0.93500000000000005329 0.93499999999999983125 0.93500000000000005329 0.93500000000000016431 0.93500000000000016431 0.93499999999999994227 0.93499999999999994227 0.93499999999999994227 0.85308334486026060617 0.8550525725546852529 0.85462077074329623194 0.87682325946328365518 0.86809457465793415931 0.93500000000000005329 0.93500000000000005329 nan nan nan nan nan nan nan nan nan nan nan nan nan nan nan nan nan nan nan nan nan nan nan nan nan nan nan nan nan nan nan nan nan nan nan nan nan nan
0.88320016614350083106 0.93499999999999994227 0.93500000000000005329 0.93500000000000005329 0.93500000000000016431 0.93500000000000016431 0.93499999999999994227 0.93499999999999994227 0.93500000000000005329 0.93499999999999994227 0.93500000000000005329 0.93500000000000016431 0.93500000000000027534 0.93499999999999983125 0.93499999999999994227 0.93500000000000016431 0.93500000000000005329 0.91697730224705642499 0.85328836937518492967 0.85486440549439801639 0.85492400725201955769 0.85370146739883512321 0.85027000287690324143 0.87386936635652501248 0.93500000000000005329 nan nan nan nan nan nan nan nan nan nan nan nan nan nan nan nan nan nan nan nan nan nan nan nan nan nan nan nan nan nan nan nan nan nan nan nan nan nan
0.88402808974282487409 0.93500000000000005329 0.93500000000000005329 0.93500000000000005329 0.93500000000000005329 0.93499999999999994227 0.93499999999999994227 0.93499999999999983125 0.93500000000000016431 0.93500000000000005329 0.93500000000000005329 0.93500000000000005329 0.93499999999999994227 0.93499999999999994227 0.93500000000000005329 0.93500000000000016431 0.93499999999999994227 0.93500000000000005329 0.85347072035416071678 0.85465931696141228535 0.85495950567512057905 0.85359502065577719243 0.85071609843374795812 0.84841703288512171355 0.93500000000000016431 0.93500000000000005329 nan nan nan nan nan nan nan nan nan nan nan nan nan nan nan nan nan nan nan nan nan nan nan nan nan nan nan nan nan nan nan nan nan nan nan nan nan
0.93500000000000005329 0.93500000000000016431 0.93500000000000005329 0.93500000000000005329 0.93500000000000005329 0.93500000000000005329 0.93500000000000005329 0.93499999999999994227 0.93500000000000016431 0.93500000000000005329 0.93500000000000005329 0.93499999999999994227 0.93500000000000016431 0.93500000000000005329 0.93500000000000016431 0.93500000000000005329 0.93499999999999994227 0.93500000000000005329 0.85329195120293888088 0.8544075908870545355 0.85511513011332140888 0.85431279891842548668 0.85174803786724273547 0.84886885495261443779 0.856866823290666213 0.84829123944515538724 0.85584006932193523731 nan nan nan nan nan nan nan nan nan nan nan nan nan nan nan nan nan nan nan nan nan nan nan nan nan nan nan nan nan nan nan nan nan nan nan nan
