results/rofental/evapotranspiration_2020-09-01T0000_2020-09-30T2300.asc
ncols        322
nrows        225
xllcorner    622802.488000000012
yllcorner    5178049.378999999724
cellsize     100.000000000000
[rows 56 to 83 of 225, columns 126 to 188 of 322]
nan nan nan nan nan nan nan nan nan nan nan nan nan nan nan nan nan nan nan nan nan nan nan nan nan nan nan nan nan nan nan nan nan nan nan nan nan nan nan nan nan nan nan nan nan nan nan nan nan nan nan nan nan nan nan nan nan nan nan nan nan nan nan
nan nan nan nan nan nan nan nan nan nan nan nan nan nan nan nan nan nan nan nan nan nan nan nan nan nan nan nan nan nan nan nan nan nan nan nan nan nan nan nan nan nan nan nan nan nan nan nan nan nan nan nan nan nan nan nan nan nan nan nan nan nan nan
nan nan nan nan nan nan nan nan nan nan nan nan nan nan nan nan nan nan nan nan nan nan nan nan nan nan nan nan nan nan nan nan nan nan nan nan nan nan nan nan nan nan nan nan nan nan nan nan nan nan nan nan nan nan nan nan nan nan nan nan nan nan nan
nan nan nan nan nan nan nan nan nan nan nan nan nan nan nan nan nan nan nan nan nan nan nan nan nan nan nan nan nan nan nan nan nan nan nan nan nan nan nan nan nan 0.0 0 0 nan nan nan nan nan nan nan nan nan nan nan nan nan nan nan nan nan nan nan
nan nan nan nan nan nan nan nan nan nan nan nan nan nan nan nan nan nan nan nan nan nan nan nan nan nan nan nan nan nan nan nan nan nan nan nan nan nan nan 0 0 0 0 0 0 0 nan nan nan nan nan nan nan nan nan nan nan nan nan nan nan nan nan
nan nan nan nan nan nan nan nan nan nan nan nan nan nan nan nan nan nan nan nan nan nan nan nan nan nan nan nan nan nan nan nan nan nan nan 0 0 0 0 0 0 0 0 0 0 0 0 0 nan nan nan nan nan nan nan nan nan nan nan nan nan nan nan
nan nan nan nan nan nan nan nan nan nan nan nan nan nan nan nan nan nan nan nan nan nan nan nan nan nan nan nan nan nan nan nan nan nan 0.64204022220976775248 0.88849933839917716316 0.88762177672972342179 0.88728903018623772603 0.88695523619455141073 0 0 0 0 0 0 0 0 0 nan nan nan nan nan nan nan nan nan nan nan nan nan nan nan
nan nan nan nan nan nan nan nan nan nan nan nan nan nan nan nan nan nan nan nan nan nan nan 0 0 0 nan nan nan nan nan nan 0 0.88988600605981571512 0.88991848825053698757 0.88970116578752445058 0.88926427953017384009 0.88878004122120568553 0.88821317327103344041 0.6257721995632906653 0 0 0 0 0 0.70039988553901610935 0 0 0 0 nan nan nan nan nan nan nan nan nan nan nan nan nan
nan nan nan nan nan nan nan nan nan nan nan nan nan nan nan nan nan nan nan nan nan 0 0 0 0 0 0 0 0 0 0 0 0 0.89020219334806094391 0.89062649535062465844 0.89050691634952117148 0.89016303634796545285 0.88964937536107324689 0.88909849654879002934 0.88841259974706887625 0.61468103196870316207 0 0 0.5335701995970579814 0.54134904270883432709 0.6908937711901558254 0 0 0 0 0 0 0 0 0 0 nan nan nan nan nan nan nan
nan nan nan nan nan nan nan nan nan nan nan nan nan nan nan nan nan nan nan 0 0 0 0 0.73180115470294548885 0.71705128987573740762 0.89302199806322424269 0.70793098220759120842 0.712576078753466291 0.72575590066366546527 0 0 0.88962364174977670572 0.89044856157830365451 0.8912193041030090912 0.89133523643309864326 0.89114389835403884366 0.89079576289085726781 0.89038117681648243362 0.88991745675541311655 0.88926413155041728054 0.88851116644451488824 0.88782434474899818433 0.88697479608223828151 0.88595200678315522147 0.88443860733688428599 0 0 0 0 0 0 0 0 0 0 0 0 0 0 0 0 0 0
nan nan nan nan nan nan nan nan nan nan nan nan nan nan nan nan nan nan 0 0 0.7426498847155420524 0.73491523729668328802 0.89391619799625765541 0.89403844241864038889 0.89401915079265847908 0.89380328238287953813 0.89341252823447292464 0.89284411177039391116 0.89182345726363843053 0.7056178585622205901 0 0.89102088532128875809 0.89167644448785865485 0.89201717880028630336 0.89195161350416718449 0.89171651036724897121 0.89137077587796953448 0.89101126652004802864 0.8905776009710334451 0.89011536154883363903 0.88933960897769503973 0.88839251137190322627 0.88749453656324628348 0.88635095616692005649 0.88439960848444787445 0 0 0 0 0 0 0 0 0 0 0 0 0 0 0 0 0 0
nan nan nan nan nan nan nan nan nan nan nan nan nan nan nan nan nan 0 0 0.736596138307003101 0.89509284442514946978 0.89487532602181352193 0.89490140677053942042 0.89486164122313116565 0.89470371836783368913 0.89442192021941524516 0.89403274090911688532 0.89356785346713019091 0.89303505922152170982 0.89228545808527881533 0.89206103635048217271 0.89247339105328926667 0.89273278594070748504 0.89272775228092493549 0.8925063626437027553 0.89221673420690250644 0.89183513438592709743 0.89150492834827621547 0.89110405510299262044 0.89058019048466963152 0.88992674890735745663 0.88906838831464463091 0.88807722938031341542 0.88672655829724233989 0.88481780976527657501 0 0 0 0 0 0 0 0 0 0 0 0 0 0 0 0 0 0
nan nan nan nan nan nan nan nan nan nan nan nan nan nan nan nan 0 0 0 0.73425369802548523523 0.89554166437995097461 0.89556124865037167737 0.89553050489566565773 0.89545810138029291458 0.89527235920175429751 0.89499208483623504673 0.89464994639831008083 0.89428247395237558948 0.89398046401595487875 0.89369957633506735828 0.89359278331854119504 0.89370906194551269497 0.89361223947222934161 0.89337454664980087138 0.89306308695369029937 0.89276029202019746567 0.89240647030150976882 0.89204686236910990527 0.89164569895435608071 0.89113922816612434197 0.89041182669826546281 0.8896819145633684256 0.88874276810973462659 0.88709897505196888545 0 0 0.52436604828900723607 0 0 0 0 0 0 0 0 0 0 0 0.50515132570703957793 0 0 0 0
nan nan nan nan nan nan nan nan nan nan nan nan nan nan nan nan 0 0 0.76210356229130515882 0.89543468780013157904 0.89578073990712148156 0.89596972576643585384 0.89596820745488603421 0.89589757570565597966 0.89574362942286178679 0.89547030690985374157 0.89516191940490874579 0.89495901589439452728 0.89477674753671476715 0.8946552807055360157 0.89464160128478120715 0.89457847502163501119 0.8943164989351721772 0.89403838791176926115 0.89380080385364957252 0.89352181337270986106 0.89315671507461313894 0.89259257453691576156 0.89211416442044377817 0.89168624338842628063 0.89099423317831560887 0.89033645567712360602 0.88946436144932761181 0.88776221658898823996 0 0.88579614320750654777 0.8855076083283243138 0 0 0 0 0 0 0 0 0 0 0.50901599752527137976 0.87857577917713114424 0.87889933843717138462 0.87863037654494080542 0.87792088444886873244 0.47509112219093424523
nan nan nan nan nan nan nan nan nan nan nan nan nan 0 0 0 0 0 0.77063124275679728559 0.89530200863253983634 0.89594241612597425028 0.8962481273943906368 0.89631893468707979356 0.89629222635083494186 0.89616752375961639121 0.8959402566274778934 0.89567907776454003255 0.89550790343287256512 0.89539308176228127323 0.89531731317007867688 0.89528108240720905009 0.89518227278980677664 0.89497018587649779242 0.89479847459371042451 0.89462336163757605334 0.89432749120580401492 0.89385964646480375873 0.89316397612929854244 0.89259291967125375944 0.89213544781697939889 0.89160658325198316465 0.89093917985360437939 0.89003108692138366287 0.88869011368974593079 0.8875279263316395717 0.88694945270197322884 0.88658020187015029734 0.49101587461579487837 0 0 0 0 0 0 0 0 0 0.49837491639393904919 0.87926833352014333034 0.87972584209929383103 0.8798537506753815185 0.87944998896151227452 0.87844701042589667939
nan nan nan nan nan nan nan nan nan nan nan nan nan 0 0 0 0 0 0 0.8952697285493450563 0.89601703914706920528 0.89647767618578466653 0.89665100354627813584 0.89663972408573267003 0.89652953510996635789 0.89635210180547897352 0.89616686949764567949 0.89603609663718275513 0.89593088579353075129 0.89590102767401658124 0.89588769659911871024 0.89572548363012516326 0.89549449099335687308 0.89533662772839828214 0.89510671882517056641 0.89476862027937398292 0.89433352130962839865 0.89373494009185627807 0.89319577755495283 0.89263289822703728582 0.8921477542028176666 0.89153014624293991375 0.89064761888522325783 0.88942566515693599616 0.88863989602096404852 0.88778421564539466981 0.88711400449326927031 0.88636640251096510124 0.48353073189910000806 0 0 0 0 0 0 0 0 0 0.87951744038060875042 0.88010762205851666984 0.88051610873950614256 0.88055404247490076663 0.88017926876413732362
nan nan nan nan nan nan nan nan nan nan nan nan 0 0 0 0 0 0 0 0 0.89620412171265217971 0.8965928604475954522 0.89691025004102664653 0.89694468182672204559 0.89687817847586825959 0.8967712674416569163 0.89668527063453429271 0.89665134578652827546 0.8965614198786828748 0.8965070912035665307 0.89646999514030267786 0.89624540787301598677 0.89598269631272209335 0.89585116950686149995 0.89558057994620710041 0.8951704692259090379 0.8948252835806320693 0.8943579642988426226 0.8938840977376224517 0.89332021321134125191 0.89278965355994410746 0.89221496394174337752 0.89146309557051606198 0.89034037603981375231 0.8892257728584695986 0.88825938707480123213 0.88756581177277982242 0.88670890433182991686 0.88601832592106299913 0.88486375086151924929 0.71002399188924414375 0 0 0 0 0 0 0 0.87937084728497794117 0.88024817092641383098 0.88084161498135071788 0.88120146858311987348 0.88121381237284746035
nan nan nan nan nan nan nan nan nan nan nan 0 0 0 0 0 0 0 0 0.74393249415171358585 0.89616172656925163764 0.89665810180767890891 0.89709311243962219784 0.89719996034820503894 0.89720427579314088185 0.89721707374410164526 0.89724650959304319553 0.89724740219174736744 0.89715264023110108393 0.89708939781910657096 0.89702937848908492757 0.89679527388099733454 0.89655016824058708647 0.89636305480420608305 0.89602263773982127049 0.89561350838175246558 0.89531984375553652633 0.89502324195190552381 0.89457399549679206263 0.89404365723739864791 0.89339533169017670833 0.89279828338120492681 0.89195075444079774396 0.89086268667818879763 0.88977545170287331011 0.88876578109269632755 0.88816723657263096925 0.88712977228754064107 0.88615224714552387475 0.88457792951724645292 0 0 0 0 0 0 0 0 0 0.87993502470781503888 0.88093948254916032425 0.88155145214278063381 0.88204541371503153435
nan nan nan nan nan nan nan nan nan nan 0 0 0 0 0 0 0 0 0 0 0.89568442882252252701 0.89633234827324870242 0.89702703174509201833 0.89744928242589838696 0.8975293345061039485 0.89762172808047369088 0.89768244177882194901 0.89767286438666926696 0.89765469066380920715 0.89768011119323998237 0.89771914122710461115 0.8974825196218931822 0.89708947869195310165 0.89679115076227344794 0.89641753270821611377 0.89602130707712113189 0.89569825161373028966 0.93500000000000005329 0.93500000000000005329 0.93499999999999994227 0.89406094997981155892 0.8934249524282431576 0.89247342486798442174 0.89139810215395154369 0.89023539095746162531 0.88927771596987148506 0.88871486150698264517 0.88768534939513810134 0.88627970363518326913 0.88426991470308347054 0 0 0 0 0 0 0 0 0 0 0.88069441456589792061 0.88174497254985062522 0.88250904515107742032
nan nan nan nan nan nan nan nan nan 0 0 0 0 0 0 0 0 0 0 0 0 0.89656475189704831763 0.89701389341022330637 0.89766788226834226538 0.89796032713824458504 0.89811143188547692962 0.89818763348718311246 0.89817689450402582452 0.8981412029736001168 0.89817408350722338639 0.93500000000000005329 0.93500000000000016431 0.93500000000000016431 0.93500000000000005329 0.93500000000000005329 0.93499999999999994227 0.93500000000000005329 0.93500000000000016431 0.93500000000000005329 0.93499999999999994227 0.93500000000000005329 0.93499999999999994227 0.89304429844421284734 0.8918990992760251757 0.89067283646595762914 0.88986440028463886787 0.8892447136439884936 0.88815804080412230626 0.88654555204609553076 0 0 0 0 0 0 0 0 0 0 0 0.88022762729621606415 0.88153497546767467519 0.88254352923203982506
nan nan nan nan nan nan nan nan 0 0 0 0 0 0 0 0 0 0 0 0 0.71495658102510362131 0.89716503311332518322 0.89735271898399204815 0.8978467697860800234 0.89844193858401866226 0.89855244154227054132 0.8985976256542556051 0.8986364171545102586 0.89871241552109748518 0.93500000000000005329 0.93500000000000005329 0.93500000000000005329 0.93500000000000005329 0.93500000000000005329 0.93499999999999994227 0.93500000000000005329 0.93500000000000016431 0.93500000000000005329 0.93500000000000005329 0.93499999999999994227 0.93499999999999994227 0.93500000000000005329 0.89332612970774505357 0.89222441549559727836 0.89123269507710567439 0.89045778674912612338 0.88967926444029277189 0.88874648532476374641 0.88721497651687197816 0.8853583746813810107 0.88418504102976591685 0 0 0 0 0 0 0 0 0 0.87950845549267120393 0.88073122319492092025 0.88208501621769541678
nan nan nan nan nan nan nan nan 0 0 0 0 0.77555298391732030439 0 0.76629358160089355856 0.75143564221259617764 0.73808982501318165514 0.72689860333661537872 0.71934086056616464155 0.71066947767460941776 0.89751237257933758062 0.89748193413873422752 0.89779858863681116787 0.89836749783373437417 0.898796945825808824 0.89892109905205042075 0.89890668588085831381 0.89894611244376032566 0.89909634646321123785 0.93500000000000005329 0.93499999999999994227 0.93500000000000005329 0.93500000000000005329 0.93500000000000016431 0.93500000000000005329 0.93500000000000005329 0.93500000000000005329 0.93500000000000005329 0.93500000000000005329 0.93500000000000027534 0.93500000000000005329 0.93500000000000005329 0.8935271319711268756 0.89258272066859212224 0.89170702171474047759 0.89087077840568063003 0.89013638282914264721 0.88914745057618083113 0.88762914426900307863 0.88616112433543903215 0 0 0 0 0 0 0 0 0 0 0 0 0.88131462687987349724
nan nan nan nan nan nan nan nan 0 0 0 0.75879957291931243724 0.75030133281250377397 0.89935563863707168597 0.89920836385924274303 0.89899911401621057649 0.8989572474134893687 0.89875616506151478902 0.89858095556725203767 0.89842060829039249725 0.89832897104805720101 0.89830719732744479522 0.89842981712158354046 0.89870029613495061582 0.89899447353696115837 0.89916993418650914549 0.89931240176716031876 0.89930781012004601394 0.93500000000000005329 0.93500000000000005329 0.93500000000000005329 0.93500000000000005329 0.93500000000000005329 0.93499999999999994227 0.93500000000000005329 0.93499999999999994227 0.93499999999999983125 0.93499999999999994227 0.93500000000000005329 0.93500000000000005329 0.93500000000000016431 0.93500000000000005329 0.89373952142643731111 0.89301046597466082755 0.89198141882626869048 0.89107540237016591433 0.89032747954221758135 0.88919722424280789319 0.88805164414904613768 0.88673968567413108399 0.88547481362178681596 0 0 0 0 0 0 0 0 0 0 0 0.88131384714223748311
nan nan nan nan nan nan nan nan nan 0 0 0.75329672162219840637 0.90032760159577140957 0.90017047907401992468 0.90003173177959272522 0.89981662241104465316 0.89961128535019330155 0.89937789515005661656 0.89917818723299869355 0.89903892200957136183 0.89897367611167910972 0.89896731241408245339 0.89899086431828167942 0.89912382221954334494 0.89933355159272032608 0.89950396731750015267 0.89963884839701591112 0.89972638847800723294 0.93500000000000005329 0.93500000000000005329 0.93500000000000005329 0.93500000000000016431 0.93500000000000005329 0.93500000000000016431 0.93500000000000005329 0.93500000000000005329 0.93499999999999994227 0.93499999999999994227 0.93500000000000005329 0.93499999999999983125 0.93499999999999994227 0.93500000000000016431 0.89405312723143304243 0.8933884003628602688 0.89223989924520952233 0.89141402474309960891 0.89037976989418232687 0.88920446034991429407 0.88807890295121139079 0.88689214275764260975 0.8856013000927930312 0.88407752886037072049 0 0 0 0 0 0 0 0 0.87882481980807214406 0.8802150251498035427 0.88165387317112287047
nan nan nan nan nan nan nan nan nan 0 0 0.75386725981026059262 0.90066751344935558343 0.90061134274328402682 0.90048216115027557294 0.9003408376799661994 0.90013180290264149797 0.89991515356238271917 0.89976225053087321992 0.89967966031277391004 0.89966820019151283461 0.89961934570037727088 0.8996133347894799126 0.89968034892460901908 0.89986516244381486995 0.89995184176358633543 0.89991602923997615626 0.93500000000000016431 0.93500000000000005329 0.93499999999999994227 0.93500000000000005329 0.93500000000000016431 1.9116904674317549695 1.9120034606830953461 0.93499999999999994227 0.93500000000000005329 0.93500000000000005329 0.93500000000000005329 0.93500000000000005329 0.93500000000000016431 0.93500000000000005329 0.93500000000000027534 0.93500000000000016431 0.89374535463040205574 0.89266964109697288787 0.89192190181484964917 0.89076679379164047656 0.8896786774963889588 0.8884289633135656894 0.88701781207739704982 0.45564551924590124266 0 0 0 0 0 0 0 0 0 0 0.88107875776332522655 0.88195994436030844543
nan nan nan nan nan nan nan nan nan nan 0 0 0.73726013506333643033 0.90085003082708470235 0.90078357707304446134 0.90066812707801724436 0.90051433165999061892 0.90036189383097686711 0.90027126168465043676 0.90021546992172796209 0.90021177780333405671 0.90023170863811285969 0.90024381160028310589 0.90032563213649008382 0.90053095046575148963 1.916929731655764968 0.93499999999999994227 1.9153528193968731852 1.9142722546747301671 0.93500000000000005329 1.912466393751250493 1.9115935695932586569 1.7550633121648124835 1.9113991781814854143 1.9129594250352826013 0.93500000000000005329 0.93499999999999994227 0.93500000000000005329 0.93500000000000016431 0.93500000000000005329 0.93500000000000005329 0.93500000000000005329 0.93499999999999994227 0.93500000000000005329 0.89302806307449889012 0.89232579442607717901 0.89109741341173864804 0.88961223039003611834 0.8885590849106361766 0.88703451021046841873 0.45745860682714367673 0 0 0 0 0 0 0 0 0 0 0 0.88248050028094127128
nan nan nan nan nan nan nan nan nan nan nan 0 0.74047597187056934942 0.90096117098469119533 0.9010104784537182887 0.90094884720862922212 0.90084043535563962379 0.90074210262200560262 0.90071681733730180053 0.90071300355186934006 0.90070381476715222213 0.90075283942154449335 0.90069550634365835862 1.9174918443299056037 1.9162853588633168567 1.9150566456039024299 1.9141594056708406413 1.9131913066947157098 1.912423579156210085 1.9122702091891314868 1.7654221467713950844 1.911542122647906794 1.9107419229096263003 1.9108900044549641528 1.91298873936273095 1.9145105388583241179 1.9143812101338795184 1.9139782359567489856 1.9146712812954260752 1.9157252319900321957 0.93499999999999994227 0.93499999999999994227 0.93500000000000016431 0.89395176565451339723 0.89318578554849292761 0.89230037562264796769 0.89148126847591369071 0.89021262332011175111 0.88884354638704299312 0.88716298243467517359 0 0 0 0 0 0 0 0 0 0 0.88192307481422327342 0.88272123594920171019 0.88334070944015974369
nan nan nan nan nan nan nan nan nan nan nan nan 0 0.90104053546205009617 0.90121997727760749797 0.90122101235861462598 0.90115822639194331778 0.90111952504938064301 0.90114814967937206802 0.9012056227467163394 0.90113472620550272296 0.90125998147162922347 1.9171825217173603662 1.915458545529112655 1.914115225516138441 1.7860522725749579109 1.9123986963620782653 1.9114027256390377918 1.9106913555915456815 1.9104317703445097276 1.9107209172580463807 1.9100508924979746617 1.9097165647247031917 1.9098910359402569981 1.9120409522937669156 1.9141482794359918618 1.9148371133518384823 1.9140689106595187852 1.9143553429198265636 1.9162835986846402658 1.9200149138962654405 0.93500000000000005329 0.89441237970998599405 0.89403842846671754963 0.89351535838983042748 0.89287945102206101033 0.89209684325218752132 0.89069925909292679833 0.88921973684132615823 0.88736970944239124126 0.88516833181346865622 0 0 0 0 0 0.88300082506086441381 0.88283109913860091655 0 0 0.88308815782463834232 0.88392036832964915316 0.88448594517022693928
