results/rofental/evapotranspiration_2020-08-01T0000_2020-08-31T2300.asc
ncols        322
nrows        225
xllcorner    622802.488000000012
yllcorner    5178049.378999999724
cellsize     100.000000000000
[rows 56 to 83 of 225, columns 124 to 185 of 322]
nan nan nan nan nan nan nan nan nan nan nan nan nan nan nan nan nan nan nan nan nan nan nan nan nan nan nan nan nan nan nan nan nan nan nan nan nan nan nan nan nan nan nan nan nan nan nan nan nan nan nan nan nan nan nan nan nan nan nan nan nan nan
nan nan nan nan nan nan nan nan nan nan nan nan nan nan nan nan nan nan nan nan nan nan nan nan nan nan nan nan nan nan nan nan nan nan nan nan nan nan nan nan nan nan nan nan nan nan nan nan nan nan nan nan nan nan nan nan nan nan nan nan nan nan
nan nan nan nan nan nan nan nan nan nan nan nan nan nan nan nan nan nan nan nan nan nan nan nan nan nan nan nan nan nan nan nan nan nan nan nan nan nan nan nan nan nan nan nan nan nan nan nan nan nan nan nan nan nan nan nan nan nan nan nan nan nan
nan nan nan nan nan nan nan nan nan nan nan nan nan nan nan nan nan nan nan nan nan nan nan nan nan nan nan nan nan nan nan nan nan nan nan nan nan nan nan nan nan nan nan 0.33762220677808091329 0.33880219200578298722 0.3389562355024482998 nan nan nan nan nan nan nan nan nan nan nan nan nan nan nan nan
nan nan nan nan nan nan nan nan nan nan nan nan nan nan nan nan nan nan nan nan nan nan nan nan nan nan nan nan nan nan nan nan nan nan nan nan nan nan nan nan nan 0.35708865984547338845 0.40544698224421055199 1.331410003452609736 1.326369774674202251 1.3338142859199506596 0.34881024583428565933 0 nan nan nan nan nan nan nan nan nan nan nan nan nan nan
nan nan nan nan nan nan nan nan nan nan nan nan nan nan nan nan nan nan nan nan nan nan nan nan nan nan nan nan nan nan nan nan nan nan nan nan nan 0.36852580334142254204 0.41321825241587228916 0.36301106445461761574 1.3411508833302476784 2.1407209812191947407 1.3438696434544745717 1.3460106159966094275 1.3466632598327232806 1.3360616774688862662 1.3448147554108060842 0.36609929385798412049 0.36431475758543258037 0 nan nan nan nan nan nan nan nan nan nan nan nan
nan nan nan nan nan nan nan nan nan nan nan nan nan nan nan nan nan nan nan nan nan nan nan nan nan nan nan nan nan nan nan nan nan nan nan nan 2.1288221838415317677 2.1328057403275018089 2.135872321531921525 2.1320906584207364176 2.1273436713264604059 2.1215597653230116038 1.3456409684434078589 1.3456117260155748827 1.3454685399599324302 1.3433276645653622339 2.130242216182328896 2.1699880553094765823 0.37885354667618198476 0 nan nan nan nan nan nan nan nan nan nan nan nan
nan nan nan nan nan nan nan nan nan nan nan nan nan nan nan nan nan nan nan nan nan nan nan nan nan 0 0 0 nan nan nan nan nan nan 1.3446487851493424959 2.1287173065312328113 2.1215168950993672503 2.2900709176664215683 2.2888603449827997771 2.2877759071799794732 2.1102807979518884984 2.1093062333150940368 2.1090592849066771564 2.1091371214017877733 2.1097852678846731322 2.1124383001536082283 2.1200327815684527621 2.1550853179067135379 0.36951781688834667294 0 0 0 nan nan nan nan nan nan nan nan nan nan
nan nan nan nan nan nan nan nan nan nan nan nan nan nan nan nan nan nan nan nan nan nan nan 0 0 1.3147235392476370741 1.353947819718516854 2.1727415610209810382 2.1636097311156952117 1.3457545843787581674 0 0 0 2.1436246413361894625 2.1333267150731045625 2.2824928322112016943 2.2880324213639000597 2.2891971379831486111 2.2887840332383033726 2.2874073704708810517 2.2861484152310183049 2.0982127614514789471 2.0989826926193657641 2.099307502573346973 2.1008694948709836225 2.1043833083715535182 2.1129023411089740137 2.1470030091835101693 0.35668045643141577106 0.36093214762621411706 0.36918274585343296978 0.37189261920124350169 0.36395464788987580418 0.36983662979529557946 0.37360018277978090939 0 0 0 nan nan nan nan
nan nan nan nan nan nan nan nan nan nan nan nan nan nan nan nan nan nan nan nan nan 0.39942303026563391599 0.38721768703593506533 0 1.3538821624742269911 2.1776188969459626676 2.1659011181379130839 2.1589551963210542596 2.153327334244934832 2.1519752984144626673 2.1565987936559927185 0.35035061014733537288 1.3253878026197052353 2.1437479368735212759 2.2748155946553030304 2.2966741413159086349 2.2989878553851497145 2.2992076509558065922 2.2986954206675527246 2.2981043386180268762 2.2975682822438781017 2.2952475670952594555 2.2812473270446198548 2.0888261009859667716 2.0915545671658009041 2.0967355561649716478 2.1089826670265883202 2.1484662010880120064 0.35137765359369027562 0.35887728127594986649 0.35766864098830619678 1.3490135567876624378 0.36325831200184427461 0.37291634727742900557 0.37569095571415900281 0.37356632325695804386 0.38368939559476555878 0.39009782944101867308 0 0 0 0
nan nan nan nan nan nan nan nan nan nan nan nan nan nan nan nan nan nan nan nan 0.40348083921293037557 1.3729772866177862856 2.1958418986085379565 2.1859294513265732363 2.1772625865152575031 2.1655627965682211489 2.1551683879575742608 2.1470168839772947322 2.1410245152555984482 2.137589487140102662 2.1403378647730182394 2.1359328702808229039 2.1290547780957296276 2.2699711026093236654 2.2910821027786631987 2.2949090438611707832 2.2957311064766758868 2.295681612658301507 2.2950526086065683451 2.385218955350594694 2.3828391846953960176 2.3804591139953168444 2.2892769232125353973 2.2746640002789901835 2.0803033200207128317 2.0864450261595717251 2.1190774930677158672 0.35258201621585599783 0 0.35373436316887624242 0.34780861107426697121 0.40093462826867981574 0.35172372693924314202 0.35936754599738252036 0.36567208993756938895 0.36435999689261588941 0.36877693780567322168 0.37289730065308407392 0 0.3715505332233768887 0.36691754006812116184 0.36747588115336843329
nan nan nan nan nan nan nan nan nan nan nan nan nan nan nan nan nan nan nan 0 1.3285080371573618763 2.193062277711632202 2.1827779788276147066 2.1747149914099370704 2.1637353331487507724 2.3006782907477396627 2.2972157211892461071 2.2928064424588487924 2.1304091215884133348 2.1257048451257598565 2.1226339778038978423 2.2708770534253877038 2.2695056688967163439 3.9343543776057510186 2.3879225700438926339 2.3872683886394523434 2.3847400502316391524 2.3819830457887496422 2.3791693427199329669 2.3770045403576891552 2.3749244148119710296 2.3727983343812084627 2.3707522188720178136 2.2811899825342836223 2.2653652787273168556 2.2584559838005269228 2.1116899245325031487 0.34837125474057950569 1.3426992225125533587 1.333488363629858231 1.3309495385260194933 1.3340349098901542746 1.3355236031568353816 0.35066622676610342824 0.35885315659147892786 0.3586482043807128206 0.35889140643630529359 0.3593296232073817098 0.36251255547919608579 0.36982033831614441466 1.3539007602968333721 1.3424734796123993785
nan nan nan nan nan nan nan nan nan nan nan nan nan nan nan nan nan nan 0 1.3154353862691490207 1.359622686662771418 2.1881197855770411209 2.1751624843099750528 2.1639881458320959773 2.3009638828937712951 2.2981639494919710032 2.2943127655722275193 2.2898213957240414196 2.2851520858435909744 2.2807583202677808032 2.277610014020013729 2.2881081524064557087 2.3864999770581252214 3.897713826758979927 2.4943096657188918996 2.3797087689949485423 2.3762865637156860288 2.3733980975610475816 2.3707506868255263655 2.3685156810862015853 2.3665554195136113691 2.3646870599772675803 2.3624118291853810625 2.3604310180400429608 2.3572494496605926884 2.4781137973472526781 2.089869003885442833 1.3296737935104274708 2.1064670243644569858 2.0799077356935935512 2.0771422969209525355 1.3304440057725503976 1.3328741856872474703 1.3335461797306848997 0.35471578425154620673 0.35185504618553192779 0.35306392649911116921 0 0.36015459675864536226 2.1266003002578814929 2.0854150590477211757 2.0596776903113473978
nan nan nan nan nan nan nan nan nan nan nan nan nan nan nan nan nan nan 0 0 2.207023216847477709 2.1856803910129007917 2.1699552753589581577 2.2995492927626624002 2.2969613922565272901 2.3057773526354332638 2.3020957151932703866 2.2975258973349093061 2.2930910946913369841 2.2903493588556953497 2.2884163358737299454 2.2875573594643801023 2.3838612704671544584 2.4881132375275614166 2.483668115112453556 2.4799501529516647658 2.476800951013874208 2.8381443650224320585 2.471851052499390633 2.4700005655595034249 2.3573583076296644734 2.4683910966362541117 2.3538741985462987572 2.3522916433755671761 2.4662258965405468025 2.4695725186914843086 2.0681974893005055094 2.0808257148348525689 2.0719622893613727221 2.0620860461575087896 2.0648202844139360579 2.068633960482401335 1.3288844497115206433 1.3313111842660678708 1.3373979985919601798 0.35069996303706713059 0.35150197800837984508 0 0 2.1014731093048855115 2.0584178579716887469 2.0296153184440965944
nan nan nan nan nan nan nan nan nan nan nan nan nan nan nan 0 0 0 0 0 2.2132695011483551895 2.1853792326862300222 2.1653726814485549923 2.2939222589098067218 2.3038212537579276784 2.3009220156250704825 2.2973279856197925675 2.2930825008239916762 2.2889602383797895691 2.2863745699439212977 2.2847949853724704994 2.3800896068963393049 2.4816378298260577395 2.8490376902780591983 2.838752679995090844 2.8290211665219553439 2.8223243951780467853 2.8147685865210894107 2.8089601443820324533 2.8084315447618379835 2.4562322486497558671 2.4557037321392765072 2.4557786088238353628 2.4559927562593015793 2.4548865422915526757 2.3389371609480131831 2.0502256837619303731 2.253700254784137158 2.0459848033652336952 2.0485564779321743245 2.053025041010207552 2.0587987647394476731 1.3238389823764258324 1.3282148537517528553 0.34537526338666851844 0.35172360228832594276 0.35628451773412095349 0 0.35616540056334566877 2.0922711550500343591 2.0542803927681969611 2.0219767853082983855
nan nan nan nan nan nan nan nan nan nan nan nan nan nan nan 0 0 0 0 0 0 2.1825780430351153782 2.1612087621584565866 2.2871984351170970839 2.2985070823657025585 2.2954323868729673563 2.2917105872717842274 2.2878050985692346408 2.2843353838654305576 2.281935205467322092 2.3761543708330896685 2.474976611509795088 2.8405432683406370842 2.8265130360348682537 2.8187703904363017315 2.8089885735284019219 2.8008221734278757609 2.7946587741207449263 2.7902387436716784563 2.785221232709475192 2.783180070508764814 2.7821932644734457263 2.7811058508790593713 2.7816567075339082571 2.4432097045547207514 2.3312930108265415008 2.3344949616228922729 2.2462503199970709211 2.0369152341556713282 2.0411692250220694334 2.0437839436544638083 2.0551014883299565383 2.0686373948384049193 1.3333197150594642277 0.35086762304919938416 0.35756773560900473319 0.36391913597276054348 0 1.2967971983595401042 2.0859082047339470023 2.0683745178772072748 2.0331869651720806402
nan nan nan nan nan nan nan nan nan nan nan nan nan nan 0 0 0 0 0.37718431713808875383 0 0 2.1722027528945826447 2.1547452261035817678 2.2786370339252903783 2.2922180307397255206 2.2892922981458374565 2.2858302429980779102 2.2824907160065732725 2.3799487758472643861 2.3734541037525533902 2.8435524949909432024 2.8308368304354800671 2.8169567718783419252 2.8058202276124601937 2.7956524553693706814 2.7857001394737834765 2.7778801146452165582 2.7721097489271171455 2.766844030465675619 2.7632774372159909504 2.7610137434472306062 2.7601361664781807193 2.7573603291920285585 2.7582574661507925917 2.7600736035603810059 2.4333965439502325268 2.3304486669071287075 2.2444262306336395518 2.0312324785386097759 2.038918001829972404 2.0424451705222979037 2.0595577531551794159 2.0920807074635709988 1.3447316177956378791 0.35875543689506805833 0 0 0 0 2.0900675115885887223 2.0706066309962865013 2.0468456018775951222
nan nan nan nan nan nan nan nan nan nan nan nan nan 0 0 0 0 0 0 0 0 2.1713446077558353764 2.1512229964131766025 2.2695010431694284669 2.2849879406105508828 2.282548878016000149 2.2795504703806801494 2.3774872049277977482 3.8660679364075543063 2.8368593958402366084 2.8215054544179891671 2.8066959334531973447 3.795036862071570205 3.7836048050516755126 3.7728900885978751134 3.7609732190901854487 3.7539410804229653706 3.7493638367713781889 3.7418266033283495986 3.734856466375348294 3.7326455854052480454 3.7331145403619871992 2.7360031902484456268 2.7376029975921962745 2.7398129733436484834 2.4260538070938273414 2.3267789872657789196 2.2553507788753988095 2.2570356293063618125 2.0352246062220338274 2.0477253679255982277 2.0791986902091679212 2.1021366489231563257 0 0.36165447439491599235 0 0 0 0 1.297196551712234136 2.0734485025122624258 2.056644198937995327
nan nan nan nan nan nan nan nan nan nan nan nan 0 0.40570036658796648776 0 0 0 0 0 0 0 2.1695080876965975314 2.1537349825347269494 2.2568371377737106442 3.8080075345082908811 2.2754471885700406908 2.2716776948998536056 3.8710624998863139012 2.8313622339462183319 2.8142359661353175682 3.8091488033210318953 3.7890008749165051682 3.7689411590440466959 3.7575234910621304607 3.7510943848298037295 3.7423852816358698092 3.7363851297322425715 3.7314962153143351742 3.7248588706566487794 3.6749753296903122646 3.6704295959508730363 3.6695868302944414374 3.7127423344759917789 3.7172588600844624906 2.7232126652199259986 2.7365563497666367532 2.3247131969461456436 2.3300316463625510011 2.3303437726143418907 2.24934071039623662 2.2618812226476516791 2.095035804360322107 0.3587351326349684788 0.36236444308566162498 1.3061620869835455228 1.3187190057418456401 0.38504628079030256416 0 0 0 0 2.0602943693939148595
nan nan nan nan nan nan nan nan nan nan nan 0.42298893262350550915 0.40724499161414551285 0.40510227055634762117 0.39756038962671647052 0 0 0 0.36638163896653613838 1.2944156891852953706 1.2844841806086444436 0 0 2.1240580552875023557 3.8093151173588783998 3.9097394046197817552 3.8782070602419125294 2.826343462417969743 2.8074532666156506444 3.8081595656731774824 3.7890756570106693957 3.7684438528666128754 3.7112979475357068537 3.6962559370132312964 3.6907841166951671497 3.6848332015869842415 3.6785839013590506674 3.6726993906869345174 3.6659834647089626358 3.6568187733369832415 3.6522456303150927504 3.650015435029393629 3.654572710975397154 3.6641209123253530855 3.7221765217861575437 2.7231262707330525785 2.3231738111637270094 2.3266211125643425639 2.3274213928413995944 2.3353884986449511274 2.3511660667335405606 2.0844963503592439658 1.2934930377242512822 2.1106590572549031037 2.0615640593280368797 1.3124823955545283916 0.39075291905641473811 0 0 0 0 2.0613235765285313761
nan nan nan nan nan nan nan nan nan nan 0 0.41855819301468061289 0.40948165917886963916 1.3347943079776507513 0.39519233450730190116 0 0.3806738259613817732 0.36960438623160757343 1.2949032604382249012 1.28498637511422098 2.1564517850100055618 2.1463210766901603677 2.1279640585358139404 2.1110519234057609772 2.2564743216984530783 3.901762499553976582 3.8595385737254490621 3.8338666815295034951 3.8109844864185014046 3.7888150646318816683 3.7661007897615599305 3.710072837188232775 3.6921867900381251104 3.6744956156731922725 3.6669678936610314857 3.6636849445555639271 3.6601461775019639155 3.6565492539615491729 3.6542265845947965452 3.6506284559697994574 3.6470398370537395749 3.6406481713611995588 3.6518943077524994578 3.6640790696350116207 3.720495587908771995 2.7123990209514783345 2.7248831411537914882 2.7340972051694429901 2.3260139081595170296 2.4387645657530891974 3.8564632380381658194 2.2720695549683318504 2.0926740948180944102 2.0934450817617116236 2.1025194673543881052 2.143489012742969102 0.38588020883830626007 0 0 0 0 2.0624237166273609034
nan nan nan nan nan nan nan nan nan nan 0 0.41362441836128693851 1.3447248290510001034 1.3345088303786618589 2.2381305115435070618 1.3156662284202862434 2.2136315165626694323 2.1893901655989354005 2.1687782229148515611 2.1528945849988572192 2.1398748032450813916 2.1287103376159848267 2.1165852248176180161 2.2382755988458247209 2.2484582016478174005 3.8807329766882032729 3.8441561703914035597 3.8177131416615548432 3.7963166575092595068 3.7738301803726765904 3.7484308826197185738 3.6912095211761126734 3.6682360311964345989 3.6476208118420441195 3.6385410101351469692 3.6458263463651219283 3.6470567489458831645 3.6441420436205258504 3.6433768030832314189 3.6441454228504475132 3.6408926983152904988 3.633274299748929792 3.647873125572663966 3.6667790350457392101 3.723139526862244697 2.699985165346750815 2.7094839277233822017 2.7205153529501244769 2.7283340572084364695 2.7413909009472932077 2.3431051898620061102 2.0598808434876114681 2.0722468166184349059 2.0828151201578175566 2.0979625543685287425 2.1372775147259357453 0.38949114310188465149 0.38812893142651477829 0 0 0 0
nan nan nan nan nan nan nan nan nan nan 0 0.41254530338844469517 2.2095498175606844704 2.2277811868346715229 2.2142147085169980869 2.2021242128602573906 2.1866843293119129221 2.436027858063841034 2.4172334803257520264 2.1425277544480891834 2.1289583907436888666 2.1155982683790286458 2.1021056288538608747 2.2488606555388539476 2.2415679823502614454 3.8660632766760620882 2.7815946654784005077 3.805178005193994295 3.778495139059807606 3.7570413919787397639 3.6974485369633511844 3.6719541642091906297 4.3873676619442480984 4.3581092132952461426 4.3509980795736886705 4.3715755574590140498 4.3853031122519467999 4.3870075094613456557 3.6330593645010069714 3.6365555215543148293 3.6334387311226974404 3.6283659808769970212 3.6411984641041237332 3.6636262357534175038 3.7260485456164063045 3.7364527586829163752 2.7014758906984037701 2.7119635885350934501 2.7205358851289629385 2.333119779529887694 2.3402029347783663837 2.2669958611559155592 2.0679275894653126322 2.0828268993782446117 2.1035761028419659446 2.0824999543746178787 0.38796728716812156623 0.38710363893256444223 0 0 0 0
nan nan nan nan nan nan nan nan nan nan nan 0 2.208447474691896506 2.2224428793808610472 2.2051095417156738598 2.4483845792717073842 2.4328819899491560541 2.4190901961302513357 2.2704707213457511195 2.1314310511602139186 2.2522257886263190585 2.2587883446354730665 2.2519032081426937353 2.2425334644264318662 2.2338625905513587178 3.8488851958517282803 3.8184545531844498178 3.7912546560293103326 3.7674352482657478269 3.7459900698327603941 3.6837198602764020805 4.405136209178682094 4.374670721510305782 4.3482923645659727896 4.3343874494314436063 4.3506825681481400281 4.3717076203819145164 4.3796453353280959675 4.3836478929436859531 4.3895819549013062044 4.3935750844511405333 4.3896319351878982928 3.6307713144117688131 3.6586941787578854957 3.7242286663757573351 3.7314265408776017274 2.691294286223338883 2.7000145215220263673 2.7164999216310539154 2.3372964098111270737 2.2625569256663422557 2.2703041350660231323 2.2752637735694403176 2.0993427078921378381 2.1230842169096568739 1.3168401715873758739 0.37786968093277850667 0.37716852750646095993 0.37813259759073192257 0 0.3635628398395151506 1.2907287293162870156
nan nan nan nan nan nan nan nan nan nan nan 0 0 2.2175136348622208615 2.1984425786581933693 2.4389795068530979449 2.4233971509297327351 2.2779754446415423352 2.2688180861741744643 2.2719367428688101995 2.2641987375042167407 2.2567609390218237309 3.698879100710417589 3.878493885342588765 3.8538193594949028409 3.8289366208505279943 3.8031788822704588604 3.7812942156562807661 3.7663166552297635548 3.7043929941955764384 3.6817776243465591968 4.397928719861284641 4.3572273915454102777 4.3395194226344280253 4.9267066226752955771 4.9273746430523148732 4.3508051418954645229 4.3722310579085315041 4.3741307901110717538 4.3765067252990288438 4.3845910036637691931 4.3865353923429317717 4.3952252969281042638 4.4294883811929413042 3.6691589443212837551 3.727583742119120469 3.7545320733435265659 2.6854774440573292438 3.7945001796452797471 2.7178737443111620209 2.3438828741168373782 2.2741907588852727784 2.0865065922966712364 2.1199726419186273318 1.3145801215528496453 0.37507348195164630367 0.37676581827812133385 0.3777623864697369771 0.37332114858812226466 0.36175952785083420604 0 0
nan nan nan nan nan nan nan nan nan nan nan nan 0 2.1761278531652936685 2.1929081123003824061 2.4335710297785646539 2.4165639154639815267 2.27343375096808753 2.2650823715592074414 2.2691695817914454558 2.2617786460366575696 3.7031942988063977218 3.8819742364625144937 3.8555844283914719739 3.8298333781461066927 3.8076519453252055669 3.781088780183420095 4.5099353550785403755 4.4778833173736778406 5.1084965230836623107 5.0664605470422738875 4.3865943072656037316 4.3568763357035162898 4.937581564933923417 4.9096748001351757651 4.911740102175691014 4.9501774987472124678 4.3644417397053807406 4.3630544802230089019 4.3562763608439833973 4.3671069823277814947 4.3737576247291380938 4.3986773896157025376 4.4370056363998688909 4.4668539345717306333 3.6907847574187919726 3.7508626462359457854 3.7578948574225772283 2.6911965006431217695 2.3410432110647896309 2.3465418559149870958 2.2795407341476181529 2.1031573566718959611 2.0864847624078275423 0.38201119191431676114 0.3814575114093021746 1.3123150770361313722 2.0414523938532291858 2.0247066214533440132 1.2932007079858243159 0.34374138092324885152 1.2741203518656358806
nan nan nan nan nan nan nan nan nan nan nan nan nan 0 2.1887233319393701869 2.4316451674875669831 2.4116003185853052138 2.2687020003578663996 2.2730873039623986642 2.2660759315108522927 3.7101362770800911939 3.7827986693371631333 3.8634573503830043073 3.8355362940970141317 3.8201612847520864946 4.5379322857261552571 5.1752958920650096175 5.1286861665727281334 5.0864992376932578466 5.0430259830928720888 5.0104223192488923644 4.9901328476333386419 4.9754676634287990922 4.9399350196972990901 4.9007479761764418669 4.8984887273181554335 4.9563327525235001403 4.3664073576417576916 4.3546978891854735139 4.9407436822934736043 4.9502909878945544619 4.9720572565756153693 4.4208046989594134146 4.478927266287495712 3.6955771318496788425 3.7461424828861629166 3.757313699881559721 3.7736438640932283839 3.7859086196789029088 2.6994719945059970634 2.347610994091859471 2.2835158732551916749 2.1149114148680192571 2.0974964031933458486 0 1.32106780875903973 2.0516880332335603043 2.017900413750164379 2.0502040162903965026 2.0431342745198488586 1.2698339197011665469 2.001823753366188452
nan nan nan nan nan nan nan nan nan nan nan nan nan nan 2.1824051734735867569 2.431496616125697674 2.9838006116666506706 2.2767554205973716819 2.2699929400129494894 2.2599204449927983163 3.9011472753901079713 3.8716688983533051882 3.8469392953749559361 3.8159263259573346083 4.5336110715277744276 5.162886054545560377 5.1050647407649520915 5.0641449419135220467 5.0280362831702678506 4.986134218688392572 4.9523401066333700982 4.9341825948842759075 4.9359968438060253249 4.8985570171246219928 4.8695827869330789994 4.8622594863481678473 4.9287934386230229933 4.9808517035870893963 4.3624678474537237349 4.9452088459663947617 4.9415238032755715025 4.9966210430818005506 5.1092030949010522889 4.5322438333423793466 3.7653775346911779742 3.7570338524021194004 3.7554923638236465955 3.7587070486654092782 3.7691059857675184297 3.8094228644537189155 2.7125124688249164784 3.9153745714484657903 3.8754027590045470042 2.1104758458418948486 0.38898252110971465179 1.3244172688500093216 2.0592064479100362639 2.0661642522948309164 2.0289758563902031696 2.2557985906977049417 1.982044236252202829 1.9806212925186852392
