results/rofental/evapotranspiration_2019-10-01T0000_2019-10-31T2300.asc
ncols        322
nrows        225
xllcorner    622802.488000000012
yllcorner    5178049.378999999724
cellsize     100.000000000000
[rows 140 to 167 of 225, columns 63 to 125 of 322]
nan nan nan nan nan nan nan nan nan nan nan nan nan nan nan nan nan nan nan nan nan nan nan nan nan nan nan nan nan nan nan nan nan nan nan nan nan nan nan nan nan nan nan nan nan nan nan nan nan nan nan 0.097461776298450458755 0.053304214558006705882 0.052926026871138315277 0.32762073408342518022 0.40161489759265883714 1.0693408494169147627 1.2558578930981305621 1.3104875095913897098 1.3549033995456312152 1.9534287201040476667 2.0707989861801969766 2.0839623208640594143
nan nan nan nan nan nan nan nan nan nan nan nan nan nan nan nan nan nan nan nan nan nan nan nan nan nan nan nan nan nan nan nan nan nan nan nan nan nan nan nan nan nan nan nan nan nan nan nan nan nan 0.098653499480644959996 0.054624203976812890637 0.054469625835166533834 0.29832980327073516102 0.37858762292284769968 0.43210339783473961095 1.086676134059321841 1.2605746056663500454 1.3138562114614120713 1.3682302501995291522 1.9585705594272082575 1.9725113186261897802 2.0828423797252741956
nan nan nan nan nan nan nan nan nan nan nan nan nan nan nan nan nan nan nan nan nan nan nan nan nan nan nan nan nan nan nan nan nan nan nan nan nan nan nan nan nan nan nan nan nan nan nan nan nan 0.18195780386746676638 0.27075397161061548479 0.30792835166770471389 0.34360947657057222537 0.055191870071871373948 0.054915693259635842138 1.03018584279525105 1.1094054393607097886 1.3317179482851697614 1.4030507914224676913 1.9617464494917180584 2.0659620363355601924 2.0718814844827586619 2.0812168953224561285
nan nan nan nan nan nan nan nan nan nan nan nan nan nan nan nan nan nan nan nan nan nan nan nan nan nan nan nan nan nan nan nan nan nan nan nan nan nan nan nan nan nan nan nan nan nan nan nan 0.24121899431156745841 0.29586906166842830146 0.3804389516401233684 1.0585379476140013288 1.1744295618822608862 1.1557830234894750365 0.42762671001634455781 0.055916688365983686915 1.1151448732462225788 1.391226338431239995 1.9638107266367172965 2.0641067918567941319 2.0765412286905573502 2.0801284848336960565 2.0820081095175155816
nan nan nan nan nan nan nan nan nan nan nan nan nan nan nan nan nan nan nan nan nan nan nan nan nan nan nan nan nan nan nan nan nan nan nan nan nan nan nan nan nan nan nan nan nan 0.057200149666750271793 0.25254790458298814748 0.32331057410002467245 0.34416397529791792342 0.38848975050523065766 1.0603693152317725801 1.2254659269891148288 2.0621477225727344873 2.2577890522541612661 2.0511354717812184667 1.0980374191640907 1.1122357985293103155 1.3322176144500881279 1.9650085894554831789 1.9770568047741288176 1.987704516986904979 2.0684071472389380375 2.0769097997887802087
nan nan nan nan nan nan nan nan nan nan nan nan nan nan nan nan nan nan nan nan nan nan nan nan nan nan nan nan nan nan nan nan nan nan nan nan nan nan nan nan nan nan nan nan 0.35079487893258004538 0.34421188756171666734 0.34737041791949374581 0.46049272235481170101 1.0509638449915215119 1.0568613344272681509 1.0824839704675881524 1.277105604854454679 1.6728868520422319754 2.0641141045894983996 3.0086295309622168581 2.9992978586368859162 1.5435662234610230126 1.3925677153612427972 1.4171913112453953243 1.1254965923652513471 1.9823361616472774394 1.9920971057737810739 2.072745146502037894
nan nan nan nan nan nan nan nan nan nan nan nan nan nan nan nan nan nan nan nan nan nan nan nan nan nan nan nan nan nan nan nan nan nan nan nan nan nan nan nan nan nan nan nan 1.0356616844405950317 1.0290723119758247162 1.1417669121448004166 1.0777869114138607376 1.3555112932109050217 1.5793530296134055124 2.0574437108297454202 1.3972915978331201803 2.0594336230666017151 2.0622252510763474653 2.0739593607829784894 3.0192728330911835499 3.0173537514242041446 3.0083277264468777368 2.795177925586555201 2.0695973572555566022 2.0674323117792803295 2.0606028763373638313 2.0708459848064149078
nan nan nan nan nan nan nan nan nan nan nan nan nan nan nan nan nan nan nan nan nan nan nan nan nan nan nan nan nan nan nan nan nan nan nan nan nan nan nan nan nan nan nan nan 0.4572801560648000474 1.0688841501968906478 1.1005146713032702976 1.2707842542443734679 1.3233556094981508977 1.3604498078852587106 1.4046058450070308954 1.4484209352843082641 1.9710652224536497901 1.978079816515826872 2.0617606778873951434 2.0715772772953378045 3.0089397937621868984 3.0746680142234907862 3.0783741169093219447 3.0203223727715298175 3.0232417972842742238 3.0053309787958912835 3.9694723613848656996
nan nan nan nan nan nan nan nan nan nan nan nan nan nan nan nan nan nan nan nan nan nan nan nan nan nan nan nan nan nan nan nan nan nan nan nan nan nan nan nan nan nan nan 0.061373858786539864374 0.061560480903666683905 1.0762952821642037815 1.1103977144151464529 1.1298146983607113558 1.287935128473755686 1.3275100230405694202 1.3750631686569316781 1.4144412306985316707 1.4621546985089652892 1.9777291649680843744 1.9851157765265676769 1.991291959963959135 2.0591972136212759459 2.067239572098895195 3.0217932191999956615 3.6701615562038929497 4.01672952153686591 4.0545970207531976115 4.0539587278148081495
nan nan nan nan nan nan nan nan nan nan nan nan nan nan nan nan nan nan nan nan nan nan nan nan nan nan nan nan nan nan nan nan nan nan nan nan nan nan nan nan nan nan nan 0.063018327285862499321 0.063184104709562899371 0.063201659195497639221 1.1030394149880484722 1.1198860239012764506 1.1403774184278716586 1.1637154169712227159 1.3400625258305112197 1.3937479074555323422 1.478805605119826394 1.9798482949588367408 1.9870413286982324674 1.9921371212737910561 2.0612786028475929001 2.0627146453905322865 2.0636516575156504949 2.0888996197813063382 2.7888030559404133335 3.9795837162276606058 4.0910721984408970897
nan nan nan nan nan nan nan nan nan nan nan nan nan nan nan nan nan nan nan nan nan nan nan nan nan nan nan nan nan nan nan nan nan nan nan nan nan nan nan nan nan nan 0.064300699446385889413 0.064564523829319986348 0.064627565233187161953 0.064808675508575233626 0.065015331071136064911 0.065296385416754240683 1.1168824945069273369 1.1393507421547510727 1.1467126735845496466 1.1785238600800029829 1.3997927170363460014 1.4821611795776774567 1.9868369622398462937 1.9929567653498356794 2.0595735730014634868 2.0806853665248072893 3.7435205339223398546 3.9678649477945948654 3.9609837842402528807 3.9669888837247802016 3.9620186671289920888
nan nan nan nan nan nan nan nan nan nan nan nan nan nan nan nan nan nan nan nan nan nan nan nan nan nan nan nan nan nan nan nan nan nan nan nan nan nan nan nan nan 0.065378502105030419922 0.065870902527070007704 0.066026477978030836957 0.066295281369320974152 0.066539899456546189316 0.066793436541255996053 0.067122677162041233245 0.067445132357634107745 0.06767621023748623954 0.067907987143493997451 0.068033412862831030288 0.068064933284019288329 0.067997779928252177761 1.4721472586012418482 1.9918302971406407487 2.0516608430036256117 2.0596939333683805806 2.20988880853352887 3.6832560616504985695 3.9381241653774976541 3.9515313091599337803 2.6828951434526624453
nan nan nan nan nan nan nan nan nan nan nan nan nan nan nan nan nan nan nan nan nan nan nan nan nan nan nan nan nan nan nan nan nan nan nan nan nan nan nan nan nan nan 0.067320149508450333187 0.067570306738389096513 0.067934800955771562636 0.068251494895550185449 0.068536242305450356671 0.068961188541568602117 0.069369797332380953025 0.069684736523880380643 0.070025560426547353576 0.070122260242309969458 0.070177940040257041909 0.070147716526679254612 0.069996660145468653225 1.0046533455898756237 1.9976329021917662576 2.0556666233003775268 2.0853127597219325295 2.2704940437766976125 3.654416618014929341 2.2897709608300114148 2.2889644202324137545
nan nan nan nan nan nan nan nan nan nan nan nan nan nan nan nan nan nan nan nan nan nan nan nan nan nan nan nan nan nan nan nan nan nan nan nan nan nan nan nan nan 0.1314919039894916486 0.068918289727104509179 0.069255866508666663606 0.06969874442144476101 0.070048102144051715978 0.070380367965626966509 0.07087335499311561704 0.071372313490917632661 0.071809354153922713704 0.072211250235871118908 0.07238571495766726871 0.072534649191385261457 0.072510401284960016022 0.072215027590344857411 1.2306202798581162838 1.9953745890333500768 2.0521503907586722271 2.2073269493908207473 2.2230078641295736297 2.2845602268118088141 2.2808075197401871392 2.2850033655594019777
nan nan nan nan nan nan nan nan nan nan nan nan nan nan nan nan nan nan nan nan nan nan nan nan nan nan nan nan nan nan nan nan nan nan nan nan nan nan nan nan nan 0.12904692306486759135 0.13255355453069037064 0.071015131564569608513 0.071447367994025290372 0.071857645427533728411 0.072313403510351939585 0.072848221800964702011 0.073511163842488777553 0.073935596734963304755 0.47944737030549006152 1.0482655587371150219 1.0533993525534077751 1.0937533752141881394 1.1715045725042909641 1.5011314434189839684 1.9984970956584588997 2.0709525413168270447 2.2459207466602642 2.2814591740419003507 2.2790305102976882168 2.2811262378999677125 2.2843987641911769337
nan nan nan nan nan nan nan nan nan nan nan nan nan nan nan nan nan nan nan nan nan nan nan nan nan nan nan nan nan nan nan nan nan nan nan nan nan nan nan nan nan 0.1130772824087559747 0.13138293591817865047 0.13183675696151164747 0.073314563611558136724 0.073658329320412607721 0.074208620699049723801 0.074869067756523799417 0.385872943683815528 0.47509415238191365916 1.0560458985836780332 1.110578627144771735 1.1117707693287677273 1.1323742477653280236 1.2023132202003072866 1.9927152092076472201 2.0448239731242003892 2.0736490430037108901 2.2765440733752093649 2.2788671568534741851 2.2773030649528887004 2.2802861697236265215 2.2832019402240324446
nan nan nan nan nan nan nan nan nan nan nan nan nan nan nan nan nan nan nan nan nan nan nan nan nan nan nan nan nan nan nan nan nan nan nan nan nan nan nan nan nan 0.11488382506264853411 0.12483745520119894634 0.13210093337326792029 0.10639319189008389355 0.075541533048061410005 0.076005751779420469005 0.41002132043564548658 0.47199436641427044981 0.53190203588581985716 1.091244183269016288 1.1649423810567578474 2.0091360219730227676 1.4348860403748311398 1.5059765375898122031 1.9961675212625329401 2.0430865165171985254 2.073349642535067261 2.2905815141457375184 2.2589070388911753895 2.2392624435778909486 2.2397933777330760741 2.2810257743022095411
nan nan nan nan nan nan nan nan nan nan nan nan nan nan nan nan nan nan nan nan nan nan nan nan nan nan nan nan nan nan nan nan nan nan nan nan nan nan nan nan 0.12480452282508985862 0.13313015941476535886 0.13297262774672014007 0.13085355771377535361 0.28725252676148621545 0.36118721570450196268 0.41744072346961735853 0.45062416108127245629 0.49611096860351294735 1.0423821848302032844 1.1043356733183984364 1.2112275818494722124 1.4629814678316506171 2.0168692319808680935 2.0348856952500349315 2.0388224074570615585 2.044335286190716694 2.197489965226440134 2.2233892188876054341 2.2075834923983275182 2.2368800963065291754 2.2376754256559063805 2.241799920433496851
nan nan nan nan nan nan nan nan nan nan nan nan nan nan nan nan nan nan nan nan nan nan nan nan nan nan nan nan nan nan nan nan nan nan nan nan nan nan nan 0.16815782616869640043 0.16454412724978353944 0.17209061639172262836 0.13056442924864802846 0.077389906521647996995 0.077937577832804763589 0.078475038586598169776 0.43664083747740600749 0.47191907739775401653 0.38818267151810437188 0.53434199312716812447 1.0160608241985147338 1.1484208347202717881 1.4426334409346721621 2.000938756037730748 2.0354670249191770814 2.0390680255129698395 2.0641827013317195494 2.211134759957592788 2.1995300126665613405 2.2023379814001260435 2.2062732678067233927 2.2106973679514920761 2.237097926800021952
nan nan nan nan nan nan nan nan nan nan nan nan nan nan nan nan nan nan nan nan nan nan nan nan nan nan nan nan nan nan nan nan nan nan nan nan nan 0.13082325560852081647 0.21473652848045152175 0.23055671822682013983 0.22863649539660374499 0.23015033572243742688 0.078028168292124083782 0.078868665357383738179 0.079636301021670768963 0.080248655168032548279 0.080854450867618485321 0.48523033333256704314 0.51936293979709291513 0.082684657694218371971 0.083201574024280008923 1.0186832440903943464 1.1916161915745342448 1.5365772822536383213 2.0077915242942063756 2.0389754263530690537 2.0678611535532360755 2.0709574527588565651 2.071633517876466879 2.0737654144884092311 2.2011790833947855184 2.2060068557738703454 2.2121981167396338464
nan nan nan nan nan nan nan nan nan nan nan nan nan nan nan nan nan nan nan nan nan nan nan nan nan nan nan nan nan nan nan nan nan nan nan nan 0.12957458266967494809 0.22602576278054259395 0.28472971222124421331 0.301438581496054403 0.30777882385239202501 0.30490345205171343057 0.30883660328833767439 0.32098111159895270639 0.081104250191294691152 0.082074194496653443687 0.082796599072434903799 0.083360655030950275846 0.083962158468729716776 0.5497571837086436819 1.0202728130876246304 1.0209124565300551346 1.1672182936122303953 1.5033925874660227784 1.6579836823668379076 2.0150859183863762958 2.062216237177000977 2.0655606559184125359 2.066880564842607626 2.0686670908388040679 2.0712184257930479347 2.0753669570015573775 2.206980772346966102
nan nan nan nan nan nan nan nan nan nan nan nan nan nan nan nan nan nan nan nan nan nan nan nan nan nan nan nan nan nan nan nan nan nan 0.072856547295779644502 0.27437629607701130574 0.28913322628530396807 0.31732695678923811267 0.35038068595791815873 0.3610027800581881996 0.37271932462071716285 0.37213191006336671096 0.37313645524253080676 0.37713610483353032787 0.39542743849117006905 0.42247642934400153614 0.084581678705297147491 0.085494264421834290091 0.086116087509089139784 0.086798999024703740734 0.087505388546317369736 1.0231627118786512654 0.088744528116959653374 0.08941011821500378931 1.5055005539179484586 1.7086587703792137649 2.0352342251744373058 2.0391239630850326314 2.039629326364838402 2.0406994453566564829 2.0423951867458089993 2.0449151429905128019 2.0741899049056562454
nan nan nan nan nan nan nan nan nan nan nan nan nan nan nan nan nan nan nan nan nan nan nan nan nan nan nan nan nan nan nan nan 0.13117254357670055098 0.10629029122263784768 0.07388916084126602446 0.31462034939549810009 0.33772581318546390783 0.38020183084850556199 0.40692382701557899827 0.41815738763479071149 0.42120402761417874427 0.42897667441127351751 0.43417689300132256136 0.43899062983142012051 0.45621968218015490626 0.47889938462112380257 0.50821550971428142152 0.50655758120515170795 0.37532101606614420852 0.088889137777334120694 0.089713366043774056546 0.090564330670836065695 0.091399498508729623558 0.092104139213551761145 0.092667990478549303046 1.5519917202561350766 2.019354341916638429 2.0194684552510344666 2.0213541376103743019 2.0230216122990483107 2.025189115449853805 2.0419156495279247032 2.0442391081953492638
nan nan nan nan nan nan nan nan nan nan nan nan nan nan nan nan nan nan nan nan nan nan nan nan nan nan 0.034715145165760803725 0.058286474270781957197 0.091247067169913251283 0.11539942233741126709 0.13749413519703684861 0.133135545181889553 0.10707570291100672322 0.074098014591605088075 0.074930206534682686215 0.3465881057233729523 0.3772920913391371589 0.42958935438421674835 0.46015223179482583893 0.46961979486404165085 0.46910476656546973295 0.46342698655028302657 0.47027562009294987533 0.48094359659881197322 0.51141566187916243091 0.53052854417578032553 0.54748971823644454471 1.020076895529385963 0.56968399781460232756 0.575024137985332362 1.0432267599366935595 1.0639920965279845433 1.0890687122935989173 1.1370878734820109024 1.1981680366898606049 1.2909011525085909433 1.589919474594574611 1.6594680141068058887 1.7430935367384459145 1.7778369562682079241 2.02302481485453578 2.0260998810797050673 2.0415261949533243246
nan nan nan nan nan nan nan nan nan nan nan nan nan nan nan nan nan nan nan nan nan nan nan nan nan nan 0.034900695594319137982 0.065094124019554763794 0.094398782389666785475 0.12379935051787466227 0.136352987439925466 0.13306189724416786491 0.074235436830906623151 0.075066778689721683215 0.075979674221916496113 0.076876985339012576803 0.40419872705268383717 0.460122845895514887 0.47244458239953268652 0.48319227527794789134 0.49923181892388246439 0.50740149004296530855 0.50890023643842186019 0.51827872572702549103 0.53562118596137531235 0.55113850182593004945 0.56645873757955400585 1.0398321627892430641 1.0456339323269059349 1.0385223022763261369 1.0511919655860280098 1.081201628715411811 1.1087852233315209638 1.1606713086878341912 1.2180066736797865445 1.4914817449279060835 1.5284460747204979825 1.5815736892990475138 1.6230575906307493916 1.6629650093632675212 1.7540742409789311651 2.0248900621757255358 2.0262001719658662147
nan nan nan nan nan nan nan nan nan nan nan nan nan nan nan nan nan nan nan nan nan nan nan nan nan nan 0.033730696334076451515 0.053105618136267233875 0.087571095240539548188 0.11617205537051586428 0.13646839179455183544 0.13297188375930873994 0.075240784854387871006 0.07608668090809071749 0.076979880171659603727 0.078000880555763624224 0.078936145801775964292 0.46291654332940518346 0.48238835791143275245 0.4999861519398285381 0.51518016703651681176 0.52521313492093157915 0.5334521540006560425 0.54294879897577841277 0.55627965749606711476 0.57563966512012043619 1.0409522324307396435 1.0642138129235563238 1.070567281880101751 1.0673594067392069284 1.0775996544013017875 1.1032869905617712636 1.1490850495439646206 1.3342817222753000639 1.1990321504081098425 1.217606557911938836 1.2512200011216920714 1.5089337942746516852 1.5519766095155969055 1.5774735517515749983 1.5780855368231627711 1.9921095304522338232 1.9915493931015983975
nan nan nan nan nan nan nan nan nan nan nan nan nan nan nan nan nan nan nan nan nan nan nan nan nan nan 0.036994742836258372176 0.043744822583311214481 0.070125304137315838671 0.10996718497302174211 0.13717987053166674771 0.13332103850523185917 0.076213617954686410649 0.077044007738087297299 0.077989897215844428136 0.079051574139544972253 0.080104863664463399342 0.081118125541555771707 0.50214535156718964615 0.51490601964734761253 0.52424013522442158841 0.53356204198145906759 0.54566337304909506845 0.55597526584068446276 0.57565557472042772069 1.0361482956721583815 1.0548790206893134958 1.0747645892417896363 1.0820378561628365421 1.0868958633925587254 1.0927020675089240687 1.1093575408724767328 1.1323142674275568087 1.1471887918031338227 1.1601340719105079913 1.1821529293131645133 1.2121599232223996268 1.2402816180486122555 1.4793716457876433523 1.4860592718809459978 1.5386674892017364602 1.5275043133183734412 1.0489773445524799289
nan nan nan nan nan nan nan nan nan nan nan nan nan nan nan nan nan nan nan nan nan nan nan nan nan nan nan 0.053110438239008572747 0.091954086929119716043 0.12511424518017344454 0.13647766323740265215 0.13326007069377213132 0.13138308639721860138 0.078214326021997016003 0.079062622126873982609 0.080031588732139904985 0.081170483620089120547 0.08230004614945179986 0.5069142285889857158 0.52567736594017155927 0.53057193608514419125 0.53898783449384413125 0.55014987175835117217 0.56279112100872519253 0.57896057039591308779 1.0273171034053958373 1.0286806304485818231 1.0300517253583141297 1.0315110896048282907 1.0330239312365621096 1.0345510142651703767 1.0360752261430530297 1.0375914027634209891 1.1140999542564578029 1.1300822500544787097 1.1506661299586093961 1.172458723410316761 1.1983425803043097346 1.200643318230702361 1.4291131155079530579 1.0503181188492436426 0.11706421559281876554 0.11875579550839276965
