results/rofental/precip_month_2019-10-01T0000_2019-10-31T2300.asc
ncols        322
nrows        225
xllcorner    622802.488000000012
yllcorner    5178049.378999999724
cellsize     100.000000000000
[rows 56 to 83 of 225, columns 189 to 251 of 322]
nan nan nan nan nan nan nan nan nan nan nan nan nan nan nan nan nan nan nan nan nan nan nan nan nan nan nan nan nan nan nan nan nan nan nan nan nan nan nan nan nan nan nan nan nan nan nan nan nan nan nan nan nan nan nan nan nan nan nan nan nan nan nan
nan nan nan nan nan nan nan nan nan nan nan nan nan nan nan nan nan nan nan nan nan nan nan nan nan nan nan nan nan nan nan nan nan nan nan nan nan nan nan nan nan nan nan nan nan nan nan nan nan nan nan nan nan nan nan nan nan nan nan nan nan nan nan
nan nan nan nan nan nan nan nan nan nan nan nan nan nan nan nan nan nan nan nan nan nan nan nan nan nan nan nan nan nan nan nan nan nan nan nan nan nan nan nan nan nan nan nan nan nan nan nan nan nan nan nan nan nan nan nan nan nan nan nan nan nan nan
nan nan nan nan nan nan nan nan nan nan nan nan 95.869146974121761673 nan nan nan nan nan nan nan nan nan nan nan nan nan nan nan nan nan nan nan nan nan nan nan nan nan nan nan nan nan nan nan nan nan nan nan nan nan nan nan nan nan nan nan nan nan nan nan nan nan nan
nan nan nan nan nan nan nan nan nan nan 98.628366932122474964 97.219305822943141493 95.438305376966397375 94.41719730767583485 93.887539775309633683 nan nan nan nan nan nan nan nan nan nan nan nan nan nan nan nan nan nan nan nan nan nan nan nan nan nan nan nan nan nan nan nan nan nan nan nan nan nan nan nan nan nan nan nan nan nan nan nan
nan nan nan nan nan nan nan nan 98.996920111733615499 98.400628080086434579 97.482130496822421151 96.221947851017773701 94.991977089511749455 93.886148273576893075 92.576599956839686456 92.156938425977543261 nan nan nan nan nan nan nan nan nan nan nan nan nan nan nan nan nan nan nan nan nan nan nan nan nan nan nan nan nan nan nan nan nan nan nan nan nan nan nan nan nan nan nan nan nan nan nan
nan nan nan nan nan nan 101.51624622166193035 99.240110797815631827 97.291862402952602906 96.044736267906912985 95.116382524414561317 94.416187585962973117 93.951276220794568417 93.21800433328964175 91.883864082577701993 90.823797136829526266 90.736034330705550133 91.11728974326830155 nan nan nan nan nan nan nan nan nan nan nan nan nan nan nan nan nan nan nan nan nan nan nan nan nan nan nan nan nan nan nan nan nan nan nan nan nan nan nan nan nan nan nan nan nan
nan nan nan nan nan 101.93956034299371538 100.66738289077269997 97.985418666055167591 96.271466098281464951 95.252305226856478271 94.447196149431846379 93.657977330219324585 92.85961554384698502 92.25973645145552382 91.192874944557374306 90.171004399333639867 89.626886952718919588 89.686060115498932532 90.41949190409822279 91.591923091025620352 nan nan nan nan nan nan nan nan nan nan nan nan nan nan nan nan nan nan nan nan nan nan nan nan nan nan nan nan nan nan nan nan nan nan nan nan nan nan nan nan nan nan nan
nan nan nan nan nan 102.18124979361213889 100.5819945055898188 97.948177049549173034 95.94541326270514503 95.156122656383956837 94.425739383393917592 93.60541475842894954 92.776750735607592446 91.879421000750753024 90.932969861130146683 89.981935908012360414 89.446818963045473083 89.228204956581407714 89.425960556559957126 90.452774040234061204 91.986245511038490008 nan nan nan nan nan nan nan nan nan nan nan nan nan nan nan nan nan nan nan nan nan nan nan nan nan nan nan nan nan nan nan nan nan nan nan nan nan nan nan nan nan nan
97.820143142807609138 100.03165871680815258 nan nan 100.14085342003407675 99.642475328032574566 99.205578478938789999 97.974746630380380452 96.43901636974337066 95.579575577399680242 95.256082448719752165 93.875373513589366326 92.30989783852713515 91.428447391224196394 90.789060861846422767 90.085100563204989044 89.567136167365134725 89.192945505886370938 89.002940429967608793 89.423468482984773686 90.949100059312243616 91.143764401752150661 nan nan nan nan nan nan nan nan nan nan nan nan nan nan nan nan nan nan nan nan nan nan nan nan nan nan nan nan nan nan nan nan nan nan nan nan nan nan nan nan nan
96.280210962644403594 98.066369830869334123 99.207366770547452006 99.398993887133158864 98.068358319273571055 97.012159833306895962 96.773124239363013999 97.515096813419404498 96.887338297597722203 95.979498633640560001 95.026839182071910272 93.572839474411651395 92.119035321432562569 90.779165457210169166 90.503218287772440931 90.146205523775108759 89.524247266982186488 89.065766541070161111 88.814425399985267973 88.907409285237264385 90.409503268523224051 90.468996288582985699 90.1346530872698537 nan nan nan nan nan nan nan nan nan nan nan nan nan nan nan nan nan nan nan nan nan nan nan nan nan nan nan nan nan nan nan nan nan nan nan nan nan nan nan nan
94.550080922649598847 95.667867643915457165 96.957145714515036161 97.637229468247099362 96.180076688618413527 95.128754575943773375 95.262720556332396882 97.02255859287205908 97.31734530605223199 96.296492627103589257 95.006003473432059536 93.446565049477626985 92.151656951506822679 91.020813490952576785 90.364220997640899213 89.920200467495263297 89.261348246528044115 88.820235295352006233 88.520474863871299931 88.449489371720659392 89.647548334421188088 89.629077597855541626 89.534124371557851418 89.269623484302528027 nan nan nan nan nan nan nan nan nan nan nan nan nan nan nan nan nan nan nan nan nan nan nan nan nan nan nan nan nan nan nan nan nan nan nan nan nan nan nan
92.20495922279746992 93.194360641915011456 94.932239207170894701 96.099770362734574292 94.774809460878643108 93.428799738457996682 93.738169518658622792 95.366249168703006944 96.293789489204215215 96.892149819624876272 96.185652360889037027 93.761017309280632048 92.264627527327405687 91.231822495940832596 90.485276830961680616 89.832361414608598693 89.127915859518481057 88.719534880514785868 88.183594034275657236 87.699021449942250683 87.652556848407400025 87.325910332116635004 88.090436055275290528 88.93840740303286907 nan nan nan nan nan nan nan nan nan nan nan nan nan nan nan nan nan nan nan nan nan nan nan nan nan nan nan nan nan nan nan nan nan nan nan nan nan nan nan
91.102476537772503207 92.007108381023058996 93.385242292887383542 93.413580072021275669 92.890659420040805117 91.852868810727969162 92.192758087458486216 93.413461919822296409 94.088145161879850775 95.197665452463596125 96.451232847706464213 95.473059890286990026 93.382257064804448987 91.79112608472664192 90.547251096790773772 89.729163907204380735 88.898577577328353527 88.334466336017342769 87.59175392365293078 86.920669953707445643 86.196409202365586566 85.572344792662462964 86.289203932558407928 87.608195002781229732 nan nan nan nan nan nan nan nan nan nan nan nan nan nan nan nan nan nan nan nan nan nan nan nan nan nan nan nan nan nan nan nan nan nan nan nan nan nan nan
90.649221319845281641 90.155433451030134506 90.095632778780441186 90.47797976478101134 90.086979282781342704 90.067114866391179362 90.922512200804263216 91.659952030896604924 92.04426444963985432 93.064842613759310552 94.393750280857915413 95.390365842480520087 94.946936504665004009 93.572711362196557161 91.344862316492481114 89.632577856162114927 88.344758554439508202 87.523511805419815346 86.866628504600569727 86.225440260573662954 85.744281769886825373 85.238853059302826409 85.307761104094154803 86.795333358023142978 nan nan nan nan nan nan nan nan nan nan nan nan nan nan nan nan nan nan nan nan nan nan nan nan nan nan nan nan nan nan nan nan nan nan nan nan nan nan nan
88.661007007833191551 87.784649958509589851 87.047021797510197416 87.269095340324014387 87.909346038273213253 88.538867209701734851 89.206833730223522139 89.760233355231051178 90.342958901397494742 91.159860607379201269 92.245787443851142484 93.013594097979250819 92.965462350567676708 93.341810957798259096 92.54269411075465257 90.341908241345848296 88.104895366481940755 86.678883582838906818 85.969165858486888965 85.44995112347017141 85.220033714308613071 85.013596254798514451 84.469592768844421471 84.735101627763611987 86.068008079527842824 nan nan nan nan nan nan nan nan nan nan nan nan nan nan nan nan nan nan nan nan nan nan nan nan nan nan nan nan nan nan nan nan nan nan nan nan nan nan
87.957899462163979365 86.892529756515173744 85.960852755095956468 86.261181927346584075 86.781985025525699484 87.034135205969505478 87.387170512498983044 88.004593839979364134 88.617799477747141168 89.268649424901397538 90.567394337009702099 91.291231109180856151 90.961891387365355399 91.373838202702359013 92.042890176025565552 89.869456499979236241 87.722166891451820447 85.978785751298957507 85.288137712101956822 84.676343289684808724 83.660929493501299703 83.782094193888980271 83.483210116360467623 83.265830387854279593 84.283888947045767281 85.388292352536311114 nan nan nan nan nan nan nan nan nan nan nan nan nan nan nan nan nan nan nan nan nan nan nan nan nan nan nan nan nan nan nan nan nan nan nan nan nan
86.845243674291495495 85.919198645818141813 85.3024017077240444 85.622218111458266776 85.846162253084969507 85.92987371947567965 85.880577122909159016 86.589510300253010655 87.008549342559774686 87.42458330509600728 88.641594145004845018 89.528228296679372988 89.390943422554258291 89.603236424612077826 89.922990475950925315 89.467351587714134098 87.135880977564866612 85.260235598705207849 84.803787066549531914 83.874009870224327301 82.068519021481819209 81.436172214474026987 82.249468347435808369 82.310871140563591553 82.860637325263397202 84.23330316333718315 nan nan nan nan nan nan nan nan nan nan nan nan nan nan nan nan nan nan nan nan nan nan nan nan nan nan nan nan nan nan nan nan nan nan nan nan nan
86.193662606573894891 85.422133556394072684 85.012602775450233139 85.012565909035032519 85.217612422592040389 85.153568514637314024 84.967898108350013331 85.146768452371958347 85.541671203323460304 85.865443935769761197 86.839979598535990135 87.962750978404400826 88.261489380232347912 88.137886569559213967 87.955498241136268689 87.345391045293283128 86.773661590697116708 84.371988928399375141 83.69988110339622267 82.863592992657572722 81.305548593760747167 80.438953059096547804 80.686600324120490768 81.304145801862105714 82.390498518455927979 83.302966973518891791 84.770351792797228541 nan nan nan nan nan nan nan nan nan nan nan nan nan nan nan nan nan nan nan nan nan nan nan nan nan nan nan nan nan nan nan nan nan nan nan nan
85.919357307612273189 85.368530960409756858 84.590727330261429984 84.558063519267463448 84.644909313302846954 84.624139157225485519 84.506416058364720811 84.193064973588121802 84.142913483950067643 84.444212421490121301 85.490361961464600427 87.169954414152101663 87.420593409190331613 86.675371687704753754 86.352692796080432913 85.856464735659187681 84.762194069448142386 83.204440659082194998 81.999887108921484469 81.405711513527194256 80.59376177018022247 80.151040359567687688 80.020954515775216009 81.038180556416605782 82.215799231749741693 83.714845772355914733 85.069956139583226218 nan nan nan nan nan nan nan nan nan nan nan nan nan nan nan nan nan nan nan nan nan nan nan nan nan nan nan nan nan nan nan nan nan nan nan nan
85.75590015855622994 84.993120490549713963 84.187132564133165147 84.140110359857871458 84.165170450217814846 83.989992246802088971 83.73818433846042808 83.531973026800315552 83.261292019653055263 83.361261967713232934 84.655620188702954465 86.273168766023289322 87.400956508870166317 86.313510842427561442 85.52723337796659564 84.869704834739977173 83.845914455790264697 82.38677430488240816 81.008044688719593296 80.302065866339304989 79.71264520435939005 79.879343125907453782 79.989012728523718465 81.034399914462184711 82.402465024166218654 84.317279710580010033 nan nan nan nan nan nan nan nan nan nan nan nan nan nan nan nan nan nan nan nan nan nan nan nan nan nan nan nan nan nan nan nan nan nan nan nan nan
85.671705260732636589 84.537655011221048085 83.888066502874977459 83.677360971274140411 83.808542563355516108 83.376799640218308696 82.95834560110414202 83.03049985773513697 82.883033687366108211 82.753646736152333574 83.85210861427064799 85.6252256218325698 87.168013968931035151 85.900951486432660431 84.479862109119977731 83.820097505180044095 82.929742230576138695 81.809828365562182739 80.5016369052765981 79.353039724367249619 78.827400040044295793 79.151079268457351645 79.579668806895639932 81.289401094611378085 82.655444225536683689 84.512995497375911214 nan nan nan nan nan nan nan nan nan nan nan nan nan nan nan nan nan nan nan nan nan nan nan nan nan nan nan nan nan nan nan nan nan nan nan nan nan
86.636262414455899261 84.848289507645446861 83.645715494270689305 83.14731800976559839 83.243823482266819269 83.015392695331613027 82.460768504022269099 82.407015625314741669 82.456853718884019599 82.340298853074841645 83.110810174163475494 84.776189622318256056 86.631595783638303487 86.274125184115561638 84.673807148634693931 83.530287089253789645 82.172329189005267835 80.670089538214483582 79.04347180524371197 78.320321616457647451 77.938174784917535476 78.123033914080849627 79.248365665695033044 80.928019404106208867 82.105719365445011704 83.362895333876892323 nan nan nan nan nan nan nan nan nan nan nan nan nan nan nan nan nan nan nan nan nan nan nan nan nan nan nan nan nan nan nan nan nan nan nan nan nan
86.308505980023383586 85.428479559961175482 83.995618995174694987 83.031514136552843297 82.734008120771676431 82.690261764982764703 82.225643241302236675 81.874043462927190262 81.778882349231992066 82.388899239130878982 82.773379559576966358 83.529274173748120802 85.220052838599386291 85.898690789211812557 84.515745877304198075 82.80535651617337578 81.573919531223666013 79.990055855898816617 78.313527070498309968 77.497909538591741807 77.199034651313880318 77.758670894715933741 79.256148545097801161 80.402747968489620689 81.238386067812015767 nan nan nan nan nan nan nan nan nan nan nan nan nan nan nan nan nan nan nan nan nan nan nan nan nan nan nan nan nan nan nan nan nan nan nan nan nan nan
86.193283585778871725 85.343152552987291415 84.589483793839875148 83.243924794362641251 82.654557703827904902 82.520902571073293075 82.208634646300993154 81.581697533838365644 81.222474828246276957 82.129417252757860979 81.945422909331668393 82.536596411981136612 83.415299372584783555 84.560768195108295231 83.728774156673267726 82.062727133583535988 80.874128068496915489 79.30922962919407837 77.480919095812765818 76.766522595032625986 76.798618719647961939 77.78039396330112254 78.512995227445500745 79.611246823966482111 80.477963988017094721 nan nan nan nan nan nan nan nan nan nan nan nan nan nan nan nan nan nan nan nan nan nan nan nan nan nan nan nan nan nan nan nan nan nan nan nan nan nan
87.205048407776999397 85.775600584348609345 84.11333008599740424 83.317681741754270774 82.565151350337004033 81.904236581317817922 81.577226384589266672 81.247829250501965248 80.897873304164491515 81.366394192878757963 81.102732717844347121 81.648227271532817895 82.183900510908543424 83.060208450413114178 83.021066396465144521 81.802382991522648581 80.597477829662935278 78.910363002779391195 77.088678322396731346 76.30503151603443257 76.549258714012225369 77.135338791158957861 77.291187037751953426 78.490155299639781106 79.434402234561360956 nan nan nan nan nan nan nan nan nan nan nan nan nan nan nan nan nan nan nan nan nan nan nan nan nan nan nan nan nan nan nan nan nan nan nan nan nan nan
86.531279321472226229 85.526543660548028924 83.697424951964435991 82.263754824724017567 81.978378523091691932 81.110896494103684518 80.831802746501168144 80.569842083878612016 80.457918485400966802 80.576181444386477892 80.461063927989286526 80.668254535714694953 81.343127949819788114 81.61007160150525408 81.918444027691222686 81.285627692769608643 80.162728885740605733 78.741747151135768945 77.01372485540932189 75.78535701260987878 75.802260578504871091 76.162154141198314505 76.308967649837256886 77.275774958486877608 78.509554411100296534 78.401185203441698945 nan nan nan nan nan nan nan nan nan nan nan nan nan nan nan nan nan nan nan nan nan nan nan nan nan nan nan nan nan nan nan nan nan nan nan nan nan
85.734700249725534604 84.649764445637757149 83.363809731121065738 82.169408355683202672 81.11078881851634037 80.442927873219105095 79.989863785644871541 79.761613771442142706 79.741975203350222046 79.655097335938762626 79.552654464810743207 79.471514936153184294 80.310462579178889087 80.826093159883669159 80.6937181828638046 80.358771047491458717 79.600217107445871534 78.578351267723448359 76.790062989738729016 75.44099128953062916 75.090278251483894678 75.315780346117364275 75.385357646508225571 76.138506613226539343 77.358239056860185201 76.971800507054211948 76.29288400228529099 nan nan nan nan nan nan nan nan nan nan nan nan nan nan nan nan nan nan nan nan nan nan nan nan nan nan nan nan nan nan nan nan nan nan nan nan
