results/rofental/precip_month_2020-07-01T0000_2020-07-31T2300.asc
ncols        322
nrows        225
xllcorner    622802.488000000012
yllcorner    5178049.378999999724
cellsize     100.000000000000
[rows 56 to 83 of 225, columns 189 to 251 of 322]
nan nan nan nan nan nan nan nan nan nan nan nan nan nan nan nan nan nan nan nan nan nan nan nan nan nan nan nan nan nan nan nan nan nan nan nan nan nan nan nan nan nan nan nan nan nan nan nan nan nan nan nan nan nan nan nan nan nan nan nan nan nan nan
nan nan nan nan nan nan nan nan nan nan nan nan nan nan nan nan nan nan nan nan nan nan nan nan nan nan nan nan nan nan nan nan nan nan nan nan nan nan nan nan nan nan nan nan nan nan nan nan nan nan nan nan nan nan nan nan nan nan nan nan nan nan nan
nan nan nan nan nan nan nan nan nan nan nan nan nan nan nan nan nan nan nan nan nan nan nan nan nan nan nan nan nan nan nan nan nan nan nan nan nan nan nan nan nan nan nan nan nan nan nan nan nan nan nan nan nan nan nan nan nan nan nan nan nan nan nan
nan nan nan nan nan nan nan nan nan nan nan nan 101.47572708597122926 nan nan nan nan nan nan nan nan nan nan nan nan nan nan nan nan nan nan nan nan nan nan nan nan nan nan nan nan nan nan nan nan nan nan nan nan nan nan nan nan nan nan nan nan nan nan nan nan nan nan
nan nan nan nan nan nan nan nan nan nan 103.48929205670356168 102.27749998608780402 100.77285398379218861 99.851162502203408167 99.304946869669862508 nan nan nan nan nan nan nan nan nan nan nan nan nan nan nan nan nan nan nan nan nan nan nan nan nan nan nan nan nan nan nan nan nan nan nan nan nan nan nan nan nan nan nan nan nan nan nan nan
nan nan nan nan nan nan nan nan 103.68913870945276301 103.10513374071294379 102.26678093003594938 101.15911332522635746 100.07000070943280434 99.072307860100565335 97.912625095696583344 97.43732593754033644 nan nan nan nan nan nan nan nan nan nan nan nan nan nan nan nan nan nan nan nan nan nan nan nan nan nan nan nan nan nan nan nan nan nan nan nan nan nan nan nan nan nan nan nan nan nan nan
nan nan nan nan nan nan 105.59153745444044148 103.70628746548291588 102.06965290879669794 100.97045355742216088 100.11298121347608969 99.427274245734537317 98.919032181446851837 98.198840321774028439 97.009734451884455098 96.028956239434876352 95.79708337470827928 95.925176964073187946 nan nan nan nan nan nan nan nan nan nan nan nan nan nan nan nan nan nan nan nan nan nan nan nan nan nan nan nan nan nan nan nan nan nan nan nan nan nan nan nan nan nan nan nan nan
nan nan nan nan nan 105.78630018084366782 104.67077419417377371 102.45950683646317714 100.99217037826102228 100.05748474168446194 99.283659109120009134 98.517565018820306477 97.740062201684068555 97.112057412905102183 96.119031468864946532 95.157453141218297787 94.562559001473061926 94.431947332129908546 94.82104509207401577 95.548406890370543465 nan nan nan nan nan nan nan nan nan nan nan nan nan nan nan nan nan nan nan nan nan nan nan nan nan nan nan nan nan nan nan nan nan nan nan nan nan nan nan nan nan nan nan
nan nan nan nan nan 105.73382380463425534 104.35303510826229001 102.16682057812231221 100.46390030961781292 99.695004911377310464 98.967068714046959599 98.16515329365471132 97.352657483943161765 96.483224906828624512 95.572342514688884307 94.654885607141167725 94.056646694130421338 93.701231061117240984 93.666466541646300925 94.272241832626448854 95.269775351470258329 nan nan nan nan nan nan nan nan nan nan nan nan nan nan nan nan nan nan nan nan nan nan nan nan nan nan nan nan nan nan nan nan nan nan nan nan nan nan nan nan nan nan
102.83396229395526689 104.41516642302964613 nan nan 104.07876372222601447 103.54244407771501812 103.04856267101632739 101.93541817098289926 100.58149272796138973 99.746064212677183036 99.320769142375951333 98.073298678774051496 96.678938555659485132 95.810195440605951944 95.125549969828099961 94.3882295823350006 93.792602717649458555 93.306566535577573518 92.961996153777235463 93.089393015371058482 94.072077725119854108 94.026081443003135973 nan nan nan nan nan nan nan nan nan nan nan nan nan nan nan nan nan nan nan nan nan nan nan nan nan nan nan nan nan nan nan nan nan nan nan nan nan nan nan nan nan
101.4885335368119712 102.72869764453751884 103.46427734321036951 103.45995487049245298 102.2725596624952118 101.29220307568633075 100.93887300222722558 101.33946324053864885 100.6754683886846351 99.790114802726890275 98.865665398545303333 97.549225527344916031 96.229160168252732888 94.993862854695677811 94.578753464673070539 94.098505170908879336 93.411415504109385211 92.849547550127809359 92.447338061653724139 92.311622625706490908 93.266921562974602011 93.107748250465121487 92.646281745786524198 nan nan nan nan nan nan nan nan nan nan nan nan nan nan nan nan nan nan nan nan nan nan nan nan nan nan nan nan nan nan nan nan nan nan nan nan nan nan nan nan
100.00826755279244651 100.71928432881144033 101.55734171473265803 101.91851770943793554 100.62070941442723893 99.631493017771973086 99.554037480763753365 100.72937087635148146 100.7663706765408449 99.780873856517075637 98.582418917507723677 97.17187331017720453 95.962356016106937773 94.876581179207363448 94.155022956004529533 93.595781199336059331 92.868795586822287191 92.30938636169412348 91.859162313152211254 91.58650898464952661 92.297029763613323894 92.068553010952498994 91.783927798474394422 91.372004457454252702 nan nan nan nan nan nan nan nan nan nan nan nan nan nan nan nan nan nan nan nan nan nan nan nan nan nan nan nan nan nan nan nan nan nan nan nan nan nan nan
98.0642962771110831 98.663819436169120536 99.836572859729997731 100.56232526336428634 99.354100812361991757 98.124092686179551492 98.169451468656376392 99.229907168982606436 99.743482688551040383 99.997762144291471031 99.238226861041837878 97.145513196258093558 95.767450150536973297 94.745031346443880693 93.941606972702459188 93.208744408900784606 92.434791870681735304 91.889376536103682724 91.245514130081986082 90.642436382341969647 90.380188894141284095 89.903929834673348864 90.275512607427273792 90.716200086213234499 nan nan nan nan nan nan nan nan nan nan nan nan nan nan nan nan nan nan nan nan nan nan nan nan nan nan nan nan nan nan nan nan nan nan nan nan nan nan nan
97.093551553523639086 97.615197857002939941 98.497122737946185111 98.32883090670983961 97.728258688936875842 96.723723370727540782 96.779610713960025237 97.511745569786427268 97.816511479503887472 98.453072265705543487 99.196816679662504157 98.210105639324737581 96.359219028598587897 94.892056748633024199 93.691285723741586366 92.818307144830541233 91.934738263637527211 91.257168583107329596 90.442070255458318684 89.683892174169386635 88.886972655101018859 88.170895777065865673 88.496508288913688034 89.29319023057070126 nan nan nan nan nan nan nan nan nan nan nan nan nan nan nan nan nan nan nan nan nan nan nan nan nan nan nan nan nan nan nan nan nan nan nan nan nan nan nan
96.63666925310552358 96.063981348003537164 95.820774761130934394 95.913508202722809415 95.401968793292809323 95.171792068507144791 95.613225406429975806 95.958115959284725704 96.02482452919396394 96.579153425525035459 97.367789592802935772 97.895561788907528467 97.305955312842442595 95.993525532990219062 94.018608215668479033 92.441182718389100614 91.191522144581711018 90.303014341308951884 89.542716796419725256 88.796523023484439818 88.177051355334882032 87.5426990843556041 87.357587103732242895 88.275947666590283802 nan nan nan nan nan nan nan nan nan nan nan nan nan nan nan nan nan nan nan nan nan nan nan nan nan nan nan nan nan nan nan nan nan nan nan nan nan nan nan
95.003542705530790613 94.122297488280295852 93.341867380646462493 93.297578852614222455 93.570671237559622568 93.829539414789039142 94.11248341985593413 94.301416596357768185 94.507998462331542555 94.891096325779386689 95.478106365589809457 95.815268758620234735 95.517992309634649928 95.546553221225352104 94.663814400314208797 92.69551291495209 90.698841998877185233 89.330133714469724282 88.517038132187508381 87.853742163698697709 87.417690865641802134 87.004274828785824525 86.335229422407962829 86.299072027650396421 87.096378122112810161 nan nan nan nan nan nan nan nan nan nan nan nan nan nan nan nan nan nan nan nan nan nan nan nan nan nan nan nan nan nan nan nan nan nan nan nan nan nan
94.375631954497251286 93.335426122443266195 92.391893652434944784 92.394955608822229465 92.562252879300075392 92.515619129020308264 92.541236474623403296 92.765924581012342287 92.982241907359437505 93.222992725188277063 93.960775231038823563 94.250085306375979144 93.721498176195794372 93.763976318581811142 94.003652379918136717 92.043287802413473742 90.10308539547224882 88.476227467547246874 87.665663178433405278 86.918971451631705349 85.863955644364565956 85.693311245095557638 85.203862417125293405 84.784770902443341356 85.329909061671600057 85.951361263963619308 nan nan nan nan nan nan nan nan nan nan nan nan nan nan nan nan nan nan nan nan nan nan nan nan nan nan nan nan nan nan nan nan nan nan nan nan nan
93.441509825949736978 92.496215214266527482 91.783161551392581146 91.787943177319149868 91.712018005325234071 91.521346413344801363 91.221832578633609501 91.503346643045659903 91.555397159556704878 91.600390328090441017 92.26084292677884946 92.662040514500517929 92.26805088302536717 92.142196159699963687 92.097932257669427258 91.453072620796007186 89.357163204523857303 87.615092367999352518 86.973221514150722555 85.968471705918744874 84.290671123990492219 83.526110170320663428 83.886800522660024626 83.673789967613032559 83.847797798497310851 84.668793011287732497 nan nan nan nan nan nan nan nan nan nan nan nan nan nan nan nan nan nan nan nan nan nan nan nan nan nan nan nan nan nan nan nan nan nan nan nan nan
92.87437345906450048 92.035598938905806676 91.469618083733806202 91.213430464855491664 91.109170575438156447 90.790297654678326467 90.371242788953125569 90.228519598178010597 90.247665511992181564 90.20699975690885708 90.665566164389176151 91.235186866900960467 91.164331558967106162 90.764519835246687762 90.317840233319557797 89.539757465032096206 88.791838455077538583 86.629673439319404338 85.808212678363375403 84.863497503506579278 83.365356898834576782 82.408369397812563761 82.320891667242250378 82.5283152374595943 83.10840911595832381 83.565161895982100759 84.463577864276089713 nan nan nan nan nan nan nan nan nan nan nan nan nan nan nan nan nan nan nan nan nan nan nan nan nan nan nan nan nan nan nan nan nan nan nan nan
92.608989397657410336 91.927808358678319678 91.063492617249067962 90.768412120381839259 90.558848145476446234 90.259419588011724045 89.878749114946444365 89.340911205004289286 89.001346569767818551 88.928850192588228651 89.428359727862257955 90.414329200098691786 90.291880989927648216 89.396872842355136868 88.827535180441969942 88.123640732294902023 86.957797621954298961 85.435204465977676591 84.188858752926392981 83.418951107146810386 82.486044291246670923 81.845585996358749981 81.455120427675993255 81.961734399588436872 82.603202371651534008 83.505388891437021925 84.30948026644956883 nan nan nan nan nan nan nan nan nan nan nan nan nan nan nan nan nan nan nan nan nan nan nan nan nan nan nan nan nan nan nan nan nan nan nan nan
92.438796405317049221 91.580365046341370316 90.680711219121832301 90.360754216892487989 90.089413814512553813 89.656371318727892117 89.15765956909061174 88.688285304677208387 88.163589677644637277 87.920759935278042008 88.597703584401344301 89.521092854042194631 90.062737063693461437 88.888541868445159366 87.946263122806612955 87.103504131884392336 85.978372361977619676 84.518571926553974549 83.12435208803283615 82.255271831205192257 81.482367543016025024 81.30182015535402229 81.085930071602305702 81.604148026885695799 82.383574329497278654 83.598909164080765777 nan nan nan nan nan nan nan nan nan nan nan nan nan nan nan nan nan nan nan nan nan nan nan nan nan nan nan nan nan nan nan nan nan nan nan nan nan
92.338882738352126012 91.179853046273095174 90.387576755004900519 89.927128237816930323 89.723827469761616271 89.078050284989515717 88.436020128715242095 88.167494283579657122 87.723522449192202544 87.288587228557446451 87.799288364382789496 88.828362391977833568 89.676456867252412053 88.348776920734138685 86.900991543630411229 86.042320977705529117 85.00649321900593236 83.795521613699406771 82.442633765517570055 81.218320913228254199 80.48248004729904892 80.411689281561010034 80.431503052053528791 81.453402113731542045 82.221775444822682744 83.384195882846739778 nan nan nan nan nan nan nan nan nan nan nan nan nan nan nan nan nan nan nan nan nan nan nan nan nan nan nan nan nan nan nan nan nan nan nan nan nan
93.058788135834745958 91.380424559933516093 90.146647533262793672 89.449715303033798364 89.205476548166345196 88.702708284537152394 87.940895639344176971 87.560408391213243817 87.254441598081513121 86.814734525671852339 87.056989201213681895 87.987998408596439504 89.063291303071196126 88.424758922431081487 86.8238849439339333 85.576717912497429097 84.165138749808917851 82.644699592738675165 81.032153819524097571 80.124129816248739644 79.486954342393033812 79.297002036003434 79.84475849909576084 80.833026183923891494 81.446137369850589494 82.135405896226473033 nan nan nan nan nan nan nan nan nan nan nan nan nan nan nan nan nan nan nan nan nan nan nan nan nan nan nan nan nan nan nan nan nan nan nan nan nan
92.786763514580883339 91.79740273994084987 90.371770981600164419 89.300624420535896775 88.737443078868125212 88.363276807355788378 87.656674592078132946 87.031216937544684242 86.598445929083979422 86.706178771664440319 86.635073452149327977 86.847758985051655145 87.781044857065623432 87.929559415530818001 86.482447619426920937 84.782494554192567193 83.454822208788598914 81.857560805058398046 80.193096861042207024 79.200668343257831339 78.615560945594609166 78.703787767918527152 79.528349326231747796 80.093843038806411982 80.432757364873879169 nan nan nan nan nan nan nan nan nan nan nan nan nan nan nan nan nan nan nan nan nan nan nan nan nan nan nan nan nan nan nan nan nan nan nan nan nan nan
92.68644491914773198 91.706801524355967103 90.792978961848348263 89.412846929150063602 88.609806858200869328 88.151863057516791855 87.548774932637186907 86.695838116139825047 86.044231101477677726 86.36709005183072918 85.841564822317906192 85.912212070902967298 86.202677628551796829 86.697902410332304157 85.662717435346792172 83.982934189154150317 82.674508138134626734 81.078323457680355091 79.283200033711750621 78.356282820275694689 78.014940183728270995 78.418045226428446881 78.639795923726268256 79.15756370351452631 79.511013179667472173 nan nan nan nan nan nan nan nan nan nan nan nan nan nan nan nan nan nan nan nan nan nan nan nan nan nan nan nan nan nan nan nan nan nan nan nan nan nan
93.464657409221786111 92.023491375745990695 90.393159915039632324 89.424708683193003367 88.481495863328561313 87.601541958423297274 86.972833251264063392 86.335777173080046509 85.676952718536057318 85.646190644847109752 85.044583140171098989 85.065460317575499971 85.076159590086390949 85.348858907056239786 84.9129205526161428 83.565276344637695161 82.23050269222230213 80.526326300647028233 78.723249042671824327 77.730101318579912117 77.540719494377739807 77.626107264741719405 77.390713651421691566 77.976196675550283999 78.38022766699187116 nan nan nan nan nan nan nan nan nan nan nan nan nan nan nan nan nan nan nan nan nan nan nan nan nan nan nan nan nan nan nan nan nan nan nan nan nan nan
92.944767980462486889 91.819003298756541653 90.046189075481166242 88.570537631624446817 87.974992784385293021 86.921338352125047777 86.315700818618978474 85.716730174146547938 85.227911884012087285 84.911982776555603891 84.411103019591379848 84.156074968447455831 84.260350389927026526 84.04758385040302926 83.866612879726517349 82.958520394045848434 81.673713201830182129 80.162243205421660264 78.418788787567990539 77.069154886739383414 76.691966481467773065 76.590989702024771191 76.337872264612087747 76.733724169160595352 77.352530926502865327 76.951158212322752661 nan nan nan nan nan nan nan nan nan nan nan nan nan nan nan nan nan nan nan nan nan nan nan nan nan nan nan nan nan nan nan nan nan nan nan nan nan
92.335052758500808068 91.134276499374323066 89.768522411865362187 88.464647266265018288 87.257392574408754626 86.344573850248195868 85.59064207049712536 85.003978030888589501 84.572732930675641683 84.084244796209517858 83.579321568583878843 83.087403251460941078 83.304855626939442459 83.270822365068070781 82.735330704268790214 82.044333817567149936 81.02827881886257444 79.812743384376830136 78.010159115771131155 76.555042842694575711 75.881820594245198208 75.665795041786296338 75.342471067834694054 75.56327205041588968 76.16223516082510514 75.537604486135180082 74.707487780418276202 nan nan nan nan nan nan nan nan nan nan nan nan nan nan nan nan nan nan nan nan nan nan nan nan nan nan nan nan nan nan nan nan nan nan nan nan
