results/rofental/precip_month_2020-04-01T0000_2020-04-30T2300.asc
ncols        322
nrows        225
xllcorner    622802.488000000012
yllcorner    5178049.378999999724
cellsize     100.000000000000
[rows 56 to 83 of 225, columns 189 to 251 of 322]
nan nan nan nan nan nan nan nan nan nan nan nan nan nan nan nan nan nan nan nan nan nan nan nan nan nan nan nan nan nan nan nan nan nan nan nan nan nan nan nan nan nan nan nan nan nan nan nan nan nan nan nan nan nan nan nan nan nan nan nan nan nan nan
nan nan nan nan nan nan nan nan nan nan nan nan nan nan nan nan nan nan nan nan nan nan nan nan nan nan nan nan nan nan nan nan nan nan nan nan nan nan nan nan nan nan nan nan nan nan nan nan nan nan nan nan nan nan nan nan nan nan nan nan nan nan nan
nan nan nan nan nan nan nan nan nan nan nan nan nan nan nan nan nan nan nan nan nan nan nan nan nan nan nan nan nan nan nan nan nan nan nan nan nan nan nan nan nan nan nan nan nan nan nan nan nan nan nan nan nan nan nan nan nan nan nan nan nan nan nan
nan nan nan nan nan nan nan nan nan nan nan nan 36.107561046653621872 nan nan nan nan nan nan nan nan nan nan nan nan nan nan nan nan nan nan nan nan nan nan nan nan nan nan nan nan nan nan nan nan nan nan nan nan nan nan nan nan nan nan nan nan nan nan nan nan nan nan
nan nan nan nan nan nan nan nan nan nan 37.106885922422492285 36.577729596972929471 35.909239221076006743 35.523591048535273274 35.32064661298439745 nan nan nan nan nan nan nan nan nan nan nan nan nan nan nan nan nan nan nan nan nan nan nan nan nan nan nan nan nan nan nan nan nan nan nan nan nan nan nan nan nan nan nan nan nan nan nan nan
nan nan nan nan nan nan nan nan 37.213659638948534791 36.988813306531625358 36.643227193376738171 36.169619297355076526 35.706700112210675968 35.289499325816215958 34.795717324493239175 34.633282991849029031 nan nan nan nan nan nan nan nan nan nan nan nan nan nan nan nan nan nan nan nan nan nan nan nan nan nan nan nan nan nan nan nan nan nan nan nan nan nan nan nan nan nan nan nan nan nan nan
nan nan nan nan nan nan 38.121826776080020238 37.271468346667234073 36.542905311435212923 36.075337821030593943 35.726128130585188103 35.461464030335314135 35.283995118601225727 35.005852059042361191 34.503005226373794301 34.101821838836436029 34.062757095625599391 34.198088821875401777 nan nan nan nan nan nan nan nan nan nan nan nan nan nan nan nan nan nan nan nan nan nan nan nan nan nan nan nan nan nan nan nan nan nan nan nan nan nan nan nan nan nan nan nan nan
nan nan nan nan nan 38.246835399347091311 37.771566922312025838 36.769936806218055381 36.128870672800942998 35.746436848835081435 35.443300707665358118 35.145537088010890159 34.843803889367379156 34.61554746050580178 34.212544322561100785 33.825773101903187978 33.616668630247232841 33.632069814033464183 33.89846264354578409 34.328108357346181378 nan nan nan nan nan nan nan nan nan nan nan nan nan nan nan nan nan nan nan nan nan nan nan nan nan nan nan nan nan nan nan nan nan nan nan nan nan nan nan nan nan nan nan
nan nan nan nan nan 38.304392302984467733 37.70729656699137422 36.723789939266438864 35.975149123063410173 35.678610213279739583 35.40349724602956627 35.094283196623749177 34.78140591319866104 34.442365983175989186 34.084460083606380465 33.724311091893035552 33.518782622405083771 33.430806344203396918 33.497649835851348143 33.873268226727219599 34.437420657641922617 nan nan nan nan nan nan nan nan nan nan nan nan nan nan nan nan nan nan nan nan nan nan nan nan nan nan nan nan nan nan nan nan nan nan nan nan nan nan nan nan nan nan
36.640810329177128324 37.467624336863401879 nan nan 37.511649782385248386 37.325932474732020694 37.162645354144849819 36.702688485200717139 36.128464213221640478 35.805958093215146221 35.682816054421209628 35.164768169241114038 34.577251717805054909 34.244343369007339106 34.00119610664199854 33.733443018307767147 33.534564607335653363 33.388828343299969958 33.311326567532063336 33.461111178456853565 34.022682364614702522 34.087375481819883305 nan nan nan nan nan nan nan nan nan nan nan nan nan nan nan nan nan nan nan nan nan nan nan nan nan nan nan nan nan nan nan nan nan nan nan nan nan nan nan nan nan
36.034181696129621741 36.702770575036510081 37.130301129570973728 37.203260466678983676 36.707919472445176723 36.314442012220133904 36.225250419718207695 36.501445610656411134 36.266163293187595684 35.925850907104234011 35.568263149846082172 35.023115882230932527 34.477495319920059558 33.973838025154641684 33.866514729770294423 33.728446959543333605 33.491063291239626665 33.314190188274132254 33.214134574085491636 33.242089143292957942 33.795252338186791974 33.809921417524293474 33.677317055452277827 nan nan nan nan nan nan nan nan nan nan nan nan nan nan nan nan nan nan nan nan nan nan nan nan nan nan nan nan nan nan nan nan nan nan nan nan nan nan nan nan
35.357386646816777898 35.777174313241268067 36.260485977185837214 36.516079407148204439 35.973946372505110958 35.582658415123731288 35.63294556102549393 36.289139799990337565 36.398283571247787904 36.016108617456751517 35.532790531321822414 34.948593591854127283 34.462523725954696374 34.037120751170284905 33.788105321945728576 33.61788755164264586 33.367061875035929575 33.197004743067068944 33.079245727047883463 33.04641712931250197 33.486574092077582065 33.472588129855509465 33.429729579380293103 33.32330052596167036 nan nan nan nan nan nan nan nan nan nan nan nan nan nan nan nan nan nan nan nan nan nan nan nan nan nan nan nan nan nan nan nan nan nan nan nan nan nan nan
34.451969033696933309 34.824446572066293015 35.47562748418202716 35.913540036385427356 35.421174393962374438 34.920389328648873573 35.036500072497666736 35.643918090777489738 35.989437924981444894 36.211585142034934393 35.94642871738346912 35.039822920477718071 34.478916727979132872 34.090405214712461657 33.808165322685596266 33.560367328175139789 33.292889146324007754 33.135412940632853918 32.929946811896549264 32.743257666154669039 32.71962742808626956 32.591146758667917993 32.869366406841663775 33.178408175899605226 nan nan nan nan nan nan nan nan nan nan nan nan nan nan nan nan nan nan nan nan nan nan nan nan nan nan nan nan nan nan nan nan nan nan nan nan nan nan nan
34.010846297247333325 34.352349891279480687 34.869940258054789695 34.883473941817435104 34.690792211204175999 34.305453073266733099 34.433392232768056829 34.889271035936388898 35.140866641091335509 35.554059954987486947 36.020396511834064768 35.653696481408026386 34.871422603460018763 34.275006620058789508 33.807621331199669612 33.498587248775919534 33.184446032023082296 32.969286583959110715 32.687117697810727179 32.431304503423774577 32.155317768588361105 31.916389680756179104 32.177345572277111785 32.662622610411069957 nan nan nan nan nan nan nan nan nan nan nan nan nan nan nan nan nan nan nan nan nan nan nan nan nan nan nan nan nan nan nan nan nan nan nan nan nan nan nan
33.81266948874026923 33.63325590679049526 33.6151375653183635 33.76133061326420659 33.618421679014069525 33.613306149911757359 33.934025627053159724 34.210100646418524661 34.353819329010420347 34.73425192165361608 35.229093417002054878 35.599407227119989727 35.432014314829068269 34.916899356527906662 34.082878734422976663 33.440707684812814193 32.956436692704293989 32.645803612065570576 32.396110979384104667 32.151932077957141587 31.967131400291865617 31.772985567232623794 31.792801168477289764 32.341537111933980952 nan nan nan nan nan nan nan nan nan nan nan nan nan nan nan nan nan nan nan nan nan nan nan nan nan nan nan nan nan nan nan nan nan nan nan nan nan nan nan
33.042713768447875111 32.721368498608541131 32.451126924327816425 32.53819775373824541 32.78057118773620715 33.018253953901272268 33.269590857930325001 33.477515491527377378 33.695716817830728473 34.000627011426118429 34.405270247045443455 34.690663020600808863 34.671144833333947588 34.80944074857912085 34.50878680405294574 33.684842089574381419 32.846968559244253072 32.311227125334298194 32.042323756935516599 31.844162372216423762 31.753621591695491588 31.671571537029006294 31.463356335058641378 31.556863576399084792 32.048295348521911308 nan nan nan nan nan nan nan nan nan nan nan nan nan nan nan nan nan nan nan nan nan nan nan nan nan nan nan nan nan nan nan nan nan nan nan nan nan nan
32.752903906482096374 32.361883104412413559 32.020026036173490525 32.136996969303801563 32.335472398615010547 32.433001636418303804 32.567434704709086191 32.799775359994903567 33.029851990121322558 33.273306615354087512 33.757801586611158484 34.027251572849571915 33.903294380228665261 34.055325913644935554 34.302781035742860638 33.489515281499542709 32.685601900514264173 32.031989597752023258 31.770733380915288535 31.538596733882187095 31.155639698461502718 31.19639829098807482 31.080249837712013772 30.994291844180555273 31.368961209821282665 31.775630779924021851 nan nan nan nan nan nan nan nan nan nan nan nan nan nan nan nan nan nan nan nan nan nan nan nan nan nan nan nan nan nan nan nan nan nan nan nan nan
32.311122446081945725 31.972952869976218437 31.749364970925711305 31.874358265133299284 31.962798785142215507 31.998145104073810074 31.983106400580499695 32.250147138799668767 32.408332919928419358 32.564710805385018944 33.019214172331068369 33.349876188724913106 33.298041274217787588 33.376085889343102053 33.493743434117142499 33.321744068135323857 32.449654744125808747 31.747253326123249906 31.573927454614629795 31.223776489227159203 30.546735353539759217 30.307076514648077392 30.606462756486248367 30.625196880638171137 30.825912634964012682 31.333391217392623673 nan nan nan nan nan nan nan nan nan nan nan nan nan nan nan nan nan nan nan nan nan nan nan nan nan nan nan nan nan nan nan nan nan nan nan nan nan
32.042135433878563333 31.762531668265488349 31.617114621432211408 31.623590633500512581 31.705713765927239223 31.686623625359597867 31.621347446509471268 31.6912608640138167 31.84100454018981452 31.963504969741350692 32.328082811311816158 32.74733831835731479 32.858654502211308568 32.811919188078881859 32.742794854236450419 32.513715534780935457 32.298589378787283977 31.400555378966444664 31.147394360798369206 30.83275270018405223 30.248678173873226882 29.922337137174100263 30.011453207477764238 30.238385227288148371 30.640027377991451374 30.976639050855048652 31.520053802368973805 nan nan nan nan nan nan nan nan nan nan nan nan nan nan nan nan nan nan nan nan nan nan nan nan nan nan nan nan nan nan nan nan nan nan nan nan
31.914702211069858606 31.718395107166688973 31.436503115082825133 31.431633428300024491 31.470426756061748108 31.46818202615497384 31.428905879331690443 31.315828799555369244 31.300143347224491208 31.41481794452268872 31.806649558506453701 32.434138571449608435 32.528044586458705112 32.24997527214931381 32.129070407579703783 31.943036668224351615 31.533586098638462403 30.950960361770391671 30.499836114480544325 30.276182043498977237 29.971118612658276703 29.803628329784686457 29.752616405799916066 30.12943311953110026 30.565941990640109083 31.122197592675210132 31.624590005107535262 nan nan nan nan nan nan nan nan nan nan nan nan nan nan nan nan nan nan nan nan nan nan nan nan nan nan nan nan nan nan nan nan nan nan nan nan
31.829464096684702668 31.555103652208018161 31.263624536784391239 31.254249688278324726 31.270779074083456806 31.211661436527464275 31.123042063274986901 31.05055917866043913 30.953210021947494823 30.993358594479737178 31.478331572867261912 32.083226801919387583 32.504870018895282158 32.099705274306927549 31.80644560387420583 31.560838627335762396 31.178297577039682409 30.633105048000707882 30.11769301112150643 29.853051555421437513 29.631746008571212769 29.692363112970244998 29.731602492403368387 30.119773341726297389 30.628196650600010287 31.340435059107957017 nan nan nan nan nan nan nan nan nan nan nan nan nan nan nan nan nan nan nan nan nan nan nan nan nan nan nan nan nan nan nan nan nan nan nan nan nan
31.774666344989434208 31.362853833023486061 31.130662803930668758 31.061101557364398928 31.118013553153339501 30.963929668890390445 30.813831681037530785 30.845821524308238537 30.795038351572888047 30.750215420569208646 31.162683565351962045 31.82616910387218212 32.403177025447504889 31.931588416393207552 31.402129630367515034 31.15630624265958204 30.824185262256222018 30.406209065122560276 29.91782610416635535 29.488838584714695656 29.292119011964132369 29.412125080241100505 29.571194479561089707 30.208075623521061459 30.716673967525125022 31.408503403193716252 nan nan nan nan nan nan nan nan nan nan nan nan nan nan nan nan nan nan nan nan nan nan nan nan nan nan nan nan nan nan nan nan nan nan nan nan nan
32.111973120141684035 31.457296020787673285 31.019798771220642664 30.843804893642712273 30.888587310110249717 30.811081297657025857 30.610875442014048531 30.596541462042676329 30.619962642339185521 30.5805105831162507 30.871220587274169844 31.495086849486526148 32.189279003601953377 32.057567432625631909 31.46186422193432719 31.036232565551145512 30.530362332235320366 29.970484287471975904 29.364075911724874857 29.09457953837519284 28.952221917377251259 29.021325745986718658 29.441207107644103758 30.067822552602930131 30.507150389360074172 30.976039346282497888 nan nan nan nan nan nan nan nan nan nan nan nan nan nan nan nan nan nan nan nan nan nan nan nan nan nan nan nan nan nan nan nan nan nan nan nan nan
31.968177265068604243 31.653242272220513343 31.130814832967949712 30.781987632510755759 30.680602032007037394 30.672721305302943051 30.506768396343890259 30.381969113802430371 30.35190595084368681 30.584054265281469753 30.731339456165475355 31.016525790048159905 31.649888040184176674 31.905253771776180827 31.391255721863277728 30.754830281666066583 30.296847889800531561 29.707260199532228739 29.08301762710448557 28.779860737516017366 28.669443211533700122 28.87926828915447075 29.438932500999847264 29.867718539605615291 30.180491625994800842 nan nan nan nan nan nan nan nan nan nan nan nan nan nan nan nan nan nan nan nan nan nan nan nan nan nan nan nan nan nan nan nan nan nan nan nan nan nan
31.904650082756507601 31.601933362118135307 31.333817014861860883 30.843574864331003482 30.634112597036111225 30.59341672509943777 30.484957490132813973 30.25807466767161813 30.130101881559358645 30.473575603758547459 30.409373173314502736 30.633679651637180541 30.964704075014804374 31.394802168995187941 31.086945198830395753 30.467727874726378445 30.026436508379354962 29.444683636490552203 28.764636794272409048 28.500101756584285795 28.51405838634985912 28.882315214490528632 29.157687228116003553 29.569496679135298223 29.894955123587692469 nan nan nan nan nan nan nan nan nan nan nan nan nan nan nan nan nan nan nan nan nan nan nan nan nan nan nan nan nan nan nan nan nan nan nan nan nan nan
32.262545072076470376 31.744790934888548861 31.138702547232522733 30.854435269494494776 30.584879163171645899 30.348206592276603999 30.234888632749800763 30.119588346870290962 29.995638183036771096 30.176123820838270717 30.08274794069992808 30.290565642341750419 30.494203449565041808 30.824496432251372369 30.813014339425919275 30.361344405525851897 29.914695989227229944 29.288134821113104067 28.611396938787763133 28.321926917827475734 28.415965452356051202 28.637633465943288513 28.698931458337291645 29.149416739325733516 29.504939591951337974 nan nan nan nan nan nan nan nan nan nan nan nan nan nan nan nan nan nan nan nan nan nan nan nan nan nan nan nan nan nan nan nan nan nan nan nan nan nan
31.992815771069668784 31.634513621380104809 30.967106319169300122 30.445667659737690514 30.351098686113594738 30.038035668361395381 29.943195788489102682 29.853612218543965184 29.818984740670394729 29.869339119252423131 29.831889788168602706 29.914044989123546259 30.170157741050434907 30.273735115967117082 30.392507023697614699 30.160049544880806138 29.744723783462998057 29.218227769456330378 28.577285268934588203 28.122852020405755269 28.133083214316204845 28.271429180595546882 28.330461608407848217 28.69550191111013504 29.160218343798224083 29.124321348700927814 nan nan nan nan nan nan nan nan nan nan nan nan nan nan nan nan nan nan nan nan nan nan nan nan nan nan nan nan nan nan nan nan nan nan nan nan nan
31.678441602798294241 31.291212711481989572 30.827285452871421967 30.395868629331697974 30.013555439901633548 29.775566817202111736 29.616391116139062945 29.539898567032203403 29.540185511058087542 29.514499950922854055 29.482261529061045024 29.457365348269807015 29.775207230983337325 29.972114391204154771 29.92709737217369792 29.806420602457588842 29.527734912589746585 29.150916788539763758 28.488367766127453251 27.989855321048082715 27.863975979036389674 27.953273902932586736 27.984639029000327071 28.271178380466238877 28.731895041233034505 28.593546852121328072 28.346056561095434034 nan nan nan nan nan nan nan nan nan nan nan nan nan nan nan nan nan nan nan nan nan nan nan nan nan nan nan nan nan nan nan nan nan nan nan nan
