results/rofental/precip_month_2020-05-01T0000_2020-05-31T2300.asc
ncols        322
nrows        225
xllcorner    622802.488000000012
yllcorner    5178049.378999999724
cellsize     100.000000000000
[rows 112 to 139 of 225, columns 189 to 251 of 322]
57.249034244483446798 56.20092734219239361 55.352145413033369437 54.56915108101458145 55.319837335489339125 56.415933323517698739 57.313616619828501086 58.377642176715418998 60.048449885252296099 61.704519371238056635 63.143111671272713181 64.594862721173115006 64.722259233517604571 64.607042344975255332 64.377357349477250636 63.951418077435697285 64.149544786034070398 65.814494656457469546 67.062681002738941061 67.800465916598113836 68.255027083474331562 68.051288164526297919 67.302941329874769849 67.201474316491214722 68.181238412511575575 69.128332796296547258 68.576063856021207243 nan nan nan nan nan nan nan nan nan nan nan nan nan nan nan nan nan nan nan nan nan nan nan nan nan nan nan nan nan nan nan nan nan nan nan nan
56.334447172923553637 55.491061470335985462 54.806246088552036611 55.646643327688430247 56.143320797261758059 57.323756736295365499 58.629424401358527064 59.789380747324429421 61.755709705919684893 63.171884353498427345 64.367013586316076612 65.298969398060805247 65.40988112283170608 65.369458950910171779 65.375010001275782656 64.852815144938887215 64.857393774789798613 65.766751498986309343 67.412354468772250016 68.901434008668417164 68.761790395467187409 68.222740033421615635 67.981583952847174146 68.414734321505903836 69.683652272281563 nan nan nan nan nan nan nan nan nan nan nan nan nan nan nan nan nan nan nan nan nan nan nan nan nan nan nan nan nan nan nan nan nan nan nan nan nan nan
55.453559545705687128 54.824009953086836333 55.766065464399432017 56.537810771678842059 57.348766569126240711 58.485657869207557269 59.82911736985096951 61.333357292959661322 62.787302281844468155 64.18751812117673694 65.466196865734389121 66.075742477135008812 65.977963051472940492 65.855881685325712738 65.923759253664741209 65.588495477426889124 65.563925831944686706 65.795884916329328007 67.563577007130163565 69.390792555064365388 69.066522915656548776 68.424746911670510485 68.505041328748347951 69.49521186860536659 70.966288258785951371 nan nan nan nan nan nan nan nan nan nan nan nan nan nan nan nan nan nan nan nan nan nan nan nan nan nan nan nan nan nan nan nan nan nan nan nan nan nan
54.926324698838740801 55.668275391579427946 56.472953427605396826 57.411817120630153966 58.427553878520463115 59.684420618721013341 60.927633037542008765 61.957519420090470419 63.225446740337829965 64.739082687361928947 66.04662749320927162 66.725526033567277295 66.652819604834192546 66.812380557523951552 66.547183537287509125 66.230799992806780097 66.313461366306071909 66.326104803229242179 67.578833833864607072 69.560243216581440606 69.932968630135761146 69.39348114563618708 69.457570865989183062 70.26312082999464792 71.901289740994926092 nan nan nan nan nan nan nan nan nan nan nan nan nan nan nan nan nan nan nan nan nan nan nan nan nan nan nan nan nan nan nan nan nan nan nan nan nan nan
56.230949993200866288 56.787522279431229322 57.500934624406156104 58.754862157103218578 59.972700774687183412 61.104549770347595938 62.33736728000186389 63.438750236999815968 64.119594212586747517 64.950500639912888801 65.92841604304852865 67.340535978246236937 67.754562111656795764 67.682789247859389548 67.230245317379370817 66.939471748146559094 66.976330850241268422 67.184356531950271574 68.322737070951419014 70.300947502261593058 71.303051027761796377 70.798052332739075609 70.915609283570475441 71.81498284065379778 72.304887284535098502 nan nan nan nan nan nan nan nan nan nan nan nan nan nan nan nan nan nan nan nan nan nan nan nan nan nan nan nan nan nan nan nan nan nan nan nan nan nan
57.425353889103256222 58.056016909084341648 58.750247131340302076 60.56273976288878913 61.695996203210199837 62.635661644459766251 63.88596033686126674 64.785191068476876808 65.653729648673021302 66.446699980981946965 67.196114603101548823 67.802173705923920011 68.667584613759629519 68.402990894298298485 68.219688602152899648 68.02060362363187096 67.916416038911762598 68.141357280884676584 69.106884053837845272 70.907694143027825362 72.765012275386695251 72.88788645178800607 72.879548362009032303 73.426085267106159904 nan nan nan nan nan nan nan nan nan nan nan nan nan nan nan nan nan nan nan nan nan nan nan nan nan nan nan nan nan nan nan nan nan nan nan nan nan nan nan
58.680811117659253284 59.503980171701492452 60.751978894483968929 62.183650225356522867 63.246854593769526787 64.163446532293804125 65.143116767067965611 66.059108425475500326 67.032758092837468666 67.677027956126323716 68.603931459634367229 68.885934003971868833 69.011315369295914479 69.065828819277413686 69.051770387316949495 68.879169088232103491 68.711264948345245784 69.064444951938000372 70.288731732959320198 71.736973433270279088 73.559738832017615096 74.781005234727061293 74.820420099548968551 nan nan nan nan nan nan nan nan nan nan nan nan nan nan nan nan nan nan nan nan nan nan nan nan nan nan nan nan nan nan nan nan nan nan nan nan nan nan nan nan
59.896638495355617238 61.228176685455892425 62.764226261286388819 63.791434441796326382 64.630463830555754612 65.416930292612164521 66.435224076038991825 67.434633687952342029 68.070194904400068481 68.904803169616386072 69.381785719118838074 69.376285758455651376 69.366739555409637319 69.646953200543492812 69.568636552410708873 69.483242969920098631 69.400163566712407714 69.946630671958970993 71.314002307233963052 73.224469820584275226 74.724466015877453628 76.155161378305791686 nan nan nan nan nan nan nan nan nan nan nan nan nan nan nan nan nan nan nan nan nan nan nan nan nan nan nan nan nan nan nan nan nan nan nan nan nan nan nan nan nan
61.318020888774604771 63.077936874014930879 64.390883033294755933 65.310492421308495636 65.914556612007530134 66.712472784217368371 67.669756267435900554 68.499980108536547618 69.529110417525373578 70.008053881275344565 70.005945427134605552 69.733152149265066555 69.778729281596156397 70.272872111160040731 70.220389511516586367 70.34295788415212769 70.277369790817289186 71.380232897264562553 73.026628093262459629 73.976834384755207452 75.753077053169832311 77.500206152099437418 nan nan nan nan nan nan nan nan nan nan nan nan nan nan nan nan nan nan nan nan nan nan nan nan nan nan nan nan nan nan nan nan nan nan nan nan nan nan nan nan nan
62.916007233340728533 64.482736233864400788 65.750848516642577124 66.533320574549748017 67.224586865786392309 67.945851582321623141 68.832657284855073954 69.666333554190629229 71.123841010736782664 70.581128188805351442 70.445298607225154797 70.135943752924148953 70.1475066988099627 70.662938125603290018 70.999488813322386704 71.211123510442462248 71.251452498792389179 72.344950688245162951 74.120256208461199776 75.113826341206021198 76.766743330012687352 78.423658684491456938 nan nan nan nan nan nan nan nan nan nan nan nan nan nan nan nan nan nan nan nan nan nan nan nan nan nan nan nan nan nan nan nan nan nan nan nan nan nan nan nan nan
63.698722649607141477 65.377209287760308598 66.395604267567065904 67.462708628606037564 68.28446542368271821 69.058786954630406285 70.139672271536554149 71.347416268052697319 72.026816469126330844 71.045826650832097471 70.929539535137763551 70.592461929152932498 70.798348013625613362 71.454648737499937283 71.668603484954743976 71.744790024416872143 72.062517033716702031 72.881627456565283296 74.752907888854039697 75.85320145336319797 77.32895934024126916 78.708682096778233017 nan nan nan nan nan nan nan nan nan nan nan nan nan nan nan nan nan nan nan nan nan nan nan nan nan nan nan nan nan nan nan nan nan nan nan nan nan nan nan nan nan
64.499760865329619719 65.863670239210435398 66.799718156263296009 68.247227406459231247 69.187966264744190426 70.077212593851086808 71.521638899243939136 72.624982389812799966 72.202066504595933338 71.631118332430162354 71.572218966809984408 71.544883565652114044 71.988013192405119867 72.314185352344708235 72.380232461004410993 72.370828793245536303 72.854616968511862751 73.311412869036686857 74.035129303735033091 75.322391613970111734 76.689232424574129254 78.221793270037366597 nan nan nan nan nan nan nan nan nan nan nan nan nan nan nan nan nan nan nan nan nan nan nan nan nan nan nan nan nan nan nan nan nan nan nan nan nan nan nan nan nan
65.239501225516889349 66.411524876780021032 67.590512976375080711 68.966450428534386674 69.944543987997761292 71.382149562586192815 73.095958782441030621 73.595838488828732693 72.651792240801526646 72.170990332357717989 71.985279068234333977 72.217230959463591944 72.570305751811389428 72.867096253457305011 72.89908192704157841 72.820536943771699612 73.220757866722479434 73.851185847472095247 74.06350793215327144 74.934177949086375747 76.645075487562294825 78.070222909579868542 nan nan nan nan nan nan nan nan nan nan nan nan nan nan nan nan nan nan nan nan nan nan nan nan nan nan nan nan nan nan nan nan nan nan nan nan nan nan nan nan nan
65.788627784901123619 67.063195385152980066 68.40328028526884907 69.671828793788876055 70.744973018810881626 72.501270494543831546 73.899973636536742561 73.621992478544072469 73.42927890988744366 72.961946156648437523 72.901103842995794935 73.051673275256860052 73.256374836740619116 73.422972503708948011 73.33765089565044093 73.347350443994386637 73.8654974219403897 74.309181318788631643 74.644606587135513109 75.058224897609676418 76.941559691990804026 78.177579858974382887 nan nan nan nan nan nan nan nan nan nan nan nan nan nan nan nan nan nan nan nan nan nan nan nan nan nan nan nan nan nan nan nan nan nan nan nan nan nan nan nan nan
66.164827611449368305 67.61873527877531842 69.17803085870254165 70.369465239999797745 71.636705844120115216 73.20062455560147896 74.614577741342671402 74.363352391832989952 74.070661438940874177 73.850948288391009555 73.752557384970558019 73.711435675332410256 73.824599453947385541 73.858939989482692567 73.802089740572412779 74.071036007026918924 75.204921521692952524 75.257644717636281939 75.554417230839234776 75.768271751649393764 76.820250413423778468 nan nan nan nan nan nan nan nan nan nan nan nan nan nan nan nan nan nan nan nan nan nan nan nan nan nan nan nan nan nan nan nan nan nan nan nan nan nan nan nan nan nan
66.563606070146633442 68.198454056938373924 69.532641294698876777 70.951636080683940122 72.299889742244815238 73.661495878842572438 75.17429083909908627 75.46337529839163949 74.792241024141887351 74.610260426141735479 74.427881410174734356 74.291699122947449041 74.23471605430539455 74.256522784853657981 74.295042273957562884 74.831680117075521252 76.003096979861211935 76.408496615816815734 76.369447240045971625 76.593934891457976732 77.58297421184973075 nan nan nan nan nan nan nan nan nan nan nan nan nan nan nan nan nan nan nan nan nan nan nan nan nan nan nan nan nan nan nan nan nan nan nan nan nan nan nan nan nan nan
67.765886039836061627 68.75970348853240921 70.077109802858672083 71.563607754103642833 73.43389598434858101 74.697381302623469423 76.096506456100271976 75.59548525899525373 75.304753595440445224 75.065251456503844452 74.888819241903902935 74.705748893210611072 74.651538575968189093 74.703682577251413477 74.80184548269042466 75.321857704649488596 76.403672188032189183 77.422402513695288917 77.330927572163176364 77.582490182710685644 78.252005439237706241 nan nan nan nan nan nan nan nan nan nan nan nan nan nan nan nan nan nan nan nan nan nan nan nan nan nan nan nan nan nan nan nan nan nan nan nan nan nan nan nan nan nan
68.448975253652562856 69.568003960933168628 70.682061250253823914 71.915118368030107376 73.644979558848717716 75.166087105884244579 76.329978172306852002 76.24071102406807654 75.755774029230508404 75.351125131674493218 75.200469476345489284 75.026030095255322294 75.065947478259630543 75.150927711645067575 75.400908807780140819 75.967827531763077786 76.680755016285075953 78.114906604771448428 78.631551866995167188 nan nan nan nan nan nan nan nan nan nan nan nan nan nan nan nan nan nan nan nan nan nan nan nan nan nan nan nan nan nan nan nan nan nan nan nan nan nan nan nan nan nan nan nan
69.124119984707078856 70.014641934947704272 71.067993996647501831 72.494380027173392023 73.843778364420984417 75.056069690572272179 76.179068006631112553 76.826653970972486718 76.297172717682272491 75.82928136035445732 75.722062370310581514 75.609564299428896561 75.587017739126835636 75.810363693747802927 76.436691230102724148 76.739152023301087979 77.268942973897765114 78.673885224659088067 nan nan nan nan nan nan nan nan nan nan nan nan nan nan nan nan nan nan nan nan nan nan nan nan nan nan nan nan nan nan nan nan nan nan nan nan nan nan nan nan nan nan nan nan nan
69.160707155460954709 70.326109242617079076 71.370948632371835174 72.533202712590366446 73.244637311718889805 74.234607315625396495 75.763163855357731791 77.287912144612931797 77.014402202700679823 76.67835449165188777 76.448560589020388534 76.399543853322583686 76.829042722482370209 77.649979814256766986 77.724749451129980571 77.489414908332619802 78.053896771915191266 nan nan nan nan nan nan nan nan nan nan nan nan nan nan nan nan nan nan nan nan nan nan nan nan nan nan nan nan nan nan nan nan nan nan nan nan nan nan nan nan nan nan nan nan nan nan
70.094398876321648117 70.97410104545237175 71.706004338964703493 72.593409121497884939 73.215563149127419251 74.335571399295901074 75.895547449612450919 77.380862610976762994 77.769014271578356556 77.609509756734155417 77.505993557255493442 77.604512484309111642 nan nan nan 78.128176676060704153 nan nan nan nan nan nan nan nan nan nan nan nan nan nan nan nan nan nan nan nan nan nan nan nan nan nan nan nan nan nan nan nan nan nan nan nan nan nan nan nan nan nan nan nan nan nan nan
70.81029465999660033 71.352810064426847703 71.941623930079387605 72.642501688942260785 73.651636396130385265 74.965376249547361454 76.321815970542033369 77.856923440904196809 78.769936968500985586 nan nan nan nan nan nan nan nan nan nan nan nan nan nan nan nan nan nan nan nan nan nan nan nan nan nan nan nan nan nan nan nan nan nan nan nan nan nan nan nan nan nan nan nan nan nan nan nan nan nan nan nan nan nan
70.777003575119010748 71.608985691474927648 72.273252645271142569 72.943161558574374226 74.241752273154006048 75.65459578074377589 76.967581401642419792 78.393676980229997753 nan nan nan nan nan nan nan nan nan nan nan nan nan nan nan nan nan nan nan nan nan nan nan nan nan nan nan nan nan nan nan nan nan nan nan nan nan nan nan nan nan nan nan nan nan nan nan nan nan nan nan nan nan nan nan
71.13431121981544436 71.800919556983799907 72.610806456893129734 73.460301413550993743 74.911783799727786004 76.291948283442977186 77.566932662684308752 78.566988784411122992 nan nan nan nan nan nan nan nan nan nan nan nan nan nan nan nan nan nan nan nan nan nan nan nan nan nan nan nan nan nan nan nan nan nan nan nan nan nan nan nan nan nan nan nan nan nan nan nan nan nan nan nan nan nan nan
71.526131915079901091 71.996433640229042794 72.625831281322902555 73.400263594597916494 74.327006304153087513 75.692799981939643317 77.041669933141520232 78.583233961168218684 nan nan nan nan nan nan nan nan nan nan nan nan nan nan nan nan nan nan nan nan nan nan nan nan nan nan nan nan nan nan nan nan nan nan nan nan nan nan nan nan nan nan nan nan nan nan nan nan nan nan nan nan nan nan nan
71.888851605841651349 72.332175315522491132 72.795006448937030541 73.279358174226572942 74.008270641255606392 75.305662759947466611 77.053658135175354005 78.749837500929601219 80.163562747376062134 nan nan nan nan nan nan nan nan nan nan nan nan nan nan nan nan nan nan nan nan nan nan nan nan nan nan nan nan nan nan nan nan nan nan nan nan nan nan nan nan nan nan nan nan nan nan nan nan nan nan nan nan nan nan
72.337795433445776894 72.734555358873976161 73.333916545670589926 73.760880273712345456 74.122759502631282658 75.034620248394304554 76.684821645072730689 78.264620687654314679 79.972698930998944888 nan nan nan nan nan nan nan nan nan nan nan nan nan nan nan nan nan nan nan nan nan nan nan nan nan nan nan nan nan nan nan nan nan nan nan nan nan nan nan nan nan nan nan nan nan nan nan nan nan nan nan nan nan nan
72.798046379009562656 73.244210677756271366 73.799240694538042362 74.185527616653615723 74.501239209776429107 75.162320121001741313 76.901245796346458405 78.562170286379497952 80.311049660292241015 nan nan nan nan nan nan nan nan nan nan nan nan nan nan nan nan nan nan nan nan nan nan nan nan nan nan nan nan nan nan nan nan nan nan nan nan nan nan nan nan nan nan nan nan nan nan nan nan nan nan nan nan nan nan
