results/rofental/precip_month_2020-06-01T0000_2020-06-30T2300.asc
ncols        322
nrows        225
xllcorner    622802.488000000012
yllcorner    5178049.378999999724
cellsize     100.000000000000
[rows 140 to 167 of 225, columns 63 to 125 of 322]
nan nan nan nan nan nan nan nan nan nan nan nan nan nan nan nan nan nan nan nan nan nan nan nan nan nan nan nan nan nan nan nan nan nan nan nan nan nan nan nan nan nan nan nan nan nan nan nan nan nan nan 159.4814759307670613 158.16280270149542275 155.78218398728199645 153.21374009852644349 151.08413592107228851 149.00470096467978465 147.02024696675056248 145.77722990912488399 144.68142545568198898 143.13335696693073373 141.31177926482510543 139.59441373490835758
nan nan nan nan nan nan nan nan nan nan nan nan nan nan nan nan nan nan nan nan nan nan nan nan nan nan nan nan nan nan nan nan nan nan nan nan nan nan nan nan nan nan nan nan nan nan nan nan nan nan 159.80227340369953026 158.32462788593824143 156.8739733377210257 154.32285527294007466 151.60268073032366942 149.87276420759721418 147.81583367608638468 146.11157569888081298 144.92965804052030876 143.66100411265597359 142.13830943459373657 140.20504967598515123 138.26527506662463907
nan nan nan nan nan nan nan nan nan nan nan nan nan nan nan nan nan nan nan nan nan nan nan nan nan nan nan nan nan nan nan nan nan nan nan nan nan nan nan nan nan nan nan nan nan nan nan nan nan 159.20980362180503676 156.13165868405420156 154.50656829360991651 152.86297511929649318 152.68223883208580105 151.12847996258884109 148.88193278334603065 146.55962944046373764 144.76841152721766548 143.325007666307215 141.8404998033382185 140.28805532469743866 138.60395718129873899 136.73484741438019796
nan nan nan nan nan nan nan nan nan nan nan nan nan nan nan nan nan nan nan nan nan nan nan nan nan nan nan nan nan nan nan nan nan nan nan nan nan nan nan nan nan nan nan nan nan nan nan nan 157.50116914522436673 155.42682277226333554 152.50698145026967723 150.40356452083383942 149.27063033396049718 148.6043107365011906 149.57015386578842708 148.80740832369443183 145.80198284080819349 143.38549107872847799 141.6732828437856142 140.23038937159020634 138.53967174312145971 136.56658667280836994 134.72602578875310542
nan nan nan nan nan nan nan nan nan nan nan nan nan nan nan nan nan nan nan nan nan nan nan nan nan nan nan nan nan nan nan nan nan nan nan nan nan nan nan nan nan nan nan nan nan 157.90662454346784216 156.86528332819870002 155.00380972014167469 153.89056757381641205 152.36003077344687995 149.89578255661118078 147.97335579889212909 146.46412610544913946 145.3664465429232564 145.80474669260644305 146.2146061938576338 145.26860497120557625 143.24903599119323871 141.15508964851761675 139.41397691528868563 137.73839160276540383 136.18293718257731939 134.28487690212003258
nan nan nan nan nan nan nan nan nan nan nan nan nan nan nan nan nan nan nan nan nan nan nan nan nan nan nan nan nan nan nan nan nan nan nan nan nan nan nan nan nan nan nan nan 155.00970576647424082 154.7998548258292999 154.29620569296545796 152.03917246400979479 150.44125157635119194 149.89591514026625418 148.60014714034105054 146.67550186242019095 144.64733279749546568 143.25768586081605349 142.28268314692124363 142.09752151876693915 142.41544672405322558 141.94396311324680937 140.96927600780898615 139.68522886489722623 138.06260711822662302 136.13243130090748423 133.90184379767396194
nan nan nan nan nan nan nan nan nan nan nan nan nan nan nan nan nan nan nan nan nan nan nan nan nan nan nan nan nan nan nan nan nan nan nan nan nan nan nan nan nan nan nan nan 152.30622589091342434 151.82705741985850523 150.59413317416445466 149.75894364462590147 147.83012975557070945 146.63355508165844299 145.39060282905083454 144.48356414647756196 142.93094162711250306 141.7042351865852936 140.40736295208424167 139.0849023339060011 138.63591727786848651 138.48322689613837611 137.85457634023467222 136.9996485119962415 136.10606617860932488 135.10829500668376113 132.83945603249597411
nan nan nan nan nan nan nan nan nan nan nan nan nan nan nan nan nan nan nan nan nan nan nan nan nan nan nan nan nan nan nan nan nan nan nan nan nan nan nan nan nan nan nan nan 151.84594881621160312 150.46058478697247551 149.07048140517343882 147.61697761447868515 146.39461756519119717 145.3903635430131942 144.30180476043261706 143.23609253036178757 142.02416472461914054 140.77834710640775029 139.60695978196577016 138.15382960806115875 136.67313801153460417 135.48600308576359907 134.70871442561212916 134.36982329651448254 133.34042028519718315 132.44561708550941148 130.3506535012288623
nan nan nan nan nan nan nan nan nan nan nan nan nan nan nan nan nan nan nan nan nan nan nan nan nan nan nan nan nan nan nan nan nan nan nan nan nan nan nan nan nan nan nan 153.82323196737542048 151.92462901553795973 149.64015531159012085 148.10769047689154831 147.0831063322657144 146.01136072752228756 144.92403174155126067 143.8712690769480389 142.83314050831404529 141.70017857717598986 140.48504940813302255 139.22629181726534853 137.792659798585305 136.36052411706529597 135.01370525880116702 133.49951281142207904 132.05972725910109489 130.40074444040857315 128.92565695485228616 127.55452961839374382
nan nan nan nan nan nan nan nan nan nan nan nan nan nan nan nan nan nan nan nan nan nan nan nan nan nan nan nan nan nan nan nan nan nan nan nan nan nan nan nan nan nan nan 154.52076322323037516 152.36035381257863719 149.57602348713697893 147.7256418543456391 146.72008589013228175 145.6909579042514622 144.60309760776797816 143.64491804333408709 142.52690200059922176 141.23232168366959627 139.91318946862892858 138.66695426005523473 137.28559668397585369 135.84657581537868509 134.35995915658097033 133.00908084520102648 131.29737171233645654 129.65904231280472914 127.35099867282704622 125.42118552341571558
nan nan nan nan nan nan nan nan nan nan nan nan nan nan nan nan nan nan nan nan nan nan nan nan nan nan nan nan nan nan nan nan nan nan nan nan nan nan nan nan nan nan 156.53667227795912709 154.59114036282332449 151.72374730176184698 149.63238416885991455 147.85083632730822956 146.65870496782375199 145.67409435146339547 144.59241284966446983 143.80728464940727918 142.64903461669891271 141.24621962785275286 139.82018035159191527 138.36944741550573212 136.79597423123212252 134.9275623654143601 132.84167009479943999 130.90627320637341313 129.17427115576930419 127.48381523314576214 126.02572732726838467 124.51304752296736922
nan nan nan nan nan nan nan nan nan nan nan nan nan nan nan nan nan nan nan nan nan nan nan nan nan nan nan nan nan nan nan nan nan nan nan nan nan nan nan nan nan 157.83685774723937811 156.80435800093798093 154.1118322235082303 152.14680543026051396 150.20573726642393808 148.48435479740993514 147.35741064547246992 146.41567281577152926 145.24077579220275425 144.34642103435209037 143.20018518982305977 141.90091336900135843 140.45909582591625053 138.76689453675689379 136.69293029841952603 134.27081874912698822 132.30162623080590834 130.357470368072768 128.04298222778783156 126.40583372480148228 125.02855029284509669 124.07804790057457467
nan nan nan nan nan nan nan nan nan nan nan nan nan nan nan nan nan nan nan nan nan nan nan nan nan nan nan nan nan nan nan nan nan nan nan nan nan nan nan nan nan nan 156.34775884770814969 153.96219381441483165 152.30493937775659674 150.54265572071793144 148.78073931651107387 147.94922065381811649 147.24986884672574661 146.303547196427985 145.76986000463901405 144.26005632147629854 142.87850897177986553 141.42675561689395636 139.76145019015950766 137.54988410706422997 134.90240801536219806 132.31668921316042997 130.01114830673580514 127.61204020181027374 125.4816568649818862 124.77496181664299968 124.12293236934718266
nan nan nan nan nan nan nan nan nan nan nan nan nan nan nan nan nan nan nan nan nan nan nan nan nan nan nan nan nan nan nan nan nan nan nan nan nan nan nan nan nan 159.13937854347943812 156.59394768540104792 154.46359258261512082 153.0074959286175158 151.19942046688549908 149.46397727495264007 148.76150740366088598 148.30382581814498621 147.76234497242086263 147.30931900846024973 145.96649700871947175 144.83359242011084689 143.1731954901109134 140.51272884636503591 137.93687080317442906 135.05664590587247176 132.15925642532022266 129.55167032376652969 127.0778723725653947 125.38405642732017498 124.87319846783590549 124.16947542478848732
nan nan nan nan nan nan nan nan nan nan nan nan nan nan nan nan nan nan nan nan nan nan nan nan nan nan nan nan nan nan nan nan nan nan nan nan nan nan nan nan nan 160.41370764789911618 158.12002199207526587 155.26571909477209488 153.52642164493548194 151.80388154484782604 150.47555336398485792 149.74278245255766251 149.89075304364209273 149.01883830721322965 145.87393999832906388 143.82029097038153509 143.16830731087739537 141.50300446495538154 139.19286492774895692 136.91902415487632538 134.18705642051801874 131.24703136530700931 128.57365876115443371 126.24572231137670997 125.49384507170067593 124.89925113807696277 124.19515956597838624
nan nan nan nan nan nan nan nan nan nan nan nan nan nan nan nan nan nan nan nan nan nan nan nan nan nan nan nan nan nan nan nan nan nan nan nan nan nan nan nan nan 161.34755034120800588 159.4872416518846876 157.39081112120271655 154.5759839472726469 152.25060491288596154 151.15739274530037051 150.81367737539719087 149.54651174107303291 146.50098194756648695 143.43965315117588943 141.87570189229279549 140.91418071853001948 139.94306226646992286 137.99828372731880677 135.41657032220342671 132.80682476999518826 130.16906060273984735 127.52351946222069046 126.06651623095372372 125.53728004742843893 124.89176240778189708 124.2571486087567223
nan nan nan nan nan nan nan nan nan nan nan nan nan nan nan nan nan nan nan nan nan nan nan nan nan nan nan nan nan nan nan nan nan nan nan nan nan nan nan nan nan 160.88826499221988797 159.63255067714391089 157.33000576171443186 154.81765929395251646 153.03212334069255007 151.20372304161332977 148.96806485363239858 146.75629202123684536 144.17281579199959651 141.78420038793387903 140.00390652066343478 138.3639870809344643 137.46058142525862422 136.12938083325943239 134.47928537355605272 132.18220046980391658 129.50138749663500448 126.811564468886246 126.12253073955558591 125.57414790472333266 124.99851889417463724 124.35593504687892619
nan nan nan nan nan nan nan nan nan nan nan nan nan nan nan nan nan nan nan nan nan nan nan nan nan nan nan nan nan nan nan nan nan nan nan nan nan nan nan nan 160.23034846186399704 159.17647176647307106 157.90416308699718684 155.38098308258943803 153.09567163987134109 150.80776003860603396 148.87350859891867572 147.5435113351388452 145.58180476886923316 143.25087406552961511 140.81527163577288775 138.49582927529590393 136.94213933933801286 135.74984424857370868 134.48528995827737731 132.87860860056170509 130.90819909356036987 128.49696448245092029 126.66282433963566234 126.24859497286998078 125.6780747462906902 125.12485537921466516 124.48342464526922413
nan nan nan nan nan nan nan nan nan nan nan nan nan nan nan nan nan nan nan nan nan nan nan nan nan nan nan nan nan nan nan nan nan nan nan nan nan nan nan 158.39204567129698376 158.01878852112162122 157.291631583824568 156.18646436628017682 154.33066757693575255 152.13606137839272492 149.96935065956890298 148.05811805666496639 146.68319281199097759 144.99598634542314812 142.79428946674491385 140.64861148276165181 138.59706886233729506 136.51312471865566067 134.69435463740623504 133.27448160356991025 131.79287799410295179 129.76992504650232263 127.42948227731439204 126.88757721057508832 126.43062696033047132 125.8682266899713369 125.28856742719555939 124.58037320784487179
nan nan nan nan nan nan nan nan nan nan nan nan nan nan nan nan nan nan nan nan nan nan nan nan nan nan nan nan nan nan nan nan nan nan nan nan nan 158.66622126423911254 157.03440351283177279 156.08306612528576807 155.66854245311893123 155.15319857445251728 154.39856605226455599 153.39753958320318361 152.05929251616277043 149.9677096784562309 147.92561556477997442 146.04332303583905173 144.20292399846729836 142.60777715536229948 140.68556583912013025 138.80382554643202297 136.58518188329060195 134.36162424580962238 132.72953769985841177 130.86386772628389963 128.57014820407584921 127.4339002486193948 127.09910234670991258 126.59579373668941571 126.08009376253819767 125.46488056241091158 124.68595677440973191
nan nan nan nan nan nan nan nan nan nan nan nan nan nan nan nan nan nan nan nan nan nan nan nan nan nan nan nan nan nan nan nan nan nan nan nan 157.85599310127915373 156.85358462262999524 154.95204556880347013 154.05771259363396553 153.42960932050536371 153.03330831201685669 152.46951749723817215 151.71027904540446229 150.75221187279370838 150.2097208378973221 148.42742692541497718 145.89583592785021438 143.669303165849783 142.05098291863936311 140.21659891591906444 138.68838054665525306 136.47911034400109997 133.78327642693710686 132.05402166833025035 130.46288908220569169 128.39345464005489816 127.63221030555675384 127.21595636210199132 126.81075041928230007 126.35088557271106424 125.67497424859804767 124.91561306372786078
nan nan nan nan nan nan nan nan nan nan nan nan nan nan nan nan nan nan nan nan nan nan nan nan nan nan nan nan nan nan nan nan nan nan 157.55007394197443205 156.3406471073675732 155.48962153722919766 154.29711411380685604 152.98797439615131566 152.25715727663219923 151.50220533723592098 151.05807914476312703 150.57546113654501596 150.02313443981933005 149.13244681873916875 148.01512780361937871 148.08165594626186135 146.9916787056528733 144.45286507220416183 142.34227556653203806 140.49005443243339641 138.54621696041886025 136.40777502081979833 134.95432585307335671 132.66430083651962946 130.5688961457468622 128.21083310913371633 127.84646643593032422 127.53128318396764485 127.22555463311380208 126.7137556111042187 125.96504705091888354 125.37382266848113943
nan nan nan nan nan nan nan nan nan nan nan nan nan nan nan nan nan nan nan nan nan nan nan nan nan nan nan nan nan nan nan nan 159.40486725546222146 158.39579236608832957 156.53914280911811829 155.02754868861137538 153.96720932992764119 152.41592784801358107 151.2049201423901934 150.44551270918984187 149.92269372242068926 149.26751763179044019 148.68877524480330976 148.12572947047684124 147.22973152877523262 146.20016495375961085 144.99900035246088237 144.67595595046694257 143.64373368532616837 142.29773285928160931 140.56519773903602299 139.10441859812618759 137.72509370652849725 135.86164931421723168 133.50396615423431967 131.18807735026911132 128.83306236933617583 128.65030906835886526 128.11312474925637162 127.73199009090286893 127.17946083809589197 126.38984326765140054 125.82422556920631962
nan nan nan nan nan nan nan nan nan nan nan nan nan nan nan nan nan nan nan nan nan nan nan nan nan nan 173.44826728803937499 170.38819331464154061 167.26555332537418508 164.38920310337010733 162.31712579653606099 160.18135745970354833 158.82042452867142401 157.2966564708906958 155.66077265429575505 153.94726145790679084 152.69684854469539914 150.75291363431907143 149.43656631351637998 148.73712882579596339 148.32378746472448938 148.05306318078760341 147.43126804074378811 146.71020870802558989 145.42207659814516774 144.28723623025089751 142.95929555826100454 141.66164121086541172 141.19313487732608792 140.74930342188667964 139.01119324202110761 137.814894053349974 136.52390923674144574 134.8790843626509286 133.16485241657167649 131.00976648635878519 129.72332614488635727 129.17980740591730182 128.56976982435435275 128.17429016696786448 127.65137272131451596 126.93463094447980666 126.34371435669598327
nan nan nan nan nan nan nan nan nan nan nan nan nan nan nan nan nan nan nan nan nan nan nan nan nan nan 173.16990860141831376 169.51982420228779347 166.65578883021126444 163.4722756268382966 161.43954841865834737 159.67365440288932632 158.03505910367903198 156.3177312532766905 154.92718819659589258 153.35376260193621079 151.70995511598562189 149.65464559525102572 148.86970018116616643 148.11562804752560396 147.19076152565219218 146.51357871188105264 146.07724732538787293 145.37968547473377612 144.14873427666202588 142.91764014851509046 141.71862606798069351 140.14414919292636341 139.34395767376321373 139.10630527795794364 138.07810895099356685 136.55574959638039445 135.26862063269427949 133.65980927289990632 132.18974507808297858 130.74669297046895622 130.13648787781002625 129.41155907980748907 128.87728857811146099 128.46800947561834505 127.94847630303746655 127.28154367373637967 127.05160260000528183
nan nan nan nan nan nan nan nan nan nan nan nan nan nan nan nan nan nan nan nan nan nan nan nan nan nan 173.08290285827368393 170.34037008340945363 167.22007670165652371 163.89588878485710666 161.2723834598589292 159.21983506603220349 157.52749122335586662 155.71935911504604633 154.04723877286218681 152.93569841576211843 151.26176295800178195 149.37300782175663016 148.36939936283954466 147.38939838683864991 146.29221604193213579 145.41255970295460997 144.67040618620112014 143.84841120327706676 142.76640936306571916 141.46888359512274747 140.12080718803224499 138.65897844939368611 137.83348629003660335 137.3793630357974962 136.49380375665739962 135.15104483667428781 133.70583675868840601 132.43744498521718356 131.77853168141410833 131.16432893535730386 130.33022140860566651 129.59836911006792093 129.09441654751108786 128.60352069726721425 128.03575388527383438 127.59022897913801842 127.82903211803042609
nan nan nan nan nan nan nan nan nan nan nan nan nan nan nan nan nan nan nan nan nan nan nan nan nan nan 172.4153530319481149 171.09250501321562865 168.14447219494135766 164.20309725834133019 161.66891607659678698 159.44388784808000992 156.96918303744723744 154.91460402193172285 153.3445494403305247 152.26043369622976797 151.00871277495048162 149.42325127162916942 147.53690151275671383 146.54250693446849141 145.71185081344981427 144.88924536036205382 143.87692587781648967 143.00409608408375561 141.62686313908369584 140.45411932735981964 139.04180432478798934 137.68580746404620641 136.81101629203169523 136.05644646174965828 135.31202444798927331 134.28828515414721778 133.27654821255904949 132.53528189466516096 131.91715535583134056 131.16784910666925157 130.41774583031727275 129.80303769303370132 129.22836842216827336 128.64817356231878875 128.0947629844470157 128.18557129595490096 128.82582464843710568
nan nan nan nan nan nan nan nan nan nan nan nan nan nan nan nan nan nan nan nan nan nan nan nan nan nan nan 169.85394668353180236 166.4318926577258253 162.77828462811646659 160.59188736173030065 159.15636258476723697 158.06531110159897935 155.36581811944475362 153.11026749060053476 151.35502497895078022 150.35854123812916328 149.17646941650960457 147.23182833404294456 145.83902950303172474 145.33269916317416914 144.57927487579672743 143.63919220540415722 142.60603391069454915 141.3378644156699977 139.98041047637016732 138.82316381788922399 137.5835025728082428 136.69171502432374155 135.97145734839097031 135.224616961836972 134.3714990491532717 133.39766296870323004 132.60010366352298661 131.8965776263952705 131.18440282910489714 130.54486714821504734 129.93595491823083421 129.33414855248119579 128.63402609249527586 128.74656108581473291 129.59682984526435234 130.52668397769247122
