results/rofental/precip_month_2020-08-01T0000_2020-08-31T2300.asc
ncols        322
nrows        225
xllcorner    622802.488000000012
yllcorner    5178049.378999999724
cellsize     100.000000000000
[rows 56 to 83 of 225, columns 189 to 251 of 322]
nan nan nan nan nan nan nan nan nan nan nan nan nan nan nan nan nan nan nan nan nan nan nan nan nan nan nan nan nan nan nan nan nan nan nan nan nan nan nan nan nan nan nan nan nan nan nan nan nan nan nan nan nan nan nan nan nan nan nan nan nan nan nan
nan nan nan nan nan nan nan nan nan nan nan nan nan nan nan nan nan nan nan nan nan nan nan nan nan nan nan nan nan nan nan nan nan nan nan nan nan nan nan nan nan nan nan nan nan nan nan nan nan nan nan nan nan nan nan nan nan nan nan nan nan nan nan
nan nan nan nan nan nan nan nan nan nan nan nan nan nan nan nan nan nan nan nan nan nan nan nan nan nan nan nan nan nan nan nan nan nan nan nan nan nan nan nan nan nan nan nan nan nan nan nan nan nan nan nan nan nan nan nan nan nan nan nan nan nan nan
nan nan nan nan nan nan nan nan nan nan nan nan 245.17436396177194524 nan nan nan nan nan nan nan nan nan nan nan nan nan nan nan nan nan nan nan nan nan nan nan nan nan nan nan nan nan nan nan nan nan nan nan nan nan nan nan nan nan nan nan nan nan nan nan nan nan nan
nan nan nan nan nan nan nan nan nan nan 250.91751934679780334 247.95330682457131388 244.21080872897368863 242.05545608605285679 240.92616924870642947 nan nan nan nan nan nan nan nan nan nan nan nan nan nan nan nan nan nan nan nan nan nan nan nan nan nan nan nan nan nan nan nan nan nan nan nan nan nan nan nan nan nan nan nan nan nan nan nan
nan nan nan nan nan nan nan nan 251.66828589741049882 250.40238149138181711 248.46203168492019131 245.80638833768841778 243.21261292749386485 240.87696074951938385 238.11418999263383967 237.20994167636362704 nan nan nan nan nan nan nan nan nan nan nan nan nan nan nan nan nan nan nan nan nan nan nan nan nan nan nan nan nan nan nan nan nan nan nan nan nan nan nan nan nan nan nan nan nan nan nan
nan nan nan nan nan nan 256.91562501520525075 252.13927942557415918 248.04713236164667478 245.41903403496178271 243.45571691133682179 241.96767995709114984 240.96973668517500755 239.40924570398831861 236.59128062961229944 234.34450664850334078 234.12830859733770694 234.89096326479199206 nan nan nan nan nan nan nan nan nan nan nan nan nan nan nan nan nan nan nan nan nan nan nan nan nan nan nan nan nan nan nan nan nan nan nan nan nan nan nan nan nan nan nan nan nan
nan nan nan nan nan 257.7626879367469428 255.08476080735690061 249.45909644043788944 245.85501168310005937 243.70128605896749718 241.99303219028379885 240.31599331795428043 238.61779484351237102 237.33236226427573001 235.0689232173064056 232.8975778795063718 231.72292185733292058 231.80750095632765806 233.2998544653977433 235.70855272379614576 nan nan nan nan nan nan nan nan nan nan nan nan nan nan nan nan nan nan nan nan nan nan nan nan nan nan nan nan nan nan nan nan nan nan nan nan nan nan nan nan nan nan nan
nan nan nan nan nan 258.20993679466886306 254.84776097492368763 249.32154462054552368 245.11216105158598566 243.43667199489041764 241.88192035799508517 240.1367317153740828 238.3716207779181957 236.46052580843775104 234.4443641449017548 232.41634094631066887 231.25546306126403806 230.75417400344522889 231.12145645809653161 233.22012833041361546 236.37672633552037382 nan nan nan nan nan nan nan nan nan nan nan nan nan nan nan nan nan nan nan nan nan nan nan nan nan nan nan nan nan nan nan nan nan nan nan nan nan nan nan nan nan nan
249.1137844788000848 253.72202518778900071 nan nan 253.90427289495505647 252.84435495288764173 251.91083117565909788 249.31561328894528629 246.0805506495298971 244.25613545015073669 243.54893774659294081 240.62921120247096951 237.32035322754035178 235.43817369681107721 234.0590859110905626 232.54238159811256992 231.4119594169752645 230.57983953886474637 230.13079500334742988 230.95624418183103899 234.09023295982461832 234.44185644491807352 nan nan nan nan nan nan nan nan nan nan nan nan nan nan nan nan nan nan nan nan nan nan nan nan nan nan nan nan nan nan nan nan nan nan nan nan nan nan nan nan nan
245.8285349650540752 249.55007288105852581 251.92222561144876636 252.30869605396455313 249.51169405892346731 247.2858932997577881 246.76524107576892675 248.29188978496631535 246.95261324848641493 245.02460006802022008 242.99944234729593973 239.92298117987130013 236.84343983734143535 233.99861303844272697 233.37410291452340516 232.57710525021920489 231.22357324510875287 230.20921806124243858 229.62565983448834572 229.76003050580513332 232.83817487624205 232.90056909732942358 232.13965215840451606 nan nan nan nan nan nan nan nan nan nan nan nan nan nan nan nan nan nan nan nan nan nan nan nan nan nan nan nan nan nan nan nan nan nan nan nan nan nan nan nan
242.14372313514707002 244.47089168709436535 247.15486458270223125 248.56349198586389093 245.50272176540568125 243.28711256758592185 243.54537266504021886 247.19803555455791866 247.78491093038988424 245.61811993892519013 242.88371015791284435 239.58310404053440834 236.83131748651345561 234.41849763372431426 232.99311237247019335 232.00850467748159645 230.57171786268852998 229.5871870449244625 228.89569112298761411 228.68042026473929695 231.11604710685190867 231.00833477975183428 230.74056971240648295 230.1188847632268164 nan nan nan nan nan nan nan nan nan nan nan nan nan nan nan nan nan nan nan nan nan nan nan nan nan nan nan nan nan nan nan nan nan nan nan nan nan nan nan
237.17179108153050038 239.23339284209782818 242.85704157982763718 245.28586258712456925 242.50211921140862614 239.67066664768159967 240.29486288975493835 243.67079725955326808 245.57806893527902048 246.79268050555111813 245.27542297140490746 240.16256224467667835 236.98507897715390413 234.77199833783049598 233.15294156831586747 231.72561439954606044 230.18699832858214904 229.26398875458599491 228.07170707447252767 226.98465573892866587 226.81171130222148236 226.05230289006348698 227.57321834591638776 229.26903846634306205 nan nan nan nan nan nan nan nan nan nan nan nan nan nan nan nan nan nan nan nan nan nan nan nan nan nan nan nan nan nan nan nan nan nan nan nan nan nan nan
234.79546936835353677 236.68290792411386292 239.55700476168533442 239.60651866072217331 238.49987416514605343 236.3126928980725836 237.000019178750847 239.52313911487829046 240.8997969706989295 243.17985294138478025 245.75552511243060394 243.66150184950561197 239.2368267792721781 235.85138247836613345 233.18689859961563116 231.40785604735768288 229.59866563420931129 228.34287075988865467 226.71082693385827156 225.22612737584481124 223.62860360993207109 222.23952307017293606 223.65274477332948777 226.32499902640495293 nan nan nan nan nan nan nan nan nan nan nan nan nan nan nan nan nan nan nan nan nan nan nan nan nan nan nan nan nan nan nan nan nan nan nan nan nan nan nan
233.77491402950371935 232.74293862511785846 232.6142911396998727 233.40542081490127657 232.57543926457304906 232.51585641329617715 234.27993021556449094 235.79157931404188275 236.55911885526418814 238.65026633436832526 241.37962995917374087 243.40839699053054801 242.42154389824909799 239.48363752607227184 234.75629348406039298 231.10150038441324227 228.32934800214465554 226.52840033803306596 225.06767569085491232 223.63715429460356177 222.53924586702299848 221.38956988543105808 221.44004986288172177 224.4561932349414235 nan nan nan nan nan nan nan nan nan nan nan nan nan nan nan nan nan nan nan nan nan nan nan nan nan nan nan nan nan nan nan nan nan nan nan nan nan nan nan
229.54565134990528463 227.71763489505389089 226.1750655851002989 226.63312854289367237 227.95950257766290292 229.25732757752322755 230.62901865225938991 231.75451710833380048 232.93438491981333982 234.59667826297550164 236.81424755056050913 238.36007921132127763 238.19394419840108412 238.90858994440716856 237.1605400626449125 232.47750267529124812 227.7137815233178344 224.64070191687386568 223.06103576566565039 221.87666557251498034 221.29490826670186721 220.76110189343623347 219.52160214770691482 219.97475177884692243 222.66051659947439134 nan nan nan nan nan nan nan nan nan nan nan nan nan nan nan nan nan nan nan nan nan nan nan nan nan nan nan nan nan nan nan nan nan nan nan nan nan nan
228.00207304667566177 225.78281427494232503 223.83762866465119146 224.46130934206536267 225.5392067187316627 226.048589900841705 226.76142441193206878 228.01916808438284079 229.26028164826220745 230.57220032156888578 233.23038368938318854 234.67934156565527815 233.91974850234717564 234.70234689762023095 236.01564776427477454 231.38209489476744807 226.79770031657886875 223.05269593645729742 221.5039049428779947 220.11680022347326258 217.8839512514391572 218.02533103434006989 217.28864695707272858 216.72320191007972312 218.74178439966931364 220.94390240374207224 nan nan nan nan nan nan nan nan nan nan nan nan nan nan nan nan nan nan nan nan nan nan nan nan nan nan nan nan nan nan nan nan nan nan nan nan nan
225.6029472528033466 223.67893884884469458 222.39500920867405398 223.06164745868395016 223.52039090803015142 223.67805115736885568 223.54936228591517988 224.99674194401001159 225.82948625307372481 226.64715629529936791 229.13013858118011967 230.91411081964366758 230.54987643855437796 230.90842128538179168 231.48422987921267691 230.43275759424108173 225.45480791217548244 221.42429703442050481 220.35553392084824509 218.29412986987588852 214.40013370260626857 212.95670854919708859 214.53450583269105323 214.54188055732728913 215.57213638991007087 218.32564195710568811 nan nan nan nan nan nan nan nan nan nan nan nan nan nan nan nan nan nan nan nan nan nan nan nan nan nan nan nan nan nan nan nan nan nan nan nan nan
224.16849595186965871 222.57176271809194645 221.72439840505396091 221.72494331559380498 222.1455760428895303 221.99479402064693545 221.58042709569591011 221.91830975903283729 222.69793575632053262 223.31913394943958906 225.29076044697137604 227.56277191762339385 228.10348944093999535 227.75290177613342735 227.27140522155301028 225.88861441943998898 224.57944577335186409 219.44002121836541619 217.91062331734062241 216.03441257784780305 212.64719363738549873 210.70373229086504807 211.08890157726287384 212.24831046993031691 214.38997324963878555 216.17197490861764209 219.11878098670155168 nan nan nan nan nan nan nan nan nan nan nan nan nan nan nan nan nan nan nan nan nan nan nan nan nan nan nan nan nan nan nan nan nan nan nan nan
223.52428454589323792 222.3934296324293598 220.77998270457709395 220.71489486458952456 220.88998119821312116 220.83005442512555305 220.55703162088275349 219.86444557817500822 219.71112990427155864 220.2815482817977113 222.39804924266562125 225.82806806241649156 226.26163186784432924 224.6044193981565229 223.82151133801431797 222.66784285772354224 220.25709792617817584 216.8714770868936057 214.21890314125167265 212.83803266443885605 210.99927881561478671 209.9307692463153785 209.51558036135716634 211.49956173469246323 213.8214785585365405 216.81930190370448486 219.52182081714499873 nan nan nan nan nan nan nan nan nan nan nan nan nan nan nan nan nan nan nan nan nan nan nan nan nan nan nan nan nan nan nan nan nan nan nan nan
223.11425838670055555 221.54530705888910802 219.87677000225269808 219.78438736897706463 219.83193441273212443 219.44975617585998862 218.89582378367663296 218.42536004645089065 217.80824016599180482 217.95390951297343918 220.58415304482923602 223.878505940400089 226.13837162505282663 223.75813049098579199 221.99773469810571669 220.49767051297502007 218.22433187480132233 215.0343958962791362 212.00696625630902759 210.38129152450875381 208.99628887617765827 209.19004800392852417 209.26457918202950736 211.29621442401344211 214.00523972202805112 217.86148757266272469 nan nan nan nan nan nan nan nan nan nan nan nan nan nan nan nan nan nan nan nan nan nan nan nan nan nan nan nan nan nan nan nan nan nan nan nan nan
222.87325069362515251 220.53349170411775049 219.19584488444473891 218.76422864434510984 219.03525165112554873 218.11735337814815239 217.21444207248052294 217.32389057370920682 216.96126683558361492 216.62344171307944407 218.83904280426827427 222.45227995373028307 225.57227062691347896 222.80851582822506884 219.71243622259237327 218.1980271969525802 216.19325483071648364 213.70144753891349865 210.81016366643871152 208.24783108214299432 206.98433991631108597 207.49432336988667203 208.22357811930319826 211.63204512097345855 214.3255062570616758 218.05115768680568067 nan nan nan nan nan nan nan nan nan nan nan nan nan nan nan nan nan nan nan nan nan nan nan nan nan nan nan nan nan nan nan nan nan nan nan nan nan
224.82840035705768855 221.12733946273741026 218.63816948879627944 217.60827779848929708 217.80859185646127685 217.3161345424937565 216.12791278748309765 215.97227433958929055 216.01886783099084255 215.70354850068167707 217.22830219066634072 220.60986422874213986 224.37570999585281584 223.50454358847773051 220.02458593598936432 217.48908344025807082 214.49631577848438724 211.19418559086821574 207.62568603916881216 205.94049745816730024 204.96467227472058426 205.172221379995392 207.34541138515069747 210.67896001395465078 212.96705115626019733 215.42663775817476335 nan nan nan nan nan nan nan nan nan nan nan nan nan nan nan nan nan nan nan nan nan nan nan nan nan nan nan nan nan nan nan nan nan nan nan nan nan
224.08791883966222258 222.29005771719477025 219.32396833517037749 217.32386734609221435 216.70253070368326576 216.59659464884362023 215.59572836786261973 214.81556651749519915 214.55583807455170131 215.75455430105222376 216.46685918093146483 217.94085630702647904 221.3548365289063895 222.64035904451847614 219.60506976796207823 215.87439932889165561 213.13495701630100143 209.65056307317397 205.96562719147428311 204.07473198856553154 203.26029271656466335 204.23840156270142643 207.17672003175476902 209.38374766576885122 210.94482647394568176 nan nan nan nan nan nan nan nan nan nan nan nan nan nan nan nan nan nan nan nan nan nan nan nan nan nan nan nan nan nan nan nan nan nan nan nan nan nan
223.7979882323311358 222.06840834726020262 220.52633530493969261 217.73220375185186981 216.50275047094672232 216.20943412681688756 215.52617059669185551 214.16843337104123179 213.35340634451074493 215.16802734866016067 214.68636514983637653 215.8090928555422181 217.51777334739574599 219.76989821294975513 217.87611904157301979 214.22735207038314798 211.56597215730218409 208.10916488034561667 204.09449702843471641 202.40230910363487737 202.26655176303543726 204.11382041797696729 205.44053481487810586 207.53370868346198108 209.14729124575407582 nan nan nan nan nan nan nan nan nan nan nan nan nan nan nan nan nan nan nan nan nan nan nan nan nan nan nan nan nan nan nan nan nan nan nan nan nan nan
225.87095548886424012 222.93657024430501679 219.5001600024071422 217.85859460757527017 216.29001546519054955 214.89523393864857326 214.18028115789533672 213.44216212218100281 212.64294091316813251 213.5364223525033367 212.88217898246719528 213.90219086204436394 214.88560102681034891 216.56582637389260526 216.31881476843460632 213.59393050816041182 210.88666162404427951 207.16202303653471972 203.14833597601179349 201.29821514613405498 201.59241073927583443 202.59923087555972643 202.70717754455409931 204.99771641081127882 206.76057917512855511 nan nan nan nan nan nan nan nan nan nan nan nan nan nan nan nan nan nan nan nan nan nan nan nan nan nan nan nan nan nan nan nan nan nan nan nan nan nan
224.42993488285068793 222.38925851924531685 218.60882922222120328 215.63709464758397871 215.0467243422500303 213.22066284548910176 212.6048839902645966 212.00534462605787667 211.69988806774929913 211.85630442925483408 211.50622517111682441 211.81170463596524201 213.07744056680024869 213.47447308105776642 213.94319216933149619 212.43135916965721322 209.88336231027801659 206.70221995769472301 202.87109982608092196 200.0780009035939031 199.88338324175060734 200.40371956599827286 200.4791259737648943 202.27104231639975751 204.62600662339292512 204.18330657681178764 nan nan nan nan nan nan nan nan nan nan nan nan nan nan nan nan nan nan nan nan nan nan nan nan nan nan nan nan nan nan nan nan nan nan nan nan nan
222.74230658093611623 220.54013752736372567 217.89961874229723549 215.43121583106406547 213.22658914491810833 211.81808605107025301 210.83762382580758299 210.3060332251143052 210.18956320740642241 209.91201634313034674 209.5819270743728282 209.27709217694169297 210.876899535086892 211.78379890831368471 211.32053285728537162 210.41957150384448028 208.62065587993640747 206.26066633582092891 202.2901312324120795 199.23097399963037901 198.25406917264993467 198.47951712087723308 198.3796009310702857 199.71133738480966713 202.02371726569151633 200.98718643362420266 199.34974707600483157 nan nan nan nan nan nan nan nan nan nan nan nan nan nan nan nan nan nan nan nan nan nan nan nan nan nan nan nan nan nan nan nan nan nan nan nan
