results/rofental/precip_month_2020-01-01T0000_2020-01-31T2300.asc
ncols        322
nrows        225
xllcorner    622802.488000000012
yllcorner    5178049.378999999724
cellsize     100.000000000000
[rows 168 to 195 of 225, columns 126 to 188 of 322]
23.558170331239075779 23.601219703751379342 23.673225076108611376 23.780373546749363101 24.318477720470294656 25.143615089285201947 24.982720068119192547 24.389222610009657188 24.119260507975937458 24.233583493053664881 24.248060148622453625 24.205338446989156154 24.352777940143141677 24.472846905223413216 24.684652643347792633 25.105500780109636594 25.430328772634219092 25.97462336812396444 26.425112297907141112 26.856538894535187723 27.245820276706155028 27.563066488682007815 27.777698422931663913 27.649256044264856058 27.367704183491426306 27.009814933083241328 26.713704889397462239 26.661075694662454083 26.815655773578242815 26.863754404264117426 26.772653671251624985 26.555285501305338158 26.573122635712500994 26.757748467714179696 27.348023919583425823 27.610065455111001853 27.906572039229025961 27.963354586006964553 27.955418781008081197 27.983340137748239584 28.318170377352682721 28.784680156850253496 29.177696312487718444 29.273007872884154068 29.278304625803361461 29.460417328738188303 29.66088425323289357 29.656726706234703528 29.562866565198920199 29.502377549842375259 29.458105662368907929 29.691597017830179794 30.674023500512685558 31.831506059694707034 nan nan nan nan nan nan nan nan nan
24.007780742860404644 23.806538247670964381 23.567313248869968589 23.562111813513610059 23.888979518586779704 nan nan 23.604074199071572338 23.318357699277015627 23.291357170861317627 23.34140416406005869 23.259843606258822746 23.235128356227214397 23.173530910712148767 23.326879136234794032 23.687671585152173748 24.124435450851077434 24.634258613100669777 24.987212982013272011 25.48555313116329657 25.978298224317548204 26.250632280409654129 26.324974860882154104 26.133112121671196348 25.970412925547666561 25.824311792427256051 25.795713257118080719 26.060997361483174473 26.239222872287168542 26.383831174528665997 26.338550899579708187 26.172049040577757495 26.308327985332606858 26.640348369123461936 27.014432380562190872 27.33668093395648313 27.615798489054629528 27.832105284678441137 27.835490252825959345 28.001321883133719837 28.506114306806292547 28.992045610130862343 29.267363670049366675 29.298268250407893731 29.30524907773297727 29.481477209172709308 29.648750113750679702 29.685214451026563864 29.584826608559552596 29.585460188758030853 29.566423216516419359 29.811959753329020373 30.633006302777690877 31.596012460683873257 nan nan nan nan nan nan nan nan nan
24.267906765642898392 23.894429422976816824 23.464862569898631506 23.411349073832909085 nan nan nan nan nan nan 22.408525599620336521 22.183794581589623363 22.001555466729929122 21.988506069215539185 22.124218417094361655 22.41064408365624061 22.83385799011136541 23.299163842564681204 23.732223754827412421 24.175711919447657294 24.388625032339195542 24.535482221020743054 24.625049538257389514 24.630549400441942964 24.653065229189099483 24.681988769265565509 25.040714824982142517 25.448653738359833909 25.668407773208066658 25.875786751580577061 25.878826310368939545 25.827737257181048847 26.119965195500345345 26.421152714520697913 26.767703588988641883 27.066323176214687862 27.487801357471372654 27.789590190015101001 27.860182697388996331 28.221387677585994425 28.75244142549945181 29.165023522276289469 29.289533731929015659 29.243528981400761069 29.368683264494002572 29.643949842723106514 29.753901702055546963 29.700875954248186162 29.583252888290957117 29.628283369982167272 29.67936512906823765 29.817189857062061265 30.785771104698060441 31.614563390896421424 nan nan nan nan nan nan nan nan nan
24.146324775314557343 nan nan nan nan nan nan nan nan nan 21.44333973814173433 21.051972231549196835 20.615847405986187368 20.570583768877984454 20.687755134177429284 20.908887634159395219 21.235511818589500876 21.732380869608750373 22.085846512091411142 22.447155464673468117 22.754064429211300791 22.973000415325383727 23.119321397611280133 23.277747474349677503 23.537154944371668108 23.75577766381759659 24.338643085094719964 24.807217659606237703 25.097390678144900988 25.341020992071545237 25.443236406542293793 25.507118931320331257 25.95397206613572294 26.299172961379838398 26.60692224389102023 26.927350858125855382 27.314777475546804908 27.83390441390723069 28.123541109731746701 28.579536497529336003 29.004395965244849975 29.241565879780708315 29.256706043995816202 29.360536733652271124 29.618903403533735741 29.755509550521370699 29.802012092273695743 29.708731866084601592 29.561726851704150931 29.600814728202713866 29.697209065851357224 29.871029631464658394 30.195882993546977247 30.807297949012415472 31.682912180948058278 nan nan nan nan nan nan nan nan
nan nan nan nan nan nan nan nan nan nan nan 19.86228415831444849 19.30820323454892673 19.145952952658419122 19.255251248233772543 19.463235564060834548 19.88949189550755392 20.232031368497185753 20.615833620307437712 20.934801827897729254 21.197637634942257279 21.435465206954035011 21.730452224414417373 22.022611711599157758 22.506736860252303245 22.996865226137593652 23.628738270632105412 24.160451050472140366 24.524369154605157206 24.831670896423037931 25.064235059777477233 25.231485873392170305 25.744106016448498053 26.228354464961920911 26.512190594056292525 26.765335574886957914 27.306473900698577495 27.896690471280869872 28.349297351866564298 28.849680898235604332 29.200389710261610787 29.288306043198748085 29.445890383098056731 29.585130430596219497 29.679158558177679339 29.748226346648568352 29.780155683263615174 29.693196970634648579 29.660461047240691101 29.655011194340289649 29.73629158848887144 29.899313413725398192 30.224882368524887966 30.705057364810958376 31.849856309620335537 nan nan nan nan nan nan nan nan
nan nan nan nan nan nan nan nan nan nan nan nan nan 18.057462442130514546 18.023037800663690433 18.118145578186148015 18.396082789536357893 18.744467237010912442 19.142557695889482972 19.443701230048976214 19.74246432059211287 20.105974810820967491 20.493308200113741435 21.082117979215524883 21.745107345450161773 22.30371087168535027 22.957337824507558111 23.543320217115379478 23.976425712525820444 24.36775730779150706 24.719179770193065337 25.039294834303095882 25.544788070504452548 25.999214376557919337 26.382458642823934269 26.732896651186507597 27.353515039870892167 28.009868862326698036 28.559688288143071588 28.932099116855546583 29.171217641578859769 29.324045759626560681 29.718099441887563472 29.669541975741747564 29.720808655209914662 29.745288556335111707 29.741362738254764508 29.725882549676139632 29.753466220087386063 29.775993389418065505 29.815727277460233324 29.920425126968062557 30.304088179265264102 31.23228171682069032 31.797934186873703766 32.27407260499716557 nan nan nan nan nan nan nan
nan nan nan nan nan nan nan nan nan nan nan nan nan nan nan 17.024533393954612848 17.14119864169640195 17.486119025341643862 17.812530211423958093 18.163984121681931327 18.506748346185720067 18.995998030396634704 19.625935242701096684 20.425305416602174802 21.081459331591741346 21.631355499256084585 22.309032019795640878 22.963810086716360814 23.475161759112708637 23.934120635553906453 24.454407243258799554 24.898280682485800952 25.308283327069609925 25.705406426050050328 26.143882079497668514 26.78109318198123745 27.603148358734927115 28.270070140487590038 28.724268861593049706 28.991829885363266328 29.186859981307559764 29.330541332034652413 29.547762475176114094 29.796129102200545447 29.770770534867804002 29.808309972449993808 29.79036911585226477 29.776567671165224738 29.763995435714239335 29.774261225899987693 29.851181965740870794 30.001789450089773936 30.42402822063448653 31.580202173983554559 31.998879082726094936 nan nan nan nan nan nan nan nan
nan nan nan nan nan nan nan nan nan nan nan nan nan nan nan 16.178708901796369446 16.187213271885692478 16.51004683325530209 16.759090036576331784 16.98117420036650671 17.501008350043207429 18.203439685845964391 19.028114709829289097 19.807695469974049729 20.476390449358326862 21.032613744680208612 21.731270328183285301 22.458430424035089601 23.074760297792145991 23.607693752947962906 24.315665046655215775 24.767302888618797141 25.16949953192725431 25.525838098556452138 25.903309192284346807 26.709688980210930964 27.990650452588386798 28.798136413173402559 28.795453351138462494 29.00431205538956192 29.244961836131260213 29.417625891151892858 29.533518721178765531 29.944337843164841928 29.94110395513099121 29.976140800840077816 29.938830854844507456 29.849707179403683455 29.839133789448048617 29.846980181774355856 29.922357240902819342 30.134019843093316382 30.585906060835107212 31.397043544430601969 nan nan nan nan nan nan nan nan nan
nan nan nan nan nan nan nan nan nan nan nan nan nan nan nan nan 15.531173272475903957 15.763727832538739548 15.974548959060438591 16.264081523440765409 16.88797894745330197 17.735041132860938973 18.527237172289332534 19.298788140067795638 19.960613180980502079 20.55380697932558931 21.258057079858506455 22.040148967457827922 22.764186698367637973 23.428125065450949194 24.181657624497102432 24.649299341982430889 25.039219354398213113 25.378717481873128037 25.697273239859008243 26.632799736945646174 27.867261151564253652 28.809753292611702591 28.843209283249855446 29.003066971528312479 29.286861785194112429 29.483578663717285195 29.619579275274222852 29.9880991920316049 29.974778681925851487 29.985844752233720811 29.923179858088264638 29.951109012177642654 29.970117308384914168 30.009048409167622395 30.089081725074521501 30.283161814968380554 30.809691890905746448 nan nan nan nan nan nan nan nan nan nan
nan nan nan nan nan nan nan nan nan nan nan nan nan nan nan nan nan 15.316381054501590597 15.539032990900338405 15.860419617849791152 16.518381787912396419 17.348261084765013607 18.150899857486788136 18.899223298402446858 19.578593536317825397 20.238299359428772561 20.964555853424531762 21.793337893980282871 22.487404819170247805 23.264127759760622638 23.933221417073543336 24.421645247592607575 24.844925158166716983 25.224195135900803422 25.642899169174480534 26.74952732014958201 27.634713815416567684 28.55280904709763945 28.994794658374409835 29.086186111981064073 29.31060050295528896 29.509525585422434091 29.655799983445390922 30.105576357094033568 30.095062525328227565 30.096345457819570157 30.092576192062452378 30.051728357720655538 30.080928648222219124 30.132662882619996481 30.252761380380242429 30.438283199004747104 nan nan nan nan nan nan nan nan nan nan nan
nan nan nan nan nan nan nan nan nan nan nan nan nan nan nan nan nan 14.968160377785743265 15.221533299650820581 15.598458761941202511 16.224908214867433287 17.030033707071414284 17.836850719254638165 18.631869003892397529 19.371077527127759765 20.070097329679715159 20.738395634230634812 21.582520118376613993 22.335562474949096412 23.002312299991704236 23.630945123815941145 24.163839987829938138 24.677398594394297504 25.196398850595365104 25.665879658283522247 26.879160542639976228 27.826367189931918489 28.540360642366323418 29.066874858330130849 29.171128567453894931 29.36607559965799652 29.578885369800044458 29.74182129455440915 30.355161514586949778 30.350823509938866351 30.408986530515406344 30.394461071996456525 30.395196036784799531 30.341820255156878972 30.283472835291210146 30.348765728525339824 30.587929955107149738 nan nan nan nan nan nan nan nan nan nan nan
nan nan nan nan nan nan nan nan nan nan nan nan nan nan nan nan nan nan 14.980043745119788312 15.40919425684855959 16.035836795542561362 16.86489378500279912 17.693386414061169631 18.497604427733744359 19.322622837381075556 20.017055108370922056 20.537241570730326856 21.362475707828018301 22.139608334373061638 22.719288435271934645 23.369809885364634994 23.885113000801997174 24.45585941591135537 25.109927920437975501 25.694942904689487051 26.299850843627201158 27.376552618094038394 28.446474642355102702 29.093824299124282362 29.324547527564295279 29.447618212976617968 29.565548444405436612 29.792068869835365064 30.613099986660834873 30.728924830072099184 30.752848358246033911 31.007453485260683124 30.983522902848697811 30.740910953804924333 30.493895911287374645 30.463507190955144921 nan nan nan nan nan nan nan nan nan nan nan nan
nan nan nan nan nan nan nan nan nan nan nan nan nan nan nan nan nan nan 14.867636052078189834 15.406705791274358575 16.094428296726743355 16.825115747835212687 17.677551321627877456 18.529995867044284807 19.294060998079373803 19.950504567476080808 20.463248277517735119 21.144709807698411907 21.834891321424169774 22.452949759008063779 23.116146735810783497 23.695154993580583636 24.306243760749207894 25.152203366709574794 25.752448460077772552 26.252488914790621521 26.658465140659536985 27.463974599722913439 28.937966656712941216 29.4506735102011028 29.542693282142440836 29.67863314218917381 29.970539082322613211 31.031274384018004753 31.360694874500392615 31.710158874762171877 31.598972015706536354 30.986976124176511149 30.75687991902493934 30.76191145769939439 nan nan nan nan nan nan nan nan nan nan nan nan nan
nan nan nan nan nan nan nan nan nan nan nan nan nan nan nan nan nan nan nan nan 16.307277290002542003 16.963951617351408885 17.75382286606111748 18.631431200724396291 19.392627737909876373 20.03420646363408153 20.534235068811586444 21.046116866065730733 21.668236709150605179 22.466845476057752506 23.08496045519658324 23.689378537217333331 24.29657433805409994 25.223558851665245584 25.899651062443460603 26.308076094720167504 26.685705428783634829 27.303201433461996572 28.739987085301194725 29.513051641971738803 29.739948444236894431 29.881374966867792153 30.245768537048498104 31.318113191583460519 32.275207966309366725 nan 31.389152035247324335 30.79059132949375055 nan nan nan nan nan nan nan nan nan nan nan nan nan nan nan
nan nan nan nan nan nan nan nan nan nan nan nan nan nan nan nan nan nan nan nan 16.634535996272720837 17.314757374992066019 17.98360785529685657 18.786884520737952897 19.536681616669447692 20.137384773233314661 20.670075459531258133 21.119539675760201192 21.684782809562648254 22.569368742445035991 23.4557651928419304 24.269676033303557716 25.098840430959505454 25.594037377724184523 26.03734497473881504 26.269873757808781534 26.803878156994795035 27.342573967693393655 28.311038750343449522 29.327002156701382773 29.83277402316032223 30.068678870623063659 30.715110359935060558 31.699731316151506633 nan nan nan nan nan nan nan nan nan nan nan nan nan nan nan nan nan nan nan
nan nan nan nan nan nan nan nan nan nan nan nan nan nan nan nan nan nan nan nan 17.195105839888118027 17.779764631474034076 18.415050485602431962 19.06112168067339141 19.778899410799297698 20.283360347575360549 20.808863443513097025 21.250335872692218686 21.86510505523578729 23.173653665621657183 24.513059299670825197 25.304431357629045607 25.800468742327286265 25.912388179422826795 26.195620038682289277 26.401563576667609112 26.947906715875124206 27.522068296341146265 28.33407810564703766 29.055235653077573943 29.683045308898822867 30.160093940496114584 30.744026494643176051 31.529762422229744345 nan nan nan nan nan nan nan nan nan nan nan nan nan nan nan nan nan nan nan
nan nan nan nan nan nan nan nan nan nan nan nan nan nan nan nan nan nan nan nan 17.902923840243968101 18.421541518079418864 18.8721287740744188 19.508401191122082707 20.012871762853375657 20.411761959145312773 20.939023785037083059 21.405517734147249342 21.980526986019015112 23.149433592585122454 25.013016678675736415 26.183192103721413702 26.028843320617951917 25.986274722462852083 26.348828912840190242 26.916331370873592732 27.50169621317441937 27.94744766132708591 28.490528227027485997 28.93313310240176861 29.535652137993050559 30.082916071906865341 30.581560605470180292 31.501402360707871253 nan nan nan nan nan nan nan nan nan nan nan nan nan nan nan nan nan nan nan
nan nan nan nan nan nan nan nan nan nan nan nan nan nan nan nan nan nan nan nan nan 19.172117542652976852 19.374264786692325657 19.847750837133659729 20.214413322172251952 20.566075410567659532 21.073069674423351216 21.534260119826175384 22.107578355286463534 23.008230747540178385 24.673153589830583599 26.471279578121713172 26.162970740895250543 26.285385851270760327 26.698396918075435025 27.741470677062945782 28.037777311909088951 28.320094952460138416 28.656301485835122378 28.938958636697666549 29.45593106228299618 30.064955075701920606 30.590218962632604871 nan nan nan nan nan nan nan nan nan nan nan nan nan nan nan nan nan nan nan nan
nan nan nan nan nan nan nan nan nan nan nan nan nan nan nan nan nan nan nan nan nan 19.366888439623359375 19.69048967136781414 20.118029183039958241 20.494524142487446028 20.815454999903256095 21.254139102226908165 21.678236713553580728 22.342922901152491022 23.287998608995522432 24.646622168691344257 26.733586630986774679 26.636508888609899515 26.658297754827462001 27.313385676634577948 28.389591315280348738 28.449310416823244907 28.648162491949701547 28.848958096219554648 29.067496836744897593 29.520475045747897269 30.200418488233353287 30.707584654717663852 nan nan nan nan nan nan nan nan nan nan nan nan nan nan nan nan nan nan nan nan
nan nan nan nan nan nan nan nan nan nan nan nan nan nan nan nan nan nan nan nan 19.411815039929649629 19.651667204290674817 20.033554077854205389 20.424642114047845354 20.756519291626297274 21.08511915812280435 21.466509307698551368 21.873482952498719101 22.942686532733720384 24.128380284678243584 25.17693268179102617 26.499983002195182991 27.176042494093650248 27.218654239757544389 28.308225758757437518 28.686486623760028891 28.648709576099999907 29.101526762932266479 29.196817647285023156 29.252542483262836015 29.692844747006649442 30.346152994027953298 nan nan nan nan nan nan nan nan nan nan nan nan nan nan nan nan nan nan nan nan nan
nan nan nan nan nan nan nan nan nan nan nan nan nan nan nan nan nan nan nan 19.664711827635262154 19.677348304467525253 19.989525596445449906 20.345357113533470539 20.720915686703307301 21.021094982071037549 21.349090151179993313 21.732155489125876358 22.148289114857263371 23.260862766299041482 24.163844918309390408 25.110234094361757684 25.907090722441896702 26.499738753144324477 27.375039656046027403 28.035482246376410842 28.60244936309509356 28.833732657458529758 29.422015535021543542 29.533451645208881331 29.510898724376186664 29.940870579386444916 nan nan nan nan nan nan nan nan nan nan nan nan nan nan nan nan nan nan nan nan nan nan
nan nan nan nan nan nan nan nan nan nan nan nan nan nan nan nan nan 20.458417643768314065 19.988421928108543568 19.900402372623116065 20.075975830380844656 20.394596233657100726 20.666235359310626052 21.03304062379486794 21.330626573447979411 21.64655123175782947 22.057318918797708562 22.452125781471245602 23.490365357736397556 24.182114864603626359 24.961159703149164102 26.083188971332464945 26.765447568139908441 26.936031167423720944 27.323577614664593227 nan nan nan nan nan nan nan nan nan nan nan nan nan nan nan nan nan nan nan nan nan nan nan nan nan nan nan nan
nan nan nan nan nan nan nan nan nan nan nan nan nan nan nan nan 21.114398585157122312 20.641134043266102793 20.263163929883770464 20.279235255771219215 20.543998626128484375 20.833722953714545412 21.051708526645029451 21.332267093513952005 21.623613489152859302 21.961193567052372799 22.374168712013887017 22.761721958269216515 23.549562290804733067 24.636233706295541879 25.144034633707320836 25.750756077440907887 26.819290179213982839 nan nan nan nan nan nan nan nan nan nan nan nan nan nan nan nan nan nan nan nan nan nan nan nan nan nan nan nan nan nan
nan nan nan nan nan nan nan nan nan nan nan nan nan nan nan nan 21.405280065946648449 20.78390743760580861 20.72626339663371553 20.855546237666871434 21.025164413428722554 21.275591476778846101 21.480294729610655224 21.653754773449904292 21.858872090749631667 22.24657480766983042 22.686331796807131411 23.117049731236711807 23.66055172050063149 24.840539038703198571 25.144325043177918388 25.856313111585595976 nan nan nan nan nan nan nan nan nan nan nan nan nan nan nan nan nan nan nan nan nan nan nan nan nan nan nan nan nan nan nan
nan nan nan nan nan nan nan nan nan nan nan nan nan nan nan nan 21.511324732978934549 21.294196466841505355 21.471787391975581727 21.576705290377283575 21.606877252175777926 21.766766554077197071 21.97809712953219119 22.283336859471528868 22.603496017864515011 22.833989200097558836 23.026501542473820194 23.520463518083776222 23.961068793856536985 nan nan nan nan nan nan nan nan nan nan nan nan nan nan nan nan nan nan nan nan nan nan nan nan nan nan nan nan nan nan nan nan nan nan
nan nan nan nan nan nan nan nan nan nan nan nan nan nan nan nan nan 22.067675204588567794 22.409592738868234107 22.311048752035475218 22.329640408282728004 22.365069670895401543 22.548195374478044783 22.816051954582913908 23.24806678656069181 23.746046403110252498 23.572362499447894635 nan nan nan nan nan nan nan nan nan nan nan nan nan nan nan nan nan nan nan nan nan nan nan nan nan nan nan nan nan nan nan nan nan nan nan nan
nan nan nan nan nan nan nan nan nan nan nan nan nan nan nan nan nan nan nan 23.081525442699483364 23.282564830130290545 23.139631666891613548 23.439027102376012834 23.700746133355455214 nan nan nan nan nan nan nan nan nan nan nan nan nan nan nan nan nan nan nan nan nan nan nan nan nan nan nan nan nan nan nan nan nan nan nan nan nan nan nan
nan nan nan nan nan nan nan nan nan nan nan nan nan nan nan nan nan nan nan nan nan nan nan nan nan nan nan nan nan nan nan nan nan nan nan nan nan nan nan nan nan nan nan nan nan nan nan nan nan nan nan nan nan nan nan nan nan nan nan nan nan nan nan
