results/rofental/precip_month_2020-07-01T0000_2020-07-31T2300.asc
ncols        322
nrows        225
xllcorner    622802.488000000012
yllcorner    5178049.378999999724
cellsize     100.000000000000
[rows 112 to 139 of 225, columns 189 to 251 of 322]
75.040756023696090438 73.552606025931183353 72.283553193881786569 71.090402866556573258 71.554454933500551306 72.396624271893543323 73.032285233192084206 73.854494866102299966 75.337718909142893153 76.813313662747901844 78.063356878557598861 79.33636238258782214 79.192908564505628988 78.797560023230957427 78.288442532115652739 77.57770436191530905 77.54848252309498946 79.108056910342739343 80.229150868194949453 80.811127576996881317 81.098661093705501912 80.688172006225826749 79.70216755930961483 79.423248632443446127 80.31904243779925423 81.190665616155598627 80.459473702441400178 nan nan nan nan nan nan nan nan nan nan nan nan nan nan nan nan nan nan nan nan nan nan nan nan nan nan nan nan nan nan nan nan nan nan nan nan
73.799959268826597736 72.546817481051505183 71.468500313258516599 72.037325282943044158 72.241669209059679702 73.18828982112145809 74.276526061872488071 75.21519942451884333 77.029502412480013618 78.259661031378755069 79.260222658101397997 79.986108780697207976 79.837079087982047554 79.534195253970750628 79.290016288122529886 78.487174027389755793 78.260869843750000996 79.018114478992245608 80.57763039069379829 81.978587295828518222 81.636464813438848864 80.874560451475844047 80.443516536578670184 80.748567968341802725 81.963567417878124388 nan nan nan nan nan nan nan nan nan nan nan nan nan nan nan nan nan nan nan nan nan nan nan nan nan nan nan nan nan nan nan nan nan nan nan nan nan nan
72.589109897083787359 71.580306815458797587 72.268215139018238347 72.776969957938661082 73.333365140733505427 74.246620241090269587 75.388781204458922502 76.711029828189225555 77.986580425616267576 79.212094172926299507 80.314896263292965273 80.705842132243361675 80.344057822888444775 79.96493116490269415 79.799261934822936837 79.208808445066793524 78.962053681176868736 79.000811540172350078 80.702078323547013383 82.476996235899150633 81.945780513386225152 81.082531709562829292 81.006268347990513234 81.919175457223090575 83.359544052687027715 nan nan nan nan nan nan nan nan nan nan nan nan nan nan nan nan nan nan nan nan nan nan nan nan nan nan nan nan nan nan nan nan nan nan nan nan nan nan
71.753243811620421866 72.235973457537269837 72.789581784582594537 73.492039786975709603 74.282384584594794319 75.338022727322055516 76.385251324630090153 77.209627032142705616 78.297406921711058203 79.657211618182827806 80.803057546083806528 81.280395765979363887 80.957114454044472041 80.892425017201887272 80.379297054377332188 79.819974694443430963 79.6991922247504192 79.512163030973880495 80.66912029970457354 82.619665311435227295 82.847978640885088453 82.103751049743351587 82.018547873267266368 82.74078353119504925 84.368563904269166187 nan nan nan nan nan nan nan nan nan nan nan nan nan nan nan nan nan nan nan nan nan nan nan nan nan nan nan nan nan nan nan nan nan nan nan nan nan nan
72.88514281463058353 73.182059985633202359 73.651197840309166054 74.706285060151202515 75.727364536885346524 76.661338112486959062 77.709990582780832824 78.623658772889328361 79.091590992255405013 79.728342810024230403 80.530956379518784161 81.808843288013434858 82.020564135952668039 81.717740318681265421 81.013589282103481537 80.49222288427917249 80.33227913827546729 80.365426448026781259 81.408891893385671779 83.365277165121867142 84.27998588783150069 83.58147469713242117 83.562026983164741978 84.393036507921564748 84.792194707573656842 nan nan nan nan nan nan nan nan nan nan nan nan nan nan nan nan nan nan nan nan nan nan nan nan nan nan nan nan nan nan nan nan nan nan nan nan nan nan
73.893878795512350166 74.284288591168589733 74.746202505147095962 76.41561428578182813 77.358438908315847016 78.098030939407379947 79.177680763349883364 79.885653877865379968 80.567236169487784991 81.174514373681617485 81.742285320984791497 82.163419863670100085 82.871627563211717415 82.371655797131793975 81.967474608838784889 81.554730560718979859 81.252658294267561701 81.313450027180195434 82.180031081601640608 83.95435320523630196 85.798167080657947281 85.783727871191942427 85.636664620959138006 86.095403254499586865 nan nan nan nan nan nan nan nan nan nan nan nan nan nan nan nan nan nan nan nan nan nan nan nan nan nan nan nan nan nan nan nan nan nan nan nan nan nan nan
74.964942516420791208 75.575841117692590387 76.646767522513783888 77.918900971791160259 78.798626439706126234 79.525370692829483232 80.325408210119576324 81.06281411777185042 81.868647828015809864 82.326716976585288421 83.09612535186955995 83.178806798148272605 83.100587019203672412 82.953981192202888906 82.741632815373719723 82.36683386036918364 82.005389211003034688 82.213187292341714851 83.367017072903891517 84.770312678946837082 86.58512452536386661 87.760852435646043546 87.672762230392336846 nan nan nan nan nan nan nan nan nan nan nan nan nan nan nan nan nan nan nan nan nan nan nan nan nan nan nan nan nan nan nan nan nan nan nan nan nan nan nan nan
75.990631383267910337 77.161470662135045018 78.554861018781593884 79.403725415301465773 80.053910589089966265 80.652027272614418507 81.50476544203077367 82.342792479958745844 82.795270367798622146 83.468499370984744701 83.763659952272931264 83.546675736972630943 83.332788024550723094 83.438462094546594017 83.166076823633005688 82.894062382245266463 82.632625212137085668 83.056960561375717589 84.37306885395329914 86.28192349529906835 87.757104502720622463 89.165781289334177018 nan nan nan nan nan nan nan nan nan nan nan nan nan nan nan nan nan nan nan nan nan nan nan nan nan nan nan nan nan nan nan nan nan nan nan nan nan nan nan nan nan
77.23550981076435562 78.879594744242666593 80.04466026839381243 80.789189543741244393 81.197615919086970848 81.818885694151788357 82.616473890906220845 83.282618928531562119 84.168666396012199016 84.46874882952191399 84.257661944123924513 83.762168453759926479 83.616589594108717165 83.96129629383742099 83.725282880619644743 83.685482004752969942 83.451049770676092976 84.482258023694257076 86.106488844247209613 86.989337003835316864 88.769238388285018004 90.525668614676007451 nan nan nan nan nan nan nan nan nan nan nan nan nan nan nan nan nan nan nan nan nan nan nan nan nan nan nan nan nan nan nan nan nan nan nan nan nan nan nan nan nan
78.669056254048243204 80.116706503334953027 81.244681014692545773 81.852429096990988455 82.365214525902516129 82.914154696471101147 83.645749478896220808 84.325183426816082033 85.681618201929367729 84.891057639680596481 84.544830786672591216 84.018551127510718857 83.84471794257613908 84.220500303411938603 84.411206929686315448 84.47507584412571191 84.362282205935358093 85.390877732622143981 87.161165879318659222 88.097823982390110586 89.751942356383523247 91.41804807892853546 nan nan nan nan nan nan nan nan nan nan nan nan nan nan nan nan nan nan nan nan nan nan nan nan nan nan nan nan nan nan nan nan nan nan nan nan nan nan nan nan nan
79.224273432142652496 80.80303008547188881 81.6726901096017599 82.596942275899209562 83.25998661944906587 83.875517479328479453 84.825188383179664697 85.916141336394247219 86.443657628335785148 85.189707793757563081 84.872640199282031404 84.324430171366799414 84.367473209575663873 84.902415877849961134 84.968532048175234195 84.893824217044098646 85.086685764179662783 85.826875814894378891 87.707273369285843501 88.765479185396927164 90.235449703484732709 91.60959612241531147 nan nan nan nan nan nan nan nan nan nan nan nan nan nan nan nan nan nan nan nan nan nan nan nan nan nan nan nan nan nan nan nan nan nan nan nan nan nan nan nan nan
79.799026115045037955 81.049267810820921909 81.840036174274729319 83.183149340750489387 83.983336130085291416 84.731322933564257482 86.080748275649668244 87.067491877382749976 86.41640742594658775 85.61146589938570628 85.363597442833125228 85.156011008244348659 85.461461387220111874 85.647948677105276261 85.561603175499868712 85.401382898132936816 85.779487669312601383 86.136090501421804788 86.787586990311595514 88.053249181782788924 89.412103302245384384 90.956785755250990633 nan nan nan nan nan nan nan nan nan nan nan nan nan nan nan nan nan nan nan nan nan nan nan nan nan nan nan nan nan nan nan nan nan nan nan nan nan nan nan nan nan
80.308208448332280227 81.361240081087231601 82.422487880219463818 83.697210307160219145 84.545920982167672264 85.892143609088449807 87.539222812446610078 87.883834488294411358 86.678979981788359055 85.977991430160528807 85.600337239473219597 85.678362722161779175 85.893240695746200686 86.054321799910212576 85.937413875523958495 85.708772600691048638 86.002845980705799889 86.552190051090576617 86.659029230865215254 87.482026203349164462 89.216908320168158752 90.651625965550408637 nan nan nan nan nan nan nan nan nan nan nan nan nan nan nan nan nan nan nan nan nan nan nan nan nan nan nan nan nan nan nan nan nan nan nan nan nan nan nan nan nan
80.613208268357425368 81.785166851773041685 83.028020765734765973 84.195019716550419275 85.153576822298617799 86.850051152492142137 88.164885052329580617 87.678881406068299498 87.289136091181248389 86.608817968107786101 86.371542652084229985 86.367772997741980134 86.42860473707018798 86.455090418877020397 86.217363636305989871 86.089083007551295168 86.515415904078750486 86.869050526418249092 87.113673134480961835 87.449987216101007448 89.37575030458961578 90.612177797097714915 nan nan nan nan nan nan nan nan nan nan nan nan nan nan nan nan nan nan nan nan nan nan nan nan nan nan nan nan nan nan nan nan nan nan nan nan nan nan nan nan nan
80.733626314744654451 82.106380283148595822 83.592597274664001361 84.683663469256615031 85.857880866138330589 87.353712589648708331 88.691096003366325817 88.239756864293838134 87.748021266590271239 87.339640537753581384 87.067171502293120966 86.862139393107071328 86.829386619280867876 86.718364711466776384 86.516068080332999557 86.671578437389271699 87.765404844524184114 87.702961022191658458 87.910744088030924104 88.03684402302565104 89.072617691691547748 nan nan nan nan nan nan nan nan nan nan nan nan nan nan nan nan nan nan nan nan nan nan nan nan nan nan nan nan nan nan nan nan nan nan nan nan nan nan nan nan nan nan
80.880444046683734882 82.45491509836745081 83.705440011528807531 85.047709502129507086 86.315061464410064218 87.598753164343321487 89.047860046933067224 89.183162937249136348 88.288917450304310819 87.925781773902158989 87.567370709857001998 87.264341642447107006 87.05266871936105133 86.932307458120121169 86.836779158413079927 87.284534195959054159 88.422890985062693403 88.74423815724193787 88.59480446032247869 88.736689072464557171 89.709158106857472603 nan nan nan nan nan nan nan nan nan nan nan nan nan nan nan nan nan nan nan nan nan nan nan nan nan nan nan nan nan nan nan nan nan nan nan nan nan nan nan nan nan nan
81.894749771152461904 82.785391352848762381 84.023653970264916779 85.444036000207475468 87.278412848346064834 88.461302555655549895 89.792584237271427128 89.08170913062474483 88.600957072429736172 88.179754414211288349 87.831435366839087919 87.481509745227512553 87.276312880889150847 87.192054338496916444 87.164166830633476479 87.597497930347586248 88.642942272376984647 89.628082800514903283 89.425959657844131812 89.600864303882460149 90.233439275623581466 nan nan nan nan nan nan nan nan nan nan nan nan nan nan nan nan nan nan nan nan nan nan nan nan nan nan nan nan nan nan nan nan nan nan nan nan nan nan nan nan nan nan
82.353347493452162098 83.384118909157976418 84.408498453781660942 85.560730329670292349 87.248268342247826013 88.712455606586971157 89.794255061008811936 89.530041555743679282 88.843496112219611405 88.247596005477802805 87.929941435145209994 87.592124791224804881 87.4910045364531328 87.44483409878499458 87.583127981762174841 88.069781034972763223 88.721101251410004807 90.156456820032985888 90.612127542455610296 nan nan nan nan nan nan nan nan nan nan nan nan nan nan nan nan nan nan nan nan nan nan nan nan nan nan nan nan nan nan nan nan nan nan nan nan nan nan nan nan nan nan nan nan
82.80701517738643247 83.596395474932748471 84.55963271997360664 85.923801808041446293 87.205329146983416422 88.340311344087936618 89.381006522331858832 89.912579905887170639 89.180537327619774146 88.518842474905866879 88.250091401345869713 87.981013743366787594 87.814690710842256749 87.919494929712925568 88.464974825405803927 88.669172482754063935 89.125710560002346483 90.532145419401203412 nan nan nan nan nan nan nan nan nan nan nan nan nan nan nan nan nan nan nan nan nan nan nan nan nan nan nan nan nan nan nan nan nan nan nan nan nan nan nan nan nan nan nan nan nan
82.577448694203340551 83.666492532612139144 84.623983149764114842 85.706904090368666971 86.304461673451996262 87.202543674854567257 88.681884979736281593 90.159477206619840217 89.704616663982591263 89.186334985661176233 88.787034785495634992 88.587608688804891699 88.909161967265106341 89.658541110634331517 89.611776226776754584 89.238679499086728697 89.734311910572685633 nan nan nan nan nan nan nan nan nan nan nan nan nan nan nan nan nan nan nan nan nan nan nan nan nan nan nan nan nan nan nan nan nan nan nan nan nan nan nan nan nan nan nan nan nan nan
83.318033407590519346 84.102595101753365725 84.725903858243981404 85.515270318954875961 86.018667563729067638 87.0583389023443317 88.572835057578771512 90.009073440052972614 90.267294346234947966 89.939775132247277156 89.677032092407443997 89.636997604937803885 nan nan nan 89.681619127281848591 nan nan nan nan nan nan nan nan nan nan nan nan nan nan nan nan nan nan nan nan nan nan nan nan nan nan nan nan nan nan nan nan nan nan nan nan nan nan nan nan nan nan nan nan nan nan nan
83.8291510598229479 84.253082524938335496 84.724288547934122562 85.314421433951451945 86.235538283612370947 87.484599512623987039 88.780592627492126212 90.270758869745918673 91.09406092356206841 nan nan nan nan nan nan nan nan nan nan nan nan nan nan nan nan nan nan nan nan nan nan nan nan nan nan nan nan nan nan nan nan nan nan nan nan nan nan nan nan nan nan nan nan nan nan nan nan nan nan nan nan nan nan
83.53923346357646551 84.276346646969642507 84.829974357682587538 85.387595197475690156 86.620735758468157428 87.976603878260021929 89.225670331307782135 90.598101684143017565 nan nan nan nan nan nan nan nan nan nan nan nan nan nan nan nan nan nan nan nan nan nan nan nan nan nan nan nan nan nan nan nan nan nan nan nan nan nan nan nan nan nan nan nan nan nan nan nan nan nan nan nan nan nan nan
83.675493391086192219 84.235550678257638424 84.946454004721957176 85.697517149854022023 87.09500011281386378 88.415135045175730966 89.622447487867063387 90.535208310079795524 nan nan nan nan nan nan nan nan nan nan nan nan nan nan nan nan nan nan nan nan nan nan nan nan nan nan nan nan nan nan nan nan nan nan nan nan nan nan nan nan nan nan nan nan nan nan nan nan nan nan nan nan nan nan nan
83.855014432842679639 84.204101197419120695 84.720637277073862492 85.390408922857361063 86.222207691845085265 87.525664478606401531 88.810999341666516216 90.30487120090826636 nan nan nan nan nan nan nan nan nan nan nan nan nan nan nan nan nan nan nan nan nan nan nan nan nan nan nan nan nan nan nan nan nan nan nan nan nan nan nan nan nan nan nan nan nan nan nan nan nan nan nan nan nan nan nan
84.009667976362123909 84.329472398403282796 84.66604641757031402 85.022498835762661429 85.639892022538120386 86.867911483368928316 88.580740810088201442 90.238677547864028838 91.594569772047137235 nan nan nan nan nan nan nan nan nan nan nan nan nan nan nan nan nan nan nan nan nan nan nan nan nan nan nan nan nan nan nan nan nan nan nan nan nan nan nan nan nan nan nan nan nan nan nan nan nan nan nan nan nan nan
84.263911508044557763 84.53283359979863576 85.015162780114778229 85.308225146781182957 85.528547599970977444 86.339235573999076223 87.944141893738233762 89.47390208490791963 91.143533413409414834 nan nan nan nan nan nan nan nan nan nan nan nan nan nan nan nan nan nan nan nan nan nan nan nan nan nan nan nan nan nan nan nan nan nan nan nan nan nan nan nan nan nan nan nan nan nan nan nan nan nan nan nan nan nan
84.537414512612457429 84.858291826439639749 85.291236977486036608 85.538424837328747685 85.706569011008554071 86.244486354621983537 87.941747848691932177 89.555435525976591293 91.265407397765656583 nan nan nan nan nan nan nan nan nan nan nan nan nan nan nan nan nan nan nan nan nan nan nan nan nan nan nan nan nan nan nan nan nan nan nan nan nan nan nan nan nan nan nan nan nan nan nan nan nan nan nan nan nan nan
