results/rofental/precip_month_2020-09-01T0000_2020-09-30T2300.asc
ncols        322
nrows        225
xllcorner    622802.488000000012
yllcorner    5178049.378999999724
cellsize     100.000000000000
[rows 56 to 83 of 225, columns 189 to 251 of 322]
nan nan nan nan nan nan nan nan nan nan nan nan nan nan nan nan nan nan nan nan nan nan nan nan nan nan nan nan nan nan nan nan nan nan nan nan nan nan nan nan nan nan nan nan nan nan nan nan nan nan nan nan nan nan nan nan nan nan nan nan nan nan nan
nan nan nan nan nan nan nan nan nan nan nan nan nan nan nan nan nan nan nan nan nan nan nan nan nan nan nan nan nan nan nan nan nan nan nan nan nan nan nan nan nan nan nan nan nan nan nan nan nan nan nan nan nan nan nan nan nan nan nan nan nan nan nan
nan nan nan nan nan nan nan nan nan nan nan nan nan nan nan nan nan nan nan nan nan nan nan nan nan nan nan nan nan nan nan nan nan nan nan nan nan nan nan nan nan nan nan nan nan nan nan nan nan nan nan nan nan nan nan nan nan nan nan nan nan nan nan
nan nan nan nan nan nan nan nan nan nan nan nan 83.662733704332097773 nan nan nan nan nan nan nan nan nan nan nan nan nan nan nan nan nan nan nan nan nan nan nan nan nan nan nan nan nan nan nan nan nan nan nan nan nan nan nan nan nan nan nan nan nan nan nan nan nan nan
nan nan nan nan nan nan nan nan nan nan 85.359325124043493815 84.449411910667762982 83.278110853386891677 82.629836620475913378 82.318478780139358264 nan nan nan nan nan nan nan nan nan nan nan nan nan nan nan nan nan nan nan nan nan nan nan nan nan nan nan nan nan nan nan nan nan nan nan nan nan nan nan nan nan nan nan nan nan nan nan nan
nan nan nan nan nan nan nan nan 85.386663854445885136 85.048624085562579467 84.483986491048824519 83.679145282930392113 82.891777035394895279 82.186912878963298112 81.337251739813623885 81.10073715476617906 nan nan nan nan nan nan nan nan nan nan nan nan nan nan nan nan nan nan nan nan nan nan nan nan nan nan nan nan nan nan nan nan nan nan nan nan nan nan nan nan nan nan nan nan nan nan nan
nan nan nan nan nan nan 86.893444693026069103 85.398828626527773622 84.128587998729869923 83.341273993468902859 82.771751843453358788 82.357107468388875304 82.102185540088413518 81.657827639305267553 80.793505365007774799 80.115596407695207404 80.108010850941425929 80.421888796216776996 nan nan nan nan nan nan nan nan nan nan nan nan nan nan nan nan nan nan nan nan nan nan nan nan nan nan nan nan nan nan nan nan nan nan nan nan nan nan nan nan nan nan nan nan nan
nan nan nan nan nan 87.027094428457473896 86.232726411475724149 84.45861938286959969 83.352683400131184044 82.725402113874338283 82.243441077546691531 81.769338546129688439 81.28564429417934889 80.93618007834837158 80.259634871867277184 79.610802158865254796 79.28958486816971174 79.3829563038275694 79.940076213481191303 80.797863521314340574 nan nan nan nan nan nan nan nan nan nan nan nan nan nan nan nan nan nan nan nan nan nan nan nan nan nan nan nan nan nan nan nan nan nan nan nan nan nan nan nan nan nan nan
nan nan nan nan nan 87.127206838736853456 86.108035090972848025 84.369310723094912419 83.065319763507446282 82.599591502343145066 82.171751963492852155 81.678512666228826333 81.176326662324740369 80.623289032652422748 80.032866625117449644 79.43586185026572366 79.123669607913910795 79.027337912448544444 79.216046252478150791 79.975800455778966125 81.083116802148325064 nan nan nan nan nan nan nan nan nan nan nan nan nan nan nan nan nan nan nan nan nan nan nan nan nan nan nan nan nan nan nan nan nan nan nan nan nan nan nan nan nan nan
83.55763540191205152 85.190698228479689647 nan nan 85.558283684900800381 85.306453066904595062 85.095039194530031068 84.330960404671003516 83.353001018514532916 82.841074366117098293 82.69776738901924773 81.818719120811181256 80.808518244723728685 80.2692317830403681 79.894445382631587904 79.471549806797995075 79.174150854019629264 78.972926963492795949 78.895838712528714609 79.238348451915641135 80.343209820976881019 80.521929950156760469 nan nan nan nan nan nan nan nan nan nan nan nan nan nan nan nan nan nan nan nan nan nan nan nan nan nan nan nan nan nan nan nan nan nan nan nan nan nan nan nan nan
82.425170564172063337 83.765167119023985265 84.65681021334556533 84.889005382549370893 84.064442691076692427 83.428209138057056293 83.356266399705774006 83.961985578554447329 83.61587386954512624 83.073014532467922777 82.496321745672915426 81.569244186907170047 80.639280404198586893 79.785156281179169468 79.665220729092965257 79.485788193870433815 79.119334628137409027 78.862736495039101214 78.746196645616009846 78.8647458914428654 79.956346810800056346 80.044411095976599313 79.855804428074350199 nan nan nan nan nan nan nan nan nan nan nan nan nan nan nan nan nan nan nan nan nan nan nan nan nan nan nan nan nan nan nan nan nan nan nan nan nan nan nan nan
81.165378020562798156 82.044105247573483553 83.040630934199114677 83.613603726245173675 82.703685865096431939 82.073271558093097156 82.262397060102145474 83.576237231650367221 83.872265553343993361 83.253872407246078069 82.445896769949484906 81.448674586562319178 80.631837437621854292 79.925636464291059724 79.544960172723691016 79.308342746567532799 78.919462313177959345 78.678060195230017371 78.531121817294959442 78.539175707543492422 79.423180933536855264 79.460309640713447266 79.440683831893281308 79.299747251915704283 nan nan nan nan nan nan nan nan nan nan nan nan nan nan nan nan nan nan nan nan nan nan nan nan nan nan nan nan nan nan nan nan nan nan nan nan nan nan nan
79.4835353951187642 80.275485963146493873 81.585267341330222735 82.498532833274524023 81.682782409790817724 80.850760597798853269 81.164194930545733087 82.38953315147884382 83.127028201459282286 83.633897322002908936 83.233729466621355186 81.639929474765835948 80.686591448357319223 80.051532050818337893 79.611732882982735759 79.23357798941826502 78.816360845787755807 78.600914785543110952 78.29354119887170782 78.0181806439226051 78.042813684238211636 77.869519176476757139 78.448727326787448533 79.081909965999088286 nan nan nan nan nan nan nan nan nan nan nan nan nan nan nan nan nan nan nan nan nan nan nan nan nan nan nan nan nan nan nan nan nan nan nan nan nan nan nan
78.666891981783621191 79.402509795888136068 80.465485616957394654 80.591810515716446162 80.334704014860292887 79.719147746765202101 80.056658036850208759 81.002643011586343391 81.567955813178940616 82.432254983477676546 83.393823657629766899 82.805829507970372561 81.443794136045454479 80.42508513361346445 79.643940355201010561 79.154678369411684002 78.653414443046955284 78.33341008692940477 77.886087298348712693 77.484794774374947224 77.042945208406564461 76.666761688269644992 77.216123095519535013 78.178889252187616421 nan nan nan nan nan nan nan nan nan nan nan nan nan nan nan nan nan nan nan nan nan nan nan nan nan nan nan nan nan nan nan nan nan nan nan nan nan nan nan
78.303867583131221863 78.072854093341561565 78.141920717984731937 78.516449250626166645 78.353709385386125064 78.446705104618359883 79.144617842666548313 79.758821985468600246 80.126116556249513678 80.932069195946368723 81.949209507236759009 82.733355082227106436 82.51656292876326404 81.651657759495421374 80.1919977526549701 79.086456615679011861 78.27177812808042745 77.777038972915448767 77.392672405998737872 77.015536052202506312 76.745573455614533032 76.454951134416205605 76.558476266427874179 77.641267860547401369 nan nan nan nan nan nan nan nan nan nan nan nan nan nan nan nan nan nan nan nan nan nan nan nan nan nan nan nan nan nan nan nan nan nan nan nan nan nan nan
76.880313050055235635 76.386953885595829661 75.989134400569042782 76.255594854823186779 76.81073155918431894 77.357011746790050211 77.928279712139541857 78.418257142700653617 78.926467622464372198 79.594698898594060665 80.446922821212467625 81.076014454284091926 81.136773584676262772 81.48879624597128668 81.023008129906173735 79.582494576015534449 78.113529936535769593 77.203215899547046774 76.785795837337616376 76.496728787626878443 76.404381505087826554 76.324407235992012488 76.006456670095900563 76.24547421896107835 77.220097732127470636 nan nan nan nan nan nan nan nan nan nan nan nan nan nan nan nan nan nan nan nan nan nan nan nan nan nan nan nan nan nan nan nan nan nan nan nan nan nan
76.350579015194441013 75.729208900629899404 75.199988237531670165 75.523875796666473548 75.999493860269183187 76.287563143524081966 76.643967143188959312 77.181799884235005038 77.714672175437712554 78.271396534438466119 79.274753391139611836 79.877031079619726484 79.746571940720784255 80.126976432602873501 80.682506846416060853 79.264671515742989527 77.861606276209542443 76.73501312837439059 76.334471874818135007 75.984855895711561402 75.351638291420982796 75.5022227639262411 75.357579353149120038 75.265219676732712628 76.024825738350955362 76.839832774777562463 nan nan nan nan nan nan nan nan nan nan nan nan nan nan nan nan nan nan nan nan nan nan nan nan nan nan nan nan nan nan nan nan nan nan nan nan nan
75.539841576659554789 75.018199432785365843 74.710480465441193587 75.05121682925691573 75.324499923676057733 75.49931426589971295 75.58041407032230552 76.185285629113622008 76.587242930733154367 76.984922187487768497 77.935373873069238471 78.654263769960934383 78.660718728418302703 78.90655632786103979 79.223807255386631709 79.000408736912163477 77.473493556616787714 76.259011673525350261 76.024546548012693847 75.458238526570568183 74.281057533028956641 73.912950013258424065 74.542653990257377927 74.646906096436950406 75.085204499748655849 76.089284979273315912 nan nan nan nan nan nan nan nan nan nan nan nan nan nan nan nan nan nan nan nan nan nan nan nan nan nan nan nan nan nan nan nan nan nan nan nan nan
75.051308509450947781 74.640074452797549043 74.479413988207738839 74.601938376207584724 74.865676647912920316 74.941699039694952944 74.931954081297220682 75.17316406207402224 75.562167569591224492 75.899714990903220269 76.685953958798592112 77.572388251760443723 77.884950231619797023 77.901883986152526518 77.875008464771298122 77.548454462467447001 77.245123264026531729 75.669915945781951905 75.289807543562105252 74.7920808765013021 73.790128741617863284 73.26330799317666731 73.504512973120881725 73.997684187663523403 74.811227196355147839 75.499537711599046474 76.567603451939888259 nan nan nan nan nan nan nan nan nan nan nan nan nan nan nan nan nan nan nan nan nan nan nan nan nan nan nan nan nan nan nan nan nan nan nan nan
74.826689331014904383 74.571872506718207774 74.159487795923638487 74.26300051681252512 74.448481380052697887 74.558224896748413357 74.599355513796311357 74.503230763142965998 74.587632957526224686 74.913508779249056602 75.753319100952140275 77.029649679655818773 77.312850096107155196 76.902921558876400354 76.782798663787175997 76.539158081456633909 75.877616494211480358 74.891277302215684131 74.146029917590311697 73.819967019239143724 73.338929799356449735 73.109613447069492054 73.092630813198027795 73.86633906322283849 74.746531569374269566 75.844657182332653633 76.838001998285378136 nan nan nan nan nan nan nan nan nan nan nan nan nan nan nan nan nan nan nan nan nan nan nan nan nan nan nan nan nan nan nan nan nan nan nan nan
74.681133588480292929 74.282973180911952227 73.854691519925140142 73.95195679124299204 74.098377420702860263 74.104916515844934111 74.056976285844100971 74.039017469859217613 73.974512434174926057 74.164821107005280965 75.180669327347999342 76.418020674091351907 77.313219212766426836 76.670140618160957047 76.232743355704613464 75.881346796464953286 75.272682301575045472 74.358693149103487485 73.496685867163634498 73.09704446054371374 72.774094152785750111 72.970944261333869463 73.123818833344330415 73.920618496027969968 74.936259092365347101 76.325863570176977646 nan nan nan nan nan nan nan nan nan nan nan nan nan nan nan nan nan nan nan nan nan nan nan nan nan nan nan nan nan nan nan nan nan nan nan nan nan
74.592585064564076447 73.940753517508966297 73.624599749987496011 73.612199982254537645 73.836011804146068016 73.668607980859519557 73.509089715862202752 73.688031086152207649 73.712922791752362173 73.748286451301041211 74.632405588167358701 75.981650304897826231 77.168570852420771189 76.405088309717413608 75.531789056016663153 75.182927454987492411 74.670817440132950082 73.995993122326098046 73.186884565236354661 72.484420578566229665 72.209575389453888761 72.51905237359056855 72.896703248932624319 74.157588347523457628 75.175325162346638308 76.528595090475434404 nan nan nan nan nan nan nan nan nan nan nan nan nan nan nan nan nan nan nan nan nan nan nan nan nan nan nan nan nan nan nan nan nan nan nan nan nan
75.232866721135948751 74.131529907641024124 73.435888984892358167 73.227929785443635069 73.43159419640890917 73.409034322075129353 73.15909773882962952 73.254766152308732785 73.420433932136049293 73.468739828753371057 74.129623840648548594 75.408282763832190199 76.815982670090491524 76.687055247901710686 75.693642990733039255 75.013593362631070249 74.181477595554511595 73.245730667738158104 72.21995504572863922 71.816362715435047903 71.644905370334612371 71.862023132988753105 72.726360328314186177 73.970060339207819311 74.860793865483373111 75.801335679799251466 nan nan nan nan nan nan nan nan nan nan nan nan nan nan nan nan nan nan nan nan nan nan nan nan nan nan nan nan nan nan nan nan nan nan nan nan nan
74.979256501539381929 74.511008097822170271 73.659585042018505874 73.13271323101599819 73.067194590543422805 73.176583060124642088 72.99300168884835216 72.886228482358689007 72.955419198396498359 73.511363192393332611 73.908751309376157224 74.561121303394315873 75.858812360693136156 76.452125007348911367 75.61348453582306206 74.544639304062911833 73.804311832304279051 72.816066785607688416 71.759743602810331708 71.296065761329487032 71.186274070211084108 71.66703224511510939 72.793100365347200409 73.671026868069574789 74.328244194882941542 nan nan nan nan nan nan nan nan nan nan nan nan nan nan nan nan nan nan nan nan nan nan nan nan nan nan nan nan nan nan nan nan nan nan nan nan nan nan
74.874694810456318805 74.430972986394351665 74.054146150492570655 73.266760147181827278 73.00285286406004559 73.053852534897870896 72.979817427715047984 72.686178332967273263 72.576339176133828346 73.342097631499342469 73.34950278456322792 73.891751270644348892 74.630648348798644065 75.551598239111527278 75.098905647793728235 74.06487457152013576 73.358312192781127692 72.387271037145822561 71.229780739062078965 70.840257511766637322 70.963812273744323988 71.741041727755302304 72.340770631380351574 73.188891447761790232 73.871237616867531983 nan nan nan nan nan nan nan nan nan nan nan nan nan nan nan nan nan nan nan nan nan nan nan nan nan nan nan nan nan nan nan nan nan nan nan nan nan nan
75.552945501202202649 74.711492824333916474 73.708730439467828432 73.306336788133933169 72.933203252845899556 72.622635814352065609 72.542280156337255903 72.458782523702424783 72.359297336859825123 72.825130707558940912 72.781283649923736334 73.295854234312827202 73.800992774198789448 74.539396530143889663 74.640257327320512104 73.920324008742753108 73.206485055761831404 72.15475105401385747 71.005850953646572066 70.572297733072787196 70.846807362331674085 71.353644900573314658 71.557415335541122658 72.479045554213286096 73.218719047122178267 nan nan nan nan nan nan nan nan nan nan nan nan nan nan nan nan nan nan nan nan nan nan nan nan nan nan nan nan nan nan nan nan nan nan nan nan nan nan
75.064608310197101559 74.5212847838496657 73.406648980630762935 72.56581780337164389 72.520261976629257106 72.070319674008800348 72.026983934758632699 71.994047353241398923 72.063378060709979422 72.290293886756799679 72.353269606182976759 72.637242403383595502 73.242762748981817822 73.562728918435652758 73.908386798954580854 73.598465219479010102 72.945413295523863439 72.082084110466581706 71.002037117653273413 70.264157419738296539 70.384985976621010195 70.738881461885398494 70.940153876042273851 71.704551704656978472 72.648479169760307173 72.656342554267396849 nan nan nan nan nan nan nan nan nan nan nan nan nan nan nan nan nan nan nan nan nan nan nan nan nan nan nan nan nan nan nan nan nan nan nan nan nan
74.492832613284946319 73.89760306675120205 73.163119050089207462 72.49180568304311123 71.913986399697591878 71.60608145153634041 71.445847339322355651 71.439964490555922794 71.576957544367800779 71.665401119594548618 71.740890911153243792 71.828767998526018346 72.551778218250490227 73.047900786374341919 73.091882302423030637 72.992242477855214133 72.595559758151253504 72.012706203574396113 70.894731658774233551 70.077022179280746172 69.946859073711294741 70.211373921396585729 70.362824746991890379 70.982771539294461149 71.920505793376150905 71.739063823704356082 71.348649468799351325 nan nan nan nan nan nan nan nan nan nan nan nan nan nan nan nan nan nan nan nan nan nan nan nan nan nan nan nan nan nan nan nan nan nan nan nan
