results/rofental/precip_month_2020-01-01T0000_2020-01-31T2300.asc
ncols        322
nrows        225
xllcorner    622802.488000000012
yllcorner    5178049.378999999724
cellsize     100.000000000000
[rows 168 to 195 of 225, columns 63 to 125 of 322]
nan nan nan nan nan nan nan nan nan nan nan nan nan nan nan nan nan nan nan nan nan nan nan nan nan nan nan nan 33.272836696175637883 32.186990701996805342 31.430909100066728001 31.114512988580294461 30.808615027382252549 30.422867022633141687 29.821303575335722513 28.788833237903560303 28.423800827649294831 28.212609954591087558 27.844439893438618583 27.415169986828015425 27.171686433729018262 26.925652091582623626 26.721741163226440108 26.424220534863160026 25.965558902952174947 25.610972632707763808 25.331522411068480238 25.01786051340601702 24.693898459282827673 24.429307509189385428 24.179080357083542197 23.936829540208158562 23.693881747743223087 23.458032481107046863 23.212591390384474721 22.950967252349364855 22.727725768489985825 22.503637798870514075 22.300665520160681154 22.257220867636149819 22.371817531116647615 22.813002034187839229 23.311844581028626777
nan nan nan nan nan nan nan nan nan nan nan nan nan nan nan nan nan nan nan nan nan nan nan nan nan nan nan nan 33.389432188722075523 32.162521009353937984 31.097516459511790998 30.810191908547349016 30.592519699263359456 30.297113533285276787 29.820629562315506433 29.113504430198943851 28.287216049855409494 28.004998904561031026 27.698817779740561917 27.413757748774099099 27.174851949675357332 26.773985832876785906 26.475804800281458995 26.244515919304276963 25.824490962124151849 25.445768356381964992 25.153252907911461733 24.831051597368436035 24.511220460629882467 24.252025970806784017 24.023344976732403211 23.787467472256242473 23.548765439338271932 23.297133012122831275 23.033968134424842589 22.767891953098427393 22.579978684373667619 22.450218721691069135 22.457845205394843191 22.515231540665229915 22.649035510481350997 23.196640869276436092 23.631781847789216755
nan nan nan nan nan nan nan nan nan nan nan nan nan nan nan nan nan nan nan nan nan nan nan nan nan nan nan 32.81091331628857688 32.575741311998655192 31.509813416776349726 30.767566149356724736 30.468521599772493857 30.335743051346916843 30.129277620211762923 29.715622033811317948 29.14402779112538866 28.497858270338941367 27.933886607621417397 27.514350561015845642 27.401096857966201981 27.182989007049012997 26.664105485472052948 26.236465409720405972 26.03285953845558609 25.745566659690069855 25.424901123478957032 25.066968433363552293 24.714272734777782858 24.40175182361873496 24.128832704506578466 23.890756925179754688 23.623230312305857126 23.377189357221684674 23.105680521257315974 22.852076399123465222 22.736016932365487264 22.686865565396978184 22.724875363057908118 22.759888998304980134 22.830448720394830531 23.103582586612070315 23.682683173175664848 24.204402738501013204
nan nan nan nan nan nan nan nan nan nan nan nan nan nan nan nan nan nan nan nan nan nan nan nan nan nan nan 32.373205169446343632 31.682339699008004175 31.091079011087753514 30.64410438860043584 30.255508781448266831 30.109437954928207404 29.920994446106590203 29.628697949462825534 29.261314508764090903 28.771193434811056733 28.088274541176581067 27.562586240944639826 27.423972420967654529 27.182547420178710951 26.559617412805998526 26.077997705393105576 25.91156160592899127 25.716792376208253756 25.447802898833348451 25.080864670254559456 24.71826449576976259 24.417096639373166767 24.121646504999471716 23.863331599875539979 23.509213443529397125 23.272677659060200028 23.137963018205052634 23.026717041490584847 22.973551382696925316 23.03907548011384776 23.059543117115680388 23.140029238939096246 23.281846433336347957 23.711729059811940346 24.078190727532632565 nan
nan nan nan nan nan nan nan nan nan nan nan nan nan nan nan nan nan nan nan nan nan nan nan nan nan nan nan nan 31.854287513899190998 30.95188522294417055 30.558458104965126267 30.267567138903299195 30.020410130050109387 29.736500019346706836 29.455127756829178054 29.225851506571117966 28.795368359567838468 28.333309280479255676 27.874169604251378018 27.500612232671475255 27.231779172602625039 26.66457001893741463 26.133725331782020618 25.893564816394526673 25.706888627164094174 25.452535323353963292 25.013853944677606478 24.677256191207636249 24.410972286790265429 24.178952903947198649 23.99294058378603367 23.810422155940710098 23.739566800574138483 23.620275261599950056 23.54648199302687317 23.503506630466368676 23.598174328675550981 23.563296344898752466 23.605933009772986253 23.705176054151881004 24.334930017461424256 24.252066907698395681 nan
nan nan nan nan nan nan nan nan nan nan nan nan nan nan nan nan nan nan nan nan nan nan nan nan nan nan nan nan nan 31.481556592981633003 30.608609522253246382 30.329929663240292825 30.048317233931303605 29.688936973878490733 29.32689581412371993 29.037803792338820585 28.678213963019668853 28.321095700725621214 27.868045009218516128 27.441952869696713435 27.191621876245978484 26.677588664759049664 26.150375053353165811 25.877511082333462866 25.707093007445248389 25.440709976237542378 24.976070050625541086 24.774169676494572911 24.610551550457092418 24.459666016850864168 24.45825103174204429 24.343030726694671273 24.102116835958149466 24.04128604261751434 24.079599809500304985 24.097633912531147615 24.137866844164236113 24.077834254761043553 24.234635832737165373 24.533915952751200962 24.423856959622515461 nan nan
nan nan nan nan nan nan nan nan nan nan nan nan nan nan nan nan nan nan nan nan nan nan nan nan nan nan nan nan nan nan 31.425571837180456214 30.847071723951433597 30.319546849835685265 29.853502509537577225 29.467430113758545929 28.936072931575697709 28.590188458050118214 28.249512421042673793 27.824449700670896846 27.540910955105701419 27.33095704454659014 26.939647195721544648 26.503846124477515644 26.213144256357750805 26.011739637711851714 25.735520278366301739 25.439698718713088965 25.241532950890739784 25.047640160692420608 24.871904747351038623 24.789940476812088122 24.595115647904311373 24.520602909209074483 24.630311894393436489 24.626727490741913584 24.705977543611581382 24.762238062852013343 24.870745341654089344 nan nan nan nan nan
nan nan nan nan nan nan nan nan nan nan nan nan nan nan nan nan nan nan nan nan nan nan nan nan nan nan nan nan nan nan nan nan nan nan nan 28.945704817184850555 28.635747882309143364 28.293985097638959303 28.025240567689891691 27.889533202819862368 27.738242699351889797 27.448783613321108277 27.36996835957545926 27.005646922464148219 26.55400106057027898 26.140528916520199942 25.803207242993448034 25.452705867687214436 25.294159941153885995 25.111310996148180408 24.995272939979503946 24.997442725204408021 25.226239603115264032 nan nan nan nan nan nan nan nan nan nan
nan nan nan nan nan nan nan nan nan nan nan nan nan nan nan nan nan nan nan nan nan nan nan nan nan nan nan nan nan nan nan nan nan nan nan nan nan nan nan nan nan nan nan nan nan nan 25.786936850729013315 25.566112780662933801 25.483830396067460811 25.338602339483749404 25.35944870646349969 25.598507705611499574 25.68783136689443225 nan nan nan nan nan nan nan nan nan nan
nan nan nan nan nan nan nan nan nan nan nan nan nan nan nan nan nan nan nan nan nan nan nan nan nan nan nan nan nan nan nan nan nan nan nan nan nan nan nan nan nan nan nan nan nan nan nan 25.641200880743777901 25.813621502537827723 25.559785674314351667 25.699996971342262242 nan nan nan nan nan nan nan nan nan nan nan nan
nan nan nan nan nan nan nan nan nan nan nan nan nan nan nan nan nan nan nan nan nan nan nan nan nan nan nan nan nan nan nan nan nan nan nan nan nan nan nan nan nan nan nan nan nan nan nan nan nan nan nan nan nan nan nan nan nan nan nan nan nan nan nan
nan nan nan nan nan nan nan nan nan nan nan nan nan nan nan nan nan nan nan nan nan nan nan nan nan nan nan nan nan nan nan nan nan nan nan nan nan nan nan nan nan nan nan nan nan nan nan nan nan nan nan nan nan nan nan nan nan nan nan nan nan nan nan
nan nan nan nan nan nan nan nan nan nan nan nan nan nan nan nan nan nan nan nan nan nan nan nan nan nan nan nan nan nan nan nan nan nan nan nan nan nan nan nan nan nan nan nan nan nan nan nan nan nan nan nan nan nan nan nan nan nan nan nan nan nan nan
nan nan nan nan nan nan nan nan nan nan nan nan nan nan nan nan nan nan nan nan nan nan nan nan nan nan nan nan nan nan nan nan nan nan nan nan nan nan nan nan nan nan nan nan nan nan nan nan nan nan nan nan nan nan nan nan nan nan nan nan nan nan nan
nan nan nan nan nan nan nan nan nan nan nan nan nan nan nan nan nan nan nan nan nan nan nan nan nan nan nan nan nan nan nan nan nan nan nan nan nan nan nan nan nan nan nan nan nan nan nan nan nan nan nan nan nan nan nan nan nan nan nan nan nan nan nan
nan nan nan nan nan nan nan nan nan nan nan nan nan nan nan nan nan nan nan nan nan nan nan nan nan nan nan nan nan nan nan nan nan nan nan nan nan nan nan nan nan nan nan nan nan nan nan nan nan nan nan nan nan nan nan nan nan nan nan nan nan nan nan
nan nan nan nan nan nan nan nan nan nan nan nan nan nan nan nan nan nan nan nan nan nan nan nan nan nan nan nan nan nan nan nan nan nan nan nan nan nan nan nan nan nan nan nan nan nan nan nan nan nan nan nan nan nan nan nan nan nan nan nan nan nan nan
nan nan nan nan nan nan nan nan nan nan nan nan nan nan nan nan nan nan nan nan nan nan nan nan nan nan nan nan nan nan nan nan nan nan nan nan nan nan nan nan nan nan nan nan nan nan nan nan nan nan nan nan nan nan nan nan nan nan nan nan nan nan nan
nan nan nan nan nan nan nan nan nan nan nan nan nan nan nan nan nan nan nan nan nan nan nan nan nan nan nan nan nan nan nan nan nan nan nan nan nan nan nan nan nan nan nan nan nan nan nan nan nan nan nan nan nan nan nan nan nan nan nan nan nan nan nan
nan nan nan nan nan nan nan nan nan nan nan nan nan nan nan nan nan nan nan nan nan nan nan nan nan nan nan nan nan nan nan nan nan nan nan nan nan nan nan nan nan nan nan nan nan nan nan nan nan nan nan nan nan nan nan nan nan nan nan nan nan nan nan
nan nan nan nan nan nan nan nan nan nan nan nan nan nan nan nan nan nan nan nan nan nan nan nan nan nan nan nan nan nan nan nan nan nan nan nan nan nan nan nan nan nan nan nan nan nan nan nan nan nan nan nan nan nan nan nan nan nan nan nan nan nan nan
nan nan nan nan nan nan nan nan nan nan nan nan nan nan nan nan nan nan nan nan nan nan nan nan nan nan nan nan nan nan nan nan nan nan nan nan nan nan nan nan nan nan nan nan nan nan nan nan nan nan nan nan nan nan nan nan nan nan nan nan nan nan nan
nan nan nan nan nan nan nan nan nan nan nan nan nan nan nan nan nan nan nan nan nan nan nan nan nan nan nan nan nan nan nan nan nan nan nan nan nan nan nan nan nan nan nan nan nan nan nan nan nan nan nan nan nan nan nan nan nan nan nan nan nan nan nan
nan nan nan nan nan nan nan nan nan nan nan nan nan nan nan nan nan nan nan nan nan nan nan nan nan nan nan nan nan nan nan nan nan nan nan nan nan nan nan nan nan nan nan nan nan nan nan nan nan nan nan nan nan nan nan nan nan nan nan nan nan nan nan
nan nan nan nan nan nan nan nan nan nan nan nan nan nan nan nan nan nan nan nan nan nan nan nan nan nan nan nan nan nan nan nan nan nan nan nan nan nan nan nan nan nan nan nan nan nan nan nan nan nan nan nan nan nan nan nan nan nan nan nan nan nan nan
nan nan nan nan nan nan nan nan nan nan nan nan nan nan nan nan nan nan nan nan nan nan nan nan nan nan nan nan nan nan nan nan nan nan nan nan nan nan nan nan nan nan nan nan nan nan nan nan nan nan nan nan nan nan nan nan nan nan nan nan nan nan nan
nan nan nan nan nan nan nan nan nan nan nan nan nan nan nan nan nan nan nan nan nan nan nan nan nan nan nan nan nan nan nan nan nan nan nan nan nan nan nan nan nan nan nan nan nan nan nan nan nan nan nan nan nan nan nan nan nan nan nan nan nan nan nan
nan nan nan nan nan nan nan nan nan nan nan nan nan nan nan nan nan nan nan nan nan nan nan nan nan nan nan nan nan nan nan nan nan nan nan nan nan nan nan nan nan nan nan nan nan nan nan nan nan nan nan nan nan nan nan nan nan nan nan nan nan nan nan
