results/rofental/precip_month_2019-11-01T0000_2019-11-30T2300.asc
ncols        322
nrows        225
xllcorner    622802.488000000012
yllcorner    5178049.378999999724
cellsize     100.000000000000
[rows 140 to 167 of 225, columns 63 to 125 of 322]
nan nan nan nan nan nan nan nan nan nan nan nan nan nan nan nan nan nan nan nan nan nan nan nan nan nan nan nan nan nan nan nan nan nan nan nan nan nan nan nan nan nan nan nan nan nan nan nan nan nan nan 243.88794213051727411 242.61237654188414581 239.0598709414921359 235.11573880594315256 232.13163017218812456 229.26953186683908825 226.62618184827672962 225.5956793364626094 224.89637303299264204 223.2350704529875145 220.9965994566020413 218.99452631677092995
nan nan nan nan nan nan nan nan nan nan nan nan nan nan nan nan nan nan nan nan nan nan nan nan nan nan nan nan nan nan nan nan nan nan nan nan nan nan nan nan nan nan nan nan nan nan nan nan nan nan 244.24461022625962414 242.61608294346422099 241.06107975472414751 237.14869846132188513 232.88810747304188453 230.77997896597403837 227.98408388116251899 225.96668290206321217 225.09406310736108026 224.05296980602983581 222.48265562976408205 220.04536021875736651 217.61189610557744345
nan nan nan nan nan nan nan nan nan nan nan nan nan nan nan nan nan nan nan nan nan nan nan nan nan nan nan nan nan nan nan nan nan nan nan nan nan nan nan nan nan nan nan nan nan nan nan nan nan 242.57905931461829141 237.48316458221188441 235.53770765907461282 233.56993883897240494 234.77529703255694926 233.03893652986309348 229.82872494366890237 226.47624167539436257 224.29106647847399358 222.87879661730593739 221.40142861756874026 219.80164287599365025 217.94233703027941829 215.70843050420867826
nan nan nan nan nan nan nan nan nan nan nan nan nan nan nan nan nan nan nan nan nan nan nan nan nan nan nan nan nan nan nan nan nan nan nan nan nan nan nan nan nan nan nan nan nan nan nan nan 238.46122297558298442 235.50923144109839313 230.75172636263411619 227.77362915984718938 226.9081956819632353 227.06993292872493839 230.77361656419935798 230.77289895856409885 225.96044170689015118 222.44409826880351488 220.47393304523600932 219.1131415424313218 217.24757610477442427 214.80362065812599326 212.67659472365212991
nan nan nan nan nan nan nan nan nan nan nan nan nan nan nan nan nan nan nan nan nan nan nan nan nan nan nan nan nan nan nan nan nan nan nan nan nan nan nan nan nan nan nan nan nan 235.92372315581110342 235.14012957846415475 232.60458429704377181 231.70007899972847554 229.91397668082626637 226.13362186806631371 223.54224287149753536 221.86376314837517043 221.09607325452779492 223.66562657248417167 226.20034173415146483 225.83932235843465719 223.19315032941500476 220.41844463425698564 218.43828428918223494 216.63475786032543624 215.12712761915364013 212.91872657664654866
nan nan nan nan nan nan nan nan nan nan nan nan nan nan nan nan nan nan nan nan nan nan nan nan nan nan nan nan nan nan nan nan nan nan nan nan nan nan nan nan nan nan nan nan 229.23221200356761074 230.21297877442364666 230.57682700014649413 227.17684641994918593 225.21662485764989015 225.54578729748888577 224.27729116796288622 221.67469853865247842 218.87255653454559479 217.47288826259639904 216.99481310791924216 218.24953108492641718 220.62083686406091942 221.32369067241438643 220.97766084580166535 220.00314477590791284 218.33945554154900037 216.0556829955810656 213.16920851355163791
nan nan nan nan nan nan nan nan nan nan nan nan nan nan nan nan nan nan nan nan nan nan nan nan nan nan nan nan nan nan nan nan nan nan nan nan nan nan nan nan nan nan nan nan 224.34086480350279658 224.72606656763466049 223.50283388293163966 223.15532644803545281 220.4684442092912775 219.38103205582265787 218.21543761640464254 217.79776631337577442 216.01324978330131898 214.95906120711913445 213.78331519465072574 212.58462078266751405 213.30450435927917852 214.70104595831682559 215.11175456922737226 215.07806945339021354 215.00760504409819873 214.76196574285154384 211.82749374930367026
nan nan nan nan nan nan nan nan nan nan nan nan nan nan nan nan nan nan nan nan nan nan nan nan nan nan nan nan nan nan nan nan nan nan nan nan nan nan nan nan nan nan nan nan 224.22294280560973334 222.63687015675881753 221.05788164758180869 219.36052472307375183 218.18125023247944227 217.4934044013282346 216.64650835832824782 215.87355665507035951 214.81211524485851783 213.70682109847479069 212.79391696988210469 211.30818188758084375 209.80088308571671973 208.96784843468981308 209.06336163040495535 210.15263126647244007 209.8048244314680062 209.80305978709895953 207.27249650926859204
nan nan nan nan nan nan nan nan nan nan nan nan nan nan nan nan nan nan nan nan nan nan nan nan nan nan nan nan nan nan nan nan nan nan nan nan nan nan nan nan nan nan nan 227.9309093964866122 225.20223515364921241 221.65776973959094676 219.75238346346876028 218.9607802311420528 218.08738135507368838 217.20191896473733095 216.41442572081871276 215.68406283227395193 214.77718003033288596 213.72379936821457136 212.61002950503024067 211.1561213440951974 209.74600315123171868 208.56428671237554795 207.07013031500466127 205.78925639082595467 204.09296437351548548 202.85510543050185106 201.90785397967678705
nan nan nan nan nan nan nan nan nan nan nan nan nan nan nan nan nan nan nan nan nan nan nan nan nan nan nan nan nan nan nan nan nan nan nan nan nan nan nan nan nan nan nan 230.20071638625952914 226.88577264694194469 222.24139310929189151 219.6282689396835508 218.85548864690059645 218.05183467935754038 217.14326605137156889 216.53816622516870893 215.61453376876144716 214.33896413560989913 213.04227725114481018 211.93796391208235264 210.58110455847392473 209.14277729664280514 207.64906986350177931 206.50005490336781122 204.62985692581742114 202.98012575288913695 199.95378130601324074 197.81630482191064857
nan nan nan nan nan nan nan nan nan nan nan nan nan nan nan nan nan nan nan nan nan nan nan nan nan nan nan nan nan nan nan nan nan nan nan nan nan nan nan nan nan nan 233.94464375839098125 231.05433049521997191 226.19064260647220976 223.01609273240165976 220.52640483705155816 219.32592776554579928 218.59271692017384225 217.67181882249539626 217.41432173561665309 216.37858299799751194 214.84473749912496032 213.29338436879427832 211.72501186991217992 209.93224004903007085 207.54819214366418123 204.74480668563725771 202.32094873446803263 200.396396264505114 198.62816614951472616 197.43412332103454787 196.2019840749234163
nan nan nan nan nan nan nan nan nan nan nan nan nan nan nan nan nan nan nan nan nan nan nan nan nan nan nan nan nan nan nan nan nan nan nan nan nan nan nan nan nan 236.14618462097971019 235.1858778512774677 230.65879035901659222 227.71450108692448566 224.83675412193196053 222.44883471371466044 221.36035573403324861 220.69050340847053349 219.53906940719812724 219.0162247490978018 217.97647816088459649 216.63608746733137878 215.02118368553726668 212.90315829574731765 210.00310011203009708 206.3984020497515246 203.82200035761442791 201.35704266378877492 198.15728569871822629 196.48894298305472716 195.45898531735434744 195.43499499680342524
nan nan nan nan nan nan nan nan nan nan nan nan nan nan nan nan nan nan nan nan nan nan nan nan nan nan nan nan nan nan nan nan nan nan nan nan nan nan nan nan nan nan 234.80401643265705047 230.91072488052614631 228.60101241479898704 226.07872120732542953 223.5723611571572178 223.08906948808245829 222.9091922978541902 222.21719529790030379 222.43799553034432392 220.57951680197569999 219.02665209241365574 217.3551224255288048 215.26000204108001412 212.02852064984173808 207.90394256241981452 203.96537951260995669 200.69032968474297718 197.27985679252870455 194.52291443825808415 194.91844760349019339 195.52279086021184185
nan nan nan nan nan nan nan nan nan nan nan nan nan nan nan nan nan nan nan nan nan nan nan nan nan nan nan nan nan nan nan nan nan nan nan nan nan nan nan nan nan 240.15675321688121358 235.87717881330507907 232.5037282421400846 230.5961005440412066 227.94213852403049714 225.45875590049351445 225.21846799206198853 225.52331056957132205 225.66680359893854302 226.02293313043222156 224.48497802980071469 223.42790751514539238 221.26534058921683368 216.98256219967825587 212.9237421119363205 208.25566764611920689 203.60400077265805407 199.63772334335220648 196.02808523429806087 194.17706016855854045 194.96281353514967805 195.42809864815788501
nan nan nan nan nan nan nan nan nan nan nan nan nan nan nan nan nan nan nan nan nan nan nan nan nan nan nan nan nan nan nan nan nan nan nan nan nan nan nan nan nan 243.41891257049815067 239.65074550985696078 234.68319159632935111 232.13053920163511634 229.62530490275261741 227.98268114735529366 227.63835267009852714 229.20912237592563088 228.59833502569748021 223.10615762621068825 219.99070229606695648 219.92485770370441855 217.70458501596814926 214.12912019790198315 210.67259284606913639 206.27467114424825922 201.48131183982332004 197.32371309549722582 193.9800705713654736 194.1134360484510637 194.6741604662358327 195.09776658752289791
nan nan nan nan nan nan nan nan nan nan nan nan nan nan nan nan nan nan nan nan nan nan nan nan nan nan nan nan nan nan nan nan nan nan nan nan nan nan nan nan nan 245.89028565191370035 243.02312190009399728 239.65478045824647779 234.74587720800906254 230.90207671333695316 229.72622725051053294 230.17884983093574647 228.65389593383901001 223.30981044246493639 217.95017227113555691 215.84119946766423936 215.05638138013577532 214.27990802960994188 211.43741790554406634 207.26045923822547934 203.06830603304126726 198.86796004105036673 194.71093802488991287 193.18596805275814177 193.74049689410995256 194.13382009554106844 194.65208592583346103
nan nan nan nan nan nan nan nan nan nan nan nan nan nan nan nan nan nan nan nan nan nan nan nan nan nan nan nan nan nan nan nan nan nan nan nan nan nan nan nan nan 245.30213647197041382 243.70317609387453217 239.85292347743592245 235.55705756573624399 232.83623205729122674 230.03165796668687904 226.35884221220243262 222.74923277253580522 218.3517585900630138 214.39069876886597399 211.7606298898043633 209.45586048879903274 208.76605204632639357 207.18503847495267678 204.95313477791842161 201.36907676097243325 197.007792902293005 192.68556000990579946 192.74585618717779312 193.18758239213141792 193.66023823890392919 194.09099593357188951
nan nan nan nan nan nan nan nan nan nan nan nan nan nan nan nan nan nan nan nan nan nan nan nan nan nan nan nan nan nan nan nan nan nan nan nan nan nan nan nan 243.16456735997525129 241.95931098904753753 240.28697951791002652 235.92135840297484606 232.07346779937893189 228.22541669385495311 225.1464370883299182 223.37816999459474232 220.25674561612453317 216.35014556934308416 212.23123323776749771 208.37906804503361968 206.19789945490700234 204.81969875553417637 203.31395431969895071 201.10414962842196474 198.15004216518067892 194.29268180367614605 191.7356502328571537 192.30608621967539307 192.61566948383759268 193.05095987737774976 193.39804632958609432
nan nan nan nan nan nan nan nan nan nan nan nan nan nan nan nan nan nan nan nan nan nan nan nan nan nan nan nan nan nan nan nan nan nan nan nan nan nan nan 238.50638947144011581 238.72961182283520998 238.19155970897429597 236.84025809389746087 233.87230614846924937 230.17616293693353668 226.54320026598387017 223.46500514379928859 221.54827056335327029 218.96436290285552673 215.27896614406063236 211.72459306071272067 208.38610853497644371 204.99384734747604853 202.19339464375494231 200.27769586418446579 198.25876144533555134 195.10856286804678916 191.3171873710845432 191.45642760647535852 191.84060449711975593 192.07025116208214399 192.34823031978010022 192.44887462889249719
nan nan nan nan nan nan nan nan nan nan nan nan nan nan nan nan nan nan nan nan nan nan nan nan nan nan nan nan nan nan nan nan nan nan nan nan nan 237.43882108538309694 234.9104977327862116 233.85009142216921418 233.94745104915776324 233.8272586679127869 233.19078977747324188 232.02275140731759961 230.12746711836516056 226.6079543568521899 223.19616337843774545 220.13087439941261891 217.15900708557492749 214.72066789216952998 211.5835954342014702 208.54284584257015922 204.78759138192125988 201.0374169339283128 198.58281651971350357 195.64970867638234608 191.82485346178208374 190.53471617149202189 191.0199397892556874 191.19853669381478767 191.4184826730973441 191.50486267942440577 191.33401908069259889
nan nan nan nan nan nan nan nan nan nan nan nan nan nan nan nan nan nan nan nan nan nan nan nan nan nan nan nan nan nan nan nan nan nan nan nan 235.08267198692246325 233.87849148910686381 230.73432054060677387 229.76074884222654759 229.35937315815161242 229.45558557469706784 229.18803507415339027 228.49629896825783248 227.37310770780396751 227.14365878701349288 224.23846004376787278 219.71597869829912497 215.85094602240883432 213.29843441234083912 210.28255664529314117 207.93169914628535366 204.11959189747861387 199.26899966290417865 196.51776441229594639 194.08417913856416703 190.64475733209584973 190.05912229569923966 190.25830490535437889 190.53178663820182237 190.7491200003393601 190.5753154865818999 190.31136475043439304
nan nan nan nan nan nan nan nan nan nan nan nan nan nan nan nan nan nan nan nan nan nan nan nan nan nan nan nan nan nan nan nan nan nan 232.90997071057321932 231.22968876515167835 230.32088389892317082 228.67349963433477456 226.77174583515591166 226.1136835224473316 225.39949754821466854 225.35103578136153146 225.21455765880801891 224.92243495555010213 223.89513403758721211 222.37359692985265269 223.39977814373617093 221.92700808735216356 217.32555265000942768 213.64440289498679704 210.51865232415246965 207.19538341281125327 203.45486137707683838 201.19695613116607547 197.14401371242740879 193.52437254722869397 189.35735939116727877 189.51549713756108417 189.81320513256045501 190.17413298682578215 190.1444911579527286 189.67067299260895652 189.61823921158051576
nan nan nan nan nan nan nan nan nan nan nan nan nan nan nan nan nan nan nan nan nan nan nan nan nan nan nan nan nan nan nan nan 235.47530534413871806 234.20036037231679416 231.0961365662514595 228.73374875677686191 227.34137536635981292 224.88628960546947155 223.16024136693897617 222.40253620018000902 222.14876012602047695 221.6025929143850135 221.21370777956553866 220.85062250669400896 219.76107608822147199 218.37480984074045409 216.60974541330108423 216.72979524213289437 215.31226298686837595 213.2105359872008421 210.26875464987017494 207.90801476188511288 205.71987446600275007 202.48718071890485248 198.19133015377209972 193.99232732122771949 189.72062514471247141 190.15125240738800017 189.84260694820193294 189.90438589516804768 189.64097057475538577 188.92318485979768639 188.76012172157885516
nan nan nan nan nan nan nan nan nan nan nan nan nan nan nan nan nan nan nan nan nan nan nan nan nan nan 260.8978914294911533 255.1709014983812267 249.31133613382260705 243.98442726366744182 240.39263549836019251 236.66327034369936655 234.60375197180772489 232.19102442447453427 229.53353025505950313 226.70469995699801302 224.86968676668888634 221.53323540375248513 219.54345073758068452 218.87639169842597653 218.81775914878863887 219.05729440723973767 218.52955442457820823 217.77686879671230713 215.78977715890238187 214.12129458108321955 212.02407052349650485 209.97969233329493477 209.71100856615151997 209.48346154223045801 206.45331003904721001 204.58120466414473526 202.49599560379019181 199.64083345657959967 196.63178712995514275 192.67125136368565563 190.58756929934523328 190.11501701499358319 189.51465386080081998 189.40076242023110353 189.04565263921435303 188.31799184393773317 187.92125396116423985
nan nan nan nan nan nan nan nan nan nan nan nan nan nan nan nan nan nan nan nan nan nan nan nan nan nan 260.79527947605350846 253.77546140486705895 248.45201148705922378 242.43991975922989468 238.90896614917099328 235.95191378902001134 233.26687327313922538 230.40852619006614077 228.2503674093260031 225.69223196796065167 222.97567804100583544 219.36400000367950724 218.48316270115805082 217.65908463616679569 216.45581821199303363 215.77481849709053563 215.6003775917443761 214.84881262546005587 212.93235525352787363 211.00022979586628935 209.12129963343591044 206.41620268126260385 205.36414068459382065 205.50841441335046511 203.93125488711456228 201.27238517786011585 199.10575240693674459 196.23181417698830842 193.64557141674080754 191.10883365150374402 190.36304464586319796 189.36935165535965098 188.7921589683745367 188.49710942430544947 187.98582357542349541 187.18911406513379347 187.38048415086544196
nan nan nan nan nan nan nan nan nan nan nan nan nan nan nan nan nan nan nan nan nan nan nan nan nan nan 261.07660277257747339 255.99325427161181779 250.09532458230381735 243.75682353473021635 238.92753864324637902 235.32669526029914664 232.49874587697436823 229.41610594558554226 226.62068250310176154 225.02693859818469946 222.21195876977697026 218.92412447134014997 217.53437222944094742 216.18354595961179143 214.56682436326724428 213.40482741819545254 212.52380873524526805 211.45391633356609873 209.80552662096343397 207.67355069450610472 205.41283524095487678 202.88627541720103409 201.71082021651611171 201.31458868643571236 199.96606374945883999 197.60974928368452197 195.01110538378100046 192.77324231571762425 191.8306097349303343 190.96729339708460316 189.61545145543746571 188.47359049939143461 187.81754904717416821 187.19023901659272724 186.40557474862600884 185.90272644173560934 186.90591794607743736
nan nan nan nan nan nan nan nan nan nan nan nan nan nan nan nan nan nan nan nan nan nan nan nan nan nan 260.07847035098308197 258.0358281807741605 252.48734392352699274 244.79462155387628286 240.13349809012902369 236.13491199029726886 231.59259660846370821 227.94985164172379655 225.34435465052865766 223.77791801262239346 221.83986944063752844 219.17062714293169279 215.83970975396024983 214.41819341174917213 213.33427599428992494 212.25083480760511634 210.74000732797301794 209.51037712442015959 207.17202179305334653 205.25240994915731108 202.79267153035775095 200.42976038346498058 199.07893540400374377 197.96083170083980463 196.8373762582985762 195.08386939175409225 193.32840364414920487 192.12859965028729903 191.16741346255150802 189.89764227582040235 188.60240797930421763 187.57820960495388363 186.62323363406170529 185.64429979592966902 184.71768706200072074 185.18335941819222512 186.84757326124486099
nan nan nan nan nan nan nan nan nan nan nan nan nan nan nan nan nan nan nan nan nan nan nan nan nan nan nan 255.75901775188472698 249.16611608262277855 242.07064082053719289 238.13496424509497729 235.81311956180380207 234.22749132075605871 229.16527801236938444 225.05125918572824162 222.00565539477670995 220.58444925448682739 218.74968801605245972 215.255622081326635 212.93534937163499876 212.50898022846638469 211.53037655871165157 210.12829824206309581 208.50297877216698339 206.34674535544812102 203.97229762521718044 202.00240209066123498 199.82608405770983495 198.36987037449242166 197.25216010542442291 196.04454815506696264 194.57418894656504449 192.80920053671164283 191.38963306771663042 190.1380757275585438 188.83352454298815815 187.65231843139108037 186.50563348137626463 185.34546161625172545 183.94830199599630305 184.28395985385935774 186.19781578151696522 188.27958701053833579
