results/rofental/precip_month_2020-07-01T0000_2020-07-31T2300.asc
ncols        322
nrows        225
xllcorner    622802.488000000012
yllcorner    5178049.378999999724
cellsize     100.000000000000
[rows 140 to 167 of 225, columns 63 to 125 of 322]
nan nan nan nan nan nan nan nan nan nan nan nan nan nan nan nan nan nan nan nan nan nan nan nan nan nan nan nan nan nan nan nan nan nan nan nan nan nan nan nan nan nan nan nan nan nan nan nan nan nan nan 94.509489546931149562 93.956740703368595291 92.816701240313207677 91.573325598090704602 90.573599212840832706 89.602483503185553104 88.68488974993196905 88.178758911027074419 87.755257100022589611 87.082627793869463062 86.259874353969848926 85.496106726032053302
nan nan nan nan nan nan nan nan nan nan nan nan nan nan nan nan nan nan nan nan nan nan nan nan nan nan nan nan nan nan nan nan nan nan nan nan nan nan nan nan nan nan nan nan nan nan nan nan nan nan 94.576649669828185552 93.932148931372864809 93.303232741457563293 92.065927475112175671 90.735932821798243708 89.955113886265110068 88.994453818364661402 88.230333492336882273 87.756815835207021337 87.236889989008417956 86.578068788869913419 85.693810288979719303 84.80784234493783913
nan nan nan nan nan nan nan nan nan nan nan nan nan nan nan nan nan nan nan nan nan nan nan nan nan nan nan nan nan nan nan nan nan nan nan nan nan nan nan nan nan nan nan nan nan nan nan nan nan 94.138994730780623854 92.604511878195296504 91.875053839509988052 91.136189943207966735 91.208062526847413665 90.521066825336745865 89.451918207949191242 88.342356343607832514 87.528485053437904639 86.909049428873842658 86.268954926217688239 85.593522374668737029 84.847634192473037729 84.001876199792008038
nan nan nan nan nan nan nan nan nan nan nan nan nan nan nan nan nan nan nan nan nan nan nan nan nan nan nan nan nan nan nan nan nan nan nan nan nan nan nan nan nan nan nan nan nan nan nan nan 93.08453307240509389 92.10140797573603777 90.650981672538449629 89.653338233802955415 89.193922471334019519 88.994011051631133569 89.69898677151994093 89.448762983498241397 87.959004307851529347 86.797363397595091783 86.027936839572419103 85.410194892205339556 84.658112430606124121 83.752780077560075256 82.924038031159611251
nan nan nan nan nan nan nan nan nan nan nan nan nan nan nan nan nan nan nan nan nan nan nan nan nan nan nan nan nan nan nan nan nan nan nan nan nan nan nan nan nan nan nan nan nan 92.881965922644781131 92.465166181362477005 91.594843900783487811 91.139253047080188708 90.45335609809362154 89.251448061236800413 88.350471624844828966 87.679429776038304567 87.237636264494454963 87.647754802165408705 88.044084495705334348 87.692130178707728305 86.748448865076284164 85.766435712901255783 84.982873149083530961 84.239022442321697781 83.565387852567909022 82.70607645271950048
nan nan nan nan nan nan nan nan nan nan nan nan nan nan nan nan nan nan nan nan nan nan nan nan nan nan nan nan nan nan nan nan nan nan nan nan nan nan nan nan nan nan nan nan 91.181818847296952413 91.220798244106873653 91.097539822684311162 90.004203979711888906 89.276327554916079521 89.131864958146877598 88.572955725295258844 87.667093331934992761 86.705318384448972324 86.098647075306800502 85.723445222144675881 85.787714702409971324 86.133062920933028295 86.044397246065955187 85.680510421272444432 85.149074491990020874 84.434286755038314709 83.553673221575380126 82.511516107264142761
nan nan nan nan nan nan nan nan nan nan nan nan nan nan nan nan nan nan nan nan nan nan nan nan nan nan nan nan nan nan nan nan nan nan nan nan nan nan nan nan nan nan nan nan 89.741448208338226777 89.627139796194271071 89.095994717948144626 88.785526225179879134 87.87035476767366049 87.361344450217288227 86.827707969575911306 86.48129838551464843 85.779090414960364797 85.259152106178362374 84.702572512878816724 84.134392825864480869 84.052673454162061262 84.138338449276304232 83.964348868577502571 83.669359843833390755 83.357676149413705957 82.993461463894107055 81.931219650211701833
nan nan nan nan nan nan nan nan nan nan nan nan nan nan nan nan nan nan nan nan nan nan nan nan nan nan nan nan nan nan nan nan nan nan nan nan nan nan nan nan nan nan nan nan 89.536231203083218588 88.915980848945764592 88.293496370422772657 87.636442490881009348 87.108028266764861769 86.701237154789950523 86.24890786250384167 85.810623811599342048 85.293110209220714069 84.758888752408537925 84.268300756719227707 83.624607994984529569 82.968961215815184573 82.479593484396502845 82.221382495056175799 82.210657817032569028 81.82305843971685988 81.515849235517222837 80.550704629690102365
nan nan nan nan nan nan nan nan nan nan nan nan nan nan nan nan nan nan nan nan nan nan nan nan nan nan nan nan nan nan nan nan nan nan nan nan nan nan nan nan nan nan nan 90.531872643651425392 89.62281980695112793 88.50041730709000376 87.794647399518694897 87.370528212105114108 86.921008729871687137 86.463791582775812117 86.02689777947674088 85.599595270125362845 85.121632229559580196 84.600405078392597602 84.057674635778980132 83.421261503489205325 82.789305170285402369 82.208752944630901993 81.54031368428329074 80.918432573009809516 80.181216649923086948 79.552428847568876336 78.988449030676065377
nan nan nan nan nan nan nan nan nan nan nan nan nan nan nan nan nan nan nan nan nan nan nan nan nan nan nan nan nan nan nan nan nan nan nan nan nan nan nan nan nan nan nan 90.959081666842664049 89.900556508557841084 88.496857487176512791 87.610460713495982077 87.192200888937904324 86.76159013560653932 86.299409701633763348 85.910239419729208521 85.434150190736843911 84.862259036647316179 84.279135431122540467 83.739195037320342863 83.127814332799374597 82.488442237957272596 81.827270617637466898 81.246444386189978104 80.471792484395393785 79.744396083216471993 78.653669290912091583 77.780439011575879249
nan nan nan nan nan nan nan nan nan nan nan nan nan nan nan nan nan nan nan nan nan nan nan nan nan nan nan nan nan nan nan nan nan nan nan nan nan nan nan nan nan nan 91.977128612449604361 91.032846325354199735 89.578284671500213676 88.553404940334019102 87.700283647668030085 87.173871959862353265 86.762995709678833123 86.29931408053045061 86.001021865205956374 85.497784388263895039 84.861171356203854543 84.214165937991026567 83.556473124113495032 82.834395856436458416 81.953248659810967069 80.956597449487347262 80.048874892092939604 79.260155442053715547 78.501683311021196232 77.879950116040149055 77.236991577987922142
nan nan nan nan nan nan nan nan nan nan nan nan nan nan nan nan nan nan nan nan nan nan nan nan nan nan nan nan nan nan nan nan nan nan nan nan nan nan nan nan nan 92.602104143118836532 92.158656233157230986 90.7961394603753007 89.836230127323631223 88.889609415748438437 88.064773275016648313 87.569353586944231438 87.177057630452324588 86.656582412483459166 86.292610009314628883 85.790804109703401537 85.206316979830901914 84.54545296179948366 83.749079997526223451 82.745100410027532689 81.552814523279749892 80.616404004796066829 79.699844624351285916 78.585171698227640036 77.853256175702668429 77.273998152168289266 76.94081186822485563
nan nan nan nan nan nan nan nan nan nan nan nan nan nan nan nan nan nan nan nan nan nan nan nan nan nan nan nan nan nan nan nan nan nan nan nan nan nan nan nan nan nan 91.933314877223850203 90.735831671622023009 89.941286951264103777 89.088517278499338659 88.236023037899713017 87.898812146840270998 87.635275786791140717 87.235838625384218403 87.065962135117629828 86.357319505244873881 85.721687892395664221 85.049739781738111333 84.262726775242043686 83.177154568183496508 81.854856210764566526 80.572138151140549667 79.450811314048181089 78.284976104504522709 77.27623016041354731 77.065009148327646926 76.894672429353803977
nan nan nan nan nan nan nan nan nan nan nan nan nan nan nan nan nan nan nan nan nan nan nan nan nan nan nan nan nan nan nan nan nan nan nan nan nan nan nan nan nan 93.381742273010075905 92.091185043594052217 91.029948730929049816 90.34159245108779146 89.458178257498431662 88.614907465087952687 88.343570723067145423 88.208126651866891166 88.026990086596143215 87.895867366498592332 87.273675982839733933 86.769635108753618624 85.976115603130409681 84.632160640681433961 83.338897999058787036 81.88181655659289504 80.420786325376610648 79.12671058226533205 77.91430536812553953 77.142430540784985737 77.035398129597496109 76.832955986425261585
nan nan nan nan nan nan nan nan nan nan nan nan nan nan nan nan nan nan nan nan nan nan nan nan nan nan nan nan nan nan nan nan nan nan nan nan nan nan nan nan nan 94.10808585215792732 92.951874188375839481 91.484741039531726869 90.634299216286422052 89.792748855248873951 89.169188118845355007 88.875274681259043064 89.069122143691529914 88.698964520167805858 87.071527116519561673 86.049474774561815593 85.805135197758929166 85.00229670599679821 83.845590373787970861 82.712803458730576267 81.331100321321457614 79.83985491876981655 78.502894710312773441 77.364995257088111202 77.108629253673100834 76.949827275754387301 76.742390278930628256
nan nan nan nan nan nan nan nan nan nan nan nan nan nan nan nan nan nan nan nan nan nan nan nan nan nan nan nan nan nan nan nan nan nan nan nan nan nan nan nan nan 94.640612873823570794 93.719166554873098107 92.666243041075574638 91.214969266299974038 90.034054550143679307 89.534781526783604022 89.450175553532560002 88.854445749100221974 87.274669622523802559 85.686863565601029791 84.929065209430689265 84.506395392855040427 84.080664768360705352 83.118908740736330287 81.808298496568582436 80.486772483040311954 79.155338840941325884 77.826323392721619143 77.163180777905409968 77.02294000573824917 76.829183249188702121 76.653939495070304133
nan nan nan nan nan nan nan nan nan nan nan nan nan nan nan nan nan nan nan nan nan nan nan nan nan nan nan nan nan nan nan nan nan nan nan nan nan nan nan nan nan 94.396846296045850977 93.804825078686363327 92.632371721767924555 91.342892478424971614 90.454951191264655108 89.542653641440296042 88.40448894268057245 87.279356940434482226 85.948584613190973869 84.726151226265301375 83.841357253434722452 83.035687216264122412 82.63972612400965545 82.009677356203596332 81.206621015406142305 80.049858748310271039 78.686156228733310058 77.324109384703902492 77.077539145817624444 76.918252703928359892 76.754932449949308193 76.567369764416625344
nan nan nan nan nan nan nan nan nan nan nan nan nan nan nan nan nan nan nan nan nan nan nan nan nan nan nan nan nan nan nan nan nan nan nan nan nan nan nan nan 93.939271066696960588 93.454846691824798199 92.848289585524241829 91.548141388570556387 90.378545627634409243 89.206494639377766021 88.229332539925763967 87.585956968812439527 86.592447216716124103 85.394389387169624683 84.138577495058427758 82.947676064428009113 82.181765876352130817 81.617614821916333767 81.015874419442255316 80.227969828833266774 79.242874984352852152 78.018980170106829064 77.120958251659047278 77.016715004246208309 76.835304249538765475 76.674537312612940809 76.477912242695410328
nan nan nan nan nan nan nan nan nan nan nan nan nan nan nan nan nan nan nan nan nan nan nan nan nan nan nan nan nan nan nan nan nan nan nan nan nan nan nan 92.832642031208251865 92.72118072999998617 92.412379793468574007 91.892893253947278254 90.956486743541148599 89.831172859109528872 88.720024182233771626 87.749141516413885711 87.074143035381425193 86.225518926868346625 85.091611984753924958 83.988558887133294206 82.937868078785086823 81.869987528070524263 80.950220307665261998 80.253274268029144878 79.524977009755900781 78.5007736571556336 77.305656661394479556 77.112167532673851156 76.973182007831709939 76.784904242537564301 76.597954456968267323 76.352752040406841161
nan nan nan nan nan nan nan nan nan nan nan nan nan nan nan nan nan nan nan nan nan nan nan nan nan nan nan nan nan nan nan nan nan nan nan nan nan 92.806257941040641413 91.996260904517811241 91.56135882498921319 91.421975298252633024 91.225120908918128748 90.894134354113361951 90.425092677670718899 89.767757296820803958 88.691861300350524289 87.64190547390379038 86.679100044687132254 85.738374035036073906 84.93254535649739978 83.94512790267725677 82.979952565427652189 81.82859495171628339 80.675384418288757615 79.85110916495190736 78.899853803095211902 77.714893072194016099 77.174946076500177128 77.08418054287933785 76.907112351599508315 76.731793845367462836 76.511858749159927129 76.213871526244560073
nan nan nan nan nan nan nan nan nan nan nan nan nan nan nan nan nan nan nan nan nan nan nan nan nan nan nan nan nan nan nan nan nan nan nan nan 92.279890693518694889 91.815297317108246489 90.851294870288995753 90.443038335371483072 90.180303929546312247 90.043986524856208575 89.81303282981436098 89.471959740033838671 89.018914055839047705 88.794041336138434417 87.881106839585967805 86.551747705480025274 85.389760159446765897 84.563174142200338679 83.61600340151368016 82.837675838330753209 81.682161450866317409 80.257643071857103223 79.369124016636760643 78.558772435075482576 77.486262151481625438 77.141531402948047003 76.992631614498066028 76.856130948854215035 76.697297675552292162 76.428681865693135933 76.12583307759976492
nan nan nan nan nan nan nan nan nan nan nan nan nan nan nan nan nan nan nan nan nan nan nan nan nan nan nan nan nan nan nan nan nan nan 91.946940630603705813 91.366728397088792235 90.983210723690575605 90.408866533625626971 89.768058730304105097 89.445381883426591685 89.10727359177421647 88.939083585009811372 88.747403659902744266 88.514926972514544445 88.092940426714889668 87.543314829691027512 87.646861972739614544 87.108198101281971049 85.765643593807212142 84.658412946702824797 83.692730017632015915 82.675177551156508571 81.549138465432434941 80.801985256229826859 79.592053950495937897 78.490855808486529099 77.246109591688835394 77.107794346477732006 77.000722879537434551 76.904285850504336963 76.700795433369194143 76.375055434169752289 76.147542835903777814
nan nan nan nan nan nan nan nan nan nan nan nan nan nan nan nan nan nan nan nan nan nan nan nan nan nan nan nan nan nan nan nan 92.816537321375079728 92.346442267906425627 91.405560195228645171 90.6539308313302854 90.150215396321399908 89.372751558213153089 88.781537516584805303 88.438092592744951048 88.22330520944282739 87.932867837110620712 87.682287756436210202 87.437895743261265125 87.006673205002186933 86.498983937002122957 85.893803543630639297 85.772253077605654425 85.255801072103139404 84.563463953060391987 83.655170292043763425 82.895574840355095603 82.179676956632761176 81.194833908072865825 79.935968615908734591 78.700436657046836331 77.444219711311205856 77.392338111173927473 77.147277472442866042 76.99292581840158789 76.749584359423693058 76.382714725072077044 76.149680044542492396
nan nan nan nan nan nan nan nan nan nan nan nan nan nan nan nan nan nan nan nan nan nan nan nan nan nan 100.07526640830853637 98.47382702404665622 96.836801785620849614 95.33501957524921977 94.277209066487685618 93.182779488053526507 92.515748950668836414 91.756940333684610778 90.934289972001664637 90.066751279727313317 89.4535025846622176 88.45417806856967502 87.799938254095408752 87.484753487014899065 87.325394628165952327 87.242340042666853606 86.962226328740399595 86.62436603613802788 85.969754594638430945 85.397109904547718884 84.714683850413592836 84.04615378457046404 83.833781133093594917 83.632360503927642981 82.711950898289273937 82.089110481941844455 81.411791655436729798 80.536900682396336038 79.622334750974204098 78.463045599654734019 77.78458388021303449 77.5181979776047001 77.216848156775597545 77.037344035728906988 76.791838347402176623 76.445320105221924223 76.176781573603264519
nan nan nan nan nan nan nan nan nan nan nan nan nan nan nan nan nan nan nan nan nan nan nan nan nan nan 99.960588064247474449 98.029578459202269869 96.532603748422104672 94.85757160135506183 93.818188828394156076 92.925008333260834092 92.10064631962397641 91.230909392427037119 90.540120125358143355 89.746010748879285757 88.910709381194592993 87.84524953073453446 87.480470967785279868 87.130132036205566237 86.682473550919979743 86.369019640485760192 86.185878554887665359 85.855030874204317115 85.225743858765895311 84.593126733422337793 83.974974496729174689 83.145680688355938059 82.741692090994192199 82.645851734880750428 82.109271657427441937 81.296159302581543216 80.610473197928058653 79.744223482140128567 78.952645552012356234 78.174360972309415274 77.856022940517377151 77.473847814541926482 77.197778824334818637 76.992567285122490262 76.729329457498948841 76.389111596288330475 76.297324542804133785
nan nan nan nan nan nan nan nan nan nan nan nan nan nan nan nan nan nan nan nan nan nan nan nan nan nan 99.948777983954826709 98.517178898912064255 96.875281536263315729 95.11918333057415964 93.749455912505354149 92.694140705104047129 91.836425265237977555 90.912674223493993964 90.06211294856629479 89.519600156516290212 88.663368388181680757 87.685658838315745811 87.195192683135573475 86.714923452127678161 86.166772763486264353 85.73587399383399088 85.377798370567248298 84.972114059419467935 84.418981142337770507 83.742926075722650125 83.035189357712042124 82.260729278788048191 81.834718646195156566 81.610487746485645744 81.143690290379055341 80.420147957982081266 79.636365742593753225 78.947128944620345692 78.592210765931994843 78.259359274215910318 77.802578497865340523 77.400806847221872431 77.124360280384777866 76.855268500848197277 76.544929802744817948 76.305003155635873213 76.448382119820806224
nan nan nan nan nan nan nan nan nan nan nan nan nan nan nan nan nan nan nan nan nan nan nan nan nan nan 99.612722466072881389 98.964046820009997418 97.414458750407519005 95.31355913151061543 93.989986492520102956 92.835775669388269193 91.541433039072828137 90.47755843067825765 89.679634496478399797 89.148277817851734994 88.521558436891595534 87.707345749601429929 86.723656959649787268 86.230611264563449936 85.824947499064180079 85.420325282525780608 84.907117868714479414 84.467402846516819181 83.744618963095604158 83.131035683510987155 82.380731236228115222 81.657391906721130681 81.19613014779748994 80.797072459225944385 80.39926498646876496 79.842490734823613252 79.288065030616550644 78.879173257822174037 78.53444106222630694 78.113351645198534356 77.688432873916553945 77.335545642908414266 77.00252161360820935 76.664926012100863773 76.341638391009169595 76.375678871724716146 76.716134342871555418
nan nan nan nan nan nan nan nan nan nan nan nan nan nan nan nan nan nan nan nan nan nan nan nan nan nan nan 98.306290075867579503 96.491305323356073131 94.546571996334961341 93.412265438521487226 92.691702011809397277 92.159757638206244224 90.735247187737584795 89.554072978423477025 88.647259617546836807 88.157691141694911607 87.562453702694824642 86.541983411679026972 85.823676098712411431 85.592577859142693342 85.221035446220056997 84.742322719132147313 84.20806523982449221 83.539524857076742137 82.817202688385734177 82.201188457237975626 81.534896112016980396 81.056378331607334076 80.667911668453399443 80.259746122056611739 79.787709547199085591 79.243786372938842533 78.792397108790567017 78.388093286601758791 77.974179963114352176 77.5958793089035197 77.230261642887100493 76.864761591163883736 76.441630074231369463 76.465921795734118405 76.897190194696079857 77.372434731967473454
