results/rofental/precip_month_2020-05-01T0000_2020-05-31T2300.asc
ncols        322
nrows        225
xllcorner    622802.488000000012
yllcorner    5178049.378999999724
cellsize     100.000000000000
[rows 168 to 195 of 225, columns 126 to 188 of 322]
76.129620846427783931 76.432228084015562786 76.765675963169954343 77.133718689093129228 78.153758437343356036 79.5895385685807355 79.420498370055952364 78.507344403664646393 78.028748222142965574 78.063850781273757207 77.830456711670905179 77.377892455626252399 77.080439560772703089 76.582901416779037618 76.069073271251895108 75.730796349561089187 75.106657980826099674 74.72915333280840855 74.150702924843997721 73.543968062342031544 72.928049289804420141 72.304882273971173845 71.663100777380094542 70.644832560429648538 69.556418110005068911 68.511799840864540556 67.719419531622875752 67.44039965690890881 67.594580072539869775 67.668396248055245223 67.591947203480913231 67.366569223971410452 67.550638461075024566 68.021806486790353574 69.149379245460622201 69.767295079751505682 70.443508828002634914 70.74149296205587234 70.934964483245352085 71.18105334255129435 71.906703728221771144 72.834904497701330683 73.641778419411508594 73.973691327152607755 74.159011902572459007 74.619612508836354436 75.106098213825106313 75.267280577423065324 75.285395817593027346 75.3555440104925367 75.451440059093201285 75.986710995760290643 77.705843826844727573 79.703562629022670194 nan nan nan nan nan nan nan nan nan
77.603400100926876348 77.584564350344678019 77.497310962862684391 77.765510068454162251 78.536952592589059918 nan nan 78.629983573824375753 78.241618021580578102 78.1747172011437641 78.122728568030112228 77.735611120381349792 77.291066830075649818 76.62484388852335826 76.125044855682730827 75.780960028267543294 75.399907308731087596 75.007373140014536261 74.284491488385242519 73.76218858658313593 73.258881657233686724 72.487681870190428413 71.525386646773014832 70.291318723752851838 69.263387188969161912 68.420151493977883206 67.913869596372308024 68.002685327264018156 68.068997633265624359 68.176876601979927273 68.05969610320262575 67.809816073914120693 68.083114321941749836 68.698974830298752181 69.405044986399445861 70.045844472410934145 70.629512174578593431 71.120695924247044672 71.279295489445274825 71.695646952383668804 72.646909312328602937 73.567319354212358462 74.15371067029602159 74.352593106387473654 74.512145355152597404 74.937603910778349814 75.348089105930910137 75.551758118742341708 75.539633939558612497 75.687806262624974352 75.806339707904683678 76.344507271936763004 77.793686279700125397 79.469974616276118695 nan nan nan nan nan nan nan nan nan
78.756150202941711314 78.527909570472630207 78.20897608840478199 78.476522995723129839 nan nan nan nan nan nan 78.335529942964683414 77.849573018586980311 77.282584687143383917 76.814033599640694661 76.397225904413161857 76.030895271711770533 75.702480471916715032 75.287815539042711066 74.710210158726269469 74.089234500528363014 73.101720081526536887 72.062145884755750558 71.029954741914806959 69.994989547091620352 69.133988006833874351 68.434815391125781048 68.404531670103494889 68.587125701505954112 68.589592644645122732 68.67228799732717448 68.515593838863637188 68.340888927741829661 68.762241090126707377 69.239404784314089625 69.820237918686871126 70.349771067133957558 71.091363576615705711 71.657257418543963468 71.867696574278042476 72.543604559145123289 73.492309118446598859 74.257242927871814686 74.569729054810423463 74.614768263998996645 74.931439231714094262 75.486455995111143125 75.781992421484517308 75.821957600142880551 75.761953471598388887 75.961065362687193669 76.172459824966011865 76.523897084234718591 78.190234833610986698 79.639729218034162272 nan nan nan nan nan nan nan nan nan
79.274194924812192653 nan nan nan nan nan nan nan nan nan 78.411904246961327658 77.783609921737578929 76.936395681353275222 76.533692048491616333 76.196029378142327459 75.821810247869876775 75.417799969418652495 75.106858154168108399 74.430823020668540835 73.678476134672408193 72.808544673092882249 71.824483632452128745 70.799562922627089279 69.90404721679446709 69.301476163648217721 68.777555992623035763 68.973477325197009691 69.121953703557537096 69.109759831023268362 69.129785079774620726 69.016505739252735907 68.917895441927100819 69.485714420319425244 69.942923938238564574 70.381106077807075394 70.871138571944385376 71.492025548077407393 72.340485681879528101 72.842057941794820408 73.618276530411534964 74.354813676389085231 74.802608025887948884 74.906037991548743094 75.154601752425762129 75.651569178963683271 75.960366500254252742 76.130747861339642668 76.084220936345033692 75.95667552372891862 76.126800901414100053 76.391463553155446675 76.782617977602200199 77.416660085113093714 78.507726969403762496 80.020689050301257339 nan nan nan nan nan nan nan nan
nan nan nan nan nan nan nan nan nan nan nan 77.484686846910832969 76.559743536889612869 76.078294996417810125 75.828078408171947444 75.522919157528434653 75.351663928203350906 74.854030067152109496 74.260579610990447463 73.451194177872309865 72.495405413080774792 71.499343890626150255 70.643888549020445566 69.874582173977771049 69.527236016390347118 69.322784592678729609 69.4790110574581945 69.609427554217148781 69.597196112887814934 69.605020943786584553 69.590346827017611986 69.55428363187394325 70.132251743058958482 70.72273873936723021 71.044134910056484955 71.355827408590229766 72.153754769368106281 73.054895026092012245 73.75976889989415497 74.557186879775159127 75.132409434777798651 75.304483779235965812 75.596382871843459839 75.867771577307792086 76.075195660076303739 76.24987014918541206 76.372045000270759374 76.312323762778390801 76.34376494526016188 76.423736740804315559 76.646039190154894527 77.002807191858920532 77.62163634339539442 78.4900369514054006 80.413154557393070831 nan nan nan nan nan nan nan nan
nan nan nan nan nan nan nan nan nan nan nan nan nan 75.938629105245610162 75.548387432011764986 75.145532015755776456 74.811044427585258632 74.380456181669160287 73.850811922378738927 73.034931635884788648 72.135800764831600418 71.3156715276375337 70.56168702446703378 70.19794423212793788 70.054067569169831131 69.866818472256738914 69.95889766872633686 70.07243162590006591 70.066140309557155774 70.105199899587901768 70.180442527512099105 70.292901280485267534 70.77253072666472633 71.234939755615329204 71.638445352623662643 72.034988945610592737 72.895483756585605306 73.843631586717151549 74.649688196076070312 75.197529910969294065 75.553342989530662521 75.788536857895607568 76.417896237436380602 76.360166294314112179 76.470249027769995109 76.547214038840493799 76.587694657364579598 76.617683800687188977 76.722952376745453762 76.827213330041544737 76.965378779931185704 77.212671940712326091 77.906790417318305231 79.466855021382471591 80.460889227923203748 81.31979493634652556 nan nan nan nan nan nan nan
nan nan nan nan nan nan nan nan nan nan nan nan nan nan nan 74.888947291590454824 74.364330431704260604 73.985509525473801773 73.38954587269400065 72.686194790303730429 71.873000199649766273 71.249060797288450431 70.857103980837450763 70.78654576532954934 70.576505776379974577 70.307113149339130587 70.359238564580920183 70.49735600191274898 70.527698612424543967 70.586195749683653844 70.842259774387841276 71.067379563882099092 71.317609508372242999 71.615556122035343378 72.037210222698291773 72.8224604708358072 73.941924066527278114 74.852522584668562899 75.457926880559455185 75.794770515441143743 76.039403489612880094 76.222149139966447251 76.537605230781892374 76.916776849772446667 76.876727650237029366 76.947504867300892784 76.941170584698696189 76.950994098683622724 76.971715154698941319 77.036920974352298686 77.215366600758983395 77.517821935249315857 78.256488540217091554 80.160921023809336816 80.908131183742696635 nan nan nan nan nan nan nan nan
nan nan nan nan nan nan nan nan nan nan nan nan nan nan nan 74.72954947020622285 74.091521317031066474 73.733607412571060991 73.066860166304181234 72.202649575707070539 71.700700529829248353 71.430995842788860273 71.347936700723494141 71.230522475810630567 71.009022443087062015 70.704764571941993268 70.734053109911457113 70.92262708676520333 71.049731460871214495 71.153415286854908572 71.633618257825588671 71.799935407443413737 71.969057859157857138 72.136935742591987264 72.40021827010602351 73.39433908916724647 75.184039946134944898 76.266303106447679738 76.104084231244414127 76.3055077646814226 76.582819847918031542 76.775154189108874903 76.897410726343494503 77.502448397401380475 77.469164876075197412 77.510014305307279869 77.449086550518487115 77.317740281432989491 77.320905434874035222 77.362957276589924049 77.520842714396039241 77.902615609963859811 78.671942714227199644 80.016363324697636017 nan nan nan nan nan nan nan nan nan
nan nan nan nan nan nan nan nan nan nan nan nan nan nan nan nan 73.989621163536455128 73.543048075086431936 72.870666570311897203 72.164561612180065708 71.8724330614158049 71.866089219722354642 71.753070298546532513 71.62950423199831107 71.388799260733264873 71.120674681086242686 71.124648988932563043 71.356286720230144738 71.602779947323583087 71.858019827772110943 72.35237074640889432 72.485365156794927088 72.577053108754313371 72.661822413124070863 72.777809496052825011 73.924195797064115254 75.591842374086809286 76.841644106146219428 76.693971099177900896 76.778546223491929368 77.087351941004527589 77.283763277840634487 77.406410547857433357 77.915674356778183096 77.839623036896881558 77.817751156248689881 77.693694744383506645 77.725622327215603491 77.755412641884561253 77.827736743037576161 77.97530297073117822 78.312643651057129546 79.183994041323231272 nan nan nan nan nan nan nan nan nan nan
nan nan nan nan nan nan nan nan nan nan nan nan nan nan nan nan nan 73.540322639512922365 72.943456855684729589 72.346103673826519298 72.163650502009261345 72.17892584554093105 72.120807886902426276 71.986235304786632128 71.785069258195875364 71.620202879564587306 71.64481912739520908 71.925548932829173054 72.091737797331035154 72.485799654186422458 72.803408158831913966 72.923260322086647989 73.020587114820756369 73.121166133909966334 73.349167738508626257 74.721078143545341277 75.794705844680564155 76.965505425537060091 77.424543323479028345 77.365194390321590845 77.54673530012377114 77.715346804194538777 77.825061560956029894 78.435452034975554625 78.338554618778573513 78.277683367168719997 78.224616620461247862 78.127421205230319856 78.154037187725862168 78.228464947867308865 78.422200361770833865 78.729866183959231307 nan nan nan nan nan nan nan nan nan nan nan
nan nan nan nan nan nan nan nan nan nan nan nan nan nan nan nan nan 73.437890930615708385 72.947258862891260378 72.50035069024274037 72.33137395906663869 72.366956882512184279 72.367124186374553574 72.347262627620821718 72.26916888125046512 72.182122164330834835 72.118713942842049391 72.416131080095411221 72.658601356654401116 72.854834239930227113 73.078769260961024656 73.235116375437414149 73.438787736119678584 73.722503131894853823 73.992893346865486137 75.495792142334934738 76.630877235476120291 77.44433486319894655 78.003197388237779819 77.932222939484987023 78.037063106463705253 78.199160600649037178 78.308460447488229761 79.151982872262948376 79.041329521188288254 79.048205616854403388 78.957471628268848463 78.906474831389388669 78.784427935885148031 78.667798199186705688 78.758654649289297822 79.13545685554764475 nan nan nan nan nan nan nan nan nan nan nan
nan nan nan nan nan nan nan nan nan nan nan nan nan nan nan nan nan nan 72.848163601641701348 72.548696937987671163 72.447935183841195794 72.587777219088962966 72.683288018959274268 72.730432293768870977 72.829486496051927702 72.765089430596077591 72.485975382922617882 72.760667986908842408 73.038549917100908715 73.086562709825230399 73.327743794332619132 73.434031840120027823 73.702104749350297652 74.170778070147747485 74.593899417696306386 75.106186057225016839 76.415467271861984955 77.761049107209146314 78.481738698520956632 78.582530350442524991 78.547220476043818849 78.534123793657130363 78.719675388234009006 79.868222010837712332 79.925674720931553452 79.858116448771582441 80.172971080765250917 80.06483182334561377 79.626823072812058513 79.19601478009006712 79.120281804817608418 nan nan nan nan nan nan nan nan nan nan nan nan
nan nan nan nan nan nan nan nan nan nan nan nan nan nan nan nan nan nan 72.764656110481396922 72.704199539886730008 72.769612864972913258 72.824609377467893978 73.025014759574645495 73.208640366421960266 73.26267268923032816 73.178970157398282481 72.917805314463279842 72.984618455715448704 73.134593644739140927 73.244047213643099781 73.498977221470298105 73.69383765866953695 74.009173715668481464 74.761075871493744671 75.18628302121123852 75.509631784855642422 75.735950673231045016 76.639725275021177708 78.641086954237707118 79.163215357192839861 79.055755839059969503 79.048761734143567992 79.316094803024455473 80.822534769634486906 81.197611814607668634 81.625323368636401256 81.345020375671268198 80.291700237154870479 79.857378502573752144 79.809118244280838894 nan nan nan nan nan nan nan nan nan nan nan nan nan
nan nan nan nan nan nan nan nan nan nan nan nan nan nan nan nan nan nan nan nan 73.178842654895930764 73.18890689921197179 73.360676104110126516 73.649093610455139469 73.756104316754857564 73.697266673324349995 73.454431019996661689 73.2820025839754976 73.34358560016076467 73.748611437040921146 73.935565400812379266 74.167553282280323401 74.468757584183450149 75.336660860347649304 75.866742116281216113 76.028485482817146135 76.191638873475497462 76.77932883849648249 78.702242846771412133 79.615576101127388142 79.701424511486990809 79.683861328885129183 80.046902645782253671 81.55354794166807153 82.901990380401599623 nan 81.24162152718923835 80.194043587455368538 nan nan nan nan nan nan nan nan nan nan nan nan nan nan nan
nan nan nan nan nan nan nan nan nan nan nan nan nan nan nan nan nan nan nan nan 73.640904374705556279 73.759434648289641245 73.810963455723111792 74.049238506746021926 74.19936473147221534 74.129297070999257357 73.982529518667334401 73.746992335537711938 73.745368867103820776 74.304479411300974334 74.925957146655093766 75.493315313068222849 76.144253379225318668 76.325531467877098635 76.479680325793552242 76.352640983887383186 76.749561747747762297 77.198382287580685102 78.366615147768712291 79.647446438348481479 80.157342554338470109 80.272729665120095888 81.064960549011431112 82.41738114553261596 nan nan nan nan nan nan nan nan nan nan nan nan nan nan nan nan nan nan nan
nan nan nan nan nan nan nan nan nan nan nan nan nan nan nan nan nan nan nan nan 74.368793763668477936 74.405681687525799362 74.473920555528565046 74.531337260344557194 74.693456020651879612 74.527481087081454803 74.417764308053719446 74.209882856443769583 74.318585005512034058 75.571354560451709403 76.925238839306331329 77.468000824479332778 77.598602796934414982 77.175787939940704518 77.074412205557479183 76.899543520550551534 77.30770656697926313 77.802471161128451627 78.712357328791540567 79.51551169367847649 80.205143626732947837 80.687932143184482925 81.368086511803312533 82.393134905218346375 nan nan nan nan nan nan nan nan nan nan nan nan nan nan nan nan nan nan nan
nan nan nan nan nan nan nan nan nan nan nan nan nan nan nan nan nan nan nan nan 75.248717297098806966 75.247469893666561802 75.091463309161753159 75.199324063828854037 75.087011101617179065 74.811344372947232273 74.754869097145316914 74.629814286788260347 74.711755270344610835 75.77294083976541117 77.976423107931765344 79.133194363443692509 78.247742222526966316 77.587022248050914186 77.612882510454042517 78.00751140109132109 78.473360798582803 78.75938974066284004 79.237071311141946239 79.591579967527962935 80.231443833267249488 80.81458301737433203 81.349187542355068103 82.574766802865113391 nan nan nan nan nan nan nan nan nan nan nan nan nan nan nan nan nan nan nan
nan nan nan nan nan nan nan nan nan nan nan nan nan nan nan nan nan nan nan nan nan 76.195656070217722799 75.711557598553071102 75.625914696533243387 75.356876343495343917 75.063196699712264603 75.025820935095040909 74.937315557081703332 75.055013014290764772 75.724676789540197319 77.640276240723650858 79.808261859407707561 78.694489138383445948 78.304312830580599325 78.415930308294008455 79.563997880458359191 79.573415028888149436 79.598986993169063453 79.745751650359551377 79.841922972672961123 80.339731721231885331 81.01246396579217901 81.580531692873123006 nan nan nan nan nan nan nan nan nan nan nan nan nan nan nan nan nan nan nan nan
nan nan nan nan nan nan nan nan nan nan nan nan nan nan nan nan nan nan nan nan nan 76.216463240498001142 75.984445002407397851 75.886606553026936695 75.691574010683723372 75.404506634099419671 75.309921000757697129 75.208219775223582815 75.509826572797564381 76.283496516702200552 77.743783265740916022 80.390557920834197603 79.628111411860473368 79.092505098484195969 79.595734463692366489 80.802151926628056344 80.441216312293619239 80.335684435661946168 80.267295224866231251 80.259173653611824761 80.651527307655641152 81.430694964719307904 81.963828789386809603 nan nan nan nan nan nan nan nan nan nan nan nan nan nan nan nan nan nan nan nan
nan nan nan nan nan nan nan nan nan nan nan nan nan nan nan nan nan nan nan nan 76.608619305372272379 76.342152147046761002 76.258505016218862238 76.159920458733083137 75.950050472404484481 75.728102297845666158 75.592420430328218117 75.50859776763060438 76.488769973901383992 77.677159002417084821 78.677749513737978759 80.143473683406895702 80.621719456271236481 80.134974380043217934 81.336248717335834613 81.449703315836956108 80.940722031533368863 81.239425973459361785 81.00567041008024205 80.739910687591162741 81.110133052906988382 81.843902594637370385 nan nan nan nan nan nan nan nan nan nan nan nan nan nan nan nan nan nan nan nan nan
nan nan nan nan nan nan nan nan nan nan nan nan nan nan nan nan nan nan nan 77.153301186875850703 76.627272479131590899 76.524945310175297664 76.452467953169403359 76.382432532569595196 76.174906454624434105 76.002452837356329951 75.916920940835709075 75.891366419896186812 76.979611793027956423 77.756857054746873814 78.626770674327374877 79.287990624327122191 79.656445303434409766 80.502082229472989638 81.04022309233856447 81.462583975651199353 81.386460046421419179 81.904597317836334014 81.699725280195309551 81.311916966720360733 81.665758858886476901 nan nan nan nan nan nan nan nan nan nan nan nan nan nan nan nan nan nan nan nan nan nan
nan nan nan nan nan nan nan nan nan nan nan nan nan nan nan nan nan 78.789449303545922021 77.657735816060508682 77.068510691235729837 76.841913602729434274 76.795703238941854352 76.638620940231291456 76.604061865754715654 76.441459540448732923 76.297571543601691246 76.301062000106711025 76.284085042136595689 77.293674466472651829 77.772289840871920319 78.40884997589475347 79.610198792644226273 80.14305249158419997 79.895505321808997223 80.018720250425275253 nan nan nan nan nan nan nan nan nan nan nan nan nan nan nan nan nan nan nan nan nan nan nan nan nan nan nan nan
nan nan nan nan nan nan nan nan nan nan nan nan nan nan nan nan 79.603225603713468672 78.55468186882974635 77.596717530739127255 77.205841402969738851 77.158667799837587609 77.108968354537253731 76.911637612724859991 76.786526265810024938 76.65970438586477087 76.594668180112961409 76.644499764593220448 76.656441862591634617 77.308136675982964903 78.444230579768372991 78.683169548093445655 79.098070438691209461 80.264205265712703863 nan nan nan nan nan nan nan nan nan nan nan nan nan nan nan nan nan nan nan nan nan nan nan nan nan nan nan nan nan nan
nan nan nan nan nan nan nan nan nan nan nan nan nan nan nan nan 79.525263767329050779 78.263348950315958064 77.83712855667290853 77.656059409243923142 77.493980156990332375 77.420793585097030132 77.243295735112241118 76.991159921949858358 76.770526624571843399 76.826306802182799061 76.958729397597110733 77.07711686289250963 77.378919697835556235 78.695307310977909765 78.642139646327038349 79.250028806992801833 nan nan nan nan nan nan nan nan nan nan nan nan nan nan nan nan nan nan nan nan nan nan nan nan nan nan nan nan nan nan nan
nan nan nan nan nan nan nan nan nan nan nan nan nan nan nan nan 79.16700668659197504 78.562040068643653967 78.531034523451467066 78.339892888742070909 77.989894288564386216 77.809013410499872521 77.679363668937824627 77.673924901638699225 77.67400718042790686 77.520392384656076956 77.300266448121078611 77.554636306698071735 77.728096059766173198 nan nan nan nan nan nan nan nan nan nan nan nan nan nan nan nan nan nan nan nan nan nan nan nan nan nan nan nan nan nan nan nan nan nan
nan nan nan nan nan nan nan nan nan nan nan nan nan nan nan nan nan 79.288509930291183991 79.538763941459677653 79.052357274757824257 78.71346291391057548 78.368281944031053854 78.228328665337613756 78.199394608430822018 78.412130167029573613 78.71672172690006164 77.95374437170926285 nan nan nan nan nan nan nan nan nan nan nan nan nan nan nan nan nan nan nan nan nan nan nan nan nan nan nan nan nan nan nan nan nan nan nan nan
nan nan nan nan nan nan nan nan nan nan nan nan nan nan nan nan nan nan nan 79.831777132010245168 79.807700799529627034 79.210331403299818476 79.285223149543654131 79.279187112803285231 nan nan nan nan nan nan nan nan nan nan nan nan nan nan nan nan nan nan nan nan nan nan nan nan nan nan nan nan nan nan nan nan nan nan nan nan nan nan nan
nan nan nan nan nan nan nan nan nan nan nan nan nan nan nan nan nan nan nan nan nan nan nan nan nan nan nan nan nan nan nan nan nan nan nan nan nan nan nan nan nan nan nan nan nan nan nan nan nan nan nan nan nan nan nan nan nan nan nan nan nan nan nan
