results/rofental/precip_month_2019-12-01T0000_2019-12-31T2300.asc
ncols        322
nrows        225
xllcorner    622802.488000000012
yllcorner    5178049.378999999724
cellsize     100.000000000000
[rows 112 to 139 of 225, columns 189 to 251 of 322]
60.168754286898064265 58.599623329299774355 57.431811213533002558 56.412734064997657413 58.30256453838212849 60.869343141348288384 63.092558054781932242 65.655487822953034538 69.389267358475748892 73.121190460673162193 76.468639510456569042 79.865690485983364511 80.790146685649204983 81.279875136651028811 81.574848784721865513 81.518940362244535436 82.656113987296336632 86.572195005924868383 89.713317655864855737 91.899258501470427518 93.554079482217602504 93.966131649039155604 93.344698586473725754 93.930382337361507439 96.53627499345338947 99.056773783419473034 98.721165683438272254 nan nan nan nan nan nan nan nan nan nan nan nan nan nan nan nan nan nan nan nan nan nan nan nan nan nan nan nan nan nan nan nan nan nan nan nan
58.266445299506088418 57.063652736307169278 56.182267663131923996 58.192094897915147556 59.580103491321303011 62.282749404571127627 65.247363471574374216 67.962961454083185231 72.223270651391302977 75.47086039667028956 78.32567709175415871 80.707663218650154136 81.564327549252837457 82.156927553413225951 82.855916338628432527 82.577996687534792386 83.308775475256254595 85.758212832615399179 89.605608910532879463 93.164633221701123489 93.656285616241490288 93.39359285631279306 93.686337811802346209 95.239086728616953792 98.350950395430231765 nan nan nan nan nan nan nan nan nan nan nan nan nan nan nan nan nan nan nan nan nan nan nan nan nan nan nan nan nan nan nan nan nan nan nan nan nan nan
56.418213067786261661 55.596934588814264089 57.753434380819342664 59.611595904024369474 61.569469554082104423 64.165739694004258808 67.174920743227048092 70.510706545780848842 73.774653084272770798 76.960044806623614022 79.938654761612795596 81.677648387548245523 82.104210053155455284 82.50478190181172522 83.281890968238556638 83.315850281277434419 83.950242832657551162 85.08058191821024252 89.115438764907779046 93.268956807669255227 93.369770620313133236 92.871056748780532075 93.728170295373871568 96.29054530391729827 99.744726110492919702 nan nan nan nan nan nan nan nan nan nan nan nan nan nan nan nan nan nan nan nan nan nan nan nan nan nan nan nan nan nan nan nan nan nan nan nan nan nan
55.223769016682929589 56.962685547102630323 58.839427930851307735 60.991457761331908216 63.312670524044811771 66.109801130729266561 68.903363126207167966 71.316217704940484623 74.199111233513391994 77.566278005930811901 80.565693061169824318 82.400283034920988712 82.837519795905933506 83.731052968674021031 83.841132290080068401 83.870425255653813679 84.66579287602674242 85.340864996211280413 88.362701394732951599 92.764404897655609261 94.136732798924015242 93.788963078316825772 94.574490419395658591 96.749028734390449813 100.47998198154030547 nan nan nan nan nan nan nan nan nan nan nan nan nan nan nan nan nan nan nan nan nan nan nan nan nan nan nan nan nan nan nan nan nan nan nan nan nan nan
57.464026202978857327 58.835171054951203473 60.520908904562453756 63.247927429670788513 65.926585125805758025 68.463563925706495183 71.210593972449004241 73.729610823446776635 75.475572452876036778 77.523894102602497469 79.868499598576079279 83.050281964655468414 84.368654120079682457 84.788434062813493597 84.506493681416188224 84.544168967697771677 85.212459561824474008 86.214461222889369196 88.978984255578538409 93.33277519679838008 95.849798954256712591 95.525852443969924366 96.3718423626063867 98.684153748424435548 100.21313226791922091 nan nan nan nan nan nan nan nan nan nan nan nan nan nan nan nan nan nan nan nan nan nan nan nan nan nan nan nan nan nan nan nan nan nan nan nan nan nan
59.487527930505457618 60.98131745787753033 62.614553911238473916 66.372818622793971599 68.869480849699613145 71.019120473006736916 73.772329767076328721 75.881829038351483518 77.951498502373880228 79.896606115012332339 81.777235712679754442 83.404858062739236857 85.53801870132303975 85.556980793013707398 85.744099601832857616 85.915176876179074839 86.277377744017570649 87.27048694285036845 89.668071123124249766 93.646295468800403228 97.734499964246168702 98.553746558796262889 99.122955328685193876 100.7319539427944477 nan nan nan nan nan nan nan nan nan nan nan nan nan nan nan nan nan nan nan nan nan nan nan nan nan nan nan nan nan nan nan nan nan nan nan nan nan nan nan
61.620547183063187902 63.46164565360352583 66.118952758557298921 69.138986852880478295 71.480417002635093127 73.561638566683029694 75.778068746854373217 77.890850200720677776 80.128714116565490144 81.762000291546939934 83.944180820147067834 84.926506660762569823 85.628931360544086715 86.21246339850813456 86.68059888671668034 86.86269304426636495 87.065175959413778628 88.259916863980635071 91.104916017165649578 94.37819437121709143 98.361221093885134792 101.21153460700107019 101.83226511281728222 nan nan nan nan nan nan nan nan nan nan nan nan nan nan nan nan nan nan nan nan nan nan nan nan nan nan nan nan nan nan nan nan nan nan nan nan nan nan nan nan
63.67455870382276828 66.456252312808217653 69.637815276279567911 71.874116719694868038 73.769879559486483345 75.580972786208036496 77.843665531968156301 80.085490258092676186 81.656243857416427545 83.616984782836937029 84.918256299167651946 85.324473473916711441 85.737143517146066074 86.709587397109515905 87.019073650644031659 87.327222785624314838 87.650644983526333931 89.170369109078308156 92.245544309488394674 96.350673657684382079 99.686178993015758465 102.89284759464672447 nan nan nan nan nan nan nan nan nan nan nan nan nan nan nan nan nan nan nan nan nan nan nan nan nan nan nan nan nan nan nan nan nan nan nan nan nan nan nan nan nan
66.110459102326160519 69.682788877131756067 72.424322611640420178 74.436495808070262115 75.866256440555858376 77.674109285484234988 79.795286595862151557 81.690054078128355286 83.972997862343518705 85.232114925406278871 85.597701647161912319 85.466180641057476919 85.947694976032877889 87.287287171851360768 87.608458308946509874 88.270880846262997466 88.588997097079243304 91.118942269549194179 94.681392997488941887 96.937873927089086123 100.75602207931071064 104.52181703321566886 nan nan nan nan nan nan nan nan nan nan nan nan nan nan nan nan nan nan nan nan nan nan nan nan nan nan nan nan nan nan nan nan nan nan nan nan nan nan nan nan nan
68.875608019404296556 72.066068184041398581 74.703506116753075617 76.435765145604122495 78.006728015338225646 79.645200730646052989 81.606982512189730983 83.48012874676024353 86.54093480001364469 85.84313041254497989 85.924246030195433832 85.690176814872785371 86.072841279407356296 87.416865453725790758 88.434867817252538202 89.228038365048689684 89.708222623395798223 92.182693572762048007 95.950321728247359943 98.250970751358011057 101.79958721981289216 105.35906375959633863 nan nan nan nan nan nan nan nan nan nan nan nan nan nan nan nan nan nan nan nan nan nan nan nan nan nan nan nan nan nan nan nan nan nan nan nan nan nan nan nan nan
70.100729890063902872 73.483891673889075946 75.630779029790033974 77.877950864178743018 79.671524670796088685 81.384967294638883573 83.685942868596129074 86.23603145994194108 87.800443515289288143 86.245473017927324122 86.331165077109574213 86.011429420710484806 86.725971679782901447 88.300235751923594307 89.051121609499119813 89.552408247021546117 90.51858873508260217 92.438787762763624301 96.350381044291395938 98.81559363387555095 101.99424324319025459 104.99605506395539578 nan nan nan nan nan nan nan nan nan nan nan nan nan nan nan nan nan nan nan nan nan nan nan nan nan nan nan nan nan nan nan nan nan nan nan nan nan nan nan nan nan
71.358302305930834564 74.130101097744798722 76.101558546567872554 79.043839085082069573 81.038036127462802938 82.942827502567581632 85.902247977757596686 88.227225231600840516 87.684040511613005719 86.871023114996887671 87.032724085312125339 87.263631137479308109 88.391225208729522933 89.308246674241857477 89.744762995211601719 90.048710123479480671 91.291675769542891317 92.492621301902516961 94.204933590597434545 96.986929040297610527 99.925290903841158752 103.18117624175410185 nan nan nan nan nan nan nan nan nan nan nan nan nan nan nan nan nan nan nan nan nan nan nan nan nan nan nan nan nan nan nan nan nan nan nan nan nan nan nan nan nan
72.499297596110125141 74.890452644900236123 77.299149597726867 80.084097102866024898 82.12465230889026202 85.037495007489070531 88.477600826606632722 89.636518756777704198 88.081164791937467839 87.407043345365863729 87.297571151841339088 87.984141210658776799 88.908043686981343967 89.73506136507828046 90.072235576288264269 90.210378101600824152 91.260205605456476974 92.752910993767613945 93.465981359364619152 95.42796797782719409 98.980940581869504058 102.00142928860475422 nan nan nan nan nan nan nan nan nan nan nan nan nan nan nan nan nan nan nan nan nan nan nan nan nan nan nan nan nan nan nan nan nan nan nan nan nan nan nan nan nan
73.280917908747639444 75.845742466174371543 78.536773698491458617 81.09631143667407116 83.291491928772416031 86.779035688462727194 89.597700892826821928 89.261545525321963623 89.092462495049133508 88.412593183729498492 88.50635744175231423 89.00649547627135405 89.616949808624781326 90.164208911993014794 90.245502616414185582 90.515007560496542283 91.752116616425283269 92.857969649105370991 93.768658259143563782 94.835284804551704951 98.680372129417833094 101.31252994120850985 nan nan nan nan nan nan nan nan nan nan nan nan nan nan nan nan nan nan nan nan nan nan nan nan nan nan nan nan nan nan nan nan nan nan nan nan nan nan nan nan nan
73.737358269778084718 76.619795883533257097 79.701969490525755191 82.092507518341605532 84.628437252052066242 87.726797878666417319 90.546332708815796764 90.231491716416272197 89.843682198230737868 89.59928109344052416 89.590048160172202074 89.695843906294214776 90.100112199288005854 90.363951780012371273 90.464500358853172202 91.188160845080631134 93.551503579965199719 93.886222995523681334 94.690398424077031336 95.34754981281876951 97.593562010045289412 nan nan nan nan nan nan nan nan nan nan nan nan nan nan nan nan nan nan nan nan nan nan nan nan nan nan nan nan nan nan nan nan nan nan nan nan nan nan nan nan nan nan
74.237880423450903322 77.440020563609522242 80.074947864827450417 82.870061345286018195 85.532916441505378202 88.222795518039376361 91.200285593449393673 91.874422805503357381 90.742658669580066544 90.537862478426674784 90.337967516218512287 90.231546388357855903 90.281525220354907901 90.48781114082902377 90.734014338773363306 91.928156768621207107 94.328318298199633318 95.294319760426319021 95.43256132286404636 96.077704263743740398 98.174096722551354333 nan nan nan nan nan nan nan nan nan nan nan nan nan nan nan nan nan nan nan nan nan nan nan nan nan nan nan nan nan nan nan nan nan nan nan nan nan nan nan nan nan nan
76.255140826857484626 78.226528615237810982 80.805999048728239131 83.703158163759653121 87.323552632247555039 89.800720674435766 92.535030917449589083 91.689819474009922828 91.244183871837094557 90.899165762257467804 90.677965372135872713 90.4500611213420882 90.471740701678569962 90.701426545124292034 91.026191978059088683 92.155238451035998537 94.353053993373308117 96.442282831909253105 96.44952280028594771 97.114487020362162184 98.578535665506848318 nan nan nan nan nan nan nan nan nan nan nan nan nan nan nan nan nan nan nan nan nan nan nan nan nan nan nan nan nan nan nan nan nan nan nan nan nan nan nan nan nan nan
77.296282511981075913 79.480222602510593788 81.651574933463180628 84.044917883502861855 87.37331617502739789 90.307676776478913894 92.569064286744705328 92.469545645306865822 91.62647893809587174 90.938049864767819486 90.732708914273729306 90.487863056728187416 90.653442200751712221 90.911340530784798375 91.488636302576608728 92.672680233574709519 94.142143724262055571 96.982109806191900248 98.104191995156440953 nan nan nan nan nan nan nan nan nan nan nan nan nan nan nan nan nan nan nan nan nan nan nan nan nan nan nan nan nan nan nan nan nan nan nan nan nan nan nan nan nan nan nan nan
78.325341579980133133 80.053936185742287535 82.08504207332777014 84.815831946142054676 87.398947774091567453 89.722031214798363408 91.876211109330384375 93.134674417648341205 92.175852573929660139 91.335760130957766023 91.179321056180725691 91.017879289846945312 91.03213830077743296 91.517246102144056863 92.770500561160176289 93.42291612971973791 94.514600124832952588 97.267713171731031707 nan nan nan nan nan nan nan nan nan nan nan nan nan nan nan nan nan nan nan nan nan nan nan nan nan nan nan nan nan nan nan nan nan nan nan nan nan nan nan nan nan nan nan nan nan
78.153789053354316252 80.374786057123543515 82.362993680789088558 84.567973322815873871 85.919579650802802462 87.793696082708180484 90.681598531932351648 93.561979022080663526 93.053422738880883003 92.429043780268585806 92.008300720073648904 91.932997998296826836 92.765740006009480112 94.343759585542969148 94.524010927823113093 94.129834690866289293 95.254759917661559143 nan nan nan nan nan nan nan nan nan nan nan nan nan nan nan nan nan nan nan nan nan nan nan nan nan nan nan nan nan nan nan nan nan nan nan nan nan nan nan nan nan nan nan nan nan nan
79.676474181582662482 81.332014224790313506 82.702441543760954801 84.360479031613181178 85.514028904124657515 87.602649362309861658 90.51836563158667559 93.292297363121647891 93.998278213152161698 93.673498529461099338 93.457267542183544151 93.626370583066972131 nan nan nan 94.622954569319816187 nan nan nan nan nan nan nan nan nan nan nan nan nan nan nan nan nan nan nan nan nan nan nan nan nan nan nan nan nan nan nan nan nan nan nan nan nan nan nan nan nan nan nan nan nan nan nan
80.791761734388742866 81.783666466848700338 82.855467694149126601 84.13214462367669455 85.984592155713770012 88.407059423127009268 90.907058070688236739 93.742187991313357998 95.404376801570151656 nan nan nan nan nan nan nan nan nan nan nan nan nan nan nan nan nan nan nan nan nan nan nan nan nan nan nan nan nan nan nan nan nan nan nan nan nan nan nan nan nan nan nan nan nan nan nan nan nan nan nan nan nan nan
80.497873953508488398 82.006328412724002419 83.190496126304580571 84.378177353103168912 86.744911486509465703 89.322162730201455361 91.707602074990660412 94.304062428254283645 nan nan nan nan nan nan nan nan nan nan nan nan nan nan nan nan nan nan nan nan nan nan nan nan nan nan nan nan nan nan nan nan nan nan nan nan nan nan nan nan nan nan nan nan nan nan nan nan nan nan nan nan nan nan nan
80.943199102224909325 82.109812778220501173 83.537714286214708181 85.032497590503112406 87.655374531143650074 90.138363302191507387 92.418971176459081107 94.178685513460663969 nan nan nan nan nan nan nan nan nan nan nan nan nan nan nan nan nan nan nan nan nan nan nan nan nan nan nan nan nan nan nan nan nan nan nan nan nan nan nan nan nan nan nan nan nan nan nan nan nan nan nan nan nan nan nan
81.456340478071268763 82.221895997571991188 83.277995513122888838 84.599139856740393384 86.200167353421335292 88.622847229985964645 91.009052897465622323 93.755472796357821608 nan nan nan nan nan nan nan nan nan nan nan nan nan nan nan nan nan nan nan nan nan nan nan nan nan nan nan nan nan nan nan nan nan nan nan nan nan nan nan nan nan nan nan nan nan nan nan nan nan nan nan nan nan nan nan
81.917223204543518023 82.600118519764748726 83.309960684722625501 84.051534711677959422 85.246408829113136107 87.506467403727057786 90.610967954790908152 93.614473635679971153 96.084048486750546658 nan nan nan nan nan nan nan nan nan nan nan nan nan nan nan nan nan nan nan nan nan nan nan nan nan nan nan nan nan nan nan nan nan nan nan nan nan nan nan nan nan nan nan nan nan nan nan nan nan nan nan nan nan nan
82.543110659361488501 83.105772388298575493 84.040134150847336514 84.640279526564540902 85.109630563965168903 86.608922427937656607 89.494733393458417936 92.244283494918477118 95.234031166948398095 nan nan nan nan nan nan nan nan nan nan nan nan nan nan nan nan nan nan nan nan nan nan nan nan nan nan nan nan nan nan nan nan nan nan nan nan nan nan nan nan nan nan nan nan nan nan nan nan nan nan nan nan nan nan
83.192714333292840934 83.815549664494184867 84.633085102139986589 85.122958640678859865 85.471352485788727904 86.463679960977927408 89.482251750259791834 92.350075807624577351 95.382038902957830828 nan nan nan nan nan nan nan nan nan nan nan nan nan nan nan nan nan nan nan nan nan nan nan nan nan nan nan nan nan nan nan nan nan nan nan nan nan nan nan nan nan nan nan nan nan nan nan nan nan nan nan nan nan nan
