results/rofental/precip_month_2019-12-01T0000_2019-12-31T2300.asc
ncols        322
nrows        225
xllcorner    622802.488000000012
yllcorner    5178049.378999999724
cellsize     100.000000000000
[rows 56 to 83 of 225, columns 189 to 251 of 322]
nan nan nan nan nan nan nan nan nan nan nan nan nan nan nan nan nan nan nan nan nan nan nan nan nan nan nan nan nan nan nan nan nan nan nan nan nan nan nan nan nan nan nan nan nan nan nan nan nan nan nan nan nan nan nan nan nan nan nan nan nan nan nan
nan nan nan nan nan nan nan nan nan nan nan nan nan nan nan nan nan nan nan nan nan nan nan nan nan nan nan nan nan nan nan nan nan nan nan nan nan nan nan nan nan nan nan nan nan nan nan nan nan nan nan nan nan nan nan nan nan nan nan nan nan nan nan
nan nan nan nan nan nan nan nan nan nan nan nan nan nan nan nan nan nan nan nan nan nan nan nan nan nan nan nan nan nan nan nan nan nan nan nan nan nan nan nan nan nan nan nan nan nan nan nan nan nan nan nan nan nan nan nan nan nan nan nan nan nan nan
nan nan nan nan nan nan nan nan nan nan nan nan 105.07743376283826819 nan nan nan nan nan nan nan nan nan nan nan nan nan nan nan nan nan nan nan nan nan nan nan nan nan nan nan nan nan nan nan nan nan nan nan nan nan nan nan nan nan nan nan nan nan nan nan nan nan nan
nan nan nan nan nan nan nan nan nan nan 108.58657184181755895 106.91299359171644312 104.73749673458033271 103.59330973606165571 103.11639421719816312 nan nan nan nan nan nan nan nan nan nan nan nan nan nan nan nan nan nan nan nan nan nan nan nan nan nan nan nan nan nan nan nan nan nan nan nan nan nan nan nan nan nan nan nan nan nan nan nan
nan nan nan nan nan nan nan nan 108.79891976921938124 108.23797147508250305 107.24303081342954158 105.78743080853504921 104.37475014192719414 103.13191536248625368 101.61432918276588566 101.30330033006751478 nan nan nan nan nan nan nan nan nan nan nan nan nan nan nan nan nan nan nan nan nan nan nan nan nan nan nan nan nan nan nan nan nan nan nan nan nan nan nan nan nan nan nan nan nan nan nan
nan nan nan nan nan nan 111.8669367735844844 109.04060882472410299 106.6617254979747571 105.23571969881155042 104.24425759270108927 103.56424992785072448 103.20499948736953399 102.48373012070435095 100.94949665349389534 99.787283300954555898 99.942602155902534378 100.73298221390794538 nan nan nan nan nan nan nan nan nan nan nan nan nan nan nan nan nan nan nan nan nan nan nan nan nan nan nan nan nan nan nan nan nan nan nan nan nan nan nan nan nan nan nan nan nan
nan nan nan nan nan 112.30428723791094114 110.85160176404454546 107.49243645003600989 105.44819411440903423 104.34838945659956266 103.54134097157248107 102.75820021835832563 101.96465302733680858 101.44157312580665575 100.28683767489458489 99.193587450018370077 98.747589644493331207 99.118301704786517803 100.40119447660498508 102.27678300165287339 nan nan nan nan nan nan nan nan nan nan nan nan nan nan nan nan nan nan nan nan nan nan nan nan nan nan nan nan nan nan nan nan nan nan nan nan nan nan nan nan nan nan nan
nan nan nan nan nan 112.74417916085113234 110.86567148461807619 107.58930310585934365 105.17150882615128182 104.40107503110020559 103.71331494857440703 102.90615212237310061 102.08970630223228682 101.18175250185907998 100.20823257682307883 99.228900333169676173 98.812845009870301283 98.824669131101643416 99.398926573452186517 101.09396162214724768 103.47209961330906935 nan nan nan nan nan nan nan nan nan nan nan nan nan nan nan nan nan nan nan nan nan nan nan nan nan nan nan nan nan nan nan nan nan nan nan nan nan nan nan nan nan nan
105.48361120519895451 108.76110502131894009 nan nan 109.78478705456070941 109.4112950468687302 109.12553676138259107 107.76819198857072024 106.00151785160082341 105.15455888331450751 105.03676377977471645 103.48911184662433982 101.69319590463723557 100.82560282155931475 100.28692424354794355 99.661043884853640407 99.286746244297233943 99.106051943694168926 99.172883653293695261 100.06401263699181925 102.44859423845078084 103.02501221098822271 nan nan nan nan nan nan nan nan nan nan nan nan nan nan nan nan nan nan nan nan nan nan nan nan nan nan nan nan nan nan nan nan nan nan nan nan nan nan nan nan nan
103.41134330875212299 106.12925347985041924 107.97899774789324567 108.54810276253817847 107.06005260600305462 105.94888694095655524 105.94962294509110734 107.28391343869773777 106.76637388029504905 105.87297240136268783 104.92202667708056651 103.29451350850554547 101.66942936025189681 100.20028779407923025 100.17357670923823321 100.03723519565961908 99.541342917219978403 99.265523225035195765 99.268022380146618389 99.733740726924963838 102.10432845984678352 102.51492545260343547 102.38538978854020911 nan nan nan nan nan nan nan nan nan nan nan nan nan nan nan nan nan nan nan nan nan nan nan nan nan nan nan nan nan nan nan nan nan nan nan nan nan nan nan nan
101.07341060103200903 102.90295274806204873 104.97119684009419416 106.22007351207305703 104.57891786501011211 103.49300523194384027 104.01808070871018685 106.7507280085449537 107.50266097186218417 106.47588902306945613 105.08716956817050914 103.33691070115099819 101.94734419893140398 100.78170643259971939 100.25955913173606859 100.02557280799386774 99.499805139278862498 99.267421321020748337 99.223928878395184938 99.48671382263437124 101.46411472290584754 101.7872509117065789 101.99955658878562303 101.97369295561058777 nan nan nan nan nan nan nan nan nan nan nan nan nan nan nan nan nan nan nan nan nan nan nan nan nan nan nan nan nan nan nan nan nan nan nan nan nan nan nan
97.894280809965636081 99.567566718375530854 102.26170421654146026 104.18948580832712025 102.74626313188203142 101.28025313833229859 102.0624902550288482 104.6364372396785285 106.26579659720066218 107.45326691910673844 106.87639692382046519 103.97467236155554815 102.33305405204272631 101.32127911152859667 100.69832058707673639 100.20233827942884375 99.635727243714526935 99.468436509372594401 99.125411917696723663 98.847924616993267932 99.158743311322595559 99.083374593725352497 100.47853984329448451 101.97751219311152227 nan nan nan nan nan nan nan nan nan nan nan nan nan nan nan nan nan nan nan nan nan nan nan nan nan nan nan nan nan nan nan nan nan nan nan nan nan nan nan
96.390908401250669613 97.967517778036281584 100.19281127508079976 100.59605929577362815 100.25885661638021418 99.230151617006512765 100.07378825964434554 102.11616364211225516 103.42362220043573018 105.32464729612108556 107.42471228669099048 106.50426382846330853 104.07891710098252247 102.33243510691815459 101.05748139318964718 100.3595438242483624 99.643783395274851955 99.287089726398008338 98.685249649269096039 98.176038880980684098 97.589024704249283104 97.130615471067585531 98.480426636826706499 100.63598926778335851 nan nan nan nan nan nan nan nan nan nan nan nan nan nan nan nan nan nan nan nan nan nan nan nan nan nan nan nan nan nan nan nan nan nan nan nan nan nan nan
95.75936315557127898 95.459911457101526366 95.756003961191368035 96.658348221763446873 96.519717991337088847 96.890412313809278544 98.453088838255681026 99.861621820349427026 100.79692688314118243 102.59903058729928205 104.82304922608358311 106.60037208477722004 106.4293940599292938 104.99930096396721524 102.41376509532322814 100.52691626492739374 99.214240714589948311 98.531607900513364484 98.068276602347268067 97.62144750252703318 97.38522951867831523 97.108394368507319427 97.600419837862702366 100.00367355124981827 nan nan nan nan nan nan nan nan nan nan nan nan nan nan nan nan nan nan nan nan nan nan nan nan nan nan nan nan nan nan nan nan nan nan nan nan nan nan nan
93.04041220594757533 92.241745955924159261 91.638976415374031603 92.344087892410527729 93.623014471364513156 94.89426457855537933 96.224077464723663411 97.40471591703209242 98.630675293935013315 100.17898672009536654 102.09628003835005927 103.58636776404810576 103.97400510026213283 104.93899024189366287 104.31260800536929878 101.78732012550733543 99.211999855910718793 97.733282221330100015 97.221466839715915853 96.962676459065448853 97.089193600615132596 97.239210069317920215 96.921830953235684092 97.689478352982263232 99.889787883962938508 nan nan nan nan nan nan nan nan nan nan nan nan nan nan nan nan nan nan nan nan nan nan nan nan nan nan nan nan nan nan nan nan nan nan nan nan nan nan
92.055132128974179295 91.019953347058205395 90.174241710557126339 91.005751984833310075 92.143606730462281007 92.924723606306613988 93.84940178904778918 95.138747162846371452 96.428352786867662871 97.774403377532564718 100.00312025387661663 101.45703415206168074 101.48735034078062256 102.52449346280059217 103.91143846026807296 101.44742176526800392 99.017902437748290367 97.133342441257028099 96.671343942923442683 96.310793775938137173 95.396283476006317414 96.012834657040627917 96.049509946198369903 96.183954797718982377 97.977704728106630228 99.871930021583622761 nan nan nan nan nan nan nan nan nan nan nan nan nan nan nan nan nan nan nan nan nan nan nan nan nan nan nan nan nan nan nan nan nan nan nan nan nan
90.507654337536891376 89.681253100941461298 89.282564966553096042 90.161263418466958797 90.918088957609072054 91.492580735729774233 91.89414470984519312 93.329897356308563872 94.379259632256747636 95.430394883712878595 97.571994883723718317 99.270470319882477384 99.585316385677501216 100.37654390944439342 101.31504223279483767 101.20343339128304194 98.549397691660701071 96.51062708548693081 96.390789705315199853 95.623971145326962073 93.663134494327934476 93.282334139467664613 94.848757009324856426 95.382884925188761827 96.56304257364121213 98.84040104746671318 nan nan nan nan nan nan nan nan nan nan nan nan nan nan nan nan nan nan nan nan nan nan nan nan nan nan nan nan nan nan nan nan nan nan nan nan nan
89.577866282306629842 88.981214687114530193 88.884120899862466558 89.350605395106853734 90.103381860472467224 90.499648713704701208 90.738834049805603854 91.479232458299364339 92.519157937151845772 93.468988135609876622 95.306181208605494248 97.349124160832090524 98.279633830018511276 98.640977515662413566 98.92461268629185156 98.629400288092469395 98.38543252492461022 95.659746008155579489 95.273396516465695072 94.658683255366184994 93.058152916068294758 92.384453412609531142 93.208235567521882103 94.51873272293106254 96.447673979490787133 98.122000313134961402 100.526933443623264 nan nan nan nan nan nan nan nan nan nan nan nan nan nan nan nan nan nan nan nan nan nan nan nan nan nan nan nan nan nan nan nan nan nan nan nan
89.152576136151779451 88.875692752913067807 88.300720245841901601 88.744468400612518622 89.358961004637706083 89.836143017937473587 90.190109866494040602 90.286768473347294162 90.747322749436335698 91.69080113340379512 93.649581242959513361 96.47196220650201326 97.362718451846731682 96.907621081418781728 97.027285193535504959 96.912722179493101748 95.987274365486271677 94.43157624334075706 93.350304449506523952 93.089904552645549529 92.52616314217604554 92.452135084608514148 92.78876733118865161 94.664517794918324967 96.739729256812680092 99.230113991237018922 101.50272415783845759 nan nan nan nan nan nan nan nan nan nan nan nan nan nan nan nan nan nan nan nan nan nan nan nan nan nan nan nan nan nan nan nan nan nan nan nan
88.871223749422583182 88.328185383395293684 87.736380764568068003 88.182390355087790113 88.735274511126021935 89.025772044899426305 89.221035221165593043 89.486293437874437018 89.671973600850577668 90.367088364545750778 92.687080162460460997 95.450797637399645623 97.555865810211059852 96.663376709684882826 96.181569514951149813 95.875418532003294558 95.072632249155191175 93.677813713888113512 92.387791634260153728 92.002975967107090582 91.767466522234315107 92.545348057851740009 93.232317418233094486 95.170796046637192944 97.527484726769074541 100.60329006544279196 nan nan nan nan nan nan nan nan nan nan nan nan nan nan nan nan nan nan nan nan nan nan nan nan nan nan nan nan nan nan nan nan nan nan nan nan nan
88.691519307191100552 87.666676608408849347 87.308314610309025738 87.55442810207466664 88.27335347256213538 88.23890433905110342 88.231502830215760014 88.897525703616736337 89.274265157614237864 89.683265784488710892 91.763013175787392584 94.763215924795062506 97.456786037935486888 96.347629594144436282 95.032837951737064941 94.751136670534762629 94.156887601980045588 93.249588306962891693 92.083062940944444108 91.126337963031005529 91.00473687101215603 92.022309780860297224 93.16768047959111243 96.031657702744865901 98.409837843027915483 101.43091237583720954 nan nan nan nan nan nan nan nan nan nan nan nan nan nan nan nan nan nan nan nan nan nan nan nan nan nan nan nan nan nan nan nan nan nan nan nan nan
89.927621532537401094 88.038131081273732548 86.952154759655869043 86.830417876839405267 87.524668053787038957 87.788404580842566816 87.619679103581816548 88.138779042410220654 88.80704488440476041 89.258186503558391678 90.918919831797893494 93.799049483634547641 96.942648399970863693 97.092894480635720811 95.562747458996099681 94.653504718276437302 93.453927127449446743 92.057055666951086437 90.487614408431127799 90.135767657772532857 90.236763942232528279 91.093966091540963248 93.21038900857247711 96.059735394733749558 98.207696877614381492 100.43888950860923615 nan nan nan nan nan nan nan nan nan nan nan nan nan nan nan nan nan nan nan nan nan nan nan nan nan nan nan nan nan nan nan nan nan nan nan nan nan
89.408313201855520447 88.770370803694916617 87.393985212752113512 86.663156185553134492 86.845800175907740481 87.382407558435062356 87.358728773176665072 87.497880111043443208 87.993840752762153556 89.454153896984252015 90.617201236437864509 92.291035781600669452 95.238160388617160379 96.819399780481404605 95.61148730858232625 93.962389482648688954 92.962823371773993131 91.484225898803998689 89.876165836113486307 89.42801596839221645 89.670605292175167733 91.063937152566424515 93.712270601176115292 95.866171129796967421 97.576305454130093153 nan nan nan nan nan nan nan nan nan nan nan nan nan nan nan nan nan nan nan nan nan nan nan nan nan nan nan nan nan nan nan nan nan nan nan nan nan nan
89.173309371668466383 88.597141552426776911 88.162453959234198919 86.936508846740537138 86.745748859803455844 87.182966930794705718 87.388590378933187708 87.178083833287558946 87.340231943459201602 89.227426219755557213 89.645467876057210788 91.122005193193999162 92.995395750187412887 95.23633910940874614 94.802713089235012944 93.242043804966499465 92.329326941638271364 90.90557891803955215 89.121227402338405454 88.839615527334160561 89.559872112560867663 91.554016033080230841 93.19425362522359535 95.310003825794964882 97.088452328213747933 nan nan nan nan nan nan nan nan nan nan nan nan nan nan nan nan nan nan nan nan nan nan nan nan nan nan nan nan nan nan nan nan nan nan nan nan nan nan
90.46250546677677562 89.122451185538608343 87.477871488595070559 87.018391408795494613 86.628248025204413807 86.3731420704294095 86.581300637999149217 86.796960339037198651 86.995276317334685245 88.312702197858044428 88.647730248764048611 90.088009513266044337 91.522975564424029926 93.426282957233055981 94.094613268379660553 93.168410719828059996 92.262462481178530993 90.702400502887414291 88.956576566788356786 88.610789003165223221 89.64801446360181103 91.135256378306678471 92.022698114784418522 94.302706520110547217 96.21286161486231947 nan nan nan nan nan nan nan nan nan nan nan nan nan nan nan nan nan nan nan nan nan nan nan nan nan nan nan nan nan nan nan nan nan nan nan nan nan nan
89.466224910111378676 88.72224906051209814 86.872332080216423833 85.56929794305347059 85.833269488393696633 85.319807673203456488 85.614851302236260722 85.944365667604174064 86.488272153357357297 87.354872556425931407 87.915611544492875851 88.922716154737727834 90.572240316207796695 91.676634250042923213 92.843258535143561971 92.738973136091573224 91.972859074933694501 90.80259184058503763 89.213226956871309881 88.294613598845174351 89.053531306431622738 90.263738082138814889 91.167835069224395284 93.161373734855047246 95.490791987839102717 95.971586915256537509 nan nan nan nan nan nan nan nan nan nan nan nan nan nan nan nan nan nan nan nan nan nan nan nan nan nan nan nan nan nan nan nan nan nan nan nan nan
88.302918193003591796 87.470347619306693332 86.376465674230374248 85.417850695098195501 84.654620883233135942 84.432424452549867055 84.512983566839139371 84.909921184977250164 85.60121752853693522 86.212902489933668448 86.814581385480494191 87.455575598989540254 89.35275906589033923 90.820265082769097376 91.416677465948268377 91.743676044636600864 91.499581299495005737 90.899004132333516282 89.257331162355100673 88.204766509623183879 88.495227158733030137 89.552770924054570401 90.381173986546656351 92.113417838359396228 94.450922366300162025 94.580686645595989148 94.278064751987713521 nan nan nan nan nan nan nan nan nan nan nan nan nan nan nan nan nan nan nan nan nan nan nan nan nan nan nan nan nan nan nan nan nan nan nan nan
