results/rofental/precip_month_2019-10-01T0000_2019-10-31T2300.asc
ncols        322
nrows        225
xllcorner    622802.488000000012
yllcorner    5178049.378999999724
cellsize     100.000000000000
[rows 168 to 195 of 225, columns 126 to 188 of 322]
91.047286103984603756 91.492864325139962034 91.98310294106070728 92.523525139604842593 93.97356196667701056 96.005187543120712235 95.808201637479015744 94.581350866270682332 93.966146020631157398 94.074781833484593108 93.821518297403926567 93.27780801840093261 92.96731325052728323 92.398536154845956503 91.829061307665256209 91.526205696532059619 90.846312315064110976 90.525932520603944909 89.935448128895686182 89.306056585076618148 88.654236863688595349 87.972809601746888575 87.237520451801998433 85.944283122947254583 84.515659741659604265 83.106137916496280127 82.002645243521641305 81.584223033081229914 81.743803783424809239 81.758971299529775933 81.535032543472368616 81.08029730336373575 81.176559540668762338 81.656936927843545959 83.034232065986032012 83.690915159436372051 84.419627640397465029 84.615133510572945852 84.660114442799141443 84.7748346769829908 85.554737322305271618 86.615678945139649159 87.508125772481932358 87.740967075732157809 87.771774534565480508 88.188054423699838935 88.643259559146159177 88.649093763191388007 88.45928505311259471 88.345361366313241547 88.270762822637095724 88.810898658142647832 91.001441635816334497 93.582766149247873955 nan nan nan nan nan nan nan nan nan
93.061126066094502107 93.053016811875622238 92.950474085998209262 93.343368284196813534 94.437611399962591463 nan nan 94.643407539554402774 94.136708065866287143 94.084200171711742655 94.061816164987732236 93.585421745880310596 93.044517205648119784 92.213683807483960209 91.635431996470842364 91.296218336474694866 90.927423426301672293 90.561493319380403477 89.749133203613411069 89.221034577956942258 88.715187848981088337 87.822886305678437679 86.6424334400668954 85.054959648470017441 83.720506190880172426 82.605708283974010442 81.923203644067100981 82.041696896750110568 82.094529503463405717 82.17647356079147869 81.918599999773903164 81.452773394407827823 81.696881304600779572 82.399193346928313986 83.211988921423014176 83.921823877619857512 84.542210212272905778 85.025949742405529719 85.040788141376992826 85.409639797081993606 86.519521935491837894 87.584544118148784264 88.183988464500131954 88.244341844771682304 88.250767396160398448 88.628541740905390611 88.987365840841633258 89.060695725959732272 88.836296633321822469 88.837572063964216795 88.800354360409698984 89.349721024507957168 91.169277038322420026 93.307461790486854625 nan nan nan nan nan nan nan nan nan
94.629920093960521399 94.324619396977269048 93.893023073489629837 94.277285926696848151 nan nan nan nan nan nan 94.206822711816101901 93.571410629270246773 92.836586147681259718 92.255429500067350546 91.766061277505286853 91.368867905639874039 91.046866238276550121 90.625511894549958924 89.99370368696878586 89.310969040038614253 88.119175553733938955 86.846748326867526657 85.567890245658503545 84.261513329782587789 83.167197061565005356 82.266221009631991024 82.265828560150538351 82.530827097328185005 82.514516258445510744 82.582285780778008188 82.290826961199343259 81.951628769135481889 82.421758263948902368 82.951984762482553037 83.611391132340699528 84.186612843405995932 85.046118920388039442 85.652324475275520399 85.756857599715672791 86.503389486862204194 87.625242664941268345 88.488430406634364545 88.720217029311172041 88.578905844910309497 88.815276846352460893 89.383665815934634225 89.5919867366278595 89.446090161595549262 89.162772004161467976 89.241840076937890558 89.340031478874394111 89.635180560766187341 91.76186442594959658 93.589015335398116235 nan nan nan nan nan nan nan nan nan
95.317959523384885756 nan nan nan nan nan nan nan nan nan 94.181358178389729119 93.329480918496244612 92.184390082011645973 91.672633731093043252 91.269695895926602702 90.836958548204393082 90.385163358391054089 90.084499815148305402 89.294316725247583122 88.410715690106314923 87.368723059518600849 86.164684441543315074 84.892278832313579073 83.781269377484647976 83.052591897890906125 82.405796288940635463 82.734417928768337447 82.967358666653225896 82.947455200130676189 82.945717367440877865 82.733967703680562522 82.520356417147127104 83.213994930362332525 83.736117032948016004 84.216347774718428809 84.755382077938321572 85.465079469076329133 86.481796292143769733 87.007947027338587986 87.909744934230744207 88.751220175433942927 89.187060738049439124 89.140940221514824771 89.294804203152139621 89.793122128016207739 90.02917466535959079 90.072741440482289477 89.815072869599916316 89.445588363434794132 89.491423221426529722 89.670169517408922388 90.026429198584935421 90.722235921684870164 92.055570106901100758 93.977589389812521858 nan nan nan nan nan nan nan nan
nan nan nan nan nan nan nan nan nan nan nan 92.788756495233371879 91.518886046176760374 90.879177522024221503 90.577893908460097805 90.219969297684684761 90.070056972418413466 89.48787052128029984 88.791980150246175185 87.810697595360124978 86.634228924180632703 85.402556849320149013 84.35952115889425329 83.421726216081879102 83.051552267885071501 82.857146682873818122 83.139662439556772711 83.358741257707805516 83.353091414619640886 83.350172970928497307 83.292381025262116623 83.183149864121432415 83.908542110573918649 84.633742150076642474 84.968962743086507317 85.277004238547547743 86.249664862893212103 87.355751504003123387 88.180172424714811541 89.126172775398060821 89.757166180461638305 89.822569073029001174 90.051019536842233038 90.248193107966244497 90.354434325106836923 90.413860625126034165 90.399578569122155614 90.132050526866123619 89.991573672592352295 89.91915723128485638 90.04555548290592526 90.360021484360075306 91.040223112569506725 92.068895343036814438 94.566296207508699467 nan nan nan nan nan nan nan nan
nan nan nan nan nan nan nan nan nan nan nan nan nan 90.559073068858552347 90.046950434153430365 89.535527905396406823 89.139724500251801942 88.631396487452988708 88.00505503027473253 86.996701480906153847 85.883232304965645199 84.883603569807419831 83.972727424121899276 83.594685126226778493 83.507233416087458977 83.339497842413877038 83.537880692497097357 83.742277071307469782 83.755884939116000965 83.809087181004628064 83.890274061607641443 84.002385119896146648 84.606175944552731494 85.16864093559600235 85.633580879168519573 86.075010370290939932 87.149771092219936008 88.335912463166636144 89.315273821043334124 89.927659004528621267 90.266398821082901804 90.431975489185191464 91.141610825983562449 90.891896985195543834 90.873031109121427562 90.806162470330335168 90.68720809315509257 90.552842770248659576 90.522826997076990097 90.491382225543119944 90.507373645637528625 90.675695197913086076 91.466367689489175063 93.462657671941684612 94.672433482311760145 95.695308869946941854 nan nan nan nan nan nan nan
nan nan nan nan nan nan nan nan nan nan nan nan nan nan nan 89.059254223021085295 88.383388082528313134 87.930268272229710647 87.194196552267783318 86.325140696975054766 85.315141919893278555 84.574486042968047173 84.156205945353875109 84.178472597406013733 83.994639423205043727 83.711913745965631506 83.857207482701738854 84.10108826520645664 84.173270699534484152 84.262988004674099329 84.60665709386134381 84.887483165239103755 85.184830425604403104 85.531664798525241622 86.035278048372632043 87.030984627916168961 88.479428969299490859 89.62650104189962974 90.339556404956098845 90.670845341259266092 90.866903569072064784 90.971004510530775633 91.254870760076613578 91.623397697898525394 91.4054808188798944 91.339254309060166293 91.163855159145882112 91.009573124132572275 90.869541951136852731 90.790874981609618999 90.869553676130351505 91.120835194545605873 91.979305896458157576 94.460167615371204874 95.331692213378687484 nan nan nan nan nan nan nan nan
nan nan nan nan nan nan nan nan nan nan nan nan nan nan nan 88.753967871425714975 87.907830266973917333 87.469584144927694069 86.619532006936282187 85.510586664067190554 84.917803018697924244 84.655403575332655919 84.65434351826527859 84.601554857087279515 84.394945574867790583 84.060012861616087321 84.17284694755223029 84.488980649248020427 84.700224143951913902 84.85924463027913589 85.522802082388636791 85.731130332340654832 85.925895262423637178 86.102705333923807984 86.39736314691124619 87.695298426025885874 90.087946550433713355 91.485531158989672917 91.142144968301707308 91.296313170366900636 91.5488069880676818 91.676847714495735886 91.702107832026428014 92.394617904117538387 92.195394779396110607 92.096340393924535306 91.853325252372343357 91.510512165846151333 91.353479622925789272 91.249592046937834766 91.306252047492662882 91.674092475622444454 92.581078304953820179 94.288355002313252839 nan nan nan nan nan nan nan nan nan
nan nan nan nan nan nan nan nan nan nan nan nan nan nan nan nan 87.702617413897769438 87.129229270751949343 86.257842649352326703 85.35403266044322379 85.038299721660507657 85.127768289561757342 85.071783439776339719 84.9991991722801572 84.757115995180569712 84.466420835433012826 84.540748734410186671 84.916114197555899068 85.295134510057010857 85.668733941437452017 86.357421870260736796 86.526241479650707333 86.62123808313067741 86.691234873692962992 86.790398489616720212 88.310032397074508026 90.542983020730090971 92.183886387321308575 91.8709623329928462 91.872687587618969474 92.178941602493893015 92.322354119689137519 92.357562694169189399 92.925897982110811313 92.675886475316730184 92.497907059124017337 92.175016240288812241 92.066929855094898016 91.95413151110105332 91.899186871512810626 91.947967844707903851 92.260141346012048302 93.314915141930171671 nan nan nan nan nan nan nan nan nan nan
nan nan nan nan nan nan nan nan nan nan nan nan nan nan nan nan nan 87.078031537393343342 86.300143111827907205 85.534598039694472504 85.357560074536124262 85.463093969852721443 85.47021385152544326 85.37044965814075681 85.173455191720975677 85.018780687930842532 85.116607412218883155 85.557445912987560632 85.824158676113057709 86.392334288329010406 86.838321745778998206 86.993537874271893884 87.102281988016912351 87.201153787607211143 87.463796491243911646 89.305395723298218513 90.720504176816433528 92.260343607379397213 92.800495667928046828 92.610989383850494505 92.749129997387257163 92.862681736768607266 92.888527502777151312 93.605956043690412116 93.335076953627137186 93.110686405617641981 92.894106540586534493 92.613611852508526567 92.50332442986760384 92.4579304102258277 92.577276088955471778 92.854216555846832648 nan nan nan nan nan nan nan nan nan nan nan
nan nan nan nan nan nan nan nan nan nan nan nan nan nan nan nan nan 86.909010417073588428 86.269133844537591926 85.701592303310093257 85.530623421400818529 85.651388393583744119 85.726820284369111391 85.774782397207360418 85.738606785537996302 85.683639849346604933 85.652504543569307316 86.112189906242406323 86.482728160199556555 86.775290407206412624 87.092297410598021656 87.301134863649664908 87.561955417331589047 87.920798279853642043 88.248447685765526671 90.27898938359260228 91.786810828208302837 92.837065413335167818 93.523914554150977096 93.326183671794396446 93.365608616810959575 93.478064593222725875 93.511210106813194898 94.560725260093576594 94.278267728806000036 94.15548480617545124 93.89362558323566077 93.684291728771029284 93.373815077329837209 93.069003905381748609 93.051371508767104501 93.430421247982195609 nan nan nan nan nan nan nan nan nan nan nan
nan nan nan nan nan nan nan nan nan nan nan nan nan nan nan nan nan nan 86.111164116652872735 85.738967469645785968 85.651844864192042905 85.905842472494455819 86.102014787528617035 86.231808227288908597 86.431743666023493233 86.399385489088473378 86.060951746023306441 86.483663541801618635 86.899959289506313098 86.984570195658264424 87.325469931586283678 87.466026170066228929 87.819089718467353123 88.438992034114420449 88.983773687411556352 89.64149120895018541 91.397635416115520002 93.194636474595284881 94.113379044671745532 94.161594003404843534 94.013140335927374736 93.889019743385105699 94.035410967223697298 95.516396468814591003 95.47481796959436906 95.255340737921713412 95.564468219131754267 95.282161477315497677 94.53843731533834216 93.802667040893055628 93.559218672715417142 nan nan nan nan nan nan nan nan nan nan nan nan
nan nan nan nan nan nan nan nan nan nan nan nan nan nan nan nan nan nan 85.985721399520343766 85.938082130416461268 86.072358907785982751 86.197800789678595379 86.529090430076507801 86.838168272491159883 86.965571481028860035 86.89755522015668987 86.576672192495664149 86.704291812512849447 86.938368586314453523 87.105783899861052078 87.464644779467363378 87.728647928339881901 88.148926337368763484 89.165419032209470629 89.716573620923142585 90.115676699939626815 90.370016903674894593 91.557742419292594604 94.264034817646262354 94.904528321928367518 94.661987179935564996 94.552778145531107157 94.819434716477687175 96.804840712770115374 97.211622443695901552 97.687586448085582447 97.174979077674080941 95.583840764692979519 94.851278851957687266 94.653623267688672627 nan nan nan nan nan nan nan nan nan nan nan nan nan
nan nan nan nan nan nan nan nan nan nan nan nan nan nan nan nan nan nan nan nan 86.624193256705666499 86.67791746544877185 86.959728277392926543 87.404975881229233892 87.596901761933295916 87.555098466857614881 87.252419495290098439 87.04116524441609215 87.147611629618651818 87.722988907355386345 87.985377159683082482 88.300413230977667922 88.701579565354890633 89.881056186323633028 90.580630274683855419 90.758195349127888107 90.928616524014771016 91.681091617844884922 94.283190981169937572 95.473249056410381286 95.505205293304229031 95.387032203950795406 95.792706675641298375 97.784327342116455384 99.551270742549661463 nan 97.011343021100842066 95.434007395695857667 nan nan nan nan nan nan nan nan nan nan nan nan nan nan nan
nan nan nan nan nan nan nan nan nan nan nan nan nan nan nan nan nan nan nan nan 87.25561331152859168 87.452277535136886399 87.558343807314471974 87.925251006989284974 88.16882747613018978 88.103635850260090479 87.927684076751845055 87.622727234916155226 87.636482586186843946 88.422679982298390655 89.287253215857589339 90.067679801215959401 90.955299963326325496 91.180363501087128952 91.358662594092507447 91.136974183683946649 91.635814769258971069 92.19883500605405402 93.755187918371319711 95.461130549356454367 96.0879469937103039 96.159868884786462218 97.167953534237199165 98.950412193789020421 nan nan nan nan nan nan nan nan nan nan nan nan nan nan nan nan nan nan nan
nan nan nan nan nan nan nan nan nan nan nan nan nan nan nan nan nan nan nan nan 88.260390366781919624 88.336633427358819404 88.458608610034801245 88.566353441772974975 88.819181189464160298 88.613513924437185665 88.482698516772657626 88.210625253198045925 88.37322633570006758 90.120860725109608325 92.001820753128200181 92.746465794281633066 92.909575947433765464 92.294512023796897893 92.118465305078885308 91.83213257638172422 92.349164999565715561 92.979219549422708724 94.179735085721929977 95.225092117550545368 96.106286010633084516 96.693938419753791891 97.550872636707637753 98.882796369464443842 nan nan nan nan nan nan nan nan nan nan nan nan nan nan nan nan nan nan nan
nan nan nan nan nan nan nan nan nan nan nan nan nan nan nan nan nan nan nan nan 89.478365265492627145 89.495719867004453363 89.299392462751470134 89.470761329851185906 89.335238448823375279 88.97067503413047973 88.908118094483953087 88.746108217404668039 88.867078405976911881 90.34462283586182707 93.404949348982995616 95.00209181247682011 93.750718581517958228 92.804613037244223506 92.806301733582557745 93.313707347857075547 93.91303647812121369 94.255273197878167935 94.857542060165940256 95.282184511734286048 96.097949812445065731 96.829309012544555912 97.488061942581836661 99.103471818349248679 nan nan nan nan nan nan nan nan nan nan nan nan nan nan nan nan nan nan nan
nan nan nan nan nan nan nan nan nan nan nan nan nan nan nan nan nan nan nan nan nan 90.80411463377171799 90.145916190164015802 90.04241123470174557 89.68314037189779242 89.287976637553384762 89.246799543880484862 89.130950235419803107 89.297602480917774415 90.227080140807032649 92.884289007031355823 95.886484166752424585 94.316410026087069696 93.746401050979542902 93.867800060439336107 95.424487900810689212 95.390434059968924885 95.372468914293321518 95.516971821752406413 95.585229470187627498 96.206735023089450465 97.06641007556753209 97.775628146408536168 nan nan nan nan nan nan nan nan nan nan nan nan nan nan nan nan nan nan nan nan
nan nan nan nan nan nan nan nan nan nan nan nan nan nan nan nan nan nan nan nan nan 90.822601951265994558 90.510501736750981649 90.385173093724091586 90.123933533504995808 89.733134130536711837 89.607781518787618324 89.46938382480590235 89.888217525259278773 90.959296908530063774 92.980586826827106961 96.647118424411985416 95.564720910233333484 94.791929206373737316 95.458347804759384303 97.09699294445404405 96.549004489142092211 96.350461896368202019 96.19789693798283281 96.123717501239369199 96.601511784369051838 97.612566446994378566 98.276730908150000232 nan nan nan nan nan nan nan nan nan nan nan nan nan nan nan nan nan nan nan nan
nan nan nan nan nan nan nan nan nan nan nan nan nan nan nan nan nan nan nan nan 91.351104503570638826 90.986714670989073284 90.877110099750112227 90.746590285045897417 90.460466798271099265 90.156076562380633277 89.96954468643852465 89.852322956161202683 91.211931002657706813 92.85718845319247805 94.236650758896260527 96.2583315203790022 96.900962983190993327 96.195628420660767688 97.833259819703556559 97.951886329616655757 97.19901689349200069 97.564429571208179937 97.183772774801596483 96.753504752811835488 97.203197903064562979 98.154073106944807137 nan nan nan nan nan nan nan nan nan nan nan nan nan nan nan nan nan nan nan nan nan
nan nan nan nan nan nan nan nan nan nan nan nan nan nan nan nan nan nan nan 92.097760261307996643 91.368684643739882745 91.22961188919163078 91.132203377090092999 91.037858851087605672 90.751362401880271591 90.512223395359342248 90.391991523661133101 90.352604008211599762 91.859666904746575256 92.930409955548853418 94.12601667040537734 95.026857768608522292 95.515690645130703729 96.663519715165563184 97.378523733525369721 97.927377373883956579 97.777645427663017585 98.449695724528879737 98.110966192904967897 97.51299735951504033 97.942324136181341032 nan nan nan nan nan nan nan nan nan nan nan nan nan nan nan nan nan nan nan nan nan nan
nan nan nan nan nan nan nan nan nan nan nan nan nan nan nan nan nan 94.367241101621218036 92.79214029892530391 91.972404550829224945 91.657634459952731731 91.594037566720373889 91.376072181711350595 91.328063068504221178 91.100961840124142554 90.898469297671098843 90.899098293129043213 90.86884160302939506 92.26393775069664116 92.917003714671523085 93.786133082637249458 95.437036559573144245 96.153631699448439463 95.780038191084145183 95.917706383926102376 nan nan nan nan nan nan nan nan nan nan nan nan nan nan nan nan nan nan nan nan nan nan nan nan nan nan nan nan
nan nan nan nan nan nan nan nan nan nan nan nan nan nan nan nan 95.49580363625823054 94.03465182679022405 92.699917042463042094 92.154463902890597637 92.087354770850879504 92.016681158262215945 91.740288985393519283 91.563721364887840082 91.383750254705745419 91.288314225951154413 91.350848524644888471 91.358411873411654369 92.253386945784001227 93.819265199803908217 94.133604548509225651 94.689114330966788202 96.285920475721624712 nan nan nan nan nan nan nan nan nan nan nan nan nan nan nan nan nan nan nan nan nan nan nan nan nan nan nan nan nan nan
nan nan nan nan nan nan nan nan nan nan nan nan nan nan nan nan 95.38049151939672754 93.621519358886374107 93.02536843449229309 92.770349268414108224 92.541676201316079187 92.436417427852276774 92.185540269735824381 91.830050119977613576 91.517302938323680905 91.587696357217836862 91.762943049769290838 91.916533171251728618 92.322831322857240366 94.137896724648228997 94.044463422013805598 94.86740538211108742 nan nan nan nan nan nan nan nan nan nan nan nan nan nan nan nan nan nan nan nan nan nan nan nan nan nan nan nan nan nan nan
nan nan nan nan nan nan nan nan nan nan nan nan nan nan nan nan 94.87351469982910146 94.027647026631399285 93.980258028868391307 93.709937293620953369 93.218340908173857429 92.961605761403617976 92.775517351646115571 92.761372252861505672 92.753774059761141757 92.530919862597230008 92.213809150800685188 92.554826177978185342 92.78095940680528031 nan nan nan nan nan nan nan nan nan nan nan nan nan nan nan nan nan nan nan nan nan nan nan nan nan nan nan nan nan nan nan nan nan nan
nan nan nan nan nan nan nan nan nan nan nan nan nan nan nan nan nan 95.027535876521355362 95.370473670878553207 94.688220044176077295 94.210782141803250056 93.724038431534722804 93.522084802571868067 93.47364676302433395 93.760265257576818954 94.173263546291238413 93.099315452102104018 nan nan nan nan nan nan nan nan nan nan nan nan nan nan nan nan nan nan nan nan nan nan nan nan nan nan nan nan nan nan nan nan nan nan nan nan
nan nan nan nan nan nan nan nan nan nan nan nan nan nan nan nan nan nan nan 95.758700765390841525 95.718126304707482177 94.879284893683447422 94.974919696697782001 94.956964679830846876 nan nan nan nan nan nan nan nan nan nan nan nan nan nan nan nan nan nan nan nan nan nan nan nan nan nan nan nan nan nan nan nan nan nan nan nan nan nan nan
nan nan nan nan nan nan nan nan nan nan nan nan nan nan nan nan nan nan nan nan nan nan nan nan nan nan nan nan nan nan nan nan nan nan nan nan nan nan nan nan nan nan nan nan nan nan nan nan nan nan nan nan nan nan nan nan nan nan nan nan nan nan nan
