results/rofental/precip_month_2020-02-01T0000_2020-02-29T2300.asc
ncols        322
nrows        225
xllcorner    622802.488000000012
yllcorner    5178049.378999999724
cellsize     100.000000000000
[rows 140 to 167 of 225, columns 63 to 125 of 322]
nan nan nan nan nan nan nan nan nan nan nan nan nan nan nan nan nan nan nan nan nan nan nan nan nan nan nan nan nan nan nan nan nan nan nan nan nan nan nan nan nan nan nan nan nan nan nan nan nan nan nan 113.60756799314168575 112.94855765023184802 111.14999431662798202 109.15965264329354056 107.65703582730201049 106.22098649029649664 104.90016743408152422 104.39532484914951738 104.0622061756850627 103.25072053112295123 102.15419434276570598 101.18142173223964164
nan nan nan nan nan nan nan nan nan nan nan nan nan nan nan nan nan nan nan nan nan nan nan nan nan nan nan nan nan nan nan nan nan nan nan nan nan nan nan nan nan nan nan nan nan nan nan nan nan nan 113.53039345004239635 112.68649354961090125 111.88431176641132936 109.90210612495076248 107.74990622504890325 106.68476724537046607 105.27911471916105768 104.26999131119725917 103.84150077389256239 103.33348558828575392 102.56452086063944762 101.36469007755437133 100.17151762698618711
nan nan nan nan nan nan nan nan nan nan nan nan nan nan nan nan nan nan nan nan nan nan nan nan nan nan nan nan nan nan nan nan nan nan nan nan nan nan nan nan nan nan nan nan nan nan nan nan nan 112.44804339075984956 109.85413951955132461 108.84837448752917055 107.83614460626486675 108.42378661478025492 107.53780709756573231 105.91612493889407176 104.22811972874993103 103.13207445608081514 102.42972434963721184 101.69978206014502575 100.91331894654237544 100.00124904792978953 98.90549845161810083
nan nan nan nan nan nan nan nan nan nan nan nan nan nan nan nan nan nan nan nan nan nan nan nan nan nan nan nan nan nan nan nan nan nan nan nan nan nan nan nan nan nan nan nan nan nan nan nan 110.14401027208313621 108.62090208248018541 106.19463556680516092 104.66737094345209869 104.20680353602773494 104.26747355304617315 106.11356544167259131 106.10281472190860086 103.67868677058075377 101.91131356864555357 100.92636907965174942 100.25289641959879816 99.330739319263429365 98.122700316787557995 97.078548609100792532
nan nan nan nan nan nan nan nan nan nan nan nan nan nan nan nan nan nan nan nan nan nan nan nan nan nan nan nan nan nan nan nan nan nan nan nan nan nan nan nan nan nan nan nan nan 108.74825924950248179 108.30092175431441603 106.97664776259684061 106.47614529233770497 105.53668255802134013 103.59921549741076774 102.26400663439862626 101.39248465885954431 100.98376529884889408 102.25765185259595569 103.51928873846593149 103.33072936221758198 101.99891803593584427 100.60786253190401851 99.621475837685764532 98.7290293817276563 97.990262605818216457 96.90391616597725033
nan nan nan nan nan nan nan nan nan nan nan nan nan nan nan nan nan nan nan nan nan nan nan nan nan nan nan nan nan nan nan nan nan nan nan nan nan nan nan nan nan nan nan nan 105.18354746749351136 105.617271043326582 105.74431746702884993 103.98316380836261885 102.94965090353402104 103.07109801255292325 102.39393395463274317 101.05087123979818386 99.612405230708418458 98.88398643939996191 98.624070090492651275 99.240542579013435898 100.42376857751658292 100.7739054892790449 100.6023803363623017 100.12044592513429109 99.297468571758258804 98.167967630295834169 96.740383068027171021
nan nan nan nan nan nan nan nan nan nan nan nan nan nan nan nan nan nan nan nan nan nan nan nan nan nan nan nan nan nan nan nan nan nan nan nan nan nan nan nan nan nan nan nan 102.46862705804112181 102.60061925312881215 101.92755321885711339 101.6983697402922644 100.29728042344608241 99.704414271817256576 99.076766568292740089 98.829832698822116299 97.900866403649814629 97.344229869396940558 96.731919866989585444 96.113667640047765417 96.465507366474739115 97.163272256217481981 97.371341919096749962 97.361835275641311682 97.339530028777900839 97.234667003375008676 95.783466975389430331
nan nan nan nan nan nan nan nan nan nan nan nan nan nan nan nan nan nan nan nan nan nan nan nan nan nan nan nan nan nan nan nan nan nan nan nan nan nan nan nan nan nan nan nan 102.15500391059809715 101.29375769213704928 100.43950303702349913 99.529476801439187739 98.883885465933374803 98.489624321991584566 98.020018686882679049 97.592462666922941139 97.025046944763701617 96.440989342559007014 95.959266557382207452 95.195442581690656425 94.426777264465513895 94.003149719867508338 94.052443661389318663 94.607439693879683773 94.446209007423163939 94.464870462955204289 93.218120189291127531
nan nan nan nan nan nan nan nan nan nan nan nan nan nan nan nan nan nan nan nan nan nan nan nan nan nan nan nan nan nan nan nan nan nan nan nan nan nan nan nan nan nan nan 103.8360431036122975 102.3949325325805404 100.54690513898614768 99.526206577572480683 99.06910928320310461 98.574971463930168625 98.079159056154693985 97.637293318753620497 97.229155518146527015 96.737602212355369602 96.17801191207821887 95.593937016141524055 94.845007540346642827 94.124418148657511551 93.525136262664631204 92.775429367918974322 92.139608535496037689 91.301637932344988258 90.700644712725747354 90.252048433540693395
nan nan nan nan nan nan nan nan nan nan nan nan nan nan nan nan nan nan nan nan nan nan nan nan nan nan nan nan nan nan nan nan nan nan nan nan nan nan nan nan nan nan nan 104.72920193381114018 102.99097216012197009 100.5876473264310107 99.208797917086414486 98.758792305207776963 98.297400694458943349 97.787746282257984376 97.435444559093880912 96.928188795094953889 96.249526111831002595 95.566072807922552101 94.985456852732568223 94.284337708396151356 93.548978407767847898 92.792726519361451665 92.21686544724937562 91.28576114472127756 90.472784478874174852 88.975123779337707219 87.93136703469875215
nan nan nan nan nan nan nan nan nan nan nan nan nan nan nan nan nan nan nan nan nan nan nan nan nan nan nan nan nan nan nan nan nan nan nan nan nan nan nan nan nan nan 106.4428354952851663 104.91275176151557957 102.39357346335387433 100.72658633992716659 99.407330713951779444 98.739930527386988501 98.311594271043304616 97.79347653457959666 97.613748711172775074 97.048148057532543476 96.237863030909338136 95.424843190291298356 94.609704173659494586 93.688564199464195781 92.477350450358514422 91.062795661057805319 89.846715887878858098 88.889530665995195591 88.01898284436282438 87.445165328672828764 86.860256584666203139
nan nan nan nan nan nan nan nan nan nan nan nan nan nan nan nan nan nan nan nan nan nan nan nan nan nan nan nan nan nan nan nan nan nan nan nan nan nan nan nan nan 107.39101522299816338 106.82605273379766686 104.47073083958289885 102.91380684621570651 101.39347723184997108 100.12286027335690619 99.509274906366044888 99.1103622028261384 98.47402713985667333 98.158701140982728361 97.58901951093343996 96.87410700248626938 96.027526116751857899 94.934795528423734368 93.456144708936719212 91.630887455260435104 90.330474230746801823 89.094410856198535953 87.497649661035069357 86.679554037070559502 86.19141551985364913 86.218064493704446249
nan nan nan nan nan nan nan nan nan nan nan nan nan nan nan nan nan nan nan nan nan nan nan nan nan nan nan nan nan nan nan nan nan nan nan nan nan nan nan nan nan nan 106.39587023811861854 104.35654817157745811 103.11599520472364588 101.77172788682699434 100.43897638025816832 100.12701289439206676 99.971859501627420741 99.564010169083672963 99.620136026574755306 98.636727543994751954 97.813017307105667442 96.936223228740118429 95.853565265912948234 94.207265642124212945 92.12009514436606139 90.134953194597471793 88.492319319262691124 86.791041867016886613 85.428070647313106178 85.659810278169203457 86.0068474857015417
nan nan nan nan nan nan nan nan nan nan nan nan nan nan nan nan nan nan nan nan nan nan nan nan nan nan nan nan nan nan nan nan nan nan nan nan nan nan nan nan nan 108.93812311087532407 106.69957971915803796 104.91890538538945066 103.87777809960266495 102.46462421837959766 101.14071376483634879 100.94819917178462276 101.03402692085141723 101.04353388158821758 101.16517434646598872 100.34050033844634697 99.763802442836322371 98.638223854144158054 96.454273823840750879 94.390816881494060908 92.029620710131140982 89.685758838158349704 87.696074426455325579 85.895884427308189402 84.990418737697481788 85.421561465174079331 85.703250944134765632
nan nan nan nan nan nan nan nan nan nan nan nan nan nan nan nan nan nan nan nan nan nan nan nan nan nan nan nan nan nan nan nan nan nan nan nan nan nan nan nan nan 110.34741367106906296 108.36324828024402223 105.77856600594682845 104.41043802756882997 103.06922592421193485 102.16508233934133898 101.9174248131792524 102.63673514732732883 102.26430747346844896 99.443575024670167295 97.823349893089329044 97.742418618589312018 96.585566457564723919 94.755147044258833944 92.992775908492205872 90.766148673077807985 88.350379382723588151 86.264499977637427719 84.598782895734217391 84.692497349444380461 85.01339696279553948 85.27834554248538268
nan nan nan nan nan nan nan nan nan nan nan nan nan nan nan nan nan nan nan nan nan nan nan nan nan nan nan nan nan nan nan nan nan nan nan nan nan nan nan nan nan 111.36197957123741276 109.82794290277227844 108.04427474748619886 105.48888828667656981 103.47189982702826683 102.79938652294283941 102.94928996086619577 102.10949772269741231 99.354849375766605135 96.597738200579783552 95.480489105280156537 95.035345052716891701 94.601555783453576964 93.137125670469174565 91.010486264671669687 88.885527521339511736 86.766563145474989938 84.680313097806120481 83.928846415804869707 84.235281092465200459 84.474180843599100399 84.790198048753069315
nan nan nan nan nan nan nan nan nan nan nan nan nan nan nan nan nan nan nan nan nan nan nan nan nan nan nan nan nan nan nan nan nan nan nan nan nan nan nan nan nan 110.84153473673643475 109.94211344433036004 107.91328097811886266 105.66302089523716745 104.20739901355484847 102.7130411127984928 100.78606695070834576 98.895144894031020044 96.61299771310089568 94.555559161646584698 93.173080021187814737 91.960688189732039177 91.567315812304983069 90.73397692588817165 89.582253658748186353 87.760498100016732792 85.558592679460048203 83.387784668909631591 83.432311494359765902 83.682055807267900605 83.961893003923634637 84.236272769943923322
nan nan nan nan nan nan nan nan nan nan nan nan nan nan nan nan nan nan nan nan nan nan nan nan nan nan nan nan nan nan nan nan nan nan nan nan nan nan nan nan 109.64562575693042845 108.93940698660544797 108.00016887779798935 105.70924317845839369 103.68100612762367518 101.65552791151002054 100.01987922081575277 99.046764874664035005 97.397678993739589259 95.358641397117793304 93.218168774585407732 91.217674529512621007 90.06366931046970592 89.320561705038116429 88.521413838468660629 87.377287881217611698 85.868872119154346478 83.917258027744253468 82.631133766075578251 82.93004052073723642 83.112041922992474952 83.372698392946546164 83.605785524711293988
nan nan nan nan nan nan nan nan nan nan nan nan nan nan nan nan nan nan nan nan nan nan nan nan nan nan nan nan nan nan nan nan nan nan nan nan nan nan nan 107.19292951416727533 107.20050425295211483 106.82674802767088806 106.04584378693877511 104.4542941644784122 102.49903858106348764 100.57824357906837065 98.939420073444509285 97.887971049868781392 96.505223209923357786 94.573397480982762886 92.712591076655073152 90.96608905469186368 89.199029642376089555 87.736663950658623889 86.727058800362868851 85.674496680061565712 84.063217253877269286 82.140628173683751356 82.205895680164772443 82.407674520459991641 82.546528251882477889 82.725874919323331369 82.833816497665296197
nan nan nan nan nan nan nan nan nan nan nan nan nan nan nan nan nan nan nan nan nan nan nan nan nan nan nan nan nan nan nan nan nan nan nan nan nan 106.66392004527261861 105.28403399567429233 104.64264219790422317 104.58410734500695582 104.41740628424359727 103.99268527772331083 103.30258018948669019 102.24908283230702466 100.38170256623759258 98.571410316811551411 96.938671838730300578 95.356758921161798526 94.047416773960193837 92.39182594603265386 90.790250957540351351 88.835822377801051175 86.891000108788631451 85.605288144612259771 84.087871067910342049 82.132054168724010879 81.461270973195126999 81.695070117928139553 81.788303797805440354 81.917371366182251791 81.995973535869737248 81.963704968411278173
nan nan nan nan nan nan nan nan nan nan nan nan nan nan nan nan nan nan nan nan nan nan nan nan nan nan nan nan nan nan nan nan nan nan nan nan 105.39052880788942446 104.67331896240906985 102.98125682010231685 102.38075800803406423 102.06863620688552885 102.0076576542909379 101.76515348065603916 101.31106312300504158 100.64206845064788354 100.42464232034495808 98.864978573814468632 96.49554465721728036 94.46020118913048691 93.088733540518234122 91.489058225674384062 90.228978534414494561 88.240412832104212271 85.73662201068677291 84.295680201861458158 83.022949309558470077 81.254220636764017627 80.930687967574527875 81.013676375540597974 81.14747972898918249 81.268121856411326576 81.208982379970038323 81.123291366300264826
nan nan nan nan nan nan nan nan nan nan nan nan nan nan nan nan nan nan nan nan nan nan nan nan nan nan nan nan nan nan nan nan nan nan 104.33202823694664119 103.37330956348591826 102.80212272816930863 101.85963159542761503 100.78942927311199185 100.34473470643285964 99.872433590337038822 99.735615882929792519 99.55568811779416194 99.298951964192482933 98.674424396546626781 97.803560375811784411 98.215770759555425684 97.374762584177886993 94.964448995546334231 93.020542776706676591 91.360165867226967862 89.605463789819609133 87.646650893624496348 86.439433087306156267 84.337125337947767889 82.460721616265047373 80.318322103151956526 80.360257593533631848 80.483958916942384576 80.652521107026998948 80.639503343724044271 80.4198185893877735 80.430617103345170449
nan nan nan nan nan nan nan nan nan nan nan nan nan nan nan nan nan nan nan nan nan nan nan nan nan nan nan nan nan nan nan nan 105.6659279900515287 104.90993283851457818 103.23375629628957029 101.92992407589576942 101.11329828739782499 99.762311142426639776 98.777776246186405729 98.280186377623309113 98.036325308646894428 97.646160775955721078 97.335975669412192701 97.039955673720641016 96.380274929820544116 95.573264632522253237 94.578018488717688683 94.532871664632466491 93.717828074789537141 92.562301738014824082 90.988457455319490919 89.711169763594369897 88.525761634267396971 86.821131845608007893 84.588714250176849418 82.412467918535611489 80.208169634299395057 80.377115482414765779 80.185378304653539772 80.19221237893559362 80.049635809806517273 79.694619116088134092 79.636540094176254456
nan nan nan nan nan nan nan nan nan nan nan nan nan nan nan nan nan nan nan nan nan nan nan nan nan nan 118.94496983033050697 115.95654556366942245 112.89997831850483578 110.10974492569567929 108.19036657530695322 106.20065052146121332 105.04921517855885327 103.719302545728425 102.26555851882517345 100.72503932681594563 99.683564121249673917 97.887062248528820874 96.767308233983172272 96.312458093006597437 96.163673363205788291 96.165220551553403538 95.781789561627789453 95.286233116973320989 94.171418234403873271 93.218259533480221535 92.051420567391005534 90.913317717197969614 90.670318640560836343 90.450967337881309049 88.82632159947726791 87.787709900534053986 86.646496606571290044 85.123422909607370457 83.528877995779225785 81.462765892870123707 80.347683447499449017 80.051132582837041696 79.700262786680426075 79.605254403469260183 79.401963841481673967 79.026257595981533655 78.833905566222910011
nan nan nan nan nan nan nan nan nan nan nan nan nan nan nan nan nan nan nan nan nan nan nan nan nan nan 118.7287147129715521 115.08892124061431161 112.30024803403540545 109.16396409163765213 107.27345362654483552 105.6701506788492253 104.20242228268769225 102.64654827621811251 101.44171611296502533 100.03506338033513146 98.54815179534024594 96.610828932613173947 96.045843454810807316 95.509243252695341653 94.782082992005541655 94.317673588930404094 94.108328537811459569 93.609559862456038104 92.526167128166179054 91.436066037131624284 90.374151308984053799 88.898717454371791291 88.256265245332556901 88.217600556344891061 87.316513223441234004 85.875007052551794118 84.684725298155527184 83.143282615090939203 81.751453372960966703 80.390239497521449152 79.935811650860259192 79.364308213446037144 79.01081212554068145 78.80909601026586131 78.510179337176708714 78.081078169135622602 78.164020715104243209
nan nan nan nan nan nan nan nan nan nan nan nan nan nan nan nan nan nan nan nan nan nan nan nan nan nan 118.7090120667318871 116.04110939807276281 112.96214745244461142 109.66020598059621705 107.11543324605291616 105.18679378031373517 103.64540876868990438 101.97487188864317886 100.44768651559307671 99.523627691247284588 97.984948039034051703 96.207956508422356023 95.384545464177364238 94.580364424966788306 93.642356579063260824 92.932911773314231141 92.364878226481962997 91.702278683255912028 90.749475549575691957 89.554396580116389259 88.295642350022617961 86.904553471691372124 86.19416569255835725 85.877327587815614152 85.084028411510871592 83.78674386413058528 82.370646186439600456 81.139355764025168583 80.56310504062560085 80.031327573114722895 79.259306764113816257 78.598973677821106776 78.189951843361498618 77.803639048150415647 77.347870715120265572 77.045031981790870645 77.512434659496619815
nan nan nan nan nan nan nan nan nan nan nan nan nan nan nan nan nan nan nan nan nan nan nan nan nan nan 118.04980486058988731 116.90889809941998578 114.00411906645921079 110.01995295109483664 107.55810977038861154 105.42786976553730938 103.02299581981885979 101.06905756608671254 99.635360473691022776 98.722922997136350887 97.622785379610419909 96.154323103271067907 94.35260448076105888 93.510109110849995773 92.836910018541345835 92.163697337784597607 91.275558279014788354 90.528821346434270367 89.225012094104727112 88.132089098221598533 86.768266610382511317 85.453910680114674392 84.649291995545070222 83.962898309938381658 83.275318684383790924 82.272831149875798928 81.271461079328503274 80.551852102362445862 79.955050029420519309 79.206476322336826001 78.4489960113123459 77.832301516840345812 77.255739546955751962 76.673425580290839321 76.124859816856499606 76.284989604130515772 77.058164623748325539
nan nan nan nan nan nan nan nan nan nan nan nan nan nan nan nan nan nan nan nan nan nan nan nan nan nan nan 115.60927302883150958 112.17812006572694372 108.49269974550738027 106.39397215414584252 105.10493570704400668 104.18453896849121065 101.51530707185001745 99.321439604591134298 97.663458451022833628 96.820924788455684507 95.769565036634887178 93.883309512581590184 92.58632046690865991 92.240673100401835427 91.616935160823530282 90.779947739565017173 89.830481924074348399 88.614014331507078737 87.287855471043073408 86.165175558157443447 84.93901197030875494 84.075232551121757751 83.382185053164135979 82.644702609459542941 81.776090073738899378 80.760527435127769991 79.919967163246809605 79.165501393771236849 78.386357551477232164 77.671549957875598125 76.976892431587003784 76.278824445520740483 75.465717589942258314 75.528592435000049932 76.390869714172978888 77.345118590960936444
