results/rofental/precip_month_2020-08-01T0000_2020-08-31T2300.asc
ncols        322
nrows        225
xllcorner    622802.488000000012
yllcorner    5178049.378999999724
cellsize     100.000000000000
[rows 168 to 195 of 225, columns 126 to 188 of 322]
247.87117130540147514 248.60838575669271222 249.44448344507310367 250.39340514265185789 253.25409069673077056 257.34407359648952252 256.79353598071219267 254.11160075629220501 252.73298400202565972 252.89622737877425607 252.33603929891089024 251.20513029038556851 250.60037262926755375 249.49552060231278006 248.4279603634310547 247.95314040098304531 246.72027728390537504 246.26129862504060952 245.25185314093158695 244.16691731183018987 243.03425906080036611 241.83477587203020676 240.51672597235452145 238.02841838998224944 235.25707704173655088 232.52870912556718963 230.44111363949582483 229.81106369910804688 230.42207128660595572 230.75186650415710687 230.60616839010853596 230.0046945122030877 230.58535110107874289 231.99414504053675046 235.30375088450293219 237.13168326239630801 239.13231010551135114 240.03824151885362426 240.64671362579500169 241.41550048555731678 243.58655428254562025 246.3546244656901365 248.77795195738622169 249.82806490205342698 250.45941820447350779 251.8982294243245974 253.41875885572977722 253.9992028057151856 254.16875022581180588 254.49394895489922419 254.89758631093562258 256.58157146023654605 261.70985222617053978 267.6493173585150771 nan nan nan nan nan nan nan nan nan
251.8586390008061926 251.63362126743223257 251.21574123783997834 251.84023094540461329 253.94025282795681164 nan nan 253.90252253538227478 252.73221889836952414 252.54114770875941076 252.44776657689743615 251.44466894571792182 250.34952720818415628 248.69345633983044763 247.61052402516608595 247.07013500778319326 246.50584973065156191 245.97796658300177342 244.53828773599863666 243.70438326692584496 242.92017089454606094 241.32529735319621977 239.12208827046373472 236.06206945591179647 233.52725253807983563 231.44904183924560925 230.27821611197413176 230.80151438000339681 231.20171775767093436 231.68044169175701086 231.46971329231615755 230.84798371263008221 231.7343563094858041 233.60261300013533514 235.72523748457462034 237.65481721428506034 239.41788186266012417 240.91381047563558582 241.44606002869383587 242.73230080239184758 245.57918925383373221 248.34208608855109901 250.13966044987250825 250.81636774458726791 251.38444064003763856 252.73111324855923954 254.03924576929574641 254.75050522341237524 254.8382121274320582 255.39530050783810111 255.86881755527068094 257.56442390542468956 261.91019023426525791 266.91679003898474321 nan nan nan nan nan nan nan nan nan
254.92278977662218153 254.06244620428793723 252.94145605219421213 253.53129906678748284 nan nan nan nan nan nan 252.3531939789191938 251.0010480404282589 249.48739080328326168 248.34470827640419088 247.44521071873697338 246.78854621147925741 246.33495240752645827 245.71234004465927114 244.67889785053597507 243.55738630106154119 241.38020045984117701 239.03460602112298261 236.6704824993673526 234.24176026939662165 232.25001827517920105 230.65582431007445052 230.94998736824723551 231.80401952006272381 232.07876288172940349 232.54314801603396745 232.27367005117704934 231.92343467281489211 233.28492020965211395 234.79268091378395411 236.59085939926029596 238.23274163959618477 240.48721332179368915 242.2292151827262785 242.93793173676752417 245.00177422060818344 247.86150227924454725 250.19021659595748019 251.20708426729473217 251.45022263657969575 252.48712941921635888 254.22087419892207549 255.20364908971822615 255.44645475992365391 255.40129233691934019 256.11177254709923545 256.85961092132708927 258.01570197507169269 262.99558768622608795 267.34474225635392486 nan nan nan nan nan nan nan nan nan
256.15601973402681324 nan nan nan nan nan nan nan nan nan 251.90846046635815014 250.08502504113909026 247.69792756364648767 246.68846689170965192 245.9632607012421488 245.23263488392711906 244.51567321499990726 244.16120933252494751 242.82052409278009009 241.31002512241093427 239.48244860106089504 237.32026180933135606 235.01209759934931753 233.03423714166089553 231.84758393732408877 230.82534134125029368 231.83956962791447154 232.65433040918901497 232.94575721522116396 233.28405922392747129 233.19552755464010829 233.11761278602125458 234.95198023555863642 236.44492833163408818 237.86762040307144161 239.43020724916559061 241.36573173713699703 243.95809599676505286 245.53903514767225147 247.91743323745976113 250.18054249567256875 251.60505499499458892 252.02985106764157308 252.87863503132015808 254.45186988453772869 255.48013901813246207 256.1079991809421017 256.10699035646541688 255.87192584292571951 256.50353965589772542 257.41072677686122461 258.68590949108198629 260.66701112587651323 263.97613992024753315 268.51059646793345337 nan nan nan nan nan nan nan nan
nan nan nan nan nan nan nan nan nan nan nan 248.56420137315865304 245.89939012527261752 244.60903609032689587 244.0874561432883354 243.51013880016211033 243.42776670310740883 242.49586285093479887 241.37055055481826571 239.68110196605840656 237.60357697117899534 235.4192097851693859 233.62876916538388627 232.0522717529921124 231.65357764583006883 231.61390492891143822 232.56477674308277415 233.38011148241045589 233.72651905409520623 234.08302400349057848 234.33245939201913188 234.48462990266369843 236.39334500253281135 238.31513906419078808 239.4360312230646457 240.51439721496728907 242.99576342410458096 245.7692664453687712 247.9664192682753594 250.42884863276114515 252.24281891370151243 252.88326518702592693 253.87165366012672507 254.80048641101592466 255.5437612506223104 256.19241956637699786 256.68906447576245 256.65735591601219312 256.89108187656012205 257.2660074199265523 258.05453810992173658 259.23341391853131199 261.17321937642668672 263.83718369870160814 269.56598059066493533 nan nan nan nan nan nan nan nan
nan nan nan nan nan nan nan nan nan nan nan nan nan 243.55440730848309272 242.58238375316170732 241.67907884948024844 241.08308496136319832 240.3119218189099513 239.34472319175054622 237.61769894451700225 235.69649502389327722 234.02638117585181021 232.5447356016549918 232.17249017615699813 232.39935082787960141 232.44901786199986304 233.25545906039081956 234.06847878966379994 234.47991599789438055 234.97460681612716371 235.53143111754704364 236.15924422634608959 237.82317735565285943 239.41083070935133037 240.80575436191051608 242.16312875679645344 244.85578875363898987 247.79254575159586693 250.30783617689195353 252.06601765444798957 253.26115609547900931 254.10215974941726813 256.08685401503049661 256.07196592368364918 256.54381946603490405 256.91848482617263016 257.18633866020655887 257.4229972389095451 257.8777863060683444 258.32872191976082377 258.87708401259237689 259.74130840167066481 261.90299037605296917 266.58045010470857505 269.60950490668136581 272.24270217583364229 nan nan nan nan nan nan nan
nan nan nan nan nan nan nan nan nan nan nan nan nan nan nan 240.33347352630934779 239.14990381944721776 238.49646288824197882 237.30730120918826742 235.88398648512020372 234.19664550584806761 233.08986282364006115 232.66337783016024332 233.15581749197247063 233.21042381317511172 233.04884186411399583 233.77220729454438697 234.69354520878442827 235.25046998864235093 235.84140277245188599 236.96338780373505983 237.95700308430843961 238.99037051071852034 240.1341472106295214 241.61382576739296724 244.13098565430641429 247.60372600561041168 250.45595612135107899 252.41013674875267725 253.57491707382902746 254.46481898134720723 255.16942055604570783 256.25566989356480008 257.52380465145796506 257.57021465373685487 257.93657966593821129 258.0767151288927721 258.26197370244625517 258.47709649873218041 258.81968684861692509 259.48952790898022158 260.51773474383810481 262.81185365313621105 268.49294246428291899 270.80607744465487485 nan nan nan nan nan nan nan nan
nan nan nan nan nan nan nan nan nan nan nan nan nan nan nan 239.40877927231724698 237.86527920195749175 237.2417997766213773 235.8167989550028949 233.89844433990077732 233.09355914519693442 233.0008520055430381 233.46445405478391422 233.82093383112285778 233.85066210964973266 233.60345435953479409 234.28221457986646215 235.37666162897380673 236.24448955682242968 236.99819503324832226 238.80401763592837483 239.65858391001432892 240.48720118136728274 241.28253379438845627 242.32981919887913591 245.48057564421310417 250.92649002208727893 254.30020271457561876 254.04271813757466703 254.83220764957022197 255.83378800352309668 256.58120647292878402 257.11900360201133253 259.05570552397659867 259.13219936514281017 259.42066153359769487 259.40998565967566947 259.19160647316596169 259.36153767359087396 259.64176267697604317 260.25597301175275788 261.5182431330262034 263.90430086210221816 267.95924788594680876 nan nan nan nan nan nan nan nan nan
nan nan nan nan nan nan nan nan nan nan nan nan nan nan nan nan 237.21565377800584429 236.30573737393365263 234.8341157677420199 233.3450771292739887 233.12296580810485125 233.77283650459628461 234.13220642866497201 234.46085426748851432 234.43228998229628246 234.29485277843807012 234.91103148311566429 236.14691353832029108 237.38206357087591414 238.59937406283788164 240.47092385536197412 241.25393904422688252 241.88276080575539595 242.46125849827771503 243.10412055161052081 246.72026049356111344 251.83249571703800029 255.7130666288245493 255.51601685746481962 255.98232047416033197 257.09052254248575764 257.86336606331303756 258.41446137318740739 260.08351065400273683 260.04523140767673794 260.15973926262142868 259.97284900025795196 260.23558169915060034 260.48838168703019846 260.86125559809437391 261.4493401796732428 262.58562326641089157 265.27094883224634714 nan nan nan nan nan nan nan nan nan nan
nan nan nan nan nan nan nan nan nan nan nan nan nan nan nan nan nan 236.04454703259290227 234.76260171908705843 233.55815546458100584 233.62367259637917982 234.30761068902981492 234.80238206091507891 235.08070056036294204 235.15543285023701969 235.31331680854864885 235.99089679287575905 237.37640413946655826 238.38942710008171844 240.02521235546021217 241.40009994519303405 242.1637012163805025 242.82850941877424589 243.47274950388293746 244.46080134633587022 248.75154463583152165 252.15448569672653889 255.82223001883571101 257.40505587018594724 257.46737806517194258 258.21880696175503545 258.92287415552721086 259.44723574281766787 261.42006343937146084 261.32981527896021134 261.33854850222070354 261.3647474894466427 261.2578116492686604 261.50635178208847265 261.88956658772610808 262.6154444809859001 263.66837564121811965 nan nan nan nan nan nan nan nan nan nan nan
nan nan nan nan nan nan nan nan nan nan nan nan nan nan nan nan nan 235.60650862575144515 234.60433349377780132 233.80528208992774353 233.87624089327104571 234.58677441668911001 235.22164012718715753 235.80880830884618149 236.22242254064141775 236.5937543656182811 237.00859582972233852 238.44137371347824228 239.67972614886809879 240.74769984207935636 241.86063501451266688 242.74294512421960235 243.73099408565829549 244.9225692983142153 246.04899859770338821 250.73564358532888718 254.33190775883943502 256.97459935406868681 258.86091103296206484 258.90177562657294175 259.44159045876904202 260.13716573418054168 260.66980699232851748 263.32905882238526374 263.20643771783454667 263.41891296094524932 263.34151059741896006 263.37405777808447738 263.1947576736261567 263.02619737597922267 263.45609324041964783 264.71266661289047306 nan nan nan nan nan nan nan nan nan nan nan
nan nan nan nan nan nan nan nan nan nan nan nan nan nan nan nan nan nan 234.24340886622746893 233.84109483564114385 234.07611759113029848 235.05524283296128374 235.93464007356541856 236.68750086070087946 237.59183774902103892 238.01008655958452209 237.78436726609240282 239.14307012740457026 240.48121055130945933 241.11914526196034103 242.28653530615989098 243.03020818942070491 244.21435902373806925 245.95389000500884435 247.53536154844283601 249.35289122476999069 253.4670183420145122 257.66810618791475918 260.03567487678134285 260.58614051912985587 260.72793896092679233 260.92288861775813302 261.68529779698911852 265.23877287527710678 265.61150921292488647 265.61337483964996409 266.72044072972653339 266.59129967829596808 265.49711467982371005 264.41827781736265024 264.36651467009721728 nan nan nan nan nan nan nan nan nan nan nan nan
nan nan nan nan nan nan nan nan nan nan nan nan nan nan nan nan nan nan 234.00708601807221498 234.26941286116820606 234.95309631524244764 235.6501694978587409 236.80011734241415411 237.91794474469767806 238.66333954564669284 239.00209104203921129 238.81022834091666596 239.55113672615098608 240.50869344546256912 241.3207701345069438 242.52716394284098556 243.53029523734767281 244.85605043456962449 247.42499799377384306 249.01958540014177856 250.29554621247166324 251.26893503076544789 254.19371371996683706 260.29337561900211995 262.07696029849699926 262.01656806387887855 262.23638897630974043 263.2431911798317401 267.84335130739651731 269.14510104823239089 270.59194391589710449 269.97275424133488286 267.0990372308925771 266.0188016749034432 266.05504773123675477 nan nan nan nan nan nan nan nan nan nan nan nan nan
nan nan nan nan nan nan nan nan nan nan nan nan nan nan nan nan nan nan nan nan 236.15061950905570143 236.68195230963470976 237.71367931442549093 239.10299173718104271 239.97222886406976272 240.35698574371957648 240.19652676071970632 240.22443116652959816 240.91199895656990293 242.57458179355489847 243.5779355856131474 244.68665362683833564 245.97141648995241781 248.87971143862876033 250.78276910968958191 251.5934146636498383 252.3884363473601411 254.39984846638017757 260.27731022988280074 263.20431128964850132 263.71175648584380724 263.90633867039497318 265.1965910520664238 269.80211493745264306 273.93848714252374066 nan 269.51697909256068897 266.66297694214330249 nan nan nan nan nan nan nan nan nan nan nan nan nan nan nan
nan nan nan nan nan nan nan nan nan nan nan nan nan nan nan nan nan nan nan nan 237.55437158213743487 238.36701094762167941 239.01459990556935509 240.22464808051796581 241.18807047992206094 241.51218519875888546 241.60684512581175909 241.43104857910742567 241.91864223087551977 244.01687111596220348 246.27475723343795266 248.35271418816708433 250.65103901458982705 251.56155064613508898 252.37190782525289023 252.34454630248666263 253.82193969014244317 255.43285466444939402 259.11962249667186597 263.11913555610095727 264.86358218006472498 265.44866900766493245 267.99064870094287016 272.15126196483856802 nan nan nan nan nan nan nan nan nan nan nan nan nan nan nan nan nan nan nan
nan nan nan nan nan nan nan nan nan nan nan nan nan nan nan nan nan nan nan nan 239.77199497939247408 240.31467290911501777 240.9774494834846621 241.62871369465486282 242.59576284360616683 242.61230894105759148 242.78916403509288102 242.67173802486237832 243.46167145505341978 247.56190351704935892 251.93771278057937479 253.93536278319356825 254.71445722800476119 253.86436079389432052 253.92943721837332305 253.76214954722556172 255.27249717094449011 257.01810751100344987 259.95537607777100675 262.5680368323487528 264.83744115748947934 266.49326674912583712 268.71179078610884972 271.92284221246575271 nan nan nan nan nan nan nan nan nan nan nan nan nan nan nan nan nan nan nan
nan nan nan nan nan nan nan nan nan nan nan nan nan nan nan nan nan nan nan nan 242.46265757031179078 242.86370697928512641 242.84259087661627063 243.60876572668715312 243.74720789427698264 243.41614610970370336 243.7217554644803954 243.82208867368487404 244.51428008275348702 248.04065442932838437 254.87307971439423682 258.64508504658766697 256.46123143407368161 254.91298388926855978 255.3434682116264014 256.82908055180399742 258.50534941318932169 259.64316678751242762 261.32359571906005158 262.6321541338227803 264.75766087722280417 266.70633391755103503 268.50282363409013442 272.29818896750032309 nan nan nan nan nan nan nan nan nan nan nan nan nan nan nan nan nan nan nan
nan nan nan nan nan nan nan nan nan nan nan nan nan nan nan nan nan nan nan nan nan 245.74677875234840485 244.74162735774859811 244.91487750859710104 244.56804495686682799 244.15654221371721633 244.49171869895428699 244.67485844829391795 245.45027194497328082 247.82024480053445359 253.8003429005339342 260.50000218788045458 257.64191793655385254 256.87208650558005729 257.54549408317927828 261.21701000036580353 261.56249892576545335 261.9404309805835851 262.6569360602281904 263.21326479673416543 264.92515011092177701 267.13412593966569375 269.02794935102423324 nan nan nan nan nan nan nan nan nan nan nan nan nan nan nan nan nan nan nan nan
nan nan nan nan nan nan nan nan nan nan nan nan nan nan nan nan nan nan nan nan nan 245.9512101804301949 245.65094707705310384 245.76017857438324654 245.60034995448236828 245.18097958638813338 245.32436942311107941 245.44576880462014401 246.7348871978875593 249.38865881496712973 254.02863741163940858 262.1066235331588814 260.25841714027012586 259.05601247226195483 260.86017646008849624 264.69494621030332837 263.95844808496542555 263.95116111348761478 264.03895672923982829 264.28965922218662854 265.69311569302084308 268.21022643574929134 270.00145327293995479 nan nan nan nan nan nan nan nan nan nan nan nan nan nan nan nan nan nan nan nan
nan nan nan nan nan nan nan nan nan nan nan nan nan nan nan nan nan nan nan nan 246.9233371317407375 246.47302758331198902 246.57806888450519978 246.65838604825523817 246.42878028562196846 246.17288178272221444 246.17218283480201535 246.32265752317672991 249.56389533647379153 253.4046882142075674 256.69126586520241062 261.32044794981618452 263.06719441437428486 261.99607143567283174 265.8208374604492974 266.46993494972838334 265.29661966789461758 266.45950964885645362 266.06217342837243223 265.5602222952730358 266.89645127823490611 269.27919226683309262 nan nan nan nan nan nan nan nan nan nan nan nan nan nan nan nan nan nan nan nan nan
nan nan nan nan nan nan nan nan nan nan nan nan nan nan nan nan nan nan nan 248.41897847558678336 247.16466746603350657 247.16886613328156841 247.28220689985624858 247.42062417499988669 247.17283221112936076 247.03633606052505911 247.15791586465218188 247.45562294454330754 250.99053014194791444 253.61703670620821072 256.50670949064084425 258.78154270366809442 260.19577672779541899 262.98728264830458556 264.8738309309923693 266.41254969478342218 266.49052768740261854 268.28523114682394635 267.96658881507642036 267.10526727731161145 268.39005462295961024 nan nan nan nan nan nan nan nan nan nan nan nan nan nan nan nan nan nan nan nan nan nan
nan nan nan nan nan nan nan nan nan nan nan nan nan nan nan nan nan 252.95865095691002011 249.86592934379106623 248.38110872147328223 247.97848206827981699 248.12491738524497009 247.9699316745758324 248.1883870109129191 248.04786609499467431 247.97134858599559948 248.32940887166543575 248.63074829065391214 251.91696390174226394 253.65665971794936695 255.8509309828775713 259.68107124667125163 261.55970272206690197 261.16044214029705017 261.82985743688908542 nan nan nan nan nan nan nan nan nan nan nan nan nan nan nan nan nan nan nan nan nan nan nan nan nan nan nan nan
nan nan nan nan nan nan nan nan nan nan nan nan nan nan nan nan 255.4037837831163813 252.51070565753326491 249.9106898668332235 248.98746893429571969 249.08914792474638489 249.20620896723465876 248.91362948426669277 248.84738896183313273 248.78916772119441703 248.9202933576259511 249.39196170196885305 249.75707319363596071 251.98338837465982465 255.61686612224289661 256.63834781602207613 258.16651890120164126 261.87278829099483346 nan nan nan nan nan nan nan nan nan nan nan nan nan nan nan nan nan nan nan nan nan nan nan nan nan nan nan nan nan nan
nan nan nan nan nan nan nan nan nan nan nan nan nan nan nan nan 255.41491749726637295 251.8925034615562879 250.8271273569144455 250.50006370106112286 250.25166221096367281 250.28277636953231422 250.02894094774032396 249.57358124604817817 249.222394519646258 249.68460671520264782 250.37653701646496529 251.03189405145016622 252.2224109134708101 256.36276274554546717 256.51866647438936297 258.59300935127242838 nan nan nan nan nan nan nan nan nan nan nan nan nan nan nan nan nan nan nan nan nan nan nan nan nan nan nan nan nan nan nan
nan nan nan nan nan nan nan nan nan nan nan nan nan nan nan nan 254.60340313546871016 252.9829296551000084 253.05609932877979418 252.68697304841504092 251.87750308756164941 251.57926465178132958 251.44714794392803014 251.69086978895535367 251.9627468942541384 251.79725355598330339 251.44541298436388388 252.47796841770227161 253.27777480793719178 nan nan nan nan nan nan nan nan nan nan nan nan nan nan nan nan nan nan nan nan nan nan nan nan nan nan nan nan nan nan nan nan nan nan
nan nan nan nan nan nan nan nan nan nan nan nan nan nan nan nan nan 255.30938296035279222 256.19056104090009285 254.95113500014051056 254.16049830152141453 253.36963247209169481 253.19153629794354288 253.35010448303890485 254.22298206432498091 255.37229025821898176 253.42452623050363059 nan nan nan nan nan nan nan nan nan nan nan nan nan nan nan nan nan nan nan nan nan nan nan nan nan nan nan nan nan nan nan nan nan nan nan nan
nan nan nan nan nan nan nan nan nan nan nan nan nan nan nan nan nan nan nan 257.40327622661152418 257.5156729127336348 255.97782428857559012 256.40969067193037745 256.61930334161229439 nan nan nan nan nan nan nan nan nan nan nan nan nan nan nan nan nan nan nan nan nan nan nan nan nan nan nan nan nan nan nan nan nan nan nan nan nan nan nan
nan nan nan nan nan nan nan nan nan nan nan nan nan nan nan nan nan nan nan nan nan nan nan nan nan nan nan nan nan nan nan nan nan nan nan nan nan nan nan nan nan nan nan nan nan nan nan nan nan nan nan nan nan nan nan nan nan nan nan nan nan nan nan
