results/rofental/precip_month_2020-01-01T0000_2020-01-31T2300.asc
ncols        322
nrows        225
xllcorner    622802.488000000012
yllcorner    5178049.378999999724
cellsize     100.000000000000
[rows 112 to 139 of 225, columns 189 to 251 of 322]
20.233349235396335786 19.526504112653700673 18.948492527605186098 18.414840514845206343 18.855251985410291127 19.517327616532927692 20.057091472170576196 20.705542880784719273 21.742444620498243779 22.773617933099146171 23.67063688471083438 24.579628399912778036 24.653302109609860793 24.57688507992140714 24.431489265553686607 24.165205251693581801 24.297553192845821712 25.362229072274502073 26.165808510008648824 26.648723746599536355 26.954599102413617118 26.845507328201687614 26.393112445586094594 26.351810130711498914 26.996341817395958174 27.620645863716678292 27.295163582495437282 nan nan nan nan nan nan nan nan nan nan nan nan nan nan nan nan nan nan nan nan nan nan nan nan nan nan nan nan nan nan nan nan nan nan nan nan
19.633850536920952834 19.052190630191404352 18.573709851189484255 19.063957285104237371 19.339685532038398463 20.051537833096965358 20.846086847129836173 21.552474806639985161 22.773411710196747038 23.649513794482675877 24.389307520575808752 24.966125001184970245 25.02656017781554354 24.99482543681056157 24.99584485461433303 24.666080407079743253 24.6734141931458133 25.257134392270987888 26.310270316639254418 27.267025844715156779 27.194510202823082068 26.87115116335335685 26.738323014305365177 27.034094698403720258 27.860344312943723821 nan nan nan nan nan nan nan nan nan nan nan nan nan nan nan nan nan nan nan nan nan nan nan nan nan nan nan nan nan nan nan nan nan nan nan nan nan nan
19.052301195807689993 18.601673120253668259 19.149016574213685971 19.591718465581926978 20.062587856103338169 20.743229321958366995 21.558556104737924386 22.479757924018027637 23.372821164420198414 24.23562690417401555 25.025257587674776261 25.39483812782271599 25.320165926408474633 25.233886028089504094 25.271662853301751994 25.057682503148033248 25.044013708759447212 25.196177157797986723 26.324318866255424609 27.493050805510829804 27.301468712315553944 26.911048675196049373 26.97999743971570652 27.626914062192746258 28.579659321579455877 nan nan nan nan nan nan nan nan nan nan nan nan nan nan nan nan nan nan nan nan nan nan nan nan nan nan nan nan nan nan nan nan nan nan nan nan nan nan
18.691196701045019068 19.104349569530057806 19.560572055242541722 20.10510008978960883 20.701783728492255676 21.45480260288625729 22.203437063918759264 22.820689686628856663 23.592556887105470054 24.523946212983904758 25.328684855421670363 25.739105815750864537 25.677307336919877656 25.766516460740454875 25.590457552760955906 25.385685919937419186 25.437286637596109529 25.447956617157402093 26.24742205706998277 27.511485457353845874 27.759206892075287243 27.431483832707712622 27.488203696560951528 28.016350532116284455 29.073286212593671962 nan nan nan nan nan nan nan nan nan nan nan nan nan nan nan nan nan nan nan nan nan nan nan nan nan nan nan nan nan nan nan nan nan nan nan nan nan nan
19.48572656989309948 19.777311490249111614 20.171636942599231901 20.911647543748220102 21.632510623769388047 22.303213256649527807 23.041659454203582413 23.700694308364457896 24.097233980129015407 24.592787777400484828 25.185451139479472005 26.057167842492837906 26.300596865565839977 26.240232225834464685 25.942546001477190032 25.75113657543858281 25.770952429195013167 25.902720461322445544 26.627181088642746687 27.886764231052993068 28.530852882689433869 28.222780429865640173 28.311317627287731824 28.897002371918745212 29.224806368447787008 nan nan nan nan nan nan nan nan nan nan nan nan nan nan nan nan nan nan nan nan nan nan nan nan nan nan nan nan nan nan nan nan nan nan nan nan nan nan
20.206459968189022902 20.540738917148349429 20.918861041252007738 22.008683485295730264 22.672743659324133603 23.217973331548837024 23.963852969127163561 24.491268746825333835 25.003224463082432294 25.471333815324630478 25.915904178764879617 26.273725829213017136 26.79989706120464632 26.614258438587093281 26.484084088819187741 26.347794831485753519 26.275389100759927175 26.415100415589567007 27.027397463639154296 28.172054881337142973 29.355486719878268076 29.442881729102087007 29.449542907151812443 29.809754267727754495 nan nan nan nan nan nan nan nan nan nan nan nan nan nan nan nan nan nan nan nan nan nan nan nan nan nan nan nan nan nan nan nan nan nan nan nan nan nan nan
20.961609319497863879 21.413606282252757751 22.138338263620145341 22.983781215243986651 23.599636133995883114 24.126500538064618695 24.697266542096333097 25.231691001304699995 25.806687085160618267 26.177114574229275235 26.730699405743223451 26.879880799494387134 26.93396855746820151 26.947258993092141566 26.921155786053137859 26.798586530470601019 26.682853565142355734 26.900939459646764362 27.674406141101876244 28.593093370971722322 29.752147510577703571 30.533010962713330372 30.567745124983524363 nan nan nan nan nan nan nan nan nan nan nan nan nan nan nan nan nan nan nan nan nan nan nan nan nan nan nan nan nan nan nan nan nan nan nan nan nan nan nan nan
21.687281459312490739 22.457167999987301954 23.360983193918791301 23.946309001294846297 24.416324012921773345 24.856988388573000748 25.448509869561494412 26.032119589040270569 26.389337628424186732 26.876787113991305489 27.141857691233134631 27.105471766933106892 27.07070844277424726 27.223667457011288207 27.153627289350499296 27.083157420680237237 27.018110024568784411 27.355696860858671471 28.216981092005706699 29.425786529558006777 30.3778260101413764 31.288970504563724973 nan nan nan nan nan nan nan nan nan nan nan nan nan nan nan nan nan nan nan nan nan nan nan nan nan nan nan nan nan nan nan nan nan nan nan nan nan nan nan nan nan
22.538581466470159143 23.576409011238727231 24.33496278063876872 24.848249043676055692 25.165586946876018715 25.609715368646611466 26.158839242297418082 26.631564202296651445 27.23443183701602166 27.49295046804758158 27.450950052426659198 27.241715948887264886 27.238409024551955895 27.523493222210429821 27.466501929465195531 27.524543786621865848 27.46744920932107803 28.154486650789500857 29.18963825546768831 29.787390710831044061 30.911834629868469193 32.021012271931326154 nan nan nan nan nan nan nan nan nan nan nan nan nan nan nan nan nan nan nan nan nan nan nan nan nan nan nan nan nan nan nan nan nan nan nan nan nan nan nan nan nan
23.497700867376092759 24.409232617162565759 25.135498960219695874 25.558051612137514752 25.926794144822995491 26.318552516250697693 26.819241104033221035 27.290390132915639754 28.160892605263587285 27.768515116536971021 27.638148486118627289 27.402146084870675935 27.373743080008384965 27.668833189133000161 27.854886696536276247 27.966043364081453859 27.972844518666072133 28.650869634814181808 29.764739196686161193 30.387169227453167508 31.430864088785877897 32.480452506017755354 nan nan nan nan nan nan nan nan nan nan nan nan nan nan nan nan nan nan nan nan nan nan nan nan nan nan nan nan nan nan nan nan nan nan nan nan nan nan nan nan nan
23.935684189737784777 24.914166411104492482 25.478395945397782185 26.077410925173801104 26.524971321539705826 26.946498623304702136 27.566298654770957199 28.270590483677043636 28.644376034927905295 27.970583861604911391 27.848857526192958289 27.591600075301151662 27.682661113097541516 28.063423612894887071 28.168333653248588178 28.190303703783097689 28.369561584779432906 28.870628716318936569 30.042304161170822141 30.729513062800403844 31.658334577042552382 32.529879388870519108 nan nan nan nan nan nan nan nan nan nan nan nan nan nan nan nan nan nan nan nan nan nan nan nan nan nan nan nan nan nan nan nan nan nan nan nan nan nan nan nan nan
24.38056989298557653 25.155992366588474596 25.66424441699481207 26.500399055427461548 27.019471600208326834 27.509925175445712142 28.356135962303554265 28.990406824004711694 28.662021484775497271 28.244124797774173175 28.154926077404084594 28.090101403084652532 28.327726670740240422 28.495707845957554127 28.503358492522792744 28.467651492992906981 28.748771256705261123 29.017126386185747577 29.458810209798958368 30.261604339237724304 31.118770422218911875 32.084691453945673345 nan nan nan nan nan nan nan nan nan nan nan nan nan nan nan nan nan nan nan nan nan nan nan nan nan nan nan nan nan nan nan nan nan nan nan nan nan nan nan nan nan
24.781930009433608575 25.432070694831143243 26.090433377546450089 26.877409153815595033 27.416261352763047654 28.250170476906873773 29.263086532219567459 29.511119130411724854 28.848650986058526513 28.48391485356872721 28.310465106077209896 28.40601766845281162 28.582778315465876773 28.72840670147714448 28.710835037891150989 28.627797458859539859 28.852581849890349019 29.22768576303990784 29.342342343739268529 29.878358411132889927 30.950815602774067514 31.8462639609329905 nan nan nan nan nan nan nan nan nan nan nan nan nan nan nan nan nan nan nan nan nan nan nan nan nan nan nan nan nan nan nan nan nan nan nan nan nan nan nan nan nan
25.057891580673583576 25.769310090919990586 26.525952513079445794 27.2410495391741172 27.836197989469422254 28.868021860948442026 29.677314788250807709 29.428553066478261968 29.237992501782670729 28.877748904554220388 28.779384696189239889 28.819408849448254983 28.898265247911979259 28.95758794671314007 28.86197594061381011 28.831234931404491562 29.127264524820695613 29.380779505695354459 29.570318929901667104 29.81391342634304209 30.992949762174827555 31.766186339540166017 nan nan nan nan nan nan nan nan nan nan nan nan nan nan nan nan nan nan nan nan nan nan nan nan nan nan nan nan nan nan nan nan nan nan nan nan nan nan nan nan nan
25.219740747419827187 26.041117531209927449 26.932856900947200529 27.595232022173686204 28.309377013987379712 29.215301755105716808 30.030169058283664896 29.794232926449666365 29.53619617742304726 29.328672395191134115 29.202400956982717872 29.116914297106735177 29.133769778018653085 29.10538460712941955 29.023994445632350647 29.153802282054506634 29.83637070046589912 29.83888552481907297 30.000812275091892189 30.114964459616217596 30.76471085472487843 nan nan nan nan nan nan nan nan nan nan nan nan nan nan nan nan nan nan nan nan nan nan nan nan nan nan nan nan nan nan nan nan nan nan nan nan nan nan nan nan nan nan
25.391443159450055589 26.323809162963037522 27.069168690354388218 27.871793020295967835 28.633244133699275125 29.406904941502435946 30.28021402958146524 30.382331924355039376 29.880311380811306776 29.692438312523691479 29.508729496290531102 29.358835252196612942 29.263786908225903005 29.223437867284541625 29.198560356592079046 29.494191728823970777 30.196957237998400814 30.419508555014161288 30.365549642181253631 30.483539936979266116 31.090792741254297482 nan nan nan nan nan nan nan nan nan nan nan nan nan nan nan nan nan nan nan nan nan nan nan nan nan nan nan nan nan nan nan nan nan nan nan nan nan nan nan nan nan nan
26.067848941730435541 26.590504269353292699 27.321430887374432928 28.162864720698955523 29.250933473922245298 29.958250666725213307 30.755283409859632826 30.352558050499776954 30.087152749179658429 29.858470893717548478 29.67417780059336252 29.490275906111733661 29.392753955651354403 29.36749693421637275 29.376409806127629309 29.657679737811946552 30.300046767357535771 30.907713788859968673 30.81737611989854031 30.949623867134320676 31.351869361790832613 nan nan nan nan nan nan nan nan nan nan nan nan nan nan nan nan nan nan nan nan nan nan nan nan nan nan nan nan nan nan nan nan nan nan nan nan nan nan nan nan nan nan
26.411245804638397772 27.009573664397429127 27.6078415588666779 28.284713572504511347 29.279665931556035474 30.145901308679327713 30.789542657733530717 30.643210928603284771 30.25029616121332765 29.912501456692350388 29.740060208800151997 29.557198612998774934 29.514959009842783644 29.506271449289901199 29.607272876683126128 29.914350871102776352 30.319340138466834844 31.186713827118975217 31.478424480950760511 nan nan nan nan nan nan nan nan nan nan nan nan nan nan nan nan nan nan nan nan nan nan nan nan nan nan nan nan nan nan nan nan nan nan nan nan nan nan nan nan nan nan nan nan
26.745716237268357673 27.195611975722439269 27.751529558873560433 28.546786082149445463 29.296474302222474506 29.96269640716818472 30.575941380233903288 30.891821909568470517 30.466074429970259274 30.08358838256168255 29.934054550729271682 29.785876889008786605 29.699602499702592695 29.774226609360802343 30.109456288036717808 30.245022435666683691 30.530245871184600759 31.375627163253927421 nan nan nan nan nan nan nan nan nan nan nan nan nan nan nan nan nan nan nan nan nan nan nan nan nan nan nan nan nan nan nan nan nan nan nan nan nan nan nan nan nan nan nan nan nan
26.672030609252008304 27.292331382629672731 27.838894063691107306 28.462657992645425509 28.80385985122614656 29.324747390278350423 30.190288750854577415 31.057132121518524315 30.788785189244084251 30.48505221151359379 30.253124238518449118 30.140474720950518162 30.33597391986752001 30.784709033647647658 30.766264005132040182 30.557088375650707235 30.860480024902742002 nan nan nan nan nan nan nan nan nan nan nan nan nan nan nan nan nan nan nan nan nan nan nan nan nan nan nan nan nan nan nan nan nan nan nan nan nan nan nan nan nan nan nan nan nan nan
27.163280305060464315 27.598807230974788496 27.943088868415713932 28.388474992202745284 28.668659842161382301 29.26730335853884668 30.148000643115661745 30.985024562990226116 31.130932486114968327 30.934126143198920289 30.777307034291606413 30.753298606992295561 nan nan nan 30.793456555583500034 nan nan nan nan nan nan nan nan nan nan nan nan nan nan nan nan nan nan nan nan nan nan nan nan nan nan nan nan nan nan nan nan nan nan nan nan nan nan nan nan nan nan nan nan nan nan nan
27.513510337765051617 27.73157112138886049 27.981074975965888996 28.303928886158420397 28.824681273008927462 29.541301644809763616 30.288179352825494561 31.151764586829386872 31.62512294667972057 nan nan nan nan nan nan nan nan nan nan nan nan nan nan nan nan nan nan nan nan nan nan nan nan nan nan nan nan nan nan nan nan nan nan nan nan nan nan nan nan nan nan nan nan nan nan nan nan nan nan nan nan nan nan
27.386435401514251708 27.783914765835177718 28.076983793482149565 28.375737677986322183 29.075156562363808632 29.849678704613580749 30.564008193679750747 31.353413398687635549 nan nan nan nan nan nan nan nan nan nan nan nan nan nan nan nan nan nan nan nan nan nan nan nan nan nan nan nan nan nan nan nan nan nan nan nan nan nan nan nan nan nan nan nan nan nan nan nan nan nan nan nan nan nan nan
27.504452956023410337 27.793124434985582383 28.174104062057033104 28.582026957071036577 29.373479900939042153 30.122292902045668228 30.80739320419069216 31.321649015267635008 nan nan nan nan nan nan nan nan nan nan nan nan nan nan nan nan nan nan nan nan nan nan nan nan nan nan nan nan nan nan nan nan nan nan nan nan nan nan nan nan nan nan nan nan nan nan nan nan nan nan nan nan nan nan nan
27.642383167196452831 27.80255383509091871 28.064756453973764394 28.420422488794084614 28.874526126407445759 29.609103813061640409 30.335724203735036753 31.187620260068417366 nan nan nan nan nan nan nan nan nan nan nan nan nan nan nan nan nan nan nan nan nan nan nan nan nan nan nan nan nan nan nan nan nan nan nan nan nan nan nan nan nan nan nan nan nan nan nan nan nan nan nan nan nan nan nan
27.760345348700379731 27.899185572627335006 28.051331286930089703 28.218426698454905477 28.542162079026173416 29.228163426804290026 30.202219554927580702 31.146548768988232325 31.915563518618647265 nan nan nan nan nan nan nan nan nan nan nan nan nan nan nan nan nan nan nan nan nan nan nan nan nan nan nan nan nan nan nan nan nan nan nan nan nan nan nan nan nan nan nan nan nan nan nan nan nan nan nan nan nan nan
27.931835864959246862 28.036850238044614514 28.27085495580736918 28.396693815134486982 28.482779632093869537 28.919212006561245687 29.825816271809596714 30.690808365296668114 31.640617502662955474 nan nan nan nan nan nan nan nan nan nan nan nan nan nan nan nan nan nan nan nan nan nan nan nan nan nan nan nan nan nan nan nan nan nan nan nan nan nan nan nan nan nan nan nan nan nan nan nan nan nan nan nan nan nan
28.109857500581163947 28.241765444230910731 28.442984412472146261 28.53807992302504104 28.589703961227186824 28.861854686397894199 29.819086909866879154 30.729782473351782812 31.699692997961847141 nan nan nan nan nan nan nan nan nan nan nan nan nan nan nan nan nan nan nan nan nan nan nan nan nan nan nan nan nan nan nan nan nan nan nan nan nan nan nan nan nan nan nan nan nan nan nan nan nan nan nan nan nan nan
