results/rofental/precip_month_2020-03-01T0000_2020-03-31T2300.asc
ncols        322
nrows        225
xllcorner    622802.488000000012
yllcorner    5178049.378999999724
cellsize     100.000000000000
[rows 168 to 195 of 225, columns 63 to 125 of 322]
nan nan nan nan nan nan nan nan nan nan nan nan nan nan nan nan nan nan nan nan nan nan nan nan nan nan nan nan 51.100953391065182529 49.384251018526597932 48.150817305691752779 47.562182940243836526 46.987994782156704332 46.295620978570887871 45.28542867498857305 43.641563614322592457 42.97746566148109082 42.538823207315047625 41.869185640630838918 41.109505393284486274 40.622554140691349289 40.13181787772139586 39.703057864721003511 39.137046153243083779 38.334744427675836675 37.685892061248722484 37.148156897600038917 36.561105839245151117 35.960058376583972972 35.447559730970738201 34.957714968571991676 34.481366239349149794 34.006005883880732199 33.54332318567482929 33.069044130381733737 32.573729225528175846 32.137766632902902586 31.703758953786888242 31.304171177117979141 31.142487043675508573 31.216647350672655392 31.774282985464889606 32.420327107639550945
nan nan nan nan nan nan nan nan nan nan nan nan nan nan nan nan nan nan nan nan nan nan nan nan nan nan nan nan 51.210764320995650678 49.287721373031388339 47.601432507035191577 47.05646980950651681 46.612897941141127944 46.05430539009463331 45.228979896056763721 44.064212860645035619 42.723853563508598086 42.182225781686540245 41.605065962290389336 41.058722247349038525 40.580097179890472603 39.863634874221624216 39.298219397240508499 38.831435242376407757 38.087964601464179282 37.405889879606419868 36.851365171717681335 36.254363321258260555 35.66219035397919157 35.160665685245575673 34.705787869663460299 34.242424559500427961 33.77726989894944154 33.295763580695059147 32.800253231386648167 32.303704022655466588 31.925509960397654652 31.636582341759847736 31.553598783794662097 31.548118276799286264 31.659535353225564336 32.383611154365922857 32.947424507721201792
nan nan nan nan nan nan nan nan nan nan nan nan nan nan nan nan nan nan nan nan nan nan nan nan nan nan nan 50.421685156574042708 49.957401076684881502 48.271744965182257658 47.06052038659465353 46.499364954570083341 46.181569139144642122 45.754754410308656531 45.022910910953562791 44.058481436159233624 42.984022413183069489 42.029928482614799634 41.287740767267450792 40.995323346738395287 40.54890264808890521 39.660841363134188953 38.907130665346294052 38.482996317915649342 37.936614516245334983 37.342087978156264683 36.693906765187101371 36.054730054652473825 35.476118535027943324 34.957487950468838278 34.492123060850687466 33.985874829201513592 33.513872421373939403 33.007472876184884569 32.530728228883816655 32.259732934702327611 32.091098353039534175 32.054949108403533842 32.019229588212532178 32.040919646279768074 32.365707308618127058 33.145766377337082531 33.847617043083324972
nan nan nan nan nan nan nan nan nan nan nan nan nan nan nan nan nan nan nan nan nan nan nan nan nan nan nan 49.722925870889483235 48.590202310594435176 47.60274892190535212 46.826267130717198484 46.134644569638197709 45.798451583442911783 45.399293804902612237 44.846957912505331478 44.183799357766936566 43.339933806102344249 42.212568159188961658 41.315980402720860809 40.987920656805080455 40.508948630214426601 39.469851756614872329 38.638754833588798476 38.271239416609255102 37.862913819764315804 37.346585094365366331 36.687624610133447334 36.03652280424334009 35.477405488059169159 34.928714272489450821 34.436898052103529722 33.807006541375884012 33.3528217136663514 33.051556842411834225 32.788507385532874139 32.614920742289974953 32.620250421142102937 32.564411684805349978 32.602196281561404589 32.735981179558919507 33.299250224042687307 33.77611770779098066 nan
nan nan nan nan nan nan nan nan nan nan nan nan nan nan nan nan nan nan nan nan nan nan nan nan nan nan nan nan 48.791068145329731465 47.347601155021386887 46.650842783323348328 46.103857651785602911 45.620355421748769231 45.082199767188605222 44.547201666296807332 44.088261040808511382 43.333417570556463261 42.53196131920250167 41.734692951236254999 41.063175967192201199 40.545679902960507945 39.59026021614624824 38.688789440332087111 38.215024928238236157 37.820752872380111853 37.328222860006235351 36.566327342534904687 35.956030668386041782 35.450945062658441032 34.998418133865250468 34.616021189543872083 34.24165421424702771 34.03457755580691213 33.76002172123511258 33.55638990413498135 33.402568163372528431 33.455944427726073798 33.324543985612855579 33.313026030510783926 33.391198173545575401 34.2556883489187598 34.080979662381899686 nan
nan nan nan nan nan nan nan nan nan nan nan nan nan nan nan nan nan nan nan nan nan nan nan nan nan nan nan nan nan 48.078107054349239036 46.678101041642548807 46.150217073940815737 45.617322162693675125 44.969584105909056859 44.317426056538735679 43.77201810096556045 43.122769133918225748 42.476988151692040674 41.690266156570750411 40.943261992864357524 40.454707354926988216 39.579250947511269487 38.685064705444524691 38.165318537166093904 37.797098034564982072 37.289192573282221588 36.491598103326083447 36.081737331548360714 35.730201496896768276 35.39977801218972786 35.291661396986704347 35.019498109414556097 34.566222318702401139 34.381410845649760688 34.346629642237125779 34.286943198110407138 34.265261175479274414 34.102237032715848386 34.264215145201568191 34.642550793623861694 34.427264937339884909 nan nan
nan nan nan nan nan nan nan nan nan nan nan nan nan nan nan nan nan nan nan nan nan nan nan nan nan nan nan nan nan nan 47.834855070693990342 46.86777445158383415 45.974920595930591105 45.171818898607824622 44.485733083496604934 43.585896874322507699 42.958274358980347074 42.338206511388314368 41.594227324086617159 41.058324037012361885 40.630864234836927551 39.937544656097848872 39.179593986934271754 38.635704568640043988 38.224132260225218261 37.70405620899856558 37.156838208155157588 36.754999296827620014 36.361676448373529524 35.997594950500918287 35.774180259325532916 35.388299896618768514 35.18287384925871919 35.252225356493667618 35.159818086761312372 35.194253249473469225 35.20063072013741845 35.29003645224477026 nan nan nan nan nan
nan nan nan nan nan nan nan nan nan nan nan nan nan nan nan nan nan nan nan nan nan nan nan nan nan nan nan nan nan nan nan nan nan nan nan 43.566592533860806213 42.993268059609420106 42.37319227620980655 41.860482012649057992 41.543451993506209874 41.203962339082494282 40.66212910471145392 40.430512924912555661 39.780537152233456766 39.003536905635208143 38.284102435183868351 37.678285732901947824 37.055161822328607002 36.716365874502152167 36.34457988996189215 36.074008674705794419 35.980546979992773515 36.22388007072098759 nan nan nan nan nan nan nan nan nan nan
nan nan nan nan nan nan nan nan nan nan nan nan nan nan nan nan nan nan nan nan nan nan nan nan nan nan nan nan nan nan nan nan nan nan nan nan nan nan nan nan nan nan nan nan nan nan 37.644982807726030671 37.214750564050625314 36.990495319701778953 36.676603014269765879 36.6098542649346399 36.86724045519029147 36.908725962065076942 nan nan nan nan nan nan nan nan nan nan
nan nan nan nan nan nan nan nan nan nan nan nan nan nan nan nan nan nan nan nan nan nan nan nan nan nan nan nan nan nan nan nan nan nan nan nan nan nan nan nan nan nan nan nan nan nan nan 37.320916207014356303 37.473212012895004364 37.002299439984419394 37.113490441635640593 nan nan nan nan nan nan nan nan nan nan nan nan
nan nan nan nan nan nan nan nan nan nan nan nan nan nan nan nan nan nan nan nan nan nan nan nan nan nan nan nan nan nan nan nan nan nan nan nan nan nan nan nan nan nan nan nan nan nan nan nan nan nan nan nan nan nan nan nan nan nan nan nan nan nan nan
nan nan nan nan nan nan nan nan nan nan nan nan nan nan nan nan nan nan nan nan nan nan nan nan nan nan nan nan nan nan nan nan nan nan nan nan nan nan nan nan nan nan nan nan nan nan nan nan nan nan nan nan nan nan nan nan nan nan nan nan nan nan nan
nan nan nan nan nan nan nan nan nan nan nan nan nan nan nan nan nan nan nan nan nan nan nan nan nan nan nan nan nan nan nan nan nan nan nan nan nan nan nan nan nan nan nan nan nan nan nan nan nan nan nan nan nan nan nan nan nan nan nan nan nan nan nan
nan nan nan nan nan nan nan nan nan nan nan nan nan nan nan nan nan nan nan nan nan nan nan nan nan nan nan nan nan nan nan nan nan nan nan nan nan nan nan nan nan nan nan nan nan nan nan nan nan nan nan nan nan nan nan nan nan nan nan nan nan nan nan
nan nan nan nan nan nan nan nan nan nan nan nan nan nan nan nan nan nan nan nan nan nan nan nan nan nan nan nan nan nan nan nan nan nan nan nan nan nan nan nan nan nan nan nan nan nan nan nan nan nan nan nan nan nan nan nan nan nan nan nan nan nan nan
nan nan nan nan nan nan nan nan nan nan nan nan nan nan nan nan nan nan nan nan nan nan nan nan nan nan nan nan nan nan nan nan nan nan nan nan nan nan nan nan nan nan nan nan nan nan nan nan nan nan nan nan nan nan nan nan nan nan nan nan nan nan nan
nan nan nan nan nan nan nan nan nan nan nan nan nan nan nan nan nan nan nan nan nan nan nan nan nan nan nan nan nan nan nan nan nan nan nan nan nan nan nan nan nan nan nan nan nan nan nan nan nan nan nan nan nan nan nan nan nan nan nan nan nan nan nan
nan nan nan nan nan nan nan nan nan nan nan nan nan nan nan nan nan nan nan nan nan nan nan nan nan nan nan nan nan nan nan nan nan nan nan nan nan nan nan nan nan nan nan nan nan nan nan nan nan nan nan nan nan nan nan nan nan nan nan nan nan nan nan
nan nan nan nan nan nan nan nan nan nan nan nan nan nan nan nan nan nan nan nan nan nan nan nan nan nan nan nan nan nan nan nan nan nan nan nan nan nan nan nan nan nan nan nan nan nan nan nan nan nan nan nan nan nan nan nan nan nan nan nan nan nan nan
nan nan nan nan nan nan nan nan nan nan nan nan nan nan nan nan nan nan nan nan nan nan nan nan nan nan nan nan nan nan nan nan nan nan nan nan nan nan nan nan nan nan nan nan nan nan nan nan nan nan nan nan nan nan nan nan nan nan nan nan nan nan nan
nan nan nan nan nan nan nan nan nan nan nan nan nan nan nan nan nan nan nan nan nan nan nan nan nan nan nan nan nan nan nan nan nan nan nan nan nan nan nan nan nan nan nan nan nan nan nan nan nan nan nan nan nan nan nan nan nan nan nan nan nan nan nan
nan nan nan nan nan nan nan nan nan nan nan nan nan nan nan nan nan nan nan nan nan nan nan nan nan nan nan nan nan nan nan nan nan nan nan nan nan nan nan nan nan nan nan nan nan nan nan nan nan nan nan nan nan nan nan nan nan nan nan nan nan nan nan
nan nan nan nan nan nan nan nan nan nan nan nan nan nan nan nan nan nan nan nan nan nan nan nan nan nan nan nan nan nan nan nan nan nan nan nan nan nan nan nan nan nan nan nan nan nan nan nan nan nan nan nan nan nan nan nan nan nan nan nan nan nan nan
nan nan nan nan nan nan nan nan nan nan nan nan nan nan nan nan nan nan nan nan nan nan nan nan nan nan nan nan nan nan nan nan nan nan nan nan nan nan nan nan nan nan nan nan nan nan nan nan nan nan nan nan nan nan nan nan nan nan nan nan nan nan nan
nan nan nan nan nan nan nan nan nan nan nan nan nan nan nan nan nan nan nan nan nan nan nan nan nan nan nan nan nan nan nan nan nan nan nan nan nan nan nan nan nan nan nan nan nan nan nan nan nan nan nan nan nan nan nan nan nan nan nan nan nan nan nan
nan nan nan nan nan nan nan nan nan nan nan nan nan nan nan nan nan nan nan nan nan nan nan nan nan nan nan nan nan nan nan nan nan nan nan nan nan nan nan nan nan nan nan nan nan nan nan nan nan nan nan nan nan nan nan nan nan nan nan nan nan nan nan
nan nan nan nan nan nan nan nan nan nan nan nan nan nan nan nan nan nan nan nan nan nan nan nan nan nan nan nan nan nan nan nan nan nan nan nan nan nan nan nan nan nan nan nan nan nan nan nan nan nan nan nan nan nan nan nan nan nan nan nan nan nan nan
nan nan nan nan nan nan nan nan nan nan nan nan nan nan nan nan nan nan nan nan nan nan nan nan nan nan nan nan nan nan nan nan nan nan nan nan nan nan nan nan nan nan nan nan nan nan nan nan nan nan nan nan nan nan nan nan nan nan nan nan nan nan nan
