results/rofental/precip_month_2019-10-01T0000_2019-10-31T2300.asc
ncols        322
nrows        225
xllcorner    622802.488000000012
yllcorner    5178049.378999999724
cellsize     100.000000000000
[rows 168 to 195 of 225, columns 63 to 125 of 322]
nan nan nan nan nan nan nan nan nan nan nan nan nan nan nan nan nan nan nan nan nan nan nan nan nan nan nan nan 103.39001229010428062 101.13404180259988152 99.607699924047466311 99.052614974841418416 98.526414941377382206 97.830904732571823956 96.667710376626303059 94.564685559626838085 93.934302344900217463 93.648840588966223208 93.025928024536682415 92.27640479754251146 91.942760422969953993 91.611634211547539053 91.381412248143064403 90.954261249046382432 90.182128957714340345 89.647744541884136993 89.287788027630753618 88.862323060784746076 88.424053407652891678 88.12614451377100977 87.869852332058187017 87.641188409180941221 87.42106432035730279 87.226460153609437498 87.020452520693226006 86.788139179247551169 86.648734380892619811 86.515210129610991885 86.434622115146638066 86.709396742148598491 87.334241367841514148 88.676715526982832216 90.142866545732587724
nan nan nan nan nan nan nan nan nan nan nan nan nan nan nan nan nan nan nan nan nan nan nan nan nan nan nan nan 103.7915619251478887 101.23201649920085288 99.033778803473921926 98.549471260910010528 98.224350653598165195 97.734982566618143096 96.854670047223265783 95.474840695353691444 93.840616303955229682 93.408914527450036758 92.932507798357491424 92.510732768208612242 92.198896051725455436 91.540265443154424929 91.116406224114314227 90.849056050627325476 90.177145828857362631 89.606243455268625553 89.235316605855118155 88.810175199702001692 88.401545582084168018 88.137696772535463197 87.952742716343806251 87.764092242734875526 87.581518664931337526 87.382922706900245657 87.171371063430683535 86.965666092735347092 86.943569322557124224 87.060628347402186478 87.490083444272030988 88.038373101239372431 88.762502828058302384 90.401365863912459986 91.796404168613278785
nan nan nan nan nan nan nan nan nan nan nan nan nan nan nan nan nan nan nan nan nan nan nan nan nan nan nan 102.52823469110444421 102.14702726578433101 99.947077632309429873 98.464050301671861121 97.960708175328761627 97.829110200874566772 97.542552774510809854 96.808133191461578804 95.73433394247111039 94.50456866767130748 93.463489743092139861 92.748141869461619535 92.71434836421749992 92.459542064948095685 91.553831834690456049 90.858594435173131387 90.665893353947396349 90.300336572534035895 89.872871153932422317 89.375396148861938173 88.901716840851577217 88.529020770383510808 88.256499592544656707 88.074139445998667952 87.841149344061676629 87.669776535058048239 87.457227990819021102 87.299016592157073546 87.458058712459958883 87.77924855579847474 88.306921854611545086 88.842699879438001176 89.470561469754557038 90.556285729643434479 92.32539776169319623 93.977716496857027551
nan nan nan nan nan nan nan nan nan nan nan nan nan nan nan nan nan nan nan nan nan nan nan nan nan nan nan 101.70060353584872814 100.3241181362453176 99.17246467002102861 98.344047483013298461 97.650481910102570282 97.496496185457502293 97.256705121925875801 96.796415042208110435 96.179150375063557021 95.300623414864048755 94.007347463074054872 93.068466322767960719 92.989189307318653732 92.694051282601421349 91.571433167443672119 90.770036391064536474 90.672224341996198405 90.524070935725234222 90.225332874289691176 89.724449953073175834 89.246636635099150681 88.917866940406000253 88.616369288951034378 88.411737912857034871 88.012598983055340796 87.88817296853063965 88.004393086333038809 88.189682545960579318 88.520491859040404847 89.130270111827599067 89.659590863421854579 90.339231649027652793 91.171826838956818051 92.654746006569780548 94.014996251457404242 nan
nan nan nan nan nan nan nan nan nan nan nan nan nan nan nan nan nan nan nan nan nan nan nan nan nan nan nan nan 100.83731405715865037 99.007891585455197969 98.302936538288321344 97.830122623215373778 97.460630994747234013 97.018034729749459188 96.58898517509258852 96.282701718875756569 95.543270169768931055 94.743658481807230487 93.960067225897788035 93.374507126907204224 93.029506209574080344 92.040274784065346125 91.142519525335728758 90.895350725383025292 90.778414363454743352 90.526231073113052616 89.883254678626300915 89.479184848901013538 89.244945553635545821 89.102084277288838621 89.07712912497569846 89.077462918624576105 89.341406855490106409 89.518095838300325795 89.814560252986140654 90.199244551885186638 90.907377117312194059 91.352656882590196119 91.99018670807392084 92.774174319122337806 94.74524240844843348 95.172588622227777932 nan
nan nan nan nan nan nan nan nan nan nan nan nan nan nan nan nan nan nan nan nan nan nan nan nan nan nan nan nan nan 100.30805960268907029 98.555538793165041511 98.115404116740123186 97.676411600743563213 97.07457033277893288 96.475217469678696602 96.044816434715670539 95.468753122089410112 94.90773800652974046 94.14613108138529185 93.454334411320090226 93.159686227819676674 92.297585438869518271 91.418830190934883717 91.111605131368222033 91.042954373804676038 90.777816335816240212 90.092264403809053874 89.99952011685795128 90.007424293416590899 90.060699276996487583 90.460520276218630897 90.629566264044029822 90.542642680607855254 90.872232348796089241 91.441498945249108488 91.989060998021116689 92.609065079754600447 93.033320855692480222 93.958890288045083139 95.222910398183259417 95.613615618292556064 nan nan
nan nan nan nan nan nan nan nan nan nan nan nan nan nan nan nan nan nan nan nan nan nan nan nan nan nan nan nan nan nan 100.48735634360315316 99.394273863349184239 98.421012708369858046 97.591030670761512056 96.945346978141245131 95.98967668395614794 95.45089656103969844 94.933587217666072888 94.241488138578006328 93.871293025693844925 93.674364894913026092 93.091401391878861205 92.423631888325630257 92.088121202652601482 91.963034656502003372 91.688704461418495839 91.387192906136803572 91.316871878477613222 91.273540767517928884 91.288626073612832101 91.529168087975151025 91.542368817019493576 91.841375992564152853 92.567620740884606789 93.068772934333367175 93.776650626640062569 94.459882824982429383 95.284680795662495711 nan nan nan nan nan
nan nan nan nan nan nan nan nan nan nan nan nan nan nan nan nan nan nan nan nan nan nan nan nan nan nan nan nan nan nan nan nan nan nan nan 96.171824808115815131 95.71860959279061376 95.20594077372919628 94.86457622865474093 94.82690396326935911 94.767126557682246357 94.416662246784298418 94.542267984448628226 94.055007979940839391 93.390904365170101187 92.82639487529007738 92.445747485811963884 92.053683588705681018 92.101688961783153786 92.115820930682176026 92.297247053859209132 92.759953343703415385 93.743201071997319218 nan nan nan nan nan nan nan nan nan nan
nan nan nan nan nan nan nan nan nan nan nan nan nan nan nan nan nan nan nan nan nan nan nan nan nan nan nan nan nan nan nan nan nan nan nan nan nan nan nan nan nan nan nan nan nan nan 92.65269178094895608 92.556750170539984879 92.784292790213868329 92.893874680014874912 93.389598377441842558 94.387142629732977639 95.079623795566803324 nan nan nan nan nan nan nan nan nan nan
nan nan nan nan nan nan nan nan nan nan nan nan nan nan nan nan nan nan nan nan nan nan nan nan nan nan nan nan nan nan nan nan nan nan nan nan nan nan nan nan nan nan nan nan nan nan nan 92.955672365749720143 93.752898350790943027 93.634838271122291076 94.404226423672824353 nan nan nan nan nan nan nan nan nan nan nan nan
nan nan nan nan nan nan nan nan nan nan nan nan nan nan nan nan nan nan nan nan nan nan nan nan nan nan nan nan nan nan nan nan nan nan nan nan nan nan nan nan nan nan nan nan nan nan nan nan nan nan nan nan nan nan nan nan nan nan nan nan nan nan nan
nan nan nan nan nan nan nan nan nan nan nan nan nan nan nan nan nan nan nan nan nan nan nan nan nan nan nan nan nan nan nan nan nan nan nan nan nan nan nan nan nan nan nan nan nan nan nan nan nan nan nan nan nan nan nan nan nan nan nan nan nan nan nan
nan nan nan nan nan nan nan nan nan nan nan nan nan nan nan nan nan nan nan nan nan nan nan nan nan nan nan nan nan nan nan nan nan nan nan nan nan nan nan nan nan nan nan nan nan nan nan nan nan nan nan nan nan nan nan nan nan nan nan nan nan nan nan
nan nan nan nan nan nan nan nan nan nan nan nan nan nan nan nan nan nan nan nan nan nan nan nan nan nan nan nan nan nan nan nan nan nan nan nan nan nan nan nan nan nan nan nan nan nan nan nan nan nan nan nan nan nan nan nan nan nan nan nan nan nan nan
nan nan nan nan nan nan nan nan nan nan nan nan nan nan nan nan nan nan nan nan nan nan nan nan nan nan nan nan nan nan nan nan nan nan nan nan nan nan nan nan nan nan nan nan nan nan nan nan nan nan nan nan nan nan nan nan nan nan nan nan nan nan nan
nan nan nan nan nan nan nan nan nan nan nan nan nan nan nan nan nan nan nan nan nan nan nan nan nan nan nan nan nan nan nan nan nan nan nan nan nan nan nan nan nan nan nan nan nan nan nan nan nan nan nan nan nan nan nan nan nan nan nan nan nan nan nan
nan nan nan nan nan nan nan nan nan nan nan nan nan nan nan nan nan nan nan nan nan nan nan nan nan nan nan nan nan nan nan nan nan nan nan nan nan nan nan nan nan nan nan nan nan nan nan nan nan nan nan nan nan nan nan nan nan nan nan nan nan nan nan
nan nan nan nan nan nan nan nan nan nan nan nan nan nan nan nan nan nan nan nan nan nan nan nan nan nan nan nan nan nan nan nan nan nan nan nan nan nan nan nan nan nan nan nan nan nan nan nan nan nan nan nan nan nan nan nan nan nan nan nan nan nan nan
nan nan nan nan nan nan nan nan nan nan nan nan nan nan nan nan nan nan nan nan nan nan nan nan nan nan nan nan nan nan nan nan nan nan nan nan nan nan nan nan nan nan nan nan nan nan nan nan nan nan nan nan nan nan nan nan nan nan nan nan nan nan nan
nan nan nan nan nan nan nan nan nan nan nan nan nan nan nan nan nan nan nan nan nan nan nan nan nan nan nan nan nan nan nan nan nan nan nan nan nan nan nan nan nan nan nan nan nan nan nan nan nan nan nan nan nan nan nan nan nan nan nan nan nan nan nan
nan nan nan nan nan nan nan nan nan nan nan nan nan nan nan nan nan nan nan nan nan nan nan nan nan nan nan nan nan nan nan nan nan nan nan nan nan nan nan nan nan nan nan nan nan nan nan nan nan nan nan nan nan nan nan nan nan nan nan nan nan nan nan
nan nan nan nan nan nan nan nan nan nan nan nan nan nan nan nan nan nan nan nan nan nan nan nan nan nan nan nan nan nan nan nan nan nan nan nan nan nan nan nan nan nan nan nan nan nan nan nan nan nan nan nan nan nan nan nan nan nan nan nan nan nan nan
nan nan nan nan nan nan nan nan nan nan nan nan nan nan nan nan nan nan nan nan nan nan nan nan nan nan nan nan nan nan nan nan nan nan nan nan nan nan nan nan nan nan nan nan nan nan nan nan nan nan nan nan nan nan nan nan nan nan nan nan nan nan nan
nan nan nan nan nan nan nan nan nan nan nan nan nan nan nan nan nan nan nan nan nan nan nan nan nan nan nan nan nan nan nan nan nan nan nan nan nan nan nan nan nan nan nan nan nan nan nan nan nan nan nan nan nan nan nan nan nan nan nan nan nan nan nan
nan nan nan nan nan nan nan nan nan nan nan nan nan nan nan nan nan nan nan nan nan nan nan nan nan nan nan nan nan nan nan nan nan nan nan nan nan nan nan nan nan nan nan nan nan nan nan nan nan nan nan nan nan nan nan nan nan nan nan nan nan nan nan
nan nan nan nan nan nan nan nan nan nan nan nan nan nan nan nan nan nan nan nan nan nan nan nan nan nan nan nan nan nan nan nan nan nan nan nan nan nan nan nan nan nan nan nan nan nan nan nan nan nan nan nan nan nan nan nan nan nan nan nan nan nan nan
nan nan nan nan nan nan nan nan nan nan nan nan nan nan nan nan nan nan nan nan nan nan nan nan nan nan nan nan nan nan nan nan nan nan nan nan nan nan nan nan nan nan nan nan nan nan nan nan nan nan nan nan nan nan nan nan nan nan nan nan nan nan nan
nan nan nan nan nan nan nan nan nan nan nan nan nan nan nan nan nan nan nan nan nan nan nan nan nan nan nan nan nan nan nan nan nan nan nan nan nan nan nan nan nan nan nan nan nan nan nan nan nan nan nan nan nan nan nan nan nan nan nan nan nan nan nan
