results/rofental/precip_month_2020-04-01T0000_2020-04-30T2300.asc
ncols        322
nrows        225
xllcorner    622802.488000000012
yllcorner    5178049.378999999724
cellsize     100.000000000000
[rows 168 to 195 of 225, columns 126 to 188 of 322]
37.115717589274765942 37.324388966659007849 37.54537834546752606 37.779280517318312604 38.34484414528821361 39.117448369711347311 39.046088777109233092 38.574587717119548813 38.311339991082810741 38.293738921915647211 38.111923169993652039 37.7875568362693528 37.511351808786919548 37.09643767416221749 36.63735950516601747 36.235278281787422827 35.655357239728061813 35.181736245712500022 34.592660579879613181 33.989861602989904554 33.395397359779856572 32.820781914887781738 32.267714566090539563 31.55455813440584123 30.84099019558871646 30.190770890687229411 29.702488526110386147 29.499074791024010977 29.535681037778399372 29.544731022909651585 29.486362517788645476 29.358271032249962929 29.439733557973138289 29.672052070432492599 30.244028296925840493 30.547094727702486239 30.873963150795802335 30.996878025877670382 31.056911446154167322 31.134821840123535708 31.451541455686829352 31.862798579851585146 32.200096969078380482 32.279577368234321 32.27137954792161878 32.394226274633922458 32.518532474360938522 32.461936199587334784 32.318950357170407983 32.190813445928874614 32.063925965957189135 32.153040437986483369 32.844672063388379968 33.669240380530730761 nan nan nan nan nan nan nan nan nan
38.052619849557260068 38.108990393704210931 38.127573535774644142 38.327094895895086779 38.78268889982718548 nan nan 38.944475093713919023 38.753715682385120544 38.710148743200939236 38.650344458348186549 38.388107099094405328 38.063202716503340639 37.58680714385477728 37.158262426996586214 36.772287247086111961 36.332221091426021076 35.858018108333340024 35.194038977665911716 34.627769398974685089 34.077499554508477786 33.405723312782725998 32.661110942911754762 31.807266590301377818 31.095226518486743572 30.518475125048713181 30.144063794704795356 30.096419660073653546 30.057313244533798269 30.056560732501068856 29.95375344973654208 29.790448280320717345 29.901024379101535544 30.191452429240037247 30.528394615144872404 30.828303455204217443 31.093749872211006391 31.305035711383272456 31.336453029641379686 31.493456811539452644 31.91913789760914355 32.319276449370143212 32.536038227251630417 32.541251408877066353 32.515271322522679043 32.616235751966648593 32.698173177483155882 32.661376153476432194 32.501093034271271165 32.412462082589904355 32.296934593337077501 32.387745061056143925 32.940041794151639465 33.599118118763421137 nan nan nan nan nan nan nan nan nan
38.817988681102178816 38.779808491467782972 38.693660674540353739 38.909835615820995258 nan nan nan nan nan nan 39.138850205737426791 38.853651379435397928 38.493330889129289574 38.146476349781657689 37.785622835011452025 37.409091276004950544 37.012381688903232657 36.536611927930337629 35.950965501049360284 35.329058463535780277 34.515855078993489258 33.686614750973582488 32.882102355380993686 32.103872745305800152 31.449087565692085633 30.914924466941275938 30.748419321810040117 30.717185034961126178 30.618347443765760119 30.57915835620597278 30.430212019923729372 30.281796271965355061 30.44854878576325774 30.64822614213101204 30.902533295436029448 31.128903316161306236 31.462219177436647755 31.69976105128668209 31.747005541155328245 32.028950510803667839 32.44475136181851127 32.75675601421907146 32.824939825737544652 32.744820130864560781 32.795753997003572522 32.960141593451346864 32.979375510368846847 32.855294036685172898 32.668520678905458965 32.605340498216264677 32.537653590440044127 32.531823279937093218 33.197681195813373733 33.740512266422463483 nan nan nan nan nan nan nan nan nan
39.246744175302040958 nan nan nan nan nan nan nan nan nan 39.537310741512932566 39.205172020513359143 38.726372525505858846 38.439834992313784312 38.144386830200829763 37.785123710570296396 37.366354725430603878 36.956236058819769141 36.325041301086095302 35.633627127784855304 34.873155588154261864 34.057893947812232227 33.236652223166146314 32.506107006315190233 31.956865870618383241 31.479883016301648979 31.399191353366802559 31.323015756508979734 31.187659558470080867 31.088820086399731935 30.936499726583917891 30.803640710972619132 31.025057522601692028 31.19446896150518711 31.356773542030481394 31.546502498092269917 31.802743852416544001 32.174075288661171612 32.361013471054626223 32.68496392797876382 32.981839463510183919 33.121577140795224636 33.074631905571408197 33.094465790833233143 33.23420133536045995 33.266890435347455934 33.218047993357465941 33.046707050251804105 32.823225764282611294 32.74403316155834176 32.703683149031988364 32.718799214254701724 32.849896789753763926 33.208287926081098362 33.776001376696534351 nan nan nan nan nan nan nan nan
nan nan nan nan nan nan nan nan nan nan nan 39.404170514962302718 38.909332701118820808 38.605760011506369267 38.378268881283830183 38.075240373006757011 37.794451593911531972 37.300388155730843209 36.719798779588728621 36.00063035648246057 35.191207836662101727 34.359189286611233172 33.609781422861523481 32.924742339992377538 32.482560015632714112 32.14148717333559091 32.014516574223705447 31.901776406386961327 31.739176342499948902 31.607638991431013409 31.481512351472595412 31.357843643391653643 31.563077168897720526 31.782046390220749288 31.865943033135465612 31.947054274766259141 32.280745829080331077 32.666524675128272293 32.947504932902681674 33.272317764528622774 33.476564130977536138 33.465436364742011222 33.509575005939836956 33.535511231850897218 33.52015962988208031 33.479279812223637691 33.402268618029211211 33.221700625255373041 33.079083910035365079 32.952169105457485898 32.889581517421781598 32.887258501678765299 33.011509284340242232 33.256019506098198235 34.038871908680540912 nan nan nan nan nan nan nan nan
nan nan nan nan nan nan nan nan nan nan nan nan nan 38.887912759054664491 38.607500789871444624 38.272200545725809206 37.923042285921674477 37.477162196065201272 36.939234559708658878 36.221608767190780043 35.441303258385765673 34.694887924415816371 33.987626791500829881 33.496743878171869824 33.139886309355645722 32.785618059753453224 32.602565226171677182 32.456565120837417737 32.272314162658346959 32.132828382779443643 32.03022658767370956 31.96181261809758567 32.095682691006672371 32.229431909562407554 32.338782094100729125 32.448336602159962183 32.800416904212745806 33.197945226705016353 33.520143068336388126 33.705412723153692411 33.786957917887875169 33.800858990078488375 34.013435337292108329 33.862853722841698811 33.792181356257408709 33.696652511731556956 33.57412158922456058 33.437765193446658429 33.331863248944912925 33.216671926523694935 33.110231318412019164 33.051576768323876365 33.216032980658241058 33.821256786859656529 34.12433843226517638 34.349207149332933398 nan nan nan nan nan nan nan
nan nan nan nan nan nan nan nan nan nan nan nan nan nan nan 38.470932599214087588 38.038050636164918217 37.632375687719537893 37.070966234057976862 36.419426764463139534 35.68741337264579272 35.042047620093683236 34.516928381383685576 34.167823836974001495 33.763352468741253176 33.349719252089016663 33.126952386602582123 32.973208009350535974 32.786838822701525942 32.636317249623033376 32.606930371764377696 32.577215650073689801 32.573367654361888412 32.604344287754678078 32.707010712036954203 33.003530089778649881 33.476576665603772653 33.84248278059899917 34.049654914003767203 34.115710650472443888 34.130962096158249608 34.110106104029085827 34.153239327192750352 34.223796129332050953 34.070509853984560777 33.967918055013377909 33.81805044000916638 33.668962414281054407 33.517661791469386401 33.381398271028992042 33.295751504463304116 33.266287219808162945 33.455079700008418797 34.240870641455316559 34.418333900011965909 nan nan nan nan nan nan nan nan
nan nan nan nan nan nan nan nan nan nan nan nan nan nan nan 38.655427969332741611 38.176997314996043542 37.795137608759752368 37.208918313940088751 36.48392673854988999 35.920954943807558379 35.462954627785322259 35.097719965449478252 34.720180014399431911 34.30166871748964752 33.858548177528149381 33.609914650555083426 33.466455531223019193 33.313227793425902235 33.168535810476598158 33.237819752290469921 33.160316680578624471 33.097778232063888026 33.045534141631186742 33.051301626295440883 33.442589616370163697 34.250950658628923406 34.694548679527784429 34.493057829018233917 34.479604357561761674 34.503610090639647012 34.480509715336623344 34.417100883620399543 34.599493183661913065 34.445198048867148088 34.323378384209149772 34.142272637534006208 33.917777199700815061 33.755953342826607866 33.606970986385199751 33.510639414901447708 33.522991061506914434 33.728998184210325917 34.22610063242689904 nan nan nan nan nan nan nan nan nan
nan nan nan nan nan nan nan nan nan nan nan nan nan nan nan nan 38.33876022417758378 37.923295572671449349 37.346697266386392755 36.716121365662921505 36.271885053684798095 35.957944360581798549 35.58166760815337426 35.201763109656575068 34.770496468135057455 34.339995377031250712 34.069234512492329259 33.936875784302124259 33.832729121267462347 33.752776412150161889 33.814975335125147637 33.705666596369148635 33.588682404766615264 33.479552718816592005 33.395808921643720169 33.853851177474545864 34.587485697924577721 35.107564173752841441 34.904091298817753852 34.821399010264507012 34.854066242059943193 34.82629393966875142 34.757168736971784995 34.884779822854284248 34.704024152225848354 34.546174375885733809 34.329586903739617298 34.187839345821515735 34.038561890672653476 33.904711852933623106 33.803121440594303238 33.7931671628427992 34.053511683123318221 nan nan nan nan nan nan nan nan nan nan
nan nan nan nan nan nan nan nan nan nan nan nan nan nan nan nan nan 38.086210342578795007 37.561638349288259064 37.000571760183071035 36.625300419818401565 36.333726590291661296 35.994171644176269353 35.613717545584826496 35.204822859878625252 34.82651299128519895 34.56212050905760691 34.448401774228706529 34.293779661570596318 34.275641576555244683 34.234960297004640495 34.107177580414393958 33.981329917913257077 33.868764342709432924 33.831878287202215461 34.396212389209132709 34.811468694412326386 35.281156524608903169 35.383911236993384364 35.218682764710038668 35.178254051805254221 35.12979732254255083 35.04848766156843709 35.223877503807472067 35.028356792076955628 34.847059090625357669 34.664823923315857712 34.454281222887701119 34.302256930247999378 34.169068740026439457 34.091662059911698179 34.067169414437969976 nan nan nan nan nan nan nan nan nan nan nan
nan nan nan nan nan nan nan nan nan nan nan nan nan nan nan nan nan 38.140634253456958902 37.684037629730930519 37.214777461581256546 36.860523169639343166 36.592500334415341001 36.294328829237144873 35.982009007510377785 35.642655989292720164 35.307360869512415036 34.997009875223206166 34.889081658230942651 34.769005466066317922 34.641452119197417403 34.544155289989753044 34.426474620822702377 34.346506935688474016 34.319504568371925757 34.295213827831886988 34.918386761827363785 35.356804858298424676 35.632825859310194971 35.779750010217348688 35.601487976729082163 35.514921016344018767 35.457434835640277981 35.370953684410871176 35.663067244772257425 35.4568353645880876 35.307806308388443028 35.103807573176972312 34.915687492850146612 34.685612366899000847 34.453012065412629283 34.322581666927568733 34.334948470919037788 nan nan nan nan nan nan nan nan nan nan nan
nan nan nan nan nan nan nan nan nan nan nan nan nan nan nan nan nan nan 37.703574511044301687 37.324650951113234498 37.02054012146864892 36.821059246846438384 36.585533147930924258 36.319135284038424061 36.080343382773619965 35.762671505500300384 35.343486997005946648 35.22430193709310231 35.120879347308644469 34.912802750124399154 34.819374049698339491 34.669540348000715824 34.616078555124545346 34.677709272240093696 34.725145952816326655 34.8267238138650157 35.348226767696282025 35.893401884533730595 36.117726445132582569 36.022509698135998235 35.85765430939747489 35.704267018311789172 35.65297248799898 36.099608335537318737 35.977463526667165183 35.787275407940349226 35.791851875862576549 35.572786281710385481 35.178061157021048189 34.782341263369495721 34.565980147097420172 nan nan nan nan nan nan nan nan nan nan nan nan
nan nan nan nan nan nan nan nan nan nan nan nan nan nan nan nan nan nan 37.688910643253791477 37.447060952346376439 37.244674714946135907 37.016368405470863934 36.849698472484156753 36.667001487216275279 36.415612009006778749 36.096255922948081718 35.692182515127498732 35.468452428107411833 35.299740270008818754 35.122687904074481935 35.033920696995529909 34.926309613261189213 34.892689238895165715 35.095968974138486374 35.138759632544378064 35.13638078706001977 35.08996522230345505 35.400099808622158548 36.283539099568926645 36.401822964617615241 36.194782480962174986 36.040284410660071046 36.027655273526505653 36.656776051379225123 36.696765249911706519 36.761461081192656764 36.455599700865455759 35.74501743025206224 35.351768796596594768 35.154705147064611026 nan nan nan nan nan nan nan nan nan nan nan nan nan
nan nan nan nan nan nan nan nan nan nan nan nan nan nan nan nan nan nan nan nan 37.478257070225858172 37.242057923593741009 37.075557367275337128 36.961138203993158413 36.74942626384436295 36.453067863408328719 36.066328211650215962 35.723981473406361431 35.512781324346597955 35.490565344012090065 35.366302255089962614 35.276368534699038548 35.232744844755401914 35.492749706226398132 35.585932355755041101 35.495309812424430618 35.411576270970748226 35.553129863063475113 36.391428816622827469 36.708520410237760245 36.597884576493086684 36.434347559877117817 36.468242210646934609 37.094770887170362528 37.637672954442408013 nan 36.455392258236486214 35.747086406250183188 nan nan nan nan nan nan nan nan nan nan nan nan nan nan nan
nan nan nan nan nan nan nan nan nan nan nan nan nan nan nan nan nan nan nan nan 37.709233867293995957 37.544549286179794478 37.330784780297470604 37.204694163123384953 37.028356175212778112 36.737414178401998299 36.409787701455762488 36.041885189474818674 35.803068636690746018 35.864139588964633276 35.967047908453260163 36.051419890958868564 36.188400187328646496 36.090271675061480039 35.98587900755815383 35.742436051297893584 35.776773232351644083 35.842877889097643163 36.286140910168093399 36.790665232768667181 36.897000897079408333 36.799631330352262637 37.053751147451713166 37.598103686501175957 nan nan nan nan nan nan nan nan nan nan nan nan nan nan nan nan nan nan nan
nan nan nan nan nan nan nan nan nan nan nan nan nan nan nan nan nan nan nan nan 38.053530278621735761 37.861200759502239066 37.670974413191217423 37.465395002494396692 37.308614885884232137 36.979794791780420837 36.681588892118682566 36.336406782096432266 36.161383474927646375 36.587232390942681093 37.073438453963014183 37.146859199176262223 37.014437084973764058 36.602473810830666423 36.364381514303858012 36.094459374191430356 36.132581572238606782 36.220240975616697199 36.527036687929403058 36.781274708817356611 36.97859337418194059 37.069774359146407505 37.263855865788684696 37.636733364933519397 nan nan nan nan nan nan nan nan nan nan nan nan nan nan nan nan nan nan nan
nan nan nan nan nan nan nan nan nan nan nan nan nan nan nan nan nan nan nan nan 38.456822005635700634 38.258723644800653574 37.966455875566403222 37.801123041730875229 37.515228092227346224 37.141629919302332041 36.88177235801577325 36.5887083442255161 36.407299365190304741 36.739632605990770742 37.671164634514816782 38.066308418121685975 37.408503885890489471 36.874002141588945847 36.702064500875245301 36.727187709096781987 36.79428238435318832 36.772334231984231678 36.853361974526848144 36.873222594300436583 37.043184080036674288 37.185013625923701852 37.302299679522015197 37.778208811322649296 nan nan nan nan nan nan nan nan nan nan nan nan nan nan nan nan nan nan nan
nan nan nan nan nan nan nan nan nan nan nan nan nan nan nan nan nan nan nan nan nan 38.694798322355239861 38.245890690355224706 37.99368145073658809 37.639459588216446662 37.268613321527347182 37.029587871264233456 36.765060047108953256 36.610344758660495756 36.746200439139791172 37.533670709070456439 38.457670820952316149 37.684330018537814055 37.292211462422358181 37.16594748431431583 37.58258680333029389 37.412813412397980528 37.255326436595893824 37.163998126506740505 37.049026005835116848 37.144453101225643366 37.331999056293106776 37.465977314505039431 nan nan nan nan nan nan nan nan nan nan nan nan nan nan nan nan nan nan nan nan
nan nan nan nan nan nan nan nan nan nan nan nan nan nan nan nan nan nan nan nan nan 38.636311687780278135 38.33104158961119623 38.085378962054804219 37.782088138019723544 37.426505234692065471 37.168665716858484416 36.907029442920880058 36.856259814856187518 37.053330034860934461 37.610515268279719692 38.787829150422588498 38.200596061244993962 37.735854425457851846 37.814869310827269544 38.263171929362840729 37.902047930250994057 37.676960486830665786 37.474117094516486759 37.304969642782971562 37.345517708444155858 37.58812758367164264 37.703855335964206574 nan nan nan nan nan nan nan nan nan nan nan nan nan nan nan nan nan nan nan nan
nan nan nan nan nan nan nan nan nan nan nan nan nan nan nan nan nan nan nan nan 38.920644362172332364 38.621820054911111697 38.405508902717222952 38.171581726869050044 37.872513171263697984 37.562134448946935095 37.293616754520115819 37.050967517940229357 37.361002803285636276 37.780850564540251924 38.105928124637038934 38.675726491243011651 38.736786714049173952 38.300945246088367924 38.744989285073479834 38.628204100901115225 38.191825285669295909 38.177665120949143329 37.889823321257601663 37.58756337282522253 37.617076048143673006 37.836512447426471795 nan nan nan nan nan nan nan nan nan nan nan nan nan nan nan nan nan nan nan nan nan
nan nan nan nan nan nan nan nan nan nan nan nan nan nan nan nan nan nan nan 39.241219447142555055 38.832050316725847949 38.62892014288343745 38.429497419366384747 38.221716379891503834 37.93511331619340865 37.661307224212976053 37.429109653105591349 37.226226777532630763 37.600991324144750649 37.815168061259029741 38.079161163301435522 38.237243402757684407 38.246225297321984726 38.505918835423017299 38.609177663985796869 38.655424791682825969 38.445871001086054264 38.547342465892789676 38.275903774766632637 37.911466666535758918 37.933468378828344214 nan nan nan nan nan nan nan nan nan nan nan nan nan nan nan nan nan nan nan nan nan nan
nan nan nan nan nan nan nan nan nan nan nan nan nan nan nan nan nan 40.187861579421451097 39.503604999934751163 39.084974006484920039 38.83997136163116437 38.67561581957114214 38.442525623183776418 38.263686363683248715 38.010939666860600994 37.762261719128034088 37.586116910353169374 37.396923954522421241 37.739374685911883489 37.806274733012045886 37.956030685116729728 38.400449797180407074 38.499980296232948263 38.196841933041291384 38.088581185568827436 nan nan nan nan nan nan nan nan nan nan nan nan nan nan nan nan nan nan nan nan nan nan nan nan nan nan nan nan
nan nan nan nan nan nan nan nan nan nan nan nan nan nan nan nan 40.558188554148188132 39.938314760900205158 39.349918931151115942 39.041169929570308739 38.897288164239363084 38.739960341286867163 38.495402817725334899 38.279317958846093006 38.054970256669356843 37.85690427564195204 37.714169255422618221 37.548860014270879049 37.713853959545907912 38.129558666784184595 38.079848048753810019 38.122288788319202979 38.55591344899904982 nan nan nan nan nan nan nan nan nan nan nan nan nan nan nan nan nan nan nan nan nan nan nan nan nan nan nan nan nan nan
nan nan nan nan nan nan nan nan nan nan nan nan nan nan nan nan 40.385653219028483818 39.658962517341414866 39.351700744887985195 39.158154413774916236 38.961938308459679092 38.800499425401930864 38.574879887925476396 38.301868985717078431 38.037967997006269627 37.911672336719050236 37.820638859639281293 37.719037052856975833 37.710434162624174803 38.227125845525911529 38.032637398283277719 38.181417696936037487 nan nan nan nan nan nan nan nan nan nan nan nan nan nan nan nan nan nan nan nan nan nan nan nan nan nan nan nan nan nan nan
nan nan nan nan nan nan nan nan nan nan nan nan nan nan nan nan 40.068449025359441862 39.686257243115505844 39.588808279113031574 39.395782967829575227 39.108688194250795789 38.898734067206873988 38.705867539185824455 38.569164321852710486 38.428263425116064411 38.201761276236581466 37.936080406788796893 37.913079270506948149 37.845519475523019537 nan nan nan nan nan nan nan nan nan nan nan nan nan nan nan nan nan nan nan nan nan nan nan nan nan nan nan nan nan nan nan nan nan nan
nan nan nan nan nan nan nan nan nan nan nan nan nan nan nan nan nan 39.93669870431266844 39.98949784548383235 39.648467860064428692 39.373182634773385757 39.084690150462371605 38.893727900059602121 38.752446211716247149 38.729721982567674843 38.748881264477923025 38.209269414849096336 nan nan nan nan nan nan nan nan nan nan nan nan nan nan nan nan nan nan nan nan nan nan nan nan nan nan nan nan nan nan nan nan nan nan nan nan
nan nan nan nan nan nan nan nan nan nan nan nan nan nan nan nan nan nan nan 39.936723363425549849 39.830319766531090409 39.417087145997996345 39.34425543283389004 39.221852063311551717 nan nan nan nan nan nan nan nan nan nan nan nan nan nan nan nan nan nan nan nan nan nan nan nan nan nan nan nan nan nan nan nan nan nan nan nan nan nan nan
nan nan nan nan nan nan nan nan nan nan nan nan nan nan nan nan nan nan nan nan nan nan nan nan nan nan nan nan nan nan nan nan nan nan nan nan nan nan nan nan nan nan nan nan nan nan nan nan nan nan nan nan nan nan nan nan nan nan nan nan nan nan nan
