results/rofental/precip_month_2020-03-01T0000_2020-03-31T2300.asc
ncols        322
nrows        225
xllcorner    622802.488000000012
yllcorner    5178049.378999999724
cellsize     100.000000000000
[rows 112 to 139 of 225, columns 189 to 251 of 322]
36.498134358668195887 35.393796065863369904 34.481034171303043934 33.635839147526333193 34.223673765103733047 35.139532536468379931 35.878382852933505376 36.779693691554207646 38.253760884209427218 39.721767250291797779 40.995096452042325552 42.288347055074510195 42.356894984744450028 42.207204641903523168 41.958360242407280793 41.534049532380826975 41.697322433945444686 43.232049201374991299 44.385155029363517087 45.069068905410496484 45.494683218955252357 45.312431483567529256 44.627497599410361317 44.547915582621804731 45.477156151688632235 46.377995074271737508 45.884908198770787635 nan nan nan nan nan nan nan nan nan nan nan nan nan nan nan nan nan nan nan nan nan nan nan nan nan nan nan nan nan nan nan nan nan nan nan nan
35.605532847410898967 34.682568467165786785 33.91394981471053427 34.570893526302207022 34.915597309328028075 35.903667781218970845 37.016388660220300721 38.0022317433538106 39.746388335402997427 40.986632519433712218 42.029199397185792009 42.834845052813172117 42.884380186549293512 42.800844975592760022 42.767656640648894495 42.250735348198475094 42.231038339224845402 43.059966086582988964 44.580303204740218348 45.960870916381779239 45.83126883096049653 45.334826446670355438 45.119777576653184781 45.535720306815335334 46.732199618090319859 nan nan nan nan nan nan nan nan nan nan nan nan nan nan nan nan nan nan nan nan nan nan nan nan nan nan nan nan nan nan nan nan nan nan nan nan nan nan
34.738778967369661643 34.005172719671179493 34.741387872821519522 35.32675026177722799 35.956684929865645017 36.898094351592789053 38.040698957335962405 39.341456508971191397 40.603783727825977223 41.82447579106840152 42.940395040183894082 43.441921639639801356 43.293402544933115905 43.130240289621262662 43.151605871606960818 42.805366603739983589 42.755454969630363848 42.951120063029300411 44.582269516362529771 46.274820641324495796 45.970900346342688181 45.376479495670992037 45.45828252191889618 46.390409830127467217 47.773009182720961974 nan nan nan nan nan nan nan nan nan nan nan nan nan nan nan nan nan nan nan nan nan nan nan nan nan nan nan nan nan nan nan nan nan nan nan nan nan nan
34.194079161670607903 34.727496709771195071 35.327181365890801601 36.060262408114674315 36.873676938408848969 37.920657652748431587 38.964189956344739585 39.81800051005502894 40.902061604150944163 42.223455265217161525 43.361697966388682346 43.923488309863465417 43.794268362912227133 43.889359032202463595 43.597171412883604091 43.265052244952912019 43.311634632805926515 43.300091649573836605 44.449075602253856232 46.282258040045562097 46.624189063368888242 46.122379583103885636 46.186677841774290698 46.944736211924613656 48.48069438034021772 nan nan nan nan nan nan nan nan nan nan nan nan nan nan nan nan nan nan nan nan nan nan nan nan nan nan nan nan nan nan nan nan nan nan nan nan nan nan
35.34680096095328139 35.698050812351461047 36.204506285170246827 37.22292631500769744 38.217735520728837173 39.142336554898164991 40.170148480570034621 41.084855799023081602 41.617366711849804517 42.29853494024114724 43.125401859389604908 44.365062995282052327 44.684581210196043344 44.560447487698382929 44.090151247458692296 43.778252286910621649 43.77876443651263827 43.9457268072005931 44.985155585732933048 46.812353340501211107 47.73706411524227633 47.264634567217441941 47.376128407241289153 48.219098759340646154 48.684370033312248438 nan nan nan nan nan nan nan nan nan nan nan nan nan nan nan nan nan nan nan nan nan nan nan nan nan nan nan nan nan nan nan nan nan nan nan nan nan nan
36.388490717660687324 36.799610429155016789 37.279967482960245206 38.810909142260456406 39.720484041926376051 40.459742115808445817 41.497757103708423188 42.218693488198510977 42.920538297196422661 43.561396502497714778 44.170902853850222414 44.656019848608735856 45.391273380212155075 45.083630653700339508 44.859956494012912742 44.629630340380501252 44.495309670921237455 44.674575740877628505 45.549875571194370139 47.20886426612267428 48.926377665207361645 49.035368591062137966 49.027065759381663668 49.539249878979532582 nan nan nan nan nan nan nan nan nan nan nan nan nan nan nan nan nan nan nan nan nan nan nan nan nan nan nan nan nan nan nan nan nan nan nan nan nan nan nan
37.478346381722928982 38.059663142218489895 39.047443764353538143 40.217274410998129497 41.054722894166779668 41.766052146500250331 42.546210782973801656 43.277081430636201276 44.071397834497382462 44.568841178394009717 45.338708499124614093 45.517719813514275984 45.560003854805906087 45.545111760951584756 45.474909485613956406 45.265376176501092687 45.068070838619803453 45.36312055036932378 46.47580841708931132 47.803496192569838286 49.485789352694077081 50.613949020949384305 50.647371793533132234 nan nan nan nan nan nan nan nan nan nan nan nan nan nan nan nan nan nan nan nan nan nan nan nan nan nan nan nan nan nan nan nan nan nan nan nan nan nan nan nan
38.52204866355108237 39.568188215599320756 40.816591606259613911 41.602754708761686686 42.224805858368654299 42.808699333145263211 43.6188365474146309 44.42171035855109551 44.896115165808019754 45.565616956436826968 45.912009694433287166 45.818886947626978667 45.731197994360861969 45.92207368716468352 45.787993144262721046 45.655678017252192546 45.533526787130057301 46.004809889151289326 47.247175771240094377 49.001670395403223779 50.380501117191258231 51.700600992044961401 nan nan nan nan nan nan nan nan nan nan nan nan nan nan nan nan nan nan nan nan nan nan nan nan nan nan nan nan nan nan nan nan nan nan nan nan nan nan nan nan nan
39.747320446024346552 41.184333090560741653 42.217542725985140351 42.896517968038622826 43.29332864647464163 43.881677726200621237 44.629199495982106782 45.269108583916576549 46.10446747536362011 46.437992959279625893 46.333771775731264597 45.987304889705207245 45.9464571852054533 46.33210666015585133 46.217930877749857643 46.275144111357029431 46.165439368302259027 47.150781309342121972 48.649272874231371588 49.506902587092923795 51.13963686396485997 52.751237307824062839 nan nan nan nan nan nan nan nan nan nan nan nan nan nan nan nan nan nan nan nan nan nan nan nan nan nan nan nan nan nan nan nan nan nan nan nan nan nan nan nan nan
41.126687830215772124 42.376180287757080123 43.360444573140753732 43.905051459876098363 44.376651164720868792 44.887677604496914796 45.563931130361339683 46.201634924903672186 47.43042145558152356 46.808315160448266568 46.574880564205010103 46.189778193699162046 46.112823474742711483 46.513976311328455893 46.757640984954939256 46.893721122662661571 46.878715802676907742 47.851646808100738895 49.466565070930940351 50.361204525978585878 51.876043027830348819 53.400776763229124811 nan nan nan nan nan nan nan nan nan nan nan nan nan nan nan nan nan nan nan nan nan nan nan nan nan nan nan nan nan nan nan nan nan nan nan nan nan nan nan nan nan
41.736189299263429575 43.082425157081523537 43.827530076187791508 44.630590562781826236 45.217558613603493711 45.772200544391381527 46.623553116094655024 47.604063692437065924 48.103747837869789805 47.068931560376427115 46.848952456849914938 46.433473501609846323 46.532899220407912821 47.060831837391283727 47.186259503999458786 47.192288473887437306 47.431542342764991815 48.145456129397189216 49.846162182466883905 50.836787039928431398 52.183670437102904316 53.447601781444397773 nan nan nan nan nan nan nan nan nan nan nan nan nan nan nan nan nan nan nan nan nan nan nan nan nan nan nan nan nan nan nan nan nan nan nan nan nan nan nan nan nan
42.351033040128221785 43.397881394421247592 44.060056806257556161 45.211100729363892015 45.903071787486119604 46.559179942055976653 47.743544946371869742 48.621824624085121513 48.090867953173564331 47.432815905252198263 47.261585667035397762 47.129799384680083563 47.44558109384909983 47.662051301728652675 47.645707056801875012 47.568093010897491979 47.958022412826963432 48.331123957580189199 48.960524691362273586 50.121846708530171099 51.364332689511535079 52.767684293431202036 nan nan nan nan nan nan nan nan nan nan nan nan nan nan nan nan nan nan nan nan nan nan nan nan nan nan nan nan nan nan nan nan nan nan nan nan nan nan nan nan nan
42.896785330687123405 43.759048206608753162 44.641518454716241138 45.720434780146803178 46.441835881387156348 47.603040354743029638 49.033060302515693252 49.344933289988787806 48.324297711230798313 47.745471585861515962 47.451687927424586633 47.556718760389131262 47.784357588426288999 47.96925548660198757 47.917109344335734988 47.771190766048761134 48.079548995032098446 48.610582111673380723 48.760689687568046224 49.531154181251707769 51.090818889096880184 52.391522947219847595 nan nan nan nan nan nan nan nan nan nan nan nan nan nan nan nan nan nan nan nan nan nan nan nan nan nan nan nan nan nan nan nan nan nan nan nan nan nan nan nan nan
43.252895113886921763 44.205227912720843619 45.232421824176121561 46.206376834985213975 47.011308827662993792 48.464245726836942652 49.596330281495781378 49.179746764753154764 48.853652552454427394 48.282847744915379451 48.100814593448554035 48.12575435471800489 48.211053946619223609 48.270630635844092637 48.105271270403378026 48.037544731033975154 48.451873508421151371 48.805562619871480479 49.066850922517303957 49.408892757397119055 51.126142494287257989 52.248282473265177828 nan nan nan nan nan nan nan nan nan nan nan nan nan nan nan nan nan nan nan nan nan nan nan nan nan nan nan nan nan nan nan nan nan nan nan nan nan nan nan nan nan
43.435734288871501008 44.550321565458041562 45.776933309248192927 46.674621759883692107 47.655687111298988157 48.925166189061606303 50.067015203910194998 49.670922612335502322 49.247415454639522636 48.902668197281329299 48.681379451825883109 48.523684380312118947 48.519611240855375911 48.452013939779483565 48.309150947995078695 48.47879541242305379 49.462377070972586068 49.448768394310611995 49.670805574711039299 49.823932049238749187 50.764845036969767023 nan nan nan nan nan nan nan nan nan nan nan nan nan nan nan nan nan nan nan nan nan nan nan nan nan nan nan nan nan nan nan nan nan nan nan nan nan nan nan nan nan nan
43.627280297228821837 44.906364019105552643 45.919593814056277381 47.0250626861044978 48.077494001146149571 49.154652682325043145 50.384362988764053171 50.486884031845576715 49.707056222365672227 49.393231212507060945 49.089607819109694731 48.83930106271071736 48.672797532002832099 48.589506257783249055 48.531459330371063743 48.946402322295490706 49.961284028066621943 50.272421230416206583 50.178784663667649113 50.338883962515474479 51.218609546365541974 nan nan nan nan nan nan nan nan nan nan nan nan nan nan nan nan nan nan nan nan nan nan nan nan nan nan nan nan nan nan nan nan nan nan nan nan nan nan nan nan nan nan
44.554396974744051363 45.233895266766516841 46.228250650287350254 47.393122330377131846 48.927762153194500172 49.909941790996349198 51.030091341615893441 50.393525991323883773 49.963703365448374427 49.592337598045467928 49.290203125044172339 48.992222179223965384 48.824285352463441257 48.765274022640561213 48.758875878300479201 49.154634282206096429 50.082598824029581408 50.961114696148491987 50.815612788619048956 50.998107062026761582 51.578033587249500158 nan nan nan nan nan nan nan nan nan nan nan nan nan nan nan nan nan nan nan nan nan nan nan nan nan nan nan nan nan nan nan nan nan nan nan nan nan nan nan nan nan nan
44.986670068757327101 45.780351076599394844 46.582890087887953712 47.509084234495553289 48.909977890356877595 50.128593344864860626 51.026389777299385742 50.769343957007720292 50.15506389209382121 49.626184690448248205 49.344131087835279459 49.05025151308200293 48.965984359191928377 48.933663352089894261 49.064763570114450886 49.500535701304123393 50.081793735369032561 51.343630188926461244 51.761019716020996384 nan nan nan nan nan nan nan nan nan nan nan nan nan nan nan nan nan nan nan nan nan nan nan nan nan nan nan nan nan nan nan nan nan nan nan nan nan nan nan nan nan nan nan nan
45.400335512398349636 45.979828198272471695 46.723937909504329014 47.827734049782222314 48.871994127316199297 49.800359455170941203 50.656960789626566566 51.082204962136401605 50.422941622851467969 49.831543942758614207 49.586143333033810165 49.346085063584872898 49.199874308944899326 49.292525719316586219 49.770131672199269701 49.956274015833443514 50.36375894587393276 51.595286275294867551 nan nan nan nan nan nan nan nan nan nan nan nan nan nan nan nan nan nan nan nan nan nan nan nan nan nan nan nan nan nan nan nan nan nan nan nan nan nan nan nan nan nan nan nan nan
45.209271416192201798 46.043730610077197696 46.778617971817581633 47.634889364252700261 48.083367217355984735 48.802348399260353062 50.03349600335361913 51.271846345773823828 50.84744051128603104 50.375221831474078726 50.012135097008851403 49.827442972318195302 50.098139060248890075 50.743161374331883451 50.70393215106061291 50.386186749660531348 50.822681888183637966 nan nan nan nan nan nan nan nan nan nan nan nan nan nan nan nan nan nan nan nan nan nan nan nan nan nan nan nan nan nan nan nan nan nan nan nan nan nan nan nan nan nan nan nan nan nan
45.843240130945495991 46.411762982241633324 46.854778256304356887 47.45407838633574471 47.817771381121659147 48.655611244734977561 49.913470379915942488 51.112275636698868198 51.300427029885838692 50.989143078356775618 50.740061163730516114 50.689056668979475262 nan nan nan 50.706793647623300103 nan nan nan nan nan nan nan nan nan nan nan nan nan nan nan nan nan nan nan nan nan nan nan nan nan nan nan nan nan nan nan nan nan nan nan nan nan nan nan nan nan nan nan nan nan nan nan
46.26577036632208717 46.521134156160499629 46.830910886609267152 47.255926649086347879 47.978423529303569239 48.994742729827251537 50.060976722876588951 51.303500285687775317 51.977108640280512475 nan nan nan nan nan nan nan nan nan nan nan nan nan nan nan nan nan nan nan nan nan nan nan nan nan nan nan nan nan nan nan nan nan nan nan nan nan nan nan nan nan nan nan nan nan nan nan nan nan nan nan nan nan nan
45.983477223518562482 46.509432675406984004 46.889882085583302285 47.285836253317718558 48.27679074670818693 49.383872831747538612 50.407717270208244997 51.54641777858795848 nan nan nan nan nan nan nan nan nan nan nan nan nan nan nan nan nan nan nan nan nan nan nan nan nan nan nan nan nan nan nan nan nan nan nan nan nan nan nan nan nan nan nan nan nan nan nan nan nan nan nan nan nan nan nan
46.058130743526582762 46.432042643287815054 46.948973585012168996 47.512233867975552926 48.644949330720869796 49.720486699982103573 50.707279201181897577 51.447376625463540734 nan nan nan nan nan nan nan nan nan nan nan nan nan nan nan nan nan nan nan nan nan nan nan nan nan nan nan nan nan nan nan nan nan nan nan nan nan nan nan nan nan nan nan nan nan nan nan nan nan nan nan nan nan nan nan
46.159672985945412904 46.353306979988964542 46.703751074358791584 47.197778754553027625 47.842067652037520986 48.90339613819010367 49.957499485872837397 51.199513267900215396 nan nan nan nan nan nan nan nan nan nan nan nan nan nan nan nan nan nan nan nan nan nan nan nan nan nan nan nan nan nan nan nan nan nan nan nan nan nan nan nan nan nan nan nan nan nan nan nan nan nan nan nan nan nan nan
46.230266486900390532 46.401684148816201514 46.59903731060796872 46.824141190961476866 47.284528356974234953 48.281656753003048266 49.705950914025095244 51.09007715413472539 52.219657310664189254 nan nan nan nan nan nan nan nan nan nan nan nan nan nan nan nan nan nan nan nan nan nan nan nan nan nan nan nan nan nan nan nan nan nan nan nan nan nan nan nan nan nan nan nan nan nan nan nan nan nan nan nan nan nan
46.378629418068939572 46.510058770599648881 46.836759749788498652 47.009820915178330836 47.129176286681065733 47.767286340957149093 49.099619618551592737 50.373896715251220257 51.775318417236519508 nan nan nan nan nan nan nan nan nan nan nan nan nan nan nan nan nan nan nan nan nan nan nan nan nan nan nan nan nan nan nan nan nan nan nan nan nan nan nan nan nan nan nan nan nan nan nan nan nan nan nan nan nan nan
46.536485804567433888 46.717635617779976087 47.005764633521394558 47.142669966489933131 47.219863439571433616 47.624610518738244025 49.038775954124126599 50.387191867002805168 51.824704159496974398 nan nan nan nan nan nan nan nan nan nan nan nan nan nan nan nan nan nan nan nan nan nan nan nan nan nan nan nan nan nan nan nan nan nan nan nan nan nan nan nan nan nan nan nan nan nan nan nan nan nan nan nan nan nan
