results/rofental/precip_month_2020-06-01T0000_2020-06-30T2300.asc
ncols        322
nrows        225
xllcorner    622802.488000000012
yllcorner    5178049.378999999724
cellsize     100.000000000000
[rows 168 to 195 of 225, columns 63 to 125 of 322]
nan nan nan nan nan nan nan nan nan nan nan nan nan nan nan nan nan nan nan nan nan nan nan nan nan nan nan nan 166.02302161379344625 162.46879122157199049 159.93021637265766799 158.74515922068269447 157.59666238105916136 156.2078868574020305 154.16198962915566995 150.79926549083384657 149.49174001992014382 148.66346523160837023 147.36095287286258326 145.87913786402700111 144.97650461134128363 144.07560048901078176 143.31423948621082332 142.27647484958481527 140.75572367173248267 139.56680972396227958 138.62162309456243747 137.58522955681127087 136.53173368266820376 135.67568043419217361 134.87956171345163625 134.12436176075860317 133.38397131229265824 132.68272869188305663 131.96967063137239506 131.22464963834508467 130.61500483434079456 130.01985416348867375 129.50575088470282026 129.49619535795321212 129.98461669849444888 131.48556559739159866 133.16970444496644177
nan nan nan nan nan nan nan nan nan nan nan nan nan nan nan nan nan nan nan nan nan nan nan nan nan nan nan nan 166.36665750736631253 162.38959192134501563 158.91345426264734897 157.82889753283862433 156.96307534007024742 155.86410482392261656 154.21532145401934599 151.86517150713191882 149.15645913215945484 148.12568201239329824 147.029875374337621 146.00813010546198711 145.13801486712856104 143.78145973893524001 142.7516015161911298 141.93938241334473105 140.5609666882725719 139.32333886272678569 138.3652198524703465 137.33176337580769655 136.32227569853588989 135.51652014001490443 134.82293143398652546 134.12663303829799588 133.44188193010492682 132.73842977339893423 132.02124570665034753 131.31733782111950859 130.87593221840754154 130.635722546260439 130.83970884756683972 131.21826913525492841 131.85202491985859297 133.77467036038612491 135.36791495467801383
nan nan nan nan nan nan nan nan nan nan nan nan nan nan nan nan nan nan nan nan nan nan nan nan nan nan nan 164.78755099980389787 163.86082518300310085 160.38798642137405182 157.9131664548694971 156.80376257381499272 156.21023458310941123 155.39659636159291267 153.9536483602784358 152.03320420772530497 149.89181943039142197 148.01142094787584824 146.58378582199952689 146.10648557041542972 145.31830611536867082 143.61869254125588213 142.21186409543116724 141.5063545769561415 140.55854626313865197 139.5238814450139273 138.39144053184401173 137.29276333004381172 136.33619517044007807 135.52110371992858973 134.83402739169645201 134.07876247698570182 133.41280988956191322 132.69316342319618229 132.05403059347688099 131.86364449898272255 131.90603995499401435 132.2440600517876419 132.60137282300070183 133.09634273268002858 134.24124817049343505 136.35238557188048958 138.31249538521356612
nan nan nan nan nan nan nan nan nan nan nan nan nan nan nan nan nan nan nan nan nan nan nan nan nan nan nan 163.4319004881795081 161.1158544636480201 159.10998546824683331 157.55196070765242666 156.17862431186588879 155.5558021075597992 154.80958258878214906 153.75188673394140437 152.4716900965246964 150.82343747337557716 148.59282464554493686 146.8550871440997696 146.31658606495059871 145.4744535742680398 143.47414005267640391 141.92144686279280563 141.35111668263419915 140.70976870988081942 139.85767443071381422 138.72317552287393028 137.62148087277995501 136.72912768187049437 135.87642452797587111 135.16118323230188025 134.17674689120991616 133.57955703041309903 133.3226798219562852 133.16704237798296617 133.22028688757890791 133.66978088890897425 134.01408302552570717 134.57672299117254511 135.36243091477126654 137.06747492995867788 138.61264942245779253 nan
nan nan nan nan nan nan nan nan nan nan nan nan nan nan nan nan nan nan nan nan nan nan nan nan nan nan nan nan 161.64603007266811119 158.6948498133533576 157.3114306415216106 156.24874321185967574 155.32689355192187008 154.29945936131514372 153.28772471327368976 152.44452905378707896 150.99309446229909781 149.45491956672429978 147.93673836245937991 146.69318805450978971 145.78397406622735843 143.97274535361060543 142.2880753823972384 141.51173793942521684 140.9168059800933861 140.13260674658042149 138.80237898415762743 137.8066655073540403 137.04939137083067635 136.42141306575749127 135.96035426602651341 135.53735747069680428 135.48615209941095827 135.31703655811404019 135.32011362133357579 135.45208410369386343 136.04258681223262784 136.27310987919292984 136.78074301367334442 137.50256932283156175 139.89418706935575187 140.14009609064768824 nan
nan nan nan nan nan nan nan nan nan nan nan nan nan nan nan nan nan nan nan nan nan nan nan nan nan nan nan nan nan 160.3370463076886665 157.49170680688914103 156.47698351141690409 155.46035132157899739 154.21276711596388509 152.96548879883712857 151.95136124970778724 150.73085982412115413 149.52881681901965294 148.04406970758122952 146.65479435668305541 145.81876178591136295 144.18806930204138439 142.53284865865055053 141.67550747067332395 141.15103555068495211 140.35173975326733853 138.96505043422513381 138.40754226936630289 137.99181237157296209 137.64110693636740734 137.7769126878201007 137.59292083686128194 137.05455619279592838 137.1024122909924472 137.49007980526178585 137.8530458698459995 138.32377194241450979 138.52836698135038773 139.44211106255673371 140.83848061519154271 141.02502411759888901 nan nan
nan nan nan nan nan nan nan nan nan nan nan nan nan nan nan nan nan nan nan nan nan nan nan nan nan nan nan nan nan nan 160.02912406829656788 158.10426603128328793 156.34344186036688029 154.77959596030322587 153.47022967824995021 151.72468349437258439 150.55908107922704176 149.42097127264693768 148.03627477312446103 147.09944353671301087 146.40299382074113055 145.16549000563009031 143.80824826312633036 142.9145055346354809 142.3143241212000305 141.5053824010842618 140.65868229330538952 140.13577120357712147 139.65171091055114516 139.25092682072019556 139.16742672625377963 138.76893892699845878 138.77330425406921677 139.3788824822528909 139.67468185846144024 140.26504422143918305 140.82746564571917247 141.59519992259066612 nan nan nan nan nan
nan nan nan nan nan nan nan nan nan nan nan nan nan nan nan nan nan nan nan nan nan nan nan nan nan nan nan nan nan nan nan nan nan nan nan 151.8405833776384668 150.79755096901587308 149.6689669936640712 148.77757602684513927 148.30865117511518747 147.80709522451223847 146.89779778210171912 146.65272088231847647 145.5502196979166456 144.20004681472559582 142.98893574918764671 142.03505994143208113 141.06591212854465311 140.71297553797487012 140.31433489759703548 140.15168978801511912 140.38493314247537569 141.34909783477056067 nan nan nan nan nan nan nan nan nan nan
nan nan nan nan nan nan nan nan nan nan nan nan nan nan nan nan nan nan nan nan nan nan nan nan nan nan nan nan nan nan nan nan nan nan nan nan nan nan nan nan nan nan nan nan nan nan 142.23417560399389004 141.68256469769218597 141.58423118135925733 141.32267282933847241 141.60298099520719006 142.58740506282492788 143.14881191837758934 nan nan nan nan nan nan nan nan nan nan
nan nan nan nan nan nan nan nan nan nan nan nan nan nan nan nan nan nan nan nan nan nan nan nan nan nan nan nan nan nan nan nan nan nan nan nan nan nan nan nan nan nan nan nan nan nan nan 142.16674201481029627 142.86852426402194283 142.29269518523284432 142.9593828540433833 nan nan nan nan nan nan nan nan nan nan nan nan
nan nan nan nan nan nan nan nan nan nan nan nan nan nan nan nan nan nan nan nan nan nan nan nan nan nan nan nan nan nan nan nan nan nan nan nan nan nan nan nan nan nan nan nan nan nan nan nan nan nan nan nan nan nan nan nan nan nan nan nan nan nan nan
nan nan nan nan nan nan nan nan nan nan nan nan nan nan nan nan nan nan nan nan nan nan nan nan nan nan nan nan nan nan nan nan nan nan nan nan nan nan nan nan nan nan nan nan nan nan nan nan nan nan nan nan nan nan nan nan nan nan nan nan nan nan nan
nan nan nan nan nan nan nan nan nan nan nan nan nan nan nan nan nan nan nan nan nan nan nan nan nan nan nan nan nan nan nan nan nan nan nan nan nan nan nan nan nan nan nan nan nan nan nan nan nan nan nan nan nan nan nan nan nan nan nan nan nan nan nan
nan nan nan nan nan nan nan nan nan nan nan nan nan nan nan nan nan nan nan nan nan nan nan nan nan nan nan nan nan nan nan nan nan nan nan nan nan nan nan nan nan nan nan nan nan nan nan nan nan nan nan nan nan nan nan nan nan nan nan nan nan nan nan
nan nan nan nan nan nan nan nan nan nan nan nan nan nan nan nan nan nan nan nan nan nan nan nan nan nan nan nan nan nan nan nan nan nan nan nan nan nan nan nan nan nan nan nan nan nan nan nan nan nan nan nan nan nan nan nan nan nan nan nan nan nan nan
nan nan nan nan nan nan nan nan nan nan nan nan nan nan nan nan nan nan nan nan nan nan nan nan nan nan nan nan nan nan nan nan nan nan nan nan nan nan nan nan nan nan nan nan nan nan nan nan nan nan nan nan nan nan nan nan nan nan nan nan nan nan nan
nan nan nan nan nan nan nan nan nan nan nan nan nan nan nan nan nan nan nan nan nan nan nan nan nan nan nan nan nan nan nan nan nan nan nan nan nan nan nan nan nan nan nan nan nan nan nan nan nan nan nan nan nan nan nan nan nan nan nan nan nan nan nan
nan nan nan nan nan nan nan nan nan nan nan nan nan nan nan nan nan nan nan nan nan nan nan nan nan nan nan nan nan nan nan nan nan nan nan nan nan nan nan nan nan nan nan nan nan nan nan nan nan nan nan nan nan nan nan nan nan nan nan nan nan nan nan
nan nan nan nan nan nan nan nan nan nan nan nan nan nan nan nan nan nan nan nan nan nan nan nan nan nan nan nan nan nan nan nan nan nan nan nan nan nan nan nan nan nan nan nan nan nan nan nan nan nan nan nan nan nan nan nan nan nan nan nan nan nan nan
nan nan nan nan nan nan nan nan nan nan nan nan nan nan nan nan nan nan nan nan nan nan nan nan nan nan nan nan nan nan nan nan nan nan nan nan nan nan nan nan nan nan nan nan nan nan nan nan nan nan nan nan nan nan nan nan nan nan nan nan nan nan nan
nan nan nan nan nan nan nan nan nan nan nan nan nan nan nan nan nan nan nan nan nan nan nan nan nan nan nan nan nan nan nan nan nan nan nan nan nan nan nan nan nan nan nan nan nan nan nan nan nan nan nan nan nan nan nan nan nan nan nan nan nan nan nan
nan nan nan nan nan nan nan nan nan nan nan nan nan nan nan nan nan nan nan nan nan nan nan nan nan nan nan nan nan nan nan nan nan nan nan nan nan nan nan nan nan nan nan nan nan nan nan nan nan nan nan nan nan nan nan nan nan nan nan nan nan nan nan
nan nan nan nan nan nan nan nan nan nan nan nan nan nan nan nan nan nan nan nan nan nan nan nan nan nan nan nan nan nan nan nan nan nan nan nan nan nan nan nan nan nan nan nan nan nan nan nan nan nan nan nan nan nan nan nan nan nan nan nan nan nan nan
nan nan nan nan nan nan nan nan nan nan nan nan nan nan nan nan nan nan nan nan nan nan nan nan nan nan nan nan nan nan nan nan nan nan nan nan nan nan nan nan nan nan nan nan nan nan nan nan nan nan nan nan nan nan nan nan nan nan nan nan nan nan nan
nan nan nan nan nan nan nan nan nan nan nan nan nan nan nan nan nan nan nan nan nan nan nan nan nan nan nan nan nan nan nan nan nan nan nan nan nan nan nan nan nan nan nan nan nan nan nan nan nan nan nan nan nan nan nan nan nan nan nan nan nan nan nan
nan nan nan nan nan nan nan nan nan nan nan nan nan nan nan nan nan nan nan nan nan nan nan nan nan nan nan nan nan nan nan nan nan nan nan nan nan nan nan nan nan nan nan nan nan nan nan nan nan nan nan nan nan nan nan nan nan nan nan nan nan nan nan
nan nan nan nan nan nan nan nan nan nan nan nan nan nan nan nan nan nan nan nan nan nan nan nan nan nan nan nan nan nan nan nan nan nan nan nan nan nan nan nan nan nan nan nan nan nan nan nan nan nan nan nan nan nan nan nan nan nan nan nan nan nan nan
nan nan nan nan nan nan nan nan nan nan nan nan nan nan nan nan nan nan nan nan nan nan nan nan nan nan nan nan nan nan nan nan nan nan nan nan nan nan nan nan nan nan nan nan nan nan nan nan nan nan nan nan nan nan nan nan nan nan nan nan nan nan nan
