results/rofental/precip_month_2020-02-01T0000_2020-02-29T2300.asc
ncols        322
nrows        225
xllcorner    622802.488000000012
yllcorner    5178049.378999999724
cellsize     100.000000000000
[rows 168 to 195 of 225, columns 126 to 188 of 322]
79.450356444559801616 79.575299208653675009 79.800283325659876255 80.147746242743082234 81.937061318472473204 84.692287115294405453 84.181074364070198612 82.249330333866993215 81.418280445277403601 81.896112544136130396 82.078599604116689648 82.114556624115465411 82.83353351327451719 83.516801936601481771 84.563101120165129032 86.361135779110227872 87.889026451619159275 90.184013483990582927 92.186090001427686502 94.122999921284559832 95.896354250351649284 97.387422548134850331 98.479853589937562219 98.364845095409862097 97.671354818021669075 96.721791577536805562 95.929453187746617004 95.831011856714582109 96.321192428124234652 96.43849785436063371 96.081590658671345295 95.293444745196850931 95.242433538116557656 95.716157388906950132 97.572831531354694334 98.342683212618666744 99.227563134034653558 99.317513859190356129 99.196798353920442537 99.201668208877265442 100.23532620825163519 101.71578159753713066 102.96120961991144327 103.22627303963001566 103.2025994819779271 103.77848330946895317 104.4270006859517963 104.40646550168150952 104.09944165022977813 103.91554593857438249 103.79773560346227157 104.61624979401165092 107.9387730242247585 111.85562914242368038 nan nan nan nan nan nan nan nan nan
80.704137571919844163 79.993812827519761299 79.158443979624877329 79.104711258673788166 80.160957426011535176 nan nan 79.180169915335781639 78.253459266512933823 78.214646593826557819 78.466366480273507023 78.322034355616793277 78.41638901979848697 78.444293138012156419 79.248174385810841613 80.803844746660999476 82.669509557568190417 84.825235151372908149 86.490038599499385441 88.649545449824515231 90.779678976460800754 92.145330275100562289 92.804715249292272006 92.51996445316362383 92.291043019741607623 92.08487860283163684 92.1937780022994815 93.162397313444884617 93.805576090960926194 94.296988988698515755 94.140839570471797515 93.565459443092038327 93.939882352351801842 94.973014102541327475 96.151717650827691841 97.152503106638803843 98.007561836915954245 98.653938888422914033 98.594257445905455484 99.079263928609250911 100.69774165612844286 102.26027940014861883 103.12983848422743449 103.19477375028063193 103.18941468726119126 103.75706329253020499 104.30520420249294489 104.42872086767670226 104.10775460263783998 104.13397658289541425 104.1058948070987924 104.9693293755359349 107.75884822262312923 111.03174870686531506 nan nan nan nan nan nan nan nan nan
81.336084921638317269 80.031392781976379069 78.539188851026239035 78.298757407385323859 nan nan nan nan nan nan 74.791883452705945956 74.121426425890106771 73.640587814575795278 73.779096747864457484 74.4753488442990772 75.738861024976060321 77.521428354196402211 79.500115460788350674 81.413651718101448296 83.385215245062397571 84.591525165151963961 85.559017536777474788 86.298975582364946035 86.709052203361125066 87.159483047012997758 87.571050152605607764 88.970432674439479115 90.467226627537755235 91.303163091928382755 92.050987499895455812 92.102867314467999904 91.948749135125765974 92.906570551718544948 93.888481441194841182 95.009254440260306751 95.962545597204055525 97.319815192645037882 98.276692004538858782 98.464408335398090344 99.621130973643232664 101.34663166601106354 102.68289920670403603 103.06673475992337785 102.89024035677417146 103.29108581638699604 104.19988868418747074 104.56762720641081899 104.4025006006780103 104.03218659278309133 104.21307941871246783 104.4242613245893665 104.93430871608988753 108.21885789548365153 111.04845601967356572 nan nan nan nan nan nan nan nan nan
80.709771962729803363 nan nan nan nan nan nan nan nan nan 71.05090073873044787 69.780204223090592563 68.407177831140387525 68.39056385135728533 68.978188136841424694 69.980424952201147448 71.40270672485340242 73.454952735908634054 75.081719369708707745 76.769036015428866904 78.289220417209449465 79.509437783194357507 80.461873535041547711 81.423393620880830213 82.690121900953300838 83.76059777932414363 85.936414487321471256 87.682936883992127264 88.805191221414432334 89.7371230127864834 90.165152569750901534 90.436236577301130524 91.958038724668554664 93.122363758042283166 94.147600028194375454 95.204377506997275304 96.476729252766958211 98.182765453680644896 99.123068688477275145 100.61683419768682768 102.00866209990775246 102.77911679602898687 102.81518998132675335 103.15183226321654786 104.00903124766871599 104.46818682391656807 104.6352531515405957 104.34543276082038687 103.88547632973346424 104.05365968368371909 104.42167949824469986 105.05661951742536075 106.20345565508114305 108.3131257778021137 111.31112443157884684 nan nan nan nan nan nan nan nan
nan nan nan nan nan nan nan nan nan nan nan 65.306740861279976684 63.499792986351209834 63.051472076979329984 63.570518984545905994 64.488134686726780842 66.204353529633365838 67.710815061487480193 69.413601728176843153 70.944230463561282818 72.312286191725689832 73.600625724838991459 75.063070012871463632 76.511752625511192605 78.536914514688632494 80.523076241885178206 82.904377754382139187 84.922302514159966336 86.341757819249366435 87.530501622635327408 88.433651069333805594 89.088124920380280969 90.865666985795854771 92.527530488327371927 93.505621494929457072 94.368520546466470478 96.179985024684725659 98.147973310403543223 99.653825796842156137 101.31657003806995476 102.48107446212152638 102.77255260117519242 103.29860182440069138 103.76753931137697862 104.09095933131865763 104.33708635902736717 104.46610213517004695 104.20657475705303341 104.1349837123071751 104.162070413345063 104.48590614752009742 105.09008003270307086 106.24356917402965905 107.91997324144577419 111.81626594657855378 nan nan nan nan nan nan nan nan
nan nan nan nan nan nan nan nan nan nan nan nan nan 58.916484446967793076 58.921177079008415944 59.427198821473069756 60.615284940129669167 62.109586606423995647 63.833155478169757657 65.284397077504351614 66.760133349818403303 68.463965943172880202 70.252883081419525979 72.683394756117650104 75.309424180947999616 77.550373980171599442 80.058782744387386288 82.300410431767474506 83.987541054985300093 85.493750478885431221 86.829738405254843769 88.028967293438498132 89.817260267659676742 91.412454813134047527 92.751841115223925271 93.966916607330063016 96.069220485561672263 98.281639062039673149 100.13338735649659839 101.39090409829155703 102.20294632390201173 102.7276073470231097 104.05612844826339369 103.91437551019053842 104.10832562376836563 104.21761464092853089 104.23763377252285522 104.22510434695283266 104.36229715182317079 104.4895248323581427 104.6811954675349341 105.096453178594885 106.44751337645453759 109.61808034894866637 111.58994895740208619 113.27148703551164033 nan nan nan nan nan nan nan
nan nan nan nan nan nan nan nan nan nan nan nan nan nan nan 55.308262258520294097 55.92905396731956813 57.381939876996071348 58.839476749916499898 60.434754116311751204 62.039435968757047135 64.154282701593018601 66.74091025678769995 69.863475607557816716 72.489790983039569028 74.725542143982735865 77.344757731699289138 79.843561062566465125 81.821904435668372457 83.585166683775483421 85.515313190906411478 87.158161322313958408 88.659580143283193365 90.093650863624745284 91.644825275119657704 93.840460270557812805 96.637662754186706593 98.908166249481737964 100.46297924320731454 101.39121385255197083 102.07457656816822578 102.58531856204078281 103.34053237224826205 104.20048904577006965 104.15191419150652052 104.31587411079624417 104.29931891676034184 104.30133644955795091 104.31283268010987797 104.40618769834735247 104.72757431373206316 105.30067051323671024 106.78430521759128169 110.71684788413683975 112.202278336393519 nan nan nan nan nan nan nan nan
nan nan nan nan nan nan nan nan nan nan nan nan nan nan nan 52.119386026623530483 52.353891143823574339 53.705753469290122837 54.878474221436611913 56.01759831494059938 58.19913535006661931 61.000055861799545198 64.21408763940036124 67.276195637755719758 69.948399771125195912 72.215929480830752141 74.920791396926148309 77.680870152596199318 80.032059495360556411 82.067026770682375059 84.648322656353528259 86.343982769026183632 87.846148522782911527 89.170546038857011695 90.543776229286876855 93.32615179526996485 97.672850351507392475 100.43221830317317256 100.48655179252190806 101.23780831829081706 102.08994010709933775 102.71275846562394918 103.14516366436969008 104.55877636074295367 104.5957447482760756 104.76216816022025569 104.69087008737857047 104.4509298094778984 104.47675504805411606 104.56879000386292944 104.89086320887692239 105.67206803552979011 107.25847296307881606 110.04626626036589698 nan nan nan nan nan nan nan nan nan
nan nan nan nan nan nan nan nan nan nan nan nan nan nan nan nan 49.873759637188022964 50.900335783267500744 51.919349376185607525 53.270249112655676527 55.761893405861670203 59.014333958211231845 62.109692984718925857 65.134599107668734064 67.780033329633170069 70.172884777907071907 72.904259686437512755 75.85972519179810547 78.58561411412641462 81.075515898582466434 83.829257280533028052 85.600058738256805668 87.083681924137323449 88.374276001171708117 89.573256956745566981 92.806424974112417203 97.018567304385797456 100.2462961488500639 100.43891958964194089 101.04403145023685795 102.05547201529718393 102.77292437890433519 103.28570753071009847 104.57094255794356741 104.58564600042890902 104.68256964792024633 104.53616520237251564 104.69400066741306432 104.8256212311186033 105.02755795723739141 105.37073384944369536 106.0982154404496498 107.93697346221287603 nan nan nan nan nan nan nan nan nan nan
nan nan nan nan nan nan nan nan nan nan nan nan nan nan nan nan nan 49.185281999444313783 50.218493633596075654 51.647404085931029272 54.217717696577686581 57.397680195900264266 60.506670888194747704 63.43814014097996079 66.131393594516396206 68.74075405552456175 71.546020566828403275 74.662371194856845591 77.298133740026244709 80.176130124901078489 82.664116685439566368 84.520920385540733832 86.13340326581374029 87.574673155561839621 89.125290157323348694 92.945927012281401858 96.013542256540361564 99.177070317217470574 100.74521785485927694 101.13782621380859439 101.96607170756972494 102.70430831244169667 103.26375294433897523 104.8308792328149508 104.86549400920237929 104.93950826195771242 104.99780737642026907 104.93464409304750973 105.10716679969638676 105.35785946904498189 105.83969443276130562 106.54326331310915066 nan nan nan nan nan nan nan nan nan nan nan
nan nan nan nan nan nan nan nan nan nan nan nan nan nan nan nan nan 47.882446073333554182 48.994306328235985859 50.578984340218227089 53.017953785667181421 56.091409798420031052 59.190241241252572024 62.256794214641388407 65.133567655526945828 67.863297552158357462 70.470406717573084165 73.63728524796457009 76.472966838560907377 78.99223627901018574 81.355581280888131346 83.372447389825893538 85.298896690528934528 87.219630764361824049 88.954240874621547164 93.144949846953721817 96.434005806521042814 98.933146598656463766 100.79679884958007108 101.24583704269481643 101.9889694625161809 102.78559055013631962 103.41187162682606981 105.53382848384273984 105.59876499443537057 105.87099740513296808 105.90165158581278604 105.98419629643005635 105.88851588098930279 105.77871455749811958 106.08323018190800724 106.96959820549686526 nan nan nan nan nan nan nan nan nan nan nan
nan nan nan nan nan nan nan nan nan nan nan nan nan nan nan nan nan nan 48.102838189824886683 49.828007270836408793 52.239209499858390018 55.365979054722004093 58.511278929435484031 61.585565215092884728 64.728806289689401865 67.428659978447043954 69.532987452339639844 72.631582315043019094 75.546142455918243286 77.77803488339847604 80.219567308580138842 82.185663353825276545 84.312000925875068447 86.693087105890327848 88.823934746772550852 91.002669182788508806 94.73514058605944399 98.43109989330501719 100.70910261107718497 101.59087163226034534 102.10628271979076942 102.59808287299115648 103.44619764833254294 106.26882826393055836 106.74251221357194197 106.90903242157908437 107.8426968945023674 107.84996498398396625 107.13070911539531949 106.39852438695851333 106.38936875934656712 nan nan nan nan nan nan nan nan nan nan nan nan
nan nan nan nan nan nan nan nan nan nan nan nan nan nan nan nan nan nan 47.695573721279686197 49.746970043885291091 52.34535412189440251 55.118017365294520005 58.316893941938538148 61.527481139128788357 64.44674017602764593 67.002753212795425952 69.068974974112109066 71.679984486910399255 74.299966991874129008 76.657866798971653566 79.142972974026449151 81.325014849021584951 83.591629080215838599 86.618848128239179118 88.809176702039934526 90.648581091031346091 92.159379376651273219 94.985862923197089458 100.0247855868399256 101.85503652267557584 102.27706498767450682 102.8383489606066945 103.91313004040189583 107.54193939950273773 108.7343707964334385 109.99153471739154497 109.71489745896060697 107.7716510746313503 107.09962377176374559 107.21105285203074686 nan nan nan nan nan nan nan nan nan nan nan nan nan
nan nan nan nan nan nan nan nan nan nan nan nan nan nan nan nan nan nan nan nan 53.013450342889100853 55.514212487587968781 58.479247053581261184 61.74912033216126872 64.636665110634979214 67.124093194655756633 69.132393827629584848 71.167220892536164456 73.552440865807611203 76.506200086889194267 78.839435709445666589 81.106783927699282799 83.363390701538463645 86.664922305035233308 89.11370650357183365 90.655372144643237675 92.079664304787797846 94.288819910695494286 99.212442617872326878 101.91756001750469807 102.79683733261178702 103.38462546862672298 104.7085439621813947 108.38354570041809666 111.67162543585098433 nan 108.92383892473858964 107.03090209342626338 nan nan nan nan nan nan nan nan nan nan nan nan nan nan nan
nan nan nan nan nan nan nan nan nan nan nan nan nan nan nan nan nan nan nan nan 54.101186470627141034 56.656119752597987826 59.193823632926232392 62.192387004235783365 65.019678244330975758 67.351198512470830337 69.451220946972327397 71.264611127122876155 73.450090410477841374 76.682578084240091698 79.904034113683081841 82.86656229405603824 85.862076046557419318 87.729058914672847891 89.406953399512303804 90.368191323459313935 92.318533724667247498 94.271842634769740243 97.643933694064728002 101.1642471190279764 102.97849069283219592 103.88761919116380739 106.15679330184865137 109.54645328085410938 nan nan nan nan nan nan nan nan nan nan nan nan nan nan nan nan nan nan nan
nan nan nan nan nan nan nan nan nan nan nan nan nan nan nan nan nan nan nan nan 55.995786595238826067 58.210250585353755071 60.6130174560498034 63.065486391210825445 65.764373860257876458 67.755677280959176301 69.81421627880966696 71.586183196737337653 73.924490555520179669 78.558542438445385869 83.280898235308882249 86.164441979780349357 88.049689687006605254 88.641398975370123026 89.788257381495711229 90.663899310795557085 92.659155621894470301 94.735082884143238857 97.591733999253918341 100.13661216634770312 102.36261881756992409 104.07988434312309778 106.14680579066470045 108.88026013295308303 nan nan nan nan nan nan nan nan nan nan nan nan nan nan nan nan nan nan nan
nan nan nan nan nan nan nan nan nan nan nan nan nan nan nan nan nan nan nan nan 58.403889164709951842 60.377892808900838872 62.144436623569077938 64.542575864386506623 66.510720690521552001 68.131185139952222585 70.17795642418515456 72.017853043349816744 74.211013822959898789 78.370089665073166429 84.828702084323410304 88.967068564889331128 88.684685963218640836 88.760634679581770001 90.171273902120020693 92.25111530008270222 94.378424901582363304 96.03013185983513722 97.995636099285476917 99.617803491237950198 101.76410329264760435 103.7196144028161342 105.50741229051506309 108.69170843044923913 nan nan nan nan nan nan nan nan nan nan nan nan nan nan nan nan nan nan nan
nan nan nan nan nan nan nan nan nan nan nan nan nan nan nan nan nan nan nan nan nan 62.927167535163157197 63.847072636826489145 65.683287452086190683 67.173042877779565174 68.617555483653134729 70.579620446279804469 72.386494420617282231 74.560761393984392953 77.816181250709306028 83.604888013946222713 89.825896158197778618 89.026359736720166893 89.648143753422033342 91.225066494249105631 94.887020992696491817 96.05331072321648378 97.162889058870618442 98.442424175609886561 99.535298183997866772 101.40024962492528005 103.56481122916660809 105.44486940730685376 nan nan nan nan nan nan nan nan nan nan nan nan nan nan nan nan nan nan nan nan
nan nan nan nan nan nan nan nan nan nan nan nan nan nan nan nan nan nan nan nan nan 63.642010636053377937 64.947733920216464298 66.612319201877298269 68.116224442652097082 69.4406501260666289 71.158781438861481661 72.827134125200416293 75.292091277041876651 78.683893058149948274 83.443913277748080759 90.618370404149203523 90.515823987066937661 90.798551158914207804 93.178181326112564875 96.948874001095759922 97.327527789276615522 98.159877403747969993 98.990081784853884983 99.871428112154589485 101.52570826801402859 103.92882641726650661 105.75145119892223988 nan nan nan nan nan nan nan nan nan nan nan nan nan nan nan nan nan nan nan nan
nan nan nan nan nan nan nan nan nan nan nan nan nan nan nan nan nan nan nan nan 63.672860334514410852 64.667534281894560877 66.150504050605022144 67.676571682526557083 69.014787218530273094 70.347992408734455694 71.859653380091486952 73.456433632594851701 77.25425710751733277 81.43518180489650149 85.153639579179497332 89.778085787538373097 92.24150879585424434 92.588455853904378046 96.410084218122349853 97.855955109341849152 97.908778672345135874 99.585654773328229794 100.06504323448673688 100.40549763371365088 102.01893779658136907 104.33513279250337291 nan nan nan nan nan nan nan nan nan nan nan nan nan nan nan nan nan nan nan nan nan
nan nan nan nan nan nan nan nan nan nan nan nan nan nan nan nan nan nan nan 64.449246059319477808 64.65663694225214897 65.877852772242263768 67.258955614794473377 68.717588151299636934 69.934439692880232542 71.25003938938279191 72.752354870212855076 74.365673898518110718 78.295075318084116134 81.523936940448123778 84.89253114426425384 87.757660353922872787 89.936510469822664504 93.0484754775463756 95.437816520206524729 97.508326426125620401 98.454174588500364962 100.58043634750633544 101.11293618622524093 101.19294519915850117 102.77253472229558895 nan nan nan nan nan nan nan nan nan nan nan nan nan nan nan nan nan nan nan nan nan nan
nan nan nan nan nan nan nan nan nan nan nan nan nan nan nan nan nan 66.952443282064848518 65.505975929408648994 65.349504768671394572 66.087688318909258101 67.317598360564133486 68.404802411021520925 69.819933762751034578 71.013558579594175058 72.274549076738267672 73.855080502252704377 75.384240759313371427 79.054089852112980452 81.569021368690812324 84.370951960324262586 88.309489571984784106 90.779207439573568195 91.54022172204447827 93.016604833809864772 nan nan nan nan nan nan nan nan nan nan nan nan nan nan nan nan nan nan nan nan nan nan nan nan nan nan nan nan
nan nan nan nan nan nan nan nan nan nan nan nan nan nan nan nan 69.176055829929467222 67.693628149843803499 66.546403909254479458 66.727581584464516595 67.752298996569905398 68.874556958696246056 69.770773738241459228 70.885844487276841619 72.045339675627701581 73.36505805548007686 74.939940534725579369 76.432557989197846382 79.257613300210110197 83.07593248680498732 84.965697760949680628 87.181071421048116576 90.928661326941139009 nan nan nan nan nan nan nan nan nan nan nan nan nan nan nan nan nan nan nan nan nan nan nan nan nan nan nan nan nan nan
nan nan nan nan nan nan nan nan nan nan nan nan nan nan nan nan 70.28052032140364247 68.300657240617923094 68.212993783052240815 68.763025500043099214 69.461930799967674943 70.443047446963049651 71.283788423929877354 72.03060629250668967 72.890965340692545738 74.365199982799794043 76.01714952979290274 77.641787590410316966 79.642856251295413017 83.761472579946769201 84.963075533217590873 87.520329665848692002 nan nan nan nan nan nan nan nan nan nan nan nan nan nan nan nan nan nan nan nan nan nan nan nan nan nan nan nan nan nan nan
nan nan nan nan nan nan nan nan nan nan nan nan nan nan nan nan 70.767520736863218644 70.12853205432627135 70.81789552812523425 71.279773899711315721 71.506362705801251423 72.176846580875732684 73.029427388880790772 74.203922317356102667 75.435917945399580731 76.375796243282977116 77.193928348349928115 79.018190648038455492 80.666561619624303603 nan nan nan nan nan nan nan nan nan nan nan nan nan nan nan nan nan nan nan nan nan nan nan nan nan nan nan nan nan nan nan nan nan nan
nan nan nan nan nan nan nan nan nan nan nan nan nan nan nan nan nan 72.829564607171263901 74.060547495037369004 73.839026561512426383 74.019564887269808651 74.267444528298099726 75.016927781194254976 76.057216659226710931 77.651225250390467636 79.470812844371323536 79.060190129616344734 nan nan nan nan nan nan nan nan nan nan nan nan nan nan nan nan nan nan nan nan nan nan nan nan nan nan nan nan nan nan nan nan nan nan nan nan
nan nan nan nan nan nan nan nan nan nan nan nan nan nan nan nan nan nan nan 76.516625558423783104 77.297439801654093117 76.944166970034245878 78.072142629447029094 79.083086753409517655 nan nan nan nan nan nan nan nan nan nan nan nan nan nan nan nan nan nan nan nan nan nan nan nan nan nan nan nan nan nan nan nan nan nan nan nan nan nan nan
nan nan nan nan nan nan nan nan nan nan nan nan nan nan nan nan nan nan nan nan nan nan nan nan nan nan nan nan nan nan nan nan nan nan nan nan nan nan nan nan nan nan nan nan nan nan nan nan nan nan nan nan nan nan nan nan nan nan nan nan nan nan nan
