results/rofental/precip_month_2020-09-01T0000_2020-09-30T2300.asc
ncols        322
nrows        225
xllcorner    622802.488000000012
yllcorner    5178049.378999999724
cellsize     100.000000000000
[rows 140 to 167 of 225, columns 63 to 125 of 322]
nan nan nan nan nan nan nan nan nan nan nan nan nan nan nan nan nan nan nan nan nan nan nan nan nan nan nan nan nan nan nan nan nan nan nan nan nan nan nan nan nan nan nan nan nan nan nan nan nan nan nan 79.386791660452843189 79.017686765913822455 78.120350714679446469 77.128116933895555007 76.351614844533884252 75.597971997146672152 74.88928881624192968 74.546028236959983815 74.273392778309073492 73.773976273504146661 73.136293147853976393 72.547512062192538451
nan nan nan nan nan nan nan nan nan nan nan nan nan nan nan nan nan nan nan nan nan nan nan nan nan nan nan nan nan nan nan nan nan nan nan nan nan nan nan nan nan nan nan nan nan nan nan nan nan nan 79.540155887498599441 79.092404034371497801 78.656768272196472935 77.673999488906744659 76.605862894597777313 76.027156067913310267 75.284532971113819144 74.714958520058189606 74.402480979898584224 74.044965693261687534 73.559351783429548277 72.867915472046817627 72.170910213035895708
nan nan nan nan nan nan nan nan nan nan nan nan nan nan nan nan nan nan nan nan nan nan nan nan nan nan nan nan nan nan nan nan nan nan nan nan nan nan nan nan nan nan nan nan nan nan nan nan nan 79.234863470085343806 77.993074660860926883 77.470894273312936207 76.938437388971280484 77.130202756359878435 76.639759600131370121 75.804351500993462309 74.929891212911897469 74.317247049273788662 73.875471765638550892 73.411638910226898247 72.912379734538660614 72.346026060977749239 71.686031986555917683
nan nan nan nan nan nan nan nan nan nan nan nan nan nan nan nan nan nan nan nan nan nan nan nan nan nan nan nan nan nan nan nan nan nan nan nan nan nan nan nan nan nan nan nan nan nan nan nan 78.370722828133210669 77.625905980359561909 76.46109727035549497 75.700324503987374669 75.419875115200767368 75.369783493255710027 76.127973212538805114 76.027764647753301119 74.814166724943135023 73.891353819348339016 73.316497256689615369 72.873866158628572975 72.306980019898944079 71.598673336290616476 70.954643877015087128
nan nan nan nan nan nan nan nan nan nan nan nan nan nan nan nan nan nan nan nan nan nan nan nan nan nan nan nan nan nan nan nan nan nan nan nan nan nan nan nan nan nan nan nan nan 77.983982902718508967 77.750695482950533233 77.110529950299877555 76.841086829575502293 76.364230773052696577 75.4237404629691639 74.751231604790774554 74.282827127989605742 74.017637002560036308 74.513216896319363514 74.993723199555162751 74.800857619556850864 74.074601195965996681 73.310458849647375246 72.720293916411662849 72.161637801929131797 71.661571898360520549 70.990613016088957465
nan nan nan nan nan nan nan nan nan nan nan nan nan nan nan nan nan nan nan nan nan nan nan nan nan nan nan nan nan nan nan nan nan nan nan nan nan nan nan nan nan nan nan nan 76.524985494870620073 76.702004469244300822 76.733366503315295404 75.895092101243619709 75.383405514707433781 75.393302134403000991 75.030544296097218648 74.355318932048959368 73.628079032038016294 73.216756620350295748 73.010296406776092226 73.194747025914338678 73.627909758518583772 73.668848953269730373 73.459529090832106135 73.096121153297687556 72.564184559172986155 71.879147432696370856 71.044586424072747377
nan nan nan nan nan nan nan nan nan nan nan nan nan nan nan nan nan nan nan nan nan nan nan nan nan nan nan nan nan nan nan nan nan nan nan nan nan nan nan nan nan nan nan nan 75.437125468864167033 75.478496378668396005 75.146137701321180202 75.010929214530122522 74.333162823314353318 74.018178340211136401 73.679758008363947397 73.507405510415594563 73.014335263761935835 72.68228632717416815 72.314828184128458588 71.934077642134113262 71.985917224269925896 72.18417029144177377 72.145938478284534767 71.995121135983993099 71.824849511004671854 71.602714170808312133 70.750135721339773909
nan nan nan nan nan nan nan nan nan nan nan nan nan nan nan nan nan nan nan nan nan nan nan nan nan nan nan nan nan nan nan nan nan nan nan nan nan nan nan nan nan nan nan nan 75.453658850431239102 75.043475696492947691 74.631015668656360162 74.187047352875097772 73.857513154561345914 73.635842816839371494 73.371984816211835323 73.119013762102596843 72.793051527127062172 72.44978588424788768 72.142942730121745853 71.69592767800151023 71.234848760061112216 70.919031027419379143 70.80624437606350341 70.910765840961190065 70.672893320696985597 70.501941017614527141 69.736127812383486457
nan nan nan nan nan nan nan nan nan nan nan nan nan nan nan nan nan nan nan nan nan nan nan nan nan nan nan nan nan nan nan nan nan nan nan nan nan nan nan nan nan nan nan 76.396515138622874019 75.729342114885852766 74.871034274332998848 74.385723930265868375 74.152213878683710391 73.895140907457061985 73.630070052250616186 73.38179779101299971 73.140389911283079982 72.851536012979323687 72.521518568796480508 72.169477528787766119 71.730383121372824462 71.291781981260513135 70.895351161291529252 70.415914874540604274 69.973530229074683007 69.422771515754973848 68.963720386011971186 68.556925433899522204
nan nan nan nan nan nan nan nan nan nan nan nan nan nan nan nan nan nan nan nan nan nan nan nan nan nan nan nan nan nan nan nan nan nan nan nan nan nan nan nan nan nan nan 76.973214215548566131 76.173886919320665356 75.065353408606071639 74.420027783316854197 74.193587568462589843 73.955282121028190545 73.68758875377932327 73.483878827167174563 73.200540031442670852 72.829264469397813286 72.445451701102470565 72.097472563600788931 71.682245022836667658 71.238288541867419212 70.770733550610032125 70.370664077910220158 69.792023492663929574 69.250357715357168331 68.377398375358339422 67.693073522443000911
nan nan nan nan nan nan nan nan nan nan nan nan nan nan nan nan nan nan nan nan nan nan nan nan nan nan nan nan nan nan nan nan nan nan nan nan nan nan nan nan nan nan 77.926235567065802456 77.230737401439711221 76.078402420648146176 75.311072069871713097 74.697410040631751826 74.375951346429417299 74.157209988123341304 73.890056926805712578 73.76963607897320685 73.463821039185191353 73.036361461417783403 72.597049297766716336 72.145215873070327461 71.632333035026093171 70.973135120619488703 70.2061979400175602 69.514201455378639594 68.923610705951489308 68.354426051492524152 67.901564455938725473 67.423026013275617174
nan nan nan nan nan nan nan nan nan nan nan nan nan nan nan nan nan nan nan nan nan nan nan nan nan nan nan nan nan nan nan nan nan nan nan nan nan nan nan nan nan 78.521472985041327775 78.27586435637577722 77.207473135337451708 76.500124440851976715 75.804778895225027213 75.218363899696953467 74.92660378312511682 74.726459847127927105 74.410385970918213161 74.233077923920689045 73.930479192422907886 73.551612608172419527 73.101717521034700553 72.527388218195824265 71.763581570503831131 70.827114933702091548 70.115428733317074261 69.416560872275127281 68.534712462102689301 67.98973441097902537 67.574936464796962809 67.373458010155800935
nan nan nan nan nan nan nan nan nan nan nan nan nan nan nan nan nan nan nan nan nan nan nan nan nan nan nan nan nan nan nan nan nan nan nan nan nan nan nan nan nan nan 78.258196059761843344 77.339489673917142909 76.782169937010934291 76.172830508406377703 75.56360457336020886 75.415583228181645836 75.332822386523432101 75.127231483358428932 75.125862696956360764 74.6400049370453047 74.217332554787489585 73.759470332059862585 73.195412423292012249 72.360286736689843679 71.308979100464696899 70.288492304108430631 69.40739490264088829 68.480643299949292668 67.688244234250703357 67.603337325202815578 67.547439992874743098
nan nan nan nan nan nan nan nan nan nan nan nan nan nan nan nan nan nan nan nan nan nan nan nan nan nan nan nan nan nan nan nan nan nan nan nan nan nan nan nan nan 79.581850682837853128 78.580936116784201317 77.786165404451651284 77.325907976611986783 76.691098292896882072 76.092169399005328501 76.005242884948572168 76.039355715666587798 76.031484314865892316 76.06700080735230074 75.660763788390610785 75.35813833779589288 74.793484890469073889 73.732534699632779507 72.713313540687209979 71.54309953089457963 70.364540068968992159 69.330135823849659005 68.362844437498708317 67.783497113400557055 67.792363976489127708 67.707646691931657301
nan nan nan nan nan nan nan nan nan nan nan nan nan nan nan nan nan nan nan nan nan nan nan nan nan nan nan nan nan nan nan nan nan nan nan nan nan nan nan nan nan 80.409004996952617716 79.530299536691003937 78.373809030007407728 77.770322384069828558 77.175061660702624522 76.77507246309217237 76.670083374109481156 77.001418459135507533 76.826467683832916578 75.523759652241437834 74.761613100456656866 74.69397394369954668 74.123282629863268767 73.232357592091915421 72.359108421806169531 71.258526052455820832 70.054853966180630209 68.983792664071771128 68.08476032798402855 67.96844062148700516 67.931726971113008062 67.842853880566437397
nan nan nan nan nan nan nan nan nan nan nan nan nan nan nan nan nan nan nan nan nan nan nan nan nan nan nan nan nan nan nan nan nan nan nan nan nan nan nan nan nan 81.059352473845521558 80.392852340048776227 79.609401318091627786 78.469671796622904481 77.572487328877514301 77.286026163790054966 77.370805103648123691 76.997094454791465523 75.740853739105091336 74.476090693130799991 73.953168670481204572 73.728281260954318554 73.497960930598992491 72.78420549061125655 71.754127670425276619 70.709866215123597044 69.651664876842815488 68.589860239864577807 68.11807650490153776 68.107430382077595254 68.040678750832398691 67.981472441235368365
nan nan nan nan nan nan nan nan nan nan nan nan nan nan nan nan nan nan nan nan nan nan nan nan nan nan nan nan nan nan nan nan nan nan nan nan nan nan nan nan nan 81.010941042241597643 80.641480136173314008 79.752940962820133564 78.760242400649943306 78.127697373620080157 77.473473795061153169 76.616736041614728947 75.771177739002723683 74.740532429644744639 73.805695474711654924 73.171665763457738763 72.606379637221607481 72.405497423822680503 71.991705472154094991 71.41912961241864366 70.525241176157678069 69.440828065211405828 68.352016056613550177 68.255849114326963445 68.230324045393459187 68.192711775138818098 68.123937158272696024
nan nan nan nan nan nan nan nan nan nan nan nan nan nan nan nan nan nan nan nan nan nan nan nan nan nan nan nan nan nan nan nan nan nan nan nan nan nan nan nan 80.605932664194611448 80.333577620329009505 79.953034345869070876 78.95212919584066924 78.068963134132985715 77.184121819544969867 76.474123808268629432 76.063101164571065738 75.338010361223453515 74.42891727919304401 73.466936567711485395 72.56152916008512932 72.034812866361619399 71.686282596857992644 71.300947415152734266 70.745087340246584517 70.008154293927987055 69.052141432662978104 68.382136257286930459 68.416468367069825263 68.373946539507315379 68.341203116724059896 68.266557493873804674
nan nan nan nan nan nan nan nan nan nan nan nan nan nan nan nan nan nan nan nan nan nan nan nan nan nan nan nan nan nan nan nan nan nan nan nan nan nan nan 79.613688446537580035 79.675811372757067375 79.562658237513687709 79.262082003374786154 78.589112545893343054 77.747793969191619112 76.919805548698235498 76.217845307726207693 75.781029312368900719 75.188404321576072675 74.339579058671375833 73.517380075989336774 72.74064352770659525 71.946583871497921336 71.282771394383019015 70.81556270369883066 70.316620720659273047 69.548245915281881935 68.621660904687232119 68.586497030683631237 68.593340272081078979 68.548219227034238088 68.495418636036092153 68.380413478360367208
nan nan nan nan nan nan nan nan nan nan nan nan nan nan nan nan nan nan nan nan nan nan nan nan nan nan nan nan nan nan nan nan nan nan nan nan nan 79.423733675127465403 78.858103325078516832 78.630449066329006769 78.669327907141919809 78.658336301855968031 78.528611694588633441 78.276438626171142232 77.856588703817195096 77.062527866100012375 76.292210155623990886 75.600180315553203059 74.927820920742163935 74.375849612598415206 73.660342648698289736 72.963478963208572736 72.098061510568626886 71.228705251248868535 70.651180858067519353 69.956406024198173554 69.048065648378099013 68.712613900369163389 68.773755443093051554 68.75082189391305576 68.721668421677193805 68.643630655617485559 68.485528881264016832
nan nan nan nan nan nan nan nan nan nan nan nan nan nan nan nan nan nan nan nan nan nan nan nan nan nan nan nan nan nan nan nan nan nan nan nan 78.941348809195503122 78.684575281637549438 77.982546910893859149 77.78042715689853992 77.710560359620103554 77.75567231351713815 77.717551217271392261 77.582134255962770908 77.347550032784951668 77.318296133849003127 76.673278477034244816 75.655569197571509221 74.787868753720431414 74.220367686884245018 73.544175636318556144 73.018164561089108133 72.152689899955262831 71.044153893502468122 70.413171169279664241 69.84894293409779209 69.045871875046998412 68.890042782454031567 68.904024773078702992 68.922523025657056905 68.913358416319809407 68.797012731903905092 68.639879541277451835
nan nan nan nan nan nan nan nan nan nan nan nan nan nan nan nan nan nan nan nan nan nan nan nan nan nan nan nan nan nan nan nan nan nan 78.47168690039204364 78.107983132501331625 77.922947273693750958 77.56930703105015823 77.158366811929184337 77.034556080407369905 76.898907907063716038 76.917325139369523868 76.916372925583019082 76.880365335471211097 76.675873148525809597 76.358104479307641554 76.626330187430042429 76.319769918048010027 75.293279069019931171 74.477539645981423178 73.788172040701184073 73.051489438264908927 72.216316239103619523 71.718775931649403788 70.804275256839545705 69.984194068923827103 69.031819291839610742 69.066204060056819003 69.123237353816620043 69.183484307604032892 69.140427911038997877 68.979249518947241882 68.89613362119544604
nan nan nan nan nan nan nan nan nan nan nan nan nan nan nan nan nan nan nan nan nan nan nan nan nan nan nan nan nan nan nan nan 79.080623420641941834 78.811543939762955802 78.123375943224587559 77.607363831435279167 77.315979490746116198 76.781784303599366126 76.416781075372639975 76.275971628721066509 76.252521729829126684 76.163258290657040561 76.111509676413021452 76.066943468282360641 75.856451006017621808 75.5786982170607331 75.214620356466596718 75.284578640547067607 75.001230427134345291 74.560474501004662784 73.926062171093761322 73.424291534223129929 72.960659999649436713 72.254591317356016589 71.300994030801035706 70.365655342152720664 69.408458119513809947 69.526110199719681759 69.465744790443210377 69.4807266241670618 69.408982863840762434 69.218355049644785026 69.138048042983825781
nan nan nan nan nan nan nan nan nan nan nan nan nan nan nan nan nan nan nan nan nan nan nan nan nan nan 84.855517839924814893 83.556534537351168979 82.228664812657086713 81.024922980286774532 80.221860058424027784 79.388884788362545919 78.941657680274445852 78.415006394938572498 77.833900609667864501 77.215254974315925551 76.827024465014105203 76.095435065109469974 75.675428443085465346 75.561500790916610981 75.589387155396607909 75.687719683978599505 75.611457405909291651 75.485252785524124874 75.076896265644990081 74.743400722827956884 74.312770162919306927 73.895568638693134744 73.887747034727581763 73.89016090245915791 73.24854233919303681 72.873241291171495959 72.448455265030830219 71.845529958740911525 71.205406696178656034 70.343806163922536712 69.910081912622558775 69.841902829484666881 69.737940800055824297 69.737736345954886019 69.671934650091912999 69.507964433630633039 69.404819191400108025
nan nan nan nan nan nan nan nan nan nan nan nan nan nan nan nan nan nan nan nan nan nan nan nan nan nan 84.874108706445696271 83.280666875522598502 82.079086266593932919 80.720981455295316209 79.935309433240803401 79.283550535522394398 78.696339571219553477 78.07132846429939832 77.609433065069680424 77.057717474163396787 76.471776358343973357 75.682245345481291565 75.522965127739709601 75.379053388970447713 75.15028557854107305 75.043966776426231036 75.056484528015857904 74.938626264313185743 74.555197416812532651 74.170407383211696128 73.800005099778417161 73.241658418522021634 73.065307779403866562 73.165725611122368832 72.871696103957674495 72.329992321225262231 71.902134324559668244 71.311773220326003297 70.787088832776404956 70.272550053188453489 70.167690197859272416 70.002563547135920885 69.92862647736185977 69.91339836209617431 69.840386999553842884 69.69144044843244501 69.756752405995001709
nan nan nan nan nan nan nan nan nan nan nan nan nan nan nan nan nan nan nan nan nan nan nan nan nan nan 84.981247211941777664 83.835949972418745801 82.505290011833281483 81.075341044120108336 79.994533436918118241 79.198373680155555121 78.582179575444570219 77.90972767518071862 77.305704346369068958 76.980465960217941301 76.376926622751753371 75.667248556547249905 75.396702833342303052 75.13783266057130561 74.820599918346559321 74.610762593781061014 74.468406605066519433 74.285515281299709045 73.972505553568183245 73.551195884827464511 73.103154647985775227 72.59679607225673692 72.403850399461731513 72.392677565092924397 72.164925021952456063 71.707586073382941549 71.196362715241036767 70.769536686521121283 70.641477716878938509 70.531947348090426431 70.309584396380884641 70.134051055938314789 70.067604452784010505 70.003712271908142384 69.897863504673395596 69.848976851056775672 70.13608558610397381
nan nan nan nan nan nan nan nan nan nan nan nan nan nan nan nan nan nan nan nan nan nan nan nan nan nan 84.794250075647994436 84.351022029889932696 83.103743869189614202 81.365603334846568373 80.326886087647537238 79.442906097993713388 78.436368082950920666 77.639255231705845972 77.083320359642300446 76.769074947091638705 76.372225800480649127 75.810181581468626177 75.099023355320440487 74.830071890899546361 74.641976697467356416 74.457301532892003593 74.177738104054341761 73.966299299474400186 73.503428730381159539 73.140419471102745774 72.656804889911711598 72.199060680532426204 71.977631546661001494 71.813243112786238953 71.651050083084072639 71.347248794548278283 71.046055535811944992 70.875403959229231532 70.762001991572930137 70.579518482820148506 70.392421506701793987 70.268090708923267584 70.159119348896396673 70.042843952500774662 69.935284629247789212 70.142710699971829058 70.618306612703861447
nan nan nan nan nan nan nan nan nan nan nan nan nan nan nan nan nan nan nan nan nan nan nan nan nan nan nan 83.872721487341593161 82.388288091481058473 80.790687258619257705 79.922193013400530504 79.427408424535698828 79.104629745670891339 77.985219781919482784 77.086784708089084006 76.437086364500999025 76.164094265449350019 75.799296316268794271 75.056351867579422787 74.586865601699500417 74.556553846471217639 74.403042616882530069 74.156061557900770254 73.861771512672888207 73.449531998043966041 72.991349871767980062 72.630520244287595233 72.226618732059890249 71.992752911553452577 71.841194624774374233 71.673418315357352526 71.449621892168451609 71.162364576499882673 70.958652211384872999 70.797431216430524614 70.627523621073336813 70.48899954637985843 70.360805052789970659 70.231090628321666713 70.047431413802797806 70.261493501348667223 70.836101656969930218 71.444947186609141454
