results/rofental/precip_month_2019-11-01T0000_2019-11-30T2300.asc
ncols        322
nrows        225
xllcorner    622802.488000000012
yllcorner    5178049.378999999724
cellsize     100.000000000000
[rows 112 to 139 of 225, columns 189 to 251 of 322]
156.92647454958864728 154.1482498804699901 152.23301232952167084 150.61413327801187734 155.43582488858186252 161.71449115032785926 167.16445800311794301 173.3080040239601658 181.98536803201614021 190.58432841275936198 198.24901695352588149 205.94115272640280523 208.04677238127516148 209.09725701821315624 209.62545847891587414 209.28424154672470081 211.50977981488946966 219.83271162930782339 226.351257704140437 230.67009641535673836 233.73962022894610868 233.98508260856434049 231.88174794211457197 232.42494357013259787 237.43534550271661487 242.2414592222691283 240.69271171534970222 nan nan nan nan nan nan nan nan nan nan nan nan nan nan nan nan nan nan nan nan nan nan nan nan nan nan nan nan nan nan nan nan nan nan nan nan
153.68324984191463045 151.7464264884459908 150.50084542297881285 155.66635223678406419 159.40642181380161446 166.02084923766622637 173.16296969222113944 179.68843115649411857 189.58350741909410431 197.15362221063242032 203.77308711532774055 209.25973614633565489 211.2689810591072046 212.60438949148681331 214.08890213763839938 213.31258867114487998 214.69387141094625804 219.81465877924253505 227.96539168226703964 235.39988652528310809 235.94256003222326967 234.74692761280530817 234.73592288943771678 237.48723351901210776 243.67752995545700401 nan nan nan nan nan nan nan nan nan nan nan nan nan nan nan nan nan nan nan nan nan nan nan nan nan nan nan nan nan nan nan nan nan nan nan nan nan nan
150.59083852893880362 149.53651763290025656 155.0961997502076315 159.96236112643947536 165.00697927411508203 171.42641957072657988 178.71194046013059165 186.66486053816325352 194.39365322511665113 201.87776294711446212 208.82696781064348102 212.93939828254951863 214.0497058521131919 215.01731237462965396 216.73631821203181858 216.71562167717578973 217.94514212463434433 220.19467388227081983 228.82589256200881778 237.64622172110892961 237.3821832901256812 235.72320722918760794 237.02785162893582083 242.08320798271054741 249.09031879420123801 nan nan nan nan nan nan nan nan nan nan nan nan nan nan nan nan nan nan nan nan nan nan nan nan nan nan nan nan nan nan nan nan nan nan nan nan nan nan
148.98588990349307437 153.67569858645794056 158.65206458170425208 164.21239620501765444 170.10868066160500689 177.02213982263751291 183.87683627145247556 189.8287364696238626 196.7641202450244009 204.70889731625018726 211.76253119867433838 216.14747372987835661 217.34290998918334026 219.46989180171021872 219.76888509549158357 219.80258191243180477 221.45562198639254348 222.7581097928435554 229.20148977252577538 238.63927089730671582 241.26835386360230018 240.00834611026530752 241.2150652229036325 245.46654356826522303 253.14525347586959469 nan nan nan nan nan nan nan nan nan nan nan nan nan nan nan nan nan nan nan nan nan nan nan nan nan nan nan nan nan nan nan nan nan nan nan nan nan nan
155.07060084008068657 158.98153514545586518 163.57690613630236953 170.45770893456224826 177.19943635295186368 183.58459005588531454 190.39017051038740647 196.63477818816286913 201.09946895296099001 206.17072064460813863 211.82974804871753349 219.27528970608406667 222.49587927605563209 223.63506329299826803 223.12900729110435805 223.24906399722920014 224.68750568091414266 226.78544743238109049 232.72427191299550486 242.12263185063480364 247.36423347310181953 246.2215989489701542 247.62502645672415724 252.24245768613624818 255.07875653613101008 nan nan nan nan nan nan nan nan nan nan nan nan nan nan nan nan nan nan nan nan nan nan nan nan nan nan nan nan nan nan nan nan nan nan nan nan nan nan
160.70337184675656772 164.93363050961491467 169.45510473950469077 178.68371635556590604 185.07362446718974525 190.6541498318853769 197.53264302032300748 202.9273809152703052 208.17517954436871719 213.08148691622105275 217.77453148282319262 221.83019036591272766 226.93202023603183193 227.2491107447104639 227.85677101025572711 228.34423768672635902 229.17248746528534298 231.32114158301030216 236.51354305315550164 245.14524687416388815 253.94944799648703793 255.4153108192549837 256.26581560369743329 259.37836158334016545 nan nan nan nan nan nan nan nan nan nan nan nan nan nan nan nan nan nan nan nan nan nan nan nan nan nan nan nan nan nan nan nan nan nan nan nan nan nan nan
166.60960539507991029 171.66155725578954616 178.51801471062933047 186.15993674903904775 192.26462262238112544 197.75513405890316676 203.50364548555356237 208.97164075774179537 214.66122333145852963 218.94296151369857739 224.37726520576333655 227.06893206150516562 229.06037043787168273 230.70650380519967371 232.01280198257558141 232.59835849805952535 233.14465027683007747 235.81461966486759252 242.07412416417849954 249.20796063001992593 257.84665967606906634 263.8969433725625322 264.92522916187607507 nan nan nan nan nan nan nan nan nan nan nan nan nan nan nan nan nan nan nan nan nan nan nan nan nan nan nan nan nan nan nan nan nan nan nan nan nan nan nan nan
172.37078552356408068 179.57493130828649441 187.65736443422261459 193.61933927298804292 198.7981813937883544 203.75527719221304324 209.67600923057767659 215.50202175389273407 219.77996786102914939 224.86388562048159656 228.41332735625090322 229.89907158036805868 231.32224956564917306 233.91026223162111819 234.94041014112087851 235.8829336681210691 236.77422419391757558 240.24214162972347708 247.08730223549298444 256.14345705438245204 263.41113851951132574 270.32082100916898071 nan nan nan nan nan nan nan nan nan nan nan nan nan nan nan nan nan nan nan nan nan nan nan nan nan nan nan nan nan nan nan nan nan nan nan nan nan nan nan nan nan
179.0192004939224546 188.04580522879425075 195.21666468890049373 200.74936264203904557 204.96274981008460259 209.98563007632645849 215.66617190369666446 220.79621663573513501 226.73590003365012535 230.33746147019158457 231.88472190874017542 232.25418576216694078 233.91084967293161867 237.39602220025778934 238.53230690820529958 240.34249085720830408 241.30054012336839264 247.09298537644426119 255.09750691336773798 260.1142225281738547 268.52590960079498927 276.74646120592319676 nan nan nan nan nan nan nan nan nan nan nan nan nan nan nan nan nan nan nan nan nan nan nan nan nan nan nan nan nan nan nan nan nan nan nan nan nan nan nan nan nan
186.43861189046930349 194.68701040881381914 201.69957844187752016 206.68474540968185238 211.28919906331492484 216.01386636235892524 221.41989728525322789 226.58323730165079724 234.33586576728760065 233.66742972139570611 234.66587849786390052 234.89159965812430642 236.41281019273114339 239.99202789836340344 242.76206139665782757 244.94568665396064944 246.34545418933473115 252.09384202909214423 260.63186890893842929 265.82114116402703985 273.70425857530153735 281.53308122147819859 nan nan nan nan nan nan nan nan nan nan nan nan nan nan nan nan nan nan nan nan nan nan nan nan nan nan nan nan nan nan nan nan nan nan nan nan nan nan nan nan nan
190.47579830924780708 199.23021722615521867 205.23074190490240198 211.4424391382963222 216.62485316209188113 221.60057728984398295 227.846826250087787 234.60290826541003639 239.11438948353941214 236.62752095188722024 237.72497820877595132 237.84904317865164103 240.19722542631544115 244.37670262435170798 246.63957576235296187 248.25953366518854182 250.82426708482535105 255.42112233494330553 264.35813345549195219 269.9889260604815604 277.120641553569385 283.77618497324073132 nan nan nan nan nan nan nan nan nan nan nan nan nan nan nan nan nan nan nan nan nan nan nan nan nan nan nan nan nan nan nan nan nan nan nan nan nan nan nan nan nan
194.63297197069101685 202.11061287178924317 207.80602330665834643 215.65098778782501654 221.36826518506973116 226.85968553780935508 234.66200357920703823 241.00962276393156003 240.92562079919053986 240.18289211988596321 241.54318771504730989 242.98578137208625094 246.34584373266778812 249.1552462752449344 250.80940712321114461 252.07914919697961409 255.34608521245979773 258.42652815346508532 262.55131724286508188 268.96330409505253556 275.6325775455958933 282.92054144228654877 nan nan nan nan nan nan nan nan nan nan nan nan nan nan nan nan nan nan nan nan nan nan nan nan nan nan nan nan nan nan nan nan nan nan nan nan nan nan nan nan nan
198.58308117013785932 205.30299091640105758 212.06205192552522476 219.6497557617422558 225.56452523015917677 233.39425393238278161 242.36289070637249665 246.21439340620730718 243.97725148014626484 243.64235291569818287 244.49816839441646721 247.05274676459231387 250.05709927877455812 252.7623632947660326 254.28979531280015181 255.28264158081196911 258.20904610652388556 262.02430827629808618 264.0080442227578601 268.67326270596572613 276.7822574887508722 283.61349546511337394 nan nan nan nan nan nan nan nan nan nan nan nan nan nan nan nan nan nan nan nan nan nan nan nan nan nan nan nan nan nan nan nan nan nan nan nan nan nan nan nan nan
201.79077047651941257 208.99168120836273488 216.47547174715313645 223.66021041435749339 230.01909235505843299 239.22885832821955887 246.91773692277064356 247.54683768257251586 248.4976667311151175 248.25416457384247337 249.66599398589011116 251.90898584493390899 254.31797146288712952 256.50108984680508684 257.55724195398619258 258.93747192903441601 262.37229661585388385 265.41482391086725556 267.92154202673896179 270.67322248688537911 279.50472207406886582 285.53857485830997121 nan nan nan nan nan nan nan nan nan nan nan nan nan nan nan nan nan nan nan nan nan nan nan nan nan nan nan nan nan nan nan nan nan nan nan nan nan nan nan nan nan
204.33704487333349675 212.34455938887802517 220.80065543339293299 227.71354626077044259 234.9362939039794469 243.38756557531985436 251.18681138670550013 251.9725551912029573 252.54642992222304088 253.38126672535804573 254.67305137774505397 256.14685287370315336 258.2036667734851676 259.86067755261564116 261.06134611389097699 263.55026622207026321 269.58497101513358984 271.00194081860189499 273.35648041146333753 275.2762733277036773 280.62317939267916245 nan nan nan nan nan nan nan nan nan nan nan nan nan nan nan nan nan nan nan nan nan nan nan nan nan nan nan nan nan nan nan nan nan nan nan nan nan nan nan nan nan nan
207.0483013045629832 215.87221218449093385 223.44085899887443247 231.36337203010026542 238.97991696527824956 246.63544377042282463 254.90021857796796212 258.00096171794979227 257.03505257737117518 258.07304104344603957 259.05500698041373653 260.16974814211653211 261.54954881005886591 263.18713886096071519 264.81726559093112883 268.45441484996678128 274.6681078312583395 277.58134430201852183 278.54053342137433447 280.51326426068465025 285.59994526175023566 nan nan nan nan nan nan nan nan nan nan nan nan nan nan nan nan nan nan nan nan nan nan nan nan nan nan nan nan nan nan nan nan nan nan nan nan nan nan nan nan nan nan
213.20538088281546152 219.40141806348975706 226.95932108183242804 235.22377442326498453 245.08739856761249598 252.3882961842279542 260.23189359826955069 260.07325138404729614 260.75453987812642254 261.60111113010958661 262.65528774635328091 263.61782123098998909 265.0504700682304815 266.85297170433926794 268.76705573537572036 272.36418075741596567 278.22739723252573185 283.73320363650742593 284.48826532465596983 286.58520961801912108 290.33750056447689758 nan nan nan nan nan nan nan nan nan nan nan nan nan nan nan nan nan nan nan nan nan nan nan nan nan nan nan nan nan nan nan nan nan nan nan nan nan nan nan nan nan nan
217.26703162234070987 224.05060552541914376 230.81813523466576044 238.08187218452806633 247.41819617026428091 255.86023864515115633 262.77716221885543746 264.40359014915856051 264.32716020582290639 264.535766989965623 265.75011127778140008 266.79801198535835738 268.67124588675989116 270.65359830489086335 273.24237880031523673 277.0697915494300787 281.41488201428683169 288.68642397412855871 292.00994293183072159 nan nan nan nan nan nan nan nan nan nan nan nan nan nan nan nan nan nan nan nan nan nan nan nan nan nan nan nan nan nan nan nan nan nan nan nan nan nan nan nan nan nan nan nan
221.38166724434807975 227.2713107437158726 233.84904526049623996 241.98849948474239113 249.79432554634067287 257.00595428036672274 263.8152694105141336 268.59441833665061949 268.39241619187072274 268.39505123406956955 269.84831796819554484 271.209797746073491 272.87149666870459441 275.48058055837503844 279.68968918440555171 282.44544595760299899 286.05469969663352003 293.23033959213387334 nan nan nan nan nan nan nan nan nan nan nan nan nan nan nan nan nan nan nan nan nan nan nan nan nan nan nan nan nan nan nan nan nan nan nan nan nan nan nan nan nan nan nan nan nan
222.90830158238782133 230.01644785195043141 236.62536663754622168 243.72485948411286927 248.9235206655386321 255.27102219777694359 263.84882806483676632 272.37328504728299094 273.31031913243396048 273.92960102642746278 274.93020449305106467 276.6162583487421216 280.22841004871560244 285.39418088028816101 287.3364279578084961 287.87788558049339827 291.66792068968055673 nan nan nan nan nan nan nan nan nan nan nan nan nan nan nan nan nan nan nan nan nan nan nan nan nan nan nan nan nan nan nan nan nan nan nan nan nan nan nan nan nan nan nan nan nan nan
228.28888434622660952 234.26598223055609083 239.63134695505715399 245.64835611640606317 250.54366098014068598 257.50801215063279415 266.2891183195507665 274.71921967943740128 278.50078757034964383 279.92854734549513296 281.52447199173889203 283.8919702742985578 nan nan nan 292.98724737372378968 nan nan nan nan nan nan nan nan nan nan nan nan nan nan nan nan nan nan nan nan nan nan nan nan nan nan nan nan nan nan nan nan nan nan nan nan nan nan nan nan nan nan nan nan nan nan nan
232.84894463917189 237.48005592153580778 242.31571989060688566 247.62281219907421814 254.21465291172196999 262.0661143563484643 270.06879064766491183 278.7825499131321294 284.83906088603339413 nan nan nan nan nan nan nan nan nan nan nan nan nan nan nan nan nan nan nan nan nan nan nan nan nan nan nan nan nan nan nan nan nan nan nan nan nan nan nan nan nan nan nan nan nan nan nan nan nan nan nan nan nan nan
234.35938713897613184 240.27310955676855997 245.49690859250358699 250.74837758919829866 258.63027654009761136 266.97497315207152724 274.87384417648519275 283.20895687503025329 nan nan nan nan nan nan nan nan nan nan nan nan nan nan nan nan nan nan nan nan nan nan nan nan nan nan nan nan nan nan nan nan nan nan nan nan nan nan nan nan nan nan nan nan nan nan nan nan nan nan nan nan nan nan nan
237.59746062220361296 242.88700008837875544 248.79434819026991477 254.87488342845801981 263.47641067149208993 271.76441171322846913 279.58541664759815148 286.2158182605132879 nan nan nan nan nan nan nan nan nan nan nan nan nan nan nan nan nan nan nan nan nan nan nan nan nan nan nan nan nan nan nan nan nan nan nan nan nan nan nan nan nan nan nan nan nan nan nan nan nan nan nan nan nan nan nan
241.06580183163120523 245.60181295039785709 250.82613565115653387 256.66936645873852285 263.15088001067925916 271.46136542746995701 279.67646769360334247 288.662589894102382 nan nan nan nan nan nan nan nan nan nan nan nan nan nan nan nan nan nan nan nan nan nan nan nan nan nan nan nan nan nan nan nan nan nan nan nan nan nan nan nan nan nan nan nan nan nan nan nan nan nan nan nan nan nan nan
244.49172561043005203 248.9844515698065095 253.58483825440021064 258.29029956040238858 264.02433762734301581 272.13279397164103557 282.10827946488598172 291.83039085543430247 300.31812766777773049 nan nan nan nan nan nan nan nan nan nan nan nan nan nan nan nan nan nan nan nan nan nan nan nan nan nan nan nan nan nan nan nan nan nan nan nan nan nan nan nan nan nan nan nan nan nan nan nan nan nan nan nan nan nan
248.35112688120003099 252.71838222406194063 257.96627668961036761 262.51062391179402766 266.78892274434912224 273.36713016019234601 283.02115590568018888 292.3450710974731237 302.15716118337161333 nan nan nan nan nan nan nan nan nan nan nan nan nan nan nan nan nan nan nan nan nan nan nan nan nan nan nan nan nan nan nan nan nan nan nan nan nan nan nan nan nan nan nan nan nan nan nan nan nan nan nan nan nan nan
252.32037500822832499 256.96427821080169451 262.10133286145526199 266.55511553768729982 270.7240415684939876 276.33822931694612635 286.45438646222351053 296.21000116125833301 306.28501984493874488 nan nan nan nan nan nan nan nan nan nan nan nan nan nan nan nan nan nan nan nan nan nan nan nan nan nan nan nan nan nan nan nan nan nan nan nan nan nan nan nan nan nan nan nan nan nan nan nan nan nan nan nan nan nan
