results/rofental/precip_month_2020-03-01T0000_2020-03-31T2300.asc
ncols        322
nrows        225
xllcorner    622802.488000000012
yllcorner    5178049.378999999724
cellsize     100.000000000000
[rows 168 to 195 of 225, columns 126 to 188 of 322]
32.699000543106670591 32.682294599390822043 32.710774352122591324 32.792688261854713971 33.508246833941605303 34.644418076241521476 34.329071415305101311 33.372397529604398869 32.881697155496162566 32.942179305894747188 32.838126385648791938 32.62726540788245444 32.668096949977652343 32.636954005520713906 32.706196162295164243 33.048035980254340416 33.217662463234425729 33.685713697054190163 34.003111145696088613 34.293734063782039811 34.53922396081284063 34.710770909448847021 34.776307307384392686 34.391977969652465674 33.842191702303196621 33.257245311502600771 32.83965708845155973 32.809027142976781022 33.110313938329717587 33.302476111190870256 33.336125159782611149 33.223328637497608895 33.470805479597743215 33.99152459905283763 35.133785502483853236 35.809098148453017529 36.5465581719679804 36.940543358307245114 37.245627342786768565 37.60739189545667216 38.422128440546813977 39.430858413175940314 40.330855670752200126 40.791640019864459532 41.117331074104164657 41.699085271189389346 42.303498671685943577 42.602526698463996979 42.764572368812494574 42.970106773444030068 43.193701108903788111 43.819369476684208564 45.539093047744650278 47.509830491148797194 nan nan nan nan nan nan nan nan nan
33.429290652759505065 33.068017487720794634 32.655344791989620035 32.5901769674091355 33.01554123963732934 nan nan 32.432239885464390738 31.948709519005596746 31.834601214060231911 31.818305806036828898 31.588057199954235443 31.415253349042991715 31.157267667160805757 31.180363094963585269 31.472179584787578932 31.841518464931617416 32.289928530125784789 32.489445642424541916 32.897034275110030421 33.305675771287098996 33.414520491107687405 33.269371085579116709 32.779815799005767474 32.387264241309758006 32.092033987708262543 32.022937869456690407 32.407417908046980415 32.714010596225037375 33.017551984011817012 33.087321861355924568 33.014212526096038403 33.408149387294486132 34.117900578072649864 34.910475710467125054 35.643314034625369402 36.326104802174619124 36.927149149553805785 37.223495269497838933 37.764363706182450642 38.807152885160725475 39.824627169805104643 40.533708401847057701 40.883529332103229592 41.196922987674653882 41.756753021417686966 42.300518845465020945 42.648615202660927537 42.791657350857391862 43.078641546006636531 43.33195243958718379 43.96884651689134671 45.445842769129022543 47.125936333934070888 nan nan nan nan nan nan nan nan nan
33.882618154795892451 33.281959747531324467 32.604934484539533912 32.485855595765627868 nan nan nan nan nan nan 30.748646334370878463 30.343739180565993507 29.976719614947132442 29.827988533200546328 29.862922423010047623 30.081883044649515568 30.465045695307995999 30.877812492062954419 31.219509918806028992 31.564741403284607202 31.57348070394608186 31.501676740939860366 31.375088345890443264 31.16454393107314047 31.029907883387441103 30.967726428728521881 31.416324441816641411 31.983253399354200752 32.327561056394763739 32.695797297930262459 32.803831885269275404 32.865741380463255439 33.460486087127087274 34.094044625167185814 34.815431027432822475 35.484334996065605594 36.348592606943846306 37.049213208842736833 37.419986764242167965 38.225243711202608665 39.285696628465359481 40.176161835766386332 40.646046856793176971 40.866746154062425944 41.339024864369747547 42.031004601572924173 42.478532330352159363 42.68433597243211608 42.792327541700714733 43.135809351278687984 43.484328409044394448 43.956058306546587744 45.643573866197293398 47.121004190756046626 nan nan nan nan nan nan nan nan nan
33.77495759342585302 nan nan nan nan nan nan nan nan nan 29.611649111065116102 28.994253636677235875 28.287974274784726703 28.126343504080168145 28.168385351574499964 28.324709108889496889 28.597076337758156939 29.083932590511636818 29.331949149597114967 29.574208774771822306 29.732497972953844112 29.771348068117401198 29.726130695398751413 29.732090483000312986 29.930245206719519047 30.117044180977558199 30.870462239396498916 31.507242062128501203 31.928439008228032492 32.322163315753392965 32.54543949932553204 32.745725200671216726 33.53813278411264065 34.206890943715663411 34.842946702263532188 35.516751535842210785 36.305187368415836602 37.300662125656465662 37.97025581103383729 38.893296276861448746 39.777782484779535821 40.392058346616515507 40.684175704536542639 41.109215180937532352 41.762723378527489615 42.237824200920911721 42.580121126560506184 42.715862156713427567 42.770782920048326048 43.096567477815142411 43.503543613553091518 44.020835069955602137 44.756190457234886537 45.908363614459666735 47.444223187324205071 nan nan nan nan nan nan nan nan
nan nan nan nan nan nan nan nan nan nan nan 27.528078388598437698 26.677575563013398607 26.373876274562189082 26.4342397204423456 26.600497483343406913 27.046948218819039766 27.332378267832780239 27.646768835322014013 27.844262854161758725 27.950076395463295142 28.023241279291561057 28.196991158137070244 28.39590339037514255 28.91127867647347216 29.474289886706102948 30.285935588110440619 30.995846368979208307 31.501296355249962744 31.962925670960299129 32.351064334945903056 32.676258318237863421 33.538336361016945375 34.384963192072561355 34.960233632464628784 35.510455732225935321 36.50097355218706241 37.578311716319092284 38.465936469435881406 39.434064460778586181 40.190770382341540312 40.568194946010841306 41.053158349220751688 41.515016780065231217 41.91309065820120594 42.276050380716441168 42.585055999367682489 42.719188450109150779 42.931991643818022908 43.183253401827862206 43.559725412107646036 44.053584408196158506 44.783089239260633008 45.736190072382235883 47.661701013947016747 nan nan nan nan nan nan nan nan
nan nan nan nan nan nan nan nan nan nan nan nan nan 25.066467389810878075 24.940557138588836494 24.965768283223614077 25.218433240944886364 25.535125505778445643 25.890949575125997484 26.079601599335525464 26.251601191441565675 26.518208614965015357 26.831905751573358998 27.463957342435740827 28.23414381524564476 28.887413243837514187 29.719152245322963068 30.491803121388169728 31.079166778719748976 31.642809776448558523 32.183039898720664951 32.709660603380712018 33.537955112880645459 34.317593758703097251 35.016095473391125381 35.687039837819739319 36.772865798699598372 37.926776702497306815 38.9375634042213008 39.699077578526470234 40.274259907052694984 40.730461188690625818 41.547236460316057105 41.718729324768695221 42.040476715665342056 42.32539193845644121 42.570105767476206893 42.798487918122170015 43.089981403505120738 43.373206076605285375 43.680245633651139769 44.080700523285536008 44.888424488333406259 46.493064060493871636 47.561838819703702086 48.495433690127811133 nan nan nan nan nan nan nan
nan nan nan nan nan nan nan nan nan nan nan nan nan nan nan 23.637825261789959796 23.674063873354153742 24.005860509804374914 24.275626293767004427 24.555611467855804619 24.807000010125154432 25.269656427962832623 25.946706884191048204 26.890105032774112459 27.649357874076347485 28.284377054260602335 29.142465877988261269 30.003684244500050227 30.691062236779242056 31.337183761875284205 32.107196003086706071 32.796413124877673795 33.464722658800369004 34.14027173703602358 34.900056517936668854 35.972679539368293433 37.335290766067856794 38.486208168664781226 39.338705761402451344 39.9291287525698948 40.423274744237126299 40.850598829948800983 41.393034617687476384 41.986933768627423547 42.183228924755212574 42.475254080566628545 42.68810900492115934 42.908454406031601991 43.131194972414206745 43.387335520692026591 43.740577860718531156 44.200657976291289231 45.057800009129906016 46.990593042663519441 47.837231995091002545 nan nan nan nan nan nan nan nan
nan nan nan nan nan nan nan nan nan nan nan nan nan nan nan 22.611196334959881682 22.505709947874716903 22.823018359983819892 22.997317908350307647 23.104835904494002818 23.632711893680198756 24.421932136913195421 25.395124759096312062 26.316516841098941626 27.09709706773885074 27.740430515571819825 28.624722193813216364 29.584581749915766835 30.415828031298580925 31.158129742980388954 32.189686441151906138 32.874943254238289114 33.515584945840011244 34.114517173350620283 34.76775163276594327 36.071915621424750498 38.091834944369395544 39.432773497745365887 39.598148022090988718 40.086852037304673502 40.633105957579758183 41.088737112505185678 41.468736273615490973 42.288348998553409785 42.504925019170684664 42.781746198616836807 42.95530088908833477 43.054818171032763985 43.270944101143392402 43.514590180619208581 43.857203598022849178 44.399151358045955362 45.292538265070035663 46.711684604679589938 nan nan nan nan nan nan nan nan nan
nan nan nan nan nan nan nan nan nan nan nan nan nan nan nan nan 21.713133837115563551 21.913848715434568248 22.049250980711796899 22.274414743444602038 22.971691124838528708 23.988559090956151465 24.927482472338486019 25.847168028537023332 26.624355002503090617 27.325147561234150118 28.217393334040419717 29.254554289577889392 30.237886771542395792 31.164187933886402959 32.252360924502752937 32.949347977742910132 33.559076717968999048 34.119611754998636854 34.672141048298584565 36.151569133562013292 38.088668075790515388 39.613477249974692995 39.81770537094254081 40.220512177750592286 40.816611878950276093 41.294497351548876907 41.691454564916114123 42.436887065202540725 42.627150024134763839 42.857824420228631368 42.983761014140597467 43.245396979393547099 43.495700548980622102 43.776259329956253907 44.117471707227636557 44.625835301603579808 45.621565597071622733 nan nan nan nan nan nan nan nan nan nan
nan nan nan nan nan nan nan nan nan nan nan nan nan nan nan nan nan 21.387200175452989015 21.55635214465445415 21.845871069096915562 22.610616744345840345 23.619874615826457642 24.589458490391368883 25.487869820734555759 26.300668407460580767 27.105765363763573816 28.033710796531703835 29.139776343963472272 30.076647996428587106 31.163775917336245413 32.121049334773381645 32.840035552693123577 33.488923301906332597 34.097029414717788143 34.78508093797460532 36.503752744594422097 37.915419523398064428 39.391870322065422272 40.183663674950182099 40.473501253773271458 40.970188459308978679 41.439412827867236899 41.839898944744497555 42.693512266828655299 42.877140528954264198 43.083126836760108347 43.285708617034472923 43.436909993920615136 43.693230442210129638 43.984089558958324062 44.376083732597656706 44.864228683570267719 nan nan nan nan nan nan nan nan nan nan nan
nan nan nan nan nan nan nan nan nan nan nan nan nan nan nan nan nan 20.958276728710984571 21.188036754282897789 21.576153996791411771 22.313042108303442035 23.30394353788830486 24.296447518746639105 25.278229251026562707 26.191124504741658541 27.063264662964098051 27.912367439374932587 29.044337706357694628 30.068490332696420353 30.992301127131835159 31.886251029240757049 32.664883896539542718 33.439234047000788053 34.244261625856537989 34.997653799151372311 36.863053659386437744 38.355400050766661479 39.521310611870568152 40.426356979517805712 40.724128000738787136 41.166622832853271063 41.645468962200176577 42.059858133565789728 43.143413343887438316 43.326096054902471622 43.605944189733165217 43.783388257296948609 43.986696341330159044 44.113119928307710893 44.234052865118229647 44.537685237412958372 45.097129480093620657 nan nan nan nan nan nan nan nan nan nan nan
nan nan nan nan nan nan nan nan nan nan nan nan nan nan nan nan nan nan 20.892545062226034247 21.373596286742703398 22.128596001808134019 23.172944659619012953 24.214811718064517265 25.226073555569236362 26.278803337411744678 27.155427496613889105 27.795450567048149537 28.905410315416183664 29.968074137107461041 30.76471889277799221 31.689418079858839405 32.438958785191893242 33.292491752579834952 34.289799531445090963 35.205724652831968058 36.169487894723722832 37.843404900487669806 39.523024993449155318 40.596137426266466264 41.070058077748470282 41.397269833847978759 41.727048426719697716 42.225214890616186381 43.604363627664362468 43.954260778711521596 44.174752380697583476 44.738714110132747237 44.897266732396658995 44.737494176020533132 44.573369957117421336 44.728839052661186315 nan nan nan nan nan nan nan nan nan nan nan nan
nan nan nan nan nan nan nan nan nan nan nan nan nan nan nan nan nan nan 20.756894216528692709 21.413299397141592806 22.276131000491126599 23.193976466304036421 24.288667739404480983 25.387248515621379852 26.365120808787768425 27.198390461015954145 27.837467709679117434 28.743704848665529994 29.683651083966736905 30.539367822391898954 31.483289037018909795 32.325150848105430157 33.235076079193802912 34.510013007692577958 35.442928200033541941 36.246335734739510315 36.927967408587136333 38.21154738684572294 40.490818917498870633 41.370547973089514926 41.64355654790913519 41.99109035831044423 42.576575144532057493 44.2991362303615972 44.95419006595036393 45.644412222096804044 45.662791591632199584 44.949471415441344391 44.800236132470004691 44.998733050742622197 nan nan nan nan nan nan nan nan nan nan nan nan nan
nan nan nan nan nan nan nan nan nan nan nan nan nan nan nan nan nan nan nan nan 22.625984845300870063 23.452495577095159973 24.472575071779886002 25.624552355171687168 26.613178343980635532 27.43767633173522924 28.068970507139962223 28.734726792119499095 29.581038957371454501 30.706132165126618361 31.585988755173136866 32.465511392187821116 33.368445547369262272 34.759728118708359546 35.800189722705404449 36.464158178705758928 37.098458643817501468 38.099507719495498748 40.317240471589876449 41.572117154751232704 42.035664512996909536 42.383480224044099316 43.067548167519603908 44.799223342597301212 46.368333505068171974 nan 45.409794560692432697 44.708585111194217632 nan nan nan nan nan nan nan nan nan nan nan nan nan nan nan
nan nan nan nan nan nan nan nan nan nan nan nan nan nan nan nan nan nan nan nan 23.126351589402599274 24.003892231909890853 24.862753465715091039 25.921501370091437622 26.908168385370849762 27.685808808466905617 28.376380096646855122 28.959722319307871885 29.729695989037544734 30.986276468883815483 32.263508197346816075 33.452308361253749069 34.681275701935042832 35.436909945256083176 36.132827872010160775 36.534779926990204046 37.394258932540594742 38.274315483106100544 39.798303122407425292 41.40366449610721844 42.270177378040600047 42.749830654993154155 43.841051702659974865 45.436625341814519174 nan nan nan nan nan nan nan nan nan nan nan nan nan nan nan nan nan nan nan
nan nan nan nan nan nan nan nan nan nan nan nan nan nan nan nan nan nan nan nan 23.957524708102116762 24.71000132532156357 25.535109754845656482 26.378106923825249908 27.331991448361954156 27.981185168915121864 28.672506819649889565 29.253636760726287491 30.104038227496037194 31.989219225791785561 33.935960198363268603 35.09410188273329112 35.834690105179376474 36.026930398957638602 36.486118688923788511 36.846382649451861369 37.720453445877467402 38.648313888696243623 39.937562064341186385 41.10444237053734895 42.144352349259385448 42.97202947833708464 43.965012249122402466 45.261837366514690473 nan nan nan nan nan nan nan nan nan nan nan nan nan nan nan nan nan nan nan
nan nan nan nan nan nan nan nan nan nan nan nan nan nan nan nan nan nan nan nan 24.997686904990711554 25.667221381356515764 26.235424808556089715 27.078202044310472729 27.732232297452501513 28.238736304641427921 28.943655861559051345 29.571009124212057628 30.370844119191360733 32.057095408621904653 34.778375859999520969 36.495995745528993837 36.282886143237718102 36.248557436199959625 36.823460549900232763 37.712988608665085621 38.641658345149096476 39.377407635304159328 40.267481138231815407 41.02049992162648806 42.018106799424010944 42.943400641689130737 43.805294099166047772 45.293074586825746053 nan nan nan nan nan nan nan nan nan nan nan nan nan nan nan nan nan nan nan
nan nan nan nan nan nan nan nan nan nan nan nan nan nan nan nan nan nan nan nan nan 26.77931402036327313 26.995755258728788561 27.612482929625727479 28.076623134726059305 28.525406868192398235 29.211061013866732594 29.839802280622528485 30.644902079461829203 31.943400971846230618 34.377703995763738476 37.021147683214465474 36.584010893798449615 36.792933484637678987 37.441757193148411886 39.028660089141119727 39.530673677500899998 40.023526681041722952 40.606230939375279831 41.12024273271717334 41.987651915269289304 42.998729370820335305 43.894467726891832626 nan nan nan nan nan nan nan nan nan nan nan nan nan nan nan nan nan nan nan nan
nan nan nan nan nan nan nan nan nan nan nan nan nan nan nan nan nan nan nan nan nan 27.072861148842907397 27.479630817658780018 28.040777962518408373 28.530877849329890239 28.945329004460202071 29.540496007414688506 30.123473551366274137 31.070262798315120278 32.440201587021043395 34.429475014717425552 37.500812731012238999 37.376366903034003997 37.438768664660074137 38.44342369600488496 40.078297281384550388 40.23124737940809581 40.599204454186875068 40.980052467507441349 41.396358007566952608 42.165755084686480814 43.276581155738135465 44.140970035694564899 nan nan nan nan nan nan nan nan nan nan nan nan nan nan nan nan nan nan nan nan
nan nan nan nan nan nan nan nan nan nan nan nan nan nan nan nan nan nan nan nan 27.203930744187118762 27.498617837852126655 28.001718032316134099 28.520079841143317623 28.955113758007133384 29.390736159653069848 29.910859696589266576 30.476839967014058175 32.024904267616243203 33.7542359099340743 35.292849961216440136 37.245746195632357001 38.259513506258933546 38.354024485118216603 39.997440439794473832 40.606776878409675646 40.615372900600775097 41.354508074898781445 41.57787134500721038 41.751947532006902009 42.499161540614835531 43.566880799263927315 nan nan nan nan nan nan nan nan nan nan nan nan nan nan nan nan nan nan nan nan nan
nan nan nan nan nan nan nan nan nan nan nan nan nan nan nan nan nan nan nan 27.622222292662694798 27.593798363210343183 28.003902752529047149 28.478295208014447581 28.983490191755972631 29.381404438747161123 29.825129080031210549 30.356050053719751958 30.943012233136649058 32.561389473206091338 33.881070229663315274 35.274220947314631758 36.457784214335262618 37.351622310850885356 38.670901139650126765 39.684723318187494101 40.571164713966552995 40.974135024674509964 41.910718712590679047 42.155643118640611533 42.212034358981313176 42.940887952494442459 nan nan nan nan nan nan nan nan nan nan nan nan nan nan nan nan nan nan nan nan nan nan
nan nan nan nan nan nan nan nan nan nan nan nan nan nan nan nan nan 28.85561703575745085 28.131101640910738837 27.964450152445831321 28.182874671677417666 28.610575044458848026 28.969789661384744761 29.47071886871396984 29.873273356762535258 30.307359319507931161 30.886524070845208456 31.449029200388331162 32.96429991816143712 33.978928776459881078 35.130600303602925294 36.795231414330167752 37.823231399499974259 38.109032301608380067 38.722852053833783259 nan nan nan nan nan nan nan nan nan nan nan nan nan nan nan nan nan nan nan nan nan nan nan nan nan nan nan nan
nan nan nan nan nan nan nan nan nan nan nan nan nan nan nan nan 29.835751216609565972 29.114426304911187771 28.530041376833057853 28.522167814615176695 28.878232026829184775 29.270663400953306876 29.558571443109723731 29.940428076874741947 30.341333296221627336 30.814459247147976129 31.403651583913113399 31.961711626827767674 33.114710044765459429 34.714227267281394518 35.471481923402521375 36.382393269707385741 37.980198484512463608 nan nan nan nan nan nan nan nan nan nan nan nan nan nan nan nan nan nan nan nan nan nan nan nan nan nan nan nan nan nan
nan nan nan nan nan nan nan nan nan nan nan nan nan nan nan nan 30.256691876157869814 29.321304381645010295 29.211838952702379402 29.375449795510316875 29.597592566244056655 29.938613502556847834 30.21361845944536384 30.444876587912219179 30.725771060351807051 31.278942676680777879 31.91352628431643268 32.540556220314108771 33.339638460100943007 35.080572203693627387 35.541812730350400784 36.610301743948383546 nan nan nan nan nan nan nan nan nan nan nan nan nan nan nan nan nan nan nan nan nan nan nan nan nan nan nan nan nan nan nan
nan nan nan nan nan nan nan nan nan nan nan nan nan nan nan nan 30.413148796002648311 30.074676920982806649 30.314642030454010069 30.447036314564655868 30.469474930117957712 30.683044856325288663 30.973582788885369865 31.404312604053121305 31.860046514676483298 32.187966054311580422 32.464738138936191092 33.189617287843425686 33.842012233467308135 nan nan nan nan nan nan nan nan nan nan nan nan nan nan nan nan nan nan nan nan nan nan nan nan nan nan nan nan nan nan nan nan nan nan
nan nan nan nan nan nan nan nan nan nan nan nan nan nan nan nan nan 31.221071495398099671 31.70586477607455933 31.543420780839390716 31.553344427055428412 31.588945035224579527 31.843126856840722638 32.22411324715164227 32.849285412314841892 33.575094669657097768 33.318689738448796334 nan nan nan nan nan nan nan nan nan nan nan nan nan nan nan nan nan nan nan nan nan nan nan nan nan nan nan nan nan nan nan nan nan nan nan nan
nan nan nan nan nan nan nan nan nan nan nan nan nan nan nan nan nan nan nan 32.698095236142755482 32.97994933229176695 32.757791092561049595 33.18718777949597154 33.563669259383857479 nan nan nan nan nan nan nan nan nan nan nan nan nan nan nan nan nan nan nan nan nan nan nan nan nan nan nan nan nan nan nan nan nan nan nan nan nan nan nan
nan nan nan nan nan nan nan nan nan nan nan nan nan nan nan nan nan nan nan nan nan nan nan nan nan nan nan nan nan nan nan nan nan nan nan nan nan nan nan nan nan nan nan nan nan nan nan nan nan nan nan nan nan nan nan nan nan nan nan nan nan nan nan
