results/rofental/precip_month_2019-11-01T0000_2019-11-30T2300.asc
ncols        322
nrows        225
xllcorner    622802.488000000012
yllcorner    5178049.378999999724
cellsize     100.000000000000
[rows 168 to 195 of 225, columns 63 to 125 of 322]
nan nan nan nan nan nan nan nan nan nan nan nan nan nan nan nan nan nan nan nan nan nan nan nan nan nan nan nan 248.63134610247496425 241.7268166791837416 237.00707558333218117 235.19952778885803468 233.46282253883049407 231.19862205327189031 227.50660809827672892 220.96266332364572804 218.83724628277715851 217.73020863203919362 215.58371587045840556 213.03217099906316889 211.70959779375107246 210.36896148209171997 209.30569745276218896 207.62099639259807304 204.86752898690775737 202.80066743451669709 201.2285617345404205 199.42708872912780294 197.55427404540515113 196.07107115379378115 194.67930545726721903 193.33646733966472198 191.98492718382618705 190.67608383002206551 189.29925190162003901 187.81059769215693223 186.57111675043043419 185.32088058096937289 184.20497955076271523 184.1392878697344031 185.11347044517003724 188.24258684329058156 191.74548162985166755
nan nan nan nan nan nan nan nan nan nan nan nan nan nan nan nan nan nan nan nan nan nan nan nan nan nan nan nan 249.69577247223770655 241.8560601575667306 235.08991928386168979 233.47336418994117935 232.31920822183164432 230.6515476348822915 227.78602142505155825 223.39427518596093591 218.21399841159640687 216.6353518841220307 214.89783187253686947 213.29961909405358256 212.0061565622040689 209.63951679106321535 207.95131552182522228 206.70435668866170431 204.20620440993317857 201.97941181283016476 200.32101288175499576 198.46362150370603672 196.61925266992122374 195.17344958801143662 193.92666579724001963 192.62915905743747658 191.30978646723926317 189.90159400052056071 188.41380575262243724 186.90348262343718488 185.90731706354910102 185.29285314715716027 185.58457154563481595 186.20233502396357039 187.32244214918208058 191.17795921583802965 194.28460706623661736
nan nan nan nan nan nan nan nan nan nan nan nan nan nan nan nan nan nan nan nan nan nan nan nan nan nan nan 245.87109664748069804 244.5929887540644927 237.8174778696785836 233.18639353695877503 231.4907135333398287 230.89696271115710147 229.81648314073171946 227.36527900057635065 223.86913640711344442 219.87964998956499585 216.43436516564463545 213.94502961929367757 213.48277646378684835 212.32575335466839306 209.17677701967679127 206.63067581662738803 205.56626990134370203 203.94632737146250179 202.10372982676682341 200.01253305219125878 197.95396459512545562 196.15919481416779035 194.6243568091908287 193.31791567277235799 191.81426910670822394 190.45065543594256496 188.91635607256949925 187.49863425869676803 186.98966724752574464 186.9220938122642508 187.43024353630673318 187.91756730637661121 188.6394491613471871 190.70174868986597971 194.78895245131383263 198.49565220439970403
nan nan nan nan nan nan nan nan nan nan nan nan nan nan nan nan nan nan nan nan nan nan nan nan nan nan nan 243.24990555997055708 238.95373043786051426 235.3188304234296595 232.6407725385991796 230.35065969645285122 229.66726413782564009 228.70441844580636825 227.05491127786902439 224.90893487863340283 221.95082326553747976 217.71656663477003235 214.5230272366160591 213.89148394578074885 212.57881370921282382 208.73993437541201956 205.83554377671151769 205.01645739494048826 204.00853316683492267 202.50787889477015824 200.35731576727999936 198.23388595722462924 196.51550995261959542 194.83339120827545798 193.39557552301459964 191.32217573419495693 190.02593682470347858 189.40278278176995741 188.93437067610747704 188.85021807167072438 189.55200570116485892 189.95629740901409832 190.75921522709205647 191.97001158859072234 195.09013354607299107 197.79327177253492209 nan
nan nan nan nan nan nan nan nan nan nan nan nan nan nan nan nan nan nan nan nan nan nan nan nan nan nan nan nan 240.3581438095568501 234.66193037357197682 232.336657746829502 230.69160541284642818 229.33730781476492666 227.7407486793295277 226.16180696800691408 224.92832729164953776 222.36329950594247862 219.58942081242290101 216.83483332120437126 214.64654258638967121 213.15107394922424078 209.67983931478340764 206.44856946702967093 205.14065305469324585 204.18578249700172478 202.78182355593162356 200.15653735329269125 198.20589105200730273 196.7196295149725529 195.45922577833079004 194.50258678992886985 193.56853430122612281 193.37344474935738958 192.85791790425022896 192.64427589427080534 192.6359326733252999 193.54072403328490282 193.5906987008332294 194.15736590631766489 195.10318171793321085 199.56611670241079537 199.31779215741858025 nan
nan nan nan nan nan nan nan nan nan nan nan nan nan nan nan nan nan nan nan nan nan nan nan nan nan nan nan nan nan 238.42417168899029889 232.92283959443821573 231.35681808501365708 229.77260961081913138 227.67462246105776558 225.55984006915704754 223.92857748051136468 221.83105657059959981 219.75012005401268311 217.03417426023722214 214.49654698093939942 213.12210729717736513 210.00158495058872177 206.79324085632293873 205.26795198371141282 204.42009230416900323 202.93620947324393455 200.13917602132937645 199.08072835049208038 198.27514976396335555 197.55350484577866155 197.82123377987196022 197.3358823864276701 196.01920651600536871 195.89591721112617506 196.43088620413479362 196.83433145330090497 197.38833128421140373 197.28319032851422321 198.61909008497471518 200.90494359877945385 200.48900953058901564 nan nan
nan nan nan nan nan nan nan nan nan nan nan nan nan nan nan nan nan nan nan nan nan nan nan nan nan nan nan nan nan nan 238.57663012216696075 235.02399347576655941 231.81000198152872827 229.00400568364653964 226.72822150520485707 223.49132437333710755 221.48265322603808158 219.50873249784402219 216.97630104210193736 215.38067107982797665 214.27196773849502165 211.96243825580964426 209.35799851501479907 207.71362473568527207 206.65990080471334522 205.11047186900685801 203.43090126372959503 202.39753496813054312 201.3924033665721538 200.5076930894899192 200.24430890470603117 199.23486604004571632 199.0234682625470839 200.03386028390963247 200.29737746449129077 201.11325951856284178 201.78203394169173635 202.8029140867186868 nan nan nan nan nan
nan nan nan nan nan nan nan nan nan nan nan nan nan nan nan nan nan nan nan nan nan nan nan nan nan nan nan nan nan nan nan nan nan nan nan 223.78254819520495289 222.00973880385654979 220.02670087396111853 218.52719365100222149 217.90839397818464818 217.18636468265057715 215.54953602748332742 215.30688973753561299 213.17402653212249675 210.4628712092228966 208.00425175132863842 206.04968536803090728 204.00801806054670351 203.23744876004636239 202.30675265043021227 201.81951929692394287 202.11652847534793409 203.91614713313475704 nan nan nan nan nan nan nan nan nan nan
nan nan nan nan nan nan nan nan nan nan nan nan nan nan nan nan nan nan nan nan nan nan nan nan nan nan nan nan nan nan nan nan nan nan nan nan nan nan nan nan nan nan nan nan nan nan 206.14424637408797025 204.96082953925522929 204.69533331600896986 204.01437241284776292 204.43450143372402295 206.30147732178343745 207.18032478881568181 nan nan nan nan nan nan nan nan nan nan
nan nan nan nan nan nan nan nan nan nan nan nan nan nan nan nan nan nan nan nan nan nan nan nan nan nan nan nan nan nan nan nan nan nan nan nan nan nan nan nan nan nan nan nan nan nan nan 205.64946785708715993 207.06986343005607409 205.67017166430224506 206.88112835438195702 nan nan nan nan nan nan nan nan nan nan nan nan
nan nan nan nan nan nan nan nan nan nan nan nan nan nan nan nan nan nan nan nan nan nan nan nan nan nan nan nan nan nan nan nan nan nan nan nan nan nan nan nan nan nan nan nan nan nan nan nan nan nan nan nan nan nan nan nan nan nan nan nan nan nan nan
nan nan nan nan nan nan nan nan nan nan nan nan nan nan nan nan nan nan nan nan nan nan nan nan nan nan nan nan nan nan nan nan nan nan nan nan nan nan nan nan nan nan nan nan nan nan nan nan nan nan nan nan nan nan nan nan nan nan nan nan nan nan nan
nan nan nan nan nan nan nan nan nan nan nan nan nan nan nan nan nan nan nan nan nan nan nan nan nan nan nan nan nan nan nan nan nan nan nan nan nan nan nan nan nan nan nan nan nan nan nan nan nan nan nan nan nan nan nan nan nan nan nan nan nan nan nan
nan nan nan nan nan nan nan nan nan nan nan nan nan nan nan nan nan nan nan nan nan nan nan nan nan nan nan nan nan nan nan nan nan nan nan nan nan nan nan nan nan nan nan nan nan nan nan nan nan nan nan nan nan nan nan nan nan nan nan nan nan nan nan
nan nan nan nan nan nan nan nan nan nan nan nan nan nan nan nan nan nan nan nan nan nan nan nan nan nan nan nan nan nan nan nan nan nan nan nan nan nan nan nan nan nan nan nan nan nan nan nan nan nan nan nan nan nan nan nan nan nan nan nan nan nan nan
nan nan nan nan nan nan nan nan nan nan nan nan nan nan nan nan nan nan nan nan nan nan nan nan nan nan nan nan nan nan nan nan nan nan nan nan nan nan nan nan nan nan nan nan nan nan nan nan nan nan nan nan nan nan nan nan nan nan nan nan nan nan nan
nan nan nan nan nan nan nan nan nan nan nan nan nan nan nan nan nan nan nan nan nan nan nan nan nan nan nan nan nan nan nan nan nan nan nan nan nan nan nan nan nan nan nan nan nan nan nan nan nan nan nan nan nan nan nan nan nan nan nan nan nan nan nan
nan nan nan nan nan nan nan nan nan nan nan nan nan nan nan nan nan nan nan nan nan nan nan nan nan nan nan nan nan nan nan nan nan nan nan nan nan nan nan nan nan nan nan nan nan nan nan nan nan nan nan nan nan nan nan nan nan nan nan nan nan nan nan
nan nan nan nan nan nan nan nan nan nan nan nan nan nan nan nan nan nan nan nan nan nan nan nan nan nan nan nan nan nan nan nan nan nan nan nan nan nan nan nan nan nan nan nan nan nan nan nan nan nan nan nan nan nan nan nan nan nan nan nan nan nan nan
nan nan nan nan nan nan nan nan nan nan nan nan nan nan nan nan nan nan nan nan nan nan nan nan nan nan nan nan nan nan nan nan nan nan nan nan nan nan nan nan nan nan nan nan nan nan nan nan nan nan nan nan nan nan nan nan nan nan nan nan nan nan nan
nan nan nan nan nan nan nan nan nan nan nan nan nan nan nan nan nan nan nan nan nan nan nan nan nan nan nan nan nan nan nan nan nan nan nan nan nan nan nan nan nan nan nan nan nan nan nan nan nan nan nan nan nan nan nan nan nan nan nan nan nan nan nan
nan nan nan nan nan nan nan nan nan nan nan nan nan nan nan nan nan nan nan nan nan nan nan nan nan nan nan nan nan nan nan nan nan nan nan nan nan nan nan nan nan nan nan nan nan nan nan nan nan nan nan nan nan nan nan nan nan nan nan nan nan nan nan
nan nan nan nan nan nan nan nan nan nan nan nan nan nan nan nan nan nan nan nan nan nan nan nan nan nan nan nan nan nan nan nan nan nan nan nan nan nan nan nan nan nan nan nan nan nan nan nan nan nan nan nan nan nan nan nan nan nan nan nan nan nan nan
nan nan nan nan nan nan nan nan nan nan nan nan nan nan nan nan nan nan nan nan nan nan nan nan nan nan nan nan nan nan nan nan nan nan nan nan nan nan nan nan nan nan nan nan nan nan nan nan nan nan nan nan nan nan nan nan nan nan nan nan nan nan nan
nan nan nan nan nan nan nan nan nan nan nan nan nan nan nan nan nan nan nan nan nan nan nan nan nan nan nan nan nan nan nan nan nan nan nan nan nan nan nan nan nan nan nan nan nan nan nan nan nan nan nan nan nan nan nan nan nan nan nan nan nan nan nan
nan nan nan nan nan nan nan nan nan nan nan nan nan nan nan nan nan nan nan nan nan nan nan nan nan nan nan nan nan nan nan nan nan nan nan nan nan nan nan nan nan nan nan nan nan nan nan nan nan nan nan nan nan nan nan nan nan nan nan nan nan nan nan
nan nan nan nan nan nan nan nan nan nan nan nan nan nan nan nan nan nan nan nan nan nan nan nan nan nan nan nan nan nan nan nan nan nan nan nan nan nan nan nan nan nan nan nan nan nan nan nan nan nan nan nan nan nan nan nan nan nan nan nan nan nan nan
nan nan nan nan nan nan nan nan nan nan nan nan nan nan nan nan nan nan nan nan nan nan nan nan nan nan nan nan nan nan nan nan nan nan nan nan nan nan nan nan nan nan nan nan nan nan nan nan nan nan nan nan nan nan nan nan nan nan nan nan nan nan nan
