results/rofental/precip_month_2020-09-01T0000_2020-09-30T2300.asc
ncols        322
nrows        225
xllcorner    622802.488000000012
yllcorner    5178049.378999999724
cellsize     100.000000000000
[rows 112 to 139 of 225, columns 189 to 251 of 322]
60.030082405160825942 59.112825663797316622 58.394061309033070017 57.744844546027387366 58.581236308726374773 59.756785615368798403 60.747239361431056182 61.904265725751891125 63.65248673407693758 65.392442141843517334 66.928459652696702165 68.482719471753256357 68.765178566236954794 68.818610379152076462 68.766160694221426297 68.52845391133567432 68.895922202218486063 70.680534841772001187 72.065147449013153391 72.958554790317776906 73.578807342252758872 73.563099288936072639 73.019846477429467768 73.096694342941461287 74.211108740497934377 75.287521198964554969 74.910129282537425865 nan nan nan nan nan nan nan nan nan nan nan nan nan nan nan nan nan nan nan nan nan nan nan nan nan nan nan nan nan nan nan nan nan nan nan nan
59.037169363307107517 58.312138343563681531 57.7457039298426551 58.656244449329967949 59.241000429510144443 60.490965273123855184 61.86753133240465985 63.109384594854930128 65.134546444322126035 66.634813548765791325 67.927398115249729926 68.97148038713595497 69.22885376570768301 69.345001131586130327 69.509794022915698974 69.169522624146964063 69.340496528181091662 70.386568701914995927 72.144464937396463711 73.752429801560410283 73.789860572762833613 73.441123278730430002 73.377468082733528831 73.960627595115497002 75.344985356155390832 nan nan nan nan nan nan nan nan nan nan nan nan nan nan nan nan nan nan nan nan nan nan nan nan nan nan nan nan nan nan nan nan nan nan nan nan nan nan
58.072502703339416996 57.547996146618103808 58.545299026050493296 59.383229669996374867 60.26439774770394564 61.465307995304932831 62.870852849286038122 64.436855513919326199 65.959725766784160328 67.436068786110837436 68.800374841865945541 69.524428369112911241 69.571176990047490563 69.598972393474426212 69.814068695745788773 69.644104180508790591 69.776908187031310149 70.159636279861373964 72.025114819583464509 73.9490294376061712 73.79840108930496001 73.340730834236168789 73.577387886974875641 74.688297378786515424 76.258557816411425279 nan nan nan nan nan nan nan nan nan nan nan nan nan nan nan nan nan nan nan nan nan nan nan nan nan nan nan nan nan nan nan nan nan nan nan nan nan nan
57.444320927515164499 58.238110990212675233 59.096561481834569918 60.089303626303504302 61.161163044709020653 62.470566077035151409 63.771841383177843454 64.872442026891874889 66.207591465797420938 67.784623360743864851 69.167769884286556703 69.949419121461048121 70.010807435454665892 70.300427087856490971 70.184387022323747374 70.022524343541377334 70.248517446152177968 70.409482745262408798 71.768092649836773944 73.830446330624454276 74.341777904490939477 73.972752462903443416 74.184015634785097859 75.107419164046788751 76.829689915837320768 nan nan nan nan nan nan nan nan nan nan nan nan nan nan nan nan nan nan nan nan nan nan nan nan nan nan nan nan nan nan nan nan nan nan nan nan nan nan
58.580306624370045654 59.189037932137829046 59.953425546438204208 61.24352041490479337 62.503366790526136754 63.684895888200586 64.96842628306295353 66.129867920461904873 66.890429860499168058 67.80030513147420379 68.8564764618498657 70.335770991004551433 70.856860402806717047 70.913528138741369844 70.606766242019546098 70.459388913294304757 70.630901040812346992 70.969902946117542797 72.20787138164564567 74.256815100882107572 75.36483922784853462 75.01902712017157171 75.272041974534516839 76.276418223773703176 76.882292614706727818 nan nan nan nan nan nan nan nan nan nan nan nan nan nan nan nan nan nan nan nan nan nan nan nan nan nan nan nan nan nan nan nan nan nan nan nan nan nan
59.605655300199011037 60.280161767912936455 61.01992154450157102 62.842062404891493088 64.013336184662406936 65.002116602523557276 66.294679392593820921 67.252982304612658027 68.1859767083610393 69.05037462462793485 69.876998313326510015 70.569523633989902578 71.516146616152823867 71.376924413114920753 71.31965908604621518 71.25042496653129831 71.275559218727579491 71.620459705123934668 72.681338457394403463 74.548870666867060208 76.471355172327449168 76.72096416159926946 76.842795107626713502 77.497468961157196077 nan nan nan nan nan nan nan nan nan nan nan nan nan nan nan nan nan nan nan nan nan nan nan nan nan nan nan nan nan nan nan nan nan nan nan nan nan nan nan
60.686573420329786188 61.540919680589311724 62.808432175222414173 64.256662126857392536 65.353273579951832062 66.31228300882098381 67.335965356219332989 68.302143905265111812 69.327858070710647098 70.03989722210343416 71.028403632744385732 71.398897988880975163 71.622125109076350213 71.78062317544120674 71.87639499193758752 71.822406084621007949 71.775722614586996428 72.23387415904606712 73.533885379990962861 75.051124056754787262 76.93011527938037375 78.228930711231583928 78.387107018189666974 nan nan nan nan nan nan nan nan nan nan nan nan nan nan nan nan nan nan nan nan nan nan nan nan nan nan nan nan nan nan nan nan nan nan nan nan nan nan nan nan
61.726242835634685946 63.064894623283919373 64.603817955048796762 65.655237828932968114 66.528473836893340376 67.35439799524615978 68.407335220570445244 69.445598837723508723 70.136596440365764238 71.023160687000441271 71.568497518061320761 71.652177981255533723 71.735486975900414564 72.101623221793900598 72.125269033262199514 72.14509756587035838 72.169865183449289248 72.804039926826661144 74.231700676561985119 76.184430451955506669 77.742098845723674572 79.23300977086536534 nan nan nan nan nan nan nan nan nan nan nan nan nan nan nan nan nan nan nan nan nan nan nan nan nan nan nan nan nan nan nan nan nan nan nan nan nan nan nan nan nan
62.96138479308370961 64.707088542315716495 66.024410849789077815 66.965191189494362334 67.604561963975356775 68.433847164145859665 69.419898223425278161 70.286607495545112556 71.348381607514696157 71.882928293361544547 71.956946023573649995 71.773291694205738622 71.899952952371506854 72.462395204460335663 72.500824519219818853 72.71096335110490827 72.742319220361437715 73.902747229000539164 75.589246275635048278 76.605887085727815133 78.420004726511024273 80.206357312144803018 nan nan nan nan nan nan nan nan nan nan nan nan nan nan nan nan nan nan nan nan nan nan nan nan nan nan nan nan nan nan nan nan nan nan nan nan nan nan nan nan nan
64.364387845534452026 65.917654392437469824 67.185178653538471849 67.986745805253178787 68.702839335797932563 69.450464165489407264 70.360445999484966251 71.222034319515046263 72.688121415779463064 72.228419916347704088 72.16415615716573484 71.935673742846162781 72.019759844322166487 72.592789183653707141 72.99629612645908594 73.282174245953754621 73.405486401467285873 74.546724348386746328 76.347447603228019375 77.395954874333497742 79.08139702504951174 80.771264798419863951 nan nan nan nan nan nan nan nan nan nan nan nan nan nan nan nan nan nan nan nan nan nan nan nan nan nan nan nan nan nan nan nan nan nan nan nan nan nan nan nan nan
64.979107544980152511 66.633883084288868304 67.653942822873418095 68.722924670742656872 69.557413247465660788 70.348397926233374733 71.437379084239040594 72.651200285641337473 73.35817311911225147 72.466774414759342449 72.412035716785808859 72.147279624106189999 72.40902455360703982 73.108019531701955884 73.383327148069923851 73.528552418843986516 73.909307909120897762 74.775944763873596344 76.659305316998043622 77.800972008513753053 79.306045173018148375 80.719364827477463109 nan nan nan nan nan nan nan nan nan nan nan nan nan nan nan nan nan nan nan nan nan nan nan nan nan nan nan nan nan nan nan nan nan nan nan nan nan nan nan nan nan
65.609706929366410577 66.954769742680866784 67.888667032213788843 69.317338577451096171 70.259060634544496793 71.153014873772704618 72.584371966595114145 73.68902006230052848 73.324240497607078737 72.819189677937146143 72.810499919187805062 72.83493511601106718 73.315794109308058069 73.686659468895882696 73.809468406738176327 73.862249706382939962 74.393240498624763291 74.900666226078925547 75.667722693543183254 76.980155037695723763 78.370914500899246491 79.92263679273835919 nan nan nan nan nan nan nan nan nan nan nan nan nan nan nan nan nan nan nan nan nan nan nan nan nan nan nan nan nan nan nan nan nan nan nan nan nan nan nan nan nan
66.179745053620479212 67.333303649369298682 68.494624960008621883 69.847073114553793971 70.817258127358400088 72.232100241145900554 73.91501048290199094 74.429229335735442419 73.553140944518204947 73.125987898337683646 72.985766856756399079 73.250802685142161863 73.635246018595680084 73.968097160592449768 74.048317558501324243 74.024668701366707069 74.465355134773190571 75.13058419724582393 75.395021342200450931 76.296458559582617909 78.009983551341221641 79.449449219364623787 nan nan nan nan nan nan nan nan nan nan nan nan nan nan nan nan nan nan nan nan nan nan nan nan nan nan nan nan nan nan nan nan nan nan nan nan nan nan nan nan nan
66.564864751788377362 67.810739947695054752 69.120481944912086192 70.362101956842991513 71.416335462725015759 73.130562929017457918 74.50138621470019018 74.257003974737557428 74.096658255457086284 73.673499085409503095 73.644497859898919501 73.821703365839539401 74.053593183559243585 74.251339656365473729 74.208843468031076895 74.260702344252081275 74.805580881257043302 75.281325952437640581 75.655238327879843041 76.106940944673723948 77.978039949305696155 79.226777651518176526 nan nan nan nan nan nan nan nan nan nan nan nan nan nan nan nan nan nan nan nan nan nan nan nan nan nan nan nan nan nan nan nan nan nan nan nan nan nan nan nan nan
66.782466124816608044 68.194621231768294933 69.708747608749419555 70.868673788650767165 72.102421860182346336 73.62318276429074615 75.000471069433700677 74.77338637573171809 74.507892498768342193 74.314564276904519602 74.240230660769611859 74.223324046758349937 74.357578506011577701 74.418365725408619937 74.39388838493003675 74.686339603045908575 75.815664422042985393 75.905241046390713677 76.23291615482058603 76.483281919245342806 77.544319407353370366 nan nan nan nan nan nan nan nan nan nan nan nan nan nan nan nan nan nan nan nan nan nan nan nan nan nan nan nan nan nan nan nan nan nan nan nan nan nan nan nan nan nan
67.021419466455995462 68.60131367851610662 69.891299862510365415 71.263277094717963678 72.567457488193483073 73.885153311726185166 75.349512129734819155 75.634960831519279623 74.995830007337445977 74.829994775200233903 74.665624517583736974 74.547886511532198028 74.508826862345316044 74.5482528025653437 74.606479336556617454 75.147868208467031081 76.304304315959015526 76.725058199680418625 76.72022123967441587 76.972447822517821692 77.964745421232080957 nan nan nan nan nan nan nan nan nan nan nan nan nan nan nan nan nan nan nan nan nan nan nan nan nan nan nan nan nan nan nan nan nan nan nan nan nan nan nan nan nan nan
68.035110735013532235 68.990042776073011055 70.256718391313214056 71.686359276031978993 73.486220404264940953 74.701311946438266887 76.047823093322293175 75.562912213040306142 75.281943268484482701 75.051812974296993275 74.884217514099105983 74.71221134363695171 74.66671873845284324 74.726284559946279273 74.832951429788536757 75.349326038970019681 76.410521389170767748 77.414072187346974374 77.350300956745968506 77.620569528177185248 78.29705524746097467 nan nan nan nan nan nan nan nan nan nan nan nan nan nan nan nan nan nan nan nan nan nan nan nan nan nan nan nan nan nan nan nan nan nan nan nan nan nan nan nan nan nan
68.548408967361936561 69.617198295183925438 70.680604702582670029 71.85838779951485833 73.515099443762807141 74.970626897248806131 76.082081418250950833 75.98579682613866737 75.508949835004059992 75.110816412663027108 74.959214623083383344 74.786597842838716588 74.822911201322256147 74.905198114151986033 75.149387836008799013 75.702238437453885922 76.399133803448592062 77.794920659190466949 78.309489602409811937 nan nan nan nan nan nan nan nan nan nan nan nan nan nan nan nan nan nan nan nan nan nan nan nan nan nan nan nan nan nan nan nan nan nan nan nan nan nan nan nan nan nan nan nan
69.054643111924406185 69.896143667423444867 70.893790954424900974 72.250510126469819738 73.532596456544169428 74.682351122854740311 75.746177007995413533 76.352054897883547824 75.823711245797568381 75.355925359465416591 75.237453717645564666 75.115763992531597637 75.083037738909666814 75.289989415244122029 75.888423169799693824 76.177738164281237232 76.68971750827634537 78.049276943777783799 nan nan nan nan nan nan nan nan nan nan nan nan nan nan nan nan nan nan nan nan nan nan nan nan nan nan nan nan nan nan nan nan nan nan nan nan nan nan nan nan nan nan nan nan nan
68.946042678078441668 70.045625231545500355 71.027812768736538374 72.122324440569713033 72.781478881756399346 73.708885500119393441 75.155630205310245628 76.599024472507210248 76.309044593408231094 75.959822188967677903 75.714512926198793252 75.645375964851382378 76.039916468247838566 76.814555116999272855 76.872674620212890773 76.63512151993846544 77.172510022671787056 nan nan nan nan nan nan nan nan nan nan nan nan nan nan nan nan nan nan nan nan nan nan nan nan nan nan nan nan nan nan nan nan nan nan nan nan nan nan nan nan nan nan nan nan nan nan
69.703767057120472828 70.520833311056293269 71.193988758744040979 72.015955928237914918 72.581286273036354828 73.626154376310452676 75.095083307583976762 76.492187337099679212 76.83186268612701042 76.644413107432882271 76.512362263893450631 76.576982779662444045 nan nan nan 76.987667700193583187 nan nan nan nan nan nan nan nan nan nan nan nan nan nan nan nan nan nan nan nan nan nan nan nan nan nan nan nan nan nan nan nan nan nan nan nan nan nan nan nan nan nan nan nan nan nan nan
70.253034238964303881 70.73791827744321381 71.265821483512013401 71.900424751207381746 72.831215950854925723 74.055007831698077325 75.319613218757666573 76.756544912436751815 77.594056839018477945 nan nan nan nan nan nan nan nan nan nan nan nan nan nan nan nan nan nan nan nan nan nan nan nan nan nan nan nan nan nan nan nan nan nan nan nan nan nan nan nan nan nan nan nan nan nan nan nan nan nan nan nan nan nan
70.081732424091725875 70.838714213140278275 71.432118097132928369 72.029389011681900001 73.231640113699270955 74.543163885627080845 75.757887233331061339 77.081604024573763922 nan nan nan nan nan nan nan nan nan nan nan nan nan nan nan nan nan nan nan nan nan nan nan nan nan nan nan nan nan nan nan nan nan nan nan nan nan nan nan nan nan nan nan nan nan nan nan nan nan nan nan nan nan nan nan
70.289255976557086569 70.879749853688522876 71.606346339931803868 72.369366949346670026 73.711448083631665895 74.983700297231195009 76.153890571278623156 77.058791302383042421 nan nan nan nan nan nan nan nan nan nan nan nan nan nan nan nan nan nan nan nan nan nan nan nan nan nan nan nan nan nan nan nan nan nan nan nan nan nan nan nan nan nan nan nan nan nan nan nan nan nan nan nan nan nan nan
70.532525300072208552 70.926738723591626012 71.472110559143160913 72.155386851285811645 72.983936864298840419 74.234665263574598271 75.468323980212588253 76.88753956816816526 nan nan nan nan nan nan nan nan nan nan nan nan nan nan nan nan nan nan nan nan nan nan nan nan nan nan nan nan nan nan nan nan nan nan nan nan nan nan nan nan nan nan nan nan nan nan nan nan nan nan nan nan nan nan nan
70.750484060261072727 71.111757722210427346 71.489401393137370633 71.885676489036114845 72.516032801931416429 73.693249677813923881 75.304135081435376264 76.864731953803854481 78.153207342375921485 nan nan nan nan nan nan nan nan nan nan nan nan nan nan nan nan nan nan nan nan nan nan nan nan nan nan nan nan nan nan nan nan nan nan nan nan nan nan nan nan nan nan nan nan nan nan nan nan nan nan nan nan nan nan
71.05462041705163756 71.364148477556952344 71.866433846638969385 72.200201032647598254 72.469323854006489682 73.267358666695798775 74.776444882342801179 76.21727141129922245 77.78203584925206826 nan nan nan nan nan nan nan nan nan nan nan nan nan nan nan nan nan nan nan nan nan nan nan nan nan nan nan nan nan nan nan nan nan nan nan nan nan nan nan nan nan nan nan nan nan nan nan nan nan nan nan nan nan nan
71.372966295804616266 71.723396812551882817 72.176039411580504179 72.463547072602096932 72.680994914407591523 73.229951470022953686 74.817276267312294635 76.328981410475861935 77.92574604303645458 nan nan nan nan nan nan nan nan nan nan nan nan nan nan nan nan nan nan nan nan nan nan nan nan nan nan nan nan nan nan nan nan nan nan nan nan nan nan nan nan nan nan nan nan nan nan nan nan nan nan nan nan nan nan
