results/rofental/precip_month_2019-11-01T0000_2019-11-30T2300.asc
ncols        322
nrows        225
xllcorner    622802.488000000012
yllcorner    5178049.378999999724
cellsize     100.000000000000
[rows 56 to 83 of 225, columns 189 to 251 of 322]
nan nan nan nan nan nan nan nan nan nan nan nan nan nan nan nan nan nan nan nan nan nan nan nan nan nan nan nan nan nan nan nan nan nan nan nan nan nan nan nan nan nan nan nan nan nan nan nan nan nan nan nan nan nan nan nan nan nan nan nan nan nan nan
nan nan nan nan nan nan nan nan nan nan nan nan nan nan nan nan nan nan nan nan nan nan nan nan nan nan nan nan nan nan nan nan nan nan nan nan nan nan nan nan nan nan nan nan nan nan nan nan nan nan nan nan nan nan nan nan nan nan nan nan nan nan nan
nan nan nan nan nan nan nan nan nan nan nan nan nan nan nan nan nan nan nan nan nan nan nan nan nan nan nan nan nan nan nan nan nan nan nan nan nan nan nan nan nan nan nan nan nan nan nan nan nan nan nan nan nan nan nan nan nan nan nan nan nan nan nan
nan nan nan nan nan nan nan nan nan nan nan nan 251.76952454716433749 nan nan nan nan nan nan nan nan nan nan nan nan nan nan nan nan nan nan nan nan nan nan nan nan nan nan nan nan nan nan nan nan nan nan nan nan nan nan nan nan nan nan nan nan nan nan nan nan nan nan
nan nan nan nan nan nan nan nan nan nan 258.99750886532058303 255.37009718879249931 250.61173004054339231 248.13353406536324997 247.12605857538463283 nan nan nan nan nan nan nan nan nan nan nan nan nan nan nan nan nan nan nan nan nan nan nan nan nan nan nan nan nan nan nan nan nan nan nan nan nan nan nan nan nan nan nan nan nan nan nan nan
nan nan nan nan nan nan nan nan 258.87211163022425353 257.74351154388602936 255.63442295938017423 252.48562023045857927 249.41757425340327359 246.71295969930807246 243.38314188121660209 242.72398421577298677 nan nan nan nan nan nan nan nan nan nan nan nan nan nan nan nan nan nan nan nan nan nan nan nan nan nan nan nan nan nan nan nan nan nan nan nan nan nan nan nan nan nan nan nan nan nan nan
nan nan nan nan nan nan 265.07610723769124661 258.93307463944478286 253.77006101271774696 250.71134328607342923 248.60382482645718483 247.17378567339187612 246.4421404508068747 244.89031336428200802 241.51557824296236276 238.9546298196011378 239.31154485808940535 241.06888372079376381 nan nan nan nan nan nan nan nan nan nan nan nan nan nan nan nan nan nan nan nan nan nan nan nan nan nan nan nan nan nan nan nan nan nan nan nan nan nan nan nan nan nan nan nan nan
nan nan nan nan nan 265.57066842309450294 262.4944570701657085 255.16137398647683199 250.73754954793287197 248.39867488601959167 246.695005185972974 245.02856948311253404 243.32326635627705969 242.20428863289367882 239.66524777897302556 237.24871964355915566 236.2585389108023719 237.07253376338547923 239.90405719391296202 244.04345759369979874 nan nan nan nan nan nan nan nan nan nan nan nan nan nan nan nan nan nan nan nan nan nan nan nan nan nan nan nan nan nan nan nan nan nan nan nan nan nan nan nan nan nan nan
nan nan nan nan nan 266.2447152098284846 262.21724000417606248 255.06372703892981235 249.80360855976888956 248.19149095728838006 246.7465446897564334 245.01934548027293204 243.25511547139950608 241.2713184875171919 239.12618232174048671 236.95328807395816284 236.01942321481229214 236.02429762426467619 237.26828402750172131 240.99464371744716118 246.23099605695895775 nan nan nan nan nan nan nan nan nan nan nan nan nan nan nan nan nan nan nan nan nan nan nan nan nan nan nan nan nan nan nan nan nan nan nan nan nan nan nan nan nan nan
248.82548516758981805 256.34151090507606341 nan nan 259.20629513709343428 258.53978163919066446 258.05175234001984563 255.16276878764836056 251.34581479099867352 249.55734489412037647 249.37343909917117912 245.99123863990769223 242.03958966920527018 240.13634666985453237 238.94861319146320966 237.55139266075249793 236.69919381513938106 236.26402294004967075 236.36696267198527721 238.29236128163134367 243.5302081927962945 244.73718542544543197 nan nan nan nan nan nan nan nan nan nan nan nan nan nan nan nan nan nan nan nan nan nan nan nan nan nan nan nan nan nan nan nan nan nan nan nan nan nan nan nan nan
243.94554187447849358 250.21664980481071439 254.54184386676706708 256.00264270326999849 252.8708110999379528 250.56045674974367898 250.70614125189740662 253.80051515333300927 252.75703063246498914 250.85897094856741774 248.8144424920716915 245.2464828251553115 241.66587079641618629 238.41454732571321529 238.35503837349691025 238.03536465688765134 236.90046064785465774 236.24082799538166455 236.18725861377319575 237.15244446308497572 242.3449907410633557 243.16870833790108009 242.78395453211027188 nan nan nan nan nan nan nan nan nan nan nan nan nan nan nan nan nan nan nan nan nan nan nan nan nan nan nan nan nan nan nan nan nan nan nan nan nan nan nan nan
238.48577733630270359 242.78120320633337315 247.59239313277052474 250.56459101019569857 247.09051652251028486 244.83382231060934942 246.14251274479317999 252.34327070559055528 254.11845017531385338 251.91725030592118628 248.89136636827305438 245.04182966291841694 241.9756139561639543 239.38893308968411588 238.21578066928177009 237.66649324693534595 236.45190467468543716 235.87492962526482643 235.70442916113586307 236.20301601038173089 240.50531756887832557 241.11864595871475103 241.47841866485188689 241.30333519189730396 nan nan nan nan nan nan nan nan nan nan nan nan nan nan nan nan nan nan nan nan nan nan nan nan nan nan nan nan nan nan nan nan nan nan nan nan nan nan nan
231.16563448481534238 235.11471791150458444 241.31878713364528721 245.80095528701610874 242.76596203736451685 239.661476316361302 241.53898989639324668 247.38235405620204688 251.10399408220601458 253.82199906304020942 252.59437847663988919 246.17432883227053253 242.53729275285220979 240.28166779001929854 238.87193776129629441 237.72647495901009052 236.40673980501210849 235.95942750110611996 235.10669098419941747 234.3868635792886721 234.96466488969679176 234.67413975980502983 237.64781471911328481 240.84741192489357786 nan nan nan nan nan nan nan nan nan nan nan nan nan nan nan nan nan nan nan nan nan nan nan nan nan nan nan nan nan nan nan nan nan nan nan nan nan nan nan
227.58417848960121432 231.3201622079659785 236.48235949128914513 237.57322315370467436 236.99786505876565457 234.86429442341625418 236.87532647185284418 241.53187266250918697 244.53188152192868188 248.83046121448586518 253.54987468454748978 251.52798972522811027 246.13677329896478341 242.23476141954961349 239.36143068771997378 237.75237730101292755 236.08545104632736411 235.20042503543547241 233.75470214095406618 232.50143631713629588 231.06339724725859242 229.90184518803627611 232.75549886579190684 237.39660854422342595 nan nan nan nan nan nan nan nan nan nan nan nan nan nan nan nan nan nan nan nan nan nan nan nan nan nan nan nan nan nan nan nan nan nan nan nan nan nan nan
225.95285192618419501 225.51802588821760764 226.39026130206465837 228.59214383869169751 228.45813321992551437 229.43607892873654919 233.04382016023444635 236.28610830928889186 238.4526363697963518 242.52415733568795986 247.51088890543772436 251.48062447110223161 251.09320270852441581 247.88233602432205771 242.07942070416822844 237.81016541345132964 234.79879604242947266 233.1710472141932371 232.01484834130948798 230.8809318395702519 230.20319722445410093 229.42502670430744161 230.34962338771381951 235.52087840885354808 nan nan nan nan nan nan nan nan nan nan nan nan nan nan nan nan nan nan nan nan nan nan nan nan nan nan nan nan nan nan nan nan nan nan nan nan nan nan nan
219.6884471102798102 218.14651153591574939 217.02154581475093664 218.78594204408315704 221.80548962110944444 224.78554838995384557 227.87259090218032043 230.60377471392442317 233.41125534941551223 236.91099662683922134 241.2066183872603915 244.52701960174422879 245.37037802141102816 247.47416067051810273 246.01463557199355137 240.30871172490148524 234.47072313274361477 231.05304646178728945 229.76895411481987708 229.03238862255554409 229.13989106338530632 229.28904817300269769 228.3904609408745614 229.90046802210468968 234.5953485013222064 nan nan nan nan nan nan nan nan nan nan nan nan nan nan nan nan nan nan nan nan nan nan nan nan nan nan nan nan nan nan nan nan nan nan nan nan nan nan
217.2913665983202236 215.22751074502110669 213.56519146758535044 215.61263110454129333 218.31885839463126331 220.20763232794868713 222.39095727598407848 225.359929047342888 228.30330587440082013 231.34571107699019876 236.3250239146173044 239.55411642046641418 239.59001531951815878 241.84006690567809983 244.84351010054604103 239.25641766376298847 233.72382979130287595 229.38300752505080027 228.18822552765826117 227.20273495460810409 224.97096771041537977 226.13397234330298602 225.99862689313232522 226.07549093506824534 229.84156991866763065 233.83236607757626757 nan nan nan nan nan nan nan nan nan nan nan nan nan nan nan nan nan nan nan nan nan nan nan nan nan nan nan nan nan nan nan nan nan nan nan nan nan
213.65426536801172119 212.05989117534929278 211.39582691243538193 213.55069287849639181 215.41026850580192331 216.83881075944043459 217.8561891825662542 221.14691229323827315 223.55010398812009953 225.9288623708430066 230.70492924704552706 234.46674737498346985 235.1224081639139456 236.8103369617701901 238.79930515106272537 238.42682340531447949 232.37457222750089159 227.66899665368245564 227.21235898447454815 225.29889756880535856 220.71434063905647349 219.63280361012863295 222.87428603705535579 223.8138649804451461 226.18865348186443498 231.00593061059831257 nan nan nan nan nan nan nan nan nan nan nan nan nan nan nan nan nan nan nan nan nan nan nan nan nan nan nan nan nan nan nan nan nan nan nan nan nan
211.40207845635544004 210.32466943170456375 210.33606252449285989 211.57697928063382165 213.42903493999858711 214.46089865722564127 215.11506993014845079 216.85505979061036896 219.23148517082154285 221.37712065027847075 225.46622014962159142 229.98252416023271394 231.99394042879245603 232.70967965943432887 233.2240089427977523 232.42337750480263026 231.71111192144900315 225.45430390123843267 224.38019947070128524 222.77926088561403617 218.96934989813152583 217.20854483599177343 218.76975578202103634 221.40806988730861349 225.42035143335908742 228.86832008065687205 233.9477050716382962 nan nan nan nan nan nan nan nan nan nan nan nan nan nan nan nan nan nan nan nan nan nan nan nan nan nan nan nan nan nan nan nan nan nan nan nan
210.28322777303156954 209.92388984255902074 208.87746147005233865 210.07149822653107663 211.61792885994196922 212.82998983844146323 213.73778599927763366 214.04198567324760916 215.12374022075178459 217.24731488230159471 221.5967914953238278 227.83473692346089479 229.7432158121417558 228.6260182179801177 228.75678160488251933 228.33719059770703552 226.08613523338752316 222.40754881126321152 219.76135984210824859 218.92108161502454777 217.38892211057776649 216.93257774154923823 217.3799260645793936 221.24532581024996603 225.55273150655750669 230.78632044920047406 235.54239893041301457 nan nan nan nan nan nan nan nan nan nan nan nan nan nan nan nan nan nan nan nan nan nan nan nan nan nan nan nan nan nan nan nan nan nan nan nan
209.49592796534849981 208.55207711702018969 207.47423756911348391 208.67765410321905506 210.08956386707376396 210.88692383078645776 211.44022250818494513 212.1159086973574972 212.58037427919836659 214.14335122264296274 219.28596658982374379 225.38063506028052529 229.97535104425764985 227.86765651898119245 226.64062404020319264 225.7728644192667673 223.77063546384243864 220.42395912884458653 217.28564881671280773 216.13933624508408116 215.30684399282702657 216.71417865970440175 217.90876469667904303 221.88130342523902527 226.7825787653193288 233.28668892656642697 nan nan nan nan nan nan nan nan nan nan nan nan nan nan nan nan nan nan nan nan nan nan nan nan nan nan nan nan nan nan nan nan nan nan nan nan nan
208.94651852222185084 206.9392975521667779 206.38758411892152367 207.15132143956350319 208.93568801081283937 209.01119044643695588 209.11248924129830584 210.67629676840678599 211.56000968205376012 212.47827662555857842 217.07573931796136435 223.68327667288480143 229.57143819437789034 226.96349828551444716 223.86270232790639056 223.02626674944789897 221.4626349504524967 219.17308972082940954 216.28020724295862465 213.83065791403012668 213.21922668272117107 215.12637816747823649 217.3066157628710755 223.30359002661754175 228.21832220815599612 234.56683800775275017 nan nan nan nan nan nan nan nan nan nan nan nan nan nan nan nan nan nan nan nan nan nan nan nan nan nan nan nan nan nan nan nan nan nan nan nan nan
211.55901208105981937 207.63762739822621484 205.47484355172116466 205.42594103761052793 207.15905309231089859 207.89936329179499808 207.64094224917033671 208.87466072951951901 210.4011635939813516 211.40485773560268967 215.05922122798446594 221.3860134976777374 228.25899961766822344 228.43375715627058753 224.83227748895569675 222.57566901895344813 219.63886591062771458 216.2314119693005523 212.41135348134946526 211.27478410091006822 211.12440845581909343 212.63949951488996248 216.94386759478211957 222.87183960923496784 227.23803944009731026 231.79352096960559493 nan nan nan nan nan nan nan nan nan nan nan nan nan nan nan nan nan nan nan nan nan nan nan nan nan nan nan nan nan nan nan nan nan nan nan nan nan
210.27931825126304943 209.15236163611123743 206.35189928210402854 204.95436487284561622 205.55355858406502989 206.90281450810590513 206.96656236377000937 207.35200760424274335 208.48953008835914602 211.7298519445978684 214.26589012349325003 217.89515252142271606 224.31422370010096756 227.65271701968913476 224.74563257942665473 220.817982665564017 218.29839790765589669 214.67899760178625002 210.74069573194441318 209.35562686696300716 209.48435778472895663 212.15498307695489189 217.60463792939700056 221.94708574499188103 225.30091324750884496 nan nan nan nan nan nan nan nan nan nan nan nan nan nan nan nan nan nan nan nan nan nan nan nan nan nan nan nan nan nan nan nan nan nan nan nan nan nan
209.64575581260112358 208.66731358551092512 207.97090494768204394 205.47896667033180051 205.25226172173839245 206.38279644568831372 206.95650357290932675 206.56129696805334106 206.95065969644366533 211.13221980186875726 211.99958365255056947 215.17563853085979986 219.18877747364132347 223.97457533524087125 222.76675195917414385 219.00973344243152496 216.65452880168908223 213.12575587357159179 208.76153957869078681 207.7111488094630829 208.86495600568613895 212.8332407459944875 216.00042108061796853 220.21767190335265241 223.68317452020869496 nan nan nan nan nan nan nan nan nan nan nan nan nan nan nan nan nan nan nan nan nan nan nan nan nan nan nan nan nan nan nan nan nan nan nan nan nan nan
212.41747784963936851 209.75162098717970593 206.37357424319418442 205.59442613929783761 204.92952549978147658 204.52276859952024779 205.10234300461848989 205.65265972622449908 206.11707967142453413 209.02275494978522374 209.69402397869998822 212.77489015419470775 215.79503981623949471 219.80892795882476776 221.02862867570055982 218.65613321438814864 216.28617403203162439 212.42162464524099619 208.10809564430101659 206.87771098737786701 208.69755638208988557 211.49761749542173561 212.94853395275256958 217.4890812620931797 221.20547220146519862 nan nan nan nan nan nan nan nan nan nan nan nan nan nan nan nan nan nan nan nan nan nan nan nan nan nan nan nan nan nan nan nan nan nan nan nan nan nan
210.12043354706517562 208.79336258068235566 204.96915156742451813 202.32178083694245174 203.11795683191945727 202.13980543738892948 202.91329148617941769 203.71466467610679274 204.94269094908250395 206.83717992551416387 207.9991277576509674 210.10167959123535297 213.5812006186552594 215.79660825157716886 218.10036885019877673 217.52870334175872813 215.43916339555607919 212.40823241160703105 208.40660828889915024 205.86341399616497938 207.02365073448811472 209.16536024595049525 210.61016720686163239 214.46968607558213193 219.07500863987036155 219.57424027076535822 nan nan nan nan nan nan nan nan nan nan nan nan nan nan nan nan nan nan nan nan nan nan nan nan nan nan nan nan nan nan nan nan nan nan nan nan nan
207.46847275606009475 205.95781530323242237 203.82681169171840452 201.95462350224906345 200.47216441129808118 200.1458047146992385 200.44319349038445921 201.39267503323472397 202.94364872700506908 204.26294467168301594 205.50459935434480485 206.77799391066082535 210.79037440025010142 213.79208429281194981 214.80249601409425964 215.16212062848390474 214.20254300860733565 212.40462062905470475 208.24953510641927323 205.36878771680932232 205.44522287497883895 207.20397383555786064 208.43586177561158479 211.66892956984602847 216.24701756759631621 215.92069440113147039 214.64801388996747278 nan nan nan nan nan nan nan nan nan nan nan nan nan nan nan nan nan nan nan nan nan nan nan nan nan nan nan nan nan nan nan nan nan nan nan nan
