results/rofental/precip_month_2020-09-01T0000_2020-09-30T2300.asc
ncols        322
nrows        225
xllcorner    622802.488000000012
yllcorner    5178049.378999999724
cellsize     100.000000000000
[rows 168 to 195 of 225, columns 63 to 125 of 322]
nan nan nan nan nan nan nan nan nan nan nan nan nan nan nan nan nan nan nan nan nan nan nan nan nan nan nan nan 82.313244246937003368 80.762720823575349982 79.717297289864674781 79.344361476751402051 78.990659091320011953 78.518728977549983483 77.721673525621810086 76.272150663457438213 75.8421692081946901 75.650001455744160239 75.222593263286597676 74.705982917184968528 74.476077713339137176 74.246278177922448549 74.084681855321022681 73.784765350858606325 73.243822329190564346 72.86566040867550953 72.606309862253894494 72.299392374685979235 71.981367808248322149 71.758335314166032504 71.561803813199091451 71.382039296669660189 71.205787556914387437 71.044811092287361021 70.873531907623146253 70.681659051354372991 70.551886903013539154 70.423994505907259622 70.330733573089716515 70.48189961635800671 70.874056842348124974 71.762255286792267839 72.735180775191409452
nan nan nan nan nan nan nan nan nan nan nan nan nan nan nan nan nan nan nan nan nan nan nan nan nan nan nan nan 82.6053847519568194 80.842933139412124888 79.330248846210579927 79.004758422367970638 78.788767895160191301 78.45801132098506514 77.855270459463710608 76.905198523169602254 75.777595598170279345 75.482166034765583618 75.154348598486549804 74.862895970055689077 74.64604311188453778 74.187127076961800753 73.889138040528465012 73.697735776442428346 73.223944934731434842 72.818087710183959871 72.548672253194652626 72.239435139961898358 71.939321261261270024 71.737166369834568513 71.587245020245532601 71.432264488636008082 71.278964028263743558 71.112007761281887497 70.93352158414744224 70.756560456998613517 70.704381841908372053 70.746256308451961559 71.002375830055200367 71.338742350716628948 71.795078408798104874 72.883787430554008324 73.802202846839762174
nan nan nan nan nan nan nan nan nan nan nan nan nan nan nan nan nan nan nan nan nan nan nan nan nan nan nan 81.73206642594988125 81.478588163456123539 79.963908337880482691 78.945431632436878999 78.605194116351825073 78.521737774466458859 78.329908838359330048 77.826600875042601047 77.086908967802386883 76.237861990597338036 75.518243307839881595 75.022940627541871095 74.998478053355015049 74.819178694040303412 74.186981126908889905 73.698812447596694142 73.557005091726637147 73.293341889704237246 72.984625872316016171 72.625150066418370898 72.279843633596598806 72.002123094530531944 71.791351976145094227 71.640521516952333059 71.451990219014518857 71.303511461617745226 71.123807006262651953 70.979063444738613953 71.051516883792288581 71.2336937199384721 71.556384370272681394 71.882186941050591145 72.269445368732434076 72.971870808687853582 74.146021437781868713 75.23759897916124828
nan nan nan nan nan nan nan nan nan nan nan nan nan nan nan nan nan nan nan nan nan nan nan nan nan nan nan 81.172140600399259824 80.227453246491677419 79.437941394744456147 78.87172523485813258 78.39814682604711038 78.297637244444914018 78.136645515613963653 77.821720814490461748 77.396796945023567105 76.789494011039423071 75.893330325579739792 75.241305442164147621 75.183482712884043053 74.974346577362027233 74.189876454327020383 73.626143985966621131 73.548066232625728844 73.432989929332862289 73.211336250267862624 72.847271433812480268 72.496799766948612387 72.247145536510302577 72.013824128938466629 71.844995091403333731 71.53863677098203766 71.419912139108248539 71.465164684849568744 71.555444298296890793 71.743729522701059409 72.122527880636241093 72.442758337080064734 72.864447883419032337 73.389535160392540547 74.362911126566501707 75.249025146301605105 nan
nan nan nan nan nan nan nan nan nan nan nan nan nan nan nan nan nan nan nan nan nan nan nan nan nan nan nan nan 80.59485722644251382 79.334217482644262986 78.852175782375653057 78.530166701616835212 78.278815581566590254 77.975747942396935741 77.680928778059154638 77.469963106401522168 76.957444604065884164 76.40178083816935839 75.855685949374091592 75.445210591744498174 75.199727752392121261 74.505878297893247009 73.873481683676018861 73.689956993166276789 73.594538434152283912 73.403116943281574436 72.938469970997189762 72.636948487943229225 72.450579895250285745 72.324897241794346314 72.278202347782610104 72.246223880583983146 72.394075766579049969 72.478513580256262117 72.642988705611912792 72.865603791197287364 73.309392387692568605 73.568004735728294463 73.956927274511571113 74.444509434579273943 75.752149047021703154 75.987294315349600993 nan
nan nan nan nan nan nan nan nan nan nan nan nan nan nan nan nan nan nan nan nan nan nan nan nan nan nan nan nan nan 80.245206407242463342 79.035748447575230102 78.735015635009546031 78.434085146602527061 78.019202083274549864 77.604869185263765985 77.306367628844299134 76.905537826619280395 76.513669527624244893 75.981199169270354332 75.49544125443019027 75.28317183487340003 74.675712365719107311 74.054718864015541158 73.827759804079050809 73.763953780256585446 73.561649621099689966 73.065536601267723427 72.977783105307096889 72.957168729648614658 72.965282797962331074 73.210779793627636991 73.29342765424168249 73.195685518107381995 73.383588262131624447 73.734513267908852185 74.067254382731761098 74.447043799653414453 74.687998538806624538 75.273288597077709028 76.090098670497610556 76.298654476690799697 nan nan
nan nan nan nan nan nan nan nan nan nan nan nan nan nan nan nan nan nan nan nan nan nan nan nan nan nan nan nan nan nan 80.382813230230439672 79.628205711948936596 78.955627818121243422 78.381247107966515841 77.933400745026020218 77.269399990604895834 76.892950879618211957 76.529884898157803264 76.044070192961854104 75.779665237338804218 75.633543032246237203 75.21793974130868321 74.741531848967994733 74.493281518876344194 74.388634933807949778 74.178194265090823478 73.946453211448030629 73.872383928353386295 73.814347800503469443 73.794024086406608376 73.927090967662167031 73.89961696908669353 74.067182142500854525 74.527735511997988738 74.82907489678609636 75.270443869157915628 75.691441876065226779 76.207257725438793727 nan nan nan nan nan
nan nan nan nan nan nan nan nan nan nan nan nan nan nan nan nan nan nan nan nan nan nan nan nan nan nan nan nan nan nan nan nan nan nan nan 77.396933808436060076 77.078414031952704022 76.717163021965575354 76.473018750528837018 76.437636283173361562 76.385096896043066295 76.129136885684317804 76.201092730791458507 75.846104297910912351 75.36627123226942615 74.953083574666266031 74.664837058704534911 74.366072103514881064 74.369608054703419953 74.346844563793197835 74.437108783174068094 74.719306058003226667 75.359176947563611293 nan nan nan nan nan nan nan nan nan nan
nan nan nan nan nan nan nan nan nan nan nan nan nan nan nan nan nan nan nan nan nan nan nan nan nan nan nan nan nan nan nan nan nan nan nan nan nan nan nan nan nan nan nan nan nan nan 74.794359004248008205 74.6993163029607814 74.825740446382908999 74.867552739215767588 75.174043701001934892 75.825288068935634556 76.261930527983253114 nan nan nan nan nan nan nan nan nan nan
nan nan nan nan nan nan nan nan nan nan nan nan nan nan nan nan nan nan nan nan nan nan nan nan nan nan nan nan nan nan nan nan nan nan nan nan nan nan nan nan nan nan nan nan nan nan nan 74.962030553376536091 75.481945039797068375 75.364599401776516174 75.859374701137127772 nan nan nan nan nan nan nan nan nan nan nan nan
nan nan nan nan nan nan nan nan nan nan nan nan nan nan nan nan nan nan nan nan nan nan nan nan nan nan nan nan nan nan nan nan nan nan nan nan nan nan nan nan nan nan nan nan nan nan nan nan nan nan nan nan nan nan nan nan nan nan nan nan nan nan nan
nan nan nan nan nan nan nan nan nan nan nan nan nan nan nan nan nan nan nan nan nan nan nan nan nan nan nan nan nan nan nan nan nan nan nan nan nan nan nan nan nan nan nan nan nan nan nan nan nan nan nan nan nan nan nan nan nan nan nan nan nan nan nan
nan nan nan nan nan nan nan nan nan nan nan nan nan nan nan nan nan nan nan nan nan nan nan nan nan nan nan nan nan nan nan nan nan nan nan nan nan nan nan nan nan nan nan nan nan nan nan nan nan nan nan nan nan nan nan nan nan nan nan nan nan nan nan
nan nan nan nan nan nan nan nan nan nan nan nan nan nan nan nan nan nan nan nan nan nan nan nan nan nan nan nan nan nan nan nan nan nan nan nan nan nan nan nan nan nan nan nan nan nan nan nan nan nan nan nan nan nan nan nan nan nan nan nan nan nan nan
nan nan nan nan nan nan nan nan nan nan nan nan nan nan nan nan nan nan nan nan nan nan nan nan nan nan nan nan nan nan nan nan nan nan nan nan nan nan nan nan nan nan nan nan nan nan nan nan nan nan nan nan nan nan nan nan nan nan nan nan nan nan nan
nan nan nan nan nan nan nan nan nan nan nan nan nan nan nan nan nan nan nan nan nan nan nan nan nan nan nan nan nan nan nan nan nan nan nan nan nan nan nan nan nan nan nan nan nan nan nan nan nan nan nan nan nan nan nan nan nan nan nan nan nan nan nan
nan nan nan nan nan nan nan nan nan nan nan nan nan nan nan nan nan nan nan nan nan nan nan nan nan nan nan nan nan nan nan nan nan nan nan nan nan nan nan nan nan nan nan nan nan nan nan nan nan nan nan nan nan nan nan nan nan nan nan nan nan nan nan
nan nan nan nan nan nan nan nan nan nan nan nan nan nan nan nan nan nan nan nan nan nan nan nan nan nan nan nan nan nan nan nan nan nan nan nan nan nan nan nan nan nan nan nan nan nan nan nan nan nan nan nan nan nan nan nan nan nan nan nan nan nan nan
nan nan nan nan nan nan nan nan nan nan nan nan nan nan nan nan nan nan nan nan nan nan nan nan nan nan nan nan nan nan nan nan nan nan nan nan nan nan nan nan nan nan nan nan nan nan nan nan nan nan nan nan nan nan nan nan nan nan nan nan nan nan nan
nan nan nan nan nan nan nan nan nan nan nan nan nan nan nan nan nan nan nan nan nan nan nan nan nan nan nan nan nan nan nan nan nan nan nan nan nan nan nan nan nan nan nan nan nan nan nan nan nan nan nan nan nan nan nan nan nan nan nan nan nan nan nan
nan nan nan nan nan nan nan nan nan nan nan nan nan nan nan nan nan nan nan nan nan nan nan nan nan nan nan nan nan nan nan nan nan nan nan nan nan nan nan nan nan nan nan nan nan nan nan nan nan nan nan nan nan nan nan nan nan nan nan nan nan nan nan
nan nan nan nan nan nan nan nan nan nan nan nan nan nan nan nan nan nan nan nan nan nan nan nan nan nan nan nan nan nan nan nan nan nan nan nan nan nan nan nan nan nan nan nan nan nan nan nan nan nan nan nan nan nan nan nan nan nan nan nan nan nan nan
nan nan nan nan nan nan nan nan nan nan nan nan nan nan nan nan nan nan nan nan nan nan nan nan nan nan nan nan nan nan nan nan nan nan nan nan nan nan nan nan nan nan nan nan nan nan nan nan nan nan nan nan nan nan nan nan nan nan nan nan nan nan nan
nan nan nan nan nan nan nan nan nan nan nan nan nan nan nan nan nan nan nan nan nan nan nan nan nan nan nan nan nan nan nan nan nan nan nan nan nan nan nan nan nan nan nan nan nan nan nan nan nan nan nan nan nan nan nan nan nan nan nan nan nan nan nan
nan nan nan nan nan nan nan nan nan nan nan nan nan nan nan nan nan nan nan nan nan nan nan nan nan nan nan nan nan nan nan nan nan nan nan nan nan nan nan nan nan nan nan nan nan nan nan nan nan nan nan nan nan nan nan nan nan nan nan nan nan nan nan
nan nan nan nan nan nan nan nan nan nan nan nan nan nan nan nan nan nan nan nan nan nan nan nan nan nan nan nan nan nan nan nan nan nan nan nan nan nan nan nan nan nan nan nan nan nan nan nan nan nan nan nan nan nan nan nan nan nan nan nan nan nan nan
nan nan nan nan nan nan nan nan nan nan nan nan nan nan nan nan nan nan nan nan nan nan nan nan nan nan nan nan nan nan nan nan nan nan nan nan nan nan nan nan nan nan nan nan nan nan nan nan nan nan nan nan nan nan nan nan nan nan nan nan nan nan nan
nan nan nan nan nan nan nan nan nan nan nan nan nan nan nan nan nan nan nan nan nan nan nan nan nan nan nan nan nan nan nan nan nan nan nan nan nan nan nan nan nan nan nan nan nan nan nan nan nan nan nan nan nan nan nan nan nan nan nan nan nan nan nan
