results/rofental/precip_month_2020-06-01T0000_2020-06-30T2300.asc
ncols        322
nrows        225
xllcorner    622802.488000000012
yllcorner    5178049.378999999724
cellsize     100.000000000000
[rows 168 to 195 of 225, columns 126 to 188 of 322]
134.07982143215861015 134.36038763486297398 134.71564811460189048 135.15362687392351404 136.87551485495583847 139.4224229344736159 138.86567387675466989 136.8790394392790688 135.75427823980402309 135.64471364665632791 135.02834026981201987 133.99957825018506696 133.28425361358119972 132.18932715503515851 131.06967442156300763 130.29599947974537599 128.96938229905026674 128.1247040550227041 126.89257916442483065 125.61133195518330297 124.32211817900095241 123.03363158447571379 121.72892371665506062 119.71680695975258857 117.59671832899624633 115.59879060758191827 114.12412567251372764 113.67528951482884736 114.09699352425751329 114.39387997185178847 114.42635072862319134 114.19879081103739793 114.78796139027403456 115.95745138992946011 118.42795173957254917 119.92492353319805432 121.55059644825809073 122.45377048062709946 123.16434094889378059 123.98551221458274085 125.74516691361550613 127.90235611267237914 129.8250280332571549 130.82330351536018043 131.5335144327945045 132.77386316200980332 134.05731857811727537 134.69897832829531126 135.05127279623391701 135.49173400242494836 135.96750385553278306 137.28125062290868641 140.87912576848535195 144.99941423135047103 nan nan nan nan nan nan nan nan nan
136.79136918248255483 136.44909855383812669 135.98891741578606229 136.23591438807676468 137.47828440927153792 nan nan 136.99339902178158468 136.05332814308533784 135.75679009277564546 135.50703583513916328 134.62224145404962883 133.64069270191649252 132.24077123825369995 131.17455040490912666 130.41851519349262389 129.59562892312186477 128.75390769242420674 127.2730361551881515 126.18666559818284156 125.14444578429277044 123.59238441928937391 121.6842344216260301 119.26745687225729853 117.27528689694800335 115.67540489789573144 114.75623092528256564 115.01685965858561644 115.2610392131576873 115.61537922021653912 115.56104280716246535 115.2752076163693431 116.02684030482906508 117.4693829223386814 119.10676385451617421 120.63464996938061802 122.06667956583511625 123.3318956791205494 123.96119063006696592 125.10025224935309041 127.28579278186410306 129.4154566063419054 130.8975320876393198 131.62583551211568533 132.27527236173870051 133.43729122161212786 134.5636804816736003 135.27942665777885622 135.56517671671386438 136.15043205895347 136.66414197854902568 137.97831516809111463 141.04694999910222464 144.53881870843412116 nan nan nan nan nan nan nan nan nan
138.88812919370761279 138.13996292213789729 137.23080744477502435 137.47842297438000969 nan nan nan nan nan nan 135.82135984201855194 134.75773234921257426 133.55439507389556297 132.55833927798985883 131.67623682050370348 130.90276144358708166 130.21064975892136317 129.3561192907982047 128.18869158123663965 126.94087053934529763 124.9857060854681805 122.93743228328875716 120.91518244521266467 118.9030170782649094 117.24982255820815169 115.93746492343070997 115.9418342818403147 116.38447027619200469 116.50460712779722883 116.80647173709195386 116.6689596409439531 116.5201361692848252 117.55275910816882856 118.71444807688428114 120.0965916390457835 121.39593183354669748 123.12257979549728759 124.52047971306105012 125.2380015057767082 126.86933234993679775 129.03768983815558613 130.85314088882998362 131.79111791655157049 132.20925764152786996 133.15373734103553716 134.55779880290583606 135.4514254252208616 135.84029454009373694 136.02512352488491842 136.70238823437199471 137.39043508104575153 138.3361182501064377 141.82250807783037772 144.86975925080861316 nan nan nan nan nan nan nan nan nan
139.76145839578774144 nan nan nan nan nan nan nan nan nan 135.86413341969685575 134.53383836856767175 132.7983904098206267 131.94617399517616718 131.23696452629565101 130.47033202873146251 129.6563173002440692 129.03089773347821279 127.70092869345155862 126.22683234577776545 124.52859181946321598 122.61448384855239624 120.6295604867170681 118.90801762665776664 117.77246968613440004 116.80908127788586626 117.25970068121844747 117.64200685714342853 117.73552429531227403 117.91452013908615015 117.85689884448130726 117.84967606296346787 119.15914817170704509 120.27301970749377347 121.36784542013374733 122.5797685576464886 124.06062038369320533 125.99659346884611466 127.26869568174892322 129.08352784150682169 130.82786007029437769 132.01535979861068881 132.53583998083459505 133.33911979101884526 134.62401101964101713 135.53962120213100206 136.18077596462828183 136.39297783858461344 136.43866552053935948 137.05248308705111526 137.83779655357338356 138.85520460021078293 140.32961454035870474 142.67611539869835724 145.82522562394018451 nan nan nan nan nan nan nan nan
nan nan nan nan nan nan nan nan nan nan nan 133.8527260782196322 131.9757124341448673 130.98266939773051831 130.45878727009565523 129.84484663798227189 129.50485059503776597 128.54046853775122372 127.39712259868318256 125.83919374220255349 124.00103828246005833 122.0894723392107295 120.45779298939629598 119.00261803284912787 118.37995813641241227 118.048505977138106 118.43450772370128732 118.7891823459799383 118.88594252305848897 119.04178944141740715 119.17406942659907543 119.28458957684451036 120.60821765791764903 121.97428339454393154 122.83393777527322754 123.69012563069816224 125.50562611878770269 127.53395030528108123 129.19097463581778129 131.03645383135230418 132.45648316294457914 133.09728097525180601 133.97385016010645131 134.81137807085639224 135.52345215622068508 136.16888132194915784 136.70740941722738171 136.88561994973483138 137.23273907848761155 137.66419917572383724 138.36081089688323686 139.30579019717777101 140.74586568309521795 142.65548525881348496 146.59913426671329262 nan nan nan nan nan nan nan nan
nan nan nan nan nan nan nan nan nan nan nan nan nan 130.62942233473182796 129.84517032841716855 129.05605396849165345 128.41637203411912083 127.60282093156611438 126.60628774953538311 125.0600369396256184 123.35701715329781791 121.81217053528274619 120.4010681884118128 119.75530879011428453 119.54627810673842703 119.26376466289222833 119.5376230312085255 119.86825951384689404 119.98232917353081461 120.20190286363424548 120.50955576842554251 120.90726385192067482 122.0362204696208579 123.14824248183917632 124.16128847521667922 125.17515968012355643 127.10418620388009003 129.21514333625103177 131.05967765311845596 132.41029215245981732 133.39393536673119911 134.14767119716302091 135.67069117990408245 135.85864650071215465 136.37208905607107567 136.81850160941752392 137.18956458746822591 137.53409215173633129 138.01719349396029202 138.48892023111372396 139.01563209947832433 139.74216521185471152 141.32384448530797272 144.57443727845173953 146.70833948390315982 148.56248702497813952 nan nan nan nan nan nan nan
nan nan nan nan nan nan nan nan nan nan nan nan nan nan nan 128.50013862533080555 127.50498352089631737 126.80895755367595257 125.70269017519756005 124.39634196913958419 122.88266661954753545 121.74186072821945004 121.05673001692342439 121.0018590640187881 120.68248730031785954 120.25624757998281211 120.46565418807863068 120.85447015206125343 121.04734778856592925 121.30964653688594979 121.97141665220655682 122.58853502566333304 123.2698547445080095 124.05886712610471534 125.10259587686780947 126.86653761999633616 129.29239574458031825 131.32282799415020236 132.76908147148137118 133.70085479352849234 134.45945391832896121 135.10217927125702886 136.00573066088412588 137.03422765044516041 137.2468686723424014 137.67262974895456296 137.94437457158400662 138.24181716300373068 138.55312867534843235 138.94208199808790027 139.54090852342719131 140.3691720175494595 142.03267327705043499 145.94887281914114396 147.5996195802473494 nan nan nan nan nan nan nan nan
nan nan nan nan nan nan nan nan nan nan nan nan nan nan nan 128.13957824755817683 126.93500314919769778 126.29309357487379373 125.0648976952248006 123.46341063472885935 122.57404075592951642 122.14193055844440039 122.07734995435578185 121.9505397441696033 121.62667898231472918 121.14854268032341622 121.3271939816474827 121.82533666760792812 122.21509357172844545 122.5715524781419532 123.67316407676491963 124.17782725789881226 124.7014182812412173 125.23581391895277193 125.96842636582333341 128.13410695463500133 131.85778368024273277 134.21567693882968797 134.16222437593424388 134.82307701767882691 135.63722593626548019 136.29033258717069543 136.80979365700565609 138.2690497736514601 138.48647828118402003 138.84584711958805769 139.00349943459664814 139.01884767856154212 139.28886104746777619 139.62613057119477844 140.1788848632288591 141.15592096314202308 142.87426807091691217 145.69747893729882549 nan nan nan nan nan nan nan nan nan
nan nan nan nan nan nan nan nan nan nan nan nan nan nan nan nan 126.70831387395018908 125.90438221588132706 124.67760179602760218 123.39769075962115608 122.93214939388337825 123.02899854560837412 122.92344736018610263 122.80178677376942176 122.45690771046380974 122.06404929220683186 122.20678119758862579 122.79998915295860229 123.43111039044681831 124.08933593892173519 125.2234268460581319 125.66627973459833356 126.04045361386455681 126.41274129232674284 126.85695848598818714 129.3154553444443593 132.79741687569841702 135.47577484745002607 135.44451308933307132 135.87143401804246423 136.73962456422083278 137.39311337566468296 137.90556590769878653 139.17071310436685394 139.29710627643979137 139.52674351161451227 139.5540707423050435 139.8796253907664493 140.19449901185708995 140.58416762906287545 141.11090850619254411 141.99618208986146328 143.90819699905887319 nan nan nan nan nan nan nan nan nan nan
nan nan nan nan nan nan nan nan nan nan nan nan nan nan nan nan nan 125.89525879071446468 124.82464180362340755 123.76717597345800925 123.52739694869369202 123.67989575517566436 123.69549754038713729 123.56706498046087006 123.31340133082412081 123.13486855084326521 123.33007048150727769 124.02955333093630941 124.5136160048052858 125.44905613669331501 126.24489868715980379 126.66583135285742401 127.05290265710729614 127.45628736933556979 128.11723969292415859 131.01191272205983296 133.33530845673695353 135.85559180769155319 136.99881965391958261 137.1399313749803639 137.75417060742208264 138.34671385997475568 138.82684798953104632 140.28130070985838529 140.35976391338758162 140.50621772458342207 140.66438013188999889 140.73188035935439189 141.03392778550130515 141.42143123326883369 142.03216485764676236 142.85449065581588002 nan nan nan nan nan nan nan nan nan nan nan
nan nan nan nan nan nan nan nan nan nan nan nan nan nan nan nan nan 125.71127394104136954 124.85385921210804838 124.09696154922687583 123.89272263789645478 124.09525451736624291 124.23563643433577397 124.34221583251074605 124.33989545253399456 124.32434553310719139 124.35928116133119659 125.10102473271966517 125.74190219144058744 126.29966111402858076 126.91879493613686236 127.4145623085388479 128.01076021146323569 128.77114018131430839 129.51405014228188861 132.66173471731778477 135.10183759333159514 136.92349874538416543 138.25624326741319692 138.3694566795095966 138.82868866974655475 139.40225975461447661 139.87495626078626287 141.77589629183663078 141.82066474872877393 142.09190741114161938 142.16997357151737447 142.32064345034069675 142.32722136293904214 142.33717146414235799 142.74224494789314122 143.69389550980488934 nan nan nan nan nan nan nan nan nan nan nan
nan nan nan nan nan nan nan nan nan nan nan nan nan nan nan nan nan nan 124.7026048617784113 124.23775813730850359 124.17279344232520089 124.58571544037373258 124.92009403489832664 125.16624064278498452 125.51799481427251237 125.55605937491651503 125.18072927634993619 125.88675329142662918 126.60399248185622412 126.87988478284511018 127.53763245893938461 127.93980795442001863 128.66364922077741539 129.78479591561105622 130.82457171709489785 132.04472068097240367 134.82123630316357321 137.67437565701339963 139.3177319750015215 139.76018613296722037 139.94155190311323622 140.16864885863171253 140.78346175152827868 143.27112857931436452 143.63624619062332499 143.75617577800483105 144.61640105809266288 144.64958843711579561 144.03563802256007875 143.42884142652457058 143.50454721520679868 nan nan nan nan nan nan nan nan nan nan nan nan
nan nan nan nan nan nan nan nan nan nan nan nan nan nan nan nan nan nan 124.60360267154744918 124.6063723004708379 124.86849189387798731 125.12150329678915739 125.66583559633150458 126.18410124985584275 126.4555351346056824 126.46348804952040723 126.13038332919946072 126.43910774869645763 126.91390685896968193 127.31469897938906399 128.00361328449963594 128.58136463230829349 129.39932610090306753 131.07230263759007016 132.11612128162860813 132.96782208545562298 133.63647522605623408 135.62761420425275105 139.75758650429077079 141.01498512465329327 141.05112954336175335 141.28470209831769466 142.05278817672791547 145.23037416413248479 146.20694752342276956 147.28370475941585482 146.98042859925834591 145.1696044738204705 144.55693618712408011 144.68840453929269074 nan nan nan nan nan nan nan nan nan nan nan nan nan
nan nan nan nan nan nan nan nan nan nan nan nan nan nan nan nan nan nan nan nan 125.75253377788003206 125.92101131389378565 126.41332574617980811 127.13977284568726134 127.51921667638400493 127.58087001375537284 127.28886174474763493 127.13768064742923514 127.44551803370656273 128.42538853531343079 128.98571023144444325 129.638388656256069 130.43067773034772472 132.33007302939967076 133.5777220177902791 134.11415671157811857 134.65809148533111284 136.03190209243390996 140.00591068878364354 142.01995553372341874 142.42738412830041739 142.63534449310145646 143.58411839959461531 146.7564211603381068 149.61987015069078666 nan 146.86623565888967846 145.06074723258018366 nan nan nan nan nan nan nan nan nan nan nan nan nan nan nan
nan nan nan nan nan nan nan nan nan nan nan nan nan nan nan nan nan nan nan nan 126.75775804133643021 127.13810606985376239 127.39828245433896825 128.02959768758964287 128.4958549892538997 128.53909061523921764 128.437554470527175 128.16735494016046459 128.35580608768333377 129.63845047137675692 131.04634008873702555 132.35313266776816477 133.82673260135214832 134.39143399566148673 134.90773422858987374 134.88148872308414639 135.87808614729883061 136.97924035241393881 139.48247542115583997 142.20725832361358698 143.43487604349155617 143.89655203088696567 145.67474095396238454 148.54174020127561562 nan nan nan nan nan nan nan nan nan nan nan nan nan nan nan nan nan nan nan
nan nan nan nan nan nan nan nan nan nan nan nan nan nan nan nan nan nan nan nan 128.29796938325341671 128.51897242521192766 128.81164238031348646 129.09189825434350496 129.58268052795037306 129.44110667578087259 129.41363175479847314 129.19938274347217089 129.60451626477356513 132.23795440069358165 135.07164022427630812 136.33175513960233616 136.79414031169207533 136.18413530312966486 136.20286699493277638 136.08225001769690721 137.09868298706086875 138.28652174993962376 140.28415685972888127 142.07631833258463416 143.6492016995246388 144.82066801348827312 146.37597254724607865 148.60119744665232133 nan nan nan nan nan nan nan nan nan nan nan nan nan nan nan nan nan nan nan
nan nan nan nan nan nan nan nan nan nan nan nan nan nan nan nan nan nan nan nan 130.15101734332884575 130.29603377931488239 130.15128535656694453 130.52879216475210455 130.48562936184890759 130.1309246801569941 130.20751682462491772 130.155100957092003 130.50906109707216274 132.7707654659496086 137.25712031475009667 139.71148194855865654 138.19801178518216034 137.12479596668970316 137.38981309303935063 138.3749170015964296 139.50129009684408743 140.28046784799141733 141.43439413944022931 142.35041113062115414 143.82236193066597707 145.18445009117334621 146.45192799622591906 149.06206529100526836 nan nan nan nan nan nan nan nan nan nan nan nan nan nan nan nan nan nan nan
nan nan nan nan nan nan nan nan nan nan nan nan nan nan nan nan nan nan nan nan nan 132.29500846226784461 131.50981255821389482 131.5090126045180341 131.15952288426291261 130.76866319656960513 130.88164317965785699 130.89982564752014582 131.32300349698709852 132.82311139041738102 136.7493141820938547 141.16945158754771228 139.21117152845630471 138.66283977887727019 139.09301056241594097 141.54114713250467616 141.77748074413636914 142.04724716616024693 142.55432033797276858 142.96421656839112302 144.15580058801759833 145.687656297341249 147.01550090651349478 nan nan nan nan nan nan nan nan nan nan nan nan nan nan nan nan nan nan nan nan
nan nan nan nan nan nan nan nan nan nan nan nan nan nan nan nan nan nan nan nan nan 132.50452322089338963 132.20617512257283011 132.17866665874578302 131.97047641609992752 131.59026255602529432 131.59014439900445836 131.58110681273282694 132.36054216178328602 134.0616361513257857 137.10121773414684299 142.45101641680201965 141.17436123687082272 140.34144922854173387 141.53102228425893827 144.09018391078981836 143.60355941170632832 143.61522557029837799 143.70040453945284753 143.90364245442199831 144.88600425974340169 146.62039890963481525 147.8756691099519287 nan nan nan nan nan nan nan nan nan nan nan nan nan nan nan nan nan nan nan nan
nan nan nan nan nan nan nan nan nan nan nan nan nan nan nan nan nan nan nan nan 133.31171971936367981 132.93052865559204179 132.91670419537470593 132.88399866369920233 132.64352012144394166 132.38683220571377319 132.30402826194119825 132.32726711280088239 134.42391777469515546 136.9293141559773801 139.07293738384032622 142.1240645277254373 143.25776403585783214 142.51750075098158277 145.06185464977838251 145.49288966067646811 144.71526863810814234 145.5095703575829873 145.26949428328316571 144.96777897011955361 145.90288522851949438 147.54456325516568427 nan nan nan nan nan nan nan nan nan nan nan nan nan nan nan nan nan nan nan nan nan
nan nan nan nan nan nan nan nan nan nan nan nan nan nan nan nan nan nan nan 134.44933373727974413 133.54530809503555133 133.47876812435396232 133.48218520983891722 133.50067195667750752 133.26066298135705779 133.09640575925217831 133.10759086766961445 133.2408678440123424 135.54462342547316211 137.24765840864128563 139.13438846451944642 140.61837773322133671 141.53578363777410232 143.38346360618717767 144.63529445766042159 145.6637736717291034 145.72441325980108218 146.94174587812943855 146.75394819052567641 146.21080428971251308 147.10975663292839499 nan nan nan nan nan nan nan nan nan nan nan nan nan nan nan nan nan nan nan nan nan nan
nan nan nan nan nan nan nan nan nan nan nan nan nan nan nan nan nan 137.66096177684406143 135.54306512303898558 134.49653562260840545 134.17012278812197223 134.20790162229172893 134.04197172341105215 134.12469298254350747 133.96745229262990051 133.85436939998598405 134.03452509494508149 134.18057901334665871 136.32769169563547962 137.44650650793997215 138.87606339785585874 141.4069921799045062 142.64072942479526773 142.35930068209393085 142.80082150969516874 nan nan nan nan nan nan nan nan nan nan nan nan nan nan nan nan nan nan nan nan nan nan nan nan nan nan nan nan
nan nan nan nan nan nan nan nan nan nan nan nan nan nan nan nan 139.41105046562933012 137.43369656508696153 135.64974243600897807 134.98449681133229205 135.00221337834523183 135.02822798330308274 134.77896336235016861 134.68054859397463474 134.58792722747446646 134.62337333559119656 134.88902922751611868 135.08690350747281173 136.53385648051576595 138.92708584179368358 139.57951889421511282 140.57732418950453734 143.03866741839485144 nan nan nan nan nan nan nan nan nan nan nan nan nan nan nan nan nan nan nan nan nan nan nan nan nan nan nan nan nan nan
nan nan nan nan nan nan nan nan nan nan nan nan nan nan nan nan 139.49948433466397546 137.10392695710606858 136.35003150330146582 136.08832264388044564 135.87778296649469212 135.85304847676093232 135.63712947820027921 135.28645268689399472 135.00619453624952371 135.27145471814472444 135.69273665436676879 136.09278290782540921 136.85471211839740135 139.59402215019844107 139.67406730717502228 141.04285390162110048 nan nan nan nan nan nan nan nan nan nan nan nan nan nan nan nan nan nan nan nan nan nan nan nan nan nan nan nan nan nan nan
nan nan nan nan nan nan nan nan nan nan nan nan nan nan nan nan 139.04899081485845613 137.92760146913749963 137.9383047540015923 137.65258895862871213 137.07181264200809778 136.83255094282733921 136.70437709040473351 136.8280234536574369 136.971559069186128 136.82430863472046667 136.55481285864874508 137.21416331206529549 137.72154403983682869 nan nan nan nan nan nan nan nan nan nan nan nan nan nan nan nan nan nan nan nan nan nan nan nan nan nan nan nan nan nan nan nan nan nan
nan nan nan nan nan nan nan nan nan nan nan nan nan nan nan nan nan 139.58800677728407891 140.14177073349281955 139.27753471307835298 138.71356380024374744 138.14971692864367014 137.99619170109971833 138.0687082186884993 138.62025914835149365 139.35851818778087363 138.02801236180758337 nan nan nan nan nan nan nan nan nan nan nan nan nan nan nan nan nan nan nan nan nan nan nan nan nan nan nan nan nan nan nan nan nan nan nan nan
nan nan nan nan nan nan nan nan nan nan nan nan nan nan nan nan nan nan nan 141.0366299864418238 141.08010924465543212 140.02082706760245401 140.27978156847606783 140.39137430753396529 nan nan nan nan nan nan nan nan nan nan nan nan nan nan nan nan nan nan nan nan nan nan nan nan nan nan nan nan nan nan nan nan nan nan nan nan nan nan nan
nan nan nan nan nan nan nan nan nan nan nan nan nan nan nan nan nan nan nan nan nan nan nan nan nan nan nan nan nan nan nan nan nan nan nan nan nan nan nan nan nan nan nan nan nan nan nan nan nan nan nan nan nan nan nan nan nan nan nan nan nan nan nan
