results/rofental/precip_month_2019-12-01T0000_2019-12-31T2300.asc
ncols        322
nrows        225
xllcorner    622802.488000000012
yllcorner    5178049.378999999724
cellsize     100.000000000000
[rows 168 to 195 of 225, columns 63 to 125 of 322]
nan nan nan nan nan nan nan nan nan nan nan nan nan nan nan nan nan nan nan nan nan nan nan nan nan nan nan nan 103.15134449848761733 99.894728131674639826 97.620274895007597138 96.655124974852867581 95.722203738440285292 94.552709678402536042 92.742096066501460427 89.65035898116691726 88.5458523427592894 87.900309135511122349 86.78885196792148804 85.496805628655948794 84.758836092182889388 84.014518228510382869 83.396785720948315657 82.501730081862987731 81.128380512252846302 80.065906379340646026 79.22815495056623547 78.289693894275146135 77.321617077261336703 76.531174469330480292 75.784360108280864665 75.062079688152792301 74.338430174371879389 73.636510268612553887 72.906556428460916663 72.128862044687579669 71.46571647890321799 70.800328873981897004 70.198030538878001039 70.07072426772718643 70.414099113516115835 71.729915733991845173 73.218294619984035876
nan nan nan nan nan nan nan nan nan nan nan nan nan nan nan nan nan nan nan nan nan nan nan nan nan nan nan nan 103.47698989566403327 99.800981177850232484 96.607576434548477096 95.72916016424780139 95.058909734976822392 94.158286613973317003 92.719804384364550742 90.596005442570032073 88.118633807066927943 87.261276972929437079 86.333655093656403778 85.469928966939534121 84.744583282558977544 83.538321694823068242 82.638619049112080006 81.938932214413711108 80.678547809228618348 79.541927209679172961 78.662620813711939149 77.695682757063167401 76.736401257325411507 75.958043392913708658 75.270842213252379338 74.56243996244712946 73.845687381341136302 73.090341582318984592 72.300381827799256484 71.501276044623210737 70.934089985963026948 70.539106214783302562 70.551943310359632733 70.711737257192268657 71.09775750501297864 72.713982852277723623 73.994577574741839499
nan nan nan nan nan nan nan nan nan nan nan nan nan nan nan nan nan nan nan nan nan nan nan nan nan nan nan 101.76008138256113966 101.03476100798691562 97.838094939897885638 95.605349821150184653 94.692218203835878398 94.274655695212430828 93.638665659478974135 92.387006326979886239 90.66624964480784854 88.724467345938080598 87.028167979333048265 85.762545625120822024 85.409189871664395355 84.744667822036234384 83.185946254425545021 81.899501743175292745 81.280418312925093005 80.412944822350340246 79.446713249615697805 78.370031329653954799 77.309256771953769771 76.368213785938081628 75.545038486756155294 74.825392222322165026 74.017756652851204535 73.273482121952582702 72.452610086181152838 71.683945341060848477 71.323224678348111638 71.159973394469716368 71.254172128963276123 71.337263620344216974 71.523681571887820496 72.310235024053724828 74.004445250190556749 75.525073154224813266
nan nan nan nan nan nan nan nan nan nan nan nan nan nan nan nan nan nan nan nan nan nan nan nan nan nan nan 100.4367041361604862 98.355702562552806967 96.571744787773255325 95.217816741223970212 94.038311983507554714 93.581209757565488871 92.998763326590690781 92.108037692205869007 90.994635562350822511 89.516761069467762013 87.465926995319989601 85.883685215660364065 85.45394742027960433 84.718931741881149833 82.849282871017720709 81.40066437029257429 80.89038646628263507 80.296157683514579162 79.481318600563724885 78.375127623737029126 77.281803430139476063 76.371064208450761157 75.476921901968012207 74.692640632051066518 73.622388357788082658 72.900855212155207141 72.480837834543493159 72.128855871627607144 71.94755015819498567 72.11690274167578707 72.149272051516149418 72.356937067910578776 72.743422693547003632 73.983064585417437797 75.029655311300246012 nan
nan nan nan nan nan nan nan nan nan nan nan nan nan nan nan nan nan nan nan nan nan nan nan nan nan nan nan nan 98.847153642547297636 96.137541857168073989 94.94308570884403764 94.054371223551612502 93.296434475132031139 92.429778878992394198 91.571322266529733724 90.868527339462914938 89.567632180211802506 88.173380579852548067 86.788386464080687688 85.658583867805901946 84.840876946170823203 83.135699326295096512 81.539046037457509897 80.807589186903200584 80.235379450857024608 79.461740568099756388 78.139396494489730571 77.120432097810166283 76.31010176973347825 75.600898314634704889 75.027498945316736467 74.463103127188588815 74.229260855604451308 73.849209817769946085 73.602077989757376031 73.443760089987449646 73.69168431164179367 73.550311868696823581 73.635301926485453805 73.883951321931206735 75.705976901214228292 75.401804376970687827 nan
nan nan nan nan nan nan nan nan nan nan nan nan nan nan nan nan nan nan nan nan nan nan nan nan nan nan nan nan nan 97.694010073014965201 95.072747758599561507 94.220381802780295288 93.359842879790178927 92.268443627053713385 91.169669325205290988 90.288494603544222628 89.198042610803540242 88.115411854324236174 86.747738252840420614 85.46064806974329997 84.696858829667448276 83.148583868692313104 81.561193220634535805 80.730649952251170021 80.204797985269621563 79.393069521936396882 77.990892028894563737 77.369831586783405442 76.861737627212960433 76.390314621727398503 76.362150638597597663 75.993488052947981259 75.248582167935964549 75.036920109653337363 75.117212703605417801 75.133613885149543421 75.212014293723925107 74.98745921500345446 75.402973647807002067 76.236729413012653822 75.846135020210212474 nan nan
nan nan nan nan nan nan nan nan nan nan nan nan nan nan nan nan nan nan nan nan nan nan nan nan nan nan nan nan nan nan 97.484523594117447942 95.739969185379948158 94.147569915679156338 92.738576176294742481 91.567995023963234758 89.965509454379343879 88.915311837199539013 87.880948453957358879 86.595756107348421438 85.731901999968727068 85.087137015171194321 83.902739824784859479 82.585858255361344504 81.700515653880898981 81.080505884494471047 80.237304085082783445 79.334999168895052435 78.722279885753366102 78.121006340209078189 77.57219925945027228 77.300531837436778915 76.690769678649957086 76.436355995452942125 76.727022620604316216 76.676978263886212517 76.869314382194502855 76.988574394248729504 77.258046313675762917 nan nan nan nan nan
nan nan nan nan nan nan nan nan nan nan nan nan nan nan nan nan nan nan nan nan nan nan nan nan nan nan nan nan nan nan nan nan nan nan nan 89.974176964925618449 89.03035575539978197 87.992101895648900722 87.171270658435844325 86.746377988136714521 86.275081944560852776 85.392495364150775572 85.136440568370630899 84.030384604272256865 82.663879540791924683 81.410170395719077874 80.382040525416329046 79.31342044418742887 78.814443427252797392 78.241278225946643943 77.864698925435249066 77.837257116095031506 78.481144856501671825 nan nan nan nan nan nan nan nan nan nan
nan nan nan nan nan nan nan nan nan nan nan nan nan nan nan nan nan nan nan nan nan nan nan nan nan nan nan nan nan nan nan nan nan nan nan nan nan nan nan nan nan nan nan nan nan nan 80.300104688466532821 79.614963149978166257 79.340274987941924678 78.876147638210767354 78.903703641494516319 79.57768419328311893 79.802750102855668501 nan nan nan nan nan nan nan nan nan nan
nan nan nan nan nan nan nan nan nan nan nan nan nan nan nan nan nan nan nan nan nan nan nan nan nan nan nan nan nan nan nan nan nan nan nan nan nan nan nan nan nan nan nan nan nan nan nan 79.804058735283291526 80.284898731008823347 79.494985862247560249 79.874902168923355816 nan nan nan nan nan nan nan nan nan nan nan nan
nan nan nan nan nan nan nan nan nan nan nan nan nan nan nan nan nan nan nan nan nan nan nan nan nan nan nan nan nan nan nan nan nan nan nan nan nan nan nan nan nan nan nan nan nan nan nan nan nan nan nan nan nan nan nan nan nan nan nan nan nan nan nan
nan nan nan nan nan nan nan nan nan nan nan nan nan nan nan nan nan nan nan nan nan nan nan nan nan nan nan nan nan nan nan nan nan nan nan nan nan nan nan nan nan nan nan nan nan nan nan nan nan nan nan nan nan nan nan nan nan nan nan nan nan nan nan
nan nan nan nan nan nan nan nan nan nan nan nan nan nan nan nan nan nan nan nan nan nan nan nan nan nan nan nan nan nan nan nan nan nan nan nan nan nan nan nan nan nan nan nan nan nan nan nan nan nan nan nan nan nan nan nan nan nan nan nan nan nan nan
nan nan nan nan nan nan nan nan nan nan nan nan nan nan nan nan nan nan nan nan nan nan nan nan nan nan nan nan nan nan nan nan nan nan nan nan nan nan nan nan nan nan nan nan nan nan nan nan nan nan nan nan nan nan nan nan nan nan nan nan nan nan nan
nan nan nan nan nan nan nan nan nan nan nan nan nan nan nan nan nan nan nan nan nan nan nan nan nan nan nan nan nan nan nan nan nan nan nan nan nan nan nan nan nan nan nan nan nan nan nan nan nan nan nan nan nan nan nan nan nan nan nan nan nan nan nan
nan nan nan nan nan nan nan nan nan nan nan nan nan nan nan nan nan nan nan nan nan nan nan nan nan nan nan nan nan nan nan nan nan nan nan nan nan nan nan nan nan nan nan nan nan nan nan nan nan nan nan nan nan nan nan nan nan nan nan nan nan nan nan
nan nan nan nan nan nan nan nan nan nan nan nan nan nan nan nan nan nan nan nan nan nan nan nan nan nan nan nan nan nan nan nan nan nan nan nan nan nan nan nan nan nan nan nan nan nan nan nan nan nan nan nan nan nan nan nan nan nan nan nan nan nan nan
nan nan nan nan nan nan nan nan nan nan nan nan nan nan nan nan nan nan nan nan nan nan nan nan nan nan nan nan nan nan nan nan nan nan nan nan nan nan nan nan nan nan nan nan nan nan nan nan nan nan nan nan nan nan nan nan nan nan nan nan nan nan nan
nan nan nan nan nan nan nan nan nan nan nan nan nan nan nan nan nan nan nan nan nan nan nan nan nan nan nan nan nan nan nan nan nan nan nan nan nan nan nan nan nan nan nan nan nan nan nan nan nan nan nan nan nan nan nan nan nan nan nan nan nan nan nan
nan nan nan nan nan nan nan nan nan nan nan nan nan nan nan nan nan nan nan nan nan nan nan nan nan nan nan nan nan nan nan nan nan nan nan nan nan nan nan nan nan nan nan nan nan nan nan nan nan nan nan nan nan nan nan nan nan nan nan nan nan nan nan
nan nan nan nan nan nan nan nan nan nan nan nan nan nan nan nan nan nan nan nan nan nan nan nan nan nan nan nan nan nan nan nan nan nan nan nan nan nan nan nan nan nan nan nan nan nan nan nan nan nan nan nan nan nan nan nan nan nan nan nan nan nan nan
nan nan nan nan nan nan nan nan nan nan nan nan nan nan nan nan nan nan nan nan nan nan nan nan nan nan nan nan nan nan nan nan nan nan nan nan nan nan nan nan nan nan nan nan nan nan nan nan nan nan nan nan nan nan nan nan nan nan nan nan nan nan nan
nan nan nan nan nan nan nan nan nan nan nan nan nan nan nan nan nan nan nan nan nan nan nan nan nan nan nan nan nan nan nan nan nan nan nan nan nan nan nan nan nan nan nan nan nan nan nan nan nan nan nan nan nan nan nan nan nan nan nan nan nan nan nan
nan nan nan nan nan nan nan nan nan nan nan nan nan nan nan nan nan nan nan nan nan nan nan nan nan nan nan nan nan nan nan nan nan nan nan nan nan nan nan nan nan nan nan nan nan nan nan nan nan nan nan nan nan nan nan nan nan nan nan nan nan nan nan
nan nan nan nan nan nan nan nan nan nan nan nan nan nan nan nan nan nan nan nan nan nan nan nan nan nan nan nan nan nan nan nan nan nan nan nan nan nan nan nan nan nan nan nan nan nan nan nan nan nan nan nan nan nan nan nan nan nan nan nan nan nan nan
nan nan nan nan nan nan nan nan nan nan nan nan nan nan nan nan nan nan nan nan nan nan nan nan nan nan nan nan nan nan nan nan nan nan nan nan nan nan nan nan nan nan nan nan nan nan nan nan nan nan nan nan nan nan nan nan nan nan nan nan nan nan nan
nan nan nan nan nan nan nan nan nan nan nan nan nan nan nan nan nan nan nan nan nan nan nan nan nan nan nan nan nan nan nan nan nan nan nan nan nan nan nan nan nan nan nan nan nan nan nan nan nan nan nan nan nan nan nan nan nan nan nan nan nan nan nan
nan nan nan nan nan nan nan nan nan nan nan nan nan nan nan nan nan nan nan nan nan nan nan nan nan nan nan nan nan nan nan nan nan nan nan nan nan nan nan nan nan nan nan nan nan nan nan nan nan nan nan nan nan nan nan nan nan nan nan nan nan nan nan
