results/rofental/precip_month_2020-05-01T0000_2020-05-31T2300.asc
ncols        322
nrows        225
xllcorner    622802.488000000012
yllcorner    5178049.378999999724
cellsize     100.000000000000
[rows 168 to 195 of 225, columns 63 to 125 of 322]
nan nan nan nan nan nan nan nan nan nan nan nan nan nan nan nan nan nan nan nan nan nan nan nan nan nan nan nan 84.998532827579452942 83.389629500444527821 82.30477319912355938 81.917608290686658279 81.550755455087923451 81.0617256408067135 80.236023383773172668 78.734250172094562004 78.29038077755315328 78.093809056459008389 77.654030488116092101 77.122553435930598198 76.889265244574488634 76.657017739712983939 76.496490591932627012 76.193573733043763241 75.641815802446515704 75.260029551992559504 75.002669210450491732 74.697244628432173386 74.381608775059575578 74.165826378242684314 73.978901029816725554 73.810760156889713812 73.647670173150714845 73.501827582331060285 73.346690258511216598 73.171549851397514885 73.062102266710269305 72.955807728380108301 72.886505168108314479 73.07158731078570213 73.507265687377596919 74.457738800336144891 75.49608485922276202
nan nan nan nan nan nan nan nan nan nan nan nan nan nan nan nan nan nan nan nan nan nan nan nan nan nan nan nan 85.290913401553368089 83.463496575044715087 81.895392582057695563 81.558795284244226309 81.336173557175129645 80.995021983981942526 80.372366279699178904 79.390135748974685725 78.224483527678074779 77.922563533219303622 77.587873791974402593 77.291780750215863804 77.074003527715078121 76.606223991345160584 76.306420633370734663 76.118309324152406248 75.638580811038281126 75.230593200174922686 74.965455313262765458 74.660440036028518307 74.36636360579133509 74.175406345632126204 74.040200872083232753 73.901378380375206234 73.765965264848460947 73.618086127309354083 73.459962007865840405 73.305132713604791661 73.281401720889846274 73.356860696968993807 73.656080044589643308 74.039990931660938145 74.549628148740538336 75.716145757056779075 76.706861862977589794
nan nan nan nan nan nan nan nan nan nan nan nan nan nan nan nan nan nan nan nan nan nan nan nan nan nan nan 84.374221204238196492 84.11258538503936677 82.54334147523721299 81.489019454874750181 81.138457455103605298 81.054657932962612676 80.859013650246822635 80.340965625356730584 79.578457621781623743 78.703291242685978091 77.963161292117419521 77.45654060882391434 77.439153500598564506 77.262232727272930788 76.616756629600672568 76.121827881735370624 75.987345926026392817 75.72783515395317977 75.42301849762485233 75.067053890957367912 74.727349973241373959 74.459375465724434662 74.262543271970116621 74.129655730456619267 73.959523649668525991 73.832841841588432885 73.675749813698629964 73.556933127049290988 73.665412565060265138 73.889759033600100224 74.26190766036081925 74.639349687010707157 75.082537093095268688 75.854480127651996213 77.117384433043326908 78.296210100487201089
nan nan nan nan nan nan nan nan nan nan nan nan nan nan nan nan nan nan nan nan nan nan nan nan nan nan nan 83.783295829694978352 82.806006771155438173 81.989971093725372953 81.405893173414398234 80.918341713977568475 80.818195974939925463 80.655921189511389002 80.334676011005100804 79.90009183300804807 79.27718176398222738 78.355596239377376833 77.688144079065850178 77.637926663766634761 77.431906429588991614 76.630445025735269837 76.059169262378432563 75.992887855604990932 75.889682325923757844 75.677484029320183367 75.319219811559023015 74.976757870264790995 74.74064057940969974 74.523344487539276315 74.374900938542566564 74.085896692477831493 73.993619231024297278 74.073619112775901385 74.202620456087188927 74.435634290274109048 74.868654012705789569 75.243423685127780232 75.725922246732167764 76.318160671731945399 77.377763201986340391 78.349267308478630412 nan
nan nan nan nan nan nan nan nan nan nan nan nan nan nan nan nan nan nan nan nan nan nan nan nan nan nan nan nan 83.178512514638569542 81.875060893597336076 81.379472933205576624 81.050347366869118559 80.79506792459682174 80.48679877908297442 80.187796353633331137 79.976538173073123517 79.453424457213841947 78.886507301452851948 78.330532084919980207 77.916297958615189145 77.674349261925300425 76.96870453380766719 76.328146541903905131 76.154528296861059289 76.073820158043602646 75.895191842605129295 75.434956792752572596 75.145720492989013906 74.977835842390177845 74.874922847967951611 74.856066003751351445 74.854720683336751108 75.04222050161864388 75.166421545061965048 75.376190412931478591 75.64891937403706379 76.153771686364422067 76.469436691109208937 76.92314904510361373 77.482132065417246736 78.894506065029432307 79.197621701095997082 nan
nan nan nan nan nan nan nan nan nan nan nan nan nan nan nan nan nan nan nan nan nan nan nan nan nan nan nan nan nan 82.812946837780827991 81.564167778833692068 81.258305460716329094 80.952854652595434004 80.529919771955036367 80.108315927549810453 79.807667802191815554 79.401816712642897755 79.006252941134960111 78.465958388728921591 77.975267830034653116 77.769441234397234552 77.155134325908178994 76.528226767853936963 76.311472996772380384 76.265543312449551649 76.077721305208143576 75.587052222450367367 75.521810169800744461 75.528254423438994536 75.566668184305655132 75.85355002872701391 75.97397201650903753 75.909868100436781901 76.144652912104888287 76.551290047214408219 76.941989187128200456 77.384518281762368019 77.686225571371210208 78.348270191554021835 79.253741648667755726 79.53182792549471003 nan nan
nan nan nan nan nan nan nan nan nan nan nan nan nan nan nan nan nan nan nan nan nan nan nan nan nan nan nan nan nan nan 82.955834987769677014 82.180445254697659152 81.490779591847228858 80.903676282091666394 80.448596253605998641 79.770240604957976416 79.391043913747481042 79.026769707261010467 78.536331546187682306 78.276718061518792524 78.141075659977389023 77.727379040217272177 77.252128613059568352 77.015086437300652733 76.92867363656893076 76.734368198373644532 76.519905354255257635 76.471000864305551659 76.440894051216560001 76.45219297083406218 76.624989012850150516 76.633862570291256588 76.847696567492178588 77.368207620286312931 77.726594778165193134 78.233323810441817159 78.722196707579058739 79.312802196067693217 nan nan nan nan nan
nan nan nan nan nan nan nan nan nan nan nan nan nan nan nan nan nan nan nan nan nan nan nan nan nan nan nan nan nan nan nan nan nan nan nan 79.903453697160642832 79.585630792321111926 79.224582947022810231 78.986153372786901627 78.965481311568453293 78.928378121928659539 78.68178194533442138 78.776802615426532839 78.43073852677952118 77.956983886080550405 77.554232638763139107 77.283057821891375738 77.003108596948351305 77.038914667374285727 77.049843848366407428 77.180520595793325356 77.512915466987593049 78.219053657922287925 nan nan nan nan nan nan nan nan nan nan
nan nan nan nan nan nan nan nan nan nan nan nan nan nan nan nan nan nan nan nan nan nan nan nan nan nan nan nan nan nan nan nan nan nan nan nan nan nan nan nan nan nan nan nan nan nan 77.434265720269635835 77.367364968196412178 77.532465057249595475 77.612294485707764125 77.96922014077048857 78.686431213690568143 79.18401806552778055 nan nan nan nan nan nan nan nan nan nan
nan nan nan nan nan nan nan nan nan nan nan nan nan nan nan nan nan nan nan nan nan nan nan nan nan nan nan nan nan nan nan nan nan nan nan nan nan nan nan nan nan nan nan nan nan nan nan 77.656894348549215579 78.231696967944401422 78.148175324086892601 78.702113527303737328 nan nan nan nan nan nan nan nan nan nan nan nan
nan nan nan nan nan nan nan nan nan nan nan nan nan nan nan nan nan nan nan nan nan nan nan nan nan nan nan nan nan nan nan nan nan nan nan nan nan nan nan nan nan nan nan nan nan nan nan nan nan nan nan nan nan nan nan nan nan nan nan nan nan nan nan
nan nan nan nan nan nan nan nan nan nan nan nan nan nan nan nan nan nan nan nan nan nan nan nan nan nan nan nan nan nan nan nan nan nan nan nan nan nan nan nan nan nan nan nan nan nan nan nan nan nan nan nan nan nan nan nan nan nan nan nan nan nan nan
nan nan nan nan nan nan nan nan nan nan nan nan nan nan nan nan nan nan nan nan nan nan nan nan nan nan nan nan nan nan nan nan nan nan nan nan nan nan nan nan nan nan nan nan nan nan nan nan nan nan nan nan nan nan nan nan nan nan nan nan nan nan nan
nan nan nan nan nan nan nan nan nan nan nan nan nan nan nan nan nan nan nan nan nan nan nan nan nan nan nan nan nan nan nan nan nan nan nan nan nan nan nan nan nan nan nan nan nan nan nan nan nan nan nan nan nan nan nan nan nan nan nan nan nan nan nan
nan nan nan nan nan nan nan nan nan nan nan nan nan nan nan nan nan nan nan nan nan nan nan nan nan nan nan nan nan nan nan nan nan nan nan nan nan nan nan nan nan nan nan nan nan nan nan nan nan nan nan nan nan nan nan nan nan nan nan nan nan nan nan
nan nan nan nan nan nan nan nan nan nan nan nan nan nan nan nan nan nan nan nan nan nan nan nan nan nan nan nan nan nan nan nan nan nan nan nan nan nan nan nan nan nan nan nan nan nan nan nan nan nan nan nan nan nan nan nan nan nan nan nan nan nan nan
nan nan nan nan nan nan nan nan nan nan nan nan nan nan nan nan nan nan nan nan nan nan nan nan nan nan nan nan nan nan nan nan nan nan nan nan nan nan nan nan nan nan nan nan nan nan nan nan nan nan nan nan nan nan nan nan nan nan nan nan nan nan nan
nan nan nan nan nan nan nan nan nan nan nan nan nan nan nan nan nan nan nan nan nan nan nan nan nan nan nan nan nan nan nan nan nan nan nan nan nan nan nan nan nan nan nan nan nan nan nan nan nan nan nan nan nan nan nan nan nan nan nan nan nan nan nan
nan nan nan nan nan nan nan nan nan nan nan nan nan nan nan nan nan nan nan nan nan nan nan nan nan nan nan nan nan nan nan nan nan nan nan nan nan nan nan nan nan nan nan nan nan nan nan nan nan nan nan nan nan nan nan nan nan nan nan nan nan nan nan
nan nan nan nan nan nan nan nan nan nan nan nan nan nan nan nan nan nan nan nan nan nan nan nan nan nan nan nan nan nan nan nan nan nan nan nan nan nan nan nan nan nan nan nan nan nan nan nan nan nan nan nan nan nan nan nan nan nan nan nan nan nan nan
nan nan nan nan nan nan nan nan nan nan nan nan nan nan nan nan nan nan nan nan nan nan nan nan nan nan nan nan nan nan nan nan nan nan nan nan nan nan nan nan nan nan nan nan nan nan nan nan nan nan nan nan nan nan nan nan nan nan nan nan nan nan nan
nan nan nan nan nan nan nan nan nan nan nan nan nan nan nan nan nan nan nan nan nan nan nan nan nan nan nan nan nan nan nan nan nan nan nan nan nan nan nan nan nan nan nan nan nan nan nan nan nan nan nan nan nan nan nan nan nan nan nan nan nan nan nan
nan nan nan nan nan nan nan nan nan nan nan nan nan nan nan nan nan nan nan nan nan nan nan nan nan nan nan nan nan nan nan nan nan nan nan nan nan nan nan nan nan nan nan nan nan nan nan nan nan nan nan nan nan nan nan nan nan nan nan nan nan nan nan
nan nan nan nan nan nan nan nan nan nan nan nan nan nan nan nan nan nan nan nan nan nan nan nan nan nan nan nan nan nan nan nan nan nan nan nan nan nan nan nan nan nan nan nan nan nan nan nan nan nan nan nan nan nan nan nan nan nan nan nan nan nan nan
nan nan nan nan nan nan nan nan nan nan nan nan nan nan nan nan nan nan nan nan nan nan nan nan nan nan nan nan nan nan nan nan nan nan nan nan nan nan nan nan nan nan nan nan nan nan nan nan nan nan nan nan nan nan nan nan nan nan nan nan nan nan nan
nan nan nan nan nan nan nan nan nan nan nan nan nan nan nan nan nan nan nan nan nan nan nan nan nan nan nan nan nan nan nan nan nan nan nan nan nan nan nan nan nan nan nan nan nan nan nan nan nan nan nan nan nan nan nan nan nan nan nan nan nan nan nan
nan nan nan nan nan nan nan nan nan nan nan nan nan nan nan nan nan nan nan nan nan nan nan nan nan nan nan nan nan nan nan nan nan nan nan nan nan nan nan nan nan nan nan nan nan nan nan nan nan nan nan nan nan nan nan nan nan nan nan nan nan nan nan
nan nan nan nan nan nan nan nan nan nan nan nan nan nan nan nan nan nan nan nan nan nan nan nan nan nan nan nan nan nan nan nan nan nan nan nan nan nan nan nan nan nan nan nan nan nan nan nan nan nan nan nan nan nan nan nan nan nan nan nan nan nan nan
