results/rofental/precip_month_2019-12-01T0000_2019-12-31T2300.asc
ncols        322
nrows        225
xllcorner    622802.488000000012
yllcorner    5178049.378999999724
cellsize     100.000000000000
[rows 168 to 195 of 225, columns 126 to 188 of 322]
73.956822003596670356 74.092847485804597341 74.318581383517809513 74.65402329324406594 76.279105359119370178 78.768332588472063094 78.337015487744878328 76.63640286899354237 75.921880555181459727 76.380510431289266648 76.578728135591987325 76.65087665454694843 77.340158656831761164 78.005092890584506904 79.003271706250785655 80.682776787572805688 82.129382109203504569 84.269229734710094704 86.151635944664107569 87.976286235032048921 89.650180134555171207 91.061560121492846065 92.100834658133891253 92.039801255934065694 91.437277898162520273 90.52681760034272429 89.72167451864501686 89.558246915713709768 89.941038993626094111 89.947837284219261278 89.494575420999083804 88.628517573117633788 88.426329988304217977 88.697504625013891655 90.160247855464319855 90.632119240396519899 91.197560439233555485 91.044522233114093979 90.697045946328003652 90.457194641860567685 91.133875904261117284 92.207623261222892097 93.069525619629644098 93.053718196764762638 92.779263254429324093 93.04096675302999131 93.367887163872367751 93.096910635152042346 92.570237269152599424 92.154175381102604092 91.797630265807455885 92.278715101140946331 94.999223808427629479 98.251133217712094847 nan nan nan nan nan nan nan nan nan
75.098549617865216987 74.484780705150726021 73.758827896056374129 73.731406389216445518 74.696113587674517476 nan nan 73.877788983704604675 73.069534362889797308 73.057020907923373443 73.307113109477413104 73.207068751716832367 73.325889272668504759 73.391986833432540038 74.159766322367204339 75.608101639639684777 77.341626774944074896 79.341256431221822254 80.906202494352328358 82.914487099752932409 84.893164276440600702 86.180089656312034663 86.822585267358533656 86.603657708049055941 86.393695374170818013 86.161397986096503132 86.19942591763694395 87.030267357691045049 87.537287492119077115 87.888464933921227384 87.628000546941393623 86.966955495004441445 87.17109158091066945 87.932925003331078528 88.798244473407265787 89.492918855852011006 90.047385871706524085 90.406908705506978663 90.128106081226306401 90.33079007066102406 91.542634616621654686 92.700935884510968776 93.236833133458517864 93.05118672838410987 92.801279242599719055 93.062865941515511281 93.306402642504892242 93.169832521671054337 92.635541701341182375 92.411584482254866657 92.138906632798082796 92.663295792428300501 94.909865952423828617 97.588291126498603489 nan nan nan nan nan nan nan nan nan
75.679488156781118846 74.531220537993377206 73.214328082633173267 73.015779827161921389 nan nan nan nan nan nan 69.976492474740240368 69.395961592420249531 68.989863421659961773 69.143881275278872067 69.804014301040965051 70.979323397391624439 72.626466493396435453 74.455458853709302502 76.23046004861049596 78.058532399818787439 79.19964544621927871 80.12046771964824643 80.826996770823029692 81.224094000536339877 81.604472891540851265 81.935796144116878281 83.166862624888992173 84.474475258209480444 85.160446422537958711 85.754568177173680965 85.691351937831200303 85.424842590682175114 86.14488362852409864 86.862006752468658988 87.690092007514067518 88.35663813372588038 89.374201096733571603 90.024843472272095823 89.980080230013797404 90.795535060211591372 92.11435376454161883 93.080737645689936244 93.191846238546418135 92.799042378310815593 92.920332800256858263 93.49415316576893531 93.582749614687926965 93.193743305050972481 92.620379532466742489 92.539229190905700762 92.484505241764367156 92.696411381074668157 95.388878092632921835 97.673771189786606328 nan nan nan nan nan nan nan nan nan
75.130961925913666732 nan nan nan nan nan nan nan nan nan 66.584576902257538222 65.458322531123357635 64.245165531084239774 64.251165028523743672 64.804850960746250621 65.737247213105703736 67.052983600152231247 68.938585705921170188 70.448000507091080635 72.012899531112779528 73.426151183418312485 74.56523878065351596 75.455333810345038614 76.331832410769195008 77.449744695569052055 78.381655475602968863 80.323015266383677613 81.861510529437964578 82.80793893338697842 83.559889400350698452 83.841202172335570708 83.96513630553086216 85.191707031763939995 86.084244044477614466 86.839285915653675829 87.610779792381649145 88.564623301684733292 89.897130268776408002 90.536849646224695221 91.664628962245430444 92.69534812450152117 93.165379837632926296 92.974461463006591089 93.048843908762293609 93.585860080059077859 93.764512217218225487 93.679966656365635913 93.185173360558565037 92.536823661955935449 92.448996379124224632 92.538787696363826285 92.866269558448792054 93.650566496143369477 95.294970115777942965 97.732858325983997361 nan nan nan nan nan nan nan nan
nan nan nan nan nan nan nan nan nan nan nan 61.403628357424878459 59.794602209470951948 59.406853449490775176 59.891798985052190574 60.74142890058658395 62.313248387675024276 63.704205074454307578 65.275195397581370571 66.693669419322475278 67.964760469889412775 69.159057551594685265 70.500341487690619147 71.792970948645560725 73.605408582523935479 75.374922498826279593 77.503375803774716246 79.271848280050676294 80.481312814870307193 81.467230373280358435 82.181005955117484518 82.656452388265662989 84.12128740942927152 85.468783652222825253 86.192034696569834296 86.80067821732218647 88.247177172401322309 89.824327992837069701 90.979931637435470293 92.268584300559496114 93.105333291979448518 93.155857532967942802 93.411442105450490203 93.611915430498953583 93.678810292638743817 93.673649748981006269 93.561254807899956631 93.099240573500580354 92.803437758291693171 92.594249384320107765 92.648984354777468297 92.953098295288228314 93.747235615037396883 95.007863868951304198 98.252646439080336904 nan nan nan nan nan nan nan nan
nan nan nan nan nan nan nan nan nan nan nan nan nan 55.645787482028737259 55.665000092974857182 56.141230462218231878 57.235836393242784936 58.611322041250645043 60.19648353783247785 61.539625500925069446 62.90273086364005195 64.464458356194995758 66.082526413438770874 68.268855127278470718 70.631172231436011089 72.629667319677011506 74.853585564572753697 76.817564582109000071 78.269583201879171952 79.543815084247242453 80.650262619845349832 81.61948547609192417 83.101368361488283654 84.397315035450446885 85.452199540931587762 86.384609132382976782 88.100156972651078036 89.904857261224563558 91.37864190904804218 92.313546565050486947 92.843457666552623664 93.110548315646497031 94.09143422683432334 93.753017762892113751 93.710956811782750719 93.589829385768069869 93.385952783862975934 93.150426309374012135 93.046567554581869786 92.931828505516548944 92.872965407234104873 93.012475475425773652 93.987436253978302148 96.588267438057073377 98.115916366781135594 99.382849773081261446 nan nan nan nan nan nan nan
nan nan nan nan nan nan nan nan nan nan nan nan nan nan nan 52.394935170117676648 52.978639671656765131 54.313770818046272382 55.657843876168698216 57.126654702139070707 58.601916690886334038 60.525322189281276053 62.860587973944141993 65.676235456258140744 68.028216675181511164 70.017212935913946126 72.33448035188784786 74.529223850683479213 76.243489573329753739 77.750537477053782709 79.39232204710955898 80.763195671407004284 81.994260011703204327 83.152510127002543072 84.403709440105743056 86.220319363239667609 88.564846476064857939 90.429151076403940124 91.645066749499235925 92.293104477653642448 92.715401257416800718 92.977301311867421418 93.452485187236192132 94.016612238820584935 93.764073597784459935 93.697932846187882205 93.46712638822876329 93.250080959898426158 93.038994964616335892 92.898881941831007225 92.960707377091608805 93.245856636194375255 94.34370248728562558 97.630170181766771975 98.726926691415172854 nan nan nan nan nan nan nan nan
nan nan nan nan nan nan nan nan nan nan nan nan nan nan nan 49.493102010107698163 49.728638055626362302 50.970801470400452615 52.057563319275864444 53.115851640126486188 55.095661241399731978 57.636092963592197691 60.539477479921110614 63.291217090419408464 65.682172212580624659 67.698014526146764069 70.0911262060104292 72.519506413391937372 74.568091931525984251 76.319940813733452956 78.546771650320408753 79.968451119075055544 81.204523425639024481 82.269692732479768438 83.367303279261079751 85.714610760517999211 89.451144022718267479 91.759151423485249666 91.639827471897746136 92.136263755343932758 92.716122921077499086 93.084788355060197773 93.277676274808158041 94.343144107223196215 94.173106799923786525 94.114946043867362846 93.84073077782606731 93.412624283288550942 93.219457249517759578 93.083069071818854923 93.15023743430917591 93.626077293714942584 94.820291970955864258 97.087392049475013778 nan nan nan nan nan nan nan nan nan
nan nan nan nan nan nan nan nan nan nan nan nan nan nan nan nan 47.471625572115996761 48.420514965468939295 49.367300122845286126 50.599731166268959726 52.864253549304656588 55.813442109154550508 58.602818309459301815 61.318865971320072106 63.683707354907774345 65.809880097684228417 68.225512654043740213 70.828098419552773635 73.211986843395990832 75.371672500980693599 77.754496897480706252 79.245910074976052329 80.46864089628236627 81.507454901928241497 82.453659599332979724 85.208992600139680462 88.830443443054647901 91.562832717625113332 91.572903461939191061 91.944483263056383748 92.672701769788659476 93.131880065571778005 93.402475457157663641 94.358866886581864719 94.174526252063486709 94.059677769565738004 93.723607628145046533 93.656386996891157537 93.56283739832883839 93.529598350933014217 93.620378701485293504 94.052810268458486576 95.47726004433971525 nan nan nan nan nan nan nan nan nan nan
nan nan nan nan nan nan nan nan nan nan nan nan nan nan nan nan nan 46.858351869309458948 47.815099207649765845 49.115440020848936342 51.45449729107191672 54.327479114655744752 57.126163719042978073 59.755975893457964787 62.161223132667515756 64.479065073591058876 66.959314611128235128 69.704882156987764574 72.007901906896378819 74.515058183535742842 76.66130183712220969 78.231384098236972591 79.571755467279217555 80.748315932781864035 82.012519503243169083 85.297220454481148977 87.899512854914945592 90.579191861193265822 91.824337266041652583 92.011001825371252494 92.580631251461369402 93.063700043662606731 93.381343323559562464 94.595125226905054205 94.433835193947913922 94.303668993721146308 94.15574663526393806 93.895875170521463815 93.843796782520300326 93.858963280593044942 94.078470611854299932 94.494178203391896886 nan nan nan nan nan nan nan nan nan nan nan
nan nan nan nan nan nan nan nan nan nan nan nan nan nan nan nan nan 45.676281424600773562 46.700302573393095429 48.139121434507316621 50.35672204241120653 53.128845364144382302 55.915165923259387171 58.662802122005132333 61.229562206500432353 63.652872344474772603 65.954213764875447623 68.743797626074211848 71.224998146515616781 73.411332523204393397 75.446701900897679138 77.161123222528985366 78.784054825267475053 80.391732297294041132 81.823322610082357187 85.44227545782048594 88.246296335987224779 90.335847598483312026 91.849568735063428448 92.091222821279259847 92.589423780177824597 93.129507665669223115 93.511795885815615748 95.226668925007061262 95.097409218773748307 95.14940523567662467 94.981623390967811815 94.856878444265163353 94.569720835744561782 94.267227641791109249 94.332848722404762043 94.916693755079819539 nan nan nan nan nan nan nan nan nan nan nan
nan nan nan nan nan nan nan nan nan nan nan nan nan nan nan nan nan nan 45.883747749448886566 47.451905461350634141 49.642145016324704443 52.457353292993794014 55.281561345424776732 58.032808464540913462 60.834999855201758123 63.229198162676581774 65.079011090596480926 67.806155499294831657 70.357057374043634468 72.286097664595146739 74.391646445618221151 76.061468163372268236 77.864496675465915132 79.885712975855312834 81.673981966438560676 83.496395610219138916 86.700114160678865005 89.863470619609572054 91.751530724229581892 92.384203823461405136 92.682979485866525238 92.954840234561999068 93.540003593823001893 95.886055841217824991 96.126957728880654486 96.089064449774582499 96.733501414229309034 96.546097075598311221 95.705932238126266043 94.851489916464387875 94.64123651507394186 nan nan nan nan nan nan nan nan nan nan nan nan
nan nan nan nan nan nan nan nan nan nan nan nan nan nan nan nan nan nan 45.510219004525723108 47.379720002945127533 49.724304430267935118 52.21860847164427355 55.08673720971780341 57.956296191846789156 60.55508584089255919 62.818072145286556918 64.631760587104722049 66.921340635721790591 69.207807988157313162 71.249060329891236165 73.393614255997718487 75.257097185001342154 77.186607033286335877 79.787161106085051188 81.630572626411321835 83.151887403638525598 84.371512423240815792 86.760378267180215062 91.120893536722718409 92.605421021895466538 92.824531030105120522 93.162554493951773793 93.954591155520972734 97.025884606567615265 97.913924018371787383 98.855817707945973893 98.422362003732601465 96.495130171566870558 95.701738284778770094 95.606295731509220559 nan nan nan nan nan nan nan nan nan nan nan nan nan
nan nan nan nan nan nan nan nan nan nan nan nan nan nan nan nan nan nan nan nan 50.313215136744211975 52.559862066605873565 55.214661945666890119 58.133470755138716868 60.700645459199328968 62.899593258557317199 64.659332372739541483 66.432023955613914268 68.50745555418112076 71.080998630956415241 73.089639511061960775 75.029788479843574578 76.951181855633890905 79.798323130938996428 81.874556188891375541 83.131679200405187657 84.276376805099687317 86.115931128494594304 90.376390624140270802 92.646624030362204394 93.278191877635833862 93.643653066363370385 94.662390394766504187 97.77902700255934576 100.54534152030402083 nan 97.728109546638719962 95.850241285586960771 nan nan nan nan nan nan nan nan nan nan nan nan nan nan nan
nan nan nan nan nan nan nan nan nan nan nan nan nan nan nan nan nan nan nan nan 51.279789622805651561 53.570301186030526708 55.83865037940930165 58.510976021172098172 61.020940171745920111 63.077696510916553052 64.917262804908247631 66.490272004300095432 68.385945673617257512 71.208119107874765064 74.01092745437753706 76.57305754985186752 79.155965748166934759 80.721317631234967394 82.109656947720225162 82.849580941220267505 84.466939121283999725 86.08022068925789938 88.955967544551924675 91.958301305395266922 93.429308568882973418 94.085647160668358424 95.953401919286207544 98.818688330215479709 nan nan nan nan nan nan nan nan nan nan nan nan nan nan nan nan nan nan nan
nan nan nan nan nan nan nan nan nan nan nan nan nan nan nan nan nan nan nan nan 52.968779483264079033 54.950276937728851578 57.09369635758645245 59.273822121139566832 61.665642587007674535 63.415389729556686405 65.215665970873629931 66.749984570175968202 68.781203354471102784 72.856148254479762727 77.001020295276973116 79.492759980090582417 81.083413203012241866 81.509329445453872154 82.424165955642607173 83.089285646346610292 84.748875502521713088 86.474178371410346244 88.891608803458908028 91.024505438028057824 92.86686896099180899 94.249243178728889347 95.939627049653196877 98.221734182025826954 nan nan nan nan nan nan nan nan nan nan nan nan nan nan nan nan nan nan nan
nan nan nan nan nan nan nan nan nan nan nan nan nan nan nan nan nan nan nan nan 55.116557081401943208 56.878631289807238147 58.448958410368184957 60.576780762477469011 62.311879689174595853 63.727306074788849344 65.514927142541850458 67.108398783330329707 69.008725112857845829 72.658287933126203484 78.355718272832035609 81.96988588381027796 81.62266840867775386 81.588339349043991433 82.740414787827148757 84.484109350185448761 86.263761194039261682 87.611936065776319538 89.234930967712855931 90.5454072311659246 92.319467716913820254 93.918084585194336 95.362212513735769903 98.051033208768231475 nan nan nan nan nan nan nan nan nan nan nan nan nan nan nan nan nan nan nan
nan nan nan nan nan nan nan nan nan nan nan nan nan nan nan nan nan nan nan nan nan 59.147071207228222534 59.956345161601120708 61.578109317268520329 62.882320724455098571 64.13784140948644108 65.847684036090669224 67.410114414819304329 69.292527226581654531 72.133398636959981332 77.231608918654785612 82.70854779184345773 81.899485880012946382 82.354286466728268579 83.656385094553840531 86.81657910682169188 87.73870293569086698 88.604230988050986184 89.61619350681604601 90.455984538745155987 91.981311079969785283 93.76995350671167273 95.299842899296564269 nan nan nan nan nan nan nan nan nan nan nan nan nan nan nan nan nan nan nan nan
nan nan nan nan nan nan nan nan nan nan nan nan nan nan nan nan nan nan nan nan nan 59.773085768016869679 60.923754310522511446 62.388736310534845586 63.702739296472877584 64.848484455114288494 66.338293597622723041 67.775452618605967814 69.916908340280954803 72.879269546966966686 77.057466937628689152 83.387392639098834479 83.20232317672200395 83.354914645300937082 85.37618867492098218 88.635233448392767741 88.854855406561355835 89.474591096160281722 90.087089092273131996 90.740304131465691739 92.080027252516387648 94.085000584046326821 95.566695216344768937 nan nan nan nan nan nan nan nan nan nan nan nan nan nan nan nan nan nan nan nan
nan nan nan nan nan nan nan nan nan nan nan nan nan nan nan nan nan nan nan nan 59.799851912981374369 60.674555411982176167 61.98039169459030262 63.318472691424112497 64.481672326834086562 65.633086438388914985 66.936532662320061604 68.308431501015576259 71.641059543124569586 75.308749550583740984 78.555497027390359221 82.605340899886584793 84.715731961648046422 84.926795375296435964 88.23897771747053298 89.420553247117751994 89.35065384877282213 90.727754963937982779 91.028854436197960354 91.200898466417825716 92.506842999591384569 94.437010272990690396 nan nan nan nan nan nan nan nan nan nan nan nan nan nan nan nan nan nan nan nan nan
nan nan nan nan nan nan nan nan nan nan nan nan nan nan nan nan nan nan nan 60.492505401322389957 60.664518884527417697 61.738595536130738139 62.950301563224002166 64.225335984668262768 65.277624942779169714 66.411329242595371625 67.704884213848018248 69.090474011412638333 72.540094583295328334 75.356083346206332862 78.290051720633485388 80.766999055996961943 82.623677475186156016 85.30856792692905799 87.341224409434929044 89.083037323643040395 89.813636344808699619 91.5947206145859667 91.945631731293232747 91.887276498925643864 93.165653627126644665 nan nan nan nan nan nan nan nan nan nan nan nan nan nan nan nan nan nan nan nan nan nan
nan nan nan nan nan nan nan nan nan nan nan nan nan nan nan nan nan 62.737958864160852102 61.434833297376592043 61.282282443096008251 61.926010745343631925 63.004964320274183365 63.951119267095116072 65.184800064798849917 66.214200328225402359 67.297327198177256946 68.65948841912583589 69.968877063824578499 73.18583852860938066 75.363199237413283527 77.790597358759995927 81.228019014965937572 83.345659685719098775 83.929233061888510292 85.146832194951656447 nan nan nan nan nan nan nan nan nan nan nan nan nan nan nan nan nan nan nan nan nan nan nan nan nan nan nan nan
nan nan nan nan nan nan nan nan nan nan nan nan nan nan nan nan 64.722364579778883353 63.387127818770487409 62.349101008932208856 62.49586739485439324 63.393177628945899471 64.373272616421047587 65.146213131313501776 66.109382952634177855 67.106399141341995573 68.24052948374475136 69.59648955772671286 70.872422994725354783 73.333482888545276523 76.676408733019457031 78.288349654646651743 80.185358638692335376 83.446697728736026534 nan nan nan nan nan nan nan nan nan nan nan nan nan nan nan nan nan nan nan nan nan nan nan nan nan nan nan nan nan nan
nan nan nan nan nan nan nan nan nan nan nan nan nan nan nan nan 65.694612001100097132 63.912412416882787625 63.819664189543452437 64.293922159636949232 64.897484547248865283 65.749066469833962856 66.470267431487911836 67.10221206915296932 67.830095257073821813 69.101109487415982358 70.525029241060039453 71.918413400684926273 73.642314271211418486 77.253857494281774621 78.250758875968514872 80.454192198065669572 nan nan nan nan nan nan nan nan nan nan nan nan nan nan nan nan nan nan nan nan nan nan nan nan nan nan nan nan nan nan nan
nan nan nan nan nan nan nan nan nan nan nan nan nan nan nan nan 66.110783669789086048 65.525786148661282482 66.12586396042611625 66.519162399897311388 66.698226409997388942 67.26999327976724885 67.999922570474083727 69.012691866700222931 70.07154283767171421 70.863591040391924025 71.541049750336341617 73.112496214128370298 74.520839784645588111 nan nan nan nan nan nan nan nan nan nan nan nan nan nan nan nan nan nan nan nan nan nan nan nan nan nan nan nan nan nan nan nan nan nan
nan nan nan nan nan nan nan nan nan nan nan nan nan nan nan nan nan 67.916568590789168525 68.999149165989194898 68.779390694107462423 68.915409733919545943 69.107476608442496513 69.743592209730010723 70.634929529724246322 72.016356542153658893 73.59422456296135806 73.172199883422010203 nan nan nan nan nan nan nan nan nan nan nan nan nan nan nan nan nan nan nan nan nan nan nan nan nan nan nan nan nan nan nan nan nan nan nan nan
nan nan nan nan nan nan nan nan nan nan nan nan nan nan nan nan nan nan nan 71.142685353506280421 71.813889496671905022 71.466808952805521926 72.440018628572786952 73.303913810828689179 nan nan nan nan nan nan nan nan nan nan nan nan nan nan nan nan nan nan nan nan nan nan nan nan nan nan nan nan nan nan nan nan nan nan nan nan nan nan nan
nan nan nan nan nan nan nan nan nan nan nan nan nan nan nan nan nan nan nan nan nan nan nan nan nan nan nan nan nan nan nan nan nan nan nan nan nan nan nan nan nan nan nan nan nan nan nan nan nan nan nan nan nan nan nan nan nan nan nan nan nan nan nan
