results/rofental/precip_month_2020-05-01T0000_2020-05-31T2300.asc
ncols        322
nrows        225
xllcorner    622802.488000000012
yllcorner    5178049.378999999724
cellsize     100.000000000000
[rows 56 to 83 of 225, columns 189 to 251 of 322]
nan nan nan nan nan nan nan nan nan nan nan nan nan nan nan nan nan nan nan nan nan nan nan nan nan nan nan nan nan nan nan nan nan nan nan nan nan nan nan nan nan nan nan nan nan nan nan nan nan nan nan nan nan nan nan nan nan nan nan nan nan nan nan
nan nan nan nan nan nan nan nan nan nan nan nan nan nan nan nan nan nan nan nan nan nan nan nan nan nan nan nan nan nan nan nan nan nan nan nan nan nan nan nan nan nan nan nan nan nan nan nan nan nan nan nan nan nan nan nan nan nan nan nan nan nan nan
nan nan nan nan nan nan nan nan nan nan nan nan nan nan nan nan nan nan nan nan nan nan nan nan nan nan nan nan nan nan nan nan nan nan nan nan nan nan nan nan nan nan nan nan nan nan nan nan nan nan nan nan nan nan nan nan nan nan nan nan nan nan nan
nan nan nan nan nan nan nan nan nan nan nan nan 76.43413713792617159 nan nan nan nan nan nan nan nan nan nan nan nan nan nan nan nan nan nan nan nan nan nan nan nan nan nan nan nan nan nan nan nan nan nan nan nan nan nan nan nan nan nan nan nan nan nan nan nan nan nan
nan nan nan nan nan nan nan nan nan nan 78.541919091012516674 77.510536105203968305 76.213446295372023087 75.46420747265950979 75.069894920142161254 nan nan nan nan nan nan nan nan nan nan nan nan nan nan nan nan nan nan nan nan nan nan nan nan nan nan nan nan nan nan nan nan nan nan nan nan nan nan nan nan nan nan nan nan nan nan nan nan
nan nan nan nan nan nan nan nan 78.932069165817637213 78.482075612009481347 77.801858666491071403 76.877468507356468308 75.976256372601511657 75.165771122639299051 74.210382529904293847 73.896158917961216162 nan nan nan nan nan nan nan nan nan nan nan nan nan nan nan nan nan nan nan nan nan nan nan nan nan nan nan nan nan nan nan nan nan nan nan nan nan nan nan nan nan nan nan nan nan nan nan
nan nan nan nan nan nan 80.866970344710125573 79.207588528132447436 77.784951807512811683 76.867395981590362908 76.180159515436940865 75.658165016978202289 75.30657913795624836 74.763436260934611255 73.789770682479840502 73.01448653800710531 72.939466655388855543 73.202974359857691411 nan nan nan nan nan nan nan nan nan nan nan nan nan nan nan nan nan nan nan nan nan nan nan nan nan nan nan nan nan nan nan nan nan nan nan nan nan nan nan nan nan nan nan nan nan
nan nan nan nan nan 81.267741405743507244 80.329649604960906117 78.379070409968221611 77.125162115585126799 76.371608828992208373 75.772930484391594064 75.186749689084336978 74.595122012896467822 74.147324494759644153 73.365077095679794184 72.616399574831149266 72.212371000117400399 72.243241255352671715 72.760032275665480483 73.593654950475908549 nan nan nan nan nan nan nan nan nan nan nan nan nan nan nan nan nan nan nan nan nan nan nan nan nan nan nan nan nan nan nan nan nan nan nan nan nan nan nan nan nan nan nan
nan nan nan nan nan 81.509204250551604787 80.336618924072311643 78.421065452417963115 76.959807279663394297 76.371536462533626377 75.826449646724455533 75.217616856097279765 74.603743585756944867 73.941516183390191941 73.245023956028177281 72.546315887206148432 72.147665057366907604 71.977641850629012765 72.108049250746674375 72.835533119358473186 73.928377882093400331 nan nan nan nan nan nan nan nan nan nan nan nan nan nan nan nan nan nan nan nan nan nan nan nan nan nan nan nan nan nan nan nan nan nan nan nan nan nan nan nan nan nan
78.555207872885389975 80.121010973182507087 nan nan 80.129082781351399944 79.747918488253645819 79.411328405822303012 78.504538386867864119 77.379123716573801062 76.740400293026553413 76.487560083353102414 75.47554813937243523 74.331510980376634734 73.679962040492839037 73.203281475372975251 72.681111429217267528 72.293593215872220981 72.010414678703426716 71.860655127513126672 72.15078972876678165 73.23632800273229293 73.366324163106497735 nan nan nan nan nan nan nan nan nan nan nan nan nan nan nan nan nan nan nan nan nan nan nan nan nan nan nan nan nan nan nan nan nan nan nan nan nan nan nan nan nan
77.502617816788969662 78.764097317463253489 79.561774128813667062 79.677054489593857056 78.698227044548531239 77.916773390005886313 77.722859597975528345 78.23432493669622545 77.761603056330784511 77.087971190539164468 76.382596496183197132 75.317412128844907215 74.252969205926149243 73.27107897044633944 73.054619500690051837 72.780661324711005022 72.317086683506431655 71.971879337209117011 71.776466445804430805 71.829495012900281381 72.896340521938697066 72.927321903567261074 72.676298689742651504 nan nan nan nan nan nan nan nan nan nan nan nan nan nan nan nan nan nan nan nan nan nan nan nan nan nan nan nan nan nan nan nan nan nan nan nan nan nan nan nan
76.309620299071198701 77.09209019110964789 77.997549161472477408 78.464921285300292197 77.395960090526671138 76.618610766796862777 76.693193851891081181 77.936460169167759204 78.126823626036127735 77.371750407909772207 76.423147553849773317 75.281580116372879274 74.330565812671579806 73.497959959817308118 73.00677947694435943 72.668999986973332739 72.17747731541783196 71.843188561591034613 71.611286440762043526 71.544663651500471246 72.391089279133495893 72.364065418966589505 72.283078514671217363 72.081292780395983755 nan nan nan nan nan nan nan nan nan nan nan nan nan nan nan nan nan nan nan nan nan nan nan nan nan nan nan nan nan nan nan nan nan nan nan nan nan nan nan
74.671052537794508908 75.36263410670304097 76.59171929462577566 77.410429960804179927 76.437247784262595474 75.448635015988870123 75.649626530915298872 76.798308273049698869 77.443382452792320692 77.851847651479801016 77.322494381373616079 75.558347116774200458 74.461620119866651635 73.698405315042094799 73.141321096530333534 72.651984937921696428 72.126132440620125408 71.813675594427763826 71.410197651457821166 71.044377924644678046 70.994264580575247692 70.743645472388763551 71.278280604157231437 71.873921694781813585 nan nan nan nan nan nan nan nan nan nan nan nan nan nan nan nan nan nan nan nan nan nan nan nan nan nan nan nan nan nan nan nan nan nan nan nan nan nan nan
73.922299200912448214 74.554347166934846314 75.526037420181978632 75.526887153948848663 75.130916899820959998 74.364345584159352143 74.587549410005678396 75.443471973680146903 75.906627073925079685 76.682105903900520616 77.56098063586699709 76.835693098378328614 75.31070984565154447 74.144988304999358775 73.229061923500907483 72.619462343951198591 72.00124824769056886 71.575023856603706918 71.020969123081499674 70.519029254523900363 69.979587292807096333 69.512973646625610513 70.01107657918237237 70.942969204536652228 nan nan nan nan nan nan nan nan nan nan nan nan nan nan nan nan nan nan nan nan nan nan nan nan nan nan nan nan nan nan nan nan nan nan nan nan nan nan nan
73.637022971838234753 73.265340981691295497 73.204667395192984714 73.460910330531561385 73.160463097376407404 73.126007599967238093 73.71996414807509268 74.228514381591935489 74.482707413877079716 75.193774354012148819 76.126094092297336147 76.81929955134147292 76.477266335516404183 75.466122531120419126 73.841434139416307403 72.587430098991461591 71.638731359271503152 71.025705534496154314 70.531238136314499343 70.048577031079773292 69.681573777004160775 69.297869747277459851 69.327837646417378892 70.37846834998352108 nan nan nan nan nan nan nan nan nan nan nan nan nan nan nan nan nan nan nan nan nan nan nan nan nan nan nan nan nan nan nan nan nan nan nan nan nan nan nan
72.245497485848432007 71.600271154583410294 71.053583706077077409 71.195562850153052636 71.637028167468912443 72.06975647340320279 72.529164215346156652 72.905350056644905976 73.301825575669937507 73.865922351684872638 74.622785142717830809 75.150492647415504166 75.091332705251218727 75.336987163292491232 74.737575107532720153 73.130621874504882385 71.497681224057771487 70.447833926546024941 69.913130197191335924 69.515773640964269475 69.326903638044456102 69.155591049290919159 68.742462161790967912 68.912138553924094708 69.85011914305408709 nan nan nan nan nan nan nan nan nan nan nan nan nan nan nan nan nan nan nan nan nan nan nan nan nan nan nan nan nan nan nan nan nan nan nan nan nan nan
71.774907973996604937 70.995292398086220942 70.310332499923831051 70.509495155211538986 70.865770305708096544 71.027649587746225279 71.260817587490805636 71.682877048501723038 72.100852987751096634 72.544932370975004687 73.453848760977294319 73.948799377710756175 73.686135130021156669 73.955780530542199358 74.409845923173591586 72.820571144107901773 71.249972094962245706 69.969712580033871063 69.446290593111456246 68.979859253932872321 68.223783679805492852 68.285265940428061526 68.045609855216781625 67.865478184233339221 68.57444665407403761 69.346747238363249721 nan nan nan nan nan nan nan nan nan nan nan nan nan nan nan nan nan nan nan nan nan nan nan nan nan nan nan nan nan nan nan nan nan nan nan nan nan
71.007408858783790606 70.329443741910523613 69.872037295745428764 70.086148782102199561 70.229704982743953678 70.270881329073176857 70.214944226448665177 70.702573048666550903 70.980504546126766741 71.255050530727359615 72.104201393715072754 72.714895986449718635 72.588765248532567398 72.713170322684831604 72.914225747267835231 72.5575103182928558 70.852215791968674807 69.474423823570674585 69.116741044426390772 68.41904971707333516 67.09230427707932165 66.609341202699823725 67.166209658100910929 67.183577497619722863 67.55309346877339749 68.51540318654058126 nan nan nan nan nan nan nan nan nan nan nan nan nan nan nan nan nan nan nan nan nan nan nan nan nan nan nan nan nan nan nan nan nan nan nan nan nan
70.569007125330657004 70.003660173621980789 69.696487901853672042 69.681652701235464065 69.812273654154452629 69.747589506195424747 69.593668229962531768 69.700040953733378046 69.960066014751106422 70.167452617398140546 70.841197768398430412 71.620232674794024774 71.805861780072262945 71.686958068050330439 71.524991683309309565 71.054950418768029863 70.612023566900248284 68.853501352863062834 68.338036456270231156 67.704659787516007441 66.552805842857324592 65.898451394748065013 66.045701404320553252 66.459761660491153634 67.211944657054345953 67.840523840580090109 68.869556908029579745 nan nan nan nan nan nan nan nan nan nan nan nan nan nan nan nan nan nan nan nan nan nan nan nan nan nan nan nan nan nan nan nan nan nan nan nan
70.39971163771775764 69.994611224182094134 69.424029669662900233 69.386714046630842745 69.433021722690483557 69.39976224954511963 69.294677740715044933 69.046937348373901955 68.986440151951327948 69.176739290190667475 69.900731886729687403 71.078486193504517132 71.22777117308761774 70.660046236837217748 70.394991723040178044 70.004341083699543447 69.183177267658180654 68.028422949436205158 67.127298717118279114 66.664879496060649444 66.046146682246131832 65.693257972715770165 65.565780660495192933 66.263902843604640225 67.07850864689237369 68.125596322049261744 69.070925368935064625 nan nan nan nan nan nan nan nan nan nan nan nan nan nan nan nan nan nan nan nan nan nan nan nan nan nan nan nan nan nan nan nan nan nan nan nan
70.308274578328592952 69.75250201404372774 69.162997234947894754 69.116353147152963743 69.118898429119596472 68.974958473564896622 68.773460090074735263 68.602354577324177853 68.382645022711017191 68.427213159570300149 69.328280489554444443 70.459815109057657878 71.23766388383248227 70.421794095938906821 69.821112623403607245 69.311897389834868477 68.538569379113084779 67.451701197999810233 66.422247325761503589 65.876216034366763097 65.414095433917623268 65.495852179454985276 65.537298825073051489 66.252272418786915864 67.200423711065141674 68.543092849070532679 nan nan nan nan nan nan nan nan nan nan nan nan nan nan nan nan nan nan nan nan nan nan nan nan nan nan nan nan nan nan nan nan nan nan nan nan nan
70.272256762101307004 69.451365004496082634 68.97565468195570304 68.812376292310318604 68.891849987564000912 68.56378735963060933 68.24243700214130115 68.270985897392392872 68.139067012344710861 68.017672151289374938 68.776503137116762332 70.018114059773111535 71.092218201555766655 70.144937278691202209 69.085411537760791134 68.571797982357821866 67.891383199059035292 67.045167234581711568 66.063092917750324773 65.195483420042265266 64.775684740287559293 64.96670308819970785 65.233793157939715002 66.422712222948845806 67.365902151222300631 68.663996827654301569 nan nan nan nan nan nan nan nan nan nan nan nan nan nan nan nan nan nan nan nan nan nan nan nan nan nan nan nan nan nan nan nan nan nan nan nan nan
70.988773510182738846 69.699668863187369539 68.827916035236228254 68.458896104395336124 68.514103469503496058 68.332450059940811116 67.913120728050827779 67.850695012578484011 67.859752219256364469 67.746387950235060771 68.267966114577305348 69.430282450910382863 70.726924008433812219 70.430980443931105128 69.239917397210632544 68.375642354465369976 67.355963244986213567 66.23159333127408388 65.01714124779006454 64.45170732822366233 64.131339610111297134 64.218822789141853491 64.982943078527227954 66.146503499662657077 66.950644764051745028 67.813638513307751055 nan nan nan nan nan nan nan nan nan nan nan nan nan nan nan nan nan nan nan nan nan nan nan nan nan nan nan nan nan nan nan nan nan nan nan nan nan
70.775428893414087383 70.140802855124377402 69.105000968872374756 68.402314496776838837 68.174983470930939689 68.126338052123742273 67.771567148609477726 67.494533324828367427 67.398463995582332586 67.806062547508446414 68.048544525282167683 68.555183965014720116 69.731209251982420483 70.177402513391299976 69.139719428026197079 67.864885812073936222 66.932814297866258357 65.746253316407418765 64.492246848012101168 63.856547851458543619 63.592145417658336726 63.945071735595071516 64.972736704109905759 65.749245306935009125 66.303688218135619081 nan nan nan nan nan nan nan nan nan nan nan nan nan nan nan nan nan nan nan nan nan nan nan nan nan nan nan nan nan nan nan nan nan nan nan nan nan nan
70.714164015750625936 70.102967565119485016 69.55686751786674904 68.581099127923636161 68.144658901715246202 68.031640439938868781 67.786209775723904158 67.310700209675388805 67.023862987091547438 67.643529621960269083 67.475687694919301407 67.861856794619171751 68.451781041760469293 69.230801314484793352 68.586122354020915282 67.339899730464736649 66.435128858207647795 65.258512710743787011 63.891561182651990691 63.324642288718564487 63.294070672988908655 63.946310767338673031 64.420095954356511925 65.157782290478451159 65.730574595287279749 nan nan nan nan nan nan nan nan nan nan nan nan nan nan nan nan nan nan nan nan nan nan nan nan nan nan nan nan nan nan nan nan nan nan nan nan nan nan
71.46257769859333564 70.436990659264353098 69.239378304270886133 68.659987356861890362 68.106946754550918399 67.615188351538975553 67.358967391066656205 67.096703295752249119 66.815497904167344245 67.118613612760242404 66.891699741178570093 67.242862113425204029 67.583709213291811579 68.166426045335867911 68.088490158451421053 67.16041716141529605 66.240288268606263955 64.971986361457879866 63.605790298843452035 62.98496144577485012 63.102640848025615128 63.466200768092107865 63.521166531471976668 64.32702209638635793 64.951407339745131253 nan nan nan nan nan nan nan nan nan nan nan nan nan nan nan nan nan nan nan nan nan nan nan nan nan nan nan nan nan nan nan nan nan nan nan nan nan nan
70.999451168018524072 70.281193839223604414 68.965255065833019898 67.928411128301604549 67.711824232957013692 67.071815116187323724 66.849811433955622419 66.635357802457491516 66.524156750211602684 66.574021174993973204 66.451985041898808504 66.557718606750654544 66.995997944603388419 67.137771878101546008 67.306364046623784247 66.795864950850258879 65.930907908289427155 64.849914576781330311 63.546890143110161375 62.602129363730284695 62.552047502472383655 62.748620085471792152 62.792683055645994727 63.427309198402241464 64.255538933438870686 64.121318740518987056 nan nan nan nan nan nan nan nan nan nan nan nan nan nan nan nan nan nan nan nan nan nan nan nan nan nan nan nan nan nan nan nan nan nan nan nan nan
70.448372446206832365 69.674574633460679252 68.750671863532801353 67.886955629664029743 67.11525982840906579 66.618938057520381335 66.271635858950403986 66.080709123198118959 66.034700086221334914 65.935554806984626453 65.820663999534147592 65.716805614834825633 66.270304809033831361 66.587777706890349805 66.436214184116082038 66.136173390956230378 65.529207483848296079 64.730985580664423651 63.380369739591522205 62.344444634892191459 62.025637037886866665 62.121076665845009757 62.105093565829683655 62.581671842045430765 63.395431437878116299 63.057122025369530149 62.511555481573097381 nan nan nan nan nan nan nan nan nan nan nan nan nan nan nan nan nan nan nan nan nan nan nan nan nan nan nan nan nan nan nan nan nan nan nan nan
