results/rofental/precip_month_2020-07-01T0000_2020-07-31T2300.asc
ncols        322
nrows        225
xllcorner    622802.488000000012
yllcorner    5178049.378999999724
cellsize     100.000000000000
[rows 168 to 195 of 225, columns 63 to 125 of 322]
nan nan nan nan nan nan nan nan nan nan nan nan nan nan nan nan nan nan nan nan nan nan nan nan nan nan nan nan 96.287317040754729192 94.394516115570809234 93.062070576709459147 92.476832596463992786 91.909641746507858784 91.207079613057317147 90.13822569392091566 88.337721588816791041 87.671927102260056586 87.268300015987861684 86.598851038876389907 85.826639730484643565 85.371316510411034528 84.913036550439358052 84.527882693463936903 83.985409702123945408 83.171064962172607693 82.535687602599182355 82.030311875746832584 81.469351615429957292 80.893648838717609806 80.421796996638505561 79.977530195935059965 79.550193296570682833 79.125230963243083693 78.716046091569040755 78.294401588861887831 77.849171633409270044 77.473079035385865154 77.099389547038867931 76.765228168501067785 76.705437693225505313 76.916966803902653282 77.685434862234870934 78.552827437762104523
nan nan nan nan nan nan nan nan nan nan nan nan nan nan nan nan nan nan nan nan nan nan nan nan nan nan nan nan 96.497552059330672591 94.367672036074679909 92.513112453488986375 91.98025101655288438 91.566152780029767655 91.020498612320707821 90.167812760953097495 88.9240096246338112 87.478645124402092392 86.958796466298338146 86.399454615005808478 85.877398144511573719 85.435346524800095835 84.719881303224354951 84.180880926772474027 83.757750099466335314 83.016375383669270605 82.347870162143649964 81.828791652499290876 81.262489768254212663 80.70370920771237877 80.251736560641049323 79.855675989745037668 79.451740276004073849 79.047639692672504452 78.626471987137435349 78.190859621000285529 77.755664525256136699 77.458807315852055808 77.266384457498759275 77.313025645115942552 77.449716939299392493 77.721462959627046985 78.701017276653615795 79.493392339439552075
nan nan nan nan nan nan nan nan nan nan nan nan nan nan nan nan nan nan nan nan nan nan nan nan nan nan nan 95.570803364431029081 95.128342295155377428 93.274609201668340575 91.971248492745644398 91.421450642117321195 91.154777073327693415 90.763639685436260152 90.021333424519326627 89.011689929962500401 87.876513375314218024 86.882353658110204719 86.135145077185811147 85.910085066645805796 85.508807781704504691 84.598642333082366918 83.8459257530572728 83.476546284424202327 82.967917818981064215 82.405822663419385776 81.783951271511000414 81.174847897482976578 80.638215835270074194 80.173434621774518405 79.772784065151768118 79.327393524685277271 78.924189964796980234 78.48377069937001238 78.080200885377394115 77.917115316947288761 77.874809859852462068 77.987963470588454129 78.103578073968080275 78.287228803938702981 78.822661216955140162 79.88529987122531395 80.857252709798615342
nan nan nan nan nan nan nan nan nan nan nan nan nan nan nan nan nan nan nan nan nan nan nan nan nan nan nan 94.839074823693337635 93.624772154621865639 92.580169307752697705 91.781294081390257134 91.082296214510350296 90.796192716566267222 90.439042268503285982 89.906531829239938247 89.247701803317639246 88.381763241247412566 87.189864431071384843 86.266957166887848985 86.003798942949799766 85.568244018472867651 84.487008365303296387 83.648701193899924533 83.349050359281122269 83.004686614380887022 82.537975280751652463 81.908953424409872923 81.291796968576150562 80.783914805404009485 80.291058776438987366 79.867049826901691745 79.286462997739164393 78.912340368463631535 78.718381846800525636 78.571939683752077599 78.532302348690095073 78.702914412168141212 78.805974886316718653 79.020390611056086527 79.348675968627418342 80.176243473246699978 80.905853443460330254 nan
nan nan nan nan nan nan nan nan nan nan nan nan nan nan nan nan nan nan nan nan nan nan nan nan nan nan nan nan 93.932296754207087019 92.36160475212368226 91.656463627511712389 91.126406148823605236 90.671659221804119966 90.155616104027160418 89.645202216574361387 89.224802065652482952 88.464211961413923291 87.65186690666133984 86.846604442543082314 86.189123189468148212 85.712209839798717326 84.731222886212108847 83.815235731847238299 83.396697962319080943 83.07292299345837705 82.638414051880218381 81.895363777139564831 81.33085022006713416 80.891343913752493222 80.516070746349271303 80.225488093805282119 79.947890737483461976 79.867626793281203845 79.713238918031649405 79.644922463876724805 79.638327709362684459 79.875555032127905974 79.903183558480421311 80.073566065466991404 80.351635579096011952 81.542972579090942986 81.535523312607182334 nan
nan nan nan nan nan nan nan nan nan nan nan nan nan nan nan nan nan nan nan nan nan nan nan nan nan nan nan nan nan 93.280261177720348087 91.763058638138033984 91.256628855183024029 90.746398069512366646 90.105374862614141307 89.461354100888911489 88.943000283816090246 88.306785679351136764 87.676920763411246185 86.886447147936777924 86.144436615262108603 85.704009102114895313 84.818761516218089014 83.914694451264182362 83.446732789420806853 83.157151877263316919 82.709232898044362514 81.929605543257608247 81.602034711952811108 81.345636098490558652 81.117529079715779972 81.150614419048864079 80.998145957389439786 80.640550210257487151 80.598037988031876466 80.733760616660475762 80.845493039632799537 81.006111127522501647 81.008221242344248481 81.391280430301051751 82.029551469276611897 81.985927168220243288 nan nan
nan nan nan nan nan nan nan nan nan nan nan nan nan nan nan nan nan nan nan nan nan nan nan nan nan nan nan nan nan nan 93.173078187680289375 92.160030579388859451 91.234950961289982274 90.415864394397843284 89.73438011846728557 88.807961357805567104 88.198833250830347197 87.600942508355473137 86.862314739820163823 86.36708434345968044 86.000116663160142139 85.328559329529070965 84.585317144870501238 84.092910349759137034 83.756932492459554851 83.29897396401605647 82.813320050154217711 82.499713598898480882 82.200024762595830907 81.93842172429481252 81.84399623117961653 81.566302795215790411 81.502220128781473818 81.761059256819521579 81.838050086814604356 82.067212999576810262 82.269523415571839564 82.573601630082450242 nan nan nan nan nan
nan nan nan nan nan nan nan nan nan nan nan nan nan nan nan nan nan nan nan nan nan nan nan nan nan nan nan nan nan nan nan nan nan nan nan 88.861990995438759455 88.317569471462689989 87.721712559545238719 87.252805381902490467 87.013124897123844903 86.750464854268159343 86.256881143248222088 86.125426816626188042 85.51347589393976989 84.758198757090539743 84.073298899477791224 83.523803344107392377 82.95846327969935885 82.726404968709374543 82.460787790287909615 82.317079194650446539 82.38330214767826476 82.844407697903960752 nan nan nan nan nan nan nan nan nan nan
nan nan nan nan nan nan nan nan nan nan nan nan nan nan nan nan nan nan nan nan nan nan nan nan nan nan nan nan nan nan nan nan nan nan nan nan nan nan nan nan nan nan nan nan nan nan 83.585318077110741797 83.246860601629663279 83.151321709306827756 82.95698482732210266 83.053666548173467277 83.530678342831038208 83.763587961316090968 nan nan nan nan nan nan nan nan nan nan
nan nan nan nan nan nan nan nan nan nan nan nan nan nan nan nan nan nan nan nan nan nan nan nan nan nan nan nan nan nan nan nan nan nan nan nan nan nan nan nan nan nan nan nan nan nan nan 83.465380958765237551 83.808877316317094142 83.436595289891144489 83.74303959923486218 nan nan nan nan nan nan nan nan nan nan nan nan
nan nan nan nan nan nan nan nan nan nan nan nan nan nan nan nan nan nan nan nan nan nan nan nan nan nan nan nan nan nan nan nan nan nan nan nan nan nan nan nan nan nan nan nan nan nan nan nan nan nan nan nan nan nan nan nan nan nan nan nan nan nan nan
nan nan nan nan nan nan nan nan nan nan nan nan nan nan nan nan nan nan nan nan nan nan nan nan nan nan nan nan nan nan nan nan nan nan nan nan nan nan nan nan nan nan nan nan nan nan nan nan nan nan nan nan nan nan nan nan nan nan nan nan nan nan nan
nan nan nan nan nan nan nan nan nan nan nan nan nan nan nan nan nan nan nan nan nan nan nan nan nan nan nan nan nan nan nan nan nan nan nan nan nan nan nan nan nan nan nan nan nan nan nan nan nan nan nan nan nan nan nan nan nan nan nan nan nan nan nan
nan nan nan nan nan nan nan nan nan nan nan nan nan nan nan nan nan nan nan nan nan nan nan nan nan nan nan nan nan nan nan nan nan nan nan nan nan nan nan nan nan nan nan nan nan nan nan nan nan nan nan nan nan nan nan nan nan nan nan nan nan nan nan
nan nan nan nan nan nan nan nan nan nan nan nan nan nan nan nan nan nan nan nan nan nan nan nan nan nan nan nan nan nan nan nan nan nan nan nan nan nan nan nan nan nan nan nan nan nan nan nan nan nan nan nan nan nan nan nan nan nan nan nan nan nan nan
nan nan nan nan nan nan nan nan nan nan nan nan nan nan nan nan nan nan nan nan nan nan nan nan nan nan nan nan nan nan nan nan nan nan nan nan nan nan nan nan nan nan nan nan nan nan nan nan nan nan nan nan nan nan nan nan nan nan nan nan nan nan nan
nan nan nan nan nan nan nan nan nan nan nan nan nan nan nan nan nan nan nan nan nan nan nan nan nan nan nan nan nan nan nan nan nan nan nan nan nan nan nan nan nan nan nan nan nan nan nan nan nan nan nan nan nan nan nan nan nan nan nan nan nan nan nan
nan nan nan nan nan nan nan nan nan nan nan nan nan nan nan nan nan nan nan nan nan nan nan nan nan nan nan nan nan nan nan nan nan nan nan nan nan nan nan nan nan nan nan nan nan nan nan nan nan nan nan nan nan nan nan nan nan nan nan nan nan nan nan
nan nan nan nan nan nan nan nan nan nan nan nan nan nan nan nan nan nan nan nan nan nan nan nan nan nan nan nan nan nan nan nan nan nan nan nan nan nan nan nan nan nan nan nan nan nan nan nan nan nan nan nan nan nan nan nan nan nan nan nan nan nan nan
nan nan nan nan nan nan nan nan nan nan nan nan nan nan nan nan nan nan nan nan nan nan nan nan nan nan nan nan nan nan nan nan nan nan nan nan nan nan nan nan nan nan nan nan nan nan nan nan nan nan nan nan nan nan nan nan nan nan nan nan nan nan nan
nan nan nan nan nan nan nan nan nan nan nan nan nan nan nan nan nan nan nan nan nan nan nan nan nan nan nan nan nan nan nan nan nan nan nan nan nan nan nan nan nan nan nan nan nan nan nan nan nan nan nan nan nan nan nan nan nan nan nan nan nan nan nan
nan nan nan nan nan nan nan nan nan nan nan nan nan nan nan nan nan nan nan nan nan nan nan nan nan nan nan nan nan nan nan nan nan nan nan nan nan nan nan nan nan nan nan nan nan nan nan nan nan nan nan nan nan nan nan nan nan nan nan nan nan nan nan
nan nan nan nan nan nan nan nan nan nan nan nan nan nan nan nan nan nan nan nan nan nan nan nan nan nan nan nan nan nan nan nan nan nan nan nan nan nan nan nan nan nan nan nan nan nan nan nan nan nan nan nan nan nan nan nan nan nan nan nan nan nan nan
nan nan nan nan nan nan nan nan nan nan nan nan nan nan nan nan nan nan nan nan nan nan nan nan nan nan nan nan nan nan nan nan nan nan nan nan nan nan nan nan nan nan nan nan nan nan nan nan nan nan nan nan nan nan nan nan nan nan nan nan nan nan nan
nan nan nan nan nan nan nan nan nan nan nan nan nan nan nan nan nan nan nan nan nan nan nan nan nan nan nan nan nan nan nan nan nan nan nan nan nan nan nan nan nan nan nan nan nan nan nan nan nan nan nan nan nan nan nan nan nan nan nan nan nan nan nan
nan nan nan nan nan nan nan nan nan nan nan nan nan nan nan nan nan nan nan nan nan nan nan nan nan nan nan nan nan nan nan nan nan nan nan nan nan nan nan nan nan nan nan nan nan nan nan nan nan nan nan nan nan nan nan nan nan nan nan nan nan nan nan
nan nan nan nan nan nan nan nan nan nan nan nan nan nan nan nan nan nan nan nan nan nan nan nan nan nan nan nan nan nan nan nan nan nan nan nan nan nan nan nan nan nan nan nan nan nan nan nan nan nan nan nan nan nan nan nan nan nan nan nan nan nan nan
nan nan nan nan nan nan nan nan nan nan nan nan nan nan nan nan nan nan nan nan nan nan nan nan nan nan nan nan nan nan nan nan nan nan nan nan nan nan nan nan nan nan nan nan nan nan nan nan nan nan nan nan nan nan nan nan nan nan nan nan nan nan nan
