results/rofental/precip_month_2019-10-01T0000_2019-10-31T2300.asc
ncols        322
nrows        225
xllcorner    622802.488000000012
yllcorner    5178049.378999999724
cellsize     100.000000000000
[rows 140 to 167 of 225, columns 63 to 125 of 322]
nan nan nan nan nan nan nan nan nan nan nan nan nan nan nan nan nan nan nan nan nan nan nan nan nan nan nan nan nan nan nan nan nan nan nan nan nan nan nan nan nan nan nan nan nan nan nan nan nan nan nan 98.073663396423114591 97.424422069031507476 96.01348091444934596 94.466054628765334655 93.23031105332498214 92.027964568756857489 90.890874144795162692 90.281355304626231373 89.774025471816912614 88.939722286774241411 87.906062839311815083 86.942980198764800548
nan nan nan nan nan nan nan nan nan nan nan nan nan nan nan nan nan nan nan nan nan nan nan nan nan nan nan nan nan nan nan nan nan nan nan nan nan nan nan nan nan nan nan nan nan nan nan nan nan nan 98.411220384341902445 97.654023790264389504 96.914833687543080032 95.386812886908685982 93.736210030968450724 92.792344530468739094 91.612589286454365833 90.683104914431837074 90.125139907495054103 89.502756799107032748 88.696081665583974996 87.592928731904081019 86.482157475879247954
nan nan nan nan nan nan nan nan nan nan nan nan nan nan nan nan nan nan nan nan nan nan nan nan nan nan nan nan nan nan nan nan nan nan nan nan nan nan nan nan nan nan nan nan nan nan nan nan nan 98.079962352723356389 96.182447375715582893 95.32377051349625674 94.450923247976859898 94.623667751769517054 93.812875787697890928 92.505144538294970857 91.141861114603486271 90.157128327360041453 89.419740699467126888 88.651353729826098515 87.832678665679409846 86.918018396975881501 85.869058725340039473
nan nan nan nan nan nan nan nan nan nan nan nan nan nan nan nan nan nan nan nan nan nan nan nan nan nan nan nan nan nan nan nan nan nan nan nan nan nan nan nan nan nan nan nan nan nan nan nan 96.935517544540473978 95.760124842856129135 93.979437669882244677 92.782410319608885629 92.279168382095335232 92.1091212463771285 93.106132057898861376 92.865598393956105383 91.019665126475445049 89.594279129593928701 88.671960631904909178 87.941491493780944211 87.03286005816561044 85.921332058208690796 84.903714173996135628
nan nan nan nan nan nan nan nan nan nan nan nan nan nan nan nan nan nan nan nan nan nan nan nan nan nan nan nan nan nan nan nan nan nan nan nan nan nan nan nan nan nan nan nan nan 96.666636939798976869 96.233046005394385247 95.212947472715953268 94.728334194216429864 93.945168939444315015 92.49385857125594157 91.430032495803231996 90.661596732061070725 90.187329169008023655 90.811716570202278831 91.415445993417733916 91.048794827266135599 89.913779162446033411 88.725357945172646623 87.789261349720391081 86.90000162008470852 86.096718584027101429 85.048392058057217469
nan nan nan nan nan nan nan nan nan nan nan nan nan nan nan nan nan nan nan nan nan nan nan nan nan nan nan nan nan nan nan nan nan nan nan nan nan nan nan nan nan nan nan nan 94.641250579258752396 94.804363907471028483 94.757863965324418132 93.457306259990730268 92.628665710631963748 92.553362282707297481 91.941290915155789776 90.879363393483217237 89.743426768946378047 89.064393312489684718 88.682101718626554998 88.865044689304269809 89.408128293520576335 89.386695312864389962 89.005643022570396283 88.403805360379138278 87.560436834238430492 86.497895886698273671 85.221453361481010802
nan nan nan nan nan nan nan nan nan nan nan nan nan nan nan nan nan nan nan nan nan nan nan nan nan nan nan nan nan nan nan nan nan nan nan nan nan nan nan nan nan nan nan nan 93.057577305475916774 93.03010013773982223 92.464057462513920882 92.18319790816026682 91.120379530491817377 90.581892091698108516 90.010591884436450982 89.67996874144064634 88.887775152402710432 88.329126301999778548 87.720689564257526172 87.094448232693366663 87.093787673033617125 87.305900389810204842 87.178438334489285921 86.890259120778708279 86.575841224721074241 86.188550839211643506 84.893770045239037358
nan nan nan nan nan nan nan nan nan nan nan nan nan nan nan nan nan nan nan nan nan nan nan nan nan nan nan nan nan nan nan nan nan nan nan nan nan nan nan nan nan nan nan nan 93.070834314608475779 92.396945843093391204 91.720520196891030196 90.999479639366612105 90.444478321971843116 90.046124172046987155 89.588009638766010312 89.14678940923154471 88.60152351263525361 88.032633136642331806 87.517709172888487501 86.802043883244692779 86.067665723252332555 85.544534607297094908 85.316098568762498644 85.40306773491391823 84.99804439466404915 84.691723955452943073 83.529472837326636636
nan nan nan nan nan nan nan nan nan nan nan nan nan nan nan nan nan nan nan nan nan nan nan nan nan nan nan nan nan nan nan nan nan nan nan nan nan nan nan nan nan nan nan 94.501752131097163101 93.461371963611242109 92.145978071802460363 91.369588245749085331 90.957438132456545077 90.512331605695578673 90.056812608194604763 89.626740082883827654 89.207861156516443657 88.721895831317979741 88.177985180053724434 87.603821468826552632 86.905661589805163203 86.209901222865525483 85.576764413674879961 84.825754963934031139 84.130207643389780969 83.280443396137030732 82.565295709061828688 81.928032063357875359
nan nan nan nan nan nan nan nan nan nan nan nan nan nan nan nan nan nan nan nan nan nan nan nan nan nan nan nan nan nan nan nan nan nan nan nan nan nan nan nan nan nan nan 95.324928346509750554 94.098768794898973056 92.427349007447915596 91.425189818352080806 91.028438864343172554 90.615709552705851593 90.161806438460999402 89.801525412558817152 89.327744595254259252 88.728553860413882148 88.112813287455608702 87.550387297285880095 86.892630523231943585 86.195202355543173667 85.465597752028600098 84.83533553128373228 83.949531908724267737 83.119312940573692572 81.813516384171137474 80.782479221635881572
nan nan nan nan nan nan nan nan nan nan nan nan nan nan nan nan nan nan nan nan nan nan nan nan nan nan nan nan nan nan nan nan nan nan nan nan nan nan nan nan nan nan 96.763091210828477529 95.690722233519878159 93.960095100386084255 92.785902252415198177 91.834475545082995041 91.305783530049794194 90.926528773779182302 90.478749614956853975 90.244074560757809422 89.743395177059326784 89.068761019828059489 88.378648988376710349 87.67216627819577468 86.879372013290790733 85.877326423132430477 84.721773652921328335 83.676380079282438373 82.779445376578678406 81.915685964862305468 81.222210794686347413 80.49434347857484795
nan nan nan nan nan nan nan nan nan nan nan nan nan nan nan nan nan nan nan nan nan nan nan nan nan nan nan nan nan nan nan nan nan nan nan nan nan nan nan nan nan 97.679479638527922702 97.260039344729477762 95.654360391772840444 94.570544584141941868 93.50510792655235548 92.597991731773859669 92.117246139393955673 91.770017747557616872 91.256944709038108954 90.945572021133543217 90.454996683037009575 89.856015746490442098 89.156254211760270323 88.278724726851436344 87.129651241206786949 85.733368259899876307 84.66337178823775389 83.613937558926153315 82.302677275094310971 81.479746847288637923 80.84709311774193452 80.52485645767769995
nan nan nan nan nan nan nan nan nan nan nan nan nan nan nan nan nan nan nan nan nan nan nan nan nan nan nan nan nan nan nan nan nan nan nan nan nan nan nan nan nan nan 97.229905162350192427 95.84482981928982781 94.982217837992877207 94.045716436502132751 93.110636893082400434 92.842319632908100857 92.669588888727489007 92.32114916137791738 92.268935090730408888 91.519356550717233745 90.862646756231356449 90.156930204642065974 89.299817243939770606 88.053490161903710032 86.497195369202060533 84.987366923806547447 83.680719009678711018 82.310363687586516335 81.136119366078318649 80.985034166983155046 80.87837914454463828
nan nan nan nan nan nan nan nan nan nan nan nan nan nan nan nan nan nan nan nan nan nan nan nan nan nan nan nan nan nan nan nan nan nan nan nan nan nan nan nan nan 99.193742527816468169 97.693586773626748254 96.491913266537636673 95.774034311699878685 94.805580555313255786 93.890252450300636156 93.715073356440697694 93.716050648956752411 93.65805064231869892 93.664312382886350861 93.034944824988670575 92.556841502770183183 91.702514613115951647 90.134011186517653869 88.627624575007459384 86.905342800067700182 85.173020193307976911 83.650734433521321876 82.227396000497449791 81.365975943237231149 81.35552737994328254 81.212508367152551614
nan nan nan nan nan nan nan nan nan nan nan nan nan nan nan nan nan nan nan nan nan nan nan nan nan nan nan nan nan nan nan nan nan nan nan nan nan nan nan nan nan 100.38326641628071911 99.063863283521982339 97.344845823996351442 96.424959383833723336 95.518307890854003972 94.894846734440164937 94.698545412900557494 95.133379008015481304 94.839440119495108661 92.920144685060989787 91.782556220922572265 91.64882888641099612 90.791189253534156478 89.473434719909789692 88.18311985834253619 86.566775231740592744 84.803680519644203173 83.233926847139500182 81.914422349222647313 81.726297941063464236 81.655200091817178532 81.511122378788058995
nan nan nan nan nan nan nan nan nan nan nan nan nan nan nan nan nan nan nan nan nan nan nan nan nan nan nan nan nan nan nan nan nan nan nan nan nan nan nan nan nan 101.32010288360466177 100.31124124583067214 99.134917767684697765 97.445937579456881394 96.108364455898410483 95.65348558847946947 95.735860832900570472 95.158447946814831653 93.309514734299298766 91.450113252337132508 90.662894752464183057 90.307580674534889909 89.946360667493152619 88.889601033170762889 87.378417001234353734 85.848730083536324287 84.300891085830130578 82.749812125125160378 82.051962978520435854 82.021406057393278388 81.911903754073236428 81.815343511355209216
nan nan nan nan nan nan nan nan nan nan nan nan nan nan nan nan nan nan nan nan nan nan nan nan nan nan nan nan nan nan nan nan nan nan nan nan nan nan nan nan nan 101.25102416654408444 100.67504238273794215 99.351523720301770481 97.879203879094887952 96.928076488410880529 95.947329478872831032 94.676135407663622345 93.422875187123821661 91.904438928554640142 90.526143918937336252 89.583794478335505573 88.742599583760025439 88.429144097303336025 87.810494710108997651 86.964733021953776415 85.657346566576308078 84.077004983679458405 82.492212681316232192 82.341446235016505284 82.294429468513030201 82.23178138284268357 82.125977836481112604
nan nan nan nan nan nan nan nan nan nan nan nan nan nan nan nan nan nan nan nan nan nan nan nan nan nan nan nan nan nan nan nan nan nan nan nan nan nan nan nan 100.70957467163462695 100.27657643943173582 99.688863168651735691 98.207588670310300927 96.897767578654054432 95.587204487580066825 94.530660993536471892 93.907307613036081761 92.832725070380448074 91.494623774697515728 90.082215109742691084 88.753455888067946944 87.97310537243410522 87.45188021646795562 86.879582344859812792 86.063254645192088788 84.987635200368529809 83.597832081900364187 82.62250605493542821 82.665137635277716299 82.598563262790889894 82.547697380767488085 82.437910151134076386
nan nan nan nan nan nan nan nan nan nan nan nan nan nan nan nan nan nan nan nan nan nan nan nan nan nan nan nan nan nan nan nan nan nan nan nan nan nan nan 99.315965493314820378 99.368261975802596453 99.169044974978703522 98.700900387706354877 97.69706366854941848 96.452024542428262066 95.227997868689968186 94.187665421518218523 93.53181456091138557 92.653166777442294233 91.406930573806064899 90.201198579450220905 89.063169402142548847 87.902263696411608862 86.931381394736078505 86.246231146063720985 85.51732575726346397 84.401651233977744937 83.059591813880260247 83.005428586790486634 83.013529441978988643 82.948185670896123156 82.873154943431728725 82.709635320788834179
nan nan nan nan nan nan nan nan nan nan nan nan nan nan nan nan nan nan nan nan nan nan nan nan nan nan nan nan nan nan nan nan nan nan nan nan nan 99.111214495232857757 98.259120476485463769 97.89588983064389538 97.918566274976299724 97.870766636000382732 97.653249621625690224 97.260761187946059181 96.628146862625655444 95.457516419839564037 94.323111927845502578 93.303702226653200569 92.314776648905208845 91.501696120737435081 90.454855094054593678 89.437113512819863104 88.1783861442020509 86.916154112333671833 86.077105684487662529 85.07096123900191742 83.758670874907267034 83.274799571325814895 83.36485615508014746 83.335184592027999884 83.297933381277090348 83.19135209928600716 82.97024998883316016
nan nan nan nan nan nan nan nan nan nan nan nan nan nan nan nan nan nan nan nan nan nan nan nan nan nan nan nan nan nan nan nan nan nan nan nan 98.441665125867061192 98.037602994605180129 96.992355983301720812 96.669707427250614273 96.53933336227834161 96.576428478734868577 96.495130489091209824 96.275257444018194519 95.914210227377651563 95.851403789264296051 94.902266486321721572 93.417569950221505337 92.151514566506733672 91.320837949876093376 90.335632830289341655 89.569405740037751684 88.315701039192092026 86.713575523413084056 85.802660768453051787 84.990185378506097891 83.835132231000272895 83.615785858929783103 83.643152111375727031 83.678549166094782663 83.675322208325169981 83.518490067983989888 83.303567602779097001
nan nan nan nan nan nan nan nan nan nan nan nan nan nan nan nan nan nan nan nan nan nan nan nan nan nan nan nan nan nan nan nan nan nan 97.818786414288425135 97.261657697635484965 96.963371153565930172 96.423018038145471564 95.801312328035791666 95.595313654601554276 95.373801895066449674 95.376256751526213407 95.352565062669569329 95.280204641578833957 94.966769356191122142 94.492006576610776847 94.864892805420637956 94.41075509574652358 92.920243042335187056 91.73616878316474299 90.736820341637596243 89.67161611392185705 88.4667090954260118 87.75129172324857052 86.436591308404629785 85.26032195504527067 83.895262448444995584 83.955797027072208039 84.050733001591510174 84.151796446433905885 84.10503507066931661 83.888759457975112355 83.785675941493536811
nan nan nan nan nan nan nan nan nan nan nan nan nan nan nan nan nan nan nan nan nan nan nan nan nan nan nan nan nan nan nan nan 98.744808435267813707 98.325466077979925217 97.302375198452821792 96.528697923455425212 96.080268398994945755 95.282805887089651264 94.73086630241213868 94.503931365022069144 94.44798718475340138 94.298876727569322043 94.205796309696253843 94.125094246784328789 93.807118034603504952 93.39431717583609327 92.85927255949728476 92.952824922846616573 92.539077302927665869 91.900715095031202395 90.985469083198310614 90.264123835781873595 89.60031954870136417 88.589207722697594249 87.223373722734436342 85.886187854075743076 84.519633005740104181 84.705837356954219786 84.636975584795663963 84.678332914872342485 84.595763947335157695 84.342512731968156459 84.248864889815735069
nan nan nan nan nan nan nan nan nan nan nan nan nan nan nan nan nan nan nan nan nan nan nan nan nan nan 107.24129930146460765 105.33564765791535933 103.38857167150695204 101.62095438031703054 100.43191747943387782 99.200336880281838603 98.526042939713818214 97.738022892963783761 96.87243088093634924 95.953800490387834543 95.368860967635853854 94.289914693842206361 93.662025633284656578 93.477381168888754814 93.499109710360272629 93.624366424227048356 93.499730964238622732 93.305162873740982832 92.705743123668497674 92.21666116760461307 91.589855407568776968 90.984924010276571948 90.973201307056001497 90.97886118712513337 90.057973365578163794 89.523980722386497177 88.92123825693167305 88.064086780137387223 87.155802515979999612 85.930406249920551431 85.324625913419211543 85.248344428986342791 85.122300488954394382 85.147533998523286414 85.079362858657745505 84.870395123542920146 84.749564467656213651
nan nan nan nan nan nan nan nan nan nan nan nan nan nan nan nan nan nan nan nan nan nan nan nan nan nan 107.23603239944753795 104.90789653766090339 103.14546604196191026 101.15766111360285606 99.996324543007190755 99.028893781227864679 98.155416046859087942 97.228353641756569914 96.537712604907653713 95.718693537561719609 94.851638475180209298 93.692324051461753243 93.44392728785138047 93.219440534468688497 92.874390476314616194 92.707997637125600932 92.715171964103774371 92.536472490454812601 91.97695465308220264 91.417917036685082621 90.882176126869126165 90.077895122273829998 89.827440931894244613 89.97904845197207635 89.564339957227787181 88.79509191096815357 88.192888443919159158 87.358983397646923663 86.622520917072364455 85.903277374991986903 85.777544420546803394 85.567103667010940171 85.490229787846729437 85.499760765204570134 85.427262695386062319 85.246117898885913178 85.374511765558978027
nan nan nan nan nan nan nan nan nan nan nan nan nan nan nan nan nan nan nan nan nan nan nan nan nan nan 107.36034532678050368 105.68108054911768079 103.73479743871178016 101.64579924912109732 100.06119189278201986 98.888049465884506617 97.975465238775697685 96.98275001913545168 96.089928664677145775 95.600630141501511616 94.711236683961629979 93.670273103944538207 93.26457682345589717 92.877555540732586792 92.408290743054138261 92.096062669240112086 91.883409401963362484 91.614607789392877635 91.160524581136414213 90.552746953058317558 89.909059134763268162 89.183978647388883587 88.913905249613222281 88.908972783964401287 88.594490850530775106 87.951716255382478948 87.234146105801045223 86.64126042313600351 86.482284898338718904 86.352799060486304938 86.063136785247920102 85.843465645026455491 85.783365287975755109 85.728829214787424462 85.615266374055011056 85.584948566588209928 86.039932152412873734
nan nan nan nan nan nan nan nan nan nan nan nan nan nan nan nan nan nan nan nan nan nan nan nan nan nan 107.06199267268928565 106.39789813858739365 104.57423557477031295 102.04298328511249849 100.52157896506504642 99.224286656833470488 97.751158116850263013 96.581300137594951138 95.760656175334361251 95.29009706862014184 94.701874314574496339 93.876961940457107403 92.838696418397361754 92.440356179091622835 92.160726762354357788 91.888216604565982948 91.481117578876322227 91.174745718707526976 90.508172279150414852 89.988347884068872418 89.297293543824963535 88.646436139774095864 88.339483551969649966 88.11785175010706439 87.90246301686849506 87.48587247300712022 87.076160080783139961 86.857886053960385198 86.725254845130308468 86.495910357261962531 86.26273451944589965 86.122761145358865065 86.007357197213437416 85.883525400296207408 85.774008955998439774 86.120236079789052042 86.854124053936573091
nan nan nan nan nan nan nan nan nan nan nan nan nan nan nan nan nan nan nan nan nan nan nan nan nan nan nan 105.6830317356939446 103.51946328160379096 101.19330907448278367 99.919904084450081427 99.186614657921182925 98.70255481942218978 97.070327481927122903 95.758243164185344654 94.806490044897060443 94.399835077589855814 93.862456575907643241 92.781366091733090684 92.096820691580191465 92.048048408659724373 91.823804168666413261 91.467113802913800669 91.044706345290890681 90.454788112122230359 89.801367833589154088 89.291299909261113044 88.722085798947318835 88.401283481298563061 88.202398770581467602 87.983343189164799014 87.686734011849452486 87.301856102790651448 87.040799777328516029 86.844296584833301722 86.638434661831894346 86.480910737639405284 86.341184568731790705 86.20193982254458831 85.987254715321597587 86.348424649724464075 87.231372831382444133 88.164773457579158844
