results/rofental/precip_month_2020-02-01T0000_2020-02-29T2300.asc
ncols        322
nrows        225
xllcorner    622802.488000000012
yllcorner    5178049.378999999724
cellsize     100.000000000000
[rows 112 to 139 of 225, columns 189 to 251 of 322]
73.113233441212258867 70.505026483519202429 68.311503356659130759 66.251485276679503045 67.42098863161785971 69.314717923202934458 70.78745226162310189 72.608668310916471 75.707373372748421048 78.77414431494072744 81.382296147421698151 84.018651784219855472 83.864667790264775249 83.201235636047115918 82.299277840218692859 80.987280088750793539 80.995293630719601197 84.100744936011949449 86.334464509369865937 87.500294021314275028 88.078397020326477218 87.27957848332889057 85.344975553784848898 84.787619938306406198 86.524688392223808364 88.209941773288164768 86.753533119383604344 nan nan nan nan nan nan nan nan nan nan nan nan nan nan nan nan nan nan nan nan nan nan nan nan nan nan nan nan nan nan nan nan nan nan nan nan
70.980940531744650457 68.820758434406400283 66.988987744838183858 68.368136770164298355 69.018308711327861715 71.106414342750497326 73.455875559340796599 75.496282971440294318 79.235162069686367659 81.81386739315576051 83.926804617426043365 85.485888336930756282 85.315955560454483475 84.829413388167353105 84.442960925271023598 82.948149288272560398 82.568645562441261632 84.102201373931663397 87.194623753144384182 89.965227133438474993 89.312058252544673564 87.8275929143335361 86.982979306681627918 87.573050344631553799 89.939611525965034389 nan nan nan nan nan nan nan nan nan nan nan nan nan nan nan nan nan nan nan nan nan nan nan nan nan nan nan nan nan nan nan nan nan nan nan nan nan nan
68.91332094873716585 67.2189284553062123 68.833738677045644749 70.083616629957148803 71.412167842236513593 73.424538619229224423 75.869884131203519928 78.652440819330436739 81.328037475731946415 83.890171996959352896 86.196653743116101509 87.093984001198649025 86.502416843677465863 85.8624284029163789 85.626447688113543677 84.545153044712378687 84.124069689319028953 84.249951186684270965 87.62012902445242446 91.124033741842382028 90.102321326928503709 88.421877895095434496 88.275179783266793265 90.059363428209323388 92.871547377217154917 nan nan nan nan nan nan nan nan nan nan nan nan nan nan nan nan nan nan nan nan nan nan nan nan nan nan nan nan nan nan nan nan nan nan nan nan nan nan
67.584018927342597749 68.798257270283883713 70.137532450495314151 71.754818695426223485 73.53025169399793981 75.81088633144931066 78.060492587896234795 79.858995031640674256 82.158588956275906412 84.976215292755711062 87.360327203735181456 88.421018878757948301 87.899887357958803591 87.871555779516370421 86.951918730220086218 85.929219667903453228 85.753315232597159934 85.436373407673727343 87.740790519644860979 91.589564472167083409 92.056917328594749961 90.611944348818042272 90.450776495795849996 91.865185324200581363 95.048490701622938559 nan nan nan nan nan nan nan nan nan nan nan nan nan nan nan nan nan nan nan nan nan nan nan nan nan nan nan nan nan nan nan nan nan nan nan nan nan nan
70.113738825027212442 70.949759445356789911 72.110812916233783199 74.406521123211902591 76.622383980647498447 78.654092533403328957 80.896583115619804971 82.860832875959800958 83.938287305048859821 85.332496951177532196 87.037830265173241173 89.660443573915742377 90.18207665364279535 89.683349797092091649 88.386434154619479386 87.435714972021642666 87.181612790650532929 87.295151232700618493 89.377426288067795213 93.238506091580788393 95.051605700705991353 93.698418994945171789 93.668892945655116478 95.299733374153419163 96.080942915086382072 nan nan nan nan nan nan nan nan nan nan nan nan nan nan nan nan nan nan nan nan nan nan nan nan nan nan nan nan nan nan nan nan nan nan nan nan nan nan
72.404063989265679879 73.409479478070323921 74.543392292172327984 78.029857233383879134 80.080966370620572548 81.721293047749270499 84.0145589401236208 85.566891162720608577 87.054457006763072968 88.383515451276295494 89.622376931903133368 90.561497012413909147 92.050519435757422571 91.161700589209630152 90.449036621229851107 89.708690380019433519 89.174736855385958734 89.341682218696959694 91.077604388483564435 94.582920002395596271 98.216926287307217081 98.205439237003986364 97.928678276051840612 98.833694939196192308 nan nan nan nan nan nan nan nan nan nan nan nan nan nan nan nan nan nan nan nan nan nan nan nan nan nan nan nan nan nan nan nan nan nan nan nan nan nan nan
74.818081311932189692 76.241423093070991968 78.554845940508357671 81.250988902727812047 83.166987975110245657 84.771423590734798381 86.507224769208363568 88.108128641436138651 89.830794068808685893 90.860289710338534519 92.487498266564088567 92.758166146581245926 92.702322156136943931 92.501515270164574645 92.161362541924873426 91.492982600388884862 90.841210268853444632 91.295249300240001844 93.593632366037056158 96.373014236101354868 99.951519655014678278 102.27261309817784252 102.11377834114465202 nan nan nan nan nan nan nan nan nan nan nan nan nan nan nan nan nan nan nan nan nan nan nan nan nan nan nan nan nan nan nan nan nan nan nan nan nan nan nan nan
77.143856216356780919 79.649782711930669166 82.581527014537471132 84.436440623441555431 85.89141029364147073 87.233269408369977782 89.0624325188909296 90.851392034692338484 91.873951298068789129 93.317509388664063863 94.009573920052702078 93.687822208637129506 93.361546108767797136 93.650839642744401203 93.189986326511913717 92.720540239429254825 92.263023054201369177 93.140246335832458158 95.756256517566441744 99.526164358022128908 102.4406874763331956 105.21963632914599884 nan nan nan nan nan nan nan nan nan nan nan nan nan nan nan nan nan nan nan nan nan nan nan nan nan nan nan nan nan nan nan nan nan nan nan nan nan nan nan nan nan
79.898494960283571231 83.317221264390767033 85.788706603952519458 87.427002323839261066 88.397086404751121336 89.773687808820838541 91.485112677739408582 92.928598914347418258 94.792187633305715622 95.497846124080297159 95.192203227537660837 94.319550065873414724 94.122356342854843092 94.875855847523439479 94.483118463365102002 94.466055463424069671 94.059790426147358744 96.124506557689187503 99.343630207877382077 101.10466642967770667 104.61683336167469349 108.07822172578971731 nan nan nan nan nan nan nan nan nan nan nan nan nan nan nan nan nan nan nan nan nan nan nan nan nan nan nan nan nan nan nan nan nan nan nan nan nan nan nan nan nan
83.021279450284410473 86.04143733174507247 88.427234859003419842 89.78547588924081424 90.948589897303108387 92.173081722727417286 93.74567143003710612 95.206441618946868743 97.983296719079476134 96.546123484966727801 95.969624500474736806 95.031282386532396345 94.774151507080290457 95.584670897186171601 96.02448518840452607 96.208069978840413228 96.038330635541470315 98.096909172982861946 101.60165228288974504 103.46823924972676423 106.73479601349778534 110.02049662426443888 nan nan nan nan nan nan nan nan nan nan nan nan nan nan nan nan nan nan nan nan nan nan nan nan nan nan nan nan nan nan nan nan nan nan nan nan nan nan nan nan nan
84.421816288677518969 87.684941608950424552 89.551968520194293433 91.517966679495273752 92.964156875762654408 94.308752492023259606 96.298966118397643754 98.557035844300514782 99.702908244176825292 97.351393725815043467 96.825916508585322617 95.839340389298229184 96.002395724822349621 97.120820646625517725 97.313591357932779147 97.223428530228332534 97.650525999415776823 99.143218014723075271 102.86305764926811435 104.9676766322116066 107.87411802487252999 110.58902161142839304 nan nan nan nan nan nan nan nan nan nan nan nan nan nan nan nan nan nan nan nan nan nan nan nan nan nan nan nan nan nan nan nan nan nan nan nan nan nan nan nan nan
85.85750956056371308 88.463704448114697243 90.163505746516904082 92.937898619427585345 94.641678835511285683 96.235562803899810547 98.999377764626899534 101.04499767781054231 99.87529287425104485 98.39633867941343226 98.0004413690370626 97.675740369705124522 98.348243079887566864 98.780585305136781926 98.671766246003954848 98.411767544388666806 99.19985861305144681 99.940187934939160641 101.2528357286571179 103.76355254126586658 106.45268498334772289 109.50223784219572565 nan nan nan nan nan nan nan nan nan nan nan nan nan nan nan nan nan nan nan nan nan nan nan nan nan nan nan nan nan nan nan nan nan nan nan nan nan nan nan nan nan
87.160866568836183887 89.367481352616707113 91.584451092189141264 94.213292628749414348 96.001355744627332456 98.75688890735969494 102.09458912652203821 102.87457025449040771 100.61308703251657448 99.331161827771310868 98.675338973441569124 98.904922667405926973 99.395747138318611746 99.774705502287545755 99.603051417051261751 99.206690223285846741 99.82842214090422317 100.94492563289199438 101.19020481093436103 102.8337333427226099 106.25931845828672806 109.0939735544509972 nan nan nan nan nan nan nan nan nan nan nan nan nan nan nan nan nan nan nan nan nan nan nan nan nan nan nan nan nan nan nan nan nan nan nan nan nan nan nan nan nan
88.059652707562918295 90.486030582219697749 93.046391165066168583 95.452920083214820579 97.445615099834171247 100.8774313158588285 103.5557440484656837 102.70121902830778993 102.02883274909146394 100.78104663770572813 100.39453486944695726 100.45906633973341116 100.64403290893970677 100.75587052211392347 100.34468411670337673 100.14249476505136727 101.02139807974563723 101.75330859679485229 102.26751924096367929 102.9575048694869821 106.75677453167402575 109.20332724154891935 nan nan nan nan nan nan nan nan nan nan nan nan nan nan nan nan nan nan nan nan nan nan nan nan nan nan nan nan nan nan nan nan nan nan nan nan nan nan nan nan nan
88.591497213023345125 91.398248392373545812 94.423228068117481371 96.669989480591169695 99.074816096713661295 102.10438677166897037 104.81836962708571548 104.02405671997915704 103.14506269373895009 102.42368325318474831 101.96285219199602068 101.62854300360815785 101.6261841643387811 101.46529530441887346 101.12061701657597723 101.47182991757432546 103.6560260993180691 103.57173804243167581 104.01281599494301133 104.29051805562897925 106.34663414488355215 nan nan nan nan nan nan nan nan nan nan nan nan nan nan nan nan nan nan nan nan nan nan nan nan nan nan nan nan nan nan nan nan nan nan nan nan nan nan nan nan nan nan
89.168844456192857706 92.358086592011460425 94.90987237989611458 97.637802495883718734 100.21512599228796603 102.82023278523634247 105.74479860008668197 106.0918961309423878 104.41804211823938431 103.77936955918202955 103.14504220372890586 102.61428937101877068 102.25763579141096216 102.07511800081731224 101.93671924979295795 102.85792145726811952 105.12746378041109097 105.79329977176719524 105.53376461259506414 105.84162066407806435 107.77329367698723672 nan nan nan nan nan nan nan nan nan nan nan nan nan nan nan nan nan nan nan nan nan nan nan nan nan nan nan nan nan nan nan nan nan nan nan nan nan nan nan nan nan nan
91.438103749433295775 93.276014972395600466 95.792475663133956232 98.662940221012803477 102.34109289846219326 104.74007815896939633 107.42600336685990214 106.10892421759461968 105.23843874056751702 104.48039794401690017 103.86084939147326622 103.23390612121529841 102.8861685537225128 102.77112832594113456 102.76246783647131622 103.65315840032472749 105.73889855547326988 107.70314618419931207 107.33927154346413602 107.71091529842628631 108.97634666778026258 nan nan nan nan nan nan nan nan nan nan nan nan nan nan nan nan nan nan nan nan nan nan nan nan nan nan nan nan nan nan nan nan nan nan nan nan nan nan nan nan nan nan
92.611608444067968549 94.712076192931647256 96.798721861257874366 99.133977671618595195 102.51534248192970722 105.45678681879465444 107.64655735339262321 107.19734007180342417 105.91775478351057416 104.81219827711537107 104.24793723401909062 103.64054613034340946 103.49301562837169399 103.44946848370921089 103.76360849426636435 104.75650743894766492 106.06860306285618378 108.9129916657299475 109.83604260266811536 nan nan nan nan nan nan nan nan nan nan nan nan nan nan nan nan nan nan nan nan nan nan nan nan nan nan nan nan nan nan nan nan nan nan nan nan nan nan nan nan nan nan nan nan
93.767330151722717346 95.383574356596696475 97.339861854359398308 100.08040053257333568 102.65778305396617043 104.94647662276517508 107.04847021475970337 108.15109912932283009 106.77659749592174876 105.53704252880802983 105.06401502834643225 104.5872739485367191 104.30862250568569038 104.55776836645323158 105.66676544268794657 106.10438995165962695 107.03323662134353356 109.81947161661203438 nan nan nan nan nan nan nan nan nan nan nan nan nan nan nan nan nan nan nan nan nan nan nan nan nan nan nan nan nan nan nan nan nan nan nan nan nan nan nan nan nan nan nan nan nan
93.57638516560541575 95.768291787777769741 97.703050473307257562 99.883421639515376 101.11283977849863902 102.92987295031922201 105.88389531325596238 108.83286884393444893 107.99563020007811076 107.03202437469755637 106.2990446398216875 105.95494602153023322 106.62843469649104122 108.13702592668069258 108.08381945556273251 107.38886490663438167 108.3924973343728908 nan nan nan nan nan nan nan nan nan nan nan nan nan nan nan nan nan nan nan nan nan nan nan nan nan nan nan nan nan nan nan nan nan nan nan nan nan nan nan nan nan nan nan nan nan nan
95.276038411998229094 96.860862701092784732 98.131270277196250618 99.727720615221528533 100.76452951554720983 102.85142388484734965 105.86764313779796964 108.72970741497169911 109.2836297304717732 108.6889570451530318 108.21933065975937893 108.18381914296662671 nan nan nan 108.42009228125598952 nan nan nan nan nan nan nan nan nan nan nan nan nan nan nan nan nan nan nan nan nan nan nan nan nan nan nan nan nan nan nan nan nan nan nan nan nan nan nan nan nan nan nan nan nan nan nan
96.516602685419456975 97.384729215250459333 98.347691163654019419 99.545270266402582138 101.39221410706129234 103.88207146719463481 106.46406992153950455 109.42611419442623344 111.08165226678922011 nan nan nan nan nan nan nan nan nan nan nan nan nan nan nan nan nan nan nan nan nan nan nan nan nan nan nan nan nan nan nan nan nan nan nan nan nan nan nan nan nan nan nan nan nan nan nan nan nan nan nan nan nan nan
96.178333806317908738 97.649608830211889199 98.764726980437231418 99.890259720438010049 102.34068841468059929 105.03294617008680234 107.51703091636726128 110.24318671650281942 nan nan nan nan nan nan nan nan nan nan nan nan nan nan nan nan nan nan nan nan nan nan nan nan nan nan nan nan nan nan nan nan nan nan nan nan nan nan nan nan nan nan nan nan nan nan nan nan nan nan nan nan nan nan nan
96.664057840476203864 97.778779336147067625 99.19296761001820073 100.68926624952790405 103.45430318920604407 106.07014430973417518 108.46674948788543702 110.28769843790817617 nan nan nan nan nan nan nan nan nan nan nan nan nan nan nan nan nan nan nan nan nan nan nan nan nan nan nan nan nan nan nan nan nan nan nan nan nan nan nan nan nan nan nan nan nan nan nan nan nan nan nan nan nan nan nan
97.223560222856278301 97.915627884185440166 98.94059003704633426 100.26996881224144431 101.92033125268689275 104.49737899098013827 107.04135626560227479 109.99552371172221399 nan nan nan nan nan nan nan nan nan nan nan nan nan nan nan nan nan nan nan nan nan nan nan nan nan nan nan nan nan nan nan nan nan nan nan nan nan nan nan nan nan nan nan nan nan nan nan nan nan nan nan nan nan nan nan
97.723124788547679032 98.348642308865493078 99.012900130779399888 99.72129518354239508 100.94519383146305813 103.36867884562617803 106.74467820671951301 110.01563687109295131 112.6969293130359091 nan nan nan nan nan nan nan nan nan nan nan nan nan nan nan nan nan nan nan nan nan nan nan nan nan nan nan nan nan nan nan nan nan nan nan nan nan nan nan nan nan nan nan nan nan nan nan nan nan nan nan nan nan nan
98.406232849785865824 98.923201878358824501 99.8649073210365259 100.44205482376149519 100.88207689475471796 102.48275999273165837 105.64255403536614608 108.6582665623483166 111.95026493957445268 nan nan nan nan nan nan nan nan nan nan nan nan nan nan nan nan nan nan nan nan nan nan nan nan nan nan nan nan nan nan nan nan nan nan nan nan nan nan nan nan nan nan nan nan nan nan nan nan nan nan nan nan nan nan
99.11539644277438299 99.725498837357491766 100.56281307566726468 101.04330942160903817 101.37514018130052307 102.43638795521107454 105.77243751160625607 108.94850402247205068 112.31603504080089806 nan nan nan nan nan nan nan nan nan nan nan nan nan nan nan nan nan nan nan nan nan nan nan nan nan nan nan nan nan nan nan nan nan nan nan nan nan nan nan nan nan nan nan nan nan nan nan nan nan nan nan nan nan nan
