results/rofental/precip_month_2020-04-01T0000_2020-04-30T2300.asc
ncols        322
nrows        225
xllcorner    622802.488000000012
yllcorner    5178049.378999999724
cellsize     100.000000000000
[rows 112 to 139 of 225, columns 189 to 251 of 322]
23.722366804606622281 23.149863462317750162 22.683855100486248091 22.254940665998528715 22.624742750151774828 23.177653898215577755 23.631987755127092043 24.177010297492646629 25.041543457978448828 25.90325807687039017 26.657113778314126762 27.422926868612709228 27.506654370451538938 27.469690166753697014 27.378486208647586864 27.190479217172999427 27.331188933030311716 28.237701310944320454 28.932159375260685152 29.365535707724816916 29.655211883128266948 29.605944851636110116 29.276068175354986067 29.283180245337206316 29.851897930131912062 30.403311277116767286 30.175392806764048004 nan nan nan nan nan nan nan nan nan nan nan nan nan nan nan nan nan nan nan nan nan nan nan nan nan nan nan nan nan nan nan nan nan nan nan nan
23.171110314586982781 22.702391797097273951 22.318408863815793808 22.728266198808601217 22.963218738264949081 23.55694164345036512 24.21961605198808698 24.810919955595434061 25.825202449310062036 26.558700933319727255 27.182388816908161999 27.674536039493432327 27.745710896820519054 27.743489202920773806 27.770225867479279458 27.528076562468058341 27.56411503473501412 28.074255967648763743 28.970703878408119891 29.789735182915798362 29.766845941680625032 29.53943350065386042 29.468728418116828749 29.74936732794500216 30.464379469799105493 nan nan nan nan nan nan nan nan nan nan nan nan nan nan nan nan nan nan nan nan nan nan nan nan nan nan nan nan nan nan nan nan nan nan nan nan nan nan
22.633598178307757109 22.272629008862438127 22.729374725155519599 23.100517009347999675 23.495545263149750781 24.0632401436078176 24.741970431039021605 25.508264940502368034 26.252845213177920414 26.97415538650222544 27.637192179400468461 27.957916214708912861 27.91659751047763649 27.867731450959105644 27.922483447891387698 27.772964980086516817 27.789464258416639808 27.943634338621876623 28.899017350127564896 29.889129594573663695 29.766079620771179748 29.481087069654325461 29.573038912762907415 30.138723712204548377 30.954793319934644558 nan nan nan nan nan nan nan nan nan nan nan nan nan nan nan nan nan nan nan nan nan nan nan nan nan nan nan nan nan nan nan nan nan nan nan nan nan nan
22.274956234592512061 22.622595997644420862 23.004675623028884246 23.45953722070955294 23.95737052667492506 24.58372417710760871 25.206694967545637098 25.722957188971612652 26.367019336556285936 27.143094146748840245 27.816910335337144744 28.169329182319305716 28.136640906755847169 28.229481697592181177 28.10686826754598755 27.962591211457567653 28.030156217144085673 28.065920674361446885 28.74948374261105144 29.815080095622192857 30.049270901629899555 29.812983498139352889 29.892270835114718608 30.358045923621869377 31.256920337249486153 nan nan nan nan nan nan nan nan nan nan nan nan nan nan nan nan nan nan nan nan nan nan nan nan nan nan nan nan nan nan nan nan nan nan nan nan nan nan
22.862661323468916663 23.110570288797141814 23.442412950534901483 24.057307303899197137 24.656374351115381671 25.214059709977178159 25.827711416415741752 26.377023426586692523 26.712236534898206486 27.129711714402130696 27.628068477966376548 28.356510967535289325 28.571847178610841667 28.539997333534365964 28.315468484345601041 28.179757006912218742 28.218811553461186747 28.351235748046946128 28.970749190566870368 30.030031891630070362 30.586272509220510329 30.363422530700120205 30.466139174867283401 30.976463006380487997 31.275503132423200015 nan nan nan nan nan nan nan nan nan nan nan nan nan nan nan nan nan nan nan nan nan nan nan nan nan nan nan nan nan nan nan nan nan nan nan nan nan nan
23.388866443180443611 23.672189778349689959 23.990531792971630409 24.891602388002642243 25.442930413770930897 25.896892486722041582 26.515490591847047597 26.955637218090132023 27.383877133961075145 27.777172927174088812 28.152352974005058428 28.457798861244199884 28.902626485848319504 28.76589125209806852 28.67622597880518498 28.58321135838737348 28.544179591401192653 28.680513462336698183 29.205498851356153978 30.167965933002140133 31.163377440874803881 31.261849091816422685 31.294876790771876784 31.617936738270433494 nan nan nan nan nan nan nan nan nan nan nan nan nan nan nan nan nan nan nan nan nan nan nan nan nan nan nan nan nan nan nan nan nan nan nan nan nan nan nan
23.942994703303604354 24.322628410089478734 24.924604694345120492 25.62414047796166372 26.13505940925454496 26.572846576464730362 27.046659635088161622 27.491033807307289294 27.969230191298528609 28.280654382279461601 28.743144493574483533 28.875535303972352352 28.931367133924027257 28.955235277025664686 28.948369419281497983 28.864057433655219143 28.786930826400219274 28.98482447222602687 29.639169118595489749 30.413833467598834659 31.386602770567062493 32.050540285679296915 32.103983217871807199 nan nan nan nan nan nan nan nan nan nan nan nan nan nan nan nan nan nan nan nan nan nan nan nan nan nan nan nan nan nan nan nan nan nan nan nan nan nan nan nan
24.472483653478068533 25.112131456478675062 25.859624504587976901 26.345132095517310944 26.735431631976563693 27.101260094091092157 27.590549119727192817 28.073516061743706729 28.371441904431321746 28.776722143497913464 29.000708319498055943 28.978808739600019351 28.959473113016414914 29.095287245454560576 29.049874051416175291 29.005625856436463295 28.967357605406313326 29.260455078074393498 29.984036912454559598 30.993676190695857997 31.794187827502426558 32.562238347508767333 nan nan nan nan nan nan nan nan nan nan nan nan nan nan nan nan nan nan nan nan nan nan nan nan nan nan nan nan nan nan nan nan nan nan nan nan nan nan nan nan nan
25.104640220651077698 25.962555393052468844 26.590058280625189724 27.015356799518329467 27.279193798133068327 27.646291239393590899 28.099106895839703668 28.489334397962956302 28.986453470564065071 29.202005038898278144 29.17212607231105892 29.006210776272020269 29.01013560700866023 29.251600673032836397 29.214224729031634809 29.27255615071156214 29.238073195143112315 29.814706662919522984 30.677990488886713649 31.184335723903298998 32.123426769673272929 33.051122100179966878 nan nan nan nan nan nan nan nan nan nan nan nan nan nan nan nan nan nan nan nan nan nan nan nan nan nan nan nan nan nan nan nan nan nan nan nan nan nan nan nan nan
25.824525445385440037 26.577888582101287795 27.177659747096562626 27.527160812498159714 27.831466515560041586 28.153851292344302948 28.565021160621970608 28.951845590074615444 29.665971176775439488 29.345927926283291498 29.241182928234014327 29.050770243225340295 29.031488770838997482 29.27844067026940067 29.43741532334021116 29.536473235115497715 29.551537465474599031 30.117997932232750458 31.043006624739057031 31.566853402726167133 32.437146918729496292 33.313469418531973076 nan nan nan nan nan nan nan nan nan nan nan nan nan nan nan nan nan nan nan nan nan nan nan nan nan nan nan nan nan nan nan nan nan nan nan nan nan nan nan nan nan
26.117501235962297557 26.92429634647474046 27.389735601996044068 27.882043992531105658 28.24900540538576621 28.593713289914589382 29.100256528070950424 29.675740905314683005 29.980491065856032407 29.427346652312188269 29.327027468847678193 29.116472017984772691 29.192265728307116746 29.506564235245747341 29.596197923495285664 29.619315415573051808 29.772791618820249937 30.191444199393064451 31.161016996854009165 31.73520945569661933 32.508763998251545502 33.236708739508586063 nan nan nan nan nan nan nan nan nan nan nan nan nan nan nan nan nan nan nan nan nan nan nan nan nan nan nan nan nan nan nan nan nan nan nan nan nan nan nan nan nan
26.416293573205912537 27.054982961264428809 27.472657449243961025 28.157181241615539591 28.580530746844353018 28.9793741477974649 29.668942388338084726 30.184493744866333742 29.9113369999699934 29.565064004983735657 29.488552406138637707 29.432741409321433679 29.625658479304718185 29.762669418372627916 29.769644394366942208 29.742539676408775051 29.976520893934118561 30.201638230594141987 30.570364316410575611 31.236516550204235898 31.948752415657281745 32.75152953185097715 nan nan nan nan nan nan nan nan nan nan nan nan nan nan nan nan nan nan nan nan nan nan nan nan nan nan nan nan nan nan nan nan nan nan nan nan nan nan nan nan nan
26.67972643224408813 27.213678633991044364 27.752091355008047913 28.393961936851891181 28.831026091911809317 29.508628641034608364 30.332049179907897951 30.528370602111355225 29.978623534485191016 29.6729242857892892 29.524356577883501984 29.596850780790177282 29.736800678924922181 29.852386038655300382 29.835595654412045974 29.766644929584597179 29.951454738246361842 30.261075322355516448 30.359040084120529457 30.803904019948582516 31.689910058578657726 32.432511741035916941 nan nan nan nan nan nan nan nan nan nan nan nan nan nan nan nan nan nan nan nan nan nan nan nan nan nan nan nan nan nan nan nan nan nan nan nan nan nan nan nan nan
26.840853458527160313 27.422546826598352965 28.038900589451461798 28.619203249454212568 29.099595513652538159 29.936441461819491394 30.590063526240090397 30.376331075565719431 30.210040241784231085 29.904823285539151811 29.814526977161506238 29.83826540370457181 29.894736960453688113 29.936357598404679692 29.85240563730114971 29.823121081161716006 30.06319468458941202 30.270201633222590942 30.426625153778115163 30.629184684711891151 31.599918370904106268 32.24000038004632529 nan nan nan nan nan nan nan nan nan nan nan nan nan nan nan nan nan nan nan nan nan nan nan nan nan nan nan nan nan nan nan nan nan nan nan nan nan nan nan nan nan
26.909036633173442965 27.577992418712614864 28.302107595142775409 28.83621165023982158 29.410989027172142585 30.141510229802570109 30.796435445078049753 30.58987879423839118 30.364923545972679619 30.181390542415815759 30.064779860065641515 29.982237915616671842 29.98446985413030319 29.950823607536293025 29.875161507429098151 29.974116835875854292 30.527664537283310864 30.52598116750348467 30.65686212990398829 30.750624449856328368 31.285185326987214438 nan nan nan nan nan nan nan nan nan nan nan nan nan nan nan nan nan nan nan nan nan nan nan nan nan nan nan nan nan nan nan nan nan nan nan nan nan nan nan nan nan nan
26.985938456303582456 27.742641819785262669 28.343583265482081401 28.989246827561654385 29.59936594494013562 30.218049925693488689 30.917304965107749837 30.984089987186337112 30.555619068435802888 30.384521110913713215 30.217186039657832453 30.078221185504567359 29.985152236921816638 29.938131608742420298 29.905268687850977471 30.136672415442713913 30.703491276601006632 30.878938594733565282 30.830003756435811368 30.924145863519715505 31.421345692385390436 nan nan nan nan nan nan nan nan nan nan nan nan nan nan nan nan nan nan nan nan nan nan nan nan nan nan nan nan nan nan nan nan nan nan nan nan nan nan nan nan nan nan
27.477049939422009572 27.894575286284641891 28.480093834494986993 29.153886186016521265 30.027849546083956511 30.588397928340285148 31.221331214008291255 30.870665484730430705 30.632138511322882124 30.423704927067223736 30.25199739457634962 30.08130941964573779 29.982402882300092983 29.944009939631836659 29.935191878981555647 30.151317101617607364 30.66529140210986526 31.153042126654490573 31.071310819588980223 31.174359480940193379 31.501082274853850151 nan nan nan nan nan nan nan nan nan nan nan nan nan nan nan nan nan nan nan nan nan nan nan nan nan nan nan nan nan nan nan nan nan nan nan nan nan nan nan nan nan nan
27.696191630372524628 28.171823440620933354 28.644726114980507248 29.179713263465828277 29.973350121418054215 30.659999203837834614 31.16314668548271527 31.018376094517332575 30.671233684362608329 30.369263947043975804 30.203145069047632632 30.029238152374187365 29.971621541815952838 29.942901189032372855 30.005745073437221748 30.239382277269690746 30.555435588479873843 31.25268779059927482 31.480908102067061805 nan nan nan nan nan nan nan nan nan nan nan nan nan nan nan nan nan nan nan nan nan nan nan nan nan nan nan nan nan nan nan nan nan nan nan nan nan nan nan nan nan nan nan nan
27.908945993358386772 28.258749137750314162 28.692684397982514355 29.320338001980882581 29.908692278710518053 30.427095716461533215 30.900927829933788615 31.130387038652443721 30.751928622546653713 30.40895236070597818 30.257250680516346364 30.107476998025124004 30.00959880179510364 30.045061139316761256 30.29586810712767786 30.385251095598626137 30.59964266555115131 31.275559047289750225 nan nan nan nan nan nan nan nan nan nan nan nan nan nan nan nan nan nan nan nan nan nan nan nan nan nan nan nan nan nan nan nan nan nan nan nan nan nan nan nan nan nan nan nan nan
27.788339163933361675 28.273178871236375187 28.694851496552338688 29.177380329906000611 29.426428210344091951 29.821081374068171499 30.496898754852793445 31.173019390463423406 30.918827415349458221 30.635727823958259108 30.411950198226328723 30.286792480177812337 30.415373767549937156 30.753082156569121253 30.710087903954129018 30.513187002392438529 30.738826261948052121 nan nan nan nan nan nan nan nan nan nan nan nan nan nan nan nan nan nan nan nan nan nan nan nan nan nan nan nan nan nan nan nan nan nan nan nan nan nan nan nan nan nan nan nan nan nan
28.131630488253762223 28.460217002822371768 28.7112629425167043 29.042717720903755918 29.236812137898315456 29.690182924147002552 30.373432592368466487 31.020154730285906197 31.100392612807539194 30.900008183429910957 30.732959619125225004 30.675723222223052034 nan nan nan 30.576582224903379625 nan nan nan nan nan nan nan nan nan nan nan nan nan nan nan nan nan nan nan nan nan nan nan nan nan nan nan nan nan nan nan nan nan nan nan nan nan nan nan nan nan nan nan nan nan nan nan
28.360569089520431874 28.505816461647789595 28.674003345803384946 28.89983669183153836 29.285750637099475568 29.830504785900092912 30.398867986654583007 31.06211618789911455 31.405421066007725983 nan nan nan nan nan nan nan nan nan nan nan nan nan nan nan nan nan nan nan nan nan nan nan nan nan nan nan nan nan nan nan nan nan nan nan nan nan nan nan nan nan nan nan nan nan nan nan nan nan nan nan nan nan nan
28.199748274405045834 28.486507463000993567 28.684883389565481338 28.885449835949035702 29.41219366650561895 29.998843672342506039 30.535019684170620735 31.132010475006584471 nan nan nan nan nan nan nan nan nan nan nan nan nan nan nan nan nan nan nan nan nan nan nan nan nan nan nan nan nan nan nan nan nan nan nan nan nan nan nan nan nan nan nan nan nan nan nan nan nan nan nan nan nan nan nan
28.241062242583240049 28.432946809901618934 28.697573387979225856 28.981783173701170853 29.578122021018071308 30.137913543909089498 30.644370430391472127 31.010224250226514187 nan nan nan nan nan nan nan nan nan nan nan nan nan nan nan nan nan nan nan nan nan nan nan nan nan nan nan nan nan nan nan nan nan nan nan nan nan nan nan nan nan nan nan nan nan nan nan nan nan nan nan nan nan nan nan
28.300137338615165561 28.380771667533736036 28.542079455762578988 28.777441583733974539 29.091369691173653678 29.633461010301640925 30.167923675272593442 30.804425889324075882 nan nan nan nan nan nan nan nan nan nan nan nan nan nan nan nan nan nan nan nan nan nan nan nan nan nan nan nan nan nan nan nan nan nan nan nan nan nan nan nan nan nan nan nan nan nan nan nan nan nan nan nan nan nan nan
28.344411247290818068 28.401373099900780517 28.466282070281238248 28.540899578383040591 28.741755354038055259 29.237792410672877708 29.968736693821977468 30.674802832402956909 31.237292233298997957 nan nan nan nan nan nan nan nan nan nan nan nan nan nan nan nan nan nan nan nan nan nan nan nan nan nan nan nan nan nan nan nan nan nan nan nan nan nan nan nan nan nan nan nan nan nan nan nan nan nan nan nan nan nan
28.434215368026407589 28.457075716123835463 28.582608696539661963 28.616962760019852396 28.616657730586787522 28.901785111219954416 29.571056680871432576 30.205786211062260804 30.910149982414928616 nan nan nan nan nan nan nan nan nan nan nan nan nan nan nan nan nan nan nan nan nan nan nan nan nan nan nan nan nan nan nan nan nan nan nan nan nan nan nan nan nan nan nan nan nan nan nan nan nan nan nan nan nan nan
28.531185376853045454 28.569521936483500468 28.661587669952329094 28.664115836814861638 28.628930815080696703 28.772846059124066898 29.477013084884816863 30.142685710712395775 30.857136204256367051 nan nan nan nan nan nan nan nan nan nan nan nan nan nan nan nan nan nan nan nan nan nan nan nan nan nan nan nan nan nan nan nan nan nan nan nan nan nan nan nan nan nan nan nan nan nan nan nan nan nan nan nan nan nan
