results/rofental/precip_month_2020-02-01T0000_2020-02-29T2300.asc
ncols        322
nrows        225
xllcorner    622802.488000000012
yllcorner    5178049.378999999724
cellsize     100.000000000000
[rows 56 to 83 of 225, columns 189 to 251 of 322]
nan nan nan nan nan nan nan nan nan nan nan nan nan nan nan nan nan nan nan nan nan nan nan nan nan nan nan nan nan nan nan nan nan nan nan nan nan nan nan nan nan nan nan nan nan nan nan nan nan nan nan nan nan nan nan nan nan nan nan nan nan nan nan
nan nan nan nan nan nan nan nan nan nan nan nan nan nan nan nan nan nan nan nan nan nan nan nan nan nan nan nan nan nan nan nan nan nan nan nan nan nan nan nan nan nan nan nan nan nan nan nan nan nan nan nan nan nan nan nan nan nan nan nan nan nan nan
nan nan nan nan nan nan nan nan nan nan nan nan nan nan nan nan nan nan nan nan nan nan nan nan nan nan nan nan nan nan nan nan nan nan nan nan nan nan nan nan nan nan nan nan nan nan nan nan nan nan nan nan nan nan nan nan nan nan nan nan nan nan nan
nan nan nan nan nan nan nan nan nan nan nan nan 126.38915884814851154 nan nan nan nan nan nan nan nan nan nan nan nan nan nan nan nan nan nan nan nan nan nan nan nan nan nan nan nan nan nan nan nan nan nan nan nan nan nan nan nan nan nan nan nan nan nan nan nan nan nan
nan nan nan nan nan nan nan nan nan nan 130.06383931598102777 127.77613423877745902 124.91157814282624372 123.1853844343163189 122.19139584712661417 nan nan nan nan nan nan nan nan nan nan nan nan nan nan nan nan nan nan nan nan nan nan nan nan nan nan nan nan nan nan nan nan nan nan nan nan nan nan nan nan nan nan nan nan nan nan nan nan
nan nan nan nan nan nan nan nan 130.16559941392009137 129.11667619009665486 127.56614618555849461 125.48478639409509583 123.43642987210216688 121.56388367501824632 119.3710308355937002 118.51545573047498294 nan nan nan nan nan nan nan nan nan nan nan nan nan nan nan nan nan nan nan nan nan nan nan nan nan nan nan nan nan nan nan nan nan nan nan nan nan nan nan nan nan nan nan nan nan nan nan
nan nan nan nan nan nan 133.57934162893107555 129.99184749082118628 126.88764297028451722 124.8323544861197405 123.24695393175113622 121.9945060276916422 121.08625785971861433 119.75972623104105708 117.51181861552819896 115.66889738183118652 115.28971152837726777 115.61276521776302673 nan nan nan nan nan nan nan nan nan nan nan nan nan nan nan nan nan nan nan nan nan nan nan nan nan nan nan nan nan nan nan nan nan nan nan nan nan nan nan nan nan nan nan nan nan
nan nan nan nan nan 133.74028843058147231 131.66628201177039159 127.44299367130547296 124.67302169405006396 122.94263493932859888 121.52379455310892808 120.11668229173743327 118.68388399270830291 117.54058534317289286 115.67931212885140724 113.87657894430314798 112.78900523288548641 112.6078614526532391 113.44184838021845962 114.93581660130476507 nan nan nan nan nan nan nan nan nan nan nan nan nan nan nan nan nan nan nan nan nan nan nan nan nan nan nan nan nan nan nan nan nan nan nan nan nan nan nan nan nan nan nan
nan nan nan nan nan 133.52626921820862549 130.93563748587118312 126.7643068313929291 123.53593214621358243 122.13316548452097265 120.80714249503674296 119.33281152896705635 117.83437406558326188 116.22111741144594532 114.52345301888534834 112.80977715119404081 111.71820115570680798 111.09925558346186847 111.10549825872594454 112.36352625874492617 114.38633349459267663 nan nan nan nan nan nan nan nan nan nan nan nan nan nan nan nan nan nan nan nan nan nan nan nan nan nan nan nan nan nan nan nan nan nan nan nan nan nan nan nan nan nan
127.10725552145623851 130.33577108063551009 nan nan 130.05542203292250747 129.12495703956452076 128.27426629748970299 126.20748132983615619 123.66572781462132014 122.13585711572915216 121.40565170198026124 119.06190898986758953 116.42705797164140336 114.81810448089605359 113.56632200353182327 112.20812662730460829 111.12424942062597211 110.25194446638930401 109.65377079918629022 109.97710036784454246 111.9727574845545206 111.95158645054939939 nan nan nan nan nan nan nan nan nan nan nan nan nan nan nan nan nan nan nan nan nan nan nan nan nan nan nan nan nan nan nan nan nan nan nan nan nan nan nan nan nan
124.34810572280262875 126.91164799703167887 128.48436505530074214 128.60526871091218482 126.40635240976409648 124.60971438468928341 124.03769411937869904 124.93868899546819762 123.75147179293165323 122.12726283962715002 120.42294865333765586 117.94744569307331972 115.46128802123520529 113.13760091896368465 112.41659168244726175 111.56460543766613114 110.3042356504047774 109.28586388417801345 108.57705523078570309 108.38717271757160177 110.33103040932017791 110.0898477912952842 109.25431129712698919 nan nan nan nan nan nan nan nan nan nan nan nan nan nan nan nan nan nan nan nan nan nan nan nan nan nan nan nan nan nan nan nan nan nan nan nan nan nan nan nan
121.32447094928566855 122.85506013444162932 124.6318850883560998 125.47209424499260422 123.06061013467736132 121.25034016762172939 121.22231381261705963 123.64423425074731711 123.83349802078863888 122.01686212106959317 119.77956990619284738 117.12327886458380988 114.85697425505723857 112.82931158647885184 111.51123327826276466 110.50740983358049618 109.17156062549172191 108.16043242862969009 107.35979645495869761 106.90371237509326363 108.36994557343864187 107.99452630239751727 107.50653604874416658 106.76687869390140406 nan nan nan nan nan nan nan nan nan nan nan nan nan nan nan nan nan nan nan nan nan nan nan nan nan nan nan nan nan nan nan nan nan nan nan nan nan nan nan
117.39231731519075197 118.70824805191212192 121.14433136309311578 122.7024293219717066 120.47040236163368832 118.19266839522083501 118.40923691575231658 120.61026613925211848 121.73682349654323787 122.35196531825150146 120.97803741610074724 116.98956623445708658 114.39673803505201022 112.49649561663625263 111.0212438258836869 109.68033857301287526 108.2551887316782171 107.27388187087834126 106.0961973667458409 104.9949250554032858 104.55780137796814699 103.69847771834649564 104.49658166745817311 105.42736856404184209 nan nan nan nan nan nan nan nan nan nan nan nan nan nan nan nan nan nan nan nan nan nan nan nan nan nan nan nan nan nan nan nan nan nan nan nan nan nan nan
115.36557489699951873 116.53310945117009112 118.4039166990675227 118.21557337483989158 117.17791900204645117 115.3461704486902164 115.58779531893767967 117.15027532871849303 117.87224442679398351 119.2402134394126989 120.81420642009420874 118.99550559109309233 115.48046077240952911 112.71276868654339864 110.4626390196396386 108.85032183696304742 107.21320528388969251 105.97550034242215133 104.46457922806749252 103.06135640345694071 101.57865881414112152 100.25085759119312456 100.95978716192922775 102.58826650164986916 nan nan nan nan nan nan nan nan nan nan nan nan nan nan nan nan nan nan nan nan nan nan nan nan nan nan nan nan nan nan nan nan nan nan nan nan nan nan nan
114.34471785305841252 113.3737945739507893 113.04596191042398345 113.37355463872765426 112.51507315516261087 112.20456765856638981 113.20599892466320568 114.01487367950326757 114.27528312061581062 115.48670331200456474 117.15291887840254503 118.30411438717354145 117.26288914150481446 114.80182208028553248 111.03902503443177352 108.05022700646473766 105.69890307600486778 104.05048940279765191 102.64890579180652708 101.27082193144907762 100.13693513743001517 98.97014224157558715 98.679555838802286871 100.54661719817065091 nan nan nan nan nan nan nan nan nan nan nan nan nan nan nan nan nan nan nan nan nan nan nan nan nan nan nan nan nan nan nan nan nan nan nan nan nan nan nan
111.02011203285509566 109.44997382484503134 108.07524627683872609 108.13972220855056605 108.82301050736160164 109.47541589837858567 110.1716449524132031 110.68017870439643957 111.21943197428537076 112.10029260829473685 113.37621856528339492 114.15845671479291923 113.69373605414988049 113.86244970552351674 112.24186386693689599 108.49068865206557177 104.67921101189760691 102.09275492900727045 100.58971650976209844 99.375516104062953104 98.601971855875333972 97.868600908808133454 96.630724749414611097 96.628597726214806585 98.255329730498843332 nan nan nan nan nan nan nan nan nan nan nan nan nan nan nan nan nan nan nan nan nan nan nan nan nan nan nan nan nan nan nan nan nan nan nan nan nan nan
109.6637916087225193 107.78787490136809879 106.09935530281155991 106.26221589629312803 106.74399031858662568 106.80375805445945048 107.00160529909031482 107.58556673428759609 108.14912568535542903 108.75626363446571077 110.33223356279015093 111.02527249435733836 110.11177742140098701 110.31160176835678044 110.89251321928941252 107.15998141615889949 103.46177820738851949 100.3720631535403669 98.875822284516090122 97.499714957045398478 95.515034514840820634 95.25762540753396479 94.371583213312305816 93.619301109582025333 94.751586356576041226 96.030044507695393463 nan nan nan nan nan nan nan nan nan nan nan nan nan nan nan nan nan nan nan nan nan nan nan nan nan nan nan nan nan nan nan nan nan nan nan nan nan
107.70777027264260539 106.02372389640815697 104.79263313218122278 104.96497567378983717 104.9765451591836154 104.76027104414119151 104.32732912097785061 105.02832198631978144 105.27574670362074016 105.504838074519526 106.93439337195235339 107.85123953733442193 107.20567110401049149 107.07981470272784463 107.10824329438878522 105.95496277972598875 101.954507513297429 98.641373275131584819 97.477207786751890239 95.596997293554679231 92.393500307440774577 90.973341185166660239 91.751970532598150498 91.402683125825646471 91.807220172437070005 93.475106461042301476 nan nan nan nan nan nan nan nan nan nan nan nan nan nan nan nan nan nan nan nan nan nan nan nan nan nan nan nan nan nan nan nan nan nan nan nan nan
106.47057069062999801 105.00163199351926835 104.06512038235234741 103.73298424802483453 103.69559200982699565 103.23469075334320166 102.57393376922574646 102.45023528380679068 102.63906946946399046 102.70597956795899108 103.7454241717101695 104.99696921543602457 104.98867201272740601 104.33038467927666204 103.57436834637331913 102.16331963713776076 100.80523564423981497 96.671549305765225313 95.157288208253547168 93.39571393834003743 90.544597069247160448 88.747661767968793356 88.648213611360404229 89.121357486006232307 90.319799511165214767 91.27267925397384829 93.086961722699484767 nan nan nan nan nan nan nan nan nan nan nan nan nan nan nan nan nan nan nan nan nan nan nan nan nan nan nan nan nan nan nan nan nan nan nan nan
105.82471411460342381 104.67140693152626341 103.15772381457831841 102.75645536713739148 102.51980194318076656 102.10380235296049989 101.52485554541844692 100.63382194052948648 100.12633270099635752 100.13672036649684571 101.26178925949226084 103.3337053313073568 103.22897616795734166 101.60508252429301024 100.61249497323341018 99.349831492803275523 97.175893253225368085 94.296673591679962101 91.951806327421564902 90.533429750206238396 88.789518118980140571 87.612209544785045523 86.91867478663584734 87.976474358228898609 89.293402926044223022 91.116453800814937836 92.743544469086060644 nan nan nan nan nan nan nan nan nan nan nan nan nan nan nan nan nan nan nan nan nan nan nan nan nan nan nan nan nan nan nan nan nan nan nan nan
105.36602228474063736 103.87313337472669161 102.29778126063706623 101.85527958266553128 101.50502390320316692 100.83457969624905104 100.03146633093817286 99.281226861182602761 98.417603516853958467 98.100470852762228446 99.578639308363719351 101.53319064868348676 102.73364330550592172 100.56720414378889927 98.847927204917496624 97.316391951162017904 95.224653178293095834 92.470272562547535244 89.8370905920155991 88.22516341935997275 86.794640911395404714 86.517444794084198634 86.164696653700815432 87.243613117791781519 88.828612012306720658 91.262369420709816836 nan nan nan nan nan nan nan nan nan nan nan nan nan nan nan nan nan nan nan nan nan nan nan nan nan nan nan nan nan nan nan nan nan nan nan nan nan
105.04610330338388735 102.97258068488466165 101.61550701817260745 100.90580322441122973 100.69656622022023384 99.617104524619591643 98.540654790621417192 98.190746734187726474 97.491857586374692346 96.804775224683211832 97.963189815306648711 100.13000570868622674 101.93534876698340952 99.472552902471505831 96.766967751232996875 95.207274032502269279 93.29278407851161603 91.027400573402999839 88.476226315983879545 86.169071639173083099 84.810910299471501617 84.747809978307472534 84.85520666046878091 86.918488831165845454 88.479348496412427494 90.806534534296105221 nan nan nan nan nan nan nan nan nan nan nan nan nan nan nan nan nan nan nan nan nan nan nan nan nan nan nan nan nan nan nan nan nan nan nan nan nan
106.33323050731385706 103.25121181805153014 101.03800938656029018 99.873541833681628077 99.592296456589068043 98.800808342137955265 97.497416491973694974 96.935532447555303293 96.513771348411850681 95.823769461993606456 96.462419537906711753 98.442589578872329525 100.69766962645816477 99.588629703206592581 96.586824968636165067 94.269254821273648304 91.621167941668772983 88.751300246389320137 85.69248973451315976 84.004877226514309996 82.83941342355801396 82.541789586065632989 83.681254129311057 85.676300713938232434 86.930205453117977754 88.327445251775827728 nan nan nan nan nan nan nan nan nan nan nan nan nan nan nan nan nan nan nan nan nan nan nan nan nan nan nan nan nan nan nan nan nan nan nan nan nan
105.68001828645215312 103.95623207535217603 101.37620623729941371 99.487650190030322506 98.590336960556953727 98.058922160363465537 96.871545474418567778 95.837445246421410161 95.174426699952817899 95.563035640417780314 95.594066575652789197 96.173002319927547887 98.154820618664473386 98.591217772685752152 95.894017055477306144 92.692552575465398945 90.210847198779106293 87.191876782393563872 84.031999787867789564 82.178976753830440316 81.114643550528796823 81.360254164608591054 83.039611608797883946 84.203970699133307676 84.917593275602996528 nan nan nan nan nan nan nan nan nan nan nan nan nan nan nan nan nan nan nan nan nan nan nan nan nan nan nan nan nan nan nan nan nan nan nan nan nan nan
105.36580571796163497 103.6704494742920275 102.10196848378298284 99.617415930789292133 98.259218460003637574 97.572250941708006167 96.595712827500520348 95.123837483013801375 94.039482117735616384 94.856038678395975694 94.003273403592402246 94.309520594280940031 95.037314686891150473 96.156774407737017896 94.269625657471635805 91.110296203480700683 88.668156335257378942 85.652400971175111977 82.236992670723552123 80.511835770639478937 79.923697203698679914 80.784048776251296431 81.280375930905819359 82.348092953023481755 83.086432241401524834 nan nan nan nan nan nan nan nan nan nan nan nan nan nan nan nan nan nan nan nan nan nan nan nan nan nan nan nan nan nan nan nan nan nan nan nan nan nan
106.77544232820230263 104.1860860762943588 101.22410616745484901 99.55513751264560085 97.931538172464328795 96.426888562961892148 95.408489704645475626 94.367203895515089584 93.276018013983829746 93.406808057631764086 92.41115145924354124 92.625368250918839408 92.810031131332962673 93.497718313564945447 92.787298266364601318 90.280841963804263628 87.788759376087099895 84.562375227040945447 81.131438942683303139 79.27584113553109546 78.983772822043917472 79.219693751724008735 78.817857470883140536 80.014593949893338731 80.847823243458975639 nan nan nan nan nan nan nan nan nan nan nan nan nan nan nan nan nan nan nan nan nan nan nan nan nan nan nan nan nan nan nan nan nan nan nan nan nan nan
105.64722312841470853 103.68564777257114429 100.45457598950864053 97.802018701208936591 96.868562404174468838 95.032661971609854845 94.067881876313748535 93.10909625293217573 92.358176329438464336 91.937253299331970879 91.144910535837880161 90.824181840443827696 91.196708094210848117 90.937558216987454784 90.729482736247348384 89.086023167164071879 86.693189846575421598 83.844746993063864693 80.530307444548839158 77.97553131942528637 77.313816121598463837 77.182158098691886039 76.742279931842844576 77.563679833529292296 78.812934098871224364 78.056596856726969236 nan nan nan nan nan nan nan nan nan nan nan nan nan nan nan nan nan nan nan nan nan nan nan nan nan nan nan nan nan nan nan nan nan nan nan nan nan
104.34813099898671851 102.25008117398211027 99.826318443410130499 97.519996594272967627 95.398099516922371777 93.847006292914926462 92.60032640995326858 91.673580440362471222 91.042731931254209599 90.290556407357414059 89.49626027919377691 88.716857318721991987 89.315465702320125274 89.409972053922771806 88.510462583685139748 87.29411146460772386 85.428689943656365813 83.160032528850592826 79.729210954694352154 76.966447565721750834 75.722784635975358469 75.362831199256731907 74.781753974531525841 75.255984472269418006 76.461427850447790888 75.262439879921288366 73.653944717020650046 nan nan nan nan nan nan nan nan nan nan nan nan nan nan nan nan nan nan nan nan nan nan nan nan nan nan nan nan nan nan nan nan nan nan nan nan
