results/rofental/precip_month_2020-03-01T0000_2020-03-31T2300.asc
ncols        322
nrows        225
xllcorner    622802.488000000012
yllcorner    5178049.378999999724
cellsize     100.000000000000
[rows 140 to 167 of 225, columns 63 to 125 of 322]
nan nan nan nan nan nan nan nan nan nan nan nan nan nan nan nan nan nan nan nan nan nan nan nan nan nan nan nan nan nan nan nan nan nan nan nan nan nan nan nan nan nan nan nan nan nan nan nan nan nan nan 51.476300041019101172 51.010101255823428801 50.041533331242874283 48.989140372507137045 48.153046516717779468 47.347499364841226566 46.594166234711551056 46.20259951971593182 45.888626145931837641 45.365529499986536166 44.718962829349074184 44.129748257840802239
nan nan nan nan nan nan nan nan nan nan nan nan nan nan nan nan nan nan nan nan nan nan nan nan nan nan nan nan nan nan nan nan nan nan nan nan nan nan nan nan nan nan nan nan nan nan nan nan nan nan 51.420136128930813868 50.869317102745483794 50.337064499336570123 49.284132314550419096 48.156497114120675462 47.509190115981610347 46.7121147552326903 46.090761081136896848 45.726539382979801474 45.328180859597459573 44.815782721373665254 44.11455871311318333 43.417923728086663004
nan nan nan nan nan nan nan nan nan nan nan nan nan nan nan nan nan nan nan nan nan nan nan nan nan nan nan nan nan nan nan nan nan nan nan nan nan nan nan nan nan nan nan nan nan nan nan nan nan 50.930163384964210138 49.604697968772747174 48.980019825076531959 48.352238995504031038 48.430523694128190471 47.858118608272846473 46.960824527041950205 46.034188061365533429 45.368863370416143255 44.877390270465632227 44.37387062744355859 43.845636175839253212 43.262321013960551852 42.598459439509603897
nan nan nan nan nan nan nan nan nan nan nan nan nan nan nan nan nan nan nan nan nan nan nan nan nan nan nan nan nan nan nan nan nan nan nan nan nan nan nan nan nan nan nan nan nan nan nan nan 49.909945107145773591 49.055895281903559635 47.802477247903944146 46.945275350552513771 46.558326724181902989 46.400836267455026984 47.030873120431657242 46.840538461094006095 45.584132594900388824 44.616955771982858892 43.994474903343828487 43.508781968596828449 42.912606902436785106 42.189563665519806079 41.538270462738445588
nan nan nan nan nan nan nan nan nan nan nan nan nan nan nan nan nan nan nan nan nan nan nan nan nan nan nan nan nan nan nan nan nan nan nan nan nan nan nan nan nan nan nan nan nan 49.660467664158119305 49.282697584016347037 48.516823658292146604 48.113643404765561229 47.515724871571372034 46.476267556506755341 45.701688228233891209 45.130778331283956106 44.763098525305018427 45.137072360940749149 45.504429834165080138 45.230304789066948956 44.450110386079039415 43.642293073474910159 43.011558602410318031 42.420652827824270048 41.895880091076996621 41.215914135449686739
nan nan nan nan nan nan nan nan nan nan nan nan nan nan nan nan nan nan nan nan nan nan nan nan nan nan nan nan nan nan nan nan nan nan nan nan nan nan nan nan nan nan nan nan 48.098550067098052807 48.110208177120576067 47.985310015728181554 47.02569150383173735 46.386109341333039424 46.255177001202845588 45.7704421805260111 44.990429822801075943 44.16690734538821772 43.655345718315395231 43.348999846007743031 43.427800392991031231 43.754910728025066646 43.712206092550879077 43.436994589940553624 43.022355380286342097 42.454584827376962153 41.748746681344805154 40.908406104412065929
nan nan nan nan nan nan nan nan nan nan nan nan nan nan nan nan nan nan nan nan nan nan nan nan nan nan nan nan nan nan nan nan nan nan nan nan nan nan nan nan nan nan nan nan 46.738529416822956364 46.616605436654694472 46.137960780398209693 45.853921611439510286 45.051155843988532013 44.603738244397760582 44.139445035704376608 43.841598850392493603 43.240927128833739346 42.802736492946394264 42.337916761844851976 41.86823133961335941 41.824339332000022296 41.930466213899748595 41.817471596900020359 41.605213155959965832 41.38380950283076487 41.122179629050755523 40.262143515006684424
nan nan nan nan nan nan nan nan nan nan nan nan nan nan nan nan nan nan nan nan nan nan nan nan nan nan nan nan nan nan nan nan nan nan nan nan nan nan nan nan nan nan nan nan 46.444809477847009305 45.884202980512462489 45.325220333552984187 44.740110691607753779 44.270166003939060317 43.909515514236723277 43.513838817214832488 43.134825465080744777 42.69201013551730739 42.239598459561179311 41.829894644748762289 41.292940396026885708 40.750854445553727601 40.357783913871045911 40.169847417681289414 40.201154478139926596 39.911898757992616993 39.697274772843456958 38.918842940139313669
nan nan nan nan nan nan nan nan nan nan nan nan nan nan nan nan nan nan nan nan nan nan nan nan nan nan nan nan nan nan nan nan nan nan nan nan nan nan nan nan nan nan nan 47.216962474439810649 46.401884417386675352 45.405635854903934501 44.773033275355864191 44.387589221382881988 43.984062189732448189 43.577952972868601478 43.193677218594849876 42.822141751341206373 42.411434541591482628 41.968112416914230778 41.511134568815137413 40.978230692027501902 40.454345712679966596 39.980140994974199486 39.435242726482051978 38.935878663685855372 38.342048142478930117 37.847090723837446546 37.413133257386114394
nan nan nan nan nan nan nan nan nan nan nan nan nan nan nan nan nan nan nan nan nan nan nan nan nan nan nan nan nan nan nan nan nan nan nan nan nan nan nan nan nan nan nan 47.468735577620627453 46.52275929665325549 45.281559284872699322 44.490940147529116189 44.108602686879514465 43.719373094765046517 43.306837222466349147 42.961599518759875593 42.545593657506827867 42.051323003639730302 41.552068857864696838 41.095031044894845706 40.581259296828676497 40.048433181236042344 39.501996780285281829 39.030311391124605791 38.396377443821890552 37.808577608953122251 36.911879638000279158 36.208251349443997924
nan nan nan nan nan nan nan nan nan nan nan nan nan nan nan nan nan nan nan nan nan nan nan nan nan nan nan nan nan nan nan nan nan nan nan nan nan nan nan nan nan nan 48.265771426988621329 47.413778859760498108 46.123525731843109554 45.207799800287389758 44.443832759125335485 43.965783029175078411 43.591298069097128121 43.175053473320993191 42.905878361569392609 42.463820826042812939 41.910944416867707218 41.353750586402526324 40.792156663231558866 40.179899305426367562 39.435261543730000255 38.596018369611229559 37.838981325070271566 37.190193134491629223 36.572922830146737283 36.079173120851564249 35.572261758767218964
nan nan nan nan nan nan nan nan nan nan nan nan nan nan nan nan nan nan nan nan nan nan nan nan nan nan nan nan nan nan nan nan nan nan nan nan nan nan nan nan nan 48.728473594492896837 48.304867087902302103 47.089295340675924706 46.224529870950547661 45.374209563614684271 44.632331713414643559 44.178598079453259118 43.817589308833824191 43.349555691111319788 43.020810674052114564 42.577111169814749303 42.066339640110086862 41.494144373143726057 40.809596114067886674 39.950544996594864244 38.933837482098063276 38.14360384338209542 37.375916428174363659 36.442425027268768645 35.845320522121546958 35.385665286712637112 35.144131586588919447
nan nan nan nan nan nan nan nan nan nan nan nan nan nan nan nan nan nan nan nan nan nan nan nan nan nan nan nan nan nan nan nan nan nan nan nan nan nan nan nan nan nan 47.991384407416283864 46.916249614327369954 46.192081516405828268 45.420408822437337903 44.65200817746365658 44.33230593280573828 44.07974755244666909 43.713371830379223582 43.549332589100323787 42.923637363996604677 42.365377695445509687 41.780255820978936754 41.100404451286046026 40.167396672532767354 39.034876441345986109 37.941880802822751662 36.993864385439977127 36.01294969724750672 35.173497299645312353 35.029189283959965451 34.92588988197869071
nan nan nan nan nan nan nan nan nan nan nan nan nan nan nan nan nan nan nan nan nan nan nan nan nan nan nan nan nan nan nan nan nan nan nan nan nan nan nan nan nan 49.168763352312552684 48.008424526322016845 47.048631312571117746 46.413680860570103448 45.612794758634869652 44.849505209184506782 44.583748205571325229 44.438785224235296312 44.25785745525143966 44.123926171772481553 43.569459750711793333 43.121352422970630869 42.42744585532082624 41.262377754859763002 40.146045163383860199 38.893227791136240512 37.642342614220076769 36.541328095687099164 35.516628050351535251 34.878611405825552083 34.821289305187384855 34.687473025716521136
nan nan nan nan nan nan nan nan nan nan nan nan nan nan nan nan nan nan nan nan nan nan nan nan nan nan nan nan nan nan nan nan nan nan nan nan nan nan nan nan nan 49.679085243711028852 48.632387747230133357 47.319053370092703403 46.541181383888776679 45.773530768578716277 45.197066768327324837 44.908525668101823669 45.044811787754511556 44.696909526108974831 43.265722387166739793 42.36174216549176208 42.134189661854335895 41.428175909192489712 40.420857583989942441 39.439085250654741799 38.247252771412156847 36.966100362004461033 35.823947690554639678 34.85973085474742561 34.663644152781110108 34.558124964319915762 34.416909365487562411
nan nan nan nan nan nan nan nan nan nan nan nan nan nan nan nan nan nan nan nan nan nan nan nan nan nan nan nan nan nan nan nan nan nan nan nan nan nan nan nan nan 50.021507176202831602 49.175076274038516999 48.21697346572810261 46.916673903306133298 45.852461146254540836 45.380084638091076954 45.268956862679715414 44.718960395771858884 43.321487298737075378 41.920531303979061022 41.240815482544753934 40.854781704822023869 40.47033865564841193 39.627023555579349079 38.486931314439850382 37.342499869138144675 36.194898206566648469 35.055078779544025736 34.49688150474023729 34.396986800585487742 34.257341933561797021 34.140433706228577648
nan nan nan nan nan nan nan nan nan nan nan nan nan nan nan nan nan nan nan nan nan nan nan nan nan nan nan nan nan nan nan nan nan nan nan nan nan nan nan nan nan 49.692617939993368736 49.128106817300604803 48.063630562457220208 46.899977122799988649 46.085626452306883039 45.252594697002550106 44.226885325037876839 43.215243245202920264 42.028858883827375337 40.939407620308571722 40.145374762515437794 39.423548651392763986 39.060003364938374659 38.498486056760434337 37.792116748930418169 36.785014581056941552 35.604399793145496744 34.430953375416109452 34.227918008542047801 34.106787946042501858 33.988965489111265583 33.857304296684496592
nan nan nan nan nan nan nan nan nan nan nan nan nan nan nan nan nan nan nan nan nan nan nan nan nan nan nan nan nan nan nan nan nan nan nan nan nan nan nan nan 49.236039461437130171 48.76005182850352071 48.179939965018796499 47.001847247073584413 45.938408156043585961 44.874820426349486979 43.981877979178420901 43.379860278532227369 42.477742589590214095 41.401613907366503042 40.278623159259552722 39.215076680441626422 38.52254294413032909 38.00834264172512178 37.465884799644463499 36.767072740786446161 35.902740901264451168 34.837305736858908745 34.059327956743203458 33.973731048645518626 33.828028076463063201 33.707217193736425997 33.562889422026479735
nan nan nan nan nan nan nan nan nan nan nan nan nan nan nan nan nan nan nan nan nan nan nan nan nan nan nan nan nan nan nan nan nan nan nan nan nan nan nan 48.225579101871851151 48.067900923989697048 47.74074068299305651 47.232706473201453434 46.365664940416721151 45.336893756611260642 44.322120700895176526 43.430544022674915539 42.796892513746378484 42.015493459994047498 40.990050081898750989 39.994106830792098606 39.046525502770514038 38.087469338011977982 37.260155475146902404 36.62950880185223923 35.976169061484647216 35.071830138840219604 34.024975876647339135 33.849715355310976861 33.727759979846410943 33.569896094443905099 33.420422905498419652 33.228386074288522423
nan nan nan nan nan nan nan nan nan nan nan nan nan nan nan nan nan nan nan nan nan nan nan nan nan nan nan nan nan nan nan nan nan nan nan nan nan 48.221769766303943072 47.455826390068658327 47.014816836389606181 46.830068843525957334 46.596554491255567143 46.248136071463548546 45.781565958972059605 45.153566884120984071 44.165240067953071446 43.201028293513736855 42.314038022691129015 41.448222981167212708 40.701337897946181954 39.80002933643721974 38.920774987140632106 37.883688080954179611 36.848441601962051095 36.101352090675987938 35.248674154581145501 34.198570773419284308 33.711150531961806109 33.617626275120024104 33.455628541680219712 33.301870652568631215 33.116902494043131355 32.872486992567111486
nan nan nan nan nan nan nan nan nan nan nan nan nan nan nan nan nan nan nan nan nan nan nan nan nan nan nan nan nan nan nan nan nan nan nan nan 47.729943362456012323 47.2595664785427374 46.357833809598304242 45.9370183603447515 45.642595469954301279 45.458164836170183776 45.192751761334406524 44.833103255758949501 44.377759028135372432 44.120924110754558001 43.270689662513369456 42.062063558143400144 40.999928615417253752 40.229761686474049043 39.3576066861519962 38.633934889651627032 37.587002082572794848 36.310655954608108686 35.501173889534179295 34.763166711612335291 33.802872181377559002 33.476575576794317612 33.324960728972087054 33.190056265608497199 33.042498537785476742 32.807408184501220205 32.550873526510613942
nan nan nan nan nan nan nan nan nan nan nan nan nan nan nan nan nan nan nan nan nan nan nan nan nan nan nan nan nan nan nan nan nan nan 47.483022207279070415 46.910014922254397618 46.507073831685687537 45.939273332246692405 45.314210141047233549 44.964453218508317889 44.601738372696566159 44.386401458856859392 44.15135357192255583 43.881751813055558387 43.449163701022932571 42.907215371968462136 42.931062381528377614 42.401027473008284119 41.177525375077692615 40.159150529784888306 39.265062913297938962 38.328310683655928415 37.300234991727812428 36.602485076861249524 35.507813022053284158 34.510690392849539876 33.393480233202197383 33.237289551343195626 33.113207738869505192 33.004063228335553504 32.808834444794953811 32.515179673923192638 32.314572658497418445
nan nan nan nan nan nan nan nan nan nan nan nan nan nan nan nan nan nan nan nan nan nan nan nan nan nan nan nan nan nan nan nan 48.285528945957437941 47.805937165669242006 46.919085022231797666 46.195633288651293924 45.686360763743103064 44.940366394914306625 44.355387502649307407 43.984685216817666742 43.725372277039319613 43.400916271942776348 43.111267873912048287 42.827424228315152277 42.382635982114713613 41.872435318380745173 41.278783529195450797 41.104204850579726838 40.589387712457266844 39.923858886461161433 39.073190449304057381 38.352863503998371186 37.67237952400378731 36.761772948343050871 35.617008152999495962 34.495548282199500534 33.359798530399025651 33.269297197196749494 33.016501805975082107 32.847502687655342868 32.607711650630776035 32.268124383947402123 32.052182265660874805
nan nan nan nan nan nan nan nan nan nan nan nan nan nan nan nan nan nan nan nan nan nan nan nan nan nan 54.909989629766059238 53.453876929398411733 51.966308580836141573 50.595005807149377119 49.606904295269664829 48.586583565872579982 47.935228707529510928 47.204065360232270621 46.417294621411642197 45.591354135511870993 44.984935291060615725 44.044506824719881877 43.402209852927029488 43.052896520288669535 42.838236336462124143 42.689557912291419939 42.370621887647104131 42.001949864586350714 41.35973132371550065 40.788759676981733548 40.123389190217103817 39.470670316270791034 39.21308293286752189 38.965921925110485802 38.098355192657237467 37.489407592270929115 36.834992338497883679 36.01169918608106002 35.156365711950549269 34.092118823360905822 33.446637344299411154 33.161003007409625809 32.849349634870037562 32.647920292779275542 32.395104967506249238 32.061528597644638694 31.802939350447893219
nan nan nan nan nan nan nan nan nan nan nan nan nan nan nan nan nan nan nan nan nan nan nan nan nan nan 54.731687300679837449 52.989357018235608621 51.621460748127915963 50.098884935853234879 49.125104595730704204 48.277033906888512149 47.487812368141185004 46.658759267098368184 45.983838555158193628 45.219074046855098459 44.41821773283491126 43.41795519316362828 43.023034465757319822 42.640257700072446312 42.173064265039776899 41.821662405965035703 41.582751170693391884 41.21605560645125621 40.591346317133343291 39.96382854981798971 39.348983658335434654 38.55188858090232884 38.122871761939634894 37.960798888614689872 37.418434234555405737 36.637930151227337205 35.968733460777571054 35.144857731833923253 34.387263383028525254 33.643254342069120355 33.299383638440936295 32.903343878832252756 32.602629322748200025 32.367442939994518269 32.087149424129513875 31.746269037587353523 31.627158115660421345
nan nan nan nan nan nan nan nan nan nan nan nan nan nan nan nan nan nan nan nan nan nan nan nan nan nan 54.644120812714120916 53.332223294233806143 51.837648036233424875 50.243495453650510285 48.982530014479927161 47.992570837226374181 47.172662005247616435 46.294921495921549592 45.479736646999327832 44.930169635536806538 44.108739941581681876 43.181669743248633608 42.675225152740900114 42.177040355351245182 41.619655611435099729 41.16315811048254858 40.769185281674822363 40.333675950348805372 39.770376884433893849 39.100556186956950455 38.403165342045319619 37.64799832008813496 37.194069184969947628 36.914703214352407201 36.425909101294678294 35.715596787016714586 34.953840546034250281 34.274685402316293903 33.885691425798057708 33.517251213400804488 33.043545281396738744 32.619728614897525176 32.307137997247210137 32.004437543728919024 31.670374092749131734 31.402369614164932443 31.471961188916687036
nan nan nan nan nan nan nan nan nan nan nan nan nan nan nan nan nan nan nan nan nan nan nan nan nan nan 54.27812361940814867 53.641766019494163231 52.225609505794601262 50.331897233633341671 49.109239578694577233 48.032074723326239507 46.83286620345209883 45.832010791484442791 45.060200287685390208 44.51798532643265105 43.892499403449463102 43.104115029785532442 42.168427023994247804 41.656121324843383036 41.218605019869642092 40.781261868926392822 40.249347782179668798 39.780297704931548708 39.065904379853421347 38.445322817119375713 37.706007035124002869 36.989522925871447967 36.49919629332775628 36.062328231669290801 35.626333682468604991 35.052839336147464167 34.481461660579462603 34.036178650128384504 33.646880632733434879 33.1923799804530546 32.735723571485202399 32.342910810367470731 31.969345664825969067 31.594507167617884136 31.235436347245723709 31.189527242558696685 31.413782270308924893
nan nan nan nan nan nan nan nan nan nan nan nan nan nan nan nan nan nan nan nan nan nan nan nan nan nan nan 52.998338980806160237 51.351390110436931025 49.591221559295824761 48.530613014990670706 47.826644009846994265 47.284704837444486714 45.970129976274655803 44.86490062459909467 43.995842962083784755 43.486483886503314977 42.884775083034071486 41.914461822772025812 41.204374455856459747 40.914488526533219215 40.502211060214506233 39.996314810723312405 39.441439822546065841 38.769531640023920716 38.050201118823785862 37.421868877360218164 36.749201070499594834 36.238035145163586037 35.803947153763111544 35.352133014167520741 34.844500704039404582 34.274240747257202599 33.783644131476592065 33.333610788163902328 32.875364784354601966 32.448292796674572003 32.032933029523988466 31.618865314236298758 31.156706666049956311 31.083728629425060319 31.365761958344613447 31.68995733646374191
