results/rofental/precip_month_2020-06-01T0000_2020-06-30T2300.asc
ncols        322
nrows        225
xllcorner    622802.488000000012
yllcorner    5178049.378999999724
cellsize     100.000000000000
[rows 112 to 139 of 225, columns 189 to 251 of 322]
116.26121289711041129 114.17439995693048616 112.48132996227792546 110.92240209645591165 112.35353028355415006 114.46330266388874008 116.1949715105658214 118.25810240491112779 121.50938433308374442 124.74044984438486949 127.55720033414954173 130.40817597242900661 130.69254382251324387 130.51367607157635575 130.12056639703899918 129.3538920465523745 129.8083861981276641 133.12229625602535066 135.63231915496501756 137.15562006829983943 138.13307275475969504 137.83433451320408381 136.47936728115502092 136.38382220989345228 138.39099101388623581 140.33348311626568261 139.35784142747732517 nan nan nan nan nan nan nan nan nan nan nan nan nan nan nan nan nan nan nan nan nan nan nan nan nan nan nan nan nan nan nan nan nan nan nan nan
114.21695963093601733 112.52721084293693821 111.15159974491034234 112.74873884974230975 113.68401304488779147 115.95605178121778067 118.47912436310863882 120.72667095701145001 124.55028582355640765 127.31237065545515463 129.653020904954559 131.49038808090335806 131.73967754265825647 131.7030679543454994 131.76405010168340937 130.80674011112816402 130.88129064380859745 132.72224731604646308 136.00128151309473878 138.98165526818769422 138.79979469328858954 137.84516024666399403 137.47258554404234587 138.41282657368833497 140.97857316830069863 nan nan nan nan nan nan nan nan nan nan nan nan nan nan nan nan nan nan nan nan nan nan nan nan nan nan nan nan nan nan nan nan nan nan nan nan nan nan
112.22641330065066256 110.95312051552105004 112.73917135034076864 114.20127500054445591 115.74617833828691005 117.93179875667357237 120.52636323212506397 123.44113561234290444 126.2659296439124148 128.99427047248784106 131.49444962126287351 132.7017361426513844 132.54187305328008506 132.34293979886763282 132.52140956344416622 131.92372905893631696 131.93760423565828432 132.45723816652855476 135.96948371257892063 139.60311908323726016 139.05797352626566976 137.89932097052925997 138.14759557622937791 140.16684570357500661 143.12169945579100272 nan nan nan nan nan nan nan nan nan nan nan nan nan nan nan nan nan nan nan nan nan nan nan nan nan nan nan nan nan nan nan nan nan nan nan nan nan nan
110.91410846816330604 112.30420021721117507 113.82344294966274845 115.60935710083346351 117.55099614818927023 119.96813970123412219 122.36569942489286689 124.35571631986239538 126.81614585893227343 129.76211206000832021 132.31523933629225098 133.65395579291165973 133.53919004668202319 133.884047317952394 133.41078772369124295 132.84559349504806391 133.06361273802281175 133.15230039129207285 135.65862484558408596 139.58748014549286154 140.39303206061771334 139.42868868614556277 139.64093444423087931 141.29678866949558369 144.57232952638253209 nan nan nan nan nan nan nan nan nan nan nan nan nan nan nan nan nan nan nan nan nan nan nan nan nan nan nan nan nan nan nan nan nan nan nan nan nan nan
113.14915728410025508 114.18009917414826759 115.52105056473455136 117.91851345202276491 120.25168244590858535 122.4239095303671121 124.79909186049451364 126.92563425222341777 128.24164331596753641 129.8568937730625521 131.7656229889136057 134.52640238575503417 135.35414434242238713 135.24498532966157427 134.40303908176147729 133.88308160171703776 134.0073304861908241 134.4711252488242792 136.75020540216851828 140.66791516318991739 142.69238971295155238 141.79025016599587161 142.10170798324205066 143.93540346034586719 144.97372871439401365 nan nan nan nan nan nan nan nan nan nan nan nan nan nan nan nan nan nan nan nan nan nan nan nan nan nan nan nan nan nan nan nan nan nan nan nan nan nan
115.1604572862630107 116.33523230367518408 117.63822704559754584 121.12075857203487317 123.28797350166773583 125.0846122459988834 127.49151357869433809 129.22231723594921959 130.90029264319878166 132.4384247124819467 133.89915837272570798 135.08856815643648019 136.78979765981850392 136.30121260397609717 135.97811826655731693 135.63157901463179655 135.47654596516483139 135.96811722379624143 137.90590364348960861 141.47346415714153522 145.15576362890138284 145.46946299240664757 145.53118070832709918 146.6740365674380655 nan nan nan nan nan nan nan nan nan nan nan nan nan nan nan nan nan nan nan nan nan nan nan nan nan nan nan nan nan nan nan nan nan nan nan nan nan nan nan
117.2798409254555736 118.82880195254548994 121.20799733974324397 123.94893828323051821 125.97840526661185834 127.72820376568292033 129.60646049306083682 131.36704239304273756 133.24620309432833665 134.49160987722837035 136.29355649568378794 136.84859861505208301 137.10630796352711513 137.23346422733484928 137.23448410157351418 136.93428322744642855 136.65005856217530322 137.38561021214891866 139.82113696615297727 142.69770670198761309 146.3074655731236362 148.75177633292111068 148.90129128058029551 nan nan nan nan nan nan nan nan nan nan nan nan nan nan nan nan nan nan nan nan nan nan nan nan nan nan nan nan nan nan nan nan nan nan nan nan nan nan nan nan
119.31200384148408489 121.84940748109306696 124.78811890606179702 126.74146223929665211 128.33340997180795284 129.82808887646291396 131.77889787438010671 133.6986923950866526 134.91701865573867281 136.52873521890364827 137.45163197332831828 137.44312065321747696 137.43366795281059467 137.99465526068195231 137.86546308035903508 137.72941017211658732 137.60457865737271277 138.71035991211323335 141.41847914659783214 145.18825498075858604 148.1648766365759684 151.01107501480939277 nan nan nan nan nan nan nan nan nan nan nan nan nan nan nan nan nan nan nan nan nan nan nan nan nan nan nan nan nan nan nan nan nan nan nan nan nan nan nan nan nan
121.73427756867505423 125.1045958573749175 127.60884728924999365 129.35178459748476598 130.48512589545089213 131.99984032712112025 133.82928895314000783 135.41690222671093125 137.39689185971252527 138.3129592747272909 138.29982471004419153 137.76678744596748061 137.85945610617875445 138.83111180655495787 138.74662635634578578 139.00927484448502014 138.91266700452968053 141.0945348649881339 144.33939442142008147 146.23616663869904642 149.74433101765612264 153.20041264318896879 nan nan nan nan nan nan nan nan nan nan nan nan nan nan nan nan nan nan nan nan nan nan nan nan nan nan nan nan nan nan nan nan nan nan nan nan nan nan nan nan nan
124.49101506303652798 127.48558246562804186 129.90196157270207777 131.37695519441555803 132.67801586345177611 134.04128386085059788 135.73076594631828584 137.32167484580952532 140.13077036587284852 139.05589606862193364 138.77803874888536484 138.16886175200482967 138.19004498284641613 139.19750327157333913 139.86371089506985754 140.29362003241635648 140.39695738871947128 142.55458119194955202 146.04411772644019152 148.01932699261487869 151.28197036343988202 154.5571576979667725 nan nan nan nan nan nan nan nan nan nan nan nan nan nan nan nan nan nan nan nan nan nan nan nan nan nan nan nan nan nan nan nan nan nan nan nan nan nan nan nan nan
125.65422391703583571 128.86595506169038572 130.79596689954104249 132.82302518949327919 134.37581591617626486 135.83966328367134224 137.90339506001473069 140.21802516487863954 141.50993209152071017 139.57823432866919688 139.33339574165813701 138.66498084659173173 139.05840251238694805 140.33391630400217309 140.75568378812110382 140.91604077019312058 141.55255719667545122 143.17041139762204693 146.84043402661689015 149.01717751657380973 151.929557300187696 154.66025144592083507 nan nan nan nan nan nan nan nan nan nan nan nan nan nan nan nan nan nan nan nan nan nan nan nan nan nan nan nan nan nan nan nan nan nan nan nan nan nan nan nan nan
126.84564600386956101 129.44543348168176067 131.21440524680508588 133.97959795495256685 135.76154699733729103 137.44605592844126818 140.21331288287754546 142.32100748952674962 141.46501415335069396 140.32577395774262641 140.18724809676498921 140.11550600784860876 140.96433497975601767 141.5917605908643111 141.7196077178800806 141.70712483274641613 142.66011536423633288 143.56705107337438676 144.999339460770301 147.53356592367998701 150.22833802990408003 153.25075100761191038 nan nan nan nan nan nan nan nan nan nan nan nan nan nan nan nan nan nan nan nan nan nan nan nan nan nan nan nan nan nan nan nan nan nan nan nan nan nan nan nan nan
127.91132727176071171 130.13762458317523851 132.37792557489754586 135.00218373986402298 136.85434402513075725 139.60208916508668153 142.88950925378864554 143.81954190382830916 141.9454743713349103 140.97633919148941573 140.58563373245146977 141.01214431046312825 141.67964154311030711 142.24350143203491825 142.29853937723004265 142.14496363644758503 142.92881523656456011 144.16682389524501673 144.59829820366263675 146.3162938809274749 149.67424873379147243 152.48234369339456862 nan nan nan nan nan nan nan nan nan nan nan nan nan nan nan nan nan nan nan nan nan nan nan nan nan nan nan nan nan nan nan nan nan nan nan nan nan nan nan nan nan
128.60074140908216123 131.0259210021527565 133.57821857705053503 135.99167670384829876 138.02599223954328522 141.39010883349160963 144.06084846205331473 143.47379097237438828 143.05565797556920415 142.10719996240703722 141.95338489125475689 142.21538555062107889 142.58783753967779262 142.89180755853033133 142.71189196777694974 142.72302196033399468 143.72933670582864352 144.59749502679235889 145.26182994764928935 146.08485251289209828 149.77225822325138438 152.20718296706911588 nan nan nan nan nan nan nan nan nan nan nan nan nan nan nan nan nan nan nan nan nan nan nan nan nan nan nan nan nan nan nan nan nan nan nan nan nan nan nan nan nan
128.94926661059858475 131.72248203659012233 134.69956795850129083 136.96085321784173061 139.36964982436381888 142.35605604949333269 145.05218474582039789 144.51230043599423425 143.89437207802822627 143.42155617237813203 143.18846283660604968 143.07111856812713313 143.25871865552647932 143.2984800539256014 143.16680180016456347 143.67490842105215165 145.87148471470692357 145.97252526647562831 146.55506783618344002 146.98335657750351402 149.04831087299763226 nan nan nan nan nan nan nan nan nan nan nan nan nan nan nan nan nan nan nan nan nan nan nan nan nan nan nan nan nan nan nan nan nan nan nan nan nan nan nan nan nan nan
129.33809907076104651 132.46226159849285864 134.99991489040723991 137.7012089225244722 140.26430254856714441 142.85336722948812849 145.7370968865180032 146.24265337365704909 144.88308915839010638 144.47742404492754531 144.07439024853866272 143.76524990823176609 143.61480485780700178 143.62284722373775026 143.66920481831311918 144.69045706082596325 146.95274783192314771 147.73252269183811336 147.65530750525988424 148.09792484543561386 150.03462967432929531 nan nan nan nan nan nan nan nan nan nan nan nan nan nan nan nan nan nan nan nan nan nan nan nan nan nan nan nan nan nan nan nan nan nan nan nan nan nan nan nan nan nan
131.28683007262574733 133.16338205347011581 135.66644792228183292 138.49623452046390071 142.07089191025343666 144.46488654124408413 147.12263387366866141 146.08624727238998275 145.46026534595034718 144.93615143475199147 144.53768439502434262 144.13005688851234254 143.97746501453016776 144.03682769349427417 144.19145603576134818 145.1727352050196771 147.25331077708295879 149.2185000949370135 149.03248303094667904 149.52134391088182497 150.83086916079886919 nan nan nan nan nan nan nan nan nan nan nan nan nan nan nan nan nan nan nan nan nan nan nan nan nan nan nan nan nan nan nan nan nan nan nan nan nan nan nan nan nan nan
132.22455985177967364 134.3432412072905322 136.44866900567757284 138.78257110317053957 142.08030078816048558 144.9706305318937325 147.16564848200309257 146.92398257243829107 145.91386126689963021 145.06163162853130189 144.70590687847982281 144.3073765568019553 144.32992305034156288 144.44513313015428935 144.88696682360975387 145.95154914333841134 147.30711587149818342 150.07271165703738802 151.06222308878977856 nan nan nan nan nan nan nan nan nan nan nan nan nan nan nan nan nan nan nan nan nan nan nan nan nan nan nan nan nan nan nan nan nan nan nan nan nan nan nan nan nan nan nan nan
133.14654167232293958 134.81929887899019604 136.80418834768232728 139.5106551382552027 142.06437269867552686 144.34923396589917388 146.45905212213673963 147.64388393759907103 146.54024938726226424 145.55766386034352422 145.2786307953533651 144.99248048778744646 144.88530738655524033 145.26123169099810184 146.4265651023509065 146.96872976441758851 147.96026211997613586 150.66150136964370176 nan nan nan nan nan nan nan nan nan nan nan nan nan nan nan nan nan nan nan nan nan nan nan nan nan nan nan nan nan nan nan nan nan nan nan nan nan nan nan nan nan nan nan nan nan
132.82767461532623088 135.03310793643632337 136.99867099876462362 139.187853781692354 140.49651049584639395 142.34373869812864655 145.2361159344376631 148.11989198903557963 147.50670704908401376 146.77271659158645889 146.24716872527520195 146.07601051647682766 146.83922734939278598 148.36850012029094614 148.4526984617574783 147.94066887073535099 148.99151631056406586 nan nan nan nan nan nan nan nan nan nan nan nan nan nan nan nan nan nan nan nan nan nan nan nan nan nan nan nan nan nan nan nan nan nan nan nan nan nan nan nan nan nan nan nan nan nan
134.25522929585295628 135.90303531984153551 137.25703898231310518 138.90779325413706147 140.03798423050250221 142.13239687749739915 145.07944190491903669 147.87943935069000645 148.54518425162402195 148.1463131575755483 147.85775882227792977 147.96465865101444592 nan nan nan 148.69269411002252923 nan nan nan nan nan nan nan nan nan nan nan nan nan nan nan nan nan nan nan nan nan nan nan nan nan nan nan nan nan nan nan nan nan nan nan nan nan nan nan nan nan nan nan nan nan nan nan
135.26240152532179195 136.25222590990694016 137.32467286348375524 138.60844728189442776 140.48595088331379088 142.95105770268085621 145.49553281440600472 148.38487754646061489 150.06315958025720647 nan nan nan nan nan nan nan nan nan nan nan nan nan nan nan nan nan nan nan nan nan nan nan nan nan nan nan nan nan nan nan nan nan nan nan nan nan nan nan nan nan nan nan nan nan nan nan nan nan nan nan nan nan nan
134.817022339087913 136.36718114658583545 137.58277830327784841 138.80177829414074608 141.23665064037587058 143.88811904565051236 146.34096310087377901 149.01049978076653701 nan nan nan nan nan nan nan nan nan nan nan nan nan nan nan nan nan nan nan nan nan nan nan nan nan nan nan nan nan nan nan nan nan nan nan nan nan nan nan nan nan nan nan nan nan nan nan nan nan nan nan nan nan nan nan
135.13654013296090284 136.36238151465340707 137.85733694826501505 139.4207322616579745 142.14713942877486375 144.72841309618436867 147.09991019662371059 148.93284070098704319 nan nan nan nan nan nan nan nan nan nan nan nan nan nan nan nan nan nan nan nan nan nan nan nan nan nan nan nan nan nan nan nan nan nan nan nan nan nan nan nan nan nan nan nan nan nan nan nan nan nan nan nan nan nan nan
135.52962454572588058 136.37081848714174726 137.51080071866050503 138.92319268936569188 140.623216149082225 143.16962610815588164 145.67705713201365825 148.55449986865099277 nan nan nan nan nan nan nan nan nan nan nan nan nan nan nan nan nan nan nan nan nan nan nan nan nan nan nan nan nan nan nan nan nan nan nan nan nan nan nan nan nan nan nan nan nan nan nan nan nan nan nan nan nan nan nan
135.87362746709177941 136.65928719050057794 137.47119762121531039 138.31428700346472738 139.62339704991910594 142.0296509153424438 145.30520894438194546 148.47459097581250376 151.09090250247339782 nan nan nan nan nan nan nan nan nan nan nan nan nan nan nan nan nan nan nan nan nan nan nan nan nan nan nan nan nan nan nan nan nan nan nan nan nan nan nan nan nan nan nan nan nan nan nan nan nan nan nan nan nan nan
136.39380950372353141 137.08573719063335261 138.15882206995752313 138.88493581355191964 139.4739493536513919 141.12320331887534053 144.20042861267876333 147.1345952156091812 150.31374526433921801 nan nan nan nan nan nan nan nan nan nan nan nan nan nan nan nan nan nan nan nan nan nan nan nan nan nan nan nan nan nan nan nan nan nan nan nan nan nan nan nan nan nan nan nan nan nan nan nan nan nan nan nan nan nan
136.94545227500410078 137.73018944643527561 138.71267644581376999 139.35421271820209199 139.84695025100288035 141.00111178129574796 144.24256486141658229 147.32543634861042392 150.57425223764488464 nan nan nan nan nan nan nan nan nan nan nan nan nan nan nan nan nan nan nan nan nan nan nan nan nan nan nan nan nan nan nan nan nan nan nan nan nan nan nan nan nan nan nan nan nan nan nan nan nan nan nan nan nan nan
