results/rofental/precip_month_2020-01-01T0000_2020-01-31T2300.asc
ncols        322
nrows        225
xllcorner    622802.488000000012
yllcorner    5178049.378999999724
cellsize     100.000000000000
[rows 56 to 83 of 225, columns 189 to 251 of 322]
nan nan nan nan nan nan nan nan nan nan nan nan nan nan nan nan nan nan nan nan nan nan nan nan nan nan nan nan nan nan nan nan nan nan nan nan nan nan nan nan nan nan nan nan nan nan nan nan nan nan nan nan nan nan nan nan nan nan nan nan nan nan nan
nan nan nan nan nan nan nan nan nan nan nan nan nan nan nan nan nan nan nan nan nan nan nan nan nan nan nan nan nan nan nan nan nan nan nan nan nan nan nan nan nan nan nan nan nan nan nan nan nan nan nan nan nan nan nan nan nan nan nan nan nan nan nan
nan nan nan nan nan nan nan nan nan nan nan nan nan nan nan nan nan nan nan nan nan nan nan nan nan nan nan nan nan nan nan nan nan nan nan nan nan nan nan nan nan nan nan nan nan nan nan nan nan nan nan nan nan nan nan nan nan nan nan nan nan nan nan
nan nan nan nan nan nan nan nan nan nan nan nan 35.424905174018711307 nan nan nan nan nan nan nan nan nan nan nan nan nan nan nan nan nan nan nan nan nan nan nan nan nan nan nan nan nan nan nan nan nan nan nan nan nan nan nan nan nan nan nan nan nan nan nan nan nan nan
nan nan nan nan nan nan nan nan nan nan 36.549279305027241094 35.91430741701368845 35.107513594263494383 34.644261878538323174 34.402355483156533467 nan nan nan nan nan nan nan nan nan nan nan nan nan nan nan nan nan nan nan nan nan nan nan nan nan nan nan nan nan nan nan nan nan nan nan nan nan nan nan nan nan nan nan nan nan nan nan nan
nan nan nan nan nan nan nan nan 36.584820758305156119 36.323675401349277081 35.913424608698548468 35.345180909157576821 34.788279048801356907 34.28550731977853161 33.687620570248391516 33.492622217657050498 nan nan nan nan nan nan nan nan nan nan nan nan nan nan nan nan nan nan nan nan nan nan nan nan nan nan nan nan nan nan nan nan nan nan nan nan nan nan nan nan nan nan nan nan nan nan nan
nan nan nan nan nan nan 37.59966244110721334 36.577190240534967813 35.701719779933469567 35.143146622066154805 34.727347507861033193 34.413052559438753519 34.203513446628328154 33.869434877946680729 33.259463060425332515 32.772044879754474778 32.725184405477932614 32.889822261373673484 nan nan nan nan nan nan nan nan nan nan nan nan nan nan nan nan nan nan nan nan nan nan nan nan nan nan nan nan nan nan nan nan nan nan nan nan nan nan nan nan nan nan nan nan nan
nan nan nan nan nan 37.6774641841376976 37.113317708289699226 35.90502618512817179 35.135201282069601803 34.679397225069038768 34.31869759192952074 33.962869792257059487 33.60052995240554452 33.326248753285611315 32.837075704352386651 32.366196311206721248 32.110747326722766104 32.127995741234165905 32.450377986777461103 32.970912570063916291 nan nan nan nan nan nan nan nan nan nan nan nan nan nan nan nan nan nan nan nan nan nan nan nan nan nan nan nan nan nan nan nan nan nan nan nan nan nan nan nan nan nan nan
nan nan nan nan nan 37.693191699197271305 36.979181762022172109 35.791857724964103227 34.889561880237437208 34.537448322771567177 34.209796867044310886 33.838834779529818775 33.461738649137750201 33.051080941139971969 32.615820443897071357 32.176315325330534733 31.924126612157518679 31.814102907801636633 31.891846707091975333 32.345411086283526458 33.028158476524637877 nan nan nan nan nan nan nan nan nan nan nan nan nan nan nan nan nan nan nan nan nan nan nan nan nan nan nan nan nan nan nan nan nan nan nan nan nan nan nan nan nan nan
35.519643050216267 36.54998355975395441 nan nan 36.65867229032257768 36.447286649327416796 36.261679857133366056 35.712291712150538103 35.021743440746767817 34.636763949432264553 34.493440766256206587 33.866374784878473747 33.152841980885206397 32.748472887705304402 32.452098664579473564 32.124185845248149462 31.878929978322574357 31.697228766059893701 31.597621775016204282 31.77438993397360889 32.452891261098137932 32.524100844151782042 nan nan nan nan nan nan nan nan nan nan nan nan nan nan nan nan nan nan nan nan nan nan nan nan nan nan nan nan nan nan nan nan nan nan nan nan nan nan nan nan nan
34.735855492370674824 35.572022916035166418 36.112598419942408157 36.218936439499202606 35.63006833126996753 35.163977332271173282 35.067698423969936528 35.415771054140684271 35.137800041726499956 34.729905262239043395 34.299201792682040946 33.637839117096326902 32.974213997433068357 32.360169579459629574 32.228334410694202461 32.057460985824199895 31.763937424927590314 31.542966676282048866 31.41457711062915692 31.441395979331122845 32.108423589232927498 32.117392814967914205 31.946030646470198633 nan nan nan nan nan nan nan nan nan nan nan nan nan nan nan nan nan nan nan nan nan nan nan nan nan nan nan nan nan nan nan nan nan nan nan nan nan nan nan nan
33.869055198435980003 34.400538110591320162 35.008203403676354526 35.336453984256678496 34.689419447050582335 34.224925504780976837 34.297800428777811987 35.108593918151520086 35.249891206311367853 34.789703636227983452 34.204303317439560317 33.494024433611322422 32.901815607754691939 32.381994850635187788 32.075880712714834431 31.864426989198047835 31.55314809556525546 31.339144783421030382 31.187793651566945385 31.139073331618103424 31.666831518967502035 31.639522480031153862 31.57644648384617625 31.435443691710474923 nan nan nan nan nan nan nan nan nan nan nan nan nan nan nan nan nan nan nan nan nan nan nan nan nan nan nan nan nan nan nan nan nan nan nan nan nan nan nan
32.7257384124378774 33.198542508421873265 34.010164852067845231 34.559980766450507872 33.972676712317309011 33.3734687578004241 33.525601963267384065 34.275727110330059588 34.704394501144932406 34.980679246498645796 34.660337562808642531 33.555220758885653254 32.870342654386988102 32.394201962704201492 32.046149158618121078 31.738586923701735287 31.405551322199418252 31.20546091457569915 30.945596275813269216 30.707611254026343062 30.667795651041810601 30.499303500604689532 30.826765857369942125 31.191565424655134819 nan nan nan nan nan nan nan nan nan nan nan nan nan nan nan nan nan nan nan nan nan nan nan nan nan nan nan nan nan nan nan nan nan nan nan nan nan nan nan
32.151649620722373868 32.585766783519019896 33.233406618893020834 33.264245419533089887 33.041766277017089237 32.582446214261608475 32.747939322630728043 33.311959537725186919 33.62480318365598464 34.133070956111261296 34.704372045317882112 34.256985627556616691 33.300527517948097511 32.569197566678212752 31.993696765124973069 31.609903287898315938 31.218394939711995306 30.946355767929311753 30.591309375560587824 30.26738595983887592 29.917967392252414527 29.613109379359613627 29.917976988047215059 30.496417540866360696 nan nan nan nan nan nan nan nan nan nan nan nan nan nan nan nan nan nan nan nan nan nan nan nan nan nan nan nan nan nan nan nan nan nan nan nan nan nan nan
31.876516661158998289 31.67393781112267348 31.666784301233839471 31.858642124422498654 31.695956315364206546 31.699750155742535185 32.099496986812617649 32.442912820124242046 32.622894352582029853 33.089934651159296664 33.694735842456665864 34.145648907112530424 33.938350632089928638 33.304801651737641066 32.280248964283330793 31.48824866616506668 30.887471823899375067 30.497261672759801598 30.180203950955458936 29.868812174843466067 29.629026399533028524 29.37716362140211146 29.386027972053287982 30.040313278058480506 nan nan nan nan nan nan nan nan nan nan nan nan nan nan nan nan nan nan nan nan nan nan nan nan nan nan nan nan nan nan nan nan nan nan nan nan nan nan nan
30.905753384855298549 30.52914569728616101 30.213406428001938764 30.332216200786852767 30.63889773728224597 30.938073233597904732 31.252069460770769638 31.511174606413387522 31.780887721479533781 32.154486031893490861 32.647863798259443513 32.993728627566376588 32.965483969239329554 33.128019094455680715 32.752956474841241175 31.737440022126087058 30.703351231462914228 30.036636125830554533 29.694373022672383655 29.437374209352000776 29.310856743313181028 29.194033751854554737 28.922768578058153821 29.019618578955505228 29.602272859381933756 nan nan nan nan nan nan nan nan nan nan nan nan nan nan nan nan nan nan nan nan nan nan nan nan nan nan nan nan nan nan nan nan nan nan nan nan nan nan
30.523342710815729362 30.060957962569499813 29.657016487856953546 29.811480167192513591 30.063667747227452054 30.190785109992322788 30.361032827344594409 30.648821629131795419 30.931835619517805469 31.229146064132933702 31.818649384877442543 32.143630143057677628 31.986401846793835801 32.1641331564830395 32.456491838836953434 31.45230671978092829 30.457909383638927636 29.645498820234454485 29.310714198277235454 29.010354673004520976 28.524984987856019103 28.556156137016113661 28.395367311939615718 28.27126622307887871 28.709549655145298885 29.187288028559272846 nan nan nan nan nan nan nan nan nan nan nan nan nan nan nan nan nan nan nan nan nan nan nan nan nan nan nan nan nan nan nan nan nan nan nan nan nan
29.957610189185988503 29.559064504840410592 29.298750719086076089 29.462197756494663992 29.579186667924634691 29.629440675523419202 29.616194909042985017 29.94522190421092489 30.139278071537454196 30.329008839310635182 30.88052915327029524 31.278771223020900294 31.208037851776786908 31.293830775090299312 31.426045966527976105 31.202858986869859592 30.12339619664152579 29.249525022054509549 29.020118488079869934 28.573706466929955639 27.727333692379048102 27.414171155457811579 27.758579919571744199 27.760259430785414025 27.984226389014807523 28.583099863018915698 nan nan nan nan nan nan nan nan nan nan nan nan nan nan nan nan nan nan nan nan nan nan nan nan nan nan nan nan nan nan nan nan nan nan nan nan nan
29.604926660877982414 29.277247544202129603 29.111658111234664403 29.129660382056645318 29.238082411613291356 29.220947317938058774 29.145350388534264852 29.232631818433500115 29.415172760431147481 29.56224636072530032 30.002598723030885708 30.50749138398298399 30.634325459341429365 30.566125369757411789 30.468575577138121702 30.173863812102531767 29.894411203894478035 28.779742213878478196 28.450829216974412361 28.045660625029054103 27.310633279573078624 26.889504605952808447 26.975084195620997463 27.228761857991596429 27.695885715081011824 28.084133996985809034 28.725654708672745841 nan nan nan nan nan nan nan nan nan nan nan nan nan nan nan nan nan nan nan nan nan nan nan nan nan nan nan nan nan nan nan nan nan nan nan nan
29.427101706132422265 29.200529997810416916 28.867696980602858048 28.871111250621993349 28.925813478269830625 28.928319676803702976 28.883442767611303026 28.746236834924648207 28.725626254905819223 28.861827730770936995 29.334025321803363084 30.091576565701810608 30.195529997476150186 29.843218150261094479 29.680635234610779349 29.436549556417926254 28.917886480807958094 28.186145378037220866 27.61343492271242539 27.317127258614711138 26.920434124516653185 26.69093767838912612 26.603186724574001687 27.037555280858981632 27.545002957302532565 28.199181173643975029 28.78852050756083969 nan nan nan nan nan nan nan nan nan nan nan nan nan nan nan nan nan nan nan nan nan nan nan nan nan nan nan nan nan nan nan nan nan nan nan nan
29.302801730707695782 28.980435476436319675 28.635291710036927526 28.632503950649955016 28.659228357357267924 28.591409189007901404 28.485293859728479049 28.39652660047335786 28.275008880610091211 28.318905187894547026 28.903352558668149896 29.631767018199546726 30.134111381773543314 29.624880103806084719 29.250024967960285949 28.931235148444361727 28.443340365968474259 27.755127374195378565 27.101701418372076802 26.753057168410499855 26.456251798974445677 26.502814487730805837 26.522832489720478577 26.968669760655078704 27.56153967281226258 28.403812545857817895 nan nan nan nan nan nan nan nan nan nan nan nan nan nan nan nan nan nan nan nan nan nan nan nan nan nan nan nan nan nan nan nan nan nan nan nan nan
29.217635918294309505 28.727022801579934708 28.453687289069282684 28.376765397721687378 28.452010834645566462 28.267386705177614203 28.085231453142085911 28.122881399915801381 28.056978707900775305 27.995807216890387537 28.490284584867637818 29.288632880287174487 29.978921232899669036 29.386785310517332448 28.721671290133190979 28.400570224847129452 27.972071676277028729 27.436903500527638045 26.814142997442012017 26.262487375236322151 25.993239052857934013 26.109803804974628605 26.27358417641051247 27.020507525033607976 27.611110292233615127 28.42604102504792607 nan nan nan nan nan nan nan nan nan nan nan nan nan nan nan nan nan nan nan nan nan nan nan nan nan nan nan nan nan nan nan nan nan nan nan nan nan
29.613042963022866871 28.825563408006260602 28.301098890001032515 28.093628214429148926 28.153323149812447213 28.061313697809108447 27.817011444934649944 27.79701099971883238 27.820458577362074948 27.764487958937206002 28.108855952285676238 28.857231469706235316 29.68882515960740065 29.509703580302154791 28.76174059631356883 28.219048711699546317 27.57624433821768406 26.865543226674560628 26.096303738746332357 25.736847646088445885 25.531408522962806273 25.583245583972246351 26.062775443774029327 26.794550941520402176 27.298004331001173739 27.838255223245433001 nan nan nan nan nan nan nan nan nan nan nan nan nan nan nan nan nan nan nan nan nan nan nan nan nan nan nan nan nan nan nan nan nan nan nan nan nan
29.423098143403645821 29.049977919230901335 28.421369469743972047 28.002333684213169818 27.882890413806240559 27.87503043795560842 27.671572375832710122 27.515633203575909249 27.472565497480200492 27.746767842131692561 27.914564985478698134 28.247892309213131767 29.003466680790168652 29.294940149185876521 28.644683211861600824 27.842527034954340337 27.255904934076561119 26.506555276971820234 25.713064664567763629 25.309953834417470375 25.140868178093388252 25.361795061569406329 26.009241023737374121 26.49681457866590506 26.843090246279647459 nan nan nan nan nan nan nan nan nan nan nan nan nan nan nan nan nan nan nan nan nan nan nan nan nan nan nan nan nan nan nan nan nan nan nan nan nan nan
29.3330343353105647 28.974528739811187705 28.655923726938787865 28.063711504082078818 27.811656695946918916 27.762922749565404956 27.628694150199695656 27.347057213435391532 27.183248892083916814 27.591978280828904246 27.500113129814803159 27.757479322148824963 28.142210651160581847 28.645047219901009328 28.244356288408241085 27.461008888480236578 26.89243877176445352 26.150213854330448982 25.286060198129874266 24.927458178738792327 24.907482047614102783 25.319036436061512774 25.616656590727938436 26.080700561059874332 26.43967280613718529 nan nan nan nan nan nan nan nan nan nan nan nan nan nan nan nan nan nan nan nan nan nan nan nan nan nan nan nan nan nan nan nan nan nan nan nan nan nan
29.759280461622104497 29.138038225589507846 28.406498326736713267 28.065195363154010977 27.739130288364300725 27.450379438751689065 27.309286304939568879 27.162779819372627088 27.002663430275607226 27.211074755857239893 27.082089090831164668 27.31767175366081446 27.545103055249352764 27.924162105339171092 27.88315641092435726 27.302099955378409391 26.724629522459895981 25.925224327123476797 25.062514187857907189 24.670781745495432347 24.745785983386824114 24.975570035405269209 25.009005187442500784 25.517376750896655579 25.910180946510458 nan nan nan nan nan nan nan nan nan nan nan nan nan nan nan nan nan nan nan nan nan nan nan nan nan nan nan nan nan nan nan nan nan nan nan nan nan nan
29.421298508867970156 28.99449944775554755 28.187770504869202881 27.556477263966307589 27.443388653540147004 27.06062107544049411 26.941169691921739826 26.824994846945429572 26.772704469503437963 26.820911592085938224 26.758686739037049307 26.839218506364936445 27.128894949834908346 27.22924914048794065 27.345133450678890341 27.029412616612116693 26.487789064616908519 25.80801438402979997 24.986365533827871843 24.390531435774381208 24.36041327544880275 24.485602302200717872 24.513344144945321545 24.914472355896773337 25.437636359653300389 25.350615586149640279 nan nan nan nan nan nan nan nan nan nan nan nan nan nan nan nan nan nan nan nan nan nan nan nan nan nan nan nan nan nan nan nan nan nan nan nan nan
29.030727981405760829 28.568472215948741422 28.009828009990453523 27.487975018258595128 27.02305006935683096 26.731180135430150813 26.53230372894913458 26.431067046896185246 26.420203261602878797 26.374246041262360052 26.316884000127476639 26.265088942021257878 26.628309595153979217 26.840628389318702318 26.75446853387827062 26.572936076725699905 26.195704736671320489 25.696104420253920608 24.845426522423831983 24.193024413941373041 23.993908420339614906 24.056305090434413785 24.047308029443353661 24.34962757429047997 24.864935273063945687 24.649924055312496307 24.303212410532953669 nan nan nan nan nan nan nan nan nan nan nan nan nan nan nan nan nan nan nan nan nan nan nan nan nan nan nan nan nan nan nan nan nan nan nan nan
