results/rofental/precip_month_2020-04-01T0000_2020-04-30T2300.asc
ncols        322
nrows        225
xllcorner    622802.488000000012
yllcorner    5178049.378999999724
cellsize     100.000000000000
[rows 140 to 167 of 225, columns 63 to 125 of 322]
nan nan nan nan nan nan nan nan nan nan nan nan nan nan nan nan nan nan nan nan nan nan nan nan nan nan nan nan nan nan nan nan nan nan nan nan nan nan nan nan nan nan nan nan nan nan nan nan nan nan nan 37.861053352401306427 37.613327828145770582 37.079753296191860557 36.493464916861100278 36.021563331962454413 35.560181345408842901 35.121149868930686466 34.876878423387104533 34.668670563667305373 34.336439590274395073 33.927807835851204743 33.543511116219427493
nan nan nan nan nan nan nan nan nan nan nan nan nan nan nan nan nan nan nan nan nan nan nan nan nan nan nan nan nan nan nan nan nan nan nan nan nan nan nan nan nan nan nan nan nan nan nan nan nan nan 38.001478166013562543 37.71386918504525454 37.431156458268645792 36.852276685884476137 36.225648018279549945 35.86052024976413577 35.405191944734063725 35.040925411965581304 34.812877712527658502 34.55838339237138257 34.232690793838429499 33.79393847773790327 33.349886883901845636
nan nan nan nan nan nan nan nan nan nan nan nan nan nan nan nan nan nan nan nan nan nan nan nan nan nan nan nan nan nan nan nan nan nan nan nan nan nan nan nan nan nan nan nan nan nan nan nan nan 37.894619455336950864 37.182354535407434071 36.85571463753544208 36.521789836379369376 36.575758536030043899 36.260606220172611813 35.75771662896237757 35.231613792754451708 34.844111179960890468 34.54616482000627542 34.233858825807686799 33.899924831569116179 33.527264883239354276 33.101561069517714486
nan nan nan nan nan nan nan nan nan nan nan nan nan nan nan nan nan nan nan nan nan nan nan nan nan nan nan nan nan nan nan nan nan nan nan nan nan nan nan nan nan nan nan nan nan nan nan nan 37.486194398172273168 37.04426125933544256 36.374656739114726633 35.920732661412309028 35.723420916888322552 35.648067723050083089 36.005563392542086376 35.89881130358838135 35.190448087531130739 34.636031724068658377 34.266205615694730113 33.964754507065599398 33.593547026307341241 33.143263767432195266 32.724548788333223115
nan nan nan nan nan nan nan nan nan nan nan nan nan nan nan nan nan nan nan nan nan nan nan nan nan nan nan nan nan nan nan nan nan nan nan nan nan nan nan nan nan nan nan nan nan 37.405264336224178123 37.244536006035964704 36.863455718758459057 36.680398477057387652 36.384109362023892231 35.836569893812551868 35.431380377314376062 35.134020473496697434 34.9438610198491304 35.160807973952373118 35.367164103815753151 35.208490659945624657 34.759962932757638043 34.288094547390819855 33.906759794895393156 33.539154668293654993 33.199741411466106911 32.764931194784608692
nan nan nan nan nan nan nan nan nan nan nan nan nan nan nan nan nan nan nan nan nan nan nan nan nan nan nan nan nan nan nan nan nan nan nan nan nan nan nan nan nan nan nan nan 36.667872799384291227 36.730997647577304122 36.714422336676634018 36.228409171898960039 35.916611716218412198 35.883838226259008763 35.648690302470036784 35.24340488486680556 34.807987029542132973 34.540275384358650967 34.380323098075784571 34.428071052231608462 34.606802903404215499 34.571395055201811886 34.398062826887354504 34.138384085006705959 33.784420976300275186 33.344328560450136933 32.819908943907527998
nan nan nan nan nan nan nan nan nan nan nan nan nan nan nan nan nan nan nan nan nan nan nan nan nan nan nan nan nan nan nan nan nan nan nan nan nan nan nan nan nan nan nan nan 36.099194316547439598 36.091183868512501931 35.880708020584400231 35.774875592917766198 35.375459921817963505 35.169542419900587049 34.949110409939216026 34.815976718829418246 34.50798164496723075 34.284188419144243198 34.038677844722577959 33.783138927601484625 33.757314150111376705 33.806968480910413177 33.725814553226172166 33.580315096288217092 33.420384878885364799 33.228393103067325853 32.692799565832302733
nan nan nan nan nan nan nan nan nan nan nan nan nan nan nan nan nan nan nan nan nan nan nan nan nan nan nan nan nan nan nan nan nan nan nan nan nan nan nan nan nan nan nan nan 36.127764994144293098 35.878728155155314994 35.627117613328351808 35.357066809232044591 35.146969114516323884 34.993125403242999027 34.814604304990837136 34.639777007537823295 34.423296234066775412 34.194911765943913906 33.983305032289507608 33.693194287208456217 33.392195237726681967 33.165794083799262637 33.044820422876554744 33.036699436260427376 32.839964133625251463 32.674660945138683132 32.184424698568435019
nan nan nan nan nan nan nan nan nan nan nan nan nan nan nan nan nan nan nan nan nan nan nan nan nan nan nan nan nan nan nan nan nan nan nan nan nan nan nan nan nan nan nan 36.682709056509608558 36.298706691864097706 35.810619476530511918 35.521916973554027663 35.367227920439503919 35.198197466647627607 35.023024363884900367 34.854858890611374989 34.688143391055838549 34.493421366889286617 34.273829376417445758 34.039407915758303602 33.754885290695320066 33.467089952031912503 33.198154886508774553 32.880411270093773624 32.57816658940868848 32.212857052509910716 31.891873369186420462 31.59371657424883395
nan nan nan nan nan nan nan nan nan nan nan nan nan nan nan nan nan nan nan nan nan nan nan nan nan nan nan nan nan nan nan nan nan nan nan nan nan nan nan nan nan nan nan 37.01630885313882402 36.563425821284177175 35.94293146094544511 35.570378009055012569 35.421755618925715225 35.265071879187523507 35.090704437944104654 34.948692335190976621 34.761517061303138121 34.52445773932623041 34.277823088789240558 34.047356656927867391 33.777276071278642178 33.487988657165750794 33.181918664207906033 32.907737658890901855 32.532671120265689524 32.172366502372668151 31.628285513896244652 31.179910090412455759
nan nan nan nan nan nan nan nan nan nan nan nan nan nan nan nan nan nan nan nan nan nan nan nan nan nan nan nan nan nan nan nan nan nan nan nan nan nan nan nan nan nan 37.574469748850610529 37.180885919243074511 36.540400102380615976 36.105937156300008439 35.752849757608302639 35.555527470805614598 35.411808712883193095 35.240154458331701903 35.145359379013896728 34.948433502877989554 34.683414178701291064 34.409094628035425956 34.124798345859993276 33.804069932462020631 33.400661859590904612 32.934955803828309229 32.504870530864522493 32.124242540551094294 31.749606118429099411 31.431632783376212359 31.093503283357311062
nan nan nan nan nan nan nan nan nan nan nan nan nan nan nan nan nan nan nan nan nan nan nan nan nan nan nan nan nan nan nan nan nan nan nan nan nan nan nan nan nan 37.936977166220742674 37.788857918595041951 37.197062865722038794 36.798574285931778149 36.405411321537336278 36.069582435340485915 35.890864811988961947 35.759793038604144044 35.564453786240036948 35.441676450875561954 35.24908726588740393 35.01277771884411294 34.735249807385464749 34.387417526970125436 33.933905189552220349 33.383366176641629863 32.949270444320958973 32.517101904384766442 31.981024947581179418 31.620334803475163454 31.323316569551877819 31.134238478488089896
nan nan nan nan nan nan nan nan nan nan nan nan nan nan nan nan nan nan nan nan nan nan nan nan nan nan nan nan nan nan nan nan nan nan nan nan nan nan nan nan nan nan 37.808104360737026184 37.299467750810087807 36.984384111222212255 36.640227652673466707 36.294894245765078722 36.196349107834649317 36.131301693230490457 35.998298515367032735 35.973096304075760088 35.684767947267765464 35.427746944256888639 35.148750205341386277 34.809193063506064902 34.319942980450569792 33.710103688251429332 33.112140397403074132 32.58398788901267551 32.025541128371536104 31.533134609428778106 31.41466264253964269 31.304425991620753678
nan nan nan nan nan nan nan nan nan nan nan nan nan nan nan nan nan nan nan nan nan nan nan nan nan nan nan nan nan nan nan nan nan nan nan nan nan nan nan nan nan 38.562414619002232996 38.013006345248228968 37.573805288370927258 37.313770487207911231 36.958792075222305584 36.621954710490626894 36.559307369421475187 36.560233351505416977 36.536760837978121685 36.534569880294320399 36.292275450815729698 36.103051439990963445 35.769759717576640412 35.165926997646877794 34.580671505152707823 33.909805331600281875 33.229589913026515546 32.621553040202904583 32.04365450605033061 31.667948884242225205 31.601584191729397588 31.476988141359608875
nan nan nan nan nan nan nan nan nan nan nan nan nan nan nan nan nan nan nan nan nan nan nan nan nan nan nan nan nan nan nan nan nan nan nan nan nan nan nan nan nan 39.038368511172897968 38.557510452493751529 37.926513686050860485 37.59236010175307996 37.261719202282762353 37.035087044981857218 36.965944742608364493 37.130133523817896446 37.020122661683785736 36.301179474341580544 35.870842204064075531 35.811619272833326022 35.478637688861617505 34.969867013772343967 34.466700876844562629 33.836778294796765465 33.146415623448433507 32.521867827853171207 31.983712592457084867 31.859926777848645685 31.771405207496815848 31.646495743848181093
nan nan nan nan nan nan nan nan nan nan nan nan nan nan nan nan nan nan nan nan nan nan nan nan nan nan nan nan nan nan nan nan nan nan nan nan nan nan nan nan nan 39.421316451668829473 39.057562430570712309 38.630332278214517316 38.010701192465539577 37.520794959292899762 37.358590306441271878 37.395012672070059523 37.183306019443861601 36.495016063621001479 35.80023113846642957 35.502462541719594924 35.362513534810588567 35.216672969603791898 34.807255775442143886 34.223713422798340389 33.62811515288893105 33.020006687687704527 32.404312312169722077 32.09981265230758396 32.036402194027601809 31.934922148872779246 31.828793356278854532
nan nan nan nan nan nan nan nan nan nan nan nan nan nan nan nan nan nan nan nan nan nan nan nan nan nan nan nan nan nan nan nan nan nan nan nan nan nan nan nan nan 39.43024044704355191 39.229363026367423117 38.748715975929350464 38.211475462079398824 37.867379989244113858 37.510773081091976167 37.044144212643963954 36.582280269649913862 36.019308101377440323 35.506116558472577083 35.15271203582080517 34.833845050362327811 34.708228718540432567 34.464716937046468104 34.131935449007130501 33.621856740434090227 33.004249357993202807 32.378601335762695612 32.280751317268617129 32.213694099507350188 32.132036628373292331 32.024584584941969467
nan nan nan nan nan nan nan nan nan nan nan nan nan nan nan nan nan nan nan nan nan nan nan nan nan nan nan nan nan nan nan nan nan nan nan nan nan nan nan nan 39.247881330862924187 39.102575495077871892 38.8988643128894509 38.361010858842057303 37.8861242349625158 37.409801509554760912 37.026880148642426605 36.803979243243432506 36.410961519340922621 35.917579769124060363 35.3941162879355673 34.899161240738592937 34.605708262545839204 34.405442295573827494 34.182200703991490798 33.863502238312726433 33.443092151265503276 32.899872060784417727 32.504951872239374211 32.482676472300539672 32.411764035190444133 32.337894447492153915 32.232235621465598285
nan nan nan nan nan nan nan nan nan nan nan nan nan nan nan nan nan nan nan nan nan nan nan nan nan nan nan nan nan nan nan nan nan nan nan nan nan nan nan 38.745087197075797292 38.782843145925092188 38.72630828370805034 38.568869347306154793 38.210888380781213414 37.762066464344563599 37.320048317808385718 36.945332100591876667 36.712607978188948721 36.395123316601207364 35.93861136238608367 35.495007182372596333 35.074133444321567765 34.64184180980023342 34.277142445809602123 34.015283808244667796 33.732857736495276413 33.301351065136636009 32.779958612577473787 32.73282290142822859 32.701986851491177788 32.635962913799140495 32.557576379590379645 32.436381723703526347
nan nan nan nan nan nan nan nan nan nan nan nan nan nan nan nan nan nan nan nan nan nan nan nan nan nan nan nan nan nan nan nan nan nan nan nan nan 38.662912135557590432 38.365335461478814238 38.249930628781129371 38.278206744600915101 38.279829689310247431 38.217671586856461374 38.089649493923872114 37.871321801591840028 37.451416724202452713 37.043959374926394901 36.678135995236303302 36.322203571236144626 36.030136940723011207 35.648871284487398725 35.276145258165513496 34.810863875248543309 34.341217017970834036 34.02592211955165169 33.644300173916718677 33.143924477868942802 32.947372890383448407 32.959011394524537764 32.919306751479680884 32.869206753495987527 32.784690931050064933 32.647806951908194151
nan nan nan nan nan nan nan nan nan nan nan nan nan nan nan nan nan nan nan nan nan nan nan nan nan nan nan nan nan nan nan nan nan nan nan nan 38.423629281314809703 38.294628531757489043 37.926450164930123776 37.827731937487840241 37.80057765693898375 37.835645614912600365 37.826205354832410421 37.764615662736545687 37.64977960180117833 37.645460692512351386 37.30963759964059534 36.772970080799495918 36.316578500050205491 36.021076856524160803 35.666161125283551314 35.390858613644155639 34.931319464902081506 34.339036848451293338 34.001380030727531789 33.696756388134609495 33.260116208996187481 33.167658531595748173 33.161682880887219937 33.152370046373732748 33.121428017434560331 33.024966309505622064 32.897489794573168354
nan nan nan nan nan nan nan nan nan nan nan nan nan nan nan nan nan nan nan nan nan nan nan nan nan nan nan nan nan nan nan nan nan nan 38.17668213596460447 37.991652789847677241 37.903370202019232238 37.724941661244812963 37.516261176854655446 37.462676386522538508 37.403267054170328265 37.427282774230747009 37.441338576081768963 37.43693184076941094 37.342177820835580349 37.186693220873117127 37.34669137381905557 37.197332512984822017 36.660337937446335843 36.236379376562688037 35.879814883658639246 35.496900139980795075 35.059777932062338834 34.802790930128828961 34.319411575918373103 33.884358555596151064 33.375053338637208356 33.393087177576568081 33.418851923379918389 33.441030374731717245 33.401319023423795329 33.290629928031911788 33.213284692456632285
nan nan nan nan nan nan nan nan nan nan nan nan nan nan nan nan nan nan nan nan nan nan nan nan nan nan nan nan nan nan nan nan 38.503746141073783349 38.370709980473634459 38.012820015864186018 37.748285906949476498 37.605359921338177287 37.332487170358405137 37.151398319684766136 37.091688505683897858 37.095848715233181281 37.065276792839391362 37.055546881077695787 37.050287733766964493 36.956275130863183165 36.82652983907310329 36.650693886440286917 36.708691787797604889 36.57665168823900359 36.359826853718402617 36.038501778293685618 35.788035778232476503 35.557280826928796102 35.194898897244442537 34.697752934177863438 34.208419506457723003 33.704770062063801106 33.776398136346330148 33.748320469835419999 33.756054561824768712 33.711412984793938108 33.595981057208803122 33.531842478540731634
nan nan nan nan nan nan nan nan nan nan nan nan nan nan nan nan nan nan nan nan nan nan nan nan nan nan 41.562390006827826028 40.873168338994794624 40.169004631403709027 39.532283865731642436 39.111874238106288715 38.676077705234455095 38.448624522551227756 38.179202270165454536 37.881277183707588563 37.563977328653201937 37.371530119935322034 36.995162519898833864 36.787357911052517068 36.745159402414643068 36.780161807435739263 36.853946158088973561 36.834617419668866489 36.789228219349709548 36.592764452328246705 36.437300481208360736 36.230194764992155854 36.030851756312976875 36.052240103789955583 36.079402607051612506 35.760050428829096347 35.583894161541778089 35.380720682658562737 35.080987109437742788 34.760184288973768219 34.318713970012545644 34.105542550521121825 34.086541105158573828 34.045042558071571648 34.055346574647892055 34.025382375230819321 33.936542249335126087 33.873142927111985045
nan nan nan nan nan nan nan nan nan nan nan nan nan nan nan nan nan nan nan nan nan nan nan nan nan nan 41.581323131452194275 40.735287029659652092 40.100826484223603074 39.38285638788924814 38.973722481875576307 38.637465125500938257 38.336792533350127599 38.016660866089260651 37.785232788672999504 37.506417661456652013 37.210164651776153732 36.805352325828174287 36.74075283968037553 36.685469315361508791 36.585573672409033463 36.552634758760667921 36.584702790720108112 36.5476427123312817 36.368669381793196749 36.189932762711997327 36.019852541920151623 35.749464994673282092 35.685401814717728541 35.770913100308504795 35.644621029916486066 35.385334541012319676 35.187395362760334194 34.901816688180829829 34.651083469923790403 34.404934299085994098 34.377940220822850392 34.316659065297201892 34.301973644314074363 34.315663687837307805 34.29416437517884475 34.226681976479149228 34.268189371718406733
nan nan nan nan nan nan nan nan nan nan nan nan nan nan nan nan nan nan nan nan nan nan nan nan nan nan 41.648397816852742892 41.045182116664307159 40.342977588666222744 39.588152485422703819 39.022085583576298973 38.610113466649352176 38.295943609535576968 37.952490555162874841 37.646899469255750148 37.492419045812169998 37.189278926182886664 36.830167693220694503 36.708567661949736305 36.594461011802437156 36.450178090642872064 36.364942480447894013 36.317283610141586792 36.249071709578210232 36.112087824647055356 35.918054991805767884 35.710838784112567623 35.473392733633005491 35.405706043368567748 35.436846268577802732 35.352318541614422998 35.144981530505361889 34.909217503109175595 34.719229758391399798 34.690122541620269203 34.670759176641524846 34.590058526843783682 34.533482190712227577 34.533978510657917127 34.533548608138438851 34.507442782302000239 34.507949334694878019 34.684110935719616009
nan nan nan nan nan nan nan nan nan nan nan nan nan nan nan nan nan nan nan nan nan nan nan nan nan nan 41.557572652270550861 41.333813404174954087 40.678185509871553904 39.759288440381411078 39.217752545813262088 38.76049317836533703 38.238328112375732815 37.829972063091076961 37.552563161677419146 37.406425279806285289 37.217079732831741978 36.94012341705398228 36.58425368364920871 36.467743457851661049 36.396159933205559867 36.327860872853129592 36.209965901101661245 36.130224259541499521 35.91667172044157752 35.758368118852757789 35.536656803963680318 35.330346864459265532 35.252658692116234818 35.207058473551072098 35.163955621616700853 35.045859463709085446 34.930254155403666516 34.885825589244788603 34.872923251155789615 34.823302183309195357 34.771340442226254197 34.752911257915606313 34.742027011115872881 34.725913359536626501 34.712491226348824114 34.865738504205225468 35.159436473565719439
nan nan nan nan nan nan nan nan nan nan nan nan nan nan nan nan nan nan nan nan nan nan nan nan nan nan nan 41.088118094101560018 40.306536508714955858 39.46503531530520803 39.016959350941036178 38.77109976809766323 38.618961723293104171 38.039307659207445056 37.579842850130944498 37.255564707403713953 37.135399170992137385 36.967260906526682618 36.597103048412648718 36.375653926856287512 36.392147497026662961 36.343976122993815636 36.247182745835992534 36.126648591189855608 35.944389995939260984 35.739185519831188742 35.588170995004446695 35.415782225638260172 35.336704603090865362 35.303707611638039054 35.26373280032760249 35.195304587020480369 35.09433867450152178 35.039840009223446771 35.009569059095312582 34.975794141324975328 34.959838178821733834 34.950064871960741186 34.93971387543222562 34.900093904211054507 35.073687091512198322 35.439754773497213591 35.821785089566155591
