results/rofental/precip_month_2020-08-01T0000_2020-08-31T2300.asc
ncols        322
nrows        225
xllcorner    622802.488000000012
yllcorner    5178049.378999999724
cellsize     100.000000000000
[rows 168 to 195 of 225, columns 63 to 125 of 322]
nan nan nan nan nan nan nan nan nan nan nan nan nan nan nan nan nan nan nan nan nan nan nan nan nan nan nan nan 278.13834670672417815 273.37649204014678617 270.13618771399472962 268.92225991600037105 267.76499251976582627 266.24998485142600657 263.75346311578493896 259.28847194139552812 257.89685909005476105 257.22153264922462768 255.83617219705249113 254.18125906343522047 253.39042047314458728 252.59957902006561881 252.01420677203284981 251.01169356606476413 249.28248065938211653 248.0443441246097791 247.16484560133670811 246.14244210679396474 245.08722799412080917 244.31928986878975252 243.63226215779582162 242.99695741967215668 242.37357676249044403 241.79775934488085909 241.19255177331709206 240.52709996921618085 240.05093883024230195 239.58266243354594849 239.22121552799174538 239.59939972217190984 240.70704637353892963 243.31342209689933043 246.17845603674393828
nan nan nan nan nan nan nan nan nan nan nan nan nan nan nan nan nan nan nan nan nan nan nan nan nan nan nan nan 278.93814211582537155 273.53955506352662042 268.89267464925057993 267.82428375936063958 267.08481870483183229 265.99812803496229208 264.09023841877763061 261.13405384080624572 257.64169272777718334 256.65790640630132202 255.57583043159817748 254.6028986279894184 253.85452614116792347 252.37598043861831343 251.38255904559377996 250.71053902198821106 249.18714958487626632 247.86888523827994391 246.9624680790560376 245.9365448031910546 244.93885377223051591 244.23742274815512587 243.69452989453751002 243.13757690535405231 242.58704929445616472 241.99687083694274747 241.37362223162401165 240.75684244599432304 240.51837561726244985 240.56574004385493026 241.26154195741156627 242.20191126684142091 243.50681386833826991 246.72152993772778018 249.42590879122693082
nan nan nan nan nan nan nan nan nan nan nan nan nan nan nan nan nan nan nan nan nan nan nan nan nan nan nan 276.30628199846705684 275.46152670363613879 270.81233088898585493 267.65801651726013688 266.54757719449685283 266.21024745384403332 265.54504426401746287 263.93962242401755702 261.62052333456671249 258.97089220765849404 256.71086007904017379 255.12666189774773784 254.96177740935107181 254.32967415671166123 252.33170787457717665 250.76796678729786549 250.24869054078925501 249.3621616278487636 248.34010805707146119 247.16546239505808558 246.03415524688085725 245.10740557514517945 244.38344539263104593 243.84129506705988888 243.18668614437066822 242.65423516217867927 242.02917500366135073 241.51124998614929495 241.65014052413297918 242.12194553714849121 243.01968505243402774 243.92921839407873108 245.02665526147129071 247.07721400726097727 250.55316253890944722 253.78327015918927145
nan nan nan nan nan nan nan nan nan nan nan nan nan nan nan nan nan nan nan nan nan nan nan nan nan nan nan 274.53900528574405371 271.61213749210128299 269.15181771509992359 267.36353508682117308 265.85339123197894651 265.46708037681622727 264.89737455046184778 263.86258008005842157 262.49527361130623149 260.57730567435532976 257.78770066272608119 255.7337644090150377 255.47118451565387431 254.75206737126083567 252.2979518629308302 250.50941989684162081 250.18542488629324794 249.75010126143794764 248.99377762409287129 247.80854003694227572 246.66494211589738939 245.82614299126001356 245.03753769074396018 244.44449667590023978 243.43800253117331067 242.99870188090864076 243.05542162734323597 243.24964531670883616 243.74128923613753273 244.80946725819518406 245.70327725741861968 246.90543517343374447 248.42196334381176825 251.29301755508095084 253.90389161912307259 nan
nan nan nan nan nan nan nan nan nan nan nan nan nan nan nan nan nan nan nan nan nan nan nan nan nan nan nan nan 272.6453419121743309 268.7665688243087061 267.23435155416518683 266.18356485748188334 265.34479742297691018 264.34913461681333047 263.37748789103022773 262.65793287905722764 261.02842523380934381 259.26826654550382045 257.53651845732071024 256.21338344084415439 255.3875477091904429 253.209620478022714 251.21702261820752256 250.57809494876326539 250.2051212335276773 249.54307536695671388 248.05769991916238837 247.06489687202406458 246.42015259812879435 245.95937362222076672 245.73789486332049137 245.56206492417538811 245.92991863385196893 246.10813879527879067 246.5294451255265642 247.12797109731670275 248.39548946522506867 249.10686955565051903 250.21359238242519041 251.62039205400304809 255.50273082381920631 256.15402650379081706 nan
nan nan nan nan nan nan nan nan nan nan nan nan nan nan nan nan nan nan nan nan nan nan nan nan nan nan nan nan nan 271.44303991960703115 267.71958789804637036 266.73522567667242811 265.74929288657796178 264.41886470998190362 263.08930294592261134 262.10832016164425795 260.81818238034367141 259.55457342977967983 257.86660917123691661 256.31922364769241085 255.59634576807977169 253.68177349309067381 251.72646404628920891 250.95951377489572565 250.68485438806268917 249.99302316500609322 248.41583231340834459 248.07072095872374007 247.92891943826219858 247.8747469302670936 248.53752044529917953 248.71053664165290797 248.34105370664011048 248.8344963355973789 249.82126693233846026 250.7551190230015834 251.83291352538091701 252.49430664054122531 254.19640478151075058 256.59919563641255991 257.17061292321750443 nan nan
nan nan nan nan nan nan nan nan nan nan nan nan nan nan nan nan nan nan nan nan nan nan nan nan nan nan nan nan nan nan 271.71505990383155904 269.36431299172062381 267.2600060116292866 265.45097802323562064 264.02276744569081757 261.94213266012354779 260.72803578152132786 259.55385630272832032 258.00920978236996461 257.13197206801083894 256.61128740678185522 255.27801556456122967 253.76151266260745842 252.93322967627017306 252.53832875344730269 251.82490808338366151 251.04787813227122228 250.74704063747680038 250.49543754258806416 250.35857884001916318 250.68541966322854364 250.52948232432322584 250.96312233369937417 252.28184287567049182 253.12223577662052776 254.38678855843261317 255.59199033360340536 257.08533877882626939 nan nan nan nan nan
nan nan nan nan nan nan nan nan nan nan nan nan nan nan nan nan nan nan nan nan nan nan nan nan nan nan nan nan nan nan nan nan nan nan nan 262.27351553765231529 261.23656001680268446 260.07036905685259853 259.25701720937757955 259.07298497452416086 258.83715093612812552 257.98797170215516417 258.12774294438622746 256.98039415342424263 255.45699134255960416 254.13507371912049848 253.19055221905702524 252.21509511775718693 252.15210404653734599 252.01086045602517061 252.21162693106793995 252.99247413969214904 254.85331639018292549 nan nan nan nan nan nan nan nan nan nan
nan nan nan nan nan nan nan nan nan nan nan nan nan nan nan nan nan nan nan nan nan nan nan nan nan nan nan nan nan nan nan nan nan nan nan nan nan nan nan nan nan nan nan nan nan nan 253.55826783238111943 253.19994688358374901 253.51037056178736862 253.56672859839113698 254.42239942504912165 256.31897665619919735 257.56993298555562433 nan nan nan nan nan nan nan nan nan nan
nan nan nan nan nan nan nan nan nan nan nan nan nan nan nan nan nan nan nan nan nan nan nan nan nan nan nan nan nan nan nan nan nan nan nan nan nan nan nan nan nan nan nan nan nan nan nan 253.97268068738176794 255.47240010327359983 255.05162902352296328 256.4778562023633981 nan nan nan nan nan nan nan nan nan nan nan nan
nan nan nan nan nan nan nan nan nan nan nan nan nan nan nan nan nan nan nan nan nan nan nan nan nan nan nan nan nan nan nan nan nan nan nan nan nan nan nan nan nan nan nan nan nan nan nan nan nan nan nan nan nan nan nan nan nan nan nan nan nan nan nan
nan nan nan nan nan nan nan nan nan nan nan nan nan nan nan nan nan nan nan nan nan nan nan nan nan nan nan nan nan nan nan nan nan nan nan nan nan nan nan nan nan nan nan nan nan nan nan nan nan nan nan nan nan nan nan nan nan nan nan nan nan nan nan
nan nan nan nan nan nan nan nan nan nan nan nan nan nan nan nan nan nan nan nan nan nan nan nan nan nan nan nan nan nan nan nan nan nan nan nan nan nan nan nan nan nan nan nan nan nan nan nan nan nan nan nan nan nan nan nan nan nan nan nan nan nan nan
nan nan nan nan nan nan nan nan nan nan nan nan nan nan nan nan nan nan nan nan nan nan nan nan nan nan nan nan nan nan nan nan nan nan nan nan nan nan nan nan nan nan nan nan nan nan nan nan nan nan nan nan nan nan nan nan nan nan nan nan nan nan nan
nan nan nan nan nan nan nan nan nan nan nan nan nan nan nan nan nan nan nan nan nan nan nan nan nan nan nan nan nan nan nan nan nan nan nan nan nan nan nan nan nan nan nan nan nan nan nan nan nan nan nan nan nan nan nan nan nan nan nan nan nan nan nan
nan nan nan nan nan nan nan nan nan nan nan nan nan nan nan nan nan nan nan nan nan nan nan nan nan nan nan nan nan nan nan nan nan nan nan nan nan nan nan nan nan nan nan nan nan nan nan nan nan nan nan nan nan nan nan nan nan nan nan nan nan nan nan
nan nan nan nan nan nan nan nan nan nan nan nan nan nan nan nan nan nan nan nan nan nan nan nan nan nan nan nan nan nan nan nan nan nan nan nan nan nan nan nan nan nan nan nan nan nan nan nan nan nan nan nan nan nan nan nan nan nan nan nan nan nan nan
nan nan nan nan nan nan nan nan nan nan nan nan nan nan nan nan nan nan nan nan nan nan nan nan nan nan nan nan nan nan nan nan nan nan nan nan nan nan nan nan nan nan nan nan nan nan nan nan nan nan nan nan nan nan nan nan nan nan nan nan nan nan nan
nan nan nan nan nan nan nan nan nan nan nan nan nan nan nan nan nan nan nan nan nan nan nan nan nan nan nan nan nan nan nan nan nan nan nan nan nan nan nan nan nan nan nan nan nan nan nan nan nan nan nan nan nan nan nan nan nan nan nan nan nan nan nan
nan nan nan nan nan nan nan nan nan nan nan nan nan nan nan nan nan nan nan nan nan nan nan nan nan nan nan nan nan nan nan nan nan nan nan nan nan nan nan nan nan nan nan nan nan nan nan nan nan nan nan nan nan nan nan nan nan nan nan nan nan nan nan
nan nan nan nan nan nan nan nan nan nan nan nan nan nan nan nan nan nan nan nan nan nan nan nan nan nan nan nan nan nan nan nan nan nan nan nan nan nan nan nan nan nan nan nan nan nan nan nan nan nan nan nan nan nan nan nan nan nan nan nan nan nan nan
nan nan nan nan nan nan nan nan nan nan nan nan nan nan nan nan nan nan nan nan nan nan nan nan nan nan nan nan nan nan nan nan nan nan nan nan nan nan nan nan nan nan nan nan nan nan nan nan nan nan nan nan nan nan nan nan nan nan nan nan nan nan nan
nan nan nan nan nan nan nan nan nan nan nan nan nan nan nan nan nan nan nan nan nan nan nan nan nan nan nan nan nan nan nan nan nan nan nan nan nan nan nan nan nan nan nan nan nan nan nan nan nan nan nan nan nan nan nan nan nan nan nan nan nan nan nan
nan nan nan nan nan nan nan nan nan nan nan nan nan nan nan nan nan nan nan nan nan nan nan nan nan nan nan nan nan nan nan nan nan nan nan nan nan nan nan nan nan nan nan nan nan nan nan nan nan nan nan nan nan nan nan nan nan nan nan nan nan nan nan
nan nan nan nan nan nan nan nan nan nan nan nan nan nan nan nan nan nan nan nan nan nan nan nan nan nan nan nan nan nan nan nan nan nan nan nan nan nan nan nan nan nan nan nan nan nan nan nan nan nan nan nan nan nan nan nan nan nan nan nan nan nan nan
nan nan nan nan nan nan nan nan nan nan nan nan nan nan nan nan nan nan nan nan nan nan nan nan nan nan nan nan nan nan nan nan nan nan nan nan nan nan nan nan nan nan nan nan nan nan nan nan nan nan nan nan nan nan nan nan nan nan nan nan nan nan nan
nan nan nan nan nan nan nan nan nan nan nan nan nan nan nan nan nan nan nan nan nan nan nan nan nan nan nan nan nan nan nan nan nan nan nan nan nan nan nan nan nan nan nan nan nan nan nan nan nan nan nan nan nan nan nan nan nan nan nan nan nan nan nan
nan nan nan nan nan nan nan nan nan nan nan nan nan nan nan nan nan nan nan nan nan nan nan nan nan nan nan nan nan nan nan nan nan nan nan nan nan nan nan nan nan nan nan nan nan nan nan nan nan nan nan nan nan nan nan nan nan nan nan nan nan nan nan
