results/rofental/precip_month_2020-08-01T0000_2020-08-31T2300.asc
ncols        322
nrows        225
xllcorner    622802.488000000012
yllcorner    5178049.378999999724
cellsize     100.000000000000
[rows 112 to 139 of 225, columns 189 to 251 of 322]
187.1854999067495271 184.16592727655000772 181.71954278060150045 179.45656615812811197 181.64616895762767967 184.83076893183849165 187.42914931895185759 190.50154689876873704 195.32841886159414457 200.10248270148866823 204.23430480865255277 208.39473103175549795 208.69499919485991768 208.28100848747843088 207.52598926595726425 206.19286622183415147 206.66774915327223994 211.4020837493011129 214.919938151581988 216.95012744718590625 218.15436108038332463 217.44319182314677619 215.14839075050727502 214.73565632327168373 217.46911538132670216 220.11095571901492463 218.39747412266271454 nan nan nan nan nan nan nan nan nan nan nan nan nan nan nan nan nan nan nan nan nan nan nan nan nan nan nan nan nan nan nan nan nan nan nan nan
184.82874763968530374 182.40759937423590031 180.44048248642343424 182.90182556470412578 184.35481222395893042 187.78702726917416044 191.57392416537047097 194.92731188750647675 200.61536929040076416 204.69361189692199332 208.11906370483478668 210.76943323362189631 211.02292656266212134 210.82734852255040892 210.7570096556302417 209.14440429311144953 209.05660488166012101 211.59366420391029351 216.26653277533242203 220.48035551976363422 219.95550577960480609 218.26766198134993147 217.44556691974889873 218.58490602373652223 222.15632512282618904 nan nan nan nan nan nan nan nan nan nan nan nan nan nan nan nan nan nan nan nan nan nan nan nan nan nan nan nan nan nan nan nan nan nan nan nan nan nan
182.58354901789300584 180.78681378963543125 183.55589357301667519 185.82039233268912426 188.19041366708486862 191.49905261878495821 195.39872955341377292 199.75594830688899606 203.95673845641775301 207.99103033141133778 211.66170968964181043 213.37670479548035019 213.02528280423328511 212.5939333873537862 212.7062361765354126 211.63830134890454815 211.46655670780253899 212.03439191392234875 217.06235611519250028 222.25908481964091834 221.19667824598215589 219.20899234285303692 219.32000435756344814 222.0769800876705915 226.23375491618708111 nan nan nan nan nan nan nan nan nan nan nan nan nan nan nan nan nan nan nan nan nan nan nan nan nan nan nan nan nan nan nan nan nan nan nan nan nan nan
181.37865134814032331 183.57792875113352693 185.95023680643936359 188.70466717576101701 191.67398085165962129 195.3351853615337177 198.94695497690830166 201.92834390396131994 205.59157821027588398 209.95885922577656402 213.71651375379011029 215.63603335727776766 215.36018073455340982 215.7502030729602609 214.8961865033507479 213.88502325653254843 214.02661828444476555 213.95791909804938769 217.48928871563316534 223.13471871156565385 224.09887524229864653 222.40803198622592163 222.47084709518176737 224.68941397332935139 229.32995531505792997 nan nan nan nan nan nan nan nan nan nan nan nan nan nan nan nan nan nan nan nan nan nan nan nan nan nan nan nan nan nan nan nan nan nan nan nan nan nan
185.51878448286356615 187.18154519094758825 189.29309966911736751 192.96826235102207647 196.52972272321861169 199.83179032660018493 203.41761203602962382 206.61106824789348479 208.57129064882815328 210.95732412917095644 213.76030721102111443 217.81546678203670808 218.95833556850013224 218.67890894095518206 217.28307792653734509 216.34901400926270298 216.35971456862708351 216.86103250893205541 220.06138141956031973 225.69852035027358284 228.49325002070426649 226.90267945643896041 227.1204015760742152 229.6106524571973182 230.91064613227712243 nan nan nan nan nan nan nan nan nan nan nan nan nan nan nan nan nan nan nan nan nan nan nan nan nan nan nan nan nan nan nan nan nan nan nan nan nan nan
189.34945699285029264 191.23311686950779631 193.29422445759794869 198.598759916597146 201.91940413798883469 204.66769814827659957 208.30931578595155429 210.91985351475273092 213.43063464146251818 215.71104803306457143 217.85417196005275287 219.5699286064298974 222.02950993249930889 221.19339343884308846 220.58415263734394784 219.92008835487200713 219.5236973912767553 220.07682753729926617 222.77673878910565008 227.8997233210911304 233.18232206157134101 233.41799899003879659 233.26961234549560231 234.73323843322864946 nan nan nan nan nan nan nan nan nan nan nan nan nan nan nan nan nan nan nan nan nan nan nan nan nan nan nan nan nan nan nan nan nan nan nan nan nan nan nan
193.37102829493912282 195.82042511226973147 199.49762388144176839 203.70064286115791674 206.8233400333360521 209.51023391057319145 212.37057715706077943 215.03543202412018331 217.85735786431692418 219.71081183499691747 222.37532978023747887 223.15397634149334749 223.46672722364181141 223.56323176637351935 223.45057694696666317 222.86766815198922131 222.28978062424201312 223.21914064111774678 226.67432257680420093 230.77447265940017473 235.95836107166857687 239.38899815011529881 239.37993898680559823 nan nan nan nan nan nan nan nan nan nan nan nan nan nan nan nan nan nan nan nan nan nan nan nan nan nan nan nan nan nan nan nan nan nan nan nan nan nan nan nan
197.29046494671982259 201.22453564494034595 205.7457221864177086 208.7790453777773223 211.25624450059197557 213.57108531427741127 216.55002494626441489 219.46369133051763356 221.30875365111251085 223.72179186942952356 225.08409397324140855 225.03265587123715363 224.95878970642229433 225.71705879991796451 225.42277311985162669 225.09832436388177257 224.77158029054223221 226.26701650600639937 230.14179548244604234 235.5889543700800175 239.8366835218344022 243.87797762077443053 nan nan nan nan nan nan nan nan nan nan nan nan nan nan nan nan nan nan nan nan nan nan nan nan nan nan nan nan nan nan nan nan nan nan nan nan nan nan nan nan nan
201.82034606758350037 207.00696103181527974 210.88633901977604523 213.61370051606061793 215.41459194169786429 217.7696354699040171 220.57808355388539212 223.00670233771307949 226.00302404849225013 227.38870008140969503 227.36466313081507451 226.54260924299100566 226.63545505879878306 228.02197790871770167 227.80873936620065479 228.09457857442586715 227.82388639968689859 230.94189726136491458 235.63219860283822982 238.29078593931683372 243.34471205061828414 248.30834092845307737 nan nan nan nan nan nan nan nan nan nan nan nan nan nan nan nan nan nan nan nan nan nan nan nan nan nan nan nan nan nan nan nan nan nan nan nan nan nan nan nan nan
206.87605196879471237 211.50829847135406681 215.26468991269578623 217.60069624458392923 219.66258127753354756 221.80220885095454264 224.41321739754096143 226.85937678850737598 231.10879400994230082 229.5312285528307541 229.12574874387144064 228.20464998627414843 228.20569402551518579 229.66100174963889913 230.58557012134099296 231.13665169033430402 231.1797884490423769 234.27593881428043687 239.3458937548965082 242.13476554275223407 246.8335958494480451 251.53765020157297272 nan nan nan nan nan nan nan nan nan nan nan nan nan nan nan nan nan nan nan nan nan nan nan nan nan nan nan nan nan nan nan nan nan nan nan nan nan nan nan nan nan
209.57294871016048887 214.53790707893909939 217.57598707902477031 220.74748066514959532 223.1967118411749027 225.4985883890815046 228.68195121816728488 232.22385445039645901 234.21881691357341992 231.37490895360215859 231.03424092518588395 230.0404153140169683 230.61422458364179988 232.48665365794715854 233.06197998088489953 233.22610108812159524 234.08230025879092295 236.38657529716152794 241.74099466884914023 244.84493410020769488 249.03265314388428919 252.93392697028230032 nan nan nan nan nan nan nan nan nan nan nan nan nan nan nan nan nan nan nan nan nan nan nan nan nan nan nan nan nan nan nan nan nan nan nan nan nan nan nan nan nan
212.33425956024694869 216.3926021092396752 219.19940762966839998 223.48526965256760946 226.28881248835224937 228.93328777114143691 233.18223009901424803 236.42912200665614364 235.22743727060867514 233.58439871736715077 233.41913398635705335 233.33439570703063737 234.60633752103061056 235.52692647986233965 235.67998308093686433 235.60268539919769637 236.94877050812866059 238.20605104828496223 240.22959453140640562 243.88243861356750131 247.75795131300088769 252.10729570793498056 nan nan nan nan nan nan nan nan nan nan nan nan nan nan nan nan nan nan nan nan nan nan nan nan nan nan nan nan nan nan nan nan nan nan nan nan nan nan nan nan nan
214.92771939154130223 218.4364828456572809 221.958174101910231 226.04452301752490939 228.96539630253212749 233.21317143064877087 238.25432193520319402 239.75549771384388009 237.04754620235249263 235.67567641014963442 235.15069349574955027 235.82882484492833441 236.84770483846375555 237.69144784925336467 237.75377493429320452 237.48339239343721374 238.59401196692965641 240.363173089981359 240.90612212978155071 243.35333590827241323 248.23419547530022555 252.27526947892923204 nan nan nan nan nan nan nan nan nan nan nan nan nan nan nan nan nan nan nan nan nan nan nan nan nan nan nan nan nan nan nan nan nan nan nan nan nan nan nan nan nan
216.97644561032907973 220.79197430327721463 224.79082494637597733 228.57379194101150688 231.78006109150979341 236.96364963514315605 241.0978178168150805 240.34653977379153389 239.83267222242730554 238.50940717709306682 238.35692955042898689 238.8077717319938813 239.40443990769540505 239.87863580904857486 239.6086108931931733 239.60321246616948088 241.06468507187975092 242.29827664979640645 243.20599024135762534 244.33032825859703507 249.71789223744528385 253.21344993494804498 nan nan nan nan nan nan nan nan nan nan nan nan nan nan nan nan nan nan nan nan nan nan nan nan nan nan nan nan nan nan nan nan nan nan nan nan nan nan nan nan nan
218.53087911414007749 222.87663312831637086 227.52180538304597235 231.08962725467085875 234.86951699616537326 239.50311199676892215 243.6911467395726163 243.02729947839529245 242.23243484053364227 241.63892819138456503 241.38701072386916735 241.29014752311329062 241.63020603327495905 241.72920006634424794 241.55106049451035233 242.30822985240851608 245.56841442484923732 245.6729851867425225 246.47547055769138069 247.02539550556721792 250.00123537707034416 nan nan nan nan nan nan nan nan nan nan nan nan nan nan nan nan nan nan nan nan nan nan nan nan nan nan nan nan nan nan nan nan nan nan nan nan nan nan nan nan nan nan
220.15838511477608108 225.03910427608437317 229.03874858205705323 233.27746307977275819 237.30230394851986375 241.35718290878224934 245.84232354415124178 246.75937278833146138 244.87401335447123074 244.400188282421027 243.91402621521402239 243.55067213241011359 243.4057965912490431 243.47796940868414595 243.58650311100038266 245.13106772912482256 248.50897327807840043 249.64709543714735673 249.48054619949510879 250.06811220226870773 252.86684549391142696 nan nan nan nan nan nan nan nan nan nan nan nan nan nan nan nan nan nan nan nan nan nan nan nan nan nan nan nan nan nan nan nan nan nan nan nan nan nan nan nan nan nan
224.12844065607890798 227.15406931533891566 231.11397228413810012 235.55822055536779658 241.11044033804731157 244.88963601624143962 249.05404146305374979 247.68360033552963273 246.91436935880818737 246.28337179649403765 245.82460084820044699 245.33496891239218485 245.2081134598959693 245.37828450347751641 245.66978173382722161 247.17520787284976791 250.30135642374332861 253.23114141807431565 252.91980382896039714 253.59303220146335889 255.46879740121588043 nan nan nan nan nan nan nan nan nan nan nan nan nan nan nan nan nan nan nan nan nan nan nan nan nan nan nan nan nan nan nan nan nan nan nan nan nan nan nan nan nan nan
226.59366922318812954 229.99215653776875001 233.36977120480938197 237.08629018825061507 242.23959735337044208 246.77748808123055824 250.26766765588754993 250.10440869022315269 248.78050796578469317 247.67940726049164368 247.30571139489950383 246.85127142852402926 247.00811897349456103 247.28361522674819639 248.02616929027976767 249.67727959192021103 251.73969151630524266 255.88579130800690109 257.3504840864951575 nan nan nan nan nan nan nan nan nan nan nan nan nan nan nan nan nan nan nan nan nan nan nan nan nan nan nan nan nan nan nan nan nan nan nan nan nan nan nan nan nan nan nan nan
229.03917254648200696 231.78184593290322368 234.9917928459676375 239.27952590756851237 243.33582895942271307 246.9852407217496193 250.36616592745323828 252.35527525628040735 250.91177315535298931 249.63678291434436574 249.39942693900579229 249.13511665056793731 249.12028111331503055 249.8079082550415535 251.65435788588476385 252.54578135097554537 254.08458003092758304 258.15416489722127835 nan nan nan nan nan nan nan nan nan nan nan nan nan nan nan nan nan nan nan nan nan nan nan nan nan nan nan nan nan nan nan nan nan nan nan nan nan nan nan nan nan nan nan nan nan
229.62973649521094899 233.1800597464364273 236.37385810216380833 239.90239595011536267 242.11271759849054774 245.12492164726475607 249.69452085836670108 254.24375520121245131 253.5542505059303835 252.67241733837920492 252.08848489964657347 252.01859456145791683 253.3279556548146445 255.7628611784815007 256.01498266082506916 255.35182096478351355 257.00030789257760944 nan nan nan nan nan nan nan nan nan nan nan nan nan nan nan nan nan nan nan nan nan nan nan nan nan nan nan nan nan nan nan nan nan nan nan nan nan nan nan nan nan nan nan nan nan nan
232.82899082207674724 235.55661203143347393 237.84874318458679454 240.58658325251482779 242.54600334479948742 245.9452240201587756 250.61526454906581307 255.0590780036341414 256.3028730254304719 255.94384407335448373 255.73661335616353085 256.10524648836229744 nan nan nan 257.8291484280188115 nan nan nan nan nan nan nan nan nan nan nan nan nan nan nan nan nan nan nan nan nan nan nan nan nan nan nan nan nan nan nan nan nan nan nan nan nan nan nan nan nan nan nan nan nan nan nan
235.39338244621364993 237.14816013617004842 239.03205516185431634 241.23557301245716644 244.32848242571566288 248.29947247166171564 252.38631471824743358 256.98369757367726152 259.76256598272385645 nan nan nan nan nan nan nan nan nan nan nan nan nan nan nan nan nan nan nan nan nan nan nan nan nan nan nan nan nan nan nan nan nan nan nan nan nan nan nan nan nan nan nan nan nan nan nan nan nan nan nan nan nan nan
235.7759880621007369 238.37953429525450133 240.49012144603869956 242.61109491809210681 246.55336734520858499 250.82041593541526936 254.78897100942378984 259.07759762521067159 nan nan nan nan nan nan nan nan nan nan nan nan nan nan nan nan nan nan nan nan nan nan nan nan nan nan nan nan nan nan nan nan nan nan nan nan nan nan nan nan nan nan nan nan nan nan nan nan nan nan nan nan nan nan nan
237.28917227410337887 239.41832137098126054 241.95899866411613743 244.60902226340766674 249.00291235305513737 253.18216721730561858 257.04761806208227881 260.1049822414705659 nan nan nan nan nan nan nan nan nan nan nan nan nan nan nan nan nan nan nan nan nan nan nan nan nan nan nan nan nan nan nan nan nan nan nan nan nan nan nan nan nan nan nan nan nan nan nan nan nan nan nan nan nan nan nan
238.89570524154294162 240.45981278501062661 242.48162618772025212 244.91951623043581776 247.79390692881827363 251.93783860690803067 256.02474614982804724 260.6634285013511203 nan nan nan nan nan nan nan nan nan nan nan nan nan nan nan nan nan nan nan nan nan nan nan nan nan nan nan nan nan nan nan nan nan nan nan nan nan nan nan nan nan nan nan nan nan nan nan nan nan nan nan nan nan nan nan
240.40879826883889336 241.89944563879564043 243.44207746654026892 245.04179887804613713 247.3464122362078399 251.2970570145564011 256.55025982597589973 261.64440551920318967 265.90814369230565717 nan nan nan nan nan nan nan nan nan nan nan nan nan nan nan nan nan nan nan nan nan nan nan nan nan nan nan nan nan nan nan nan nan nan nan nan nan nan nan nan nan nan nan nan nan nan nan nan nan nan nan nan nan nan
242.1620091917964146 243.52139577726327957 245.46529227756278146 246.90255225256868243 248.14447189281648321 250.97876443918897849 255.95240426974982029 260.71307049075375062 265.83775634719944492 nan nan nan nan nan nan nan nan nan nan nan nan nan nan nan nan nan nan nan nan nan nan nan nan nan nan nan nan nan nan nan nan nan nan nan nan nan nan nan nan nan nan nan nan nan nan nan nan nan nan nan nan nan nan
243.93579139711494008 245.44205567092771503 247.26038401932478905 248.582810139054601 249.69403773002539992 251.80279120170689566 257.03818941757424454 262.03863685538073014 267.28597692910972228 nan nan nan nan nan nan nan nan nan nan nan nan nan nan nan nan nan nan nan nan nan nan nan nan nan nan nan nan nan nan nan nan nan nan nan nan nan nan nan nan nan nan nan nan nan nan nan nan nan nan nan nan nan nan
