results/rofental/snowdepth_month_2020-09-01T0000_2020-09-30T2300.asc
ncols        322
nrows        225
xllcorner    622802.488000000012
yllcorner    5178049.378999999724
cellsize     100.000000000000
[rows 108 to 134 of 225, columns 183 to 243 of 322]
0.027611861413513336116 0.027475711980774801535 0.027225030789607262277 0.026694173088253468629 0.011329279320555447896 0.011069423184989265335 0.010665065339030992131 0.010081206285722076749 0.0096916155019936209292 0.0093235698612708587524 0.0090620483549364722053 0.0088281022652212937096 0.0084425730533026679264 0.0085742236146214602377 0.0088487273864507921817 0.0092105268015676474563 0.0096357742757827505309 0.010588296590751162043 0.011003444669453516305 0.011051704383603892443 0.010545297290201378904 0.010375027100587016354 0.01194446377386427019 0.029245648654041687953 0.029502673756060918825 0.029470762404187621913 0.029497664918956466307 0.012440205468464044652 0.012585310448068999165 0.012668714670532061489 0.030335926371093169251 0.030592336022889066866 0.030970076478584258189 0.031413125077647076344 0.031932611452916953576 0.032245811512718228209 0.032340971481444651114 0.032850139668465887233 0.032777599912264039628 nan nan nan nan nan nan nan nan nan nan nan nan nan nan nan nan nan nan nan nan nan nan
0.02705131542643375922 0.026944453379080791217 0.026776637034595433123 0.026419983455623855667 0.026060824231633770987 0.01108722477393453941 0.010567535644179485224 0.0096712321710964235799 0.0092710704269363310853 0.0089636044098021089299 0.0087555276580258273311 0.008496604478222761353 0.0084382656912061048543 0.0086644546173161914732 0.0090753672379621681821 0.0096513047895275053123 0.010146425367510054222 0.011198727314009310208 0.011624404969333972104 0.011688438862764050086 0.011169899245892980083 0.010797409927535342802 0.0284344188780018374 0.02979276420302159889 0.030299449475304839757 0.030604598784048860777 0.030697328335164763419 0.030452793417294357625 0.030552042849759940973 0.031098477459972496961 0.031677108057305870814 0.032162377860785539008 0.03259206618096956859 0.033386506414886413241 0.035075118902260650489 0.035945517487272059254 0.035803950438938345058 nan nan nan nan nan nan nan nan nan nan nan nan nan nan nan nan nan nan nan nan nan nan nan nan
0.026286935129306486514 0.026451353809418893387 0.026556308777766862023 0.026158994378748814946 0.011153639967661178531 0.010731632732493816967 0.0098504745252847095149 0.00927048132590178528 0.0090727783977646841301 0.0088015891120400806258 0.0084294301407491518258 0.0083730655374735351443 0.0085942422169630484224 0.0088537088844184656106 0.0093623109701069136268 0.010097305972612461919 0.011086982983895267776 0.011868045777401959456 0.028320630535661282107 0.028094503259440292003 0.011633777188926700333 0.011271496187925422391 0.028807327185777970024 0.030788477174805289893 0.03154264984197945737 0.032241462094371634017 0.032542421731251595929 0.032345362241060396369 0.03285625563788431569 0.033070433187998078683 0.03327157773427467935 0.034814836407206527225 0.036156724370188311757 0.037070610979656401507 0.03684170289965431333 nan nan nan nan nan nan nan nan nan nan nan nan nan nan nan nan nan nan nan nan nan nan nan nan nan nan
0.01123793011351180253 0.026076021370587388476 0.01136118013166289957 0.011137131743827438646 0.010567296776685764642 0.0097269858829141745554 0.0091894642452817702077 0.0089595045655277254226 0.0087863612931779397353 0.0085099688852746917939 0.0083685616796334936357 0.0085843484130416706362 0.0087673203901563502571 0.0091041285977985480365 0.009561053360755088909 0.010371027280262267931 0.011616156132294837289 0.028665831602872345052 0.029008647116441417524 0.028689762324638774793 0.028521947122545642656 0.011845917186448774033 0.012287840642187507559 0.031757821575950903603 0.033108221337201884649 0.033921306919623174514 0.034541078603516135737 0.035359729771096345963 0.035723622139815412735 0.033603534538758979278 0.033762611231999958838 0.038512499172686218141 0.038566729015764585065 0.037911782287887149656 nan nan nan nan nan nan nan nan nan nan nan nan nan nan nan nan nan nan nan nan nan nan nan nan nan nan nan
0.010394898502616826269 0.010948650937659953897 0.010951332150442680269 0.010476227329235287752 0.0098236017096526694753 0.0092309437669846287206 0.008927874995547297951 0.0086899071066027355065 0.0085085336307272590312 0.0083175241150046999583 0.0085565394139029311849 0.0088419590181333645312 0.009031564536514515712 0.0092843633122451675599 0.0098760853843218622539 0.011059547019786538161 0.011922708767651337206 0.029627404672929902318 0.029896962920791147339 0.029753742177821684151 0.029506492278418484931 0.028964836312347988501 0.029108501840920335269 0.031623515991709420792 0.033770804958212045921 0.035775007916543942466 0.037995991202638461359 0.03707173572863958072 0.034385608703746434189 0.034021069573562788546 0.037190331147971107673 0.042238565681023160225 0.040634705973915961896 nan nan nan nan nan nan nan nan nan nan nan nan nan nan nan nan nan nan nan nan nan nan nan nan nan nan nan nan
0.0093705889529146369626 0.0099452956128675152475 0.010061986104977143491 0.0094438401999851744745 0.0090748695651314513488 0.0088472043878849646048 0.0086875854274908095171 0.0085005676523859929894 0.0083373265964872197986 0.008581851162172282263 0.0087105918842963550586 0.008991747279417554653 0.00935196522290993211 0.0097066288251979118695 0.01112929685139435465 0.027531665247989053208 0.028895622907572516419 0.030352555979983084078 0.030545646272298426077 0.030554728229367691256 0.030620005567952010561 0.02980133109624663601 0.029791547838919352209 0.031031406118803839256 0.033702120187319897782 0.039201990588774472679 0.03818069336036874345 0.03575794739043351711 0.035041507777025492076 0.036137248734695530394 0.042229998248001568428 nan nan nan nan nan nan nan nan nan nan nan nan nan nan nan nan nan nan nan nan nan nan nan nan nan nan nan nan nan nan
0.0089042909024150823649 0.0091514035123547287504 0.0092577342518385900144 0.0091755326473189572495 0.0089067609947070299631 0.0085808509305266341544 0.0084273799881176177096 0.0082833476278402328602 0.008550391861699493945 0.0087532317970326328077 0.0089399777682819987767 0.0092648993117575139528 0.009758986883025004555 0.010725641198494572509 0.026898221838316103971 0.02837937943624891865 0.030251478283438857503 0.031228345531123791884 0.031010850093096432867 0.030852264541357334732 0.031015569188742157097 0.030544896911283418717 0.030406631017952545637 0.030636257751410045369 0.032957847572192479346 0.039648410924649997444 0.037538897755252091659 0.035225407281527114367 0.035417150337538554072 0.038504405943840358528 0.055075092630797725657 nan nan nan nan nan nan nan nan nan nan nan nan nan nan nan nan nan nan nan nan nan nan nan nan nan nan nan nan nan nan
0.0086285344891333486117 0.0086560080740000367588 0.0088788650800791565215 0.0088327663209358496521 0.0086124140284473300888 0.008434544045015181235 0.0082426931198124105821 0.0084622598611183846851 0.0086685949640972741886 0.0088848177178864444492 0.0091677016400114434702 0.0095948399840491103985 0.010324545980685590971 0.010943681028270833833 0.011722756487084909707 0.028742989500709630046 0.030664083380151956754 0.031937408481611917477 0.031655191824507614151 0.031984522082017949329 0.031523663176984600964 0.031032570380864984289 0.031141852140103537527 0.031051874207598698791 0.032574278026058174629 0.038214872500086712048 0.040117239810063723415 0.036715842927092512404 0.036680643785662672696 0.039997814061827278997 0.066555526784669125084 nan nan nan nan nan nan nan nan nan nan nan nan nan nan nan nan nan nan nan nan nan nan nan nan nan nan nan nan nan nan
0.0086549394640433423287 0.0083857391068619929059 0.0084472611473440234464 0.0085109224741779475332 0.0082791556506202051285 0.0083031873149251519961 0.0085624906281468893959 0.0086828746810308325699 0.0088292061367756836943 0.0091936365941111646005 0.0096855119273737948909 0.010407658391498143119 0.011164671781746165341 0.027039473041191221941 0.027666958278228303419 0.028611457974248532404 0.029938446832805550718 0.03222055762651654387 0.032985068708146519922 0.032878968884424111807 0.032053483109819085051 0.031671997050361389014 0.031716809843136732627 0.031920338399891952375 0.033413386973165960792 0.040237473748812611907 0.045385255223806104941 0.041319365871778576671 0.041721042136204269934 0.047851675658863147833 0.067608178423990666905 nan nan nan nan nan nan nan nan nan nan nan nan nan nan nan nan nan nan nan nan nan nan nan nan nan nan nan nan nan nan
0.0085874177752352197357 0.0084318278596207749814 0.0082825674310866015393 0.0082780550182394059544 0.0084362375805328640443 0.008569466508157132234 0.0087947231698280534801 0.0089309811975763139791 0.0090663759301127834489 0.010057967800703419489 0.010759198322024461983 0.011279020396856409558 0.02731668381987524194 0.028308637075014249362 0.029427356141145104285 0.030390625064013694623 0.031496315120065267179 0.032402673754777705506 0.034614739671033435686 0.033957706938258669371 0.033482433960057345068 0.032927669867218803401 0.032534925276544092443 0.032740109658002850002 0.034632719440482656603 0.040435357190258661153 0.061728527868183474814 0.060905227918852757052 0.050971224890868860324 0.074903491051999351868 nan nan nan nan nan nan nan nan nan nan nan nan nan nan nan nan nan nan nan nan nan nan nan nan nan nan nan nan nan nan nan
0.0085835181068332992022 0.0083852999728602321816 0.0082687694830967193443 0.008392657848866464515 0.0086130234152778407941 0.0087996888907161969345 0.0090927773612536500619 0.0093407060949753061008 0.010024512868069025695 0.010955907162290534282 0.01154919253796577415 0.012049196493408352235 0.028498888664023815098 0.029637193080967495773 0.031038608891280020791 0.031798703334105324347 0.034079026884534499575 0.034629899794836299654 0.03495719204101843669 0.035103098064577439863 0.034927533709801970863 0.034374183042282346889 0.033608240626430523068 0.034165925771127092503 0.037106952142547090789 0.043049442443418822757 0.062646157041620326167 0.08498241016292150396 0.086492762149831967089 nan nan nan nan nan nan nan nan nan nan nan nan nan nan nan nan nan nan nan nan nan nan nan nan nan nan nan nan nan nan nan nan
0.0085391044604945943314 0.0083600261249974095606 0.0083661373765269043262 0.0084581297193282809627 0.008870171647380275734 0.0091061533639323656575 0.0095048882919057837981 0.010288081872982777348 0.011243659965053390964 0.011788269516686074659 0.027542940495332984829 0.02858635343035318202 0.029840739632939754233 0.031239927951028336611 0.03201709211580364145 0.033915672891874533434 0.035328266254509577138 0.035264898296465667371 0.035218515317440059198 0.035770674469954376329 0.035574462698719500064 0.035186078615181894114 0.034554754496447549761 0.035410793342592845889 0.040067642007648958391 0.05018823085874326434 0.073740694919329580204 0.11871226066375377417 nan nan nan nan nan nan nan nan nan nan nan nan nan nan nan nan nan nan nan nan nan nan nan nan nan nan nan nan nan nan nan nan nan
0.0085167044222764116956 0.0083602338020705279503 0.0084774512354277662546 0.0085814640149088905474 0.0091948290593908618695 0.0097538346009772639023 0.010291661338071278128 0.011309042209030084961 0.027098170873431925293 0.028281533164075587511 0.028992491132786908647 0.02994362330630769356 0.031189930601729497217 0.032430421588566321622 0.035019657903625441009 0.036184985763389264368 0.036173055446696369963 0.035415259431720705341 0.035525728454697355629 0.037525793789769980313 0.036554425208765541078 0.036870646361217326858 0.036080926643668659315 0.040128444663795684311 0.048395283080040492341 0.052297385846503494089 0.08581248092400382832 0.31730472870131642971 nan nan nan nan nan nan nan nan nan nan nan nan nan nan nan nan nan nan nan nan nan nan nan nan nan nan nan nan nan nan nan nan nan
0.0084813585744422763379 0.0083532828618979645258 0.0085673130449627158539 0.0086783170592423120732 0.0091185148437060905419 0.010394344558070256479 0.011224524699397015609 0.027010198238529087994 0.028665743490693562645 0.029572918693681733704 0.030476992414922000896 0.031282844687786547089 0.032793789406394865948 0.034261361410042594222 0.040599412396030799821 0.037508885946364603492 0.037124657686314212202 0.035513962957792070962 0.03551680396556061714 0.037679013277864173426 0.03926834673386062069 0.040166197021353412799 0.039179815486035898808 0.04440139399284062649 0.053292412229665013512 0.072051062900261156341 0.104850708274161597 0.82722380111887061638 nan nan nan nan nan nan nan nan nan nan nan nan nan nan nan nan nan nan nan nan nan nan nan nan nan nan nan nan nan nan nan nan nan
0.0083484723545471321154 0.0084434978263825486572 0.0087221317047715060666 0.0090839299647892165351 0.0097062851854406301255 0.010738513513169591768 0.011505940954431321394 0.027857178782226765801 0.029164858047656287005 0.030564757921270592489 0.031643800193028107093 0.033025492090016206337 0.035247508561293786067 0.040302938265158357034 0.044511964169330203722 0.038575898675130469717 0.038206963521033344977 0.036316672605256686279 0.037228505951909796057 0.040156853589975623209 0.041686666713070530399 0.041813681125158951024 0.042695938472869544855 0.046691966691345718199 0.06951541879318487438 0.084330382818351784513 0.15578261344690214063 0.31665007971660347197 nan nan nan nan nan nan nan nan nan nan nan nan nan nan nan nan nan nan nan nan nan nan nan nan nan nan nan nan nan nan nan nan nan
0.0084268693100742267377 0.0085937498007754974799 0.0088498579773354565242 0.0095338839328519969785 0.01030428531384197828 0.011095672280366009055 0.011922408144785011028 0.028177201819412019818 0.029246029791542331455 0.031264597530799624614 0.032952132153006512272 0.034586693879524142703 0.040183959958828951997 0.046260359342531261195 0.043344756305082998704 0.040573925405779011355 0.040320364823815131594 0.040073769589461821772 0.042713077090095016852 0.044252304950408244411 0.044400907299416321472 0.04404301462355687119 0.046132084202151889263 0.047133213401192877723 0.049932503569427577617 0.056255219378652618345 0.089869461867303060409 0.24237839241615352637 nan nan nan nan nan nan nan nan nan nan nan nan nan nan nan nan nan nan nan nan nan nan nan nan nan nan nan nan nan nan nan nan nan
0.0085315511124783235952 0.008738401063002998459 0.0091149269874445711798 0.0099761048654395303309 0.010649427903269979151 0.011275105513158700105 0.027183875964680817572 0.02853334663546677058 0.03008396170580557305 0.032304506761786942748 0.033967445454363164037 0.038837774913609533767 0.04774287976782632531 0.050017644701015558095 0.044382041084961201816 0.042265907636923012725 0.041403035174465960266 0.042301397104956992012 0.044549969936786851243 0.045919034606737602067 0.045842635552066010596 0.04494127438584762102 0.04674956735141758829 0.049151855091307601608 0.048956051696097568904 0.05326170404860694485 0.08535377165987903525 0.2071900311561344632 nan nan nan nan nan nan nan nan nan nan nan nan nan nan nan nan nan nan nan nan nan nan nan nan nan nan nan nan nan nan nan nan nan
0.0086350162779087486636 0.0089443180563493346336 0.0095565394262919194784 0.010357385930783967465 0.010979689320091487112 0.011574867393897686138 0.027598760500543700197 0.029022533832498483009 0.03090833001536931815 0.033206045643748779983 0.035723656057569309896 0.04342747359854214062 0.050911237424273052266 0.048757640714115750569 0.047809490426675760322 0.045204028048393005146 0.045025196885550164416 0.045903673383207659053 0.046904546100757719962 0.047503005672939781212 0.046801078295987195987 0.046105003559857270223 0.048274231575520819282 0.050199498630477144834 0.051348417888822953103 0.052704704245765468529 0.092538689149131353462 0.20661656968758668196 nan nan nan nan nan nan nan nan nan nan nan nan nan nan nan nan nan nan nan nan nan nan nan nan nan nan nan nan nan nan nan nan nan
0.0087916978371844461265 0.0092374010527791327457 0.0098159889145994459747 0.01018018090757627156 0.010902613499681690357 0.011603011643224137028 0.027734649824150688774 0.029369832839694565846 0.032077184000570052591 0.034417125070390533481 0.038509331637464637443 0.045572937161294145569 0.054042124415621659028 0.052007094248487518995 0.049937113551580994408 0.048845647587464437189 0.048285351312463586915 0.048029012503026199954 0.048355213847790505521 0.048278763762213641741 0.047570750812711712352 0.048074177490461243722 0.064580435585136625187 0.054298675427610000599 0.055347854642015435755 0.05545682322644775869 0.083483002290496724496 nan nan nan nan nan nan nan nan nan nan nan nan nan nan nan nan nan nan nan nan nan nan nan nan nan nan nan nan nan nan nan nan nan nan
0.0091566728968742600037 0.0099033075906351623885 0.010645051942072549303 0.011010847087014873427 0.011443615284624118408 0.011976140617332188543 0.027887173122569164363 0.030070525179405446087 0.032311372795605121377 0.035545463559968223932 0.041037473652703292115 0.046425274760431615995 0.067660999605383020938 0.073290618106103322393 0.053290502707094400403 0.0521882167940721578 0.050714562638931058591 0.04981798442197973853 0.04924036290012084871 0.048969810766108901046 0.048911695756030250382 0.051163862804443072108 0.073875139130329683934 0.078578088797091286133 0.073753373219119747195 0.073411911933434270683 0.099966149422634695276 nan nan nan nan nan nan nan nan nan nan nan nan nan nan nan nan nan nan nan nan nan nan nan nan nan nan nan nan nan nan nan nan nan nan
0.0096903215885527898416 0.010466457855812044686 0.011182642582502073936 0.011740048490725938507 0.026701937377458073719 0.027706785388826673383 0.029114682650729330898 0.030556647103041945784 0.032888237045879578635 0.037301218880427429447 0.045558488730716988069 0.052132414438256578781 0.082107990756948995292 0.070088117220340709346 0.064594504140647379664 0.053641054674489825616 0.052370237826434129502 0.050935342342582914932 0.05030318148430441838 0.050215208568366247188 0.05028906207254396632 0.052797735091562415788 0.073230623684204354529 0.093871470331372941498 0.085599975260959262902 0.092480095757555502711 0.1433879657581343392 nan nan nan nan nan nan nan nan nan nan nan nan nan nan nan nan nan nan nan nan nan nan nan nan nan nan nan nan nan nan nan nan nan nan
0.0097815792853394450956 0.010637290622860510331 0.011406860365825791104 0.026383670295050766497 0.027447116300130441902 0.028452281389454724819 0.030096296201685617672 0.031891630840990406459 0.034029371571629177251 0.037906940922198983923 0.045557956027992112247 0.053786793341966739057 0.082379487608367316098 0.078168880623693148824 0.067228847653796178219 0.053957862425782723848 0.052939513232452405089 0.05161266754002533097 0.051416287094036311478 0.051275637654867839421 0.052227061097642392407 0.054454870285973885902 0.06986203127307086258 0.10421943522628100698 0.42243784355734936842 nan nan nan nan nan nan nan nan nan nan nan nan nan nan nan nan nan nan nan nan nan nan nan nan nan nan nan nan nan nan nan nan nan nan nan nan
0.0095326565029258073652 0.010465515841254798349 0.011023126293717809901 0.011573785853162609633 0.012200952005643736498 0.028471957196171557292 0.030842933455584666674 0.032300934180162332865 0.034680072495313477021 0.040126272598815154735 0.045771565702107580575 0.051327036052269167654 0.071905653133613980921 0.085209797489528518732 0.072000502506275140813 0.055076344263590468198 0.054255126106628887017 0.053168699649753535519 0.052045060809948195946 0.052306458990043325219 0.066545392452213428247 0.070831411954562412125 0.075800178528604211792 0.11416465173463874461 nan nan nan nan nan nan nan nan nan nan nan nan nan nan nan nan nan nan nan nan nan nan nan nan nan nan nan nan nan nan nan nan nan nan nan nan nan
0.010067000015361326354 0.010150457256710872928 0.011386317778459303929 0.02677199917881791999 0.027779352434316593318 0.028612774853032114236 0.030403795452593519039 0.0324980988311589572 0.035072485065685068961 0.03945316820934308133 0.041987078734884879239 0.045956535572556758695 0.053017887101704901098 0.089743680450224044831 0.080791281175880150234 0.072274338063523610454 0.065965098997516666279 0.055490855984005479917 0.070478986383266245541 0.37610777186924360116 0.08961360252173361518 0.081179159934804567822 0.091772019270793300794 nan nan nan nan nan nan nan nan nan nan nan nan nan nan nan nan nan nan nan nan nan nan nan nan nan nan nan nan nan nan nan nan nan nan nan nan nan nan
0.011078892789954494086 0.01106616264966026747 0.011130006119681068455 0.012127747469397785751 0.028060144897555979598 0.030111056851296221643 0.032008173877538480256 0.033762617857124845033 0.035720879324703920521 0.039012353517344215692 0.0412167635961071116 0.045819450015702402335 0.052706401665435040349 0.083967639259798068641 0.091307647537509070701 0.085453758119844472341 0.083183395830523698677 0.086100922504521351653 nan nan nan 0.092984375687019310552 nan nan nan nan nan nan nan nan nan nan nan nan nan nan nan nan nan nan nan nan nan nan nan nan nan nan nan nan nan nan nan nan nan nan nan nan nan nan nan
0.026220854449911568107 0.026317862457238473672 0.011970497419751322324 0.012029428672360257743 0.028140197188928108007 0.030800850749051037619 0.033090099913425312372 0.034351156494143705866 0.036021707796429040804 0.038484539573098240639 0.042800603810349419076 0.048166512140686262855 0.054091557513810610558 0.088471381929064521477 0.54171590338104336215 nan nan nan nan nan nan nan nan nan nan nan nan nan nan nan nan nan nan nan nan nan nan nan nan nan nan nan nan nan nan nan nan nan nan nan nan nan nan nan nan nan nan nan nan nan nan
0.026936915864451980995 0.027451967700385781351 0.027775163528898812182 0.027655552290614598271 0.028552592473971655229 0.030881998823541756405 0.03248516622709157059 0.034610747554814580429 0.036740243026322436104 0.039180529695492828657 0.044676088264089211521 0.051056933306335303135 0.05694823291563853862 0.10039911231627815513 nan nan nan nan nan nan nan nan nan nan nan nan nan nan nan nan nan nan nan nan nan nan nan nan nan nan nan nan nan nan nan nan nan nan nan nan nan nan nan nan nan nan nan nan nan nan nan
