results/rofental/snowmelt_month_2020-08-01T0000_2020-08-31T2300.asc
ncols        322
nrows        225
xllcorner    622802.488000000012
yllcorner    5178049.378999999724
cellsize     100.000000000000
[rows 56 to 83 of 225, columns 186 to 247 of 322]
nan nan nan nan nan nan nan nan nan nan nan nan nan nan nan nan nan nan nan nan nan nan nan nan nan nan nan nan nan nan nan nan nan nan nan nan nan nan nan nan nan nan nan nan nan nan nan nan nan nan nan nan nan nan nan nan nan nan nan nan nan nan
nan nan nan nan nan nan nan nan nan nan nan nan nan nan nan nan nan nan nan nan nan nan nan nan nan nan nan nan nan nan nan nan nan nan nan nan nan nan nan nan nan nan nan nan nan nan nan nan nan nan nan nan nan nan nan nan nan nan nan nan nan nan
nan nan nan nan nan nan nan nan nan nan nan nan nan nan nan nan nan nan nan nan nan nan nan nan nan nan nan nan nan nan nan nan nan nan nan nan nan nan nan nan nan nan nan nan nan nan nan nan nan nan nan nan nan nan nan nan nan nan nan nan nan nan
nan nan nan nan nan nan nan nan nan nan nan nan nan nan nan 34.834793429894133965 nan nan nan nan nan nan nan nan nan nan nan nan nan nan nan nan nan nan nan nan nan nan nan nan nan nan nan nan nan nan nan nan nan nan nan nan nan nan nan nan nan nan nan nan nan nan
nan nan nan nan nan nan nan nan nan nan nan nan nan 23.603124305883920186 29.733687432430716768 39.01065310884290227 41.685020015057475007 41.958812485311185014 nan nan nan nan nan nan nan nan nan nan nan nan nan nan nan nan nan nan nan nan nan nan nan nan nan nan nan nan nan nan nan nan nan nan nan nan nan nan nan nan nan nan nan nan
nan nan nan nan nan nan nan nan nan nan nan 25.546740577595116406 28.673113494596318418 32.22347765098215433 37.253164082400495261 40.835563496793042759 35.561823324302793026 42.324179193623287176 50.321221262413523334 nan nan nan nan nan nan nan nan nan nan nan nan nan nan nan nan nan nan nan nan nan nan nan nan nan nan nan nan nan nan nan nan nan nan nan nan nan nan nan nan nan nan nan
nan nan nan nan nan nan nan nan nan 16.023883207598075273 27.348416541137144264 39.468056999462781675 44.652053544676455488 38.009194254591342599 38.463644851217608789 37.344347946457155274 47.386538070679200985 44.49931911148753727 49.204068076138952392 47.384029946078129569 43.091439070799481215 nan nan nan nan nan nan nan nan nan nan nan nan nan nan nan nan nan nan nan nan nan nan nan nan nan nan nan nan nan nan nan nan nan nan nan nan nan nan nan nan nan
nan nan nan nan nan nan nan nan 14.860411205296669479 21.999886048892111745 38.696009607475154723 44.499810537896465235 36.866294498064107188 38.47619174977108969 40.500058062883695698 42.508324899386693119 43.170612837364274128 46.818860876577566899 50.580614714422175382 56.318564657933720241 56.664558271367653219 47.907105883023959336 49.371351292373958586 nan nan nan nan nan nan nan nan nan nan nan nan nan nan nan nan nan nan nan nan nan nan nan nan nan nan nan nan nan nan nan nan nan nan nan nan nan nan nan
nan nan nan nan nan nan nan nan 14.012363495723827 21.18589492537851271 35.228120408956201004 44.866163953415082233 45.2319052086156006 46.979704906759074845 39.713245025750246953 41.860238277269523621 44.406805860710328204 47.097663078900978917 49.988747124477775685 55.299775137144280279 53.85478823732353959 54.281120505142538946 49.417800896393671906 38.330838441074519096 nan nan nan nan nan nan nan nan nan nan nan nan nan nan nan nan nan nan nan nan nan nan nan nan nan nan nan nan nan nan nan nan nan nan nan nan nan nan
38.098324717675680517 34.357875742802839625 33.099593697863944897 37.354533828375807047 23.57588413406472938 nan nan 22.995346976603283196 27.243266464837617491 27.753431546862820767 31.763633624116042853 38.889779354226355679 41.336300163639307925 40.481951644446191096 47.12302009182781859 44.526133960366237829 46.276659025751150978 47.420229569301064032 48.905610983002731018 50.022082887972459275 53.407629183936521144 52.499532441451719933 53.741083409248666669 43.288663766158784085 40.908310613185356885 nan nan nan nan nan nan nan nan nan nan nan nan nan nan nan nan nan nan nan nan nan nan nan nan nan nan nan nan nan nan nan nan nan nan nan nan nan
53.898958445012667084 48.362110748349998346 42.164205557731534668 37.116909567817224058 35.773417372982912354 27.984793663986085477 26.149836101447256453 35.995600691737699606 33.624237092081074252 32.419395182678194089 32.029855924001665812 33.98313867404945654 38.392180974892418988 41.972176343960235556 49.354533122055045169 45.75108678522123995 49.7529508018938742 48.69914654929712583 48.455412582419050693 49.653708430053121958 52.323396465396243116 50.890528851050277126 50.485619049919264967 44.782038771192006266 43.091096662815424168 43.391895175082140668 nan nan nan nan nan nan nan nan nan nan nan nan nan nan nan nan nan nan nan nan nan nan nan nan nan nan nan nan nan nan nan nan nan nan nan nan
55.753510836377472515 49.843333745572302007 44.937473644889962543 44.039850751793018446 40.017339297526483222 32.694796509387927586 35.288777463356680641 36.392241166294830634 41.500307656893689057 40.425071891157486448 33.795105667682747708 30.564775136328115934 35.992629690891874361 44.477816442155038601 51.885642667393810257 46.264176307271931421 48.780460321568327231 49.416558656783458048 49.306103006738069894 52.983157116372353812 50.703768475719115827 49.112733738429007246 45.551740931409987923 47.465418705942475697 47.271071419246517564 45.614490665934312119 45.394084638226964046 nan nan nan nan nan nan nan nan nan nan nan nan nan nan nan nan nan nan nan nan nan nan nan nan nan nan nan nan nan nan nan nan nan nan nan
60.329218174296286747 54.603612591120139541 55.891724431882344959 55.848184074612277072 52.566056751046779993 41.071289238981123049 40.819693555058790935 41.287905360026577739 48.737096250584471591 47.189183037645356933 35.539610141768889662 36.408395854120449542 31.517801477023496659 35.673418341845781754 53.676220453234073204 48.055509022791184748 49.415383733777069608 49.451637128086332496 49.605196078788708292 51.917838861686902874 49.644106429001972458 44.669233173508494872 43.593327283195179689 43.060153806902263796 41.72512869188712159 44.131398425537604169 45.773649234360092919 nan nan nan nan nan nan nan nan nan nan nan nan nan nan nan nan nan nan nan nan nan nan nan nan nan nan nan nan nan nan nan nan nan nan nan
50.911843593739192215 50.523873752845460672 54.005259225050224359 60.435435562008088084 54.294282263181699477 45.887270569296056522 45.437967638179799224 48.894918173438050246 53.946031583640028373 52.185019934467113956 44.914563566705290043 42.112749131100507327 34.668159612339522369 32.753534765721624922 38.37358187671632237 52.246170710332997089 48.724765489064729707 50.39077911188540071 53.175758159769827671 49.634270356446194228 44.648281925824456096 43.133081424056520348 42.028023812873065879 40.471104806330004067 38.049752416282963452 39.32935757968663637 43.363851452587191204 nan nan nan nan nan nan nan nan nan nan nan nan nan nan nan nan nan nan nan nan nan nan nan nan nan nan nan nan nan nan nan nan nan nan nan
45.191941376313323531 45.16056646465671065 49.25738570338573652 57.680027541621534226 53.346874737261551047 52.249165010175580903 54.496571352044597347 52.355511809059109396 53.102094688017672297 58.725190655800773243 51.386972138484324546 51.045410463329247364 46.622655907787979856 37.757683629823574734 36.900873803032347098 37.846307535729948768 44.504603747644971179 48.144621825190206721 51.772084533855213806 43.77210706658861028 42.479991319224303936 41.647139620533160098 40.754035757931021067 39.633948813743948847 38.686908439133503634 37.270224118074217756 41.832061579917890981 nan nan nan nan nan nan nan nan nan nan nan nan nan nan nan nan nan nan nan nan nan nan nan nan nan nan nan nan nan nan nan nan nan nan nan
44.060712766020273534 43.189461772869286449 43.529390017095998644 44.581849604379875984 41.593783443325534677 37.945511055260006117 38.200141353432748303 42.168271894937468858 44.310456008815506834 49.053508132814492626 51.670921868119137343 55.529675353399646553 52.55426269020023966 47.742126488014129393 43.149838515040848108 42.568349611900544005 44.452221910436655605 47.171526826934545795 48.55396259988707186 42.662826465493800754 40.722852753882357035 39.881158417679600348 38.953899483019348793 38.499264231216635324 39.407648505340539202 36.952631328754563356 37.185724234360002072 41.273906005731433311 nan nan nan nan nan nan nan nan nan nan nan nan nan nan nan nan nan nan nan nan nan nan nan nan nan nan nan nan nan nan nan nan nan nan
43.374475050944596433 42.08460054374864967 41.682164212635917977 42.232301394619824464 39.636674140656026566 36.895901016557580476 37.186022871148232127 39.81097573633133635 40.040044513391777059 41.334187457223166007 42.603282209794883784 44.254033898416352599 48.531685966168630841 56.619168203737054057 48.292792955064996363 51.246025873219714697 47.500619828777104203 39.883686675223401608 52.11817039578196642 41.481074551299720099 38.393649829404473905 38.49343817889486985 38.556759099062183793 34.650559733262184636 37.096413877687872684 36.595493929300189961 31.215381428949967813 37.407284599827178795 39.799936778784520186 nan nan nan nan nan nan nan nan nan nan nan nan nan nan nan nan nan nan nan nan nan nan nan nan nan nan nan nan nan nan nan nan nan
43.021916567374063334 41.403464477260300214 40.6847610901668304 39.400965221799090443 36.514017097069753959 36.049531617703863162 38.648423936100364529 38.853195135153868023 38.93252001096396242 38.86151802904876007 39.486165546611566413 39.867240091314194217 41.070480381431622163 44.036291765537512788 51.319927270468838287 49.079345016840612459 51.151262991329943475 53.216901065090546297 50.577776026132042375 40.457726316354829521 36.677584814825699766 38.46917633402058101 37.052722269323126625 29.387155471044742683 28.438221978606982532 29.515239690157976327 29.524044612853398206 30.092065673252708535 37.008781063576222436 nan nan nan nan nan nan nan nan nan nan nan nan nan nan nan nan nan nan nan nan nan nan nan nan nan nan nan nan nan nan nan nan nan
42.542921927752544775 40.803203059871421488 39.118505751006132698 38.616648986368382168 38.067284844081598294 35.475036305455994068 37.783782382622817408 38.109397941918807362 37.961196117657152627 37.582830783441202982 37.794857821347406457 38.28866369105666223 38.524718824883052548 39.41204558068961461 42.490300932228770137 43.065239867249296424 42.793636254670801122 42.250100652623160613 40.9180103422685022 40.447209220716004552 35.413364489471831575 36.728644075867237007 35.341219557098867199 27.943022464678808348 27.136988676175992197 27.215479411682078847 27.729907222043468806 29.18936004503462911 35.405560713958955432 38.205518712700715867 nan nan nan nan nan nan nan nan nan nan nan nan nan nan nan nan nan nan nan nan nan nan nan nan nan nan nan nan nan nan nan nan
42.452049526252899625 40.493228631418205055 38.815533081873013543 38.240792927990533201 37.791888005171081488 34.489635047715552219 36.728420167786978823 36.951941895529905935 36.8231456618287325 36.582209203251501606 33.853660304419264548 33.675426457887603249 34.01410765801811209 37.761184833901900504 41.237456818454411689 41.596184452626751238 40.22380425246781499 39.898382278012846314 39.100277348004254918 37.916376343630936674 30.810474647159740158 29.103187882032848677 27.975977604705043689 27.196540026516565547 27.054767541462510394 26.958789517384168732 27.337731284974033485 28.429816668074703756 35.61588669096373394 38.597948519465134609 nan nan nan nan nan nan nan nan nan nan nan nan nan nan nan nan nan nan nan nan nan nan nan nan nan nan nan nan nan nan nan nan
46.205432776121121208 41.215469725511802324 38.92877603862279301 37.946735467906265171 37.175950786686193794 33.666591083733990786 33.661007137916868714 35.975264643123615826 35.758954331744135402 33.033368918387587598 32.652927867910086945 31.99609083174835078 32.076084420243880402 34.015223399795168291 38.665351945851227811 41.445913299198039681 39.721568264531370573 38.160210703601372018 38.298139741970416594 36.601148780227291013 31.874808107203833174 27.38390811283275994 27.027373727308813045 26.872718382935563142 26.778417892786659849 26.718397065861726247 27.12551686001244633 33.732100382882677536 37.028059922435112128 nan nan nan nan nan nan nan nan nan nan nan nan nan nan nan nan nan nan nan nan nan nan nan nan nan nan nan nan nan nan nan nan nan
52.677943492672206105 48.556875102601068761 40.30455491880994856 35.363959725839073656 33.990375509260381648 33.181495823259190558 32.940506081617890288 35.392132451000058779 32.402287958702395088 31.688968320626027975 31.679944912394326195 31.200420607864092659 30.952905156557854127 32.632782927052090827 37.586824461429138466 41.055197275644815136 38.443169057526986876 35.394614732492094333 36.637235954260077619 35.163320894341495659 34.054127755491911955 27.024396211166880732 26.688201889027460822 26.319587707796479492 26.444096645655324807 26.514057120614676677 32.911658206454831088 34.386352511932130938 37.974587406987112104 nan nan nan nan nan nan nan nan nan nan nan nan nan nan nan nan nan nan nan nan nan nan nan nan nan nan nan nan nan nan nan nan nan
53.564069072889211043 51.436986682376598878 41.958198865627004182 37.902961511387587734 36.587655848537899317 32.734884230733314325 32.029427629980389725 32.123581031956327081 31.67291385361907885 30.567712691641844458 30.416269130102524088 30.389816680659244241 30.123504807615613998 31.151349662794892481 36.064525690926117818 41.224863994247279209 40.384629517617241845 37.549842541181710942 35.954841421847447691 31.719395709681617035 27.020438337065691314 26.282635276879869224 23.32958697413964444 22.920142968627022384 22.938981721758985088 26.177523396013512524 32.906099081992913113 33.655769546669844772 35.294290645029697373 nan nan nan nan nan nan nan nan nan nan nan nan nan nan nan nan nan nan nan nan nan nan nan nan nan nan nan nan nan nan nan nan nan
48.544983569747742536 41.997140574157207027 39.924642543515318494 37.961880985306237335 37.179603366592182567 32.865340698590479462 31.656977259079287279 31.181239407501060157 31.006372820389501044 30.073575208871549336 29.56002039183222152 29.269779109451988575 30.028416632504114858 30.534188533234466689 31.522759730474717799 38.768273536550182712 39.828222467649361249 37.24926635421391552 32.293714216896511005 33.510457559562993879 26.550108198451241037 23.12106204160023637 22.497241775776110728 22.09676643210775282 22.441250716549795641 26.085793087104377719 32.915071777685227516 33.061418624634107744 nan nan nan nan nan nan nan nan nan nan nan nan nan nan nan nan nan nan nan nan nan nan nan nan nan nan nan nan nan nan nan nan nan nan
52.748169468708262286 44.193300335863412442 38.592575529391133671 37.748658878537227679 36.930642189052520052 35.84258939143587952 31.787713539488414938 30.901007215463383915 30.564804286083393947 30.03554173941857286 29.008797651478769097 28.808086037929040657 29.579955905013093798 29.225055111126682306 29.994651253419998937 33.69383755042937878 37.585880532049934288 36.004442639161773343 31.331917781945755053 26.925650649107527812 26.266738076161225024 22.262848027883443081 21.554418894410378726 21.484756714378260511 22.457730221493999778 25.46419422442633973 26.19944621618776992 33.000001472749829645 nan nan nan nan nan nan nan nan nan nan nan nan nan nan nan nan nan nan nan nan nan nan nan nan nan nan nan nan nan nan nan nan nan nan
50.076774616007469376 46.659168020441590841 42.309467834677136011 39.450212203051044924 37.454983776687058139 35.114155136045305028 34.138713375019996477 30.696887064571146908 29.535332054969405391 29.197055962337024937 28.740965195755258321 28.263994554584744634 28.7843102490625391 28.327890287341105591 28.981742858804835805 29.258109036695344685 35.621153645467281024 35.303196612150877343 33.683594990941131186 26.576110611898204894 25.791334160595592806 21.725154784733014424 20.893407718040421628 21.148717333548081143 21.762923759926287914 21.714457397390368953 25.321903706777771248 32.373608519838647624 nan nan nan nan nan nan nan nan nan nan nan nan nan nan nan nan nan nan nan nan nan nan nan nan nan nan nan nan nan nan nan nan nan nan
44.806425292816548733 41.043452199715595441 40.098528769807828098 39.151752070169123954 37.119744359511685161 32.310339597008344015 30.136113471783392725 29.574586986476386841 28.719145223871983319 28.298929759674990692 27.788714923575266624 27.537014867840927224 27.545743166438338534 27.284989504273902128 27.434408691675987058 28.284884266358965021 31.007505247816389726 34.072078271136561511 32.986802026201154092 26.361144036439117855 25.565390186532713557 21.556113212739337115 19.711852361352196539 19.642165531403463774 20.0486818215310727 19.989699298048957843 21.420601957983731012 25.032015034350234117 31.441970651570152029 nan nan nan nan nan nan nan nan nan nan nan nan nan nan nan nan nan nan nan nan nan nan nan nan nan nan nan nan nan nan nan nan nan
40.105502072645890621 38.198068172480702742 38.924874858376099951 37.342155150180602163 35.862154999689991541 34.001690707131999147 29.82399093215233421 28.6123866276371146 27.681344598667038781 26.834117648377933563 26.591709255404339274 26.678893091154073147 26.655226008872357824 26.607255940307982911 26.536575638995032023 26.934535484737153865 27.264166052497010639 32.730951832303922799 32.531904450671483175 26.244901951467319634 25.392302728389040567 21.170230947576420988 18.942401484014684598 18.210118405376562123 18.376329065741359159 18.120374656255382462 19.183032958756740527 21.183691329690663707 20.207482114472657742 18.865102242377645325 nan nan nan nan nan nan nan nan nan nan nan nan nan nan nan nan nan nan nan nan nan nan nan nan nan nan nan nan nan nan nan nan
