results/rofental/snowdepth_month_2020-04-01T0000_2020-04-30T2300.asc
ncols        322
nrows        225
xllcorner    622802.488000000012
yllcorner    5178049.378999999724
cellsize     100.000000000000
[rows 168 to 195 of 225, columns 124 to 185 of 322]
1.1086274989876803154 1.2319608853180399333 1.2292546514124380597 1.1271356783921699929 1.0377755591659443279 0.91207558373673924823 0.93663866648150118088 1.092093372232570081 1.0082872079952085453 0.74712467777175761707 0.61732880758912545005 0.72155600062500069303 0.79091369513718834394 0.77722696224781695484 0.76348512874814944418 0.76932082963697656641 0.81312539581870291183 0.92458402345000867406 0.93882834836538664458 0.98053655796270888789 1.0606060383181263873 1.0782114656924739471 1.0929749800580743635 1.0340644236565421643 1.0524771289302408128 0.91754152672474209584 0.87738653998028515169 0.84554037816781157932 0.85711481252543098019 0.94990446565314723415 1.0120859348433335345 1.0246129802163641553 1.0145387906248002352 0.96080639921391131075 0.96423211251637486185 1.0277857970897552597 1.1646560445900042691 1.1267795077919466884 1.152615464802986267 1.1072866640775311797 1.0388062630881496062 1.0968401295196668066 1.2582703870103915111 1.3080467444142986899 1.301605432886444369 1.3036612936599165646 1.2887327675074273792 1.2889766584826316542 1.3267731711013777129 1.3237077691706100602 1.3012697978760408013 1.2892436342106643465 1.2434793552572709352 1.2000594575535010744 1.3760688560735110375 1.699942728175764417 nan nan nan nan nan nan
1.1431120176162961055 1.2334834369099609841 1.3235982573923654737 1.2261272000020779771 1.0940223775246791238 0.94069196103642782614 0.77789332763138796523 nan nan 0.92179215023282368158 0.82531201278666455057 0.85090957486469909199 0.9310829234439678137 0.86881524085385875011 0.80332802063215380528 0.73866165094331692753 0.71141486274996124095 0.77728963256877470211 0.81240564542470528053 0.83368906722560176537 0.81092825251444178303 0.86148366335930437465 1.0047163201387410147 0.95785737280459004594 0.91643538399815804851 0.7707310981130373051 0.76399501832788585531 0.78743834757462449758 0.8749997068388783994 0.94749835867800324962 0.96148657642492274533 0.99667756223882597588 1.0002736862860579503 0.96653295393190963303 1.0070609077282517418 0.97211371956373671122 0.93915093638371383022 1.0205164626296798769 1.0820994563622341467 1.1436531511366188063 1.1536595587441087485 1.1886376575326997873 1.2546433839990382975 1.2911397568377032119 1.299373692485730647 1.2908670650373170741 1.265113791598993398 1.2687737727121308762 1.3011457396909613671 1.3198738475097948619 1.3148137376330149007 1.3299232072799893611 1.2895890591519318935 1.2171590562569389871 1.2020851202523383794 1.3958367902118991033 nan nan nan nan nan nan
1.2471763894876914947 1.3239548352379117979 1.3627034693087194395 1.2435172846824245063 1.138682143072711872 1.0090463716859714438 nan nan nan nan nan nan 0.84794812725666257602 0.75393397733148626028 0.73904781505922523266 0.75290547291040754718 0.74315237608533391001 0.75075424900886611468 0.77046135642578594815 0.83155601905978315802 0.83441649062846023899 0.77408826558390975148 0.66279800726432147595 0.60005871370969843248 0.61491017684056248349 0.75361826495352446376 0.77379314036137070154 0.76476192547137744615 0.89151064515968969637 0.94467741416017192435 0.94582786688890441162 0.97439364746336332157 0.99406787193294199323 0.99278953879298237339 1.0043099621732531901 0.97875553171355367255 0.96655930765974651386 1.0548373899211971327 1.1404640709963314027 1.2088007187037539403 1.2286202285731984141 1.2548261083033778185 1.2896377461262242825 1.3074379097185955256 1.2821094406688169354 1.2727191986746542174 1.3091088322633830376 1.3470352179506026591 1.3370403139880511212 1.3191681209369778838 1.2990238293763227695 1.3230542388080055449 1.2823317570106442798 1.2382911174516249009 1.3106146753103269376 1.494883084882028923 nan nan nan nan nan nan
1.2116147073006542367 nan 1.2478615655418450192 nan nan nan nan nan nan nan nan nan 0.77145520521297927807 0.66649744569147706397 0.5227097633943926791 0.52991672451334370653 0.53768949128676801763 0.52191705672384269832 0.51752500049382588188 0.58076962295228684585 0.5456300666477572614 0.56968188808882813667 0.58959499974900142494 0.58450873129368341452 0.56701677104642800309 0.58687573842431417503 0.67998298682023916584 0.70778038971720402817 0.91183491304836883362 0.9511530191080577179 0.92331208796857078269 0.95542377305248971098 0.98846430902283011211 0.98739667578515877278 1.0453529968484884805 1.0403716258022972507 1.0315931590489784142 1.0745179845611820824 1.1292539624720994151 1.2720748754509298983 1.3006219324123189374 1.3164248511283080934 1.3155367003414437654 1.2989953390335486905 1.3032783870680755278 1.3467992999988731562 1.3628380495750835877 1.3424116811612996081 1.3375746941957504799 1.3195903527905044061 1.2770156913536787613 1.2793931376632947661 1.2839714939563204865 1.1183162205727923411 0.98083060370133134942 1.024837273456905562 1.480730637753316925 nan nan nan nan nan
1.1535584515706462927 nan nan nan nan nan nan nan nan nan nan nan nan 0.60882401856449264166 0.4308593540336519423 0.39360048140250147863 0.42775184804778287884 0.45896844894739474707 0.50020762122690387574 0.51754704964813402768 0.53595345003423489061 0.52443751363996471415 0.49967357399498923964 0.48575426607397070855 0.51126517585584818626 0.52494338418250507949 0.67307645722382192233 0.72352255927342878916 0.76059066952614662327 0.80548021293654414876 0.93500347615111989441 0.97512880519157130177 0.99620478676586354805 0.96832524169990696894 1.0384946288385918933 1.0902492897967173135 1.0558973657122427969 1.044702752507675303 1.16230967320584333 1.2534227818364100937 1.2976187935777780957 1.338368395304471381 1.3400809337949597388 1.3428882113608291426 1.3887390881034431533 1.3548481936827680983 1.3190152507494310452 1.3102519351766710454 1.3215988513029481854 1.3382911706037308175 1.3362655097905355994 1.3111261685579902458 1.2889819425646824591 1.2644884843140091757 1.2180064469827709406 1.2445673654109896678 1.58161454674570634 nan nan nan nan nan
nan nan nan nan nan nan nan nan nan nan nan nan nan nan nan 0.42655269215261387705 0.38572756689417758702 0.32461198853837280875 0.33892749959007900662 0.36556111925049156186 0.42122672812771272399 0.41552769643779241537 0.42195078505374505884 0.4403696685413472367 0.4993543994599676239 0.61983339244379886956 0.70733965251110864081 0.71041618570022968537 0.73456683805735378812 0.77963134003624323665 0.81190926236112059833 0.86413948781123361975 1.0232046511500494379 1.0152580339040826463 1.0157415992382365921 1.0261201852066026419 1.0834612269673571383 1.0842302575558435684 1.1802404970127098327 1.2557884408162296452 1.2951172207789827251 1.2848188158034776762 1.2997880270486794618 1.3410242284759037457 1.4401789446199586564 1.3419182110882657 1.3265858761359268225 1.3127379368888230093 1.323614038101224466 1.3429821289097487735 1.3580380484943663788 1.3463481217236534793 1.3111155499463253982 1.2762674161721314636 1.3514944058084621403 1.4213238907576584147 1.4821864237364374972 1.7040701930494377425 nan nan nan nan
nan nan nan nan nan nan nan nan nan nan nan nan nan nan nan nan nan 0.33853903176633221017 0.30085435783152386646 0.31925623222012194935 0.34417520303442183938 0.37451416589684510816 0.37045696649796211464 0.46130878009212006319 0.58362443735979707693 0.67695305387083537507 0.68406350377146196706 0.65899485128912105303 0.69216047330276575522 0.75375271987132597129 0.794038773905090145 0.85193719464904649197 0.94214233189752150111 0.93242074141388520125 0.9831145948401976975 0.98201262013065448997 1.0556551350131477829 1.1394771592521455439 1.2483763981301909674 1.2989622476606379475 1.3376944271963053801 1.3123984028953981085 1.3111393938748450161 1.2479114894950440462 1.3069133376184125517 1.3994044318655822767 1.3524471139404081743 1.3561738341461015978 1.3479232622286556609 1.3345668539824526722 1.3189455175675977028 1.3151441055656276635 1.3210804833532097113 1.303089476896322374 1.3222175953183747943 1.5477725230424770331 1.450490250274363957 nan nan nan nan nan
nan nan nan nan nan nan nan nan nan nan nan nan nan nan nan nan nan 0.3844746578804318915 0.30593293689686845704 0.33676341339339554981 0.31096326790475725677 0.27729253448120722014 0.35739503551355294997 0.50470379527597453162 0.59166637366599494907 0.62921684860534299322 0.65769370341744681774 0.63425554064560041301 0.67089996551155073323 0.75172932042769946559 0.81642434660493690135 0.87421246091452797788 0.96453670411492609116 0.96488537653289208063 0.94480236694544761367 0.99691736407628495087 0.97993722319941378718 1.1047341576031748378 1.3726651175188662179 1.4759892433870187567 1.3335958297936993944 1.3245797854665453119 1.3672887452486628401 1.3410277729482411591 1.3269809666533274317 1.4659878745151191382 1.4539928484200734804 1.44963239256749854 1.4127733369661539253 1.3736625210411026465 1.3543751387888596227 1.3430008739092529346 1.3414774614238562656 1.3311428324153080638 1.2786392901302281455 1.2325929842978360362 nan nan nan nan nan nan
nan nan nan nan nan nan nan nan nan nan nan nan nan nan nan nan nan nan 0.33357261837202112353 0.35499870925532728272 0.37514894456079889151 0.35938743282788410127 0.45245834123672129534 0.544097644212178988 0.57197894531259474427 0.61099256479570440703 0.64852846771686756266 0.6411601324262032886 0.66640542160979021613 0.74864886174775902017 0.84107559739375825636 0.88886006451360888292 0.95644359676107737478 0.96145877388577882794 0.95058951104081301775 0.91022977093018697659 0.95026265237781804007 1.0022147761897295393 1.173248129150968877 1.3971178826986263566 1.3495320288193854985 1.3250506142327025394 1.3669376634518841662 1.3886898288488171982 1.3361982862002683703 1.4102235466902670602 1.3808969998908202648 1.3709049046949368655 1.3774610694152289447 1.4085059592057440625 1.417672115521605658 1.4236045785005635445 1.4020349920200068095 1.3851429969684168064 1.2171941185757688686 nan nan nan nan nan nan nan
nan nan nan nan nan nan nan nan nan nan nan nan nan nan nan nan nan nan nan 0.43138067612444885857 0.43338949605794108155 0.42962593603417253973 0.45608283168247143458 0.51663218437427826935 0.56301379128258954854 0.60725823167558345972 0.66186486925714049789 0.6931986646477613645 0.72563470113932204697 0.76574641936421150579 0.80309919048889222282 0.83674606627678893567 0.85705231015942884287 0.88217374413477400719 0.9056391511198534916 0.93322910450848761688 0.9234188135118365226 1.0969574638865842164 1.0849394478933014341 1.2934649597688323563 1.4294703490498272824 1.3735446704312572752 1.3549520786637623271 1.3737028891268017183 1.3460758603422371404 1.4667428677990033137 1.4408973835709528721 1.4506560661681282554 1.4403745342173195354 1.4170266972396108329 1.4252412169101722483 1.4356490402486816738 1.4311033369065360166 1.3052314126244184411 nan nan nan nan nan nan nan nan
nan nan nan nan nan nan nan nan nan nan nan nan nan nan nan nan nan nan nan 0.36989523556844272623 0.40214932622290733288 0.38526332031057020089 0.40592207716960787556 0.46305824161772646264 0.53785954493031218338 0.62660040420251517101 0.6954324235730440229 0.709723107878606152 0.70140739784322814199 0.77012228085207223849 0.77927081027227396159 0.75603814452278306213 0.78807970133544025249 0.84116547335504376903 0.91813075751219119791 0.98050433746270426738 0.94867352036378038704 1.1925091374491838536 1.2435734699071432363 1.3146530067769854888 1.4265385342974035154 1.3942455121810604091 1.3947771293876154441 1.4016063891224972426 1.3761968016156187478 1.5505750426552806776 1.537012687434138769 1.549798808734201172 1.5517593604785617778 1.5489120691114084405 1.5094032904676322193 1.4410969911078992389 1.425861926466355234 1.4314809607503331534 nan nan nan nan nan nan nan nan
nan nan nan nan nan nan nan nan nan nan nan nan nan nan nan nan nan nan nan nan 0.33922535264183767412 0.35294604318072236859 0.40516669466351812323 0.49108097619728668937 0.56049286279410781564 0.64448443461319626646 0.72657630549126150932 0.72363605097701799718 0.65199523087032718038 0.69808565484442786087 0.72541142234418243273 0.71475508342801918893 0.75236101150862277898 0.77176926039118698419 0.8400241237395218441 0.94075945669720961728 0.78494653230019229007 0.74874370167054959957 1.0424947228896437323 1.262311529767011109 1.4316092028895537336 1.4456227087498534356 1.394386849294978914 1.3699883718704213287 1.3314775599721884181 1.5859120844268066453 1.5929072665617682869 1.6146099576808801146 1.66388787873836419 1.6570180382030013089 1.5925907283679618942 1.4896437170700347341 1.3796898839188200814 nan nan nan nan nan nan nan nan nan
nan nan nan nan nan nan nan nan nan nan nan nan nan nan nan nan nan nan nan nan 0.34686089623668875381 0.43062716972670922466 0.4778486360724204518 0.50434464661121825024 0.59343257259143378235 0.65069964885912057184 0.68214861563806805655 0.72368689341491310163 0.65581428906686323188 0.61160266526803874765 0.64066004006194243736 0.66910348526861540552 0.7292197095401409257 0.77042589702381170103 0.85413389172923859238 0.97292825924725612197 1.0351668832856031344 0.82137120796835771941 0.61494408291883639883 0.9003279620985094045 1.3240855808766389679 1.4622816609596278603 1.4400871647600108627 1.4303245334192795646 1.3939539381217311842 1.6393140717369230064 1.6726033307791836613 1.7064744950892953845 1.6492252157042417426 1.480523138487173318 1.5219337675178030711 1.5317404582458844509 nan nan nan nan nan nan nan nan nan nan
nan nan nan nan nan nan nan nan nan nan nan nan nan nan nan nan nan nan nan nan nan nan 0.55332420732684228781 0.54909111999510429314 0.59020577143780017515 0.67226185302950902667 0.73140428809441360158 0.78000491511645275722 0.72974319286816557995 0.66474553225311905358 0.72281924576572853525 0.80108755345691129435 0.82214911496756326592 0.841817183182186346 0.86439034620787402741 1.0634165793098311337 1.1055344509724946978 1.0825519355926829235 0.98171574240845504988 0.94223650950096127232 1.2488726995580925472 1.4770193534203095442 1.5086257855559805918 1.4874401973793349718 1.3982226584709733785 1.6308641375055370482 1.7401991915237322583 nan 1.4651336898547391296 1.3646987939155927894 nan nan nan nan nan nan nan nan nan nan nan nan
nan nan nan nan nan nan nan nan nan nan nan nan nan nan nan nan nan nan nan nan nan nan 0.62408772082368269007 0.64364247800092500018 0.62494625020838701079 0.66644534762087448421 0.72142705797223705133 0.77232896709792431267 0.79455066869535240226 0.76182579939582129036 0.75926662416771406594 0.91631223127010708041 1.0425494796716927581 1.1938596779864665276 1.2824163623031505921 1.206526721601593799 1.1116296888048193825 1.0742182557692689926 1.0945288482739121694 0.94931425527416601895 1.0685597890475881933 1.3397354614543861562 1.4885256228541674517 1.5204811293429452146 1.5254866668341544589 1.5097858259275120929 nan nan nan nan nan nan nan nan nan nan nan nan nan nan nan nan
nan nan nan nan nan nan nan nan nan nan nan nan nan nan nan nan nan nan nan nan nan nan 0.71344296174369914443 0.72599052636707217534 0.71921302622377469849 0.71043489513005497749 0.75066898027603778942 0.75591653493010446674 0.7956788838792754337 0.79871116197623293065 0.86853015632926833245 1.0918501519281655909 1.3148874693456353846 1.3591253015883386634 1.3547038639579784824 1.2200506334716472168 1.1849590061937043117 1.1394407153565742075 1.1728093522936591242 1.1335162099843114625 1.176162221478201042 1.2143692794543752278 1.3664749545359347049 1.4027644122564419948 1.3563851189788842522 1.3703523904027115066 nan nan nan nan nan nan nan nan nan nan nan nan nan nan nan nan
nan nan nan nan nan nan nan nan nan nan nan nan nan nan nan nan nan nan nan nan nan nan 0.80972231381977266551 0.78941985383126123121 0.77506088373440640282 0.77020424056865854912 0.73690859833455424344 0.71957252791848225204 0.76761717082063285478 0.75899086932769277425 0.64687144230559756597 0.77842281046726757854 1.2720192924758386699 1.4136801396828901911 1.210306602760550243 1.1442273541028575856 1.2631118478152820739 1.3565808168627402353 1.3982736437708049859 1.3287516276862210152 1.2851623109756424856 1.2392537209598240011 1.2955057685451965011 1.3183635353269302914 1.327343557354815573 1.5463504004589723184 nan nan nan nan nan nan nan nan nan nan nan nan nan nan nan nan
nan nan nan nan nan nan nan nan nan nan nan nan nan nan nan nan nan nan nan nan nan nan nan 0.91314052527658406966 0.77267886379699868282 0.74206152106185618855 0.72789404029592852385 0.70575588470189054568 0.73337987361356138383 0.72931960153822761317 0.58758005082970821142 0.5430597797674829863 0.80351863320482674879 1.3339816643563950915 1.2319498670233339777 1.2642228506245567488 1.3072588495407619913 1.4827324981124532233 1.4582436780099361506 1.3741386608397552216 1.3560021949929990104 1.2857584303906657297 1.3047810307669360785 1.3771415778291040688 1.2721357636264232216 nan nan nan nan nan nan nan nan nan nan nan nan nan nan nan nan nan
nan nan nan nan nan nan nan nan nan nan nan nan nan nan nan nan nan nan nan nan nan nan nan 0.67724664981832949362 0.70048499140280806596 0.74016094576765389945 0.7693599956430378084 0.74164957713914303472 0.73816600954376698773 0.73558079167793810615 0.76152143469464717018 0.70847757691265367264 0.84371715239953104515 1.4006764945299150504 1.3601367282296767947 1.3373965471965623131 1.3289557368540982907 1.5136173959707162062 1.4579030114471724922 1.4109688691756721024 1.419882397953691644 1.3718008340696559166 1.3709440362432050442 1.4617978879535102887 1.423856395181721135 nan nan nan nan nan nan nan nan nan nan nan nan nan nan nan nan nan
nan nan nan nan nan nan nan nan nan nan nan nan nan nan nan nan nan nan nan nan nan nan 0.69320069054626110017 0.68098596398558952636 0.71897560175056207665 0.73902762990984505187 0.76022714031324500894 0.75648976383287513947 0.75592717681507881622 0.81430962731409228805 1.025029222718550459 1.1383393191464166172 0.95868196189792542761 1.2253763787915559202 1.4583239629070043897 1.4165244934172989133 1.4905388172134064195 1.4532572111794042069 1.433254865015894941 1.5369546368540949466 1.4937025631834297545 1.4273304704228810813 1.4193319887786683964 1.4222064580324189631 nan nan nan nan nan nan nan nan nan nan nan nan nan nan nan nan nan nan
nan nan nan nan nan nan nan nan nan nan nan nan nan nan nan nan nan nan nan nan nan 0.69417253580639326493 0.64179985150793605886 0.68012170252331338727 0.70390145679194515704 0.73670973461150179862 0.7514965730177419756 0.76835853106215945552 0.79227859547356949133 0.74861404470128234401 0.77838259332769177412 0.81068385822758304293 0.74056498230258638316 0.68038155977784386952 0.84761865087098609006 1.0809191900420436205 1.0831838755176712574 1.3393985214720622867 1.3944346395292106511 1.5458580083156641116 1.541939198430251956 1.4837690378835699523 1.4022472436780082372 nan nan nan nan nan nan nan nan nan nan nan nan nan nan nan nan nan nan nan
nan nan nan nan nan nan nan nan nan nan nan nan nan nan nan nan nan nan nan 0.90686691063603064311 0.62764188965632805584 0.64825248493760811996 0.7079069747602249052 0.72200701571672154522 0.71083735557162197605 0.75717328140002471137 0.77753483804213030517 0.79372559193822245227 0.82863900411460422735 0.74939550516221431486 0.84003385512145778424 0.77710002840509428967 0.86176070976725438477 1.1513300254693772384 1.0440962469626420273 0.77377224313319237226 0.7531979559170630667 nan nan nan nan nan nan nan nan nan nan nan nan nan nan nan nan nan nan nan nan nan nan nan nan nan
nan nan nan nan nan nan nan nan nan nan nan nan nan nan nan nan nan nan 0.9530458013729448119 0.74402143528109965231 0.66941237015467491833 0.72026923727963854116 0.77266749843499593631 0.78926785294554357986 0.74975469426269047979 0.74762929918591891632 0.77722831571737738265 0.80719173943391264725 0.84359543831856054208 0.72020227282057347473 0.88863878089147918526 1.0847646745183596728 0.84085861960987484665 0.82727904921265693616 1.1587053171271077812 nan nan nan nan nan nan nan nan nan nan nan nan nan nan nan nan nan nan nan nan nan nan nan nan nan nan nan
nan nan nan nan nan nan nan nan nan nan nan nan nan nan nan nan nan nan 0.85781921106750169681 0.69828015338538107493 0.81711598933402429523 0.84197254435654789173 0.81805399151606017494 0.83846992956661725582 0.8218456089015033772 0.76240130513994008865 0.74642714825534139944 0.79372718037287492976 0.88111330093735318325 0.86448924173692631712 0.81942129496429183533 1.0040265879701981699 0.93435296620313734728 0.8296274126180291919 nan nan nan nan nan nan nan nan nan nan nan nan nan nan nan nan nan nan nan nan nan nan nan nan nan nan nan nan
nan nan nan nan nan nan nan nan nan nan nan nan nan nan nan nan nan nan 0.86631488893782160332 0.92018338047148018344 1.0010107380734714067 0.98067946994649313197 0.90956867602993685118 0.89778537966151128469 0.95508596701028547482 1.0497058712103357614 1.0613345677231615927 1.0333968815121929996 1.0115142080237751188 1.02017604002595208 0.72217513125023857778 nan nan nan nan nan nan nan nan nan nan nan nan nan nan nan nan nan nan nan nan nan nan nan nan nan nan nan nan nan nan nan
nan nan nan nan nan nan nan nan nan nan nan nan nan nan nan nan nan nan nan 1.1236729912615366356 1.1995717356245831908 1.1252036590065936927 1.0333173867413549818 1.0109447395553472493 1.0214988990694193749 1.0612468590857804251 1.2041212526235061109 1.2647143506104008281 1.0593837703428516939 nan nan nan nan nan nan nan nan nan nan nan nan nan nan nan nan nan nan nan nan nan nan nan nan nan nan nan nan nan nan nan nan nan
nan nan nan nan nan nan nan nan nan nan nan nan nan nan nan nan nan nan nan nan nan 1.2461289356859808208 1.2636001373604317521 1.2311911434977274027 1.2746698915035337141 1.2508553204181491747 nan nan nan nan nan nan nan nan nan nan nan nan nan nan nan nan nan nan nan nan nan nan nan nan nan nan nan nan nan nan nan nan nan nan nan nan
nan nan nan nan nan nan nan nan nan nan nan nan nan nan nan nan nan nan nan nan nan nan nan nan nan nan nan nan nan nan nan nan nan nan nan nan nan nan nan nan nan nan nan nan nan nan nan nan nan nan nan nan nan nan nan nan nan nan nan nan nan nan
