results/rofental/snowdepth_dates_2020-04-11T1200.asc
ncols        322
nrows        225
xllcorner    622802.488000000012
yllcorner    5178049.378999999724
cellsize     100.000000000000
[rows 56 to 83 of 225, columns 186 to 247 of 322]
nan nan nan nan nan nan nan nan nan nan nan nan nan nan nan nan nan nan nan nan nan nan nan nan nan nan nan nan nan nan nan nan nan nan nan nan nan nan nan nan nan nan nan nan nan nan nan nan nan nan nan nan nan nan nan nan nan nan nan nan nan nan
nan nan nan nan nan nan nan nan nan nan nan nan nan nan nan nan nan nan nan nan nan nan nan nan nan nan nan nan nan nan nan nan nan nan nan nan nan nan nan nan nan nan nan nan nan nan nan nan nan nan nan nan nan nan nan nan nan nan nan nan nan nan
nan nan nan nan nan nan nan nan nan nan nan nan nan nan nan nan nan nan nan nan nan nan nan nan nan nan nan nan nan nan nan nan nan nan nan nan nan nan nan nan nan nan nan nan nan nan nan nan nan nan nan nan nan nan nan nan nan nan nan nan nan nan
nan nan nan nan nan nan nan nan nan nan nan nan nan nan nan 1.5647847236999474774 nan nan nan nan nan nan nan nan nan nan nan nan nan nan nan nan nan nan nan nan nan nan nan nan nan nan nan nan nan nan nan nan nan nan nan nan nan nan nan nan nan nan nan nan nan nan
nan nan nan nan nan nan nan nan nan nan nan nan nan 1.6478304783961432722 1.5169872435752065343 1.3446689783616410097 1.4030616827132844637 1.5224839631694275788 nan nan nan nan nan nan nan nan nan nan nan nan nan nan nan nan nan nan nan nan nan nan nan nan nan nan nan nan nan nan nan nan nan nan nan nan nan nan nan nan nan nan nan nan
nan nan nan nan nan nan nan nan nan nan nan 1.3748785113101329447 1.3179402505829638237 1.3304536730261955491 1.3422533501611484397 1.3195456447428943747 1.2460260898673782837 1.2309328781100428163 1.379117045017174803 nan nan nan nan nan nan nan nan nan nan nan nan nan nan nan nan nan nan nan nan nan nan nan nan nan nan nan nan nan nan nan nan nan nan nan nan nan nan nan nan nan nan nan
nan nan nan nan nan nan nan nan nan 1.717566966711553178 1.3726469800212537375 1.1997174117180557928 1.1602244831374388667 1.1472241422258422361 1.165983534371116459 1.2329276158914685979 1.2785704843419898324 1.1596002678075940651 1.0812504501345714392 1.185560908370577593 1.364177834521778987 nan nan nan nan nan nan nan nan nan nan nan nan nan nan nan nan nan nan nan nan nan nan nan nan nan nan nan nan nan nan nan nan nan nan nan nan nan nan nan nan nan
nan nan nan nan nan nan nan nan 1.5777112922737484002 1.5408169040837700337 1.3279156863846759418 1.2482536120900951104 1.2349604705571313179 1.2196946808303825716 1.1799516149604489801 1.1640725072163891074 1.2212982490252721757 1.1987268511895154965 1.0898731361939817397 0.99935612723277489344 0.99650950048804332049 1.1714224122119238913 1.4721124508163354605 nan nan nan nan nan nan nan nan nan nan nan nan nan nan nan nan nan nan nan nan nan nan nan nan nan nan nan nan nan nan nan nan nan nan nan nan nan nan nan
nan nan nan nan nan nan nan nan 1.6684421268992357668 1.6264181061665352601 1.4670785873324641013 1.3146280689793066188 1.3253029348762561668 1.3202288132438966262 1.3083244100790079045 1.2680562281223335397 1.2558453266825626571 1.247589651051317805 1.201341490228083897 1.1362285708589301425 1.043092175678695499 0.98856289515669582002 1.0503990609419735502 1.2458990518268544534 nan nan nan nan nan nan nan nan nan nan nan nan nan nan nan nan nan nan nan nan nan nan nan nan nan nan nan nan nan nan nan nan nan nan nan nan nan nan
1.2560722785854123718 1.2653537196486532856 1.2283748856003318117 1.2930348174466945732 1.5849687530575855554 nan nan 1.2640739666476834557 1.2811310244899807298 1.4768735022213672625 1.5523631097683789903 1.4926355196596423625 1.4911573388650110061 1.4976541244766092831 1.3318609747469767335 1.2301742551868999342 1.2303061921180749039 1.2626963150544465719 1.2546621700484819062 1.2192631865740677366 1.1440958611838256687 1.025673242961123055 0.98549227788110815851 1.1326028503547553861 1.293316633249069092 nan nan nan nan nan nan nan nan nan nan nan nan nan nan nan nan nan nan nan nan nan nan nan nan nan nan nan nan nan nan nan nan nan nan nan nan nan
0.93268789463649048876 0.99207247041646429153 1.0499014821447505419 1.0920060749954016988 1.1485023278650263734 1.2704819910435660724 1.3059709513409787363 1.1952955298234007042 1.1063878081369633577 1.1450087259639585291 1.4783906416506822357 1.5266505197438093866 1.3960146505928983096 1.3518829100789286901 1.3187126513956326512 1.2399481219260564124 1.1684887769313110351 1.2238088084828200319 1.2417581768404821752 1.2063184639783830487 1.1669917855565714593 1.0977807726312913683 1.0397715243917762251 1.1248402110029487311 1.2201254817623801152 1.334905434070467134 nan nan nan nan nan nan nan nan nan nan nan nan nan nan nan nan nan nan nan nan nan nan nan nan nan nan nan nan nan nan nan nan nan nan nan nan
1.0060103304010601377 1.0509787306591336087 1.0479302286358840313 1.0165024245688569771 1.0266917718411985305 1.0987376182221504362 1.2673983845045992958 1.1599406018438727095 1.0480490538135125433 1.072406833246356328 1.3745949835584294618 1.548204736501868517 1.4616257346970280562 1.364526506792592242 1.3279342080079508115 1.3094041549566746152 1.2531382547222484902 1.2047131926396099644 1.2004766931085824044 1.1700137247293231901 1.1478692067492304307 1.1015431795021934924 1.0324889723160772803 1.0769721232750335549 1.099320010468800124 1.2132315002649922686 1.3224608944143076972 nan nan nan nan nan nan nan nan nan nan nan nan nan nan nan nan nan nan nan nan nan nan nan nan nan nan nan nan nan nan nan nan nan nan nan
0.97456816855760186602 0.96526584393905245918 0.92479596275766606794 0.89912179514752865739 0.92419322993447095005 1.0375316458745673653 1.2572377851460545539 1.1583485781060378628 0.99270356808706428087 0.99103885057329677011 1.0988100330352419398 1.3212061521529681052 1.6028958926363618964 1.5604851946125122275 1.3456305441231102282 1.3158311844743353358 1.2711320110868662425 1.2400738927403969214 1.2142025059513186225 1.1868401665604813022 1.1612257761304183301 1.0848235698905686064 0.92274898782397307695 0.8835434540930290348 0.789068257564246478 0.96074230744263866555 1.265068560297429201 nan nan nan nan nan nan nan nan nan nan nan nan nan nan nan nan nan nan nan nan nan nan nan nan nan nan nan nan nan nan nan nan nan nan nan
0.90029585513360876892 0.866603192552411139 0.91120529315667597725 0.96311457646347653494 0.97148766893267879396 1.0099384718014241535 1.0887525358578695744 1.0940239354623177981 0.94520465663701269676 0.93962258998997216786 0.98902526670473833725 1.0056266849288939547 1.1693503856562950105 1.5976387848649509227 1.5859341165393792128 1.4256389591594089694 1.3180870476613648634 1.2494200689127117343 1.2038349928817910772 1.1545192638387675732 1.1210892651364243733 1.0634825524557527388 0.96200448954713224659 0.85893471447248948003 0.70821781005828010613 0.76792641475489198388 1.0525411349819109308 nan nan nan nan nan nan nan nan nan nan nan nan nan nan nan nan nan nan nan nan nan nan nan nan nan nan nan nan nan nan nan nan nan nan nan
0.96824303613377171729 0.94243143697960540806 0.97293702253412839287 0.99379063621114671623 0.87075843828648769041 0.8438792404949547743 0.90310762163577207318 0.89506438753258399377 0.88107954717526149047 0.92788124095800239566 0.94395354220177085658 0.92051141565270799827 0.95763098880178476602 1.1171480629184902256 1.5308786455556901984 1.5942982583288969334 1.513326844844508301 1.3146386807862588952 1.2056222231953102053 1.0893304771982343926 1.0541750361209027975 1.0356369003946830354 1.0274663944918991376 1.0302512698927959178 0.88449667298433942708 0.83377349939132994194 1.0915778348727256386 nan nan nan nan nan nan nan nan nan nan nan nan nan nan nan nan nan nan nan nan nan nan nan nan nan nan nan nan nan nan nan nan nan nan nan
1.0557336647789483663 0.96886923856692930279 0.88862592474679402699 0.92081307804158629704 0.79488162536429152194 0.71122945745387866623 0.73434409530687905221 0.78835156177501808372 0.83545991526766694157 0.86432014062986750602 0.88266857282451560707 0.8878617623777940171 0.90450692960957113087 0.94737618546153257171 1.0329231534762350897 1.1094988733731092623 1.4044536030097187762 1.4347624342219924554 1.3026320285242860564 1.1151781387252981403 1.0021715230001331243 0.974400029230582998 0.96423614003841562337 1.0058293158443065707 0.95665333958944764881 0.74219454839524101608 0.81444288236977202544 1.2473780251319488421 nan nan nan nan nan nan nan nan nan nan nan nan nan nan nan nan nan nan nan nan nan nan nan nan nan nan nan nan nan nan nan nan nan nan
1.091714117589852151 1.0238387260669425949 0.97690429954625046527 1.0335506894902781738 0.93729361778551734119 0.81182057457198208983 0.81402745162102430054 0.81616337257148607875 0.80065650308438751637 0.80299750939474212608 0.83295295293224991262 0.83956178733546138471 0.84950111764120883606 0.92308691743729853751 0.99778935722494077609 0.91329000465674914366 1.0234945423974337597 1.3151689875771181981 1.2356533784176839674 1.1253700067652112615 0.98305076968283777727 0.95449749266209271692 0.88201780702534526846 0.72455973300335574372 0.81435453656297751568 0.74790395852083402239 0.63931087501948424823 0.87950753547042437308 1.2343466967941874035 nan nan nan nan nan nan nan nan nan nan nan nan nan nan nan nan nan nan nan nan nan nan nan nan nan nan nan nan nan nan nan nan nan
1.1187640738439643684 1.047304919694147074 0.95699442144494029083 0.9763505311987813462 0.93480331740854016864 0.87830253804430913345 0.8613038064331839383 0.8424638560011363797 0.8148184708357204542 0.77495857410576918234 0.80473289655726565339 0.79422644791503227424 0.78161383217260094192 0.84104187300324806387 0.9552762329453151624 0.89775185931064593881 0.88775680051910277335 1.1102396248862622663 1.2431422294291922803 1.1098067962049951163 0.9495368530925594186 0.96779252914813840292 0.92960972289316112782 0.63521674960832530399 0.54661445495719329646 0.71276772932914589376 0.64316536228909104711 0.64278888151297075559 1.0385555877776975198 nan nan nan nan nan nan nan nan nan nan nan nan nan nan nan nan nan nan nan nan nan nan nan nan nan nan nan nan nan nan nan nan nan
1.1134642296351286994 1.0669942169901689422 1.0041896723826635451 1.0008141014809244229 0.98021291359582596314 0.92417709845771822685 0.88361675507519965578 0.88513483346129717688 0.86649161080016967595 0.78573482583346387909 0.76533896811944801541 0.76232048341191194218 0.73821019690748490572 0.77357726035044449553 0.90541064769715262628 0.9284972783795311102 0.88850309943412564273 0.9125605588173647531 1.0297201534635473941 1.1506958033723826418 0.84327569529435952855 0.86706550572866780691 0.94734437018156492094 0.77363886182802055203 0.57584802066094853412 0.5841348785838210711 0.67662044390616493672 0.71446589017621997542 0.84365718093234320918 1.2147046568514658915 nan nan nan nan nan nan nan nan nan nan nan nan nan nan nan nan nan nan nan nan nan nan nan nan nan nan nan nan nan nan nan nan
1.1505190255999631077 1.1035318904635680326 1.0597132346177184914 1.0466392291162607275 1.0162399080322153111 0.92730019591852963501 0.89490563181834414941 0.89984581531498220031 0.9168092628473257788 0.86881377026895512117 0.76406790081809616844 0.71882912258383768744 0.70537197056773015547 0.77411288462547411804 0.93902251981499440525 0.96572694728864916236 0.87127058206014318387 0.88646005532034233276 0.87611379681195777902 0.94781611294863221673 0.78919519654499170613 0.70336972232075933853 0.81167701017522186913 0.81920449647627791023 0.73918485660701693796 0.69440520143825468224 0.78655439515093905634 0.8879265515987362356 0.99065911351678548336 1.2114862237183245952 nan nan nan nan nan nan nan nan nan nan nan nan nan nan nan nan nan nan nan nan nan nan nan nan nan nan nan nan nan nan nan nan
1.232198034621526439 1.2017860657303165439 1.1387255586951583464 1.024948444104466061 0.98945806596535745836 0.92707680660563296371 0.89713304798379400751 0.89026271236554666011 0.86545166315421462322 0.85586977771671313153 0.824543128806442982 0.74343328394383612068 0.72792869866946441348 0.78699113041068913255 0.93986379697443434011 1.1483696056901113725 1.0014006805058588423 0.92383319611417658024 0.94720077882538988856 0.9581146731800982419 0.88202985999510485904 0.73449661457299098011 0.72942471701673294859 0.7261365289889685215 0.82382301422252435241 0.81167947707757015507 0.85828023849463341843 0.94560578593215216525 1.017400418382613525 nan nan nan nan nan nan nan nan nan nan nan nan nan nan nan nan nan nan nan nan nan nan nan nan nan nan nan nan nan nan nan nan nan
1.3371041732402677571 1.3106063133437781953 1.2014390562681964703 1.0474752258476076605 0.97287285917710186745 0.92683439820597601777 0.89169188803503030005 0.91033408935856330313 0.85653518822182916903 0.82953407502192977319 0.87685368607762892434 0.83842438138475006149 0.75391458116830456504 0.78233879844457521191 0.90760805876271632986 1.1463222579943006529 1.0089249133418851656 0.866511465095156308 0.88384987372986878462 0.92718304922578287375 0.92976764212244344954 0.81264983456195960532 0.6878660062771806416 0.62067086378418734327 0.68135201718189186693 0.7807842068003573166 0.91052022107921082306 0.93816460372927146238 0.93009004749660673106 nan nan nan nan nan nan nan nan nan nan nan nan nan nan nan nan nan nan nan nan nan nan nan nan nan nan nan nan nan nan nan nan nan
1.3017101097058791925 1.2809477747912565437 1.2672392167252497508 1.2136192391875320062 1.0565100293757039296 0.92569877536086631054 0.84448919760742613416 0.89563305701008588677 0.909959578120395296 0.82358887695809213092 0.83002094464917708372 0.85174692104998495079 0.75832115697136504018 0.74959075780709605308 0.83432893113027506438 1.1414857749714393265 1.2129697738251099537 1.0570353413126678532 0.95742216823053638564 0.88140827582654668326 0.79847745478130383034 0.65682386406016923797 0.61556629673421636717 0.54737174160818935498 0.59549980699940396889 0.70623002054369621305 0.75587928473950904973 0.73061041911793278558 0.87570304645187635462 nan nan nan nan nan nan nan nan nan nan nan nan nan nan nan nan nan nan nan nan nan nan nan nan nan nan nan nan nan nan nan nan nan
0.99389536677769951822 0.97711911747672941519 1.0393443045005539282 1.1283973163799150274 1.1687387837601777019 1.0446316443363512505 0.9114657850111905768 0.87257169188459138276 0.93328394432769101741 0.86883154966721487522 0.79685946032103749381 0.82829405736871675181 0.87045714473755553264 0.7405336279618353057 0.70288100569916101001 0.86164040272188091585 1.1359432566848042256 1.0378715280936079424 0.92360070289377493857 0.92472659427538106414 0.87254182811755276461 0.68773465217700513463 0.60494786802029154593 0.59730714033645382344 0.72014124249495603536 0.73663821229527681744 0.69035101790032915581 0.630017251644585774 nan nan nan nan nan nan nan nan nan nan nan nan nan nan nan nan nan nan nan nan nan nan nan nan nan nan nan nan nan nan nan nan nan nan
1.2484903089287036071 1.1458567373661001643 1.0788370936538351774 1.065566611009481468 1.1175275656306569161 1.1380157781130115779 1.006548789024624746 0.93136388208391629462 0.9587417505650113192 0.94561720716722774682 0.8392438488069011715 0.78280687535950066458 0.81051939380876047991 0.70200164958179178676 0.65672134415746330482 0.65225034156575045774 0.9487388616564034205 0.98550490626237241543 0.88572975193244130043 0.89929027777803294263 0.85504417411984179331 0.65433156756848687152 0.60819931950866945591 0.68569807696212314863 0.66877089134802436554 0.58913631282497813668 0.63776169833726226166 0.68790127020006652803 nan nan nan nan nan nan nan nan nan nan nan nan nan nan nan nan nan nan nan nan nan nan nan nan nan nan nan nan nan nan nan nan nan nan
1.1753706974847617506 1.2624740502850744228 1.2828129291866168238 1.2465291403379672452 1.1082710839324940721 1.0146648138055134325 1.0056964233554765986 0.90645487510320887914 0.823547371932700778 0.85352154115988865257 0.86337012911439747764 0.75644587096307458474 0.77074701230907605165 0.68766774079074766135 0.67787186296719104117 0.64897757184046633849 0.80428845325914888331 0.99274527721568206484 0.96083421527282431018 0.95155812244706383662 0.89774768421044215394 0.71980551363027389655 0.64016130720452935066 0.62594237812923581021 0.52433893439157608363 0.45117281475800385948 0.53106174173925269066 0.61455286970302647198 nan nan nan nan nan nan nan nan nan nan nan nan nan nan nan nan nan nan nan nan nan nan nan nan nan nan nan nan nan nan nan nan nan nan
0.96273473987836033494 0.98049696155028642774 1.01084234354518121 1.0681297267758207425 1.094647966950704987 0.91604862426048461188 0.78760759235177668636 0.85027172498028347203 0.76446205922252841169 0.77432698509573771872 0.79228673774726221524 0.74360507129079034261 0.76260558861004223985 0.69777845245299641164 0.67511730324893903799 0.66961554774916909327 0.68470378055465075384 0.88052434272968382878 0.92662809542677626595 0.94772801324859079486 0.93808055066593909466 0.78271706410695185419 0.58852828628192543903 0.50053399182681235224 0.48215244967391612807 0.42239817581120853163 0.46468304550274847076 0.6338026077063044772 0.70239396543428078701 nan nan nan nan nan nan nan nan nan nan nan nan nan nan nan nan nan nan nan nan nan nan nan nan nan nan nan nan nan nan nan nan nan
0.94552176775489416016 0.9237446288113009274 0.96919448715699341168 0.98182535239703372376 1.0175994141268616122 1.0115764285310606674 0.87235334884543180856 0.79526465455562811435 0.7475992052631197371 0.72424846200016257391 0.72036941338273907665 0.70575398281672119261 0.69604595898554921796 0.64522883291374744097 0.59475924849888772705 0.68419375785678138158 0.71618893302637631759 0.75247610834152189874 0.84552722165920624064 0.90317016165958841079 0.93292812685502102266 0.80807451833353138859 0.60937848929460236569 0.49004812324336599616 0.47885744951294789695 0.40073725139048527177 0.40777640743579712801 0.53999504009452115039 0.60209854898845727167 0.59366666483727381642 nan nan nan nan nan nan nan nan nan nan nan nan nan nan nan nan nan nan nan nan nan nan nan nan nan nan nan nan nan nan nan nan
