results/rofental/snowdepth_dates_2020-06-02T1200.asc
ncols        322
nrows        225
xllcorner    622802.488000000012
yllcorner    5178049.378999999724
cellsize     100.000000000000
[rows 160 to 191 of 225, columns 72 to 143 of 322]
nan nan nan nan nan nan nan nan nan nan nan nan nan nan nan nan nan nan nan nan nan nan nan nan nan nan nan 1.3106090821035756289 1.2609420479271631343 0.98007928222523066353 0.94811028671695241066 0.92038641866646442313 0.9693428103961247988 1.0215028800080658833 1.0867915365082949641 1.2802811145368035994 1.534864442923444372 1.4624205940715162555 1.1805247598193584491 0.98042792426826941288 0.89068567042877311302 0.71337250006019203852 0.80182304281983984851 0.64845450724593689529 0.19214630905316359977 0.11785236252589995076 0.25812933421613631912 0 0 0 0 0 0 0 0 0.0082139610701257529529 0.064878340735911199655 0.30779181969644192618 0.50827502828520099154 0.8572139394270344992 0.98194012623173976273 1.0668992933925225408 1.087603095632273531 1.1097126159966856918 1.1206283118695439249 1.0449413429245952845 0.99397641732640074075 1.0765796064550943179 1.035021763568525266 1.1545892146126333078 1.0694640603573333237 1.0048202950321440952
nan nan nan nan nan nan nan nan nan nan nan nan nan nan nan nan nan nan nan nan nan nan nan nan nan 1.4369475320659139683 1.0209009055942177557 1.0223687478301477505 1.0317640312917419898 0.88765127342282490464 0.88635850266825311206 0.842279538009466755 0.86871183322652456571 0.91125511863551567071 0.95727314458195600366 0.91516959824830801384 0.89615931067770082663 1.469966430307213523 1.5572737096801025913 1.3490582668204467165 1.1967064792343116153 0.91095675076330384634 0.81130735270264842107 0.86047955718073898534 0.91003902004898484801 0.55396847527708570347 0.32862482179900337487 0 0 0 0 0 0 0 0 0 0 0.26171869668194858161 0.66924784604055687076 1.0862604677186529223 1.1200674410445192741 1.1148326831250585656 1.1024919818082048462 1.113647199813954547 1.1347453661608564168 1.1961837992166046707 1.0759595651858107068 0.70960630738020724628 0.65014528446472319434 0.80886003374989168258 0.93501382834550750278 0.70236251622023804231
nan nan nan nan nan nan nan nan nan nan nan nan nan nan nan nan nan nan nan nan nan nan nan 1.6318326810508230196 1.4764427624910563264 1.2351797788073584083 1.0569612895297635369 1.0528105524165851659 0.92267056818755599501 0.82076648292545117958 0.81108437087647577979 0.81158239737566417737 0.79082285487959602666 0.79669220561490916577 0.85883366242054037798 0.84842772678476374715 0.70003442201721977067 0.41998870526965020877 0.7659361812709286621 1.0275804199171381104 1.1570668171604994168 1.0529365552521028349 1.1871562932088886022 1.175022095044629733 1.0692733929110123103 0.84550531941370121736 0.67804229913549918241 0.15494212757386172097 0.17591025383443978369 0.071112437001542280757 0.056971360653528133056 0.043663075530611009101 0 0 0 0 0 0.024159629206620746728 0.24628546359851535841 0.74613197584941914897 0.97563364624512405321 1.0170711880185190346 1.0714757552554354803 1.1361969242875054054 1.1781678470328249553 1.245467748647242745 1.5122246870458377899 0.88595026512888108705 0.75039360939322619082 0.64923092786105540686 0.71685719052493490633 0.69803556664205979043
nan nan nan nan nan nan nan nan nan nan nan nan nan nan nan nan nan 1.9646768498341142806 1.8384260181364471265 1.7670469849985157573 1.676171581765974361 1.5826460613036923419 1.4423809721121347849 1.3579947303482735599 1.3483266036753167594 1.2685268345845206461 1.0899059411649871798 1.0906088622235283747 0.8530633578317500243 0.73251183746467996016 0.7156995907491983111 0.75245073912377546943 0.81546100077717853516 0.82793504108615167958 0.8447058529020672335 0.60986097744613654292 0.56978670973658651633 0.35264840006197734068 0.054094478953995127346 0.17810170306967437748 0.50410384542904029814 0.30243288572770410383 0.32322901515667157302 0.40629564463746592473 0.46823727111981772175 0.5370063879902691184 0.37496517142428986702 0.21858942696995925514 0.12821129741569900484 0.05376954138903887459 0.060323226807318164333 0.091091065233500773113 0.026321752961618406774 0 0.078734041919752667527 0.33373100870613958691 0.32040916950388026452 0.25616703612603292095 0.45677766688905091508 0.8611440814649490294 1.1206585821296255467 1.1461471578066686483 1.2418225287870259255 1.2435638737883234484 1.3121325006475377251 1.4442653120814761269 1.5796898838122166442 1.3357035941820074587 0.90170651678955027197 0.40061148933658574656 0.49720604709956700562 0.73734714544847479445
nan nan nan nan nan nan nan nan nan nan nan nan nan nan nan nan nan 1.8966540426387212825 1.7036964752130681067 1.6528709035696638185 1.4967337285056989682 1.4683621331333163162 1.4127391397612558688 1.360092859323356107 1.2944733958330820744 1.3105017702625607612 1.1986676238744735645 1.1402669217450420724 0.89674581105540318582 0.91981652942495750747 0.83972522780286285027 0.722361820818655187 0.58564230546127604704 0.63589007517184803486 0.72385533130053469897 0.64136817244305932562 0.59583218897642897804 0.40702260172780047043 0.067269511998346298576 0.01465740278404606238 0.34312173870751022653 0.35986926938388674735 0.23195159140579402202 0.25548341060670803904 0.17615664176752596215 0.10218531977423604695 0.083780560496189843134 0.1313707003849245436 0.064225223834652192534 0.027395872941643303194 0.017816807748117970828 0 0.00034578785020470981801 0.041244991479776400845 0.13887155332601525126 0.28318216937021167823 0.47554085407227220106 0.38054565833122078189 0.54412571135477527662 1.1738053819417091361 1.5607108679756449554 1.5972186077679417782 1.623897975930669535 1.580297886575614541 1.5056651732234933583 1.4501322534319225355 1.483375320674897635 1.4678726254319247602 1.0425381567594320664 0.57404844847670399854 0.51710838421462956838 0.59784600063402160153
nan nan nan nan nan nan nan nan nan nan nan nan nan nan nan nan nan 1.9527585601169246132 1.8693431467271763857 1.7859871468497616753 1.6459847702448435758 1.5243347963105764453 1.4492589327670142296 1.4077752475015432587 1.2929306682128518524 1.2371664977769802896 1.2962215680510309479 1.2663260782076413147 1.0185117439423190255 0.92882968590386538743 0.76058719179068401406 0.6724061093864315275 0.57865875002543087913 0.55041307551743834381 0.59582455905676845465 0.56903409758262157858 0.33958986325402440443 0.30758734227463502275 0.050595144761196059191 0 0.0895059296336731397 0.18847972848025354442 0.099796267323610604594 0.047973836575041957364 0 0.12986650152373996336 0.1886092219712372231 0.087880308930020703539 0.017681206993410275574 0 0 0 0 0.071709730223676645955 0.16347068703519318511 0.28857521008584419153 0.46105103564561245033 0.44670196289674779511 0.45172992495110564359 0.87451985016870370515 1.4533945027490977608 1.3028725069783979595 1.1817016259027504077 1.2023252993213597861 1.0586572918719114877 0.80504260043369257893 0.69888477609634658272 1.1551537542561969296 1.3582391359330416858 0.94727879495403188859 0.5171991529860293646 0.51034410771804050722
nan nan nan nan nan nan nan nan nan nan nan nan nan nan nan nan nan 1.8858325219673441886 1.942193022914627587 1.8625497071169023755 1.7038029636763403207 1.6475340268351943429 1.5467845925050078826 1.3740463795419666226 1.2500413872136637572 1.1461023664092420127 1.2165235647803689378 1.2998548493738111276 1.1329188365068023625 0.73860175243749770502 0.76390685566392257932 0.77533957847157997101 0.73074660066977603634 0.65088614557596002896 0.64892156148998658693 0.41801045855353885505 0.39649925342828040709 0.3245360927538889495 0.13572760513885570588 0.03046835310579804057 0.030610413674635031378 0.14708392684322718624 0.21738399021934268207 0.10210000527193792419 0.13214821073588223221 0.10249440204466755966 0.075763625122060571093 0.049451582155937291729 0.0026943805859246383605 0 0 0 0.058268113643955857239 0.23875862583780105286 0.28830708904736640497 0.36306947288874513724 0.61603360294624343041 0.53936706610757578773 0.40700943792242033625 0.57161755028597349693 1.0763995256075593598 0.9387730635296049897 0.59546230716313663933 0.69968701707071268014 0.57924432812838166917 0.096105934689375949187 0.21118051999777728844 0.53204973707334168864 0.92918616231692263696 0.90705359844053623508 0.60395077109924377723 0.5882514646624726895
nan nan nan nan nan nan nan nan nan nan nan nan nan nan nan nan nan nan 1.7741325858929628545 1.6479582764666971251 1.4410779702030294125 1.433227957821198828 1.6026942683039790971 1.6714589046708079323 1.47431807674505988 1.222377403596932588 1.0520112800719714219 1.139351881454393034 1.2185918419266161816 0.87600810478241597501 0.73559638289429418734 0.82791513858000287396 0.86456490740444846832 0.83047963297473170741 0.84309275581498366314 0.62389539171944297102 0.56646655850083516004 0.58474658777920429653 0.45649024717948327723 0.40127144719866847389 0.39063450610448480216 0.43923013920902698182 0.45964610072377032335 0.19274732974611641367 0.09817425434820511998 0.068175098417870713674 0.052290246308987327339 0.024790255910288411245 0 0 0 0.18471035444324770958 0.51343040110765236772 0.66864390056366618253 0.75708004580984655796 0.72177102307950069537 0.66826575443568581036 0.65209153272685393965 0.81545869035584228612 1.0372639564215320185 1.048134413166898149 0.34491502120675554544 0.063553980682916552669 0.59709989261654561332 0.36179399407802081967 0.12592373917079935364 0.13192746654008360996 0.29210266368074710996 0.40041620545113443264 0.60769888222589740767 0.62889994745811628185 0.64729976590254256763
nan nan nan nan nan nan nan nan nan nan nan nan nan nan nan nan nan nan nan 1.7366706512920437877 1.5425187278624115095 1.4147621276674817725 1.413157919612712643 1.5759092930702602864 1.6566464325815770664 1.5353899917966646882 1.0152612069982840381 0.97156360192485213823 1.1356250911109022628 1.158390254661626706 0.89875854165725210798 0.79035918902341339987 0.79116282436398766009 0.83090039552862948735 0.81376608183725784862 0.5508479811996565001 0.52366590955427327891 0.58198807634029303681 0.51317108244559395125 0.3626414918184432401 0.2945690737722421737 0.28105412118674860666 0.13833631214228589434 0.16317015220355704508 0.13596729846992006152 0.084806213802150781644 0.015427873706202688275 0 0 0.076997798613886669905 0.27186509292316229924 0.47367709278965869357 0.85313613199628390849 1.1408342339436727819 1.1110551045062784237 0.85258030218272695677 0.68486562231132785961 0.48058133834442323673 0.70472582137250150414 1.0443056233494298901 0.95779370946686781529 0.26710910856849878758 0 0.23482004403034700823 0.35934950582196223401 0.27849082590952373151 0.24654638265907757866 0.2603520319984110043 0.29558405973274393119 0.52334782659609846434 0.47851480423873216097 0.5486960526531886595
nan nan nan nan nan nan nan nan nan nan nan nan nan nan nan nan nan nan nan 1.8339322158246402772 1.6045727151665016841 1.2556699030729809863 1.2901650103871697972 1.3900286318334973412 1.4965310158066296164 1.6015626752598612903 1.4444538141035665468 1.0586782624279220677 0.95356026993205278419 1.0499714193615283797 1.0746980174961395793 1.0081497760950361986 0.781359705218221956 0.73684153308017319439 0.74234038082714248752 0.63910579937618550161 0.52088250195809560061 0.48989520390388408 0.45042650488386515306 0.38295347396232876092 0.36596323419596965554 0.37132513118669807639 0.19323815195041432746 0.1694597129822378867 0.12300790872142623733 0.087324063345992949947 0.057610734966912782729 0.14592767680988777412 0.38988016631478905616 0.64729615745547897099 0.72739279875797557828 0.74149505964863371421 0.93036821860021445829 1.1425584113198858915 1.3986575124172779816 1.2088994446966769836 0.82178087032069924156 0.55858732626644780339 0.46107062531219428214 nan nan 0.62032908926809759986 0.40080089165658139283 0.4566214413272661754 0.6319311166587344708 0.49712974835076140234 0.3968903840970239294 0.21839235814691154713 0.11218863018483754557 0.24288319767018456963 0.26853522737732460346 0.31311417282112496974
nan nan nan nan nan nan nan nan nan nan nan nan nan nan nan nan nan nan 1.3195092865550273054 1.6106665522583050176 1.4029827632703475437 1.1649304394915809269 1.182445017018400879 1.2984348103358556159 1.4180981833634143108 1.4898137216305300523 1.5123109246243631176 1.3345032225332502662 1.0174606511570123413 0.90335893299344127705 1.0782618044841756344 1.1182224744101390002 0.83912351416676067561 0.50285411902820553731 0.6746231321736554376 0.74984385807076980868 0.70136730120238321984 0.60187442927378476121 0.53203363138999826276 0.46164420379323783949 0.4034567484901169232 0.19592594157551423972 0.13207448310490399468 0.09725618005452964232 0.06709017793758401127 0.12934888953788550858 0.36068559840456637655 0.62295199413789847931 0.79320537975116534035 0.846188547387588752 0.93259531919211080542 0.97176683487503434655 1.2757341065668423852 1.4266245778898414276 1.4565070030982467664 1.2971409563587059655 1.0679831070234806489 0.85929886398754140586 nan nan nan nan nan nan 0.52268935110992065241 0.35330226749014237431 0.30322346527467075594 0.28800052529582553795 0.22700444170611652761 0.21608472562143768436 0.23433640955187995392 0.35586502361497923674
nan nan nan nan nan nan nan nan nan nan nan nan nan nan nan nan nan nan 1.4479439612368700807 1.3759136176889588121 1.3538964701782321143 1.3156268458713737957 1.209211452940732956 1.2557063863436295215 1.3564442835032568535 1.4769607718739541369 1.5531272110830409705 1.5259651115264329935 1.3182267987143831967 1.0876152439042647835 1.1146789009933988357 1.1833701556004361244 0.900241686173676392 0.55664140246014626179 0.67263244080978668027 0.79687378238442707623 0.83920604685374433629 0.77361384230326479816 0.70610271551584380401 0.65364271966616460663 0.57682726462975830728 0.34945576813005257977 0.18690276095497806996 0.26116040845268417847 0.52100976163393153406 0.66790735038515935962 0.78462882839520997624 0.89066844480133344764 0.93631326703689132795 1.0226194874880514263 1.1833966800072381886 1.2526137445823806171 1.2167514436025888003 nan 1.3186407883726625201 nan nan nan nan nan nan nan nan nan 0.44281464694870747989 0.24006607584585770709 0 0 0 0 0 0
nan nan nan nan nan nan nan nan nan nan nan nan nan nan nan nan nan nan nan 1.6685378271130915095 1.364566291652394181 1.4016823006446132993 1.3666705587467680161 1.3185139882322483018 1.2920173564470891492 1.3422247940303102531 1.4465145905300065277 1.5005683761465795634 1.5020994880040583475 1.3642933610738956496 1.2140842467607526611 1.3179245914088353331 1.1919416740414225941 0.91433220668729320302 0.86236320821560408234 0.91215123554320332033 0.92278597967146935854 0.66718629651400562786 0.6342546565431634864 0.67962985223397320844 0.74252510213125888505 0.80685212427122920964 0.97308259546347253277 1.1058458357226863544 1.1303003490711405199 1.2289705001040704957 1.2240946391980989105 1.2788382870334646935 1.2527743491961425004 1.2159154029817957898 1.1963536391009668147 1.4606269548508223899 1.1532603809882076007 nan nan nan nan nan nan nan nan nan nan nan nan 0.15927870965276810789 0 0 0 0 0 0
nan nan nan nan nan nan nan nan nan nan nan nan nan nan nan nan nan nan nan nan 1.7031235263437880523 1.4629154085953708364 1.4336149027698823488 1.419229706619675957 1.3587281084425948396 1.2680597956228789602 1.3134865802339885654 1.3003454993439123033 1.3330885663275737762 1.2235560552666766565 1.0732508398814131212 1.2117861881602862706 1.1237710473433311087 0.90675826197376641069 0.84111229996649838903 0.8921716430283135324 0.9415122291846167446 0.72573480250410749015 0.86066853514407215542 0.99198985824694663194 1.2015371750529051376 1.3354007293388845401 1.3045145514592491054 1.1506095028536833524 1.2287691695235327671 1.3318920896506485363 1.3772755185406757583 1.4022767058085960912 1.3963139742756724981 1.4950117465635219816 1.4810477359656077923 1.1984835888708671447 nan nan nan nan nan nan nan nan nan nan nan nan nan nan nan 0 0 0 0 0
nan nan nan nan nan nan nan nan nan nan nan nan nan nan nan nan nan nan nan nan nan 1.8064460134353399479 1.6969904946210951913 1.6022996808942302494 1.5475211755877498199 1.4678276092293514044 1.3168848782249780172 1.2528644037647063136 1.2746476705625884307 1.250937930424647071 1.2628863843005153633 1.3662337758467286708 1.3842434799495717535 1.3040873651140074685 1.2676662780001488606 1.2764922171580128651 1.3466431093028259358 1.3676593511062127284 1.3655209700557509045 1.3424512511555692917 1.2771410139678731621 1.2413619078371156412 1.2541903459732088866 1.3253578124405975824 1.4322528000716681085 1.4715510336794712654 1.5194243757280219143 1.5703320467293755414 1.5885996202676146982 nan nan nan nan nan nan nan nan nan nan nan nan nan nan nan nan nan nan nan nan 0 0 0
nan nan nan nan nan nan nan nan nan nan nan nan nan nan nan nan nan nan nan nan nan nan nan nan nan nan 1.4139577436958246093 1.378919520404782828 1.4016502646779678276 1.4484265445020569896 1.5152916855136950858 1.5745555436345435307 1.6342955400275340772 1.6811939122758245979 1.6176149472030509902 1.5182815278045409535 1.4453482712898972906 1.3481319315874795706 1.2450001168523929795 1.2570118216197572192 1.2015391742189591717 1.2641167331663445417 1.3989739020505291833 1.5182833477448103299 nan nan nan nan nan nan nan nan nan nan nan nan nan nan nan nan nan nan nan nan nan nan nan nan nan 0 0 0
nan nan nan nan nan nan nan nan nan nan nan nan nan nan nan nan nan nan nan nan nan nan nan nan nan nan nan nan nan nan nan nan nan nan nan nan nan 1.1572427577875707971 1.18674179380931899 1.2588466941739175908 1.2921440496035936363 1.408072125845021727 1.4992274372856533304 1.376807963864454365 nan nan nan nan nan nan nan nan nan nan nan nan nan nan nan nan nan nan nan nan nan nan nan nan nan nan 0 0
nan nan nan nan nan nan nan nan nan nan nan nan nan nan nan nan nan nan nan nan nan nan nan nan nan nan nan nan nan nan nan nan nan nan nan nan nan nan 1.2299711285859316057 1.3957398815291230942 1.3319388521236301681 1.3326269783160558102 nan nan nan nan nan nan nan nan nan nan nan nan nan nan nan nan nan nan nan nan nan nan nan nan nan nan nan nan nan 0
nan nan nan nan nan nan nan nan nan nan nan nan nan nan nan nan nan nan nan nan nan nan nan nan nan nan nan nan nan nan nan nan nan nan nan nan nan nan nan nan nan nan nan nan nan nan nan nan nan nan nan nan nan nan nan nan nan nan nan nan nan nan nan nan nan nan nan nan nan nan nan 0
nan nan nan nan nan nan nan nan nan nan nan nan nan nan nan nan nan nan nan nan nan nan nan nan nan nan nan nan nan nan nan nan nan nan nan nan nan nan nan nan nan nan nan nan nan nan nan nan nan nan nan nan nan nan nan nan nan nan nan nan nan nan nan nan nan nan nan nan nan nan nan nan
nan nan nan nan nan nan nan nan nan nan nan nan nan nan nan nan nan nan nan nan nan nan nan nan nan nan nan nan nan nan nan nan nan nan nan nan nan nan nan nan nan nan nan nan nan nan nan nan nan nan nan nan nan nan nan nan nan nan nan nan nan nan nan nan nan nan nan nan nan nan nan nan
nan nan nan nan nan nan nan nan nan nan nan nan nan nan nan nan nan nan nan nan nan nan nan nan nan nan nan nan nan nan nan nan nan nan nan nan nan nan nan nan nan nan nan nan nan nan nan nan nan nan nan nan nan nan nan nan nan nan nan nan nan nan nan nan nan nan nan nan nan nan nan nan
nan nan nan nan nan nan nan nan nan nan nan nan nan nan nan nan nan nan nan nan nan nan nan nan nan nan nan nan nan nan nan nan nan nan nan nan nan nan nan nan nan nan nan nan nan nan nan nan nan nan nan nan nan nan nan nan nan nan nan nan nan nan nan nan nan nan nan nan nan nan nan nan
nan nan nan nan nan nan nan nan nan nan nan nan nan nan nan nan nan nan nan nan nan nan nan nan nan nan nan nan nan nan nan nan nan nan nan nan nan nan nan nan nan nan nan nan nan nan nan nan nan nan nan nan nan nan nan nan nan nan nan nan nan nan nan nan nan nan nan nan nan nan nan nan
nan nan nan nan nan nan nan nan nan nan nan nan nan nan nan nan nan nan nan nan nan nan nan nan nan nan nan nan nan nan nan nan nan nan nan nan nan nan nan nan nan nan nan nan nan nan nan nan nan nan nan nan nan nan nan nan nan nan nan nan nan nan nan nan nan nan nan nan nan nan nan nan
nan nan nan nan nan nan nan nan nan nan nan nan nan nan nan nan nan nan nan nan nan nan nan nan nan nan nan nan nan nan nan nan nan nan nan nan nan nan nan nan nan nan nan nan nan nan nan nan nan nan nan nan nan nan nan nan nan nan nan nan nan nan nan nan nan nan nan nan nan nan nan nan
nan nan nan nan nan nan nan nan nan nan nan nan nan nan nan nan nan nan nan nan nan nan nan nan nan nan nan nan nan nan nan nan nan nan nan nan nan nan nan nan nan nan nan nan nan nan nan nan nan nan nan nan nan nan nan nan nan nan nan nan nan nan nan nan nan nan nan nan nan nan nan nan
nan nan nan nan nan nan nan nan nan nan nan nan nan nan nan nan nan nan nan nan nan nan nan nan nan nan nan nan nan nan nan nan nan nan nan nan nan nan nan nan nan nan nan nan nan nan nan nan nan nan nan nan nan nan nan nan nan nan nan nan nan nan nan nan nan nan nan nan nan nan nan nan
nan nan nan nan nan nan nan nan nan nan nan nan nan nan nan nan nan nan nan nan nan nan nan nan nan nan nan nan nan nan nan nan nan nan nan nan nan nan nan nan nan nan nan nan nan nan nan nan nan nan nan nan nan nan nan nan nan nan nan nan nan nan nan nan nan nan nan nan nan nan nan nan
nan nan nan nan nan nan nan nan nan nan nan nan nan nan nan nan nan nan nan nan nan nan nan nan nan nan nan nan nan nan nan nan nan nan nan nan nan nan nan nan nan nan nan nan nan nan nan nan nan nan nan nan nan nan nan nan nan nan nan nan nan nan nan nan nan nan nan nan nan nan nan 0.83050696960033099092
nan nan nan nan nan nan nan nan nan nan nan nan nan nan nan nan nan nan nan nan nan nan nan nan nan nan nan nan nan nan nan nan nan nan nan nan nan nan nan nan nan nan nan nan nan nan nan nan nan nan nan nan nan nan nan nan nan nan nan nan nan nan nan nan nan nan nan nan nan nan 0.90148518128948296191 0.52151668542518070382
nan nan nan nan nan nan nan nan nan nan nan nan nan nan nan nan nan nan nan nan nan nan nan nan nan nan nan nan nan nan nan nan nan nan nan nan nan nan nan nan nan nan nan nan nan nan nan nan nan nan nan nan nan nan nan nan nan nan nan nan nan nan nan nan nan nan nan nan nan nan 0.77056197903773715474 0.34967836179070049818
