results/rofental/snowdepth_month_2020-06-01T0000_2020-06-30T2300.asc
ncols        322
nrows        225
xllcorner    622802.488000000012
yllcorner    5178049.378999999724
cellsize     100.000000000000
[rows 58 to 86 of 225, columns 192 to 255 of 322]
nan nan nan nan nan nan nan nan nan nan nan nan nan nan nan nan nan nan nan nan nan nan nan nan nan nan nan nan nan nan nan nan nan nan nan nan nan nan nan nan nan nan nan nan nan nan nan nan nan nan nan nan nan nan nan nan nan nan nan nan nan nan nan nan
nan nan nan nan nan nan nan nan nan 1.9612133273129233046 nan nan nan nan nan nan nan nan nan nan nan nan nan nan nan nan nan nan nan nan nan nan nan nan nan nan nan nan nan nan nan nan nan nan nan nan nan nan nan nan nan nan nan nan nan nan nan nan nan nan nan nan nan nan
nan nan nan nan nan nan nan 2.1023667536858354765 1.9205209535572855817 1.5826268746662861542 1.6424583981619158557 1.8849925330749579544 nan nan nan nan nan nan nan nan nan nan nan nan nan nan nan nan nan nan nan nan nan nan nan nan nan nan nan nan nan nan nan nan nan nan nan nan nan nan nan nan nan nan nan nan nan nan nan nan nan nan nan nan
nan nan nan nan nan 1.6058060731280747735 1.6225804487671140475 1.6624251246672656634 1.6450207559672254121 1.508188558985411154 1.3214177272691896015 1.2105615901363910858 1.5305881297719685641 nan nan nan nan nan nan nan nan nan nan nan nan nan nan nan nan nan nan nan nan nan nan nan nan nan nan nan nan nan nan nan nan nan nan nan nan nan nan nan nan nan nan nan nan nan nan nan nan nan nan nan
nan nan nan 2.2496034757307254992 1.7911440617089668947 1.3871156117997738288 1.2716167403158407101 1.1957008878544101993 1.1511522694443825365 1.266643955550870837 1.39170796695258292 1.0003585024198586861 0.70628225805573952023 0.87621698409730175428 1.3633650274632402866 nan nan nan nan nan nan nan nan nan nan nan nan nan nan nan nan nan nan nan nan nan nan nan nan nan nan nan nan nan nan nan nan nan nan nan nan nan nan nan nan nan nan nan nan nan nan nan nan nan
nan nan 2.075576275604041232 2.0607130716712127594 1.6369460734932832491 1.3742044808760567332 1.2783765992863163063 1.2014999778438422151 1.087938451178257937 1.0328915595781607006 1.1985186910719378695 1.0626450364547259664 0.6663814879871889918 0.39836414535364028655 0.35612309769210520605 0.75051479947499555312 1.5947733977922884385 nan nan nan nan nan nan nan nan nan nan nan nan nan nan nan nan nan nan nan nan nan nan nan nan nan nan nan nan nan nan nan nan nan nan nan nan nan nan nan nan nan nan nan nan nan nan nan
nan nan 2.204245351955518295 2.1515397392826436374 1.8588158381882375902 1.4658311630569627049 1.4457731410208527478 1.4194604366814023155 1.3584941357191624434 1.2294359936042622561 1.204305728554976973 1.1338603384740439939 0.90446395472512675084 0.64026060963601838516 0.37455678267297598527 0.28369868635128181467 0.43666961771185297536 1.090236505251692023 nan nan nan nan nan nan nan nan nan nan nan nan nan nan nan nan nan nan nan nan nan nan nan nan nan nan nan nan nan nan nan nan nan nan nan nan nan nan nan nan nan nan nan nan nan nan
nan 1.5797353487672141092 1.6964132043121114002 1.9333187707462327065 1.9749552197303263945 1.7877612078024289755 1.7428504514873444098 1.8046974041319399085 1.4835663923834219169 1.1362381770702669748 1.0783850326579140777 1.1257713400364541823 1.0273339626018975768 0.87346024326170390584 0.62410122114456278997 0.30992997049315945679 0.27504741303587626478 0.75273407221042121229 1.26875864697166163 nan nan nan nan nan nan nan nan nan nan nan nan nan nan nan nan nan nan nan nan nan nan nan nan nan nan nan nan nan nan nan nan nan nan nan nan nan nan nan nan nan nan nan nan nan
1.7090146610981418185 1.4952731884043153343 1.1679363153547541732 1.1080724715401824021 1.8292076668457735167 1.8668812033099160264 1.6046374507275766863 1.5984490228846659488 1.4678329037530226664 1.1596689698417517178 0.83506880626836521575 0.95526749339908001435 0.99865853355578104722 0.85096445038795509586 0.70087819326558087329 0.45662736661560932028 0.33108988438042041835 0.64674796759561103965 0.9687923996084063516 1.3240666502912146196 nan nan nan nan nan nan nan nan nan nan nan nan nan nan nan nan nan nan nan nan nan nan nan nan nan nan nan nan nan nan nan nan nan nan nan nan nan nan nan nan nan nan nan nan
1.6473420123061444098 1.2575708063042099205 0.84352684510583819666 0.76404847752833160435 1.5653915562530422712 1.921296296622860833 1.7730824453558580167 1.6013526643111199999 1.4298429585600485048 1.3314353132519549661 1.0347776082130677455 0.86615662981135366216 0.87764634775210870199 0.75039307586189307742 0.64690032125274177233 0.47134472478078753843 0.28333070074887295453 0.50422383814429283522 0.56682241142688927216 0.87838505081351481163 1.287444721580957685 nan nan nan nan nan nan nan nan nan nan nan nan nan nan nan nan nan nan nan nan nan nan nan nan nan nan nan nan nan nan nan nan nan nan nan nan nan nan nan nan nan nan nan
1.5212916974019161653 1.1972124108736685866 0.61578846474380177778 0.5812836464976804951 0.88683566559851501054 1.430775720886800606 1.9983309990811477519 1.9695663939028023037 1.4717550319993142338 1.3028074310166888328 1.1128139595224473268 0.97795457793065188046 0.9051005469391902869 0.76524638321330584745 0.68313723529899816889 0.46621123009159953776 0.06234913787593045903 0.091497221982604376445 0.041524428580198280425 0.078798762281875531222 1.0798238444360903632 nan nan nan nan nan nan nan nan nan nan nan nan nan nan nan nan nan nan nan nan nan nan nan nan nan nan nan nan nan nan nan nan nan nan nan nan nan nan nan nan nan nan nan
1.0632666128064276467 0.99232886334080228075 0.39741738289252781513 0.39806138543538815977 0.63494778012921393451 0.66942687390576371964 0.98681928707102817278 2.0221750110159568692 1.998595163464582436 1.6355784135416955305 1.2753755706233311784 1.0113675911725859002 0.88580980226743855077 0.67455238931941940983 0.59883175123441634291 0.40209391361038177015 0.13960166752312028193 0.040918063696976807175 0.03007475048605996043 0.033268387333498766756 0.5065099828429329154 nan nan nan nan nan nan nan nan nan nan nan nan nan nan nan nan nan nan nan nan nan nan nan nan nan nan nan nan nan nan nan nan nan nan nan nan nan nan nan nan nan nan nan
0.48256228271631018689 0.35568609655903565825 0.098485331298398023914 0.27761018426090428024 0.42626513343968092107 0.37901153615331950597 0.49907941775006781082 0.8728398735536836428 1.8735112602723515973 2.0040508705231863118 1.8483364688375261142 1.2948042570987952082 0.89422108628864616087 0.55747827681772565978 0.40906610810024046643 0.30798548627749799955 0.24039411764312820785 0.18830206735758370229 0.028318592003801868612 0.02797484814666277575 0.48789781569942708428 nan nan nan nan nan nan nan nan nan nan nan nan nan nan nan nan nan nan nan nan nan nan nan nan nan nan nan nan nan nan nan nan nan nan nan nan nan nan nan nan nan nan nan
0.046246983626710119752 0.047060121139998717377 0.053378202657586623636 0.074151091788040524033 0.1412039919405095878 0.16909292085740104672 0.27594418204267723294 0.47957502506593874259 0.78275530793549663588 0.82845720120619903426 1.6375937898290358063 1.7068577558989908027 1.2767098585725347171 0.63887073722724319058 0.24403665235689450674 0.12079698819202190629 0.066295200361559253333 0.036472420982428789549 0.029624683719862085485 0.025988461746753090814 0.025586506733822809989 0.69385362278695872362 nan nan nan nan nan nan nan nan nan nan nan nan nan nan nan nan nan nan nan nan nan nan nan nan nan nan nan nan nan nan nan nan nan nan nan nan nan nan nan nan nan nan
0.034624960970286715323 0.039430817956990653339 0.041961116586175170595 0.04433314150234319434 0.051056668023741973161 0.056252897536528720379 0.061014421524477835401 0.24413274077571642251 0.55745002411495647721 0.26412358056416124219 0.47855156065868614812 1.4560203244191221028 1.1306439400165098075 0.65139308740037471512 0.14168718358472304208 0.0336674044767441491 0.030522605489639312998 0.02443563695930657878 0.024844781304834605284 0.022657134708730611306 0.0216740088820084921 0.02475695619341923559 0.61177034387955175898 nan nan nan nan nan nan nan nan nan nan nan nan nan nan nan nan nan nan nan nan nan nan nan nan nan nan nan nan nan nan nan nan nan nan nan nan nan nan nan nan nan
0.03246342562870505738 0.033961163840106847744 0.034774598011528094765 0.033905242522897623136 0.038422582381914836824 0.041569481374356925807 0.043654921344317636211 0.054875833910412313843 0.34665254086432584213 0.10486614796731889843 0.12143864980876706294 0.80300791524762704654 1.1541408962346446643 0.60670087639675007729 0.032099640355222447408 0.033418065829506897468 0.032449009084761379351 0.018396980038273381269 0.015627007025336512452 0.017365309200884266466 0.017057830502438402903 0.019624338190755350603 0.037237089783100460472 nan nan nan nan nan nan nan nan nan nan nan nan nan nan nan nan nan nan nan nan nan nan nan nan nan nan nan nan nan nan nan nan nan nan nan nan nan nan nan nan nan
0.032289843468337291188 0.034251484846503109372 0.032077116720916017123 0.029248767371628597855 0.030638488274673969514 0.032489624106375500356 0.033597487809360060407 0.038451095165847735957 0.060843540856975200648 0.11921766950837825449 0.06368666544669271401 0.19994768085795996959 0.43538976970512827114 0.75392899169034943707 0.028409116619988444147 0.026316188468975664633 0.028363383788367051153 0.016593428599063399925 0.014239848441081183125 0.014461427851866407931 0.015180965301363502987 0.01797141828129049379 0.020203833952338639407 0.49350841190048450047 nan nan nan nan nan nan nan nan nan nan nan nan nan nan nan nan nan nan nan nan nan nan nan nan nan nan nan nan nan nan nan nan nan nan nan nan nan nan nan nan
0.032607386264832102785 0.033359467244854938694 0.035708776324551320946 0.028110791981778258941 0.025727229171638707483 0.025330391016746257871 0.02553382058721473391 0.029915221752487387158 0.051316198995354458945 0.20066223612786879271 0.043045077585774312035 0.04782553658865687507 0.047054059101064867054 0.053144947426742313035 0.024122152721447760043 0.018854477625395344581 0.018406620364818184615 0.015192984981907348488 0.014117730174477276586 0.014005826472880122946 0.015445658603240425624 0.018174455502350334024 0.024085989704124573241 0.45593463144415524724 nan nan nan nan nan nan nan nan nan nan nan nan nan nan nan nan nan nan nan nan nan nan nan nan nan nan nan nan nan nan nan nan nan nan nan nan nan nan nan nan
0.031722487065474029577 0.03040381992222777538 0.027168495588049450251 0.025600345456359065166 0.024181365791511401364 0.02202338969169463298 0.021334414072198611134 0.026506711339513520237 0.037388235647308115661 0.62608578897031352817 0.15877383222700064414 0.03226658926176365072 0.03543597600741647119 0.035475392686006350373 0.022307822033446757237 0.015902247565938727736 0.01478177311429085608 0.013671225118136254642 0.013992363405176141619 0.014380751421806585097 0.015502261037377012762 0.019971266701669435767 0.025856150493473076257 nan nan nan nan nan nan nan nan nan nan nan nan nan nan nan nan nan nan nan nan nan nan nan nan nan nan nan nan nan nan nan nan nan nan nan nan nan nan nan nan nan
0.028826124431756753458 0.033471936291774542771 0.025036132134321098519 0.022849860107100539858 0.023278844188220286504 0.021489803946708244814 0.019829139451706008501 0.023729617579388809223 0.031435898004609080791 0.66355296129989593812 0.23159295020735895521 0.027184927417860167698 0.026533132248548474408 0.025406557772893446911 0.021491833912167412901 0.015524977371045576777 0.01339442289574654249 0.012549317798357164169 0.012913506197159444963 0.013941471208004617421 0.01665566697259400139 0.021047739158828748102 0.025937435530514474369 nan nan nan nan nan nan nan nan nan nan nan nan nan nan nan nan nan nan nan nan nan nan nan nan nan nan nan nan nan nan nan nan nan nan nan nan nan nan nan nan nan
0.024904620492695931505 0.024986057825267936339 0.024788812248594749299 0.021395055771847640985 0.021072446610702399994 0.021144074413063256024 0.01858359097834556134 0.0216037504174622641 0.027238181883393792343 0.54983323988485255374 0.8111042556172227691 0.062257637079788215317 0.027858666047103283758 0.02199914605257155889 0.017070851257155062602 0.013229013472851519628 0.012172960462439597062 0.011483554231135355631 0.011698733256609472608 0.013081401064841499671 0.015080904392055720364 0.016648121740895173437 0.024500579607662789638 nan nan nan nan nan nan nan nan nan nan nan nan nan nan nan nan nan nan nan nan nan nan nan nan nan nan nan nan nan nan nan nan nan nan nan nan nan nan nan nan nan
0.02444022367309511487 0.023015977235193364747 0.024477681820477447533 0.021546695125998993614 0.019554033047522012545 0.018923521054950421388 0.020934802667461730602 0.020132584002113575183 0.022861086597090352068 0.02848722512566283574 0.42173842279781859066 0.10471556006317807308 0.02359913129678989363 0.021184414163882628324 0.016063052061841824603 0.012354729843656164084 0.01123370772894095003 0.010467113582967793942 0.011545096129736894322 0.013071850860506014844 0.01412883758671922875 0.015335959411889234227 nan nan nan nan nan nan nan nan nan nan nan nan nan nan nan nan nan nan nan nan nan nan nan nan nan nan nan nan nan nan nan nan nan nan nan nan nan nan nan nan nan nan
0.038308081091372125915 0.023554738183118661271 0.024810670720160261232 0.023276901130447849586 0.019459809467998506055 0.016393829776874039444 0.01985880763157723411 0.017215997254996506793 0.019471604971211187857 0.02156063264850070077 0.036842714399389984992 0.046005811628665425894 0.020819714349760376493 0.018760014487321244325 0.014916219460818221781 0.011251741591134305567 0.010083017551859139657 0.009981436986835836786 0.011482421072179199717 0.012195956091305165669 0.013093147978079453658 0.014138608270449319615 nan nan nan nan nan nan nan nan nan nan nan nan nan nan nan nan nan nan nan nan nan nan nan nan nan nan nan nan nan nan nan nan nan nan nan nan nan nan nan nan nan nan
0.043834083882054168668 0.023781963799926229136 0.020949823951996997956 0.020377660275804412859 0.018088021241353249152 0.015722111241293443978 0.017093326636379205241 0.015386298252499951145 0.016231944523993097063 0.016900922442655518657 0.022896986520764529838 0.03696065516059527517 0.021339468456079556391 0.018991737254434801208 0.014620836077234281372 0.010749274166101847189 0.0093620370731260730418 0.0095280541816518179304 0.01018769573717676416 0.01044468924098144666 0.011697134279857458045 0.013014326117055807427 nan nan nan nan nan nan nan nan nan nan nan nan nan nan nan nan nan nan nan nan nan nan nan nan nan nan nan nan nan nan nan nan nan nan nan nan nan nan nan nan nan nan
0.021980113300213998534 0.022585866917114574837 0.017017152608358034754 0.016275038458874159508 0.015561766795991608878 0.014869681480131352255 0.015225220505765109727 0.01464971180846839742 0.014764690663697298961 0.015408299720858754933 0.016172068847873349168 0.020531332971547744393 0.019488808181474935599 0.017680498979265112797 0.014684553033110843423 0.010785247705404387222 0.0085385229671760699138 0.0083200200153159074162 0.0087138857737186110886 0.0088728943047899650615 0.0099429429086575343844 0.011812392983053886242 0.012116046670163705887 nan nan nan nan nan nan nan nan nan nan nan nan nan nan nan nan nan nan nan nan nan nan nan nan nan nan nan nan nan nan nan nan nan nan nan nan nan nan nan nan nan
0.022684615454803467444 0.019211647044029788595 0.015363561938292434605 0.014460755450764089733 0.014134027633594887022 0.013952594581287192446 0.013952561710713870177 0.013645497219831924721 0.013522307407117076933 0.014363222105704858203 0.014926906479853511295 0.015497513151081120791 0.01583855263483894063 0.015251330220300477955 0.014441467626329964821 0.010534464624656597609 0.0080896981329818401507 0.0073955422231810029332 0.0076577119768047345258 0.0076493842879998552586 0.0083850728287624427121 0.010226111631928385889 0.0099358286942504755318 0.0087753113129882213267 nan nan nan nan nan nan nan nan nan nan nan nan nan nan nan nan nan nan nan nan nan nan nan nan nan nan nan nan nan nan nan nan nan nan nan nan nan nan nan nan
0.16020332324153227499 0.017701905450371743789 0.014576205993336572783 0.013529779269740490819 0.013133484944851664747 0.013146148817394067224 0.012919696592365319601 0.012859409926414433478 0.012181476058913041222 0.012939535168903509507 0.013849780820959051511 0.014209791962973011489 0.014374128210346124104 0.014364693687019248342 0.013944898663905878899 0.010315456316716981391 0.0080084154092308172668 0.0068834360992696217579 0.0069347814057357931583 0.0070648151829538052143 0.0072006338478700481626 0.0083055487683972879093 0.0088074788715805582551 0.0081975070152472701707 0.0077269466847525837896 nan nan nan nan nan nan nan nan nan nan nan nan nan nan nan nan nan nan nan nan nan nan nan nan nan nan nan nan nan nan nan nan nan nan nan nan nan nan nan
0.062294249041236086917 0.034776416114375138799 0.016104770563552313345 0.013606080445556551287 0.012496742301820270085 0.012183422032711378052 0.012044981272834135236 0.01198864535378743254 0.010978150423475156738 0.011448555076123098292 0.012401565139647142619 0.012714507944292328251 0.012460333590967783909 0.012231402098709723281 0.012031956455559813732 0.010388284250779408757 0.0083312538713095612292 0.0068869956948156675972 0.0058940292196743605813 0.0063006996014320056435 0.0062032464965640519636 0.0068909980228617990008 0.0077545670446547317056 0.0074875913473594927702 0.0067608913988407371223 0.0061855095105039269512 nan nan nan nan nan nan nan nan nan nan nan nan nan nan nan nan nan nan nan nan nan nan nan nan nan nan nan nan nan nan nan nan nan nan nan nan nan nan
0.14866748263923237894 0.45059940092401823408 0.10011759228447017489 0.015867447375362588036 0.012761278807248845057 0.011575271231765214483 0.011339488206566166947 0.011031332081206015466 0.0099145305498785762238 0.0097263901155281665828 0.010951029794931402966 0.011659747335022055056 0.011067793233654107596 0.010471138991362873363 0.0097929876460857712139 0.0093107800654440974614 0.0088042466027378821214 0.0069071962894248946363 0.0052264684806283571647 0.0048549741947098686359 0.0046732284800750627934 0.0056168516013291600389 0.0062769572319534188212 0.0061418862704410307277 0.0056824201646722043504 0.0051666729308134052776 0.0041664937118211144845 0.0033760653778149569797 nan nan nan nan nan nan nan nan nan nan nan nan nan nan nan nan nan nan nan nan nan nan nan nan nan nan nan nan nan nan nan nan nan nan nan nan
