results/rofental/snowmelt_month_2020-07-01T0000_2020-07-31T2300.asc
ncols        322
nrows        225
xllcorner    622802.488000000012
yllcorner    5178049.378999999724
cellsize     100.000000000000
[rows 56 to 83 of 225, columns 192 to 255 of 322]
nan nan nan nan nan nan nan nan nan nan nan nan nan nan nan nan nan nan nan nan nan nan nan nan nan nan nan nan nan nan nan nan nan nan nan nan nan nan nan nan nan nan nan nan nan nan nan nan nan nan nan nan nan nan nan nan nan nan nan nan nan nan nan nan
nan nan nan nan nan nan nan nan nan nan nan nan nan nan nan nan nan nan nan nan nan nan nan nan nan nan nan nan nan nan nan nan nan nan nan nan nan nan nan nan nan nan nan nan nan nan nan nan nan nan nan nan nan nan nan nan nan nan nan nan nan nan nan nan
nan nan nan nan nan nan nan nan nan nan nan nan nan nan nan nan nan nan nan nan nan nan nan nan nan nan nan nan nan nan nan nan nan nan nan nan nan nan nan nan nan nan nan nan nan nan nan nan nan nan nan nan nan nan nan nan nan nan nan nan nan nan nan nan
nan nan nan nan nan nan nan nan nan 261.53416236066203737 nan nan nan nan nan nan nan nan nan nan nan nan nan nan nan nan nan nan nan nan nan nan nan nan nan nan nan nan nan nan nan nan nan nan nan nan nan nan nan nan nan nan nan nan nan nan nan nan nan nan nan nan nan nan
nan nan nan nan nan nan nan 229.81660037795290918 269.38931666422007538 327.1055475574531215 364.7208652626525236 303.65188051218882492 nan nan nan nan nan nan nan nan nan nan nan nan nan nan nan nan nan nan nan nan nan nan nan nan nan nan nan nan nan nan nan nan nan nan nan nan nan nan nan nan nan nan nan nan nan nan nan nan nan nan nan nan
nan nan nan nan nan 322.74239643606301797 304.57389900202559829 300.28601760710648705 310.67592403270259638 379.17745854209533718 388.50106621594858325 319.67033576749435042 394.15666608244930558 nan nan nan nan nan nan nan nan nan nan nan nan nan nan nan nan nan nan nan nan nan nan nan nan nan nan nan nan nan nan nan nan nan nan nan nan nan nan nan nan nan nan nan nan nan nan nan nan nan nan nan
nan nan nan 174.03716205273386208 279.84049038801708775 330.49015329995165757 342.42248618643151303 340.91869451726972784 307.12444848072522063 356.45117599594783542 396.91672100361040521 199.79751842516930083 69.687878637893916789 134.25217727778232302 356.65031679818673638 nan nan nan nan nan nan nan nan nan nan nan nan nan nan nan nan nan nan nan nan nan nan nan nan nan nan nan nan nan nan nan nan nan nan nan nan nan nan nan nan nan nan nan nan nan nan nan nan nan
nan nan 228.54320427650495162 220.95392862542007606 309.51989070511666569 349.58937903197767127 365.86312926517081223 326.33709973650115899 267.09477339121104933 236.26184958253324453 310.60078399051809583 221.45132115299139741 46.535536561333941563 29.088619683724630249 29.306677528426909873 74.225580869224870639 440.90878603952512549 nan nan nan nan nan nan nan nan nan nan nan nan nan nan nan nan nan nan nan nan nan nan nan nan nan nan nan nan nan nan nan nan nan nan nan nan nan nan nan nan nan nan nan nan nan nan nan
nan nan 194.39481190280289979 197.24871932216925074 280.95219500205212171 350.34246376156045244 394.57881025456720181 400.37492810160262025 387.1458086839638213 319.13288420046347937 284.47098608308164103 247.96222615316125371 139.23483099655908291 27.743404254743062154 26.598543663305409979 27.301105403846591457 31.00034400963579273 233.15427001505071303 nan nan nan nan nan nan nan nan nan nan nan nan nan nan nan nan nan nan nan nan nan nan nan nan nan nan nan nan nan nan nan nan nan nan nan nan nan nan nan nan nan nan nan nan nan nan
nan 309.63424056920968042 286.4441917491960794 258.76941473911313096 255.65285935127084826 307.17886272282447635 360.40695027241616799 337.73733045619775339 390.457140727283047 274.1813886412482475 222.8419648536029456 240.81873801107758482 192.03271379837579502 120.2810947026848396 25.565553929072095229 24.877381557723083461 26.474175418713905117 82.157610110903590339 315.82408950236634837 nan nan nan nan nan nan nan nan nan nan nan nan nan nan nan nan nan nan nan nan nan nan nan nan nan nan nan nan nan nan nan nan nan nan nan nan nan nan nan nan nan nan nan nan nan
291.88578606653788938 317.36343088521459777 341.77509737050888816 303.42512731841674167 292.99155875809049121 291.67261707170820273 375.58201654279355353 363.54254612620883336 390.52602866840572915 264.25661100230229295 111.87719554186087123 161.7770484684026826 179.60973441885627722 109.68304045250660295 43.782623720815507795 23.677718303405907108 23.874170759244073281 30.99989447541790355 171.87733027569353794 338.79445546430690683 nan nan nan nan nan nan nan nan nan nan nan nan nan nan nan nan nan nan nan nan nan nan nan nan nan nan nan nan nan nan nan nan nan nan nan nan nan nan nan nan nan nan nan nan
300.50664238855040367 367.2791880267985789 172.54145071975614201 143.56035478878172285 341.47828369002979798 276.08506763386657212 339.80159963492428687 366.69634966407073762 402.91979270767944854 338.62248421513311314 193.47796402953710526 120.04196257533052972 123.92395775350911435 64.354833580274984683 23.527519053864683229 22.307208603572082239 22.089492056543587495 25.78665248956551892 25.576489139892075286 123.70883073363143012 318.37047633858423978 nan nan nan nan nan nan nan nan nan nan nan nan nan nan nan nan nan nan nan nan nan nan nan nan nan nan nan nan nan nan nan nan nan nan nan nan nan nan nan nan nan nan nan
359.79200975345497682 325.18666472513569943 64.521717738071970416 61.54006163493272652 190.96368840307130199 399.80112354162406518 254.11316558075969851 277.15543227019799133 393.91301763649158829 319.39553072653279742 230.76777532533165527 165.9795540461745702 133.01445413413387087 67.600915684003254569 31.939638161019892948 20.477762224806348001 18.769416882998413598 18.412700888044849279 17.183270259741135533 19.863160451527029693 216.32840216573981706 nan nan nan nan nan nan nan nan nan nan nan nan nan nan nan nan nan nan nan nan nan nan nan nan nan nan nan nan nan nan nan nan nan nan nan nan nan nan nan nan nan nan nan
258.32721168411489998 217.89157731375328808 33.583283080312128277 34.80282878685903114 77.462936798431371699 97.461444723681509572 225.75329740866743577 262.1304493364444852 260.55599310985900274 365.49686589317747121 305.6683769934863335 182.35045496126446096 124.97249048664747306 27.241327881529592503 20.717069467852176956 17.754766918522438601 15.478687709304232101 12.835679553400568764 10.271745371544108494 12.753939058326849931 17.202044899944798573 nan nan nan nan nan nan nan nan nan nan nan nan nan nan nan nan nan nan nan nan nan nan nan nan nan nan nan nan nan nan nan nan nan nan nan nan nan nan nan nan nan nan nan
29.212765609456521787 27.491857873123645817 27.19256568339987723 30.399820676778873008 32.608302432931289161 33.802924526867904831 38.241480046438390161 172.41756418928190442 309.87080349370563681 252.33707610948687261 298.69826069795180956 319.98814678587388016 126.88128346675790681 20.443916648103058975 17.117789005913088829 14.928757207600332535 12.561264964154352342 10.701995571934608265 8.8448286004129759164 8.7379513427267543335 13.886369188657566198 nan nan nan nan nan nan nan nan nan nan nan nan nan nan nan nan nan nan nan nan nan nan nan nan nan nan nan nan nan nan nan nan nan nan nan nan nan nan nan nan nan nan nan
16.770209559619399187 19.128624096328966431 21.305688445907939865 23.524306962083258554 25.549832321021440862 27.715772940949150893 30.698930054457449046 34.089220630928764422 134.01047726430331863 141.47245620694249624 350.9463457049884596 369.69559744495251152 309.65699003965312386 19.241706590482696271 13.942978525906609022 11.446649748723411122 9.6025010966431540993 8.704698186203092547 7.9052505477131136402 6.0818357348247902294 6.5690016250937288689 18.229496000122573207 nan nan nan nan nan nan nan nan nan nan nan nan nan nan nan nan nan nan nan nan nan nan nan nan nan nan nan nan nan nan nan nan nan nan nan nan nan nan nan nan nan nan
13.166154691980407776 14.989809437282488602 15.844058091330101234 17.00493819628053771 19.107638512107268269 21.354549773030853999 23.225006180489028651 28.08446497130239905 30.63232572987431368 29.567718926471616925 30.552387914463437824 421.02990109744928304 240.79560783490441622 17.396455203915611065 11.294341391331069957 9.1102413658883492076 7.1010063611749467682 4.4568624558641749545 4.4641607894318156013 3.8342842822180744911 3.3462294939963177498 4.9348222621767314777 7.6094918780372102773 nan nan nan nan nan nan nan nan nan nan nan nan nan nan nan nan nan nan nan nan nan nan nan nan nan nan nan nan nan nan nan nan nan nan nan nan nan nan nan nan nan
11.022656108048067836 11.665622999148810734 11.873419739784241145 11.690055413435166187 13.986318293263702017 15.341999107860461393 16.707323715305665957 21.019475892497247571 23.577472393344010015 23.092072513262088762 23.784988626329980121 97.079755728188942498 252.3321062941928119 14.762820977197275596 9.0601249055756039041 7.4943672316870797445 4.9262608013880662128 2.0795548430417714059 1.1865225536155774577 1.9870221331334423365 1.9016326987667422355 2.4787690790791674367 4.3742608668211850897 nan nan nan nan nan nan nan nan nan nan nan nan nan nan nan nan nan nan nan nan nan nan nan nan nan nan nan nan nan nan nan nan nan nan nan nan nan nan nan nan nan
9.3364191044758371163 9.7983243213252340098 9.6100477286868706273 9.1195015988599781309 9.5085732401410876236 10.486458101946181998 11.278454644540021334 14.365299010166701521 17.949215867818359982 18.937626973404743325 18.327520277821861328 17.480064250462021391 15.235182059976001057 43.746698087412582368 6.4789410632201818174 4.6627611425792210298 3.2427515096568524378 1.1703110164473300436 0.33275264641021146117 0.38132338953566152773 0.70476750720889269619 1.7469149033770048351 2.8269005186135829355 5.055568465669194822 nan nan nan nan nan nan nan nan nan nan nan nan nan nan nan nan nan nan nan nan nan nan nan nan nan nan nan nan nan nan nan nan nan nan nan nan nan nan nan nan
8.218116561892029992 8.384428756293633711 8.3101594722156555406 8.0117515161599364149 7.3196398820821242381 7.1674895787905459343 7.6932147551323826207 9.9727669995152563587 15.116327379724356916 15.724985238448867975 13.110175899720310611 11.824143299771058935 10.377086587230701653 7.5120947951397782916 4.0576595567652038454 2.2380014939657688622 1.4091946954400347281 0.51884206744288263735 0.22840048783246538755 0.18178432434827351827 0.4323139736059543603 1.4449539724419493414 3.3138044021431594111 5.5065258854594896221 nan nan nan nan nan nan nan nan nan nan nan nan nan nan nan nan nan nan nan nan nan nan nan nan nan nan nan nan nan nan nan nan nan nan nan nan nan nan nan nan
7.3460110752022824698 7.3604487934516455994 6.9939422811606180019 6.4759755297075267677 6.0554199913430553082 5.4077371199537251911 5.448379092516138833 7.8824544641605802653 11.834929448448457734 15.315339913624974599 11.585874956480960662 9.459143088505840069 7.8532112974384311599 5.2736914941723558314 2.8866644696236942735 1.1968278583668876536 0.45096498548171193299 0.13739914951826029399 0.14249235704108662026 0.1458467107043090738 0.39079103964155625928 1.5990187488612228606 4.1184151883955930629 nan nan nan nan nan nan nan nan nan nan nan nan nan nan nan nan nan nan nan nan nan nan nan nan nan nan nan nan nan nan nan nan nan nan nan nan nan nan nan nan nan
6.4473968099732186232 6.6620761810998478936 5.8573192676588563543 5.1747984940634896844 5.2164767912081488888 4.9170222485785046729 4.6321011206780129399 6.2723439353959218323 9.8978008353102691075 14.288374239599265891 10.327197363229883464 7.0964247820441377357 5.4362970313551475243 3.8720034527455355899 2.1866620420429994098 0.78533927443907725063 0.11194535726181213675 0.090945390142125923094 0.092118698977547028295 0.10552429583064583396 0.59780151877048059994 1.8478432298114402244 4.298258423267652617 nan nan nan nan nan nan nan nan nan nan nan nan nan nan nan nan nan nan nan nan nan nan nan nan nan nan nan nan nan nan nan nan nan nan nan nan nan nan nan nan nan
5.525982655675599986 5.646457879666331614 5.3415066810726807844 4.5359037227392819958 4.407504115831203606 4.3892970825082127106 4.1278877620242448998 5.0845064013719385443 7.835972132184864769 12.254523766237243265 58.928511295251027491 7.2760843687320209128 5.0098269778819917164 2.8037143290802530871 1.1103952123250131478 0.09473004306902066407 0.081270883543948693739 0.072791150652159797296 0.072018533925405817109 0.083622421897248083722 0.28116494523537860495 1.1496178942716464011 2.4861403185449635345 nan nan nan nan nan nan nan nan nan nan nan nan nan nan nan nan nan nan nan nan nan nan nan nan nan nan nan nan nan nan nan nan nan nan nan nan nan nan nan nan nan
5.3318941465736466867 5.0585388863763789402 5.0355059638316026493 4.3097814784797785492 3.8129574754751707211 3.582200062858955647 4.2643396130382482667 4.6778609088014979633 5.6357423570910913924 8.5565861626277488483 9.9289085943464332473 6.8635358518718589949 3.9139954974215389605 2.1752522454730316426 0.62483242307859454545 0.079191293749853758355 0.065621519842269243616 0.059106943959847890735 0.062394989431883825237 0.077783815014929841292 0.12463412153141614769 0.3307072186369532929 nan nan nan nan nan nan nan nan nan nan nan nan nan nan nan nan nan nan nan nan nan nan nan nan nan nan nan nan nan nan nan nan nan nan nan nan nan nan nan nan nan nan
5.6889066567723576284 4.9881601083540312302 4.8794742265699486694 4.4225464237976099824 3.5555279291132064756 2.9826971565782653961 4.0229287034900140796 3.5535201442611348277 4.2905095452900319231 5.4261808432805276325 6.9668415771192151453 5.6173019630608118646 2.9369762356844106854 1.5654469845992715626 0.27818472736904248377 0.064102912127902852979 0.052556662971937971596 0.049814018841371272839 0.058127388498482521206 0.063142697587734081255 0.072965123844769358419 0.10474913806028424146 nan nan nan nan nan nan nan nan nan nan nan nan nan nan nan nan nan nan nan nan nan nan nan nan nan nan nan nan nan nan nan nan nan nan nan nan nan nan nan nan nan nan
5.7871307501194637624 4.922081142483295757 4.2277216776836441525 3.7782727672792359996 3.3131619608239954999 2.7666874828116490015 3.240045871908120656 2.750609954575125915 3.1915578051778985547 3.7498251937111994891 4.8150984573470045902 4.6075530532208119894 2.7210066036510478504 1.4096318568866943455 0.13186651388919298777 0.055890209289935280368 0.043275702955611547451 0.043107511891257353775 0.046693484578698402077 0.045234878962350302811 0.05469633614654096504 0.061963119733061684802 nan nan nan nan nan nan nan nan nan nan nan nan nan nan nan nan nan nan nan nan nan nan nan nan nan nan nan nan nan nan nan nan nan nan nan nan nan nan nan nan nan nan
4.6836170610098903921 4.4712029362167635682 3.4803950922841861981 3.0968980546963722489 2.6708846236898242665 2.4756267608826871829 2.4828824914012583847 2.2694839447615957617 2.3272262924664124384 2.8270445238054082715 2.9473774357449475936 3.2046837494633670929 2.2845467961775067778 1.1326091669220621494 0.12058931281906913602 0.051412511655189105375 0.034160544879249341021 0.031508505353894593337 0.032545874190285907501 0.031227346066345768733 0.038226586233966200479 0.047363834511906795222 0.043169002244334696294 nan nan nan nan nan nan nan nan nan nan nan nan nan nan nan nan nan nan nan nan nan nan nan nan nan nan nan nan nan nan nan nan nan nan nan nan nan nan nan nan nan
4.6295044902886433036 3.693062218846665079 2.93772264990459675 2.3781522930328917731 2.1172052461434573978 2.0139487875106296677 1.8438987806480575671 1.6689350554676329885 1.5079099793466559376 2.0123215448216718038 2.2952407866404156422 2.0237982068722031315 1.5722187157609592845 0.86864501750903455601 0.11913866246432566753 0.045647395478357409571 0.028082480960372906142 0.021615789661315103209 0.02123378533840565574 0.019260407790812679452 0.023983051014243382537 0.03264372052965169857 0.02637127305956874293 0.017722851143389298234 nan nan nan nan nan nan nan nan nan nan nan nan nan nan nan nan nan nan nan nan nan nan nan nan nan nan nan nan nan nan nan nan nan nan nan nan nan nan nan nan
