results/rofental/snowmelt_month_2020-09-01T0000_2020-09-30T2300.asc
ncols        322
nrows        225
xllcorner    622802.488000000012
yllcorner    5178049.378999999724
cellsize     100.000000000000
[rows 112 to 139 of 225, columns 189 to 251 of 322]
13.359475548403196399 12.562596722431733198 12.286085406570618872 12.319438688826814143 12.337749695654910198 13.051348377384702104 13.512971008386385208 14.604086772639270464 17.843238981351511541 21.400899230604078838 22.100188714813167934 9.6030713840995503006 10.80070339227996179 9.5060634199050433324 9.4152135045519411705 7.906128055252509057 7.736557442728020817 10.628550191997799601 10.992866167355691331 10.775578459589855385 10.1967801359048309 10.428586124944768443 10.869286795543246171 10.670190427895708041 10.237824492445840363 9.3663931642323969839 9.6163458384266338186 nan nan nan nan nan nan nan nan nan nan nan nan nan nan nan nan nan nan nan nan nan nan nan nan nan nan nan nan nan nan nan nan nan nan nan nan
12.7569766387977932 12.212537665492341432 12.17702871610044113 12.296000609490437938 12.788766018213785003 13.357630804554116111 14.647131497340264872 15.461236230066690567 21.395173589719483687 7.8869498525482661933 8.1318258715124684954 10.832227907312939053 10.906285869183280468 10.779946791173834697 10.774639570491411078 9.3002666270822516026 7.9553031043005102418 10.335160697903408078 10.716194791369694883 9.8126146353593490801 10.112545853340069613 10.631866452054257621 10.633825742435217165 10.469707384633396785 9.3543073998829537885 nan nan nan nan nan nan nan nan nan nan nan nan nan nan nan nan nan nan nan nan nan nan nan nan nan nan nan nan nan nan nan nan nan nan nan nan nan nan
12.062656087140425143 12.088122217354753118 12.19823220869008118 12.798887266946721297 13.206504243834045198 14.384017828987580856 15.441383953772922055 18.663312438773825619 7.7640212509375370331 8.0434975744304271217 10.778197391728236099 10.814902364289501691 10.794266293512857047 10.754616942947830438 10.70101930296484305 10.597751027734368279 8.1585333218080187123 8.0172219498526366976 10.231299004703984679 9.6940710858953327289 10.170873620825886974 10.309939888286303145 10.106352574073765638 9.860771787297425206 13.594046184077509309 nan nan nan nan nan nan nan nan nan nan nan nan nan nan nan nan nan nan nan nan nan nan nan nan nan nan nan nan nan nan nan nan nan nan nan nan nan nan
12.024093154291183083 12.070797383856065821 12.607409633879168354 13.062549042084940609 14.167869798895370792 15.069313665287507931 15.965713200623030232 18.667437037873881422 21.504125121146024924 8.0461142907896441301 10.69634239006948917 10.813550087525443999 10.669851018117604724 10.642061511280500596 10.695994020780341671 10.496356301506638786 10.389060753983908825 8.1690665885769604415 9.6753761735795471566 9.9390086492144682495 9.6149215935175327274 10.017009213570243986 9.8489670391349282141 9.6760449777608386057 12.66606838101499477 nan nan nan nan nan nan nan nan nan nan nan nan nan nan nan nan nan nan nan nan nan nan nan nan nan nan nan nan nan nan nan nan nan nan nan nan nan nan
12.386113749392164252 12.600290922114488978 12.943093686523329922 14.217781630644505952 15.161862304105614641 16.00183446238681384 18.791307744428557669 7.7511626831746021082 7.7135248102780105128 7.8717569053298204196 8.2582980271622403734 10.492565624245882461 10.349107352182398856 10.359586816488242533 10.466845895176431824 10.412755755052181428 10.34868800309258674 10.266894587740090117 9.5236130562146072975 9.7124743548508867264 9.316324853093522762 9.5923609542415118057 9.559342837594906328 9.3703724444327747278 12.685249281318451864 nan nan nan nan nan nan nan nan nan nan nan nan nan nan nan nan nan nan nan nan nan nan nan nan nan nan nan nan nan nan nan nan nan nan nan nan nan nan
12.85389831173552011 13.535068589759873703 13.922309690719519182 15.554425608529651726 18.348040014283210297 18.787752674022787147 7.8298375118362555369 8.1570280300805926288 8.4041215557921038481 8.5074600297542328775 9.591850734202783002 10.258825974460735964 10.205597774391007349 10.163769129812825653 10.136527776189048211 10.072743590791837676 10.123015577370482632 9.619092826359361581 9.1751656541944974776 9.7977185460198192857 13.971309764860132319 14.049487297460689916 9.513395932934130883 11.944792941539290609 nan nan nan nan nan nan nan nan nan nan nan nan nan nan nan nan nan nan nan nan nan nan nan nan nan nan nan nan nan nan nan nan nan nan nan nan nan nan nan
13.921738194630053798 14.446972488982638083 15.461993275570886652 18.421322274857217849 18.96423651954084022 19.485085325586858573 8.2645850283866693076 8.4510705078556451753 9.0143173733372279344 9.4084443727233360022 10.108951016925637134 10.121006368912452089 10.091850900589253826 10.190373447359267089 10.007153468929644191 9.9181716642040012033 9.4105472606496682886 9.2356195656242316971 9.4437527851010525382 9.5667491450653887597 14.076249663266709788 11.063874487632840982 10.984803885363115583 nan nan nan nan nan nan nan nan nan nan nan nan nan nan nan nan nan nan nan nan nan nan nan nan nan nan nan nan nan nan nan nan nan nan nan nan nan nan nan nan
14.646385051811655842 15.670324374700241421 18.586500516207234313 19.105240843363446857 6.3073790136523157912 8.3290781167000833562 8.507779780026961447 8.8758469828230115439 8.8156631429734648719 9.511169394405820654 10.121717102227236751 10.138078401632160563 10.115773368573881541 10.014588602434287168 10.021164135420972841 9.9370006806506481212 9.161298840099489027 9.1454068623145943207 9.5609301562398751884 9.4699261057367927208 13.062718850172750251 9.7675092108740599883 nan nan nan nan nan nan nan nan nan nan nan nan nan nan nan nan nan nan nan nan nan nan nan nan nan nan nan nan nan nan nan nan nan nan nan nan nan nan nan nan nan
15.607329082081772498 18.524943656052204943 6.2579190473482135815 8.3750330048276246941 8.4554162634682938915 8.5103873000834067142 8.802353583550809546 8.5562071896353586453 9.8834261393241078508 9.967911530947665355 9.8517555192439552059 9.917628384996829638 9.9445940670283921037 9.6116450224001201974 9.8648107074945041717 9.7966975262653406276 9.440245049404440536 9.6273434239394362066 9.4362364456463616591 9.5491210516045494927 12.310780904259212676 7.9393124585577190544 nan nan nan nan nan nan nan nan nan nan nan nan nan nan nan nan nan nan nan nan nan nan nan nan nan nan nan nan nan nan nan nan nan nan nan nan nan nan nan nan nan
18.435059493624343929 6.2941483819237404873 8.5528146202198396253 8.5532685903500524915 8.9032807666990709805 8.6624553928474412601 8.499362844141638007 8.4402768671758234831 9.785865367061138187 9.8014257161723321587 9.7866365238640558033 9.419291226072525447 9.3347266386895455526 9.7246975002331126348 9.6695764034766256145 9.5499554298429334409 9.6798698780797618468 9.359086034969113399 9.6686957143727454422 13.706150631148679153 10.933078629155630779 6.7801228742845962572 nan nan nan nan nan nan nan nan nan nan nan nan nan nan nan nan nan nan nan nan nan nan nan nan nan nan nan nan nan nan nan nan nan nan nan nan nan nan nan nan nan
18.582085503546114325 6.7340296911302308658 8.528853893779182016 8.8686846100987146713 8.5627221075238875159 8.5007964820823591623 8.5196422672051763669 9.6985976740465815737 9.5114220503922695116 9.556601159425758496 9.7263619357896367035 9.2796059816358109629 9.4458420667451861163 9.7388073206273126914 9.4662222970782057274 9.440301046332026047 9.442556770734345406 9.310681100987704184 13.95959240719356842 12.541766315792264308 10.298463800890383268 6.8093007103666991497 nan nan nan nan nan nan nan nan nan nan nan nan nan nan nan nan nan nan nan nan nan nan nan nan nan nan nan nan nan nan nan nan nan nan nan nan nan nan nan nan nan
18.990453210502870718 6.8492188926132246962 8.4788554990341484796 8.5975531771941859915 8.5140980547575608739 8.3254771517583705531 8.8049049925853903886 9.5594684144059645092 9.7144258586315004322 9.5045437038788307405 9.6337818663174541456 9.6316874612637555231 9.4063356822480699293 9.3229764389581344375 9.3001233465244048659 9.2964219850218849928 9.285006039704869707 9.422988696683416876 9.4417431179988327017 9.8923545183839536321 12.74490320759737827 8.617643181521831508 nan nan nan nan nan nan nan nan nan nan nan nan nan nan nan nan nan nan nan nan nan nan nan nan nan nan nan nan nan nan nan nan nan nan nan nan nan nan nan nan nan
6.5231451959613897529 6.9268117364301433625 8.2674199666523850993 8.4878634010617499683 8.4062540951333843964 8.5423312478374580081 9.6255820846352708742 9.70421031884850116 9.6541517141018982073 9.5075240444980728682 9.4400695034020731811 9.5876427348608785906 9.3250648028949125745 9.2827380925260367661 9.2611015146049542324 9.2715271998196246983 9.2913714064757311206 9.3614599584869306881 9.4693648753848176369 9.6574880248345245093 13.156708003401506701 9.3957123595218821066 nan nan nan nan nan nan nan nan nan nan nan nan nan nan nan nan nan nan nan nan nan nan nan nan nan nan nan nan nan nan nan nan nan nan nan nan nan nan nan nan nan
6.7129703241035896255 7.0347594102333239618 8.4815188489515893622 8.4240571973418560958 8.235858361713509268 8.8683197706830423357 9.7238497388236417862 9.6315543928647038285 9.5494926206747070552 9.5061502632577923322 9.4440881351042538228 9.3546883892147540962 9.3383184967298742407 9.3193962845148750063 9.2878724085537811561 9.3014723120109490395 9.3288365522124472307 9.3797777099366577147 9.4989788638444103697 9.6622690966073996321 12.282555541414247102 9.3482854471947121056 nan nan nan nan nan nan nan nan nan nan nan nan nan nan nan nan nan nan nan nan nan nan nan nan nan nan nan nan nan nan nan nan nan nan nan nan nan nan nan nan nan
4.9638588361021867001 6.9738909522327876545 8.3946247188543416939 8.2927775622260408994 8.5757686414099438821 9.0498460713928352561 10.077859261274577207 9.8360093269072148559 9.6429062778070626649 9.5125343199384513326 9.4507499681467397323 9.391302162785070351 9.3664076658054149505 9.3342067491096720744 9.33117308065848583 9.3839802510838481453 15.052335348785957692 9.7749273744345774872 9.7879878851355694991 9.8207112069667115151 13.369442989247213305 nan nan nan nan nan nan nan nan nan nan nan nan nan nan nan nan nan nan nan nan nan nan nan nan nan nan nan nan nan nan nan nan nan nan nan nan nan nan nan nan nan nan
4.9852769733969797272 6.8902038059731562925 8.3072438159892332266 8.2146612868937456398 8.3638652502962873569 9.0184346923405680485 15.406411163200214531 14.757702779963127071 9.9393016404794405361 9.7323836063228998938 9.5370059635184514235 9.4650430758282606547 9.4355608599709395179 9.4079210596348676887 9.2914642582496167478 9.5272284808861726901 14.270610446524894854 13.821909540096161351 14.428045182021465465 14.582984144012208105 11.7281076946907028 nan nan nan nan nan nan nan nan nan nan nan nan nan nan nan nan nan nan nan nan nan nan nan nan nan nan nan nan nan nan nan nan nan nan nan nan nan nan nan nan nan nan
6.9432726754578419914 8.1979427489184324429 8.2755613756778547696 8.2173621557878000488 9.0603059687927061105 9.9917256344076736951 14.090510704001980358 15.322665464479786834 15.738171982035138896 9.9149711074062700789 9.7483256153203168282 9.4501435876037742645 9.3685195026640855076 9.3447910074064903796 9.3279418497575630198 9.7049587455867030172 14.677376246830455386 12.438038775748896825 13.532047819760142815 12.697507158197927524 10.74206157827159025 nan nan nan nan nan nan nan nan nan nan nan nan nan nan nan nan nan nan nan nan nan nan nan nan nan nan nan nan nan nan nan nan nan nan nan nan nan nan nan nan nan nan
8.3360373671028451525 8.2713911781656950239 8.1937063783816945772 8.1551332401323541887 8.9469170754681517366 10.090431633591592231 14.204519296221505442 14.620934279375742193 15.73007396528176649 9.9226738880547067367 9.7532766673152213599 9.5363147151503291354 9.5061036236419838019 9.5312255143931139401 9.6142623434306582197 9.9009579081662035804 15.36218616293033179 11.89686484029905067 10.919679855512887556 nan nan nan nan nan nan nan nan nan nan nan nan nan nan nan nan nan nan nan nan nan nan nan nan nan nan nan nan nan nan nan nan nan nan nan nan nan nan nan nan nan nan nan nan
8.3559750947520310405 8.2589239709667392475 8.1603416019732915032 8.3886376788761864987 8.9393522611961859781 9.7592916037300518894 15.599220113395151799 13.980213705733957497 15.491373606391400486 10.040134351566491588 9.8809199949475488012 9.8604945449626342224 9.4038789317259077194 9.5371156593786849953 15.68892609015907702 15.287114413499676147 14.939670855926051374 11.255671035440473204 nan nan nan nan nan nan nan nan nan nan nan nan nan nan nan nan nan nan nan nan nan nan nan nan nan nan nan nan nan nan nan nan nan nan nan nan nan nan nan nan nan nan nan nan nan
8.0310312780387160814 8.2297626131080825473 8.0846383016983871528 8.3164207042076796483 8.3113249314313630833 8.4901435446788475758 10.091884453941229793 13.580364205811049416 14.588135144281348943 15.598500990521904086 16.222879999010206831 10.336732276948549014 15.6190208807848947 14.226648510308660178 13.257537125267234046 14.280292800854899937 13.113810025167389028 nan nan nan nan nan nan nan nan nan nan nan nan nan nan nan nan nan nan nan nan nan nan nan nan nan nan nan nan nan nan nan nan nan nan nan nan nan nan nan nan nan nan nan nan nan nan
8.237403217155261359 8.1716005301182317311 8.0339828121272844896 8.1980121521075997038 8.0507075870979019072 8.4274416764386295142 9.9912223828440094309 14.471423380218560339 13.678390548393716486 14.202772663650510054 14.332731128219680983 13.894648583433840017 nan nan nan 12.94697273362721468 nan nan nan nan nan nan nan nan nan nan nan nan nan nan nan nan nan nan nan nan nan nan nan nan nan nan nan nan nan nan nan nan nan nan nan nan nan nan nan nan nan nan nan nan nan nan nan
8.1942933544169918036 8.136787088810464752 7.9465074110630791182 7.9298901063534463773 8.0800608377998077714 8.9035715968381019536 10.262534153003482373 14.237280262854145718 12.393045725481687924 nan nan nan nan nan nan nan nan nan nan nan nan nan nan nan nan nan nan nan nan nan nan nan nan nan nan nan nan nan nan nan nan nan nan nan nan nan nan nan nan nan nan nan nan nan nan nan nan nan nan nan nan nan nan
8.1448380726620648318 8.0545127421679900692 7.8601098520700229955 7.8536672798565776432 8.5308569408875047912 9.5858999701801170801 10.548731075751378583 13.326212758423547911 nan nan nan nan nan nan nan nan nan nan nan nan nan nan nan nan nan nan nan nan nan nan nan nan nan nan nan nan nan nan nan nan nan nan nan nan nan nan nan nan nan nan nan nan nan nan nan nan nan nan nan nan nan nan nan
8.1079653733465679721 7.9721156632734899716 7.8085724360243595754 7.9174615071751359707 8.8357940135155015327 10.051750021434237681 10.279103877867409977 13.439850981528310925 nan nan nan nan nan nan nan nan nan nan nan nan nan nan nan nan nan nan nan nan nan nan nan nan nan nan nan nan nan nan nan nan nan nan nan nan nan nan nan nan nan nan nan nan nan nan nan nan nan nan nan nan nan nan nan
8.035964429669189002 7.9124073578014799679 7.910470738714304062 7.7787807558392918494 8.049679454064493811 9.1259835699653759633 10.394762848356796425 14.519083996027692507 nan nan nan nan nan nan nan nan nan nan nan nan nan nan nan nan nan nan nan nan nan nan nan nan nan nan nan nan nan nan nan nan nan nan nan nan nan nan nan nan nan nan nan nan nan nan nan nan nan nan nan nan nan nan nan
7.9742837410693052647 6.2947513203185554431 7.8642144192238676581 7.5286559184669084033 7.5737398543705056753 8.4897128072424550282 10.337594595718298862 15.022258751082308237 11.725573123349970928 nan nan nan nan nan nan nan nan nan nan nan nan nan nan nan nan nan nan nan nan nan nan nan nan nan nan nan nan nan nan nan nan nan nan nan nan nan nan nan nan nan nan nan nan nan nan nan nan nan nan nan nan nan nan
7.8162275560312828304 7.8186410037808231621 7.78808408137445074 7.6587697388014053246 7.5216618831644455057 7.6839237834766276336 9.6793639446942805193 11.082233202706468944 12.741966993700975408 nan nan nan nan nan nan nan nan nan nan nan nan nan nan nan nan nan nan nan nan nan nan nan nan nan nan nan nan nan nan nan nan nan nan nan nan nan nan nan nan nan nan nan nan nan nan nan nan nan nan nan nan nan nan
7.7691399565775887126 7.8549205230733569749 7.8443512922980600521 7.7981194246803404724 7.5492793311021522129 7.6201086208858592741 9.77942580058268085 10.966906777125455363 13.631294429932570011 nan nan nan nan nan nan nan nan nan nan nan nan nan nan nan nan nan nan nan nan nan nan nan nan nan nan nan nan nan nan nan nan nan nan nan nan nan nan nan nan nan nan nan nan nan nan nan nan nan nan nan nan nan nan
