results/rofental/snowdepth_month_2019-10-01T0000_2019-10-31T2300.asc
ncols        322
nrows        225
xllcorner    622802.488000000012
yllcorner    5178049.378999999724
cellsize     100.000000000000
[rows 54 to 80 of 225, columns 120 to 179 of 322]
nan nan nan nan nan nan nan nan nan nan nan nan nan nan nan nan nan nan nan nan nan nan nan nan nan nan nan nan nan nan nan nan nan nan nan nan nan nan nan nan nan nan nan nan nan nan nan nan nan nan nan nan nan nan nan nan nan nan nan nan
nan nan nan nan nan nan nan nan nan nan nan nan nan nan nan nan nan nan nan nan nan nan nan nan nan nan nan nan nan nan nan nan nan nan nan nan nan nan nan nan nan nan nan nan nan nan nan nan nan nan nan nan nan nan nan nan nan nan nan nan
nan nan nan nan nan nan nan nan nan nan nan nan nan nan nan nan nan nan nan nan nan nan nan nan nan nan nan nan nan nan nan nan nan nan nan nan nan nan nan nan nan nan nan nan nan nan nan nan nan nan nan nan nan nan nan nan nan nan nan nan
nan nan nan nan nan nan nan nan nan nan nan nan nan nan nan nan nan nan nan nan nan nan nan nan nan nan nan nan nan nan nan nan nan nan nan nan nan nan nan nan nan nan nan nan nan nan nan nan nan nan nan nan nan nan nan nan nan nan nan nan
nan nan nan nan nan nan nan nan nan nan nan nan nan nan nan nan nan nan nan nan nan nan nan nan nan nan nan nan nan nan nan nan nan nan nan nan nan nan nan nan nan nan nan nan nan nan nan nan nan nan nan nan nan nan nan nan nan nan nan nan
nan nan nan nan nan nan nan nan nan nan nan nan nan nan nan nan nan nan nan nan nan nan nan nan nan nan nan nan nan nan nan nan nan nan nan nan nan nan nan nan nan nan nan nan nan nan nan 0.067796336011112401376 0.060869663545831335927 0.079526631172797956904 nan nan nan nan nan nan nan nan nan nan
nan nan nan nan nan nan nan nan nan nan nan nan nan nan nan nan nan nan nan nan nan nan nan nan nan nan nan nan nan nan nan nan nan nan nan nan nan nan nan nan nan nan nan nan nan 0.053325610314141839996 0.050926385911904493986 0.049789600028916858321 0.049071974380461479137 0.048219542687372385359 0.069558916404412141077 0.16095854319281618916 nan nan nan nan nan nan nan nan
nan nan nan nan nan nan nan nan nan nan nan nan nan nan nan nan nan nan nan nan nan nan nan nan nan nan nan nan nan nan nan nan nan nan nan nan nan nan nan nan nan 0.06431969334058859622 0.060215615878981325337 0.055221936836203869281 0.048094259078860189527 0.046679723022525737575 0.050816511512182103993 0.052396796819991889316 0.052025897451094170465 0.046188757411544621723 0.043493277949173549113 0.051334741762180523261 0.067300251934580668234 0.085915112102671220562 nan nan nan nan nan nan
nan nan nan nan nan nan nan nan nan nan nan nan nan nan nan nan nan nan nan nan nan nan nan nan nan nan nan nan nan nan nan nan nan nan nan nan nan nan nan nan 0.044496162468087054054 0.040008932324369451961 0.038517148937301758094 0.039247744975073634022 0.044176451714355205458 0.049328826883948143078 0.052454145112390472561 0.053532078132560653727 0.052644630975877279577 0.050890035236158003007 0.04518370905120937947 0.042684280092221263403 0.04954582342516883342 0.070267705674217806333 nan nan nan nan nan nan
nan nan nan nan nan nan nan nan nan nan nan nan nan nan nan nan nan nan nan nan nan nan nan nan nan nan nan nan nan 0.15669880584317266714 0.15803176841500143901 0.15493759386051886295 nan nan nan nan nan nan 0.081871729107530197278 0.050308914446387957564 0.045478667221692928302 0.043756418134226558736 0.043555440377540242947 0.044614605703262519287 0.046560278632304316626 0.049451942830272294094 0.051551412498326162903 0.052527428437177968445 0.051800089564093182437 0.050199016713951327695 0.048552002363313202793 0.050058658272415013091 0.059941457282668642037 0.080676950801742877695 0.072747007279646558331 0.075015058571721249248 nan nan nan nan
nan nan nan nan nan nan nan nan nan nan nan nan nan nan nan nan nan nan nan nan nan nan nan nan nan nan nan 0.14931851344370045132 0.072919547281679875095 0.055708722606361095464 0.051002528681933188837 0.050470828506741872987 0.055881613329782309219 0.068306828761400789629 0.1438909477191553099 0.15304422087649563466 0.093950421874954656576 0.054423286186325914304 0.054508554758232345694 0.044709519986610754549 0.045072798711185808884 0.046099134973919583813 0.045321710477080903723 0.044046392870055454949 0.0429430028768388386 0.043870512157072910631 0.04646478429895702783 0.0475814728527183331 0.048995821149593422883 0.048606408961856840956 0.048196147147001489053 0.051474557692641316475 0.058680986470333110216 0.058335496600403755063 0.049487862920904089614 0.047962741847485841629 0.061269534305779846384 0.06620842050329639461 0.075106949075687975959 0.090707661530151029172
nan nan nan nan nan nan nan nan nan nan nan nan nan nan nan nan nan nan nan nan nan nan nan nan nan 0.063270092338229347306 0.056757308382963250759 0.065146464117435576302 0.055452148044416553485 0.05300914097991989149 0.051149863693693245481 0.049170695210745608839 0.049123550953160143029 0.046549892926731208098 0.047841523267313973422 0.062023327306671899306 0.05464635109824832887 0.041638416973153853651 0.043366516507900187971 0.043686320619690618972 0.043704514916393558122 0.044364329345074580979 0.044028665940430727899 0.042794051565628848932 0.040574733768482897089 0.038869093968610900214 0.041159735475542816308 0.042431840497587226813 0.045603828258004686091 0.046726435487564485505 0.049638802901903172904 0.05390526465771790926 0.059044699038085610154 0.05266550100078781077 0.050965753203389418946 0.045435021785492558932 0.045288875345742621303 0.047484445170514470724 0.055470383370052181449 0.060972398336911932948
nan nan nan nan nan nan nan nan nan nan nan nan nan nan nan nan nan nan nan nan nan nan nan nan 0.071656137696278238147 0.055343465654618402561 0.049196713722594466456 0.051129219916001590607 0.050121419580021177309 0.047119681812009650557 0.047325222840952078929 0.048163002211419274345 0.048610241376031086691 0.047553337055782116116 0.04304745208058962519 0.047601496005444936255 0.057996563242340169742 0.044773038036260051631 0.043126721613920601661 0.043211867362801595349 0.043501557450839327401 0.043283096291289138713 0.043114201331804644091 0.042426313073748750382 0.041855453874696746386 0.039545326373473889403 0.042329159982244159155 0.044829624648525571995 0.044947272072126565057 0.045412839268085883337 0.051593360010956150485 0.064590393929539247075 0.066593336671557701312 0.055100350272543431596 0.055211484961715157072 0.051647173847839192296 0.049136570690594648381 0.050564630888100495221 0.057109331563404953924 0.065476429327007881764
nan nan nan nan nan nan nan nan nan nan nan nan nan nan nan nan nan nan nan nan nan nan nan 0.11648133861969468816 0.068813867942091447305 0.059449249186784694499 0.053916611544433910852 0.049516808097745848571 0.047873677780825879546 0.047394087168888862638 0.047809870179076820185 0.047769312604601661676 0.047780443901976853149 0.046753403206465295183 0.042176938817204377707 0.039112421412273806753 0.042753497714916516292 0.040268381006251477428 0.041512256109421809269 0.042616792689045057685 0.043181117968541939123 0.043246972763171569187 0.04341035904961246944 0.04285123748919823089 0.043301165739967936719 0.042414835955042660964 0.040969715189490080176 0.041642328239026277226 0.042213406354169168144 0.043620767588111911128 0.049316595048995770512 0.053364239746248140484 0.047144599250014192215 0.049348795675979405251 0.051260411807618769253 0.051679131686519219624 0.049719014100247121979 0.048030944716983881015 0.051732562628471846777 0.060340340508935677577
nan nan nan nan nan nan nan nan nan nan nan nan nan nan nan nan nan nan nan nan nan nan 0.14731370434938179104 0.070106440369115896605 0.066843552289465896221 0.061908876304815792235 0.055896713106825132722 0.052353150269025580665 0.050487861880200164688 0.049039621235273576916 0.047467984867331974863 0.046151920708590733755 0.045557068707879642966 0.045318776442018829376 0.043803387516852525241 0.040795929304904617052 0.040109848760626322373 0.03942202364165661721 0.040314131551235872497 0.041116876364307129721 0.041364948791347194712 0.041086685498279568174 0.041293189216602486924 0.041211600962010652704 0.040789972782358470405 0.040899515784066517443 0.040894242740075512077 0.039893809644212442633 0.039709401126254595393 0.042064153613518590058 0.045905433389876543204 0.04834402871250800815 0.042060368552553621668 0.043994134371142856743 0.045955247325925520363 0.048032079420546401616 0.049168715172267535296 0.046220018850151554923 0.046737120801726948771 0.05750190575669567733
nan nan nan nan nan nan nan nan nan nan nan nan nan nan nan nan nan nan nan nan nan nan 0.15236392818515687164 0.077855587752757998699 0.064555765751565588606 0.060307136377779853309 0.054977915529158975783 0.050337195206622005472 0.049618845530952214451 0.048280276185890896867 0.047209296591502768192 0.046337274809412562493 0.045444739949807265444 0.044142318250416354153 0.042995960651945427933 0.041755588256514993006 0.040634532301088474582 0.039499985990782505996 0.039089304549871473071 0.03867594129940033626 0.037959399131961071849 0.037334243358099691856 0.037813708178804521232 0.039432269233998659685 0.039783228306320181367 0.038826281177181322379 0.039161005804320490886 0.039010013272591639866 0.038387736790726399716 0.040389042379012481121 0.043602740976366766157 0.040964025189233352342 0.042868039338509307534 0.04636247251787908169 0.047669528057362409168 0.048784113989461551364 0.050408871228659508923 0.049933280258001949692 0.046613532548865480032 0.050291114813576953679
nan nan nan nan nan nan nan nan nan nan nan nan nan nan nan nan nan nan nan 0.18925825999141290823 0.14454443668397934375 0.14277636416188849156 0.1626991281279447088 0.13037288127057983234 0.069444497626880194452 0.06064794362416927459 0.055258237653143985058 0.050218624481952370275 0.048736855002817464078 0.047602721577896758842 0.046372273187412910156 0.045237427710078069454 0.044820644363458457538 0.043961968087908087632 0.043067257086260100907 0.042124826208985867437 0.040712363469887671852 0.038915396637155430515 0.037719363912934900096 0.036616847514871923852 0.035478348084305617871 0.034972194342693684044 0.036167495230138062279 0.037972218007453192867 0.038996277306357865489 0.038254747452817428055 0.038201206704105997169 0.039096650375443298131 0.038382657595062631695 0.038477239830681637944 0.042222795442943980571 0.039718333117832599344 0.04347340343122244738 0.046054786422000518198 0.047774191070900376421 0.04993974487314955385 0.052397576048823960027 0.055214957456195402907 0.052469370858942439295 0.048625928382070908451
nan nan nan nan nan nan nan nan nan nan nan nan nan nan nan nan nan nan nan 0.093637689097862325527 0.076427573277952146058 0.072797600839738935141 0.10561346217271060099 0.16223773271634908677 0.12367341337755660691 0.062582356098118255283 0.056548182940498167848 0.050493499237236276478 0.047516845831607076867 0.047031166140550778598 0.046039697770001872246 0.044600309582196566438 0.043707509562110904988 0.042694813233548838116 0.041466326001315556571 0.039873856470980392763 0.038599027404242258754 0.038144697655158849026 0.037788287442608627098 0.037363227499756006267 0.037109827114947535609 0.036579354215452331012 0.035833559225933994674 0.036379275550842728182 0.037090223608506153741 0.037640883169681858822 0.037362187591678065746 0.037762412774357642653 0.037860879943983696827 0.038877964870642447992 0.04117558900805200206 0.044545682256169769064 0.044802893784649286402 0.044922535845850056213 0.044518642282355407047 0.047235760852188966863 0.050528908388111887229 0.053558936414969206263 0.056958972289207335238 0.059228386054705886576
nan nan nan nan nan nan nan nan nan nan nan nan nan nan nan nan nan nan 0.12389287356112073379 0.1266028044100523664 0.12867095310629070304 0.090974288311830381337 0.071922395757711324316 0.075886695251528357709 0.10875415519875378245 0.074458293465486588558 0.059253197537579217757 0.052012861878954125272 0.047454394143847222765 0.046221006052628396676 0.044662385804740988016 0.043398453693433626521 0.041307581808497417786 0.039498615000395760621 0.039081133118185465425 0.038328988641669843596 0.037188175901627706921 0.037057621619402875135 0.036901455340385067028 0.035588886995186461148 0.035220948342171730372 0.035202842088726003789 0.034228781593091603397 0.034010879412678260425 0.034112293256492065563 0.034791241466202507682 0.035184810842642064155 0.035457152160602821434 0.034821509377665628426 0.036480375329356252989 0.041160881379608167674 0.044365999950678781938 0.044456329070291081274 0.045675510582036497886 0.043402999170636467896 0.043054465400400386554 0.047095771521157570039 0.057397672482872683086 0.065156151981920290561 0.086699187939892813359
nan nan nan nan nan nan nan nan nan nan nan nan nan nan nan nan nan 0.16125947109618798958 0.1267355440145197798 0.12091894626005969537 0.1321137805195647108 0.14424319094458976087 0.13840607090211318186 0.088990852398027286974 0.07185096152719659679 0.068467062039550038999 0.059265605990147539328 0.05294199058154159393 0.04792137305278663939 0.045243315760042576712 0.043974450753563924799 0.041667970563417262853 0.03964496343934377498 0.038175874907908968758 0.037695922665281961228 0.036951365182547900312 0.035572353857156860379 0.034900050177696463616 0.034651153270334848766 0.033927082333339124431 0.033749459752035575189 0.033746419107316780184 0.032934424728747781208 0.032014260010466914774 0.031976544974630406737 0.032535972383909671224 0.033659636481623969595 0.034565948662641537981 0.036541954755255026677 0.038316306698532136277 0.039533208166133565475 0.041212199938680922628 0.040831860101171735256 0.043770898587912096533 0.043552038137339155188 0.047646710251768864541 0.061478885906232544345 0.10618211491125818802 0.077169007442025469579 0.080849095245699401091
nan nan nan nan nan nan nan nan nan nan nan nan nan nan nan nan 0.074293464720400492762 0.068574273519758505158 0.09277532913117440827 0.09948789104291977381 0.096768954168307136365 0.081175226480186990496 0.080254216826528668172 0.11501205246572711316 0.10884322147537192627 0.066352829341907434979 0.056259301065094989569 0.052226219137125350078 0.048578442704114502271 0.044952744867723597177 0.043596171977764226757 0.041290868437508697342 0.039739150969634227939 0.038357946965658681893 0.036858734948926448471 0.034892259834213221192 0.032889488104368744259 0.03239518690605026896 0.03312534917635397147 0.033019476087130975039 0.032944310905491665242 0.033091177143207646527 0.032770803490322845952 0.031278701846253399721 0.030863128981429767406 0.030787202137411324998 0.031375701103037688389 0.03210965716510882223 0.033854746837088028899 0.035937626293994884286 0.038696916301308892372 0.040350190107648106763 0.039211150488363932798 0.040458745401283691123 0.044303545931508279965 0.050838446107188982326 0.053731701716435376071 0.047137127935253819722 0.043012989643580024079 0.044280003407635819268
nan nan nan nan nan nan nan nan nan nan nan nan nan nan nan 0.070005998446248607348 0.062720057624302785748 0.057990494579654709717 0.069724268690793553271 0.094603923411489987405 0.077847020878966527446 0.072654990423925452925 0.062542547322918765063 0.057132626772874957333 0.064723192387263539516 0.13144170638699542719 0.099228978907882001148 0.059440880005041704659 0.048288653571355685812 0.042310335539997225018 0.040732515989596831951 0.038953104964090642937 0.037697337734558987454 0.036791300989430647528 0.035781787603313575108 0.03403484762432585492 0.03190916313189179343 0.030450397235577575383 0.031182561549581672838 0.031523175879461289017 0.031388285742062385641 0.031395978471157270917 0.031548370555810056892 0.030687860825972988754 0.030225954991459379195 0.029972311509178194144 0.030349966802826471024 0.030765479250182845017 0.03141705179546605553 0.034337617013839326352 0.037663182456352896355 0.038810423558532675115 0.038299864451073882543 0.038867038972808791442 0.042697843030839462142 0.052113133334349942549 0.049737196469102802621 0.043272626901141982014 0.044711382495954993255 0.045757591754327635314
nan nan nan nan nan nan nan nan nan nan nan nan nan nan 0.09850130521170737119 0.071232414867990923035 0.065184437479557627571 0.057444026792059850461 0.059771185076938827818 0.076979446144931157336 0.062362697289581006665 0.063081734888304472064 0.059205266847062822111 0.059464082771930264204 0.052089381403324350184 0.054040957600038248831 0.060536997855222721143 0.061981760934319368728 0.050679724631384454048 0.038764862573344952001 0.038694819425526855161 0.038378554008086165905 0.037266726791454915513 0.035439133340155568042 0.033326470413354493394 0.032292087644912939592 0.03103491601847660486 0.028873874990487751607 0.028797088912314711823 0.029578020058386406826 0.029399948934232544157 0.02926456277942012657 0.029624659235466678509 0.029686620402758340936 0.029487192860596846133 0.029105363082332726121 0.030471247060557562353 0.031903671126404457847 0.032612831236983733096 0.034435220481966441475 0.035869245992977964732 0.037199712901778959895 0.037694660432690492435 0.036951275630877765399 0.03673766364591501965 0.037044208498169209354 0.040052871268443909769 0.044436302496227778058 0.044446191908779977831 0.046751401179767441973
nan nan nan nan nan nan nan nan nan nan nan nan nan nan 0.10985422024055822854 0.07219335232609566666 0.065323701466880171318 0.056774942482205853489 0.04893268923996270392 0.05426667239514890162 0.050982422296058413358 0.051944177459420662335 0.05240726672909614553 0.053819875447657213041 0.053714590673778074559 0.050988283378012061453 0.047374965069559203668 0.045583359189492626828 0.04744405162964322048 0.043020898109450624036 0.038943940311528001119 0.038243143347767238893 0.03751682503415372516 0.035362114924520383907 0.03293674467739418632 0.030923704598461363574 0.028344117163279797939 0.025201594777523508156 0.02472419677725306783 0.027247460614044878568 0.027739510251800856416 0.027651041803695118604 0.027855833767144008023 0.028382324623645874967 0.028375653609596589166 0.027406716161915735397 0.029323232174431085317 0.031671204370507730075 0.032426372748548079605 0.03370096752720229405 0.03522799008491672712 0.036507446177808114407 0.037387653353274034884 0.038363650695122639145 0.040898852226583966296 0.045946977666768813731 0.046497353425214472955 0.046991357851119464062 0.046275317815813267475 0.044057334246746945872
nan nan nan nan nan nan nan nan nan nan nan nan nan nan 0.12869467817774765672 0.07180450404844661294 0.064121916409021526007 0.059988949667400794097 0.052441624172898153311 0.048687362844397508166 0.049271513758687185414 0.047208759246004310117 0.0488552740522970666 0.048894910970483138057 0.047914824799421482093 0.048360088832660533265 0.048605632800724218878 0.04785160097256923456 0.048845922344396504322 0.046980302509382204645 0.041826777804191833665 0.038083798075472088951 0.035635530101540344172 0.034428862014859756835 0.032433304876800510275 0.029758190105667561842 0.026562695209494623788 0.022595111544967065587 0.021021211940448578104 0.024097193190970117582 0.025814961115629000282 0.025990170924846227318 0.026197081438456809588 0.026835942225982414855 0.026976379061984058494 0.026351116364261222696 0.027635070865980406601 0.030117852460969450623 0.031816528325186901882 0.032555086477118404253 0.035236411167050819826 0.037327104976829020289 0.038810584676075648991 0.040864492944168946675 0.039960597343465402431 0.040829738607503461567 0.043027646401551968014 0.045821084712632000058 0.049168326846886920012 0.048563459778696291269
nan nan nan nan nan nan nan nan nan nan nan nan nan nan nan 0.10532720517507572489 0.070040881943369451279 0.061629399691544475837 0.056811136196638939433 0.051243319074904800092 0.049366860456671914081 0.047417355323711475601 0.04599918472653284629 0.047215725842896169584 0.045981510837705297234 0.042889275388386091659 0.043489012621574132944 0.04362659828945196494 0.043323153608868590625 0.042037382117036954654 0.039550134485764998349 0.037612228980512307785 0.034743805974646067847 0.032452533054204577012 0.02940306092164705204 0.027253846079149053605 0.025461583905179319826 0.023136088969089974032 0.020532753593011238147 0.02134176890574405322 0.023317868743387808184 0.024141969118240975273 0.024441360284338606995 0.02505163912448069366 0.025607018763311128334 0.025023035101334387825 0.025372773663407368477 0.028370099275515141268 0.03088681817570119309 0.031509484118464235747 0.034432397330128296231 0.036289827246147030038 0.039071086465152136957 0.042018353422918333639 0.043041594298523104534 0.041996320179243533388 0.04246433641088372124 0.046157070490265392215 0.052159359782462742794 0.05883656580224261301
nan nan nan nan nan nan nan nan nan nan nan nan nan nan nan 0.13084644123206945476 0.085913778755592501435 0.069166976073850541806 0.06282042306820143085 0.057179453452992232143 0.053158109390952890116 0.050217732185648802923 0.046923847885006982061 0.044606268047964033052 0.044449832893653118404 0.042419392778395750843 0.039694174899146617008 0.038855015735420501966 0.038693330610881149223 0.03750920681368355436 0.035326759284460586275 0.034935627588504040986 0.034176062707061471979 0.031652448092403057123 0.029814984888246499894 0.025066909182019835034 0.022201042107023886973 0.021520235493933798782 0.01912209411160964434 0.017425217554517986873 0.020045603701220129217 0.022221655745121009912 0.022168072033802572324 0.022230898323293175889 0.023184367757419360734 0.023249318139383173126 0.022809546348834912333 0.024797003010567683634 0.028116348419978773321 0.030044076238672629692 0.032221221316968653992 0.032435797151697330631 0.03279792051724978591 0.034402801955353480567 0.039399254568077121674 0.044208049634875304368 0.051481011122032460658 0.056462988793384252806 0.062811577567667378763 0.062879698639502726309
