results/rofental/snowdepth_month_2019-11-01T0000_2019-11-30T2300.asc
ncols        322
nrows        225
xllcorner    622802.488000000012
yllcorner    5178049.378999999724
cellsize     100.000000000000
[rows 54 to 80 of 225, columns 186 to 247 of 322]
nan nan nan nan nan nan nan nan nan nan nan nan nan nan nan nan nan nan nan nan nan nan nan nan nan nan nan nan nan nan nan nan nan nan nan nan nan nan nan nan nan nan nan nan nan nan nan nan nan nan nan nan nan nan nan nan nan nan nan nan nan nan
nan nan nan nan nan nan nan nan nan nan nan nan nan nan nan nan nan nan nan nan nan nan nan nan nan nan nan nan nan nan nan nan nan nan nan nan nan nan nan nan nan nan nan nan nan nan nan nan nan nan nan nan nan nan nan nan nan nan nan nan nan nan
nan nan nan nan nan nan nan nan nan nan nan nan nan nan nan nan nan nan nan nan nan nan nan nan nan nan nan nan nan nan nan nan nan nan nan nan nan nan nan nan nan nan nan nan nan nan nan nan nan nan nan nan nan nan nan nan nan nan nan nan nan nan
nan nan nan nan nan nan nan nan nan nan nan nan nan nan nan nan nan nan nan nan nan nan nan nan nan nan nan nan nan nan nan nan nan nan nan nan nan nan nan nan nan nan nan nan nan nan nan nan nan nan nan nan nan nan nan nan nan nan nan nan nan nan
nan nan nan nan nan nan nan nan nan nan nan nan nan nan nan nan nan nan nan nan nan nan nan nan nan nan nan nan nan nan nan nan nan nan nan nan nan nan nan nan nan nan nan nan nan nan nan nan nan nan nan nan nan nan nan nan nan nan nan nan nan nan
nan nan nan nan nan nan nan nan nan nan nan nan nan nan nan 1.0111577260819568647 nan nan nan nan nan nan nan nan nan nan nan nan nan nan nan nan nan nan nan nan nan nan nan nan nan nan nan nan nan nan nan nan nan nan nan nan nan nan nan nan nan nan nan nan nan nan
nan nan nan nan nan nan nan nan nan nan nan nan nan 1.0837472853492053915 0.99722104482226125999 0.853320841808550834 0.8693001757649154726 0.95248940331782572244 nan nan nan nan nan nan nan nan nan nan nan nan nan nan nan nan nan nan nan nan nan nan nan nan nan nan nan nan nan nan nan nan nan nan nan nan nan nan nan nan nan nan nan nan
nan nan nan nan nan nan nan nan nan nan nan 0.91960933295118296726 0.88098598402075189995 0.87231777122525688828 0.85999988586708064897 0.84689502410668549004 0.83095716508634875908 0.8157992058681834413 0.82190701961886858395 nan nan nan nan nan nan nan nan nan nan nan nan nan nan nan nan nan nan nan nan nan nan nan nan nan nan nan nan nan nan nan nan nan nan nan nan nan nan nan nan nan nan nan
nan nan nan nan nan nan nan nan nan 1.1322417810203679878 0.90633920441538917689 0.85802893865576423948 0.84002627738321222761 0.83103253820820832676 0.82733261294224602622 0.82914872230803615683 0.82500249870486452863 0.80222366039475623278 0.78635233736345355737 0.7945527085591435057 0.81194834845076224727 nan nan nan nan nan nan nan nan nan nan nan nan nan nan nan nan nan nan nan nan nan nan nan nan nan nan nan nan nan nan nan nan nan nan nan nan nan nan nan nan nan
nan nan nan nan nan nan nan nan 1.0804835773054155545 1.0432481477542643322 0.88446616089221818946 0.85158969009645113513 0.84092432903044245229 0.83143367817241331519 0.82062887146504737146 0.81295417284041493478 0.80935310891900824615 0.79711424257771790192 0.78152380811652899517 0.76668838638091141302 0.7667948278118256189 0.7932386568956691919 0.87946650560663430785 nan nan nan nan nan nan nan nan nan nan nan nan nan nan nan nan nan nan nan nan nan nan nan nan nan nan nan nan nan nan nan nan nan nan nan nan nan nan nan
nan nan nan nan nan nan nan nan 1.1217512628124557406 1.0892445975735720598 0.97301551985249268295 0.85756561283672694262 0.84417218906742597095 0.83736932576184686106 0.82992910646963280463 0.81819194481019519305 0.80829435638663749142 0.79793197732174236947 0.78590823561503952988 0.77791726331817856455 0.76800933465067244832 0.76359086278954757532 0.78586113166575821687 0.81862851412343051738 nan nan nan nan nan nan nan nan nan nan nan nan nan nan nan nan nan nan nan nan nan nan nan nan nan nan nan nan nan nan nan nan nan nan nan nan nan nan
0.82005682926131207022 0.8299002745037538098 0.83698137123588667308 0.85627183872166934275 1.064402674317802111 nan nan 0.88799755350205289428 0.88314213401420549321 0.98852486529814420635 1.0278913269891156723 0.97277498009225860098 0.95984478530734651525 0.95523235980453435889 0.83311283235944533221 0.81088308079880599966 0.80176107519138639645 0.79744146464972853749 0.79037112881394933073 0.78402599461731015129 0.7760098745819171695 0.76414685239798352256 0.76428927399756574346 0.79896375855213064288 0.81273312108725503933 nan nan nan nan nan nan nan nan nan nan nan nan nan nan nan nan nan nan nan nan nan nan nan nan nan nan nan nan nan nan nan nan nan nan nan nan nan
0.7596498518033742986 0.78023536813531979561 0.80339822487841527909 0.82195731262807625317 0.85010695676348557726 0.87354272875578442559 0.87874125173571260294 0.85688579201894887749 0.83649181210132661501 0.84472660583910885723 0.97328842309869145755 0.99835458321600245579 0.88824348093056737508 0.84524468725339552133 0.8292894696278653166 0.80954667441716698928 0.79235678359671901649 0.79205826717852623187 0.7904227318825162163 0.7826270275814415367 0.7759383069906637953 0.76965398181218835916 0.76524249578245417958 0.7924319559190149409 0.80038359576052131583 0.8052026439818963377 nan nan nan nan nan nan nan nan nan nan nan nan nan nan nan nan nan nan nan nan nan nan nan nan nan nan nan nan nan nan nan nan nan nan nan nan
0.76283019281356534425 0.77938862701228917018 0.7912999805213818405 0.79147903154463583597 0.80485309898488222036 0.83280455056158142479 0.85500398754362183507 0.83294828812064147794 0.81426565250136950791 0.82235476877117241745 0.88673772597143030172 1.0160838848397655276 0.94219349836126164988 0.84567866349618314725 0.82760440921840761064 0.81437332680138330154 0.79979584950173754354 0.79089854255674751915 0.7853121675821839176 0.77747512829282527935 0.77177883319064621848 0.76631710249998263862 0.75651161468262051457 0.78023252735333292751 0.78271506257714296151 0.79062146732878169075 0.79531604115120069221 nan nan nan nan nan nan nan nan nan nan nan nan nan nan nan nan nan nan nan nan nan nan nan nan nan nan nan nan nan nan nan nan nan nan nan
0.74872264905973040516 0.75407719339157530669 0.74527412719719354772 0.74976349806228337336 0.76488191026862650812 0.80379153137496694992 0.83739352282188161958 0.81643446424672549977 0.78776840030722838915 0.79189539970577405015 0.82703015953105485369 0.85503470456772157071 1.0452709388514958011 1.007145049360770761 0.83365205215020354856 0.81498658225138032041 0.80298363017396234831 0.79448928653786188292 0.78533770387069889996 0.77710679306173213732 0.77203780379183728488 0.75963294352500032591 0.72504535038861739338 0.7162965800997823651 0.69569990523674862803 0.74350322828146142573 0.78773213361111704689 nan nan nan nan nan nan nan nan nan nan nan nan nan nan nan nan nan nan nan nan nan nan nan nan nan nan nan nan nan nan nan nan nan nan nan
0.72610698519923511096 0.72275782122812104458 0.73872256793714141665 0.7524232016972199899 0.76256308762470392804 0.78060513624523863996 0.79141872304324190068 0.78900153994154864634 0.76425754429482628538 0.76766023315606168875 0.78711844541866982095 0.79934240281254331784 0.83469142583627353726 1.0338274086150065489 1.0103541805984435076 0.86872015977136018972 0.8143293031836238427 0.79417021294991951841 0.7852989433850980916 0.77224166199280241951 0.76387512673566404509 0.74599726843950298072 0.72074072722139603808 0.69185028569375384144 0.6515620079354786931 0.67393724243433617005 0.74447225979405329266 nan nan nan nan nan nan nan nan nan nan nan nan nan nan nan nan nan nan nan nan nan nan nan nan nan nan nan nan nan nan nan nan nan nan nan
0.7249708178332373576 0.72273749188355285167 0.73541532300798062582 0.74924734829171557582 0.72069986376665418071 0.71405762772662295657 0.73107131270658254341 0.7310661325951952616 0.73760911525906769359 0.75333921315367879945 0.7624534613737822264 0.76422463865006229344 0.78271771633108944144 0.82286186070394828906 0.97432492866138764587 1.0038999115665867556 0.92906986629808441247 0.80816472886252410657 0.78256289010744506385 0.76368934830405443837 0.7433403921006310755 0.72888702999097143564 0.71885857023745547423 0.71177631827783716112 0.68004821091952505352 0.66490905590948490289 0.73673094779628989226 nan nan nan nan nan nan nan nan nan nan nan nan nan nan nan nan nan nan nan nan nan nan nan nan nan nan nan nan nan nan nan nan nan nan nan
0.72463657444690554588 0.7176522620093032101 0.71079819691262535741 0.71342244420589906451 0.68660488674825970179 0.66596575408274782948 0.66697215524591491054 0.69307135271097186635 0.71069432665942167127 0.72250013988174666135 0.73191107859560455839 0.74138486699210437436 0.75316467967498790248 0.77147495308757618737 0.79566651079957395609 0.80896288403759886165 0.83501553383048776613 0.84083542884986872679 0.79632967559188094775 0.75877847176956914055 0.72302617303374661084 0.7043224739444383653 0.69504506894294437735 0.69649013521612301858 0.68611292188821304538 0.64205391827512214853 0.65465185401993786218 0.73818873932647588454 nan nan nan nan nan nan nan nan nan nan nan nan nan nan nan nan nan nan nan nan nan nan nan nan nan nan nan nan nan nan nan nan nan nan
0.72379140576619604985 0.71604134356959769914 0.70926832247172000301 0.71849944325439929482 0.6956034786619643695 0.67193341261366623662 0.67384105443525799117 0.68293329458708029733 0.68410600814621425059 0.69088337653389964021 0.70494846607017325191 0.71421650053451080087 0.72581456420592482814 0.75276372655747270102 0.77311018521082841559 0.75678578460746770418 0.78417606370601788957 0.81547872929261688846 0.78554205350591932433 0.75274915270958608904 0.70700680423303807753 0.68787342302223974944 0.66068738193069043163 0.63022997252828272252 0.63646924380898728391 0.63292693829799318017 0.62794122702744437081 0.65421060359697902342 0.7232283027106715112 nan nan nan nan nan nan nan nan nan nan nan nan nan nan nan nan nan nan nan nan nan nan nan nan nan nan nan nan nan nan nan nan nan
0.7236515837465313794 0.71350411584910833351 0.6980541234297201747 0.69546757117470114906 0.67872306483093824969 0.6672637392558076197 0.6691449974033943926 0.67089333621116098438 0.66761196337831718584 0.66117729383514090014 0.67962370872954813716 0.68204463081988930817 0.69029917962849896007 0.71721812497306891565 0.74617689607451986866 0.73841776002419190483 0.73917853466528526951 0.77606322140145411748 0.78158395686009862757 0.73846803300421448579 0.69345658144534960687 0.67949064639546641331 0.64438330053199488479 0.60884297062517667154 0.60241300377918738373 0.62032403728656626551 0.62034510968312173151 0.62737654652388408216 0.67750789149169388104 nan nan nan nan nan nan nan nan nan nan nan nan nan nan nan nan nan nan nan nan nan nan nan nan nan nan nan nan nan nan nan nan nan
0.7222962239560334341 0.71162995366254944152 0.6982431810241337411 0.68779783414829542831 0.67512324407686441496 0.66564710448084252192 0.66044422815998571341 0.66622107087202542264 0.66363389621925505946 0.6458202311593583822 0.6441364049862712271 0.65193135126879786512 0.65144310449896936088 0.6791345400899422291 0.7217125043667083073 0.73023800726895182756 0.7221497199315836113 0.72116349035651716726 0.73085778237808951552 0.73426063000682562087 0.63650774024692591269 0.63250101793309920772 0.62754417760443326202 0.60864949078569396956 0.59497047333954278248 0.60060902449475073173 0.61316275985215540345 0.62770526607206988956 0.64207598912603713881 0.70466140488584683155 nan nan nan nan nan nan nan nan nan nan nan nan nan nan nan nan nan nan nan nan nan nan nan nan nan nan nan nan nan nan nan nan
0.7244152817818437784 0.71144147146236946799 0.70040396528864401482 0.68929295918170285784 0.6769666231760456121 0.65731762806178029024 0.65335362531599638913 0.65653709020075079472 0.6599243989540106714 0.65184423895865506449 0.62661307929120335647 0.61695252838933578587 0.61755943142219171804 0.65627262435413558084 0.71535379408938770673 0.72166525752880350542 0.69560786134391749957 0.69083654814530692789 0.67781513299901408054 0.65776977519751589352 0.62266634390097008733 0.60963581219579032755 0.60945319893047089632 0.60429124851326498913 0.59957773478894849095 0.59954625578696341126 0.61542205618381762289 0.63144704912078264414 0.65080227214549579706 0.70856876503521282196 nan nan nan nan nan nan nan nan nan nan nan nan nan nan nan nan nan nan nan nan nan nan nan nan nan nan nan nan nan nan nan nan
0.73581508280661178656 0.72524290566989568774 0.70860894286106757001 0.68395748061644223714 0.66750340139386177274 0.64830697950539950547 0.64480999999467680794 0.64558579015421169167 0.63956556602858571914 0.6325703869200526297 0.62500575133528391003 0.60483732383902377716 0.60414802118952437571 0.64058383622819070613 0.70008195538178041861 0.74216864103850177514 0.70951447083690988293 0.68397945428329953721 0.66356976103233988873 0.64186191593882724327 0.6188500245240109443 0.60188686799700463759 0.59624014071937447845 0.59258405133014080413 0.5999180627491844664 0.60374844931051641073 0.61836455688353741955 0.63574451463287751096 0.66783306072529458053 nan nan nan nan nan nan nan nan nan nan nan nan nan nan nan nan nan nan nan nan nan nan nan nan nan nan nan nan nan nan nan nan nan
0.75482342862070950229 0.7455629768539401292 0.72040073233147738918 0.67834546985987742573 0.65949248035026897252 0.64195359896952330914 0.63842071861582605496 0.64038602496663976638 0.62414172835820069807 0.61161450636090464172 0.62217745489933062863 0.61325058072495053363 0.59903345137264929487 0.62151888687856549076 0.68321151731002283114 0.73752836016001788177 0.7015726601334888457 0.65692720800249015944 0.63034296883963503166 0.62407876997363864735 0.61562324327720452377 0.60002815979348789188 0.5850424484377488854 0.57812587918659730235 0.58545958916273210804 0.59637843882490226832 0.62381878285979563969 0.63949100080340048891 0.66008739846270025886 nan nan nan nan nan nan nan nan nan nan nan nan nan nan nan nan nan nan nan nan nan nan nan nan nan nan nan nan nan nan nan nan nan
0.76283649951188758909 0.74956461859433443085 0.73073884150458245923 0.7066175933044398505 0.66869932675367005359 0.64038654996098165473 0.6204210395173974657 0.62636145800308307141 0.62474821289976700811 0.59829719512826085026 0.59931719221583901192 0.60480067978691254282 0.59537943031898610258 0.60592546610527764361 0.65117034855023014916 0.72661573436022075523 0.72611754464670563713 0.68567872718785449759 0.63661242950434770993 0.6162311219775753468 0.59839471789283615877 0.57758437087815606148 0.56961136074720197797 0.56616079813443886959 0.57132463650514120346 0.58941880409927438489 0.61495674214828499604 0.62809824006902081894 0.64541475032664241684 nan nan nan nan nan nan nan nan nan nan nan nan nan nan nan nan nan nan nan nan nan nan nan nan nan nan nan nan nan nan nan nan nan
0.72203151453590952435 0.71146069681562862375 0.70380633252934232669 0.695970422879274353 0.68570142682263424128 0.65531333060361784959 0.63099762006608028919 0.61198085992366035857 0.62030541565590224806 0.60015708208708318239 0.58587969319072419339 0.58922630013012866623 0.6058383493036745282 0.60308271427585447011 0.6112305132279433062 0.66572700563059417078 0.71412108691978870567 0.67560552960119080179 0.62188508775932305195 0.61224048743334924527 0.59512272865557369617 0.57063645290360909268 0.56270810571050833282 0.56171058144972674242 0.57103517560432270894 0.5914054070261706153 0.60557312458772727393 0.61479601628086322229 nan nan nan nan nan nan nan nan nan nan nan nan nan nan nan nan nan nan nan nan nan nan nan nan nan nan nan nan nan nan nan nan nan nan
0.74669743544764821674 0.72303504973993981686 0.70465436138290438173 0.69228598821980380507 0.68136975654736486874 0.66962415212793868768 0.63839978743183745102 0.61896084744550317058 0.62025682949883165218 0.61269455936748062896 0.58414738573774027675 0.58283397374509016142 0.59582424848595005873 0.5940808483388011485 0.60079384734253760136 0.61229628532732116586 0.66072686780625422553 0.64166120151036853958 0.61441139814198453273 0.60439429276511724698 0.58759361768347007082 0.56346496844933313675 0.55739735254846101142 0.56041005862457915487 0.57197918297654370967 0.57920558335337990474 0.59347852750676433065 0.6064670585156665128 nan nan nan nan nan nan nan nan nan nan nan nan nan nan nan nan nan nan nan nan nan nan nan nan nan nan nan nan nan nan nan nan nan nan
