results/rofental/snowdepth_month_2020-08-01T0000_2020-08-31T2300.asc
ncols        322
nrows        225
xllcorner    622802.488000000012
yllcorner    5178049.378999999724
cellsize     100.000000000000
[rows 140 to 167 of 225, columns 62 to 123 of 322]
nan nan nan nan nan nan nan nan nan nan nan nan nan nan nan nan nan nan nan nan nan nan nan nan nan nan nan nan nan nan nan nan nan nan nan nan nan nan nan nan nan nan nan nan nan nan nan nan nan nan nan nan 1.0351195792794145589 0.95977863875589686238 0.46419048124914263909 0.11977455832378945677 0.097007801116517633488 0.074491213480731899299 0.061494490474033332295 0.057944843023322659126 0.055399023099708975815 0.0495271251529119938
nan nan nan nan nan nan nan nan nan nan nan nan nan nan nan nan nan nan nan nan nan nan nan nan nan nan nan nan nan nan nan nan nan nan nan nan nan nan nan nan nan nan nan nan nan nan nan nan nan nan nan 0.90097714818977647777 0.64757884649286068246 0.68956520551952815712 0.29717103601899091947 0.1035344525296231083 0.086034379583763725963 0.070529215675012357778 0.061090234920750122183 0.058076134014908811776 0.054143294169847547281 0.048892977661435868542
nan nan nan nan nan nan nan nan nan nan nan nan nan nan nan nan nan nan nan nan nan nan nan nan nan nan nan nan nan nan nan nan nan nan nan nan nan nan nan nan nan nan nan nan nan nan nan nan nan nan 0.6879243763316682525 0.13945962084603180653 0.12423291418789444984 0.1082489999638083511 0.1264968594864807061 0.11409109722598843872 0.081981186757819554667 0.064650560831323131139 0.057241656963983394979 0.052287013363538047128 0.048017678924950679686 0.04350031995352895281
nan nan nan nan nan nan nan nan nan nan nan nan nan nan nan nan nan nan nan nan nan nan nan nan nan nan nan nan nan nan nan nan nan nan nan nan nan nan nan nan nan nan nan nan nan nan nan nan nan 0.17163673130323897631 0.13515384917090614292 0.085742648172932478534 0.072978132966445841134 0.068380037028679549471 0.067613112813679973612 0.099790840064487462691 0.10088246833528835555 0.064851125872665088545 0.05256063291736805948 0.04752834499821399078 0.043877451202293811516 0.027807013003318097749
nan nan nan nan nan nan nan nan nan nan nan nan nan nan nan nan nan nan nan nan nan nan nan nan nan nan nan nan nan nan nan nan nan nan nan nan nan nan nan nan nan nan nan nan nan nan 0.47882100606178312763 0.15328091534173624022 0.12538070765645947802 0.11618211158173387398 0.098684605748554060645 0.071367404493623290418 0.059871100880384706122 0.054500940860797680854 0.050060436433615934648 0.057310566744513888326 0.069763529019845407775 0.068429836260828949546 0.057946504468005338717 0.048727481319540216775 0.04341295682504670711 0.027704485179032786041
nan nan nan nan nan nan nan nan nan nan nan nan nan nan nan nan nan nan nan nan nan nan nan nan nan nan nan nan nan nan nan nan nan nan nan nan nan nan nan nan nan nan nan nan nan 0.10859958501574172585 0.11409746957106765841 0.11725790976565755863 0.081060286469909148543 0.072776614776966466747 0.076034056429140225997 0.069789784433889848203 0.058256289471693575854 0.048843243413194188662 0.045020189000822427583 0.04297261532434152459 0.044523947096575929028 0.051685459601800362583 0.054935942614953520158 0.052747916449045285925 0.048792412784641310541 0.043648782452820736322
nan nan nan nan nan nan nan nan nan nan nan nan nan nan nan nan nan nan nan nan nan nan nan nan nan nan nan nan nan nan nan nan nan nan nan nan nan nan nan nan nan nan nan nan nan 0.077366569255888889556 0.0773713367695855192 0.07072565984558941421 0.069857475700867047164 0.058079911144757648267 0.054806901819207685944 0.052014177562031742308 0.051250865554099883648 0.04543681362209895519 0.042664999296009947782 0.0395539073856697454 0.02702509359707233258 0.027114761357094320504 0.038771406594986200511 0.038659007751308586964 0.027642074063132002215 0.027568786225034228737
nan nan nan nan nan nan nan nan nan nan nan nan nan nan nan nan nan nan nan nan nan nan nan nan nan nan nan nan nan nan nan nan nan nan nan nan nan nan nan nan nan nan nan nan nan 0.08130249350643781181 0.072963561836517948356 0.065109014496829056839 0.058990540459857909728 0.055551477504180317435 0.05369020154646066828 0.051295143868979077573 0.049056431913704269532 0.046179286188415366587 0.0424183436127216415 0.040169878059001302983 0.027416952703213721271 0.026408052244117213858 0.025723668946796274942 0.025521146918391277719 0.025907242530303790928 0.025451484397420488792
nan nan nan nan nan nan nan nan nan nan nan nan nan nan nan nan nan nan nan nan nan nan nan nan nan nan nan nan nan nan nan nan nan nan nan nan nan nan nan nan nan nan nan nan 0.22989079015118277227 0.089903831478885337658 0.070624753844138243863 0.063337962049166543488 0.061113627635154661732 0.058541771554324155413 0.05583168849653875887 0.052950388972399349552 0.050771859225862289722 0.048268067847556786476 0.044423739958472395484 0.041782065293910486403 0.028103163610582640453 0.027240965865728626605 0.026438349150501649215 0.025495064271647247672 0.02469833492372908515 0.023690067506147251264
nan nan nan nan nan nan nan nan nan nan nan nan nan nan nan nan nan nan nan nan nan nan nan nan nan nan nan nan nan nan nan nan nan nan nan nan nan nan nan nan nan nan nan nan 0.75902383701413023154 0.17626153477272199499 0.075405286353527500864 0.065724801422907416781 0.06322510276157081166 0.060867446991651454058 0.058139431781562750379 0.056146168658250526773 0.052678649746897114603 0.049029480885209794638 0.044750829616623979956 0.042177088514189615964 0.039144288051775229242 0.027508988360835182757 0.026605979750490362651 0.025931156554187893837 0.024958625224323589126 0.023988617735984870544
nan nan nan nan nan nan nan nan nan nan nan nan nan nan nan nan nan nan nan nan nan nan nan nan nan nan nan nan nan nan nan nan nan nan nan nan nan nan nan nan nan nan nan 0.87393300665499407121 0.6129541943848765273 0.10466058940687829326 0.081649918258710846297 0.072375054904136065792 0.06821472254405160085 0.065341692530103384629 0.061861691214782181525 0.060944030467353423053 0.057779139634415374593 0.052089666302757582639 0.047841708087709558517 0.043267626481698504004 0.039484099655510890292 0.027130151391072363648 0.025761664466954561914 0.024606471400080470041 0.023514205792274946866 0.022312823268673231958
nan nan nan nan nan nan nan nan nan nan nan nan nan nan nan nan nan nan nan nan nan nan nan nan nan nan nan nan nan nan nan nan nan nan nan nan nan nan nan nan nan nan 0.95806450591149161511 1.0108839020473758818 0.54955795395541573445 0.4595601352914116533 0.10488719235573670807 0.085214998927274632212 0.079028394754364766905 0.076189372255464113404 0.071550325794701746807 0.069319463221579877277 0.06457401834977179178 0.059636232322111112913 0.054225266417453954482 0.04795380457968700938 0.040749450319248911589 0.026772210280550001044 0.025769769932011316743 0.024750101722009816563 0.023004481515169605127 0.02189298927152467239
nan nan nan nan nan nan nan nan nan nan nan nan nan nan nan nan nan nan nan nan nan nan nan nan nan nan nan nan nan nan nan nan nan nan nan nan nan nan nan nan nan nan nan 0.89069590977641854845 0.40183547049549978025 0.39197302523368016125 0.11797739174666534157 0.10141013690182587581 0.098869671769338376976 0.097544257480137730454 0.086767019903585221319 0.093030537080834918573 0.076018253914975686403 0.069525244231919830495 0.063051950487665944789 0.057155234072256734523 0.047670296721814969798 0.038511547908700753673 0.026166700337491122924 0.024983931724935570795 0.023160828046910261757 0.021439892918551532036
nan nan nan nan nan nan nan nan nan nan nan nan nan nan nan nan nan nan nan nan nan nan nan nan nan nan nan nan nan nan nan nan nan nan nan nan nan nan nan nan nan nan 1.4421393733270886361 1.0210892359172931698 0.68040621936975054229 0.68637062877477350575 0.54099653904602618137 0.11859497912419218746 0.11804464693773618345 0.11922854642181607288 0.24129904924763820318 0.46774711175786404249 0.45048914195230671531 0.43848839663642585895 0.095275898777686857111 0.067600126587336981099 0.053635384441645672648 0.041141410865642838446 0.026493704008980566156 0.024940018380646869489 0.023145691836951091253 0.021909303123829534932
nan nan nan nan nan nan nan nan nan nan nan nan nan nan nan nan nan nan nan nan nan nan nan nan nan nan nan nan nan nan nan nan nan nan nan nan nan nan nan nan nan nan 1.7804466867378347938 1.4835626297368107451 0.94495838037887425198 0.7293309121259338168 0.67115241534228009535 0.48379677095531176123 0.47331422785957294463 0.773716615240750194 0.39292197173653242714 0.109853319547518119 0.082031132157484101808 0.086036313226999810988 0.07399944502944827418 0.060185651070553805586 0.049991297577179016898 0.039753351113511255221 0.02605292145980003804 0.024613168141647320114 0.022724468365102862277 0.022529171384874202566
nan nan nan nan nan nan nan nan nan nan nan nan nan nan nan nan nan nan nan nan nan nan nan nan nan nan nan nan nan nan nan nan nan nan nan nan nan nan nan nan nan nan 1.8843521308618915722 1.818880112145491168 1.6160165154431189727 1.1321103673061627681 0.65944566139640403701 0.60219842292246728022 0.42660543927977712109 0.15315951864636401236 0.11269276924789149719 0.074059775624318840981 0.068799691258486395107 0.067367063729320358911 0.066446042717761888419 0.057158243110065599935 0.044272586987486740873 0.027414469116490682021 0.025727213661642250181 0.024031027870697621585 0.023060789441131594735 0.023052434306127092545
nan nan nan nan nan nan nan nan nan nan nan nan nan nan nan nan nan nan nan nan nan nan nan nan nan nan nan nan nan nan nan nan nan nan nan nan nan nan nan nan nan nan 1.5140595461972823355 1.5306845489716538466 1.3883008711564406301 1.1433849243123614947 0.93425669110663012162 0.16736210494437051 0.13970253324117137828 0.11483670857604554028 0.081627978300797265909 0.067412996934942209792 0.059850112422716962579 0.051674399741804821762 0.050782765488981036761 0.047414233880278398858 0.043132932630040574096 0.027655136585053155529 0.025786754758019874573 0.023744498196341782409 0.023661467376113753253 0.023599216206688939518
nan nan nan nan nan nan nan nan nan nan nan nan nan nan nan nan nan nan nan nan nan nan nan nan nan nan nan nan nan nan nan nan nan nan nan nan nan nan nan nan nan 0.91277387066614534827 0.87487797674026279715 1.0647751338406230559 0.61856215900160926857 0.17652140545867167631 0.14981667719565680552 0.13364821497005749396 0.12925783914282648612 0.11097248860101809054 0.081327844767204879317 0.065544575900537541124 0.053693306487972713992 0.047716575314347885184 0.045163801638905785862 0.042653478840260557192 0.038763656617894805267 0.026942050879367258204 0.025392753785623198987 0.024161485729528621447 0.024330386531284709656 0.024187444627453556778
nan nan nan nan nan nan nan nan nan nan nan nan nan nan nan nan nan nan nan nan nan nan nan nan nan nan nan nan nan nan nan nan nan nan nan nan nan nan nan nan 0.37067832873819739348 0.54555384424151187606 0.60380232432491731664 0.89561390473036261994 0.75195958060428969016 0.44870351094307703299 0.1466768054484410555 0.13300860190462956978 0.12537736165575177893 0.11270567468291958768 0.084856963509428257053 0.070075825802673366582 0.05929429423261380061 0.048751311064562902198 0.043206017534568028071 0.040105234400292878727 0.027738596833361332111 0.026438927633065923556 0.024858002690719905453 0.024936549068348835834 0.024906722004782666513 0.02476746494453335723
nan nan nan nan nan nan nan nan nan nan nan nan nan nan nan nan nan nan nan nan nan nan nan nan nan nan nan nan nan nan nan nan nan nan nan nan nan nan 0.91946351243231450034 0.20053236312912681161 0.19236981057987143084 0.19593549952405656112 0.19868370423004499958 0.45856044530335365872 0.74907177405649449931 0.8324872237688629717 0.40854488816160328124 0.13709374129988621815 0.12250020852094381518 0.10747436818339384246 0.093912220762400980267 0.075093455115430848834 0.064973090683974540904 0.053640625808045475087 0.043684932111088189965 0.039758662677540038133 0.027254747061414601877 0.025740579178164774143 0.025296038452531387219 0.025450611114284742847 0.025358248990439077875 0.025215781711007138194
nan nan nan nan nan nan nan nan nan nan nan nan nan nan nan nan nan nan nan nan nan nan nan nan nan nan nan nan nan nan nan nan nan nan nan nan nan 0.45140810737008613129 0.52932745707534412105 0.17105340487397172056 0.16913790105923035001 0.16935606769769329105 0.17425444552240512697 0.17597816772153193621 0.17440957863217199098 0.16934316445312130872 0.74670096465899227223 0.55389956832480147231 0.12414963483627992902 0.10217181523631028994 0.091252058046250916767 0.074496099821020650422 0.067581890353157314522 0.055804293809248006752 0.042244574776721367793 0.038194866299313498526 0.027292672024614890447 0.026009379793786202573 0.025810600070235219933 0.025878612630647661319 0.025841411737233425244 0.025710633222798626868
nan nan nan nan nan nan nan nan nan nan nan nan nan nan nan nan nan nan nan nan nan nan nan nan nan nan nan nan nan nan nan nan nan nan nan 0.62012046300116718811 0.17802589002685875741 0.1701379009307043555 0.15899441630118044122 0.14882104156702552489 0.14887113116821243386 0.14767840856780140024 0.150433155256283424 0.15326816836583156967 0.15489003378203616834 0.15051453331575215255 0.14229993423419895482 0.41143369353379577458 0.69957910994519445502 0.1239525261468119588 0.1035741997670072273 0.083964837089700108952 0.069732010049500206539 0.057255293354271756534 0.051676037972783542274 0.042158202740579235612 0.027539888279066466331 0.025958806577038737173 0.026289007296557549004 0.026434842432293527426 0.02648378748308176725 0.026283843539541742323
nan nan nan nan nan nan nan nan nan nan nan nan nan nan nan nan nan nan nan nan nan nan nan nan nan nan nan nan nan nan nan nan nan 1.1373468410910216875 0.78094372656025023982 0.29916915638193858351 0.16147372733839476799 0.15477601605045632205 0.14105845649487436244 0.134780743832438904 0.13435702653649794769 0.13635089671053160498 0.1361651684421928965 0.13735150235247575723 0.13846969236370665346 0.13464659243117116372 0.12664308967420007113 0.11495753968339862683 0.12275014018662314119 0.12022571201797160878 0.11280234838899466654 0.096930191675231813786 0.082166922030173075719 0.07291661714042538267 0.06244157408515271096 0.048314277787196213687 0.040500351187701920386 0.026806432957254353738 0.02732436558739023344 0.027171543135782193906 0.027076649870497071504 0.026795722581950988384
nan nan nan nan nan nan nan nan nan nan nan nan nan nan nan nan nan nan nan nan nan nan nan nan nan nan nan 2.459441075504380958 2.1303866276392766643 1.8336226844631409172 1.4427869635985948182 1.1886881430605382715 0.82408675193871872011 0.61664002596177425186 0.58059294477386436117 0.32521948369161818304 0.15166028002289164145 0.14493322829739715973 0.12667320854620217618 0.11769637542213776116 0.11805327160778979201 0.12195184934674278832 0.12794610426519142932 0.12829231805689148005 0.12677045601657949137 0.11735610672601971827 0.10905278425006087462 0.094538978433473405683 0.079237810432960950613 0.084490266536037764156 0.095433357971960300348 0.07551390623343690045 0.071022178536424049322 0.065438387263442338027 0.057970126356926401923 0.04971693561134100936 0.041298572627723656447 0.038177317585668689437 0.03776419562533419455 0.036757954103064316431 0.027661339338126755827 0.027345790609671911942
nan nan nan nan nan nan nan nan nan nan nan nan nan nan nan nan nan nan nan nan nan nan nan nan nan nan nan 2.3724088507308307427 1.8254321640133401861 1.5915116015284942463 1.0168920213828032129 0.91846944279191577998 0.75622516914975290714 0.63529725797284009037 0.39173775093156193439 0.22528361770212892989 0.15029010647200416462 0.1383637477533211646 0.11735818117409863026 0.11771024029755858265 0.11718845150301697433 0.11352441885051710313 0.1133140711068480605 0.1169532313039434307 0.11619017409763253423 0.10627676020748960672 0.096881230698453238426 0.084578857099359347482 0.072421687670494006017 0.071035813746580619976 0.076253668018300746478 0.072236710651045935028 0.064299639427426738547 0.059827649313701686262 0.052065177943872074928 0.04593349185235647697 0.041938292640399790767 0.041184430335493946163 0.03976512523953652789 0.038978044737127147401 0.038537921158250221243 0.037505876754611658375
nan nan nan nan nan nan nan nan nan nan nan nan nan nan nan nan nan nan nan nan nan nan nan nan nan nan nan 2.4795762975022599406 2.1984763875994857152 1.9032812534274121674 1.4332673784989033994 1.0463862843679294645 0.80315421180576118676 0.70360132582055479045 0.37680629742641624791 0.15548500679474697161 0.15012659099901598525 0.13827948931240882646 0.12081934337232413945 0.11757881659802683905 0.11368702202680935898 0.10738933903834750605 0.10347751406399791074 0.10223526623698819815 0.099914447118691379623 0.093223327272281483746 0.080726875507989598324 0.072476091149041799166 0.064608897013897520489 0.063300311409823742381 0.064739606545413150296 0.062933132691601015307 0.057768785491212774896 0.051021510600216542219 0.046078144502834442187 0.04568600363755018906 0.044914008871455614325 0.043065384986577026627 0.041448707763586181696 0.040626637237403534497 0.039729175253610291008 0.038382390962512190347
nan nan nan nan nan nan nan nan nan nan nan nan nan nan nan nan nan nan nan nan nan nan nan nan nan nan nan 2.3047112712173696281 2.4073345488567321482 2.1569029838828988055 1.6114838819085399724 1.3437080021170937361 1.0691056756011434459 0.61373708000481530522 0.15959171162094101803 0.14835446289648207552 0.14597634823173868956 0.13996466087971989878 0.12891214578183093908 0.11129725537112260259 0.10710305653684219773 0.10434693341868855887 0.10213904329787341918 0.0972797736670831803 0.094146818202549650834 0.080894196394215564516 0.07432909079987917722 0.067504898476037369925 0.061995662917213839593 0.06004471851063367116 0.058942015849719857357 0.058013071232693641521 0.054879180435462644738 0.051006268703692368705 0.049300729211734936608 0.047648916612071184895 0.046084047103569676651 0.044293026107980221218 0.043054360819077812372 0.041784214571786083836 0.040359557106027628415 0.038869977237981391538
nan nan nan nan nan nan nan nan nan nan nan nan nan nan nan nan nan nan nan nan nan nan nan nan nan nan nan nan 2.0760112799439029985 1.6636901464280224872 0.97479856862763858416 0.84886391658403648197 1.1733255369667057177 1.3361290879996796654 0.75348405508951665777 0.14691268795514483836 0.13578724202669406607 0.13578262850100697445 0.13045156907508823063 0.11199600369806124445 0.10134602577369961063 0.10436185300555404776 0.1032467846101542408 0.099378171089401806659 0.094151694882770253781 0.082427998982852995757 0.073599829218727874647 0.069117697254790430583 0.064105394887572067497 0.062288706651715611273 0.061492743317813215731 0.059954876557834393958 0.057727630790102395231 0.05436539149843749863 0.05178506813415149207 0.049800813257363255038 0.047035622427532695899 0.045605454653905704021 0.044110215240930186753 0.04255102162722246284 0.040530772005207091335 0.041478606324927190518
