results/rofental/snowdepth_month_2019-11-01T0000_2019-11-30T2300.asc
ncols        322
nrows        225
xllcorner    622802.488000000012
yllcorner    5178049.378999999724
cellsize     100.000000000000
[rows 162 to 188 of 225, columns 62 to 123 of 322]
nan nan nan nan nan nan nan nan nan nan nan nan nan nan nan nan nan nan nan nan nan nan nan nan nan nan nan nan nan nan nan nan nan 1.0433368630220050122 0.98724405903663015049 0.84120211863668237218 0.76902323689436014043 0.75807667973994663502 0.74311598555880997719 0.73410432513794188214 0.73140899823532390389 0.73047622408966228491 0.72722765290652313652 0.72544086224839576804 0.72453836833001061812 0.71998316332988265831 0.70777154391980290349 0.69676046206620345647 0.71144891794625686465 0.79575174720542241058 0.83250329628050101505 0.82846817669059968914 0.85885264442156350473 0.84411895068888309623 0.77776745861823415318 0.67130174935984021634 0.61534759905907665534 0.59292617783388368302 0.59334358421151622842 0.58892896518205284373 0.58656283291617572484 0.58261999536843467329
nan nan nan nan nan nan nan nan nan nan nan nan nan nan nan nan nan nan nan nan nan nan nan nan nan nan nan 1.1896597070735364099 1.1453355179399089536 1.1104290511065559866 1.078477918917871925 1.038560228513056849 0.97714300388488495308 0.92780889958756418423 0.8943062336111263777 0.85464772179410930519 0.77980272364960401266 0.76016430314535399226 0.72979705207876288675 0.71921886840740090197 0.71661833796376994687 0.7188416936821642178 0.72261184557596258582 0.71924844730022297057 0.71522793088460101529 0.70421128981686043069 0.69645036360742229586 0.68059968987451513467 0.66820557157035243012 0.67395833519563819181 0.68072778390529953274 0.6654881107701688947 0.65896415938678676305 0.65205980182589440286 0.642056897902261281 0.63119634542798719323 0.61279791884178669292 0.60229417676521512792 0.59831631070085355972 0.59357468510146926821 0.59131863950537710828 0.58803130729404118338
nan nan nan nan nan nan nan nan nan nan nan nan nan nan nan nan nan nan nan nan nan nan nan nan nan nan nan 1.1766770727860471624 1.113940941783963634 1.0816327247019064117 1.0344855875517979804 0.99061270268640666536 0.96396677703629518597 0.91456016871489587139 0.87883790081689894258 0.88055951818018851629 0.82484135203596942176 0.78611201876108061093 0.72899374226579294334 0.73827834882576170994 0.72111379590698654329 0.71057401852346280258 0.7072495050556183438 0.70826040338234530491 0.70754205522015234386 0.69797590760391037268 0.68972307992330272874 0.68123209259038974839 0.66346540333120251898 0.65801958476579081037 0.66658692501332539315 0.66131434247558384953 0.64749815486223560868 0.63870629123010769224 0.62642074612315967741 0.61789078249518203378 0.60856324866187305744 0.60551024484502224965 0.59993456101833031457 0.59624044341495863186 0.59348141972818202472 0.5897294732499999137
nan nan nan nan nan nan nan nan nan nan nan nan nan nan nan nan nan nan nan nan nan nan nan nan nan nan nan 1.1880724237145374733 1.1562803003416570746 1.1181746572074759971 1.068152727206899355 1.0215193813899157149 0.98576156535706893624 0.9411922656862596881 0.87866884673212619639 0.85562374151314879445 0.87482427012119212684 0.86162514212190799423 0.77283684931914609084 0.73879047566773425881 0.71746225668330909642 0.70748535879276042149 0.70013310024707708923 0.6957340092905317519 0.69247811602015862942 0.68607448843555429718 0.67594645695290989096 0.66627500195318600795 0.65258434400414988552 0.64643186752886283575 0.64671343930303004655 0.64387103851301419333 0.6335985548466731565 0.62303780541480113797 0.61622259097642473336 0.61805233360197697756 0.61604741726342382435 0.60727929869954822006 0.60171295211409048243 0.59792827550801319614 0.59385500794420886805 0.58977508931180022689
nan nan nan nan nan nan nan nan nan nan nan nan nan nan nan nan nan nan nan nan nan nan nan nan nan nan nan 1.1792757219282239411 1.176785930647601397 1.1424740645913169512 1.0863955883703850791 1.0588621385002776609 1.0129063611762629815 0.9270471626559525502 0.89428246151975843148 0.82246718502501581227 0.85407616982319878307 0.88871337465800070987 0.81073445983050218544 0.71712473145554611609 0.71176740196363930124 0.71337649659782531586 0.70351647370785319602 0.69527736152493513355 0.69158473619837712576 0.678840287834851841 0.67152461165367316465 0.66108995175613394224 0.64936331546791525859 0.64205655991472732058 0.63779851458480785187 0.63589701901082673619 0.63186227471290445923 0.62799066628073385576 0.62563090300309776026 0.62132314179011094435 0.61520131227289265308 0.60855941833571025601 0.6038696453064009706 0.59941924960924319876 0.59445317595195268368 0.59045049064615762191
nan nan nan nan nan nan nan nan nan nan nan nan nan nan nan nan nan nan nan nan nan nan nan nan nan nan nan nan 1.1252406060509299035 1.0671937545504959211 1.0015787403647349318 0.97779314555461083192 1.0370658643414270017 1.0463647331902230508 0.97694368314404289588 0.89661071495007360621 0.83427580115848398723 0.82179137615793684812 0.84334262415387339917 0.74390756171140870467 0.70761982342248630484 0.73434648595003937377 0.74385174310228852068 0.75422131190286600955 0.74946751872119665716 0.72439067764557363294 0.70286570751782628808 0.70637151236327855308 0.67637307911904587243 0.6603423866690639743 0.65757815541292519157 0.6653143714617918425 0.66617966266110950624 0.63845996467247345674 0.62671353978180766031 0.62177348989227443354 0.6165805454254582596 0.61250916165361624088 0.60699254828730908606 0.60133867882992031451 0.59679114165877678033 0.60859899016594010135
nan nan nan nan nan nan nan nan nan nan nan nan nan nan nan nan nan nan nan nan nan nan nan nan nan nan nan nan nan 1.1007146007356842787 1.0324213010346827701 0.98839364656570161127 0.96413581887458299491 1.0197026512791724784 1.0358005983296074692 0.98584886304175189942 0.80392442035662370348 0.7964976138944044326 0.83450131813310735041 0.84455132272769051216 0.76001595143467304272 0.72340557122866766537 0.74696889485593331859 0.75603497535805386232 0.74176666679033764762 0.70389424940983069678 0.70080882962847412809 0.71304189563162234666 0.69655792645857428358 0.6569127050451364358 0.64703058509152910904 0.64215119569328293903 0.64002801433003431164 0.64968199885662480941 0.64243769875721534746 0.62643489384569095435 0.61985479095924833626 0.61492741015523910697 0.61091955784318052736 0.63277483874972850764 0.67246810208381524454 0.69196159758752884272
nan nan nan nan nan nan nan nan nan nan nan nan nan nan nan nan nan nan nan nan nan nan nan nan nan nan nan nan nan 1.1291688199064884301 1.0426148543231217314 0.87598645773201866405 0.9005105706630461837 0.94197269933135974185 0.98577494096072448837 1.0068001962741526256 0.96068423780416134505 0.8417692620890953048 0.78841844475724121022 0.81359701677909723738 0.84155415957219326106 0.81086787255602132962 0.74558862598226016694 0.73203529251092291918 0.75724315292904387231 0.73654892502864721671 0.70671252199012601913 0.69651318218604474364 0.68420091107368763428 0.66947985158134992734 0.66623944992328387738 0.6682166942003047172 0.67106779196267696275 0.66552955502085331396 0.65383539131600654226 0.65642757599150669545 0.65743888930050320418 0.6775610042449112802 0.73327051095868833741 0.7764002262425075962 0.7884670421803084972 0.77979214415735820243
nan nan nan nan nan nan nan nan nan nan nan nan nan nan nan nan nan nan nan nan nan nan nan nan nan nan nan nan 0.87056712855247075922 1.0183792163222664673 0.9252379897984867041 0.84299651936775654715 0.84986068647261381326 0.90308297509811097381 0.95134355795605296535 0.97457263568608476501 0.97493277898962271699 0.92310292280164696344 0.83989653571755418238 0.78256128861700469113 0.8489611797252882841 0.84526964643234803187 0.75954154424254372024 0.7113222578460586254 0.75123841967400695196 0.76604918947535638463 0.7561539499061620262 0.73213533364101512912 0.71493367404025232048 0.69890995510018449899 0.68611160083094968609 0.68087518640561528471 0.67027054239071637287 0.66621236279736872898 0.6764952334481624252 0.69849424808748727944 0.75033050939373935329 0.8032909949019474416 0.8315680426716328677 0.84437977468117264568 0.85578737180879804747 0.86150347771343138703
nan nan nan nan nan nan nan nan nan nan nan nan nan nan nan nan nan nan nan nan nan nan nan nan nan nan nan nan 0.93999556551494356516 0.89945368566013905731 0.942216795547598851 0.927199494571084748 0.885980928111341548 0.89594503266851555079 0.92590137707625597141 0.97846554357247594869 0.99809256083880182331 0.98213482239828031606 0.93140780594955552285 0.8839890425212700853 0.8656380990916490159 0.86337262952917881442 0.78399467319655002928 0.74614362457326000033 0.76047599466553061909 0.7948251550115474906 0.80405161982783912578 0.78535722132831897735 0.7650989896049997796 0.75135753495712387373 0.73893590147642540522 0.72591663712100673589 0.70303188681948003413 0.73932078489340069538 0.80138475200409364785 0.8449694417456490303 0.85808688062834848065 0.87434602703151720338 0.88108470600456845201 0.89178378207284270118 0.9009717156542472738 0.92279640471625057341
nan nan nan nan nan nan nan nan nan nan nan nan nan nan nan nan nan nan nan nan nan nan nan nan nan nan nan nan nan 1.0652942280106978412 0.98439276998119207285 0.99480552649881826 0.97127931706702352876 0.93306050327471035111 0.90422615073344914105 0.93698428904270947282 0.96861459504417801725 0.97822481165033903228 0.98133392009280706603 0.94922606321775782057 0.90122355198278658595 0.91981072114329842648 0.8766825980511745442 0.80707918951129287155 0.78976577800306391186 0.80197807314983771132 0.79912755926528311612 0.76539095235668885842 0.76074224576768179062 0.78133341470325889944 0.80364763165154562419 0.85669320805914928041 0.88479077704028263884 0.9026945799950006899 0.90734620071253013762 0.91116887744782193437 0.91362631913386316285 0.92492177654935903153 0.92574322342053938506 0.92922867001492859274 0.93172283336403627363 0.97217972723720580408
nan nan nan nan nan nan nan nan nan nan nan nan nan nan nan nan nan nan nan nan nan nan nan nan nan nan nan nan nan nan 1.0743855433713234149 1.0460867910581559403 1.0132976357062775108 0.98436716608454621902 0.95251648402292132811 0.9073488915864962312 0.91458783091061213177 0.92979997634695310538 0.93958719989860839394 0.90179350336802477361 0.85827723662591093312 0.88794463343217533424 0.85746114162901532207 0.84732961515192228852 0.83161988790001406535 0.82592961165500200504 0.81317027757938697974 0.8111975297850577693 0.84770765732278174909 0.88361644132935424079 0.905023389224193342 0.93080439775672418889 0.92995088755483701348 0.91832949498006910538 0.9301131573245888795 0.94231460125436183883 0.94767594277299427308 0.95480063235787782094 0.95670552695333599402 0.9729745761854061703 0.98620636413915674368 0.92489781682325966639
nan nan nan nan nan nan nan nan nan nan nan nan nan nan nan nan nan nan nan nan nan nan nan nan nan nan nan nan nan nan nan 1.0974547438193358317 1.0685340381151096079 1.0394790914093228196 1.0155711135638367804 0.98354090264013760425 0.92407095823035934057 0.91845518109333190715 0.9195676696885597412 0.91838982501560106897 0.93282148567609490808 0.94775819402115324408 0.95401072487327920335 0.95882986953943172281 0.9522715079257200177 0.93186340136496592645 0.93584793774402108557 0.94378995046163238758 0.94433032104423964004 0.94127082750994939264 0.93214708948595004223 0.92672462552685186399 0.93620901110140819501 0.94959276731400410476 0.96642110459817132107 0.97640801241934171983 0.98800812197290899253 0.99887025694359354855 1.0094072948102275067 nan nan nan
nan nan nan nan nan nan nan nan nan nan nan nan nan nan nan nan nan nan nan nan nan nan nan nan nan nan nan nan nan nan nan nan nan nan nan nan 0.96631243238287922726 0.96310637163466095156 0.96601227447326953879 0.98069761785366005302 0.99735364586530483866 1.0044644742813022553 1.0108094332238433122 1.0167443622227292366 1.0045877170640400422 0.98359140816385504102 0.96848938817379526256 0.94687511176419336678 0.92636916921837741956 0.93057284319422062246 0.92407080631502869217 0.94451104977325084366 0.96557602363743377794 0.99256622966230567684 nan nan nan nan nan nan nan nan
nan nan nan nan nan nan nan nan nan nan nan nan nan nan nan nan nan nan nan nan nan nan nan nan nan nan nan nan nan nan nan nan nan nan nan nan nan nan nan nan nan nan nan nan nan nan nan 0.90600327616682674314 0.91974981318483906012 0.93706511383000956616 0.95289302616847360028 0.97509019141105690576 0.99875762061981832041 0.97645552796135925977 nan nan nan nan nan nan nan nan
nan nan nan nan nan nan nan nan nan nan nan nan nan nan nan nan nan nan nan nan nan nan nan nan nan nan nan nan nan nan nan nan nan nan nan nan nan nan nan nan nan nan nan nan nan nan nan nan 0.93338699002187341947 0.97340689329249929784 0.96300025338137307251 0.9714967374992674598 nan nan nan nan nan nan nan nan nan nan
nan nan nan nan nan nan nan nan nan nan nan nan nan nan nan nan nan nan nan nan nan nan nan nan nan nan nan nan nan nan nan nan nan nan nan nan nan nan nan nan nan nan nan nan nan nan nan nan nan nan nan nan nan nan nan nan nan nan nan nan nan nan
nan nan nan nan nan nan nan nan nan nan nan nan nan nan nan nan nan nan nan nan nan nan nan nan nan nan nan nan nan nan nan nan nan nan nan nan nan nan nan nan nan nan nan nan nan nan nan nan nan nan nan nan nan nan nan nan nan nan nan nan nan nan
nan nan nan nan nan nan nan nan nan nan nan nan nan nan nan nan nan nan nan nan nan nan nan nan nan nan nan nan nan nan nan nan nan nan nan nan nan nan nan nan nan nan nan nan nan nan nan nan nan nan nan nan nan nan nan nan nan nan nan nan nan nan
nan nan nan nan nan nan nan nan nan nan nan nan nan nan nan nan nan nan nan nan nan nan nan nan nan nan nan nan nan nan nan nan nan nan nan nan nan nan nan nan nan nan nan nan nan nan nan nan nan nan nan nan nan nan nan nan nan nan nan nan nan nan
nan nan nan nan nan nan nan nan nan nan nan nan nan nan nan nan nan nan nan nan nan nan nan nan nan nan nan nan nan nan nan nan nan nan nan nan nan nan nan nan nan nan nan nan nan nan nan nan nan nan nan nan nan nan nan nan nan nan nan nan nan nan
nan nan nan nan nan nan nan nan nan nan nan nan nan nan nan nan nan nan nan nan nan nan nan nan nan nan nan nan nan nan nan nan nan nan nan nan nan nan nan nan nan nan nan nan nan nan nan nan nan nan nan nan nan nan nan nan nan nan nan nan nan nan
nan nan nan nan nan nan nan nan nan nan nan nan nan nan nan nan nan nan nan nan nan nan nan nan nan nan nan nan nan nan nan nan nan nan nan nan nan nan nan nan nan nan nan nan nan nan nan nan nan nan nan nan nan nan nan nan nan nan nan nan nan nan
nan nan nan nan nan nan nan nan nan nan nan nan nan nan nan nan nan nan nan nan nan nan nan nan nan nan nan nan nan nan nan nan nan nan nan nan nan nan nan nan nan nan nan nan nan nan nan nan nan nan nan nan nan nan nan nan nan nan nan nan nan nan
nan nan nan nan nan nan nan nan nan nan nan nan nan nan nan nan nan nan nan nan nan nan nan nan nan nan nan nan nan nan nan nan nan nan nan nan nan nan nan nan nan nan nan nan nan nan nan nan nan nan nan nan nan nan nan nan nan nan nan nan nan nan
nan nan nan nan nan nan nan nan nan nan nan nan nan nan nan nan nan nan nan nan nan nan nan nan nan nan nan nan nan nan nan nan nan nan nan nan nan nan nan nan nan nan nan nan nan nan nan nan nan nan nan nan nan nan nan nan nan nan nan nan nan nan
nan nan nan nan nan nan nan nan nan nan nan nan nan nan nan nan nan nan nan nan nan nan nan nan nan nan nan nan nan nan nan nan nan nan nan nan nan nan nan nan nan nan nan nan nan nan nan nan nan nan nan nan nan nan nan nan nan nan nan nan nan nan
