results/rofental/snowdepth_month_2020-01-01T0000_2020-01-31T2300.asc
ncols        322
nrows        225
xllcorner    622802.488000000012
yllcorner    5178049.378999999724
cellsize     100.000000000000
[rows 56 to 83 of 225, columns 186 to 247 of 322]
nan nan nan nan nan nan nan nan nan nan nan nan nan nan nan nan nan nan nan nan nan nan nan nan nan nan nan nan nan nan nan nan nan nan nan nan nan nan nan nan nan nan nan nan nan nan nan nan nan nan nan nan nan nan nan nan nan nan nan nan nan nan
nan nan nan nan nan nan nan nan nan nan nan nan nan nan nan nan nan nan nan nan nan nan nan nan nan nan nan nan nan nan nan nan nan nan nan nan nan nan nan nan nan nan nan nan nan nan nan nan nan nan nan nan nan nan nan nan nan nan nan nan nan nan
nan nan nan nan nan nan nan nan nan nan nan nan nan nan nan nan nan nan nan nan nan nan nan nan nan nan nan nan nan nan nan nan nan nan nan nan nan nan nan nan nan nan nan nan nan nan nan nan nan nan nan nan nan nan nan nan nan nan nan nan nan nan
nan nan nan nan nan nan nan nan nan nan nan nan nan nan nan 1.3449284140933386311 nan nan nan nan nan nan nan nan nan nan nan nan nan nan nan nan nan nan nan nan nan nan nan nan nan nan nan nan nan nan nan nan nan nan nan nan nan nan nan nan nan nan nan nan nan nan
nan nan nan nan nan nan nan nan nan nan nan nan nan 1.411100179739508631 1.3362924333844858893 1.2236632881170690368 1.2381895695799851609 1.300329366350811755 nan nan nan nan nan nan nan nan nan nan nan nan nan nan nan nan nan nan nan nan nan nan nan nan nan nan nan nan nan nan nan nan nan nan nan nan nan nan nan nan nan nan nan nan
nan nan nan nan nan nan nan nan nan nan nan 1.2801960660827089722 1.2446986731950873128 1.2370156741253865995 1.228111593558097514 1.2164428788816461502 1.1958050894888589966 1.1807891138343671322 1.2026251523590973935 nan nan nan nan nan nan nan nan nan nan nan nan nan nan nan nan nan nan nan nan nan nan nan nan nan nan nan nan nan nan nan nan nan nan nan nan nan nan nan nan nan nan nan
nan nan nan nan nan nan nan nan nan 1.4568585320356328694 1.2692218022431207558 1.2063546392474311375 1.1860753972202031647 1.1782809877605626703 1.1816205018179413155 1.1933958806929716445 1.1943032238824535796 1.1663125257307362936 1.1477695704922872277 1.1665653418852346412 1.1989161334944611337 nan nan nan nan nan nan nan nan nan nan nan nan nan nan nan nan nan nan nan nan nan nan nan nan nan nan nan nan nan nan nan nan nan nan nan nan nan nan nan nan nan
nan nan nan nan nan nan nan nan 1.4084625038217406523 1.3721756448830797481 1.2390222129471728518 1.2113981888403333453 1.2014656093977729157 1.1941687793131023909 1.1829997197182930968 1.1753375648243027385 1.1769353108471307667 1.16572246628243259 1.1466077859697072494 1.1288576212237524388 1.1314069934779751314 1.1696479331148994518 1.2567274828864274383 nan nan nan nan nan nan nan nan nan nan nan nan nan nan nan nan nan nan nan nan nan nan nan nan nan nan nan nan nan nan nan nan nan nan nan nan nan nan nan
nan nan nan nan nan nan nan nan 1.4466772629679791606 1.4122442678922213499 1.3122473528240454765 1.2226451446420667502 1.2165289678804789286 1.2111406822875128153 1.2037666105127733385 1.1928018647017144538 1.1817171379952058352 1.1728536571358916252 1.160595325416125867 1.1519403106936580983 1.1396591932091222343 1.1311956430014185049 1.1569910620670653678 1.2039792195402121422 nan nan nan nan nan nan nan nan nan nan nan nan nan nan nan nan nan nan nan nan nan nan nan nan nan nan nan nan nan nan nan nan nan nan nan nan nan nan
1.1727257546773079966 1.1847297238717051648 1.1887061287490721107 1.2144250950314161575 1.387326511346968827 nan nan 1.2451316378144685615 1.2380856572841012486 1.326952181753363158 1.3585480789711801286 1.3151604980412581192 1.3068049223400637349 1.3049634742981728319 1.209428029002625582 1.183775188602143924 1.1769935679738297019 1.1756770082251806198 1.1714270087252922625 1.1648123334216726743 1.1549694733715178963 1.1382065506087841733 1.1342693380726467378 1.1785812749520796494 1.2041182935828107503 nan nan nan nan nan nan nan nan nan nan nan nan nan nan nan nan nan nan nan nan nan nan nan nan nan nan nan nan nan nan nan nan nan nan nan nan nan
1.0799811243567494223 1.1075373440712414919 1.1370946379521540415 1.1578692149908160758 1.1916979038288766368 1.2297854487180315264 1.2374394613366002105 1.2011564522897151264 1.17509155745775562 1.1934494378722320107 1.317990493848307354 1.3390489689929088168 1.2575199184526142382 1.223386397882993526 1.2057124203127720374 1.1846241720478463133 1.1690639421562085687 1.1718504211180014174 1.1723922776459172468 1.1644038804274754462 1.1578227649077283967 1.1499340690231387718 1.141343617309195313 1.1751649673118729211 1.1902001914228368395 1.2041768487870165849 nan nan nan nan nan nan nan nan nan nan nan nan nan nan nan nan nan nan nan nan nan nan nan nan nan nan nan nan nan nan nan nan nan nan nan nan
1.1001500697003716578 1.118146059046823515 1.1280000375383960609 1.1235895667155781918 1.1353568406799794399 1.1703600894348833439 1.2078604912561663465 1.1764611891833349766 1.1539083663271541003 1.1694934449381702013 1.2547881874347217579 1.3560852026626484257 1.2975039315490299874 1.2306187344479067036 1.2069299050151067743 1.1927469773522199059 1.1803292389685693387 1.1727010577896181953 1.1668894299275900384 1.1590715378297853366 1.1549906312042603762 1.1487643424347779852 1.1359901389167441632 1.1621652149418728595 1.166891994393727261 1.1847370648021970929 1.1969897440940515665 nan nan nan nan nan nan nan nan nan nan nan nan nan nan nan nan nan nan nan nan nan nan nan nan nan nan nan nan nan nan nan nan nan nan nan
1.088036602751414339 1.0875190592980013005 1.0760406991574322788 1.0763472901261363912 1.0927886321859137109 1.1414226607285795634 1.1922359146023349119 1.1634217892614144851 1.1262254628833965331 1.1340232428464489534 1.1787246917853013706 1.2297727981659312135 1.3815987621752878756 1.3497966974322848088 1.2143110070991116611 1.197246468967558819 1.1873360682925320209 1.1775356884824099701 1.1690438579658219975 1.1621031495752534024 1.1573855991285162403 1.1429797080409875853 1.1025263054899612225 1.0892981239909680369 1.0690919336938995432 1.1276315049647072097 1.1886135156098722732 nan nan nan nan nan nan nan nan nan nan nan nan nan nan nan nan nan nan nan nan nan nan nan nan nan nan nan nan nan nan nan nan nan nan nan
1.0606573926157636389 1.0514124103477562322 1.0731393918563245649 1.0914572801173516581 1.0997197300800327646 1.1174725330101085152 1.1314854664019360353 1.1327991520948972326 1.1038286199008116029 1.1090208169653881232 1.1302218376699761926 1.1453499441247871893 1.1991310693026524525 1.3743926818410572288 1.354385961857527354 1.243287876627356292 1.1991003486135167755 1.1794980000533843434 1.1700757424448318123 1.1567104661346827577 1.1479210523986840276 1.1313972225779840297 1.1043230403962183139 1.072917229758222124 1.0314582600732071782 1.0561329403597425891 1.1365823102611065654 nan nan nan nan nan nan nan nan nan nan nan nan nan nan nan nan nan nan nan nan nan nan nan nan nan nan nan nan nan nan nan nan nan nan nan
1.0628985340860976905 1.0623994231736655358 1.076244544353738064 1.0910415779834472527 1.0495264320790949064 1.0381694845106148595 1.06021570373708518 1.0642577511529431877 1.0776474845258137147 1.0981896376454289843 1.1067194353802902729 1.1074316380246880254 1.1290962785754690145 1.1852828453444559376 1.3302632785574795005 1.3541437524010595528 1.2956907519013147745 1.1981866786475736664 1.165409451169523658 1.1450630304121391934 1.1272096033689118499 1.1171990426882532077 1.1109671867620025676 1.1079371447201700196 1.0763496230507676454 1.060128229513523479 1.138174881824368434 nan nan nan nan nan nan nan nan nan nan nan nan nan nan nan nan nan nan nan nan nan nan nan nan nan nan nan nan nan nan nan nan nan nan nan
1.0669615745093268266 1.0599689887108849629 1.0466744518278967568 1.0462227816540448089 1.0126798252256803412 0.98943909384500794424 0.99524801776700699829 1.028481546272578484 1.0523294402500085187 1.0661041888559816826 1.0775849155276795432 1.0884601006751066787 1.1007814875794981191 1.1215504009021881604 1.1519095630741360559 1.17707635535471411 1.2297664489881716676 1.2346084154476544281 1.1861114334952869154 1.143309532459826583 1.1110615296379999783 1.0942417306616865069 1.0908457661822199558 1.0980286153921579029 1.0887645240584746809 1.0377783173177337339 1.0588835643447556123 1.1552180086496937061 nan nan nan nan nan nan nan nan nan nan nan nan nan nan nan nan nan nan nan nan nan nan nan nan nan nan nan nan nan nan nan nan nan nan
1.0676028646766755337 1.0592004887592738616 1.054002414792113651 1.0623598772220506081 1.0373566063911237034 1.0136673675143428319 1.0194441213882488029 1.0269679074089703708 1.0277397363827083243 1.0355130156746727987 1.0520206373834886104 1.0626096022730779911 1.0752664815081891536 1.1076517639842160534 1.1316342201460860561 1.1146027876989641481 1.1524137598224086787 1.2058632195336915771 1.171226699720892217 1.1383958685482886697 1.0987225559590372281 1.0840094734075160776 1.0589239425806746819 1.0251179422100269445 1.0414517966314882358 1.034977465573815758 1.0210290034134030801 1.0692547626027937291 1.1473922434488015298 nan nan nan nan nan nan nan nan nan nan nan nan nan nan nan nan nan nan nan nan nan nan nan nan nan nan nan nan nan nan nan nan nan
1.0682274577041108721 1.0570658879242222916 1.0421125986802777241 1.0389562832724428265 1.0252993537874424135 1.0168905092178026628 1.0206083823445277758 1.0212383839695227117 1.0181119360431793996 1.0126501296976557764 1.0318301028331680058 1.0350997688003547026 1.041640167910162118 1.0713802457715304595 1.1077288529125035588 1.1006338002116540231 1.1022269971509708331 1.1539902726106501252 1.1715000395510146713 1.1259206691117591426 1.0868599517697914436 1.0795726982626350221 1.0505218836381213787 0.99716731376325717928 0.98661047266892432095 1.024457052827743242 1.0211118619551062814 1.0276323032073146901 1.1025711212442748099 nan nan nan nan nan nan nan nan nan nan nan nan nan nan nan nan nan nan nan nan nan nan nan nan nan nan nan nan nan nan nan nan nan
1.0636279089771678574 1.0561518569067087636 1.0450109819066171202 1.0366108935367954746 1.0267554810955970002 1.0197121194415013079 1.0166474069906634714 1.0223610340341620084 1.0214216056878153704 1.0040009500672444354 1.0026676164778325351 1.0113183400824208302 1.0118199659864672846 1.0382699115613165386 1.0871589192666402113 1.0992938909244096557 1.0908830804456939312 1.0920651085423422888 1.1133889725198011789 1.1289436477860930186 1.0356150085938045091 1.0382234577240343487 1.0413281917392787079 1.0135442526644897754 0.98908551181396375807 0.99852182773491582335 1.0225434673580147127 1.0411895691023320687 1.0664953741696097111 1.1401583486052613292 nan nan nan nan nan nan nan nan nan nan nan nan nan nan nan nan nan nan nan nan nan nan nan nan nan nan nan nan nan nan nan nan
1.0670162461272261201 1.0591672690359230646 1.0478900358336926679 1.0409820491163925826 1.0311241094706284915 1.0129633472342234324 1.0127180450939525791 1.0176721467789708875 1.0237045393560668671 1.0170477195228269096 0.99200359749364974693 0.9833221107432581487 0.98641428800803587773 1.0257175892253289629 1.0890836193573807389 1.0970029553109141851 1.0742077783749295339 1.0714586875987259784 1.0621655349383456457 1.0539970799562918824 1.0204695746131813294 1.0038491963888620528 1.0157206953805326677 1.0171520135528733242 1.0118983285057339128 1.0121545661781004011 1.0347702403758325396 1.0588839248056924891 1.0870416505384310479 1.1469140233401873274 nan nan nan nan nan nan nan nan nan nan nan nan nan nan nan nan nan nan nan nan nan nan nan nan nan nan nan nan nan nan nan nan
1.0797814262676237451 1.0722781992902756798 1.0559309225737827376 1.033970214043943292 1.0209730908637775215 1.0059340297317671542 1.00647867233447319 1.0090749073963896087 1.0045140424414902292 1.0019648620986092435 0.9971893070272868087 0.97919147786042659565 0.9803347603651954012 1.0169319359745547793 1.0797205309383026695 1.1302281530808684362 1.0983625212250820447 1.0732704188382535815 1.0632778608693929101 1.0491815142431182295 1.027167278180700194 1.0066441774076233528 1.0020600997297992585 1.00410501168223254 1.0203128884832690648 1.0259396752971996492 1.0444315253916611752 1.0679937205802605416 1.1068882251128817629 nan nan nan nan nan nan nan nan nan nan nan nan nan nan nan nan nan nan nan nan nan nan nan nan nan nan nan nan nan nan nan nan nan
1.1023618588342780633 1.0965029323076351808 1.0681792861770134095 1.0317493053277055903 1.0131089580561356556 1.0034673740902477768 1.0009828480752558377 1.0054494468688670583 0.99238291976570847108 0.98514839734771597612 1.0000885676721906759 0.99443524407876615623 0.97999767121069081277 1.003569615942945914 1.065352239537579182 1.1272810062188272084 1.0904299596463566946 1.0521669815434224748 1.0370930929318886715 1.0358760837099774132 1.030595445196543114 1.0108985087946698034 0.99225980849275441376 0.9862436923678896683 1.0006212949330934858 1.0190703334150945647 1.0557579355507247243 1.0744678578173154637 1.0978339412789765994 nan nan nan nan nan nan nan nan nan nan nan nan nan nan nan nan nan nan nan nan nan nan nan nan nan nan nan nan nan nan nan nan nan
1.1110781889485732421 1.0994479232007392522 1.0822641007261391 1.0608383094793165657 1.0248757421971959047 1.0006116374878351039 0.98560427371601089241 0.99451052972700670907 0.99676438960306268378 0.97595343023071745581 0.98085741179357810449 0.98992791400429547277 0.98011909252975848439 0.98939145581915899363 1.0341961435408668635 1.1206245470330131742 1.126307019281179933 1.0873090136654699478 1.0488911757922450008 1.025881430206687206 1.0062702382205621632 0.98310510564953723645 0.9770751976872731337 0.97175917825657065485 0.98426405030839891896 1.009877002441167182 1.0402579592925655927 1.0511193275926296042 1.0779069721631910905 nan nan nan nan nan nan nan nan nan nan nan nan nan nan nan nan nan nan nan nan nan nan nan nan nan nan nan nan nan nan nan nan nan
1.0433673119866693213 1.039141603024821725 1.0431474846103165888 1.0463879534423177198 1.044568318266258844 1.0177330039957737107 0.99555348917329478109 0.98260574252485177738 0.99513348292999104228 0.98059206227669992728 0.96885160567357064831 0.97765631358166682485 0.99844579804577893167 0.98893586500366525982 0.99166639909153431187 1.0541287903934988268 1.1133110355442312756 1.0788831280627606546 1.0346828706764890082 1.0265896490389627704 1.0097220526729384638 0.98262243811417659956 0.97322235791223488111 0.97468391646205654322 0.99246876712505471829 1.017547249266580689 1.030336324060930453 1.0339737438757632404 nan nan nan nan nan nan nan nan nan nan nan nan nan nan nan nan nan nan nan nan nan nan nan nan nan nan nan nan nan nan nan nan nan nan
1.088424494255319841 1.063570145420178692 1.0503323584250487954 1.0460429366020065345 1.037288712550295422 1.0341251586341062563 1.0069380500603875017 0.99189945261119316644 0.99763629770791328877 0.994820175398375528 0.97108398100185266966 0.96975085607959543577 0.98693892552812412244 0.97936790045460231369 0.98099720213839869398 0.992583495238226865 1.0592024072658818845 1.0509500230574166935 1.0266955833183464275 1.0201551507441402045 1.00344674624576502 0.97558265147665046424 0.9712655797501664745 0.98115484561364374461 0.99531395493247554196 0.99845468322106956105 1.0189796040343426231 1.0366816775013429908 nan nan nan nan nan nan nan nan nan nan nan nan nan nan nan nan nan nan nan nan nan nan nan nan nan nan nan nan nan nan nan nan nan nan
1.0727690988498275182 1.0826832484878416984 1.0815529503864427241 1.0727136073097820468 1.0423765481444502434 1.0136787899050030415 1.0057655157241502941 0.98406958891891782581 0.96067537190535967628 0.96555013771190212335 0.97062277223371395962 0.96571277835312607785 0.97554868956146811865 0.97222010880445319803 0.98114023658951232676 0.98563857466015880604 1.0182830039407639866 1.0430340781138101036 1.0338172142553871957 1.0241527023467347224 1.0040531952878362087 0.97847535115134531836 0.97197125011016294316 0.97655305714158235908 0.97861472881910005484 0.97415657926505450082 0.99967309325483422189 1.0205293312955119323 nan nan nan nan nan nan nan nan nan nan nan nan nan nan nan nan nan nan nan nan nan nan nan nan nan nan nan nan nan nan nan nan nan nan
1.0283944429093963002 1.0312143580801840237 1.0361641385054312092 1.0409655673325566294 1.0340797112573816285 0.98950044465426811868 0.9538192383763973714 0.96059437918809997825 0.94710380919009717893 0.95254875991079746012 0.95896170047537543368 0.96204025415926586184 0.96911982155699105679 0.96877902804495175104 0.97495206627998898252 0.98493744738008948136 0.99346999313157347 1.0231974597925495019 1.0277805110503062114 1.0223775340361977992 1.0086742464355729076 0.98459269248052039281 0.96694872766485018278 0.95968104886693772482 0.96773191846128137072 0.9658106554437032587 0.98409502577757856923 1.0187249046370678851 1.0241700002856162222 nan nan nan nan nan nan nan nan nan nan nan nan nan nan nan nan nan nan nan nan nan nan nan nan nan nan nan nan nan nan nan nan nan
1.017534272122786021 1.0100689006616587751 1.0179936524290238431 1.0156643973279881887 1.0111470686859245216 0.99822002509619589539 0.96606110425184466006 0.94348865134116921549 0.94046920120448740388 0.94371726886396944955 0.94707478349053397793 0.95150626631167289915 0.95392961942873100156 0.95395280696712392299 0.95495475126031381663 0.97960539367179055859 0.99351262377904270284 1.0006744663297129083 1.0125450660294026406 1.0157297173539960866 1.009024747507034192 0.98549149064569896428 0.96621179838270587759 0.95656566882836424615 0.96123992788783996222 0.95785836742642305186 0.96954254684072915804 0.99911328421862799498 1.0030370437005622364 1.0009959067679123912 nan nan nan nan nan nan nan nan nan nan nan nan nan nan nan nan nan nan nan nan nan nan nan nan nan nan nan nan nan nan nan nan
