results/rofental/snowdepth_dates_2020-04-11T1200.asc
ncols        322
nrows        225
xllcorner    622802.488000000012
yllcorner    5178049.378999999724
cellsize     100.000000000000
[rows 168 to 195 of 225, columns 62 to 123 of 322]
nan nan nan nan nan nan nan nan nan nan nan nan nan nan nan nan nan nan nan nan nan nan nan nan nan nan nan nan nan 1.5832963969821793881 1.4719895379449932094 1.4023424837478850602 1.3972358660583961143 1.4993024469993292414 1.5482501579633896061 1.4630781891524891059 1.194604758913205611 1.1789588110993389769 1.1856678926310850741 1.2105279703236195843 1.0854414426221257184 1.0197181417891729716 1.0282563501450165955 1.0464099447566526102 1.0271839184819238078 0.97115868795729753948 0.97141883026221731434 1.0018755166321544614 0.97351847694924287246 0.90448749339223000199 0.87402770370532945066 0.86702216033832812947 0.88389087636947927251 0.90190575010401108358 0.89444343384587077228 0.87394041846764203285 0.85261011066147185389 0.84530315073761297384 0.83586017694760639252 0.90127811981053873591 0.97327302277142568876 1.0275785012432201437
nan nan nan nan nan nan nan nan nan nan nan nan nan nan nan nan nan nan nan nan nan nan nan nan nan nan nan nan nan 1.6487465901768876275 1.496356498571777438 1.2784476150659636051 1.3093376477733011942 1.372217707702565459 1.4411090503903174476 1.4996574737274313005 1.4265191600402875594 1.2247006232780208723 1.0981725001902895578 1.1525542952614820091 1.1851787105754096885 1.1362959506835879075 1.0219318384374649344 0.99921442927162162917 1.05607091645098361 1.0215079552681058939 0.97245176974851221807 0.95501061899338446359 0.93790596031894168938 0.91422915658656145332 0.91073751408198855284 0.91505854099055616846 0.91575285933684402728 0.90871958354613324715 0.8918866406727785634 0.8842401318702257651 0.88250624950697797999 0.92282626724865990386 1.0267021928735755587 1.1139836855370628399 1.1351436933804552876 1.1170755757863597424
nan nan nan nan nan nan nan nan nan nan nan nan nan nan nan nan nan nan nan nan nan nan nan nan nan nan nan nan 1.2647420722623141653 1.4582153914507671733 1.3339714563988347429 1.2368792255520066892 1.250432740331743231 1.3200944637760168021 1.3875864065443934692 1.4327138682051614449 1.4493966518198952986 1.3676449284221401381 1.1459780874858171984 1.0919726138340095645 1.1857531407715442562 1.1842619900721114146 1.0463783436588125486 0.95930123523483801229 1.0354747575688167949 1.0785861396389395672 1.0596909457987027103 1.0108614693552162578 0.98196449625762571856 0.95536942485850473439 0.93240560051383669649 0.91667453092727935182 0.8957944254318441768 0.88562088197888644281 0.8827189184855677162 0.92163033664988480709 1.017445797451145717 1.1184848347471487706 1.1720834315610715315 1.1856953477645515438 1.2047647181932499283 1.2015992515782480954
nan nan nan nan nan nan nan nan nan nan nan nan nan nan nan nan nan nan nan nan nan nan nan nan nan nan nan nan 1.3472647316595147693 1.3013596841022478934 1.3458343040622846587 1.3419192710640017729 1.2873572297944695375 1.3029781267469524586 1.353125561412826583 1.4337459000253320873 1.4819785554621338619 1.4636831849342570866 1.3059723281473361034 1.2146538109844795539 1.2037366086008278732 1.2075062149515654042 1.0791049199164570727 1.0070409338014747469 1.0509771216578049913 1.1087807454449294386 1.12610728697302509 1.0952113519308515066 1.0670566903654683522 1.0455198329536763424 1.0165816464641130867 0.98468053667937005535 0.93316446685244425208 0.97966882874036476103 1.0863434724004608078 1.1509121198667173758 1.1844133380795907051 1.2137431326194891845 1.2211341225113683251 1.24308497239830551 1.2545087581165363932 1.2695090329254046235
nan nan nan nan nan nan nan nan nan nan nan nan nan nan nan nan nan nan nan nan nan nan nan nan nan nan nan nan nan 1.5499644037801059149 1.3908148876158699103 1.4181302040175169932 1.3947050846591999562 1.3485493359843516714 1.3168114632652272444 1.3550924318132115953 1.4124211298513256185 1.4464485268349496216 1.4157127164337144354 1.3419641613727439911 1.2522796579270223383 1.2899473453385756905 1.231753371663300678 1.11907136962402598 1.0888206909218678398 1.1053225950609426587 1.0994060341900131483 1.042699688781364431 1.0375255218830468085 1.0678563654711656916 1.1062957137001734331 1.1901409004500296263 1.2532968378579043556 1.2933037161282232574 1.2991810808171759817 1.3015963349410135663 1.2949989689055469988 1.3114185926893382472 1.2892951690390614949 1.2747737116718196315 1.2545427526566079734 1.3424461639878209063
nan nan nan nan nan nan nan nan nan nan nan nan nan nan nan nan nan nan nan nan nan nan nan nan nan nan nan nan nan nan 1.5815458242464728311 1.4828029402008313653 1.4494801454213797065 1.4161522362908880446 1.3697387125998083945 1.310636154875661763 1.3261657285639025794 1.2699601571863141647 1.2938139385627343003 1.2370061769894280523 1.169906274554822545 1.2257716826785320929 1.1936956823970141794 1.1323229325356611863 1.1051890031931428382 1.1099340960945367485 1.1095810841583078066 1.1007058069566497682 1.1665952769078680173 1.2247458196255305296 1.2741117862939370653 1.336701734615681314 1.3179588807754900603 1.2796949145330067665 1.3025276051536569533 1.335561516826100803 1.3333068127145897286 1.336814781534052532 1.329333112458800592 1.3695111017973042866 1.3482213705683494531 1.1540076237851768504
nan nan nan nan nan nan nan nan nan nan nan nan nan nan nan nan nan nan nan nan nan nan nan nan nan nan nan nan nan nan nan 1.6471634351697566068 1.5804728460203476548 1.5225635290213124229 1.4863480580366861261 1.4279493013922031075 1.334969182125565812 1.2460261796235758691 1.2546386620587828276 1.2599081129836759985 1.2857988632565875431 1.3329551715190102179 1.3567848913239091146 1.3393748324119876258 1.3353614093316097389 1.3058390837542077634 1.3377737001093623626 1.3572704719277925989 1.3521047983412364246 1.3365746952425738847 1.2996688439869368281 1.2737138186768945936 1.285587877236401777 1.3221705810415840254 1.3622310989653321212 1.3765157381012000926 1.3955817884702796938 1.4176997429251656513 1.4230964935021512829 nan nan nan
nan nan nan nan nan nan nan nan nan nan nan nan nan nan nan nan nan nan nan nan nan nan nan nan nan nan nan nan nan nan nan nan nan nan nan nan 1.4005804032160353856 1.3239554178239201221 1.3428571636884858442 1.3875981763248299572 1.433831579906266418 1.4656891135347549504 1.5073252906519909455 1.5277035438769086539 1.4905105620272274258 1.4274895173993180642 1.3835771593359402765 1.3240593717180408895 1.2695612534889026968 1.2738363449501837188 1.247467457457952289 1.2832329651060767617 1.3499281016155331159 1.4071521225825058821 nan nan nan nan nan nan nan nan
nan nan nan nan nan nan nan nan nan nan nan nan nan nan nan nan nan nan nan nan nan nan nan nan nan nan nan nan nan nan nan nan nan nan nan nan nan nan nan nan nan nan nan nan nan nan nan 1.2050336371273107083 1.2344195958048138628 1.2668630188988516672 1.2898182567842195745 1.3472143422462519169 1.389027178640739324 1.2816572846645883921 nan nan nan nan nan nan nan nan
nan nan nan nan nan nan nan nan nan nan nan nan nan nan nan nan nan nan nan nan nan nan nan nan nan nan nan nan nan nan nan nan nan nan nan nan nan nan nan nan nan nan nan nan nan nan nan nan 1.2509113484017821971 1.3320248930516942476 1.2952480469414766606 1.2841082228747622285 nan nan nan nan nan nan nan nan nan nan
nan nan nan nan nan nan nan nan nan nan nan nan nan nan nan nan nan nan nan nan nan nan nan nan nan nan nan nan nan nan nan nan nan nan nan nan nan nan nan nan nan nan nan nan nan nan nan nan nan nan nan nan nan nan nan nan nan nan nan nan nan nan
nan nan nan nan nan nan nan nan nan nan nan nan nan nan nan nan nan nan nan nan nan nan nan nan nan nan nan nan nan nan nan nan nan nan nan nan nan nan nan nan nan nan nan nan nan nan nan nan nan nan nan nan nan nan nan nan nan nan nan nan nan nan
nan nan nan nan nan nan nan nan nan nan nan nan nan nan nan nan nan nan nan nan nan nan nan nan nan nan nan nan nan nan nan nan nan nan nan nan nan nan nan nan nan nan nan nan nan nan nan nan nan nan nan nan nan nan nan nan nan nan nan nan nan nan
nan nan nan nan nan nan nan nan nan nan nan nan nan nan nan nan nan nan nan nan nan nan nan nan nan nan nan nan nan nan nan nan nan nan nan nan nan nan nan nan nan nan nan nan nan nan nan nan nan nan nan nan nan nan nan nan nan nan nan nan nan nan
nan nan nan nan nan nan nan nan nan nan nan nan nan nan nan nan nan nan nan nan nan nan nan nan nan nan nan nan nan nan nan nan nan nan nan nan nan nan nan nan nan nan nan nan nan nan nan nan nan nan nan nan nan nan nan nan nan nan nan nan nan nan
nan nan nan nan nan nan nan nan nan nan nan nan nan nan nan nan nan nan nan nan nan nan nan nan nan nan nan nan nan nan nan nan nan nan nan nan nan nan nan nan nan nan nan nan nan nan nan nan nan nan nan nan nan nan nan nan nan nan nan nan nan nan
nan nan nan nan nan nan nan nan nan nan nan nan nan nan nan nan nan nan nan nan nan nan nan nan nan nan nan nan nan nan nan nan nan nan nan nan nan nan nan nan nan nan nan nan nan nan nan nan nan nan nan nan nan nan nan nan nan nan nan nan nan nan
nan nan nan nan nan nan nan nan nan nan nan nan nan nan nan nan nan nan nan nan nan nan nan nan nan nan nan nan nan nan nan nan nan nan nan nan nan nan nan nan nan nan nan nan nan nan nan nan nan nan nan nan nan nan nan nan nan nan nan nan nan nan
nan nan nan nan nan nan nan nan nan nan nan nan nan nan nan nan nan nan nan nan nan nan nan nan nan nan nan nan nan nan nan nan nan nan nan nan nan nan nan nan nan nan nan nan nan nan nan nan nan nan nan nan nan nan nan nan nan nan nan nan nan nan
nan nan nan nan nan nan nan nan nan nan nan nan nan nan nan nan nan nan nan nan nan nan nan nan nan nan nan nan nan nan nan nan nan nan nan nan nan nan nan nan nan nan nan nan nan nan nan nan nan nan nan nan nan nan nan nan nan nan nan nan nan nan
nan nan nan nan nan nan nan nan nan nan nan nan nan nan nan nan nan nan nan nan nan nan nan nan nan nan nan nan nan nan nan nan nan nan nan nan nan nan nan nan nan nan nan nan nan nan nan nan nan nan nan nan nan nan nan nan nan nan nan nan nan nan
nan nan nan nan nan nan nan nan nan nan nan nan nan nan nan nan nan nan nan nan nan nan nan nan nan nan nan nan nan nan nan nan nan nan nan nan nan nan nan nan nan nan nan nan nan nan nan nan nan nan nan nan nan nan nan nan nan nan nan nan nan nan
nan nan nan nan nan nan nan nan nan nan nan nan nan nan nan nan nan nan nan nan nan nan nan nan nan nan nan nan nan nan nan nan nan nan nan nan nan nan nan nan nan nan nan nan nan nan nan nan nan nan nan nan nan nan nan nan nan nan nan nan nan nan
nan nan nan nan nan nan nan nan nan nan nan nan nan nan nan nan nan nan nan nan nan nan nan nan nan nan nan nan nan nan nan nan nan nan nan nan nan nan nan nan nan nan nan nan nan nan nan nan nan nan nan nan nan nan nan nan nan nan nan nan nan nan
nan nan nan nan nan nan nan nan nan nan nan nan nan nan nan nan nan nan nan nan nan nan nan nan nan nan nan nan nan nan nan nan nan nan nan nan nan nan nan nan nan nan nan nan nan nan nan nan nan nan nan nan nan nan nan nan nan nan nan nan nan nan
nan nan nan nan nan nan nan nan nan nan nan nan nan nan nan nan nan nan nan nan nan nan nan nan nan nan nan nan nan nan nan nan nan nan nan nan nan nan nan nan nan nan nan nan nan nan nan nan nan nan nan nan nan nan nan nan nan nan nan nan nan nan
nan nan nan nan nan nan nan nan nan nan nan nan nan nan nan nan nan nan nan nan nan nan nan nan nan nan nan nan nan nan nan nan nan nan nan nan nan nan nan nan nan nan nan nan nan nan nan nan nan nan nan nan nan nan nan nan nan nan nan nan nan nan
nan nan nan nan nan nan nan nan nan nan nan nan nan nan nan nan nan nan nan nan nan nan nan nan nan nan nan nan nan nan nan nan nan nan nan nan nan nan nan nan nan nan nan nan nan nan nan nan nan nan nan nan nan nan nan nan nan nan nan nan nan nan
