results/rofental/snowdepth_month_2020-08-01T0000_2020-08-31T2300.asc
ncols        322
nrows        225
xllcorner    622802.488000000012
yllcorner    5178049.378999999724
cellsize     100.000000000000
[rows 168 to 195 of 225, columns 62 to 123 of 322]
nan nan nan nan nan nan nan nan nan nan nan nan nan nan nan nan nan nan nan nan nan nan nan nan nan nan nan nan nan 1.8155897122442405944 1.1730830148429225446 0.77483226529028947915 0.77564009972418923589 1.0976975281602685541 1.2545112431853782109 0.935257254418130346 0.12829587213379059496 0.12598693381751804865 0.12695410961585365528 0.11941427129819756625 0.10810561487026840166 0.10447798111068321014 0.10127671894684686649 0.099880586312374355917 0.094566943897894675808 0.07944550237160398487 0.072897007682344444612 0.07007577818854160423 0.066494470008124528793 0.063230693869563647791 0.0614913749986244762 0.059578678666559518884 0.05774337666338178604 0.055964425839347541058 0.053959099607009376742 0.05144992396167814841 0.048002973408406250655 0.046407659762718468655 0.044813546999678550986 0.04345201646215685054 0.044055252794084093226 0.046619376253060791637
nan nan nan nan nan nan nan nan nan nan nan nan nan nan nan nan nan nan nan nan nan nan nan nan nan nan nan nan nan 2.060442380490600911 1.3587046729821028457 0.53412307486748045182 0.5301607004870705353 0.66691272519354283244 0.88743525104796183722 1.1241050929186797713 0.51584619989548352592 0.12372905688877146313 0.12301314058278557673 0.11878712013822256832 0.11450310627386439677 0.11165546999359751701 0.10144300974735080689 0.096307647836447407563 0.094170293368729521277 0.080956757298319081961 0.073587132754751927166 0.070247347368671747558 0.066580571358371573587 0.063538815343598148422 0.061953546957205903045 0.060944213458525901828 0.059179550807845905658 0.057454546857307081664 0.055490182513061730996 0.052661654922860581807 0.048987037206807255985 0.048157553616147701081 0.048113160778741073664 0.050175727075069190275 0.054364749156341395098 0.057014234968840955819
nan nan nan nan nan nan nan nan nan nan nan nan nan nan nan nan nan nan nan nan nan nan nan nan nan nan nan nan 1.0042299554785054649 1.5745139291597423092 0.90102841574588665718 0.21253285454362844109 0.19086425004204848888 0.47149324243093526654 0.71008549020336808599 0.81055903989472777305 0.72604802870329587794 0.13865706629143051409 0.12326238605368376733 0.11483338513144028536 0.11956547853819064764 0.11823611997507009475 0.10196750138809088093 0.091427232998823423915 0.091601965205625315858 0.084092218094351800506 0.079116149086945128377 0.072728744299113551319 0.068079587585901477076 0.064762993386575262722 0.062904851754766580307 0.061747349920699044767 0.059588676302895680903 0.057827589783944526036 0.055479468129426071088 0.053136334150660963216 0.05390092983664850762 0.055934830336190712041 0.059055360314929021548 0.062279045648134356838 0.066376766156196753688 0.079873291054221196017
nan nan nan nan nan nan nan nan nan nan nan nan nan nan nan nan nan nan nan nan nan nan nan nan nan nan nan nan 1.1701949591255869088 0.88815920106545676038 0.63204656845494278095 0.47058690261704871904 0.18585058027000755931 0.32221167203394263101 0.55797328673123247622 0.73755016562438935335 0.90402148256028236339 0.72447055365893164858 0.13485158320139820076 0.12035960966674995321 0.12534045434616949977 0.12350944846701940316 0.1012935891422077489 0.085530017213530193376 0.091936610110267463769 0.092288803981625811002 0.089193775845537379143 0.07901791023719138829 0.072599725726609873333 0.069117581614666939727 0.06610701890465522923 0.063802523737799987646 0.059998933507405212417 0.058273186357998045526 0.059247121845757741432 0.059939628985693105268 0.061531471801192283433 0.067516767993232820744 0.074819739713648150681 0.082883526399816401242 0.094136889856554828437 0.12120013729775605538
nan nan nan nan nan nan nan nan nan nan nan nan nan nan nan nan nan nan nan nan nan nan nan nan nan nan nan nan nan 1.4582830898799867825 0.56563391870919954574 0.58273459200167510019 0.51597779075919514291 0.41444874476812276765 0.36248389188339874556 0.39434762083212093753 0.64816207634131994819 0.66784046858308965255 0.63710906127069022453 0.14122842071230726213 0.13430646570272936069 0.13012991821570596418 0.11240196257236477473 0.09652788036323479981 0.095767715655613677717 0.097005066922015117936 0.094924861831610710117 0.080852004806683988591 0.075639563783209115555 0.073026850732135578648 0.071251265985302084105 0.070821162522051200883 0.070193101907233435011 0.074490681566405786418 0.078756250972711661085 0.082151837816950984417 0.087465673062012000427 0.10035357129954769473 0.1043884602353916391 0.11007676045348022131 0.11821917240227548807 0.54386890824776490394
nan nan nan nan nan nan nan nan nan nan nan nan nan nan nan nan nan nan nan nan nan nan nan nan nan nan nan nan nan nan 1.4625418179370759386 0.6839731213112670849 0.63443432018875545175 0.62175520938455786091 0.4818552388781052187 0.17551119217851290921 0.34370290020491506278 0.16160944224055470708 0.22473337003894097719 0.14486230756330084612 0.13555775965114572057 0.13158242017346688524 0.11544225783525684237 0.09773631537491765664 0.095733424570277933507 0.099246363263020304091 0.097922050439483335205 0.081742190444990689424 0.082322202372171374152 0.088068536516411319304 0.090129147964975994678 0.099572067221688181915 0.10183712841870323773 0.097554421686275871739 0.10204210636005583979 0.11130965962580507966 0.11862224647188533699 0.12645251105448540585 0.12883412714564870805 0.678261068996158345 0.77281482300359394255 0.18204334471763602976
nan nan nan nan nan nan nan nan nan nan nan nan nan nan nan nan nan nan nan nan nan nan nan nan nan nan nan nan nan nan nan 1.7213268740827591952 1.3791127388043340485 1.1212379366213041099 0.95181566744900003574 0.74784091242849548564 0.33495520062634376313 0.16177447770580916098 0.15536276206616253526 0.14559864314787138162 0.14076236614272250036 0.1392499285246509011 0.12753946886055486654 0.11264896417256844985 0.10986117297116866631 0.11433605090673271132 0.11373640975247928386 0.1111847760760100029 0.11338676762404768794 0.11389383310877941591 0.11436393054806827385 0.11808068040241392893 0.11504081253729006584 0.11610753338536397572 0.13198709955333728927 0.56021357228345103341 0.72613603351224020876 0.98205287633892213162 1.0671923775727993888 nan nan nan
nan nan nan nan nan nan nan nan nan nan nan nan nan nan nan nan nan nan nan nan nan nan nan nan nan nan nan nan nan nan nan nan nan nan nan nan 0.54933587405046857555 0.3565102468547474146 0.38721543793269930234 0.3025036615406424545 0.50884341178247305404 0.7191269220531725237 0.90360908750714730164 1.0900435753015542684 0.8767076995608303891 0.32836258191180150989 0.13958116886467444862 0.13366665417595888221 0.1274419765606571997 0.12885801624249992869 0.12790520514222927795 0.12845860442760970166 0.13175119012619576631 0.71692151432209649808 nan nan nan nan nan nan nan nan
nan nan nan nan nan nan nan nan nan nan nan nan nan nan nan nan nan nan nan nan nan nan nan nan nan nan nan nan nan nan nan nan nan nan nan nan nan nan nan nan nan nan nan nan nan nan nan 0.138052158377289097 0.13596555294739526287 0.13972267584589828648 0.13940060406047111163 0.38761888450583614762 0.77477470785629465322 0.57294670252672486033 nan nan nan nan nan nan nan nan
nan nan nan nan nan nan nan nan nan nan nan nan nan nan nan nan nan nan nan nan nan nan nan nan nan nan nan nan nan nan nan nan nan nan nan nan nan nan nan nan nan nan nan nan nan nan nan nan 0.14380691688343316681 0.34945408228759583524 0.16075616467488895722 0.37546145547467180137 nan nan nan nan nan nan nan nan nan nan
nan nan nan nan nan nan nan nan nan nan nan nan nan nan nan nan nan nan nan nan nan nan nan nan nan nan nan nan nan nan nan nan nan nan nan nan nan nan nan nan nan nan nan nan nan nan nan nan nan nan nan nan nan nan nan nan nan nan nan nan nan nan
nan nan nan nan nan nan nan nan nan nan nan nan nan nan nan nan nan nan nan nan nan nan nan nan nan nan nan nan nan nan nan nan nan nan nan nan nan nan nan nan nan nan nan nan nan nan nan nan nan nan nan nan nan nan nan nan nan nan nan nan nan nan
nan nan nan nan nan nan nan nan nan nan nan nan nan nan nan nan nan nan nan nan nan nan nan nan nan nan nan nan nan nan nan nan nan nan nan nan nan nan nan nan nan nan nan nan nan nan nan nan nan nan nan nan nan nan nan nan nan nan nan nan nan nan
nan nan nan nan nan nan nan nan nan nan nan nan nan nan nan nan nan nan nan nan nan nan nan nan nan nan nan nan nan nan nan nan nan nan nan nan nan nan nan nan nan nan nan nan nan nan nan nan nan nan nan nan nan nan nan nan nan nan nan nan nan nan
nan nan nan nan nan nan nan nan nan nan nan nan nan nan nan nan nan nan nan nan nan nan nan nan nan nan nan nan nan nan nan nan nan nan nan nan nan nan nan nan nan nan nan nan nan nan nan nan nan nan nan nan nan nan nan nan nan nan nan nan nan nan
nan nan nan nan nan nan nan nan nan nan nan nan nan nan nan nan nan nan nan nan nan nan nan nan nan nan nan nan nan nan nan nan nan nan nan nan nan nan nan nan nan nan nan nan nan nan nan nan nan nan nan nan nan nan nan nan nan nan nan nan nan nan
nan nan nan nan nan nan nan nan nan nan nan nan nan nan nan nan nan nan nan nan nan nan nan nan nan nan nan nan nan nan nan nan nan nan nan nan nan nan nan nan nan nan nan nan nan nan nan nan nan nan nan nan nan nan nan nan nan nan nan nan nan nan
nan nan nan nan nan nan nan nan nan nan nan nan nan nan nan nan nan nan nan nan nan nan nan nan nan nan nan nan nan nan nan nan nan nan nan nan nan nan nan nan nan nan nan nan nan nan nan nan nan nan nan nan nan nan nan nan nan nan nan nan nan nan
nan nan nan nan nan nan nan nan nan nan nan nan nan nan nan nan nan nan nan nan nan nan nan nan nan nan nan nan nan nan nan nan nan nan nan nan nan nan nan nan nan nan nan nan nan nan nan nan nan nan nan nan nan nan nan nan nan nan nan nan nan nan
nan nan nan nan nan nan nan nan nan nan nan nan nan nan nan nan nan nan nan nan nan nan nan nan nan nan nan nan nan nan nan nan nan nan nan nan nan nan nan nan nan nan nan nan nan nan nan nan nan nan nan nan nan nan nan nan nan nan nan nan nan nan
nan nan nan nan nan nan nan nan nan nan nan nan nan nan nan nan nan nan nan nan nan nan nan nan nan nan nan nan nan nan nan nan nan nan nan nan nan nan nan nan nan nan nan nan nan nan nan nan nan nan nan nan nan nan nan nan nan nan nan nan nan nan
nan nan nan nan nan nan nan nan nan nan nan nan nan nan nan nan nan nan nan nan nan nan nan nan nan nan nan nan nan nan nan nan nan nan nan nan nan nan nan nan nan nan nan nan nan nan nan nan nan nan nan nan nan nan nan nan nan nan nan nan nan nan
nan nan nan nan nan nan nan nan nan nan nan nan nan nan nan nan nan nan nan nan nan nan nan nan nan nan nan nan nan nan nan nan nan nan nan nan nan nan nan nan nan nan nan nan nan nan nan nan nan nan nan nan nan nan nan nan nan nan nan nan nan nan
nan nan nan nan nan nan nan nan nan nan nan nan nan nan nan nan nan nan nan nan nan nan nan nan nan nan nan nan nan nan nan nan nan nan nan nan nan nan nan nan nan nan nan nan nan nan nan nan nan nan nan nan nan nan nan nan nan nan nan nan nan nan
nan nan nan nan nan nan nan nan nan nan nan nan nan nan nan nan nan nan nan nan nan nan nan nan nan nan nan nan nan nan nan nan nan nan nan nan nan nan nan nan nan nan nan nan nan nan nan nan nan nan nan nan nan nan nan nan nan nan nan nan nan nan
nan nan nan nan nan nan nan nan nan nan nan nan nan nan nan nan nan nan nan nan nan nan nan nan nan nan nan nan nan nan nan nan nan nan nan nan nan nan nan nan nan nan nan nan nan nan nan nan nan nan nan nan nan nan nan nan nan nan nan nan nan nan
nan nan nan nan nan nan nan nan nan nan nan nan nan nan nan nan nan nan nan nan nan nan nan nan nan nan nan nan nan nan nan nan nan nan nan nan nan nan nan nan nan nan nan nan nan nan nan nan nan nan nan nan nan nan nan nan nan nan nan nan nan nan
nan nan nan nan nan nan nan nan nan nan nan nan nan nan nan nan nan nan nan nan nan nan nan nan nan nan nan nan nan nan nan nan nan nan nan nan nan nan nan nan nan nan nan nan nan nan nan nan nan nan nan nan nan nan nan nan nan nan nan nan nan nan
