results/rofental/snowdepth_month_2020-05-01T0000_2020-05-31T2300.asc
ncols        322
nrows        225
xllcorner    622802.488000000012
yllcorner    5178049.378999999724
cellsize     100.000000000000
[rows 54 to 80 of 225, columns 124 to 185 of 322]
nan nan nan nan nan nan nan nan nan nan nan nan nan nan nan nan nan nan nan nan nan nan nan nan nan nan nan nan nan nan nan nan nan nan nan nan nan nan nan nan nan nan nan nan nan nan nan nan nan nan nan nan nan nan nan nan nan nan nan nan nan nan
nan nan nan nan nan nan nan nan nan nan nan nan nan nan nan nan nan nan nan nan nan nan nan nan nan nan nan nan nan nan nan nan nan nan nan nan nan nan nan nan nan nan nan nan nan nan nan nan nan nan nan nan nan nan nan nan nan nan nan nan nan nan
nan nan nan nan nan nan nan nan nan nan nan nan nan nan nan nan nan nan nan nan nan nan nan nan nan nan nan nan nan nan nan nan nan nan nan nan nan nan nan nan nan nan nan nan nan nan nan nan nan nan nan nan nan nan nan nan nan nan nan nan nan nan
nan nan nan nan nan nan nan nan nan nan nan nan nan nan nan nan nan nan nan nan nan nan nan nan nan nan nan nan nan nan nan nan nan nan nan nan nan nan nan nan nan nan nan nan nan nan nan nan nan nan nan nan nan nan nan nan nan nan nan nan nan nan
nan nan nan nan nan nan nan nan nan nan nan nan nan nan nan nan nan nan nan nan nan nan nan nan nan nan nan nan nan nan nan nan nan nan nan nan nan nan nan nan nan nan nan nan nan nan nan nan nan nan nan nan nan nan nan nan nan nan nan nan nan nan
nan nan nan nan nan nan nan nan nan nan nan nan nan nan nan nan nan nan nan nan nan nan nan nan nan nan nan nan nan nan nan nan nan nan nan nan nan nan nan nan nan nan nan 1.4131793366448268667 1.2950690785229688196 1.4729335373409147003 nan nan nan nan nan nan nan nan nan nan nan nan nan nan nan nan
nan nan nan nan nan nan nan nan nan nan nan nan nan nan nan nan nan nan nan nan nan nan nan nan nan nan nan nan nan nan nan nan nan nan nan nan nan nan nan nan nan 1.1596030419639915543 1.1619942648357892701 1.0857847066036832029 1.0452811100829662028 0.97907558904299774039 1.4113591733578016996 1.7667487336869978076 nan nan nan nan nan nan nan nan nan nan nan nan nan nan
nan nan nan nan nan nan nan nan nan nan nan nan nan nan nan nan nan nan nan nan nan nan nan nan nan nan nan nan nan nan nan nan nan nan nan nan nan 1.3951186807057307515 1.3109432833145364672 1.2153731106536223017 1.0676116632763317238 1.0124259604423249126 1.1279770321809112765 1.158197383479990572 1.1452258054583523972 0.95197654187937730264 0.82504051519111920587 0.99181052176939032972 1.3034131042128123124 1.4976753628876311453 nan nan nan nan nan nan nan nan nan nan nan nan
nan nan nan nan nan nan nan nan nan nan nan nan nan nan nan nan nan nan nan nan nan nan nan nan nan nan nan nan nan nan nan nan nan nan nan nan 0.96613435926826496392 0.88297891532521588509 0.79087255815671564374 0.82342413181751605844 0.95315052794364318878 1.099042168170328404 1.1777996305710844993 1.2078255385462532967 1.1808648183623593475 1.111325433846221733 0.90638475885811553567 0.78580863440732673375 0.89734342498441399538 1.3895498237251993068 nan nan nan nan nan nan nan nan nan nan nan nan
nan nan nan nan nan nan nan nan nan nan nan nan nan nan nan nan nan nan nan nan nan nan nan nan nan 1.7770510825911984831 1.7963693254373445107 1.804515578750554905 nan nan nan nan nan nan 1.52358984338918102 1.1642513181463258753 1.0562726723640971649 0.9863347421419671468 0.96069564686529074216 0.97649709529832029453 1.0379820229793288444 1.1133367109260086103 1.1681701429337758569 1.1977857292627469565 1.1735824768524787398 1.1149025438526869447 1.0358737387478860192 1.0002612384856608418 1.207434275588665118 1.4837550289324012986 1.4279077418788770348 1.4495441925037673148 nan nan nan nan nan nan nan nan nan nan
nan nan nan nan nan nan nan nan nan nan nan nan nan nan nan nan nan nan nan nan nan nan nan 1.754711524450551563 1.4797898119039289977 1.1843586497168669958 1.1084833241192777464 1.1050173044062954197 1.2158191106272120408 1.4310374613533254351 1.7123786965879217448 1.7453213721953808601 1.5465880861075176345 1.2044293731765829403 1.3178457168966701829 1.0310444491258385913 1.0431576875454293685 1.0752433807377290709 1.0338948119552988647 0.9838268827730188848 0.94767956367175065768 0.9759066905647654222 1.0590605475236465338 1.086881584001444967 1.1163158458549644614 1.0873678988206667562 1.0288810618441848188 1.0700382286910246066 1.1887166552736716518 1.2683907355794001859 1.0421601790090442297 0.9145995664792440083 1.216620942536614125 1.2707203445164527711 1.3820875494180997478 1.4636504106416965421 1.5355121365052415427 1.847411355197745797 nan nan nan nan
nan nan nan nan nan nan nan nan nan nan nan nan nan nan nan nan nan nan nan nan nan 1.2872229402904864504 1.165425553333884201 1.4213871261233466115 1.2281552515266123127 1.1615220546834075233 1.1382763039725438681 1.0752312175705331931 1.0555823984988332853 0.95964044356075406395 0.94037754021139852156 1.3546653319606043464 1.2980616001382183633 0.90074151528528778599 1.0414979163790254457 1.0031324581534293294 1.0027704144867433111 1.02973057182436456 1.0153431468054685549 0.97383288964320935399 0.90134410459672720251 0.81312225119066672274 0.90729256046842787775 0.93483583773270340078 1.0270788592795840888 1.0399470523276943545 1.0461638221705296115 1.1426962083462917086 1.2452022237002791094 1.1576631272005228901 1.0908319056695876537 0.87938638739649210851 0.89848648562238475623 0.8982647166121043858 1.0671494315558953669 1.2184738927199942893 1.1582289559057608042 1.1727295815573883786 1.7646614749478273243 1.7534889639188420141 1.6677708506927122478 1.4287372456240046148
nan nan nan nan nan nan nan nan nan nan nan nan nan nan nan nan nan nan nan nan 1.4258572231746462489 1.1549780703340284393 1.0096000178129846958 1.174271155926063237 1.1267515086794408496 1.0434659346638004429 1.055983193090835659 1.0661933182847949109 1.0753876124103272094 1.0378982955255420251 0.8602932319361706881 1.0724846079494780859 1.3814443121533197534 1.0369554368041022929 1.0028114444869773436 1.0002172739738588447 1.010744595948825264 1.0079413027939816416 1.0052173849089254265 0.98526910438546444482 0.97045312514980275331 0.85705670178224024891 0.94215484834090768018 1.0150897290211478019 1.013089899623613066 0.99526695152955579893 1.1347223652958655649 1.3407362092224530681 1.4107589011705390369 1.1921521617431583007 1.2107850260334909187 1.102082405120223596 1.0118152762097090136 1.00926855060911147 1.1240733969251135438 1.3076328117088775738 1.2288844665085834063 1.1216648172204026768 1.3217218849936687164 1.2099791666833410453 1.1872758884913630073 0.86832263174964163799
nan nan nan nan nan nan nan nan nan nan nan nan nan nan nan nan nan nan nan 1.6307557927629214856 1.4278793400992850771 1.2791665609170685958 1.1798871307821987564 1.1083166091889191662 1.0885691807753368199 1.0755062526525174249 1.0817831850741073119 1.0818684315461823964 1.0806002303256252439 1.0600448144887695268 0.91246756282281027417 0.83988135768445948415 1.0735369121845983464 0.91802860739486336072 0.95615861619241171443 0.99151477832862588979 1.0111542725239752727 1.0135430962676448274 1.0266379782014185551 1.0092623049492999154 1.0251848305286141994 0.96949102272999210239 0.91051184423662978595 0.92358560280647095109 0.93455254231448536828 0.91939796568644760466 1.0828237906425370873 1.1656583682887287079 1.0580381795924158617 1.0842521721055462525 1.136973143438176459 1.1343601615082257172 1.0607771916057522343 0.97935483915649168551 1.0401616107977043058 1.2434490233589148289 1.2284396266774675333 1.2398010400169374723 1.2806970278743212699 0.99461845076185484427 0.87689634077309441818 0.8059202254599754367
nan nan nan nan nan nan nan nan nan nan nan nan nan nan nan nan nan nan 1.7681624998889216016 1.4308272778116390977 1.4071817511106563536 1.3461140066897450129 1.2607355212730011473 1.1985166996329801314 1.1627454521756486194 1.1233184663318933616 1.0853580448273110193 1.0560763605565086642 1.0462670533581455157 1.0509787383080522183 1.0170734832325389885 0.93912379338255291827 0.96077546412641967599 0.89892516658902588134 0.92947380253820777174 0.95454334973245447138 0.96704175804625791546 0.95929089591724425734 0.97054272654069484449 0.96793575645225848891 0.95064856883380743913 0.93729974975503504986 0.92633816400674795499 0.88926879436721639749 0.85786296505292458647 0.889119116928025921 0.97990290817456549011 1.1455295468741482079 0.88277785880384174177 0.96098323932623430643 1.0148985868420083989 1.0599745133835873911 1.0752317467677618978 0.9561378507028566176 0.9369057013993421501 1.1938900882614889021 1.2627919313319924122 1.3885973645693108214 1.3107316466952492195 0.95517335760719690452 0.8409709277959528384 0.80888632778146896118
nan nan nan nan nan nan nan nan nan nan nan nan nan nan nan nan nan nan 1.7960634236067032354 1.4880903671407821331 1.3578250564528229205 1.3294019484655374974 1.254356126840073582 1.1561442098291425662 1.1527984674983553504 1.1207859831224580294 1.0913774913457756632 1.0754068844209789813 1.0570646695581666918 1.0329893748094980399 1.0213749160222285184 1.000942384491305237 0.96963852885068446685 0.91490107332832493192 0.90007675658017316511 0.88719390314576596079 0.85660399852747670657 0.82702784781136284842 0.84691882774148363744 0.917579701693629457 0.92609180749960373635 0.87486782172248933609 0.88648259082272962139 0.87365028366217389877 0.80319094614777652996 0.86169860271879406 0.97018144528025063167 0.90306930780252403501 0.9130609325568469492 1.0299431209594198666 1.0649956390198647149 1.0854115570805813462 1.1176366684172742705 1.0800240559147809005 0.95821258247623175563 1.0432487983703393475 1.2185707631829167941 1.501163144619643619 1.4408037376706095412 1.0634635005416861464 0.90921211927411860199 0.79406952564442689901
nan nan nan nan nan nan nan nan nan nan nan nan nan nan nan 1.9025013418306244706 1.7170687346154105413 1.7447943009314093032 1.8219352231002365894 1.7051416288041856273 1.4319649703710832789 1.3103463366982199823 1.2665071279199722198 1.1599286296011437347 1.1389526102454803347 1.1124909833011911164 1.0811101950197923305 1.0554172244873858411 1.0573114969869408242 1.045798494226177322 1.0389246138860608326 1.0239987326795405576 0.97518194578558192731 0.91244696002691083603 0.86402120583050845415 0.82106349938879297223 0.7728497395246347601 0.74237761624081233247 0.78149327384990696643 0.87003424732584044854 0.91300602256550378311 0.86992814252924322016 0.85922530947496755793 0.89342122978534199707 0.82644348537124978638 0.79310578350997595898 0.98904336164887141081 0.81195543651928092643 0.95110763058496805566 1.0282864319194946479 1.0702132876065990619 1.1198065023262062656 1.1658513819615612395 1.208428912735042049 1.1138453457361414678 0.98683267252824924398 1.042383249622961916 1.4476418363804963718 1.3849492683437134577 1.1424187851870135635 1.0252990644140458354 0.90841393893438870943
nan nan nan nan nan nan nan nan nan nan nan nan nan nan nan 1.5785001993386047481 1.4793595553874780979 1.4339681856467685339 1.6002578260649653608 1.8130054600681517751 1.6872461826687938924 1.3763303697148523419 1.2910170354792747105 1.1790689268027385594 1.1207146704772565915 1.1013633872135291103 1.0792793780596736664 1.0518105348533191012 1.0382511902490167977 1.0252880053675130778 1.0053447174587708535 0.9604128939172359436 0.91737073309710515101 0.89993539604205530225 0.89752834673477333016 0.88874641073825233484 0.89159637815947734296 0.86341292859964158257 0.80843558075191623846 0.81089617646358291836 0.84215124452884893014 0.86275052801126717039 0.8380195140817093824 0.84948317989883870283 0.81876719508941664394 0.81443556887910872888 0.92830725641857780861 1.0039987074580236648 1.0071365123099105254 1.0058122211303073268 0.97801156038860881381 1.0410879781761075424 1.116255121641240633 1.1646315039770356314 1.218987702812320828 1.2135783968961224577 1.1848578665201199289 1.4820144479568009288 1.3481678847233926621 1.2590118993242302992 1.1664703395755531279 1.0932898329672706694
nan nan nan nan nan nan nan nan nan nan nan nan nan nan 1.6593975988953175715 1.6776033917781161264 1.6858215753465646269 1.5479541345302358923 1.415593009780212741 1.5059604292603143705 1.6394395477031264985 1.5087626104032536567 1.3613532603330640303 1.2389615179045969651 1.1096189120647150794 1.0854977824019726995 1.0586396529110184694 1.0240862328068747189 0.98303212738777256963 0.93507820777989281158 0.93799291541264018246 0.9173604648428083097 0.86971891046713489803 0.86848242934610897503 0.87585426931613996615 0.84306226470959222397 0.83365835060975701509 0.82810215190033498178 0.77086221222734629954 0.75136938437391365131 0.74486089703482616375 0.77037667844750590262 0.77451284090154304263 0.77125977476662110899 0.68232612992162566812 0.71998851715442846455 0.9145781170746030142 1.0089678937025405858 1.0041631718660266603 1.0401492884269016859 0.94734008459772434119 0.90215690588800201422 0.96297889480607545831 1.2042391285026721182 1.3604544282063835148 1.4616487940154117009 1.599285824864195682 1.7118637869348636293 1.4460435491375207562 1.3315107152894021247 1.230439389011768192 1.1382992007040182436
nan nan nan nan nan nan nan nan nan nan nan nan nan 1.7887113739394500112 1.6716870898813944724 1.6496435604942301101 1.6929762303499995557 1.7307315816730119984 1.7131691858309630039 1.5480882879144719499 1.4804554924744872668 1.4453843093851750368 1.3607332202153834544 1.2625567365497811778 1.0949484886897018487 1.0692847486676897439 1.0447918305797729843 1.0024428825489928307 0.94859717236144858177 0.8971598823237271203 0.89092888525968838564 0.87433546677290241433 0.82102078689515289867 0.80611611602995647541 0.82179624370128745436 0.79822713914098908372 0.78988312587194342562 0.79436796970151046793 0.7521711962099176807 0.70255482652890377526 0.69035466079308027698 0.70802799853876052794 0.75168020733559992586 0.77743022515401793981 0.83156391729077328012 0.84374241853847331551 0.86194595320574873831 0.92110952402438706077 0.88809093567881858267 0.99124108924130449605 0.95859716394794325378 1.0394992122762365394 1.3596679494630699025 1.5510476721422754576 1.4337645747872376223 1.4324038119430779759 1.6555814374411061962 1.7665332180122368388 1.570264721232509153 1.4374643069348398416 1.3433707861626060787 1.2612188292408348378
nan nan nan nan nan nan nan nan nan nan nan nan 1.410142200546561364 1.3176698335777052851 1.5524482798585708121 1.5728348644123131272 1.5683470381799171633 1.5182677193197946508 1.5125903604715800199 1.6342343389846250012 1.6240262975156833924 1.4476843198941851121 1.29397342378802227 1.2362491870365763802 1.1348761581614223992 1.0659545384083397579 1.0524054671713516385 1.0025161077441164803 0.96671417481182042586 0.92336626760782725132 0.87487150930776058644 0.81992856280207526698 0.72558771546867750768 0.71799317349097968588 0.77325062286606061068 0.77403344282329278325 0.77065722812529191543 0.78691548280996104214 0.78133055519075067519 0.71100424249655358455 0.68237556048864300706 0.66007039777193954322 0.68028932395848440429 0.69050475481248707599 0.71790306774436685178 0.75413107733109663311 0.83756140701846970575 0.90181250204424634465 0.82329176238019996514 0.87568380736867446057 0.94395211613903473591 1.1373923653206454709 1.1316675765826069711 1.0028775992127239025 0.82700037299231288213 0.81759795178552696626 1.1725248149334055459 1.7881507087994636951 1.7607982979649510202 1.6330335649742675486 1.5635398229100747614 1.3963436215903965998
nan nan nan nan nan nan nan nan nan nan nan 1.3847823219673254247 1.2835165464325972717 1.1039110523674433573 1.3233912556111153691 1.5630287420120785313 1.489850155025389089 1.4558235956762815011 1.307481912574726568 1.2207011845727750998 1.3565837455669076395 1.6930101257494798439 1.5925828134289772287 1.4009635937421207608 1.1160205488365648741 1.005168356907414795 0.97397296373159270022 0.93677403926360880426 0.89073007551726701703 0.87253628987083864388 0.86256197191904782073 0.82893361414478827776 0.73491899803305849037 0.66827729097840904426 0.70784311609297034806 0.72441014672930315044 0.71920750021420531972 0.72446888977619650074 0.75055423953331579234 0.71997649776004046807 0.6908946397316403365 0.66769645574016245337 0.66814265380928705707 0.65364542016698756743 0.6393816863336935219 0.71315639284562293287 0.80199862813202460465 0.85504819649954244554 0.80337767020224426506 0.79961036690022901929 0.93835917423398040871 1.1521202517006332577 1.1019733578990149603 0.89282451946147523003 0.90122631271126385499 0.86488124721231451897 0.97005794820915891563 1.4753105209481378601 1.8003276568567325722 1.6583796716102696678 1.4765257770025745909 1.3560817160764018219
nan nan nan nan nan nan nan nan nan nan 1.584014178183400956 1.4254009515001919706 1.326753298934730152 1.0948840973949771627 1.1305463987427180061 1.5091328319935592983 1.2885606761291918954 1.3467145720836928291 1.2502934761305521949 1.2742353194346551781 1.0911190935791876822 1.2172496067736322534 1.3738474563401341655 1.4526559061417396723 1.2665923711124458251 0.88811648020449107666 0.91470851765207994433 0.92560914760985735228 0.89361546765029531425 0.84205593355670504963 0.78210642717555711734 0.77604660238837908093 0.73881304422888960381 0.63842244706866280168 0.63166762551888766541 0.66418339094968104064 0.65696705333349580958 0.65637867026803631276 0.68910821016204060196 0.70029286190204187434 0.69016812104241964665 0.66484688340723396838 0.70635688767267290622 0.7419003604505586269 0.74194373756786979879 0.73498383996851435196 0.74384343534067687287 0.7874067277182161817 0.79521853393196095805 0.71037435991048825112 0.65049706491503700434 0.60424421463271871247 0.80218714496354803778 0.93001560342464584252 0.90770601746522117104 0.94440299585985754138 1.2723382495506794232 1.492214721792311849 1.772071559879964564 1.6173321223304377714 1.4908820187817801717 1.3917665764483559965
nan nan nan nan nan nan nan nan nan nan 1.6371892760305628567 1.4338010734840602733 1.3362400113790398049 1.140100763294278341 0.95582188564994907676 1.2229038861488483736 1.0866631102427239952 1.1312268304005439479 1.1268185936695651606 1.1746147340935824133 1.1845219673815916561 1.1541434388421403234 1.119385593813257751 1.128726774644459141 1.2141162824075464322 1.0525597460386544313 0.92999680651693261701 0.92778516508133956897 0.92363001240215547583 0.88852312097733254781 0.80224253935358791345 0.73847736422850562832 0.65968241754277756606 0.52453848746117726076 0.49340830320976447609 0.59992398540114955097 0.62570055541403091226 0.62474409182887813419 0.63865147423884149891 0.66299499892046254157 0.66491853320885851986 0.60806315491572071608 0.66569282103360538638 0.73702519473770777836 0.7313269019526100756 0.72317105462500652635 0.75545231561580528101 0.78733459389115401095 0.815042854096597158 0.81946447736880734247 0.88675941206984154608 1.0031887127694696371 1.0079844675295850376 1.0189403605382507667 0.96171256403097482579 0.8686661230833514491 1.0261106785761231475 1.2745862891670534101 1.7003242871942558789 1.5732309248806548574 1.4939557612647516027 1.4876780148097732415
nan nan nan nan nan nan nan nan nan nan 1.7157340712531574667 1.4476041079522126154 1.3162316963873450515 1.2576780863225263118 1.0797419251341853208 1.0417221565403655958 1.0770538411201995288 1.0114565691717534168 1.0643005790049213655 1.0830382910122038354 1.0834444359611437037 1.1258046628368509889 1.1748731741012039542 1.1704142076730834621 1.223395031935263777 1.1970839956232510737 1.0454163328597918525 0.93180182349378071205 0.86797039507917927992 0.86832767336950689163 0.80936503208016130628 0.73699244641348182761 0.64409596714548167373 0.48181349279375773609 0.38378256470041888226 0.50772169273511458254 0.57863720920385963709 0.58553550474518356594 0.58972373702105995719 0.61498357099792644309 0.63375206637117753594 0.58003156209828088397 0.59652208329354416971 0.66900546120527226712 0.70241198003739990785 0.70217160968849756664 0.77899194278865357965 0.84189859688550039429 0.88940733376841807356 0.92429182521798713967 0.828142847626754941 0.84290909313288642224 0.91107954735963014858 0.97439902943692735526 1.0478743343293956958 1.0039836826098600397 1.0150208735178580799 1.1231100857080191791 1.5769504552085229498 1.7310624299489021372 1.6843680407711361102 1.5852560024567996511
nan nan nan nan nan nan nan nan nan nan nan 1.6180663356980877765 1.3879486495395219059 1.309866565130470395 1.2364765526461702905 1.1173737557737566384 1.1011725255625066655 1.0433380595452499406 1.0111357452399141188 1.068570766003687611 1.0634291428084576836 1.0023061716069616711 1.0332835880624235969 1.0463710290979508777 1.0672172683073901656 1.0522036918262089866 0.98430310457871106333 0.93038822681792332503 0.85373745355625663134 0.78759339696794516961 0.6986733551369852524 0.66604215890183682269 0.66347833628914532067 0.58286562358283655616 0.41935014788616958858 0.42766762954569326194 0.50834291680607657238 0.53789716372548568302 0.53747998393349849522 0.56385734381311125585 0.59321816704025553957 0.54109628576523682852 0.51912868194962336066 0.59683512121851822751 0.67711404935752372847 0.67454256835154324801 0.74676543688100927021 0.80827284719066283536 0.88673090121268016706 0.95898908078173916714 0.95292914566252584496 0.89573660500896379322 0.87061940379043423199 0.94609357526988469012 1.1228956317182012814 1.2502544247891638207 1.2811676479315097232 1.1163436885990831726 1.1272966274866405012 1.4088697622971226853 1.2973010665586677259 1.1320478105915992018
nan nan nan nan nan nan nan nan nan nan nan 1.7149466900710630402 1.5319191553129312133 1.4272183144594772219 1.370690836965259507 1.2811884381488429785 1.1974387176649046172 1.1408214782934860132 1.0648480645125948385 1.0242966790183787307 1.056965616693299026 0.99737892514560744228 0.92084598815743834432 0.89794730485242002516 0.91233443072483655367 0.88893406209992287259 0.79857617683662207586 0.83882994955111134239 0.85671174436873265279 0.79461795187863570877 0.76999267236965607264 0.61191260777697120687 0.5375719805573594412 0.54136941315431574839 0.39864446116548879484 0.30650416561934717974 0.3918691291527964804 0.48790498668561621542 0.47309252362256909441 0.46854874683201097607 0.50880288381511962204 0.49165526449805913023 0.42393556705706819665 0.44256346289873665922 0.55711965262985918557 0.61041213533597715735 0.65965939224584235756 0.62759477923634743313 0.56448047022627700908 0.58970302205092084424 0.79674782781585151703 0.96867420027324946386 1.1620516869630777013 1.2591493671422955281 1.3361214852349330151 1.2737427778633116926 0.95909485141349581916 0.8970147908336779663 0.88649657345501531314 1.2282898241645097137 1.5664345897624314397 1.4938604190610749178
