results/rofental/snowmelt_month_2020-08-01T0000_2020-08-31T2300.asc
ncols        322
nrows        225
xllcorner    622802.488000000012
yllcorner    5178049.378999999724
cellsize     100.000000000000
[rows 140 to 167 of 225, columns 62 to 123 of 322]
nan nan nan nan nan nan nan nan nan nan nan nan nan nan nan nan nan nan nan nan nan nan nan nan nan nan nan nan nan nan nan nan nan nan nan nan nan nan nan nan nan nan nan nan nan nan nan nan nan nan nan nan 57.357018788980880686 60.428895038983533539 70.216393277392583627 67.330645297000998539 71.061557226584696423 79.444711199491649722 71.178275667136674087 68.492119054443804771 66.489349399923668216 62.66019511238178552
nan nan nan nan nan nan nan nan nan nan nan nan nan nan nan nan nan nan nan nan nan nan nan nan nan nan nan nan nan nan nan nan nan nan nan nan nan nan nan nan nan nan nan nan nan nan nan nan nan nan nan 56.059548450492727056 61.127892055630937307 64.369640140938642503 74.099340486868854327 70.803568788633768349 83.357057521236527009 77.349901381479284623 70.542980500885377637 68.141705839447908488 65.432988412193054728 62.093028067108242851
nan nan nan nan nan nan nan nan nan nan nan nan nan nan nan nan nan nan nan nan nan nan nan nan nan nan nan nan nan nan nan nan nan nan nan nan nan nan nan nan nan nan nan nan nan nan nan nan nan nan 58.884479541395286617 65.665386040338034945 68.474434507281273454 71.622732351176594534 65.769807531559706604 67.82362708504072657 81.952167019342567755 74.079769817308502411 68.000312318361295638 64.586034866328688508 61.673164001359026543 58.337793397948900065
nan nan nan nan nan nan nan nan nan nan nan nan nan nan nan nan nan nan nan nan nan nan nan nan nan nan nan nan nan nan nan nan nan nan nan nan nan nan nan nan nan nan nan nan nan nan nan nan nan 56.189365450394220147 72.788173745092194622 86.265990115036771613 80.101629821106030249 77.903937081464974312 76.467342231300690969 70.805747690384080784 69.514375973490032834 73.911566876067027465 65.093081120103789772 61.532070140121348345 58.772444021728865948 51.062138476085770833
nan nan nan nan nan nan nan nan nan nan nan nan nan nan nan nan nan nan nan nan nan nan nan nan nan nan nan nan nan nan nan nan nan nan nan nan nan nan nan nan nan nan nan nan nan nan 68.920030643843304574 61.03121239889443217 68.451061290794527281 70.271770604429946161 73.521854160328885541 78.956397637399078349 72.287790596767450779 68.521678875348840165 64.879117429862759536 70.444274933558077123 76.262422387737004215 74.62384404110378 67.541108107880944544 62.271571299786209863 59.184966051961026778 50.720706363317745513
nan nan nan nan nan nan nan nan nan nan nan nan nan nan nan nan nan nan nan nan nan nan nan nan nan nan nan nan nan nan nan nan nan nan nan nan nan nan nan nan nan nan nan nan nan 72.703697807603589354 71.34622896276923143 70.193934735271184877 84.32048428434404741 79.649637243092158201 80.326535866705668809 77.228682647130312944 70.148769204197790827 63.107504224690558203 60.795735823469001957 59.116029867391347352 60.292767141388658558 64.705493710955522602 65.603485056673250142 64.835796594192544262 62.328890320290220473 58.879589157863478022
nan nan nan nan nan nan nan nan nan nan nan nan nan nan nan nan nan nan nan nan nan nan nan nan nan nan nan nan nan nan nan nan nan nan nan nan nan nan nan nan nan nan nan nan nan 82.388883178179213473 81.565212184266755457 78.549814367313686603 77.724171978293753682 70.747682569152459564 68.155202575408097232 65.822556857974461764 64.745736642134090744 60.481871538376225317 59.082320719605100123 56.506475294529955988 50.232306169798512485 50.236178954968764288 54.683119271393394456 55.421133205174129444 51.202880639527116102 50.476294783361382201
nan nan nan nan nan nan nan nan nan nan nan nan nan nan nan nan nan nan nan nan nan nan nan nan nan nan nan nan nan nan nan nan nan nan nan nan nan nan nan nan nan nan nan nan nan 83.5060013817502238 78.999402379600212498 74.089915251357183479 70.432577680287010935 67.931774551273676366 66.326464484304963776 64.710946194943872456 64.117155251637100832 62.088715475353154716 59.450504899582817586 57.681393129659831231 50.865539667400263113 49.020186763816845144 47.611813818633962114 47.078042155753244913 47.437917934271453646 46.505747598165307011
nan nan nan nan nan nan nan nan nan nan nan nan nan nan nan nan nan nan nan nan nan nan nan nan nan nan nan nan nan nan nan nan nan nan nan nan nan nan nan nan nan nan nan nan 81.704858448763317824 85.930483593737321257 77.866974248577449202 72.846167429652552983 71.152066920726596777 69.273406881078898323 67.303869643536046397 65.378888621147282834 65.005015004848900162 63.183103426756119347 60.648705834890755284 58.556401194365292895 51.427668234655378399 49.680508800889704446 47.858393014221149997 46.336242987754346245 44.64628915568665235 42.947123743547251706
nan nan nan nan nan nan nan nan nan nan nan nan nan nan nan nan nan nan nan nan nan nan nan nan nan nan nan nan nan nan nan nan nan nan nan nan nan nan nan nan nan nan nan nan 76.158070008758357972 84.086238535249847814 79.675001507161283598 73.910788667127363283 72.327156120823119068 70.598369189266094281 68.572773337715133835 68.024241373183130577 65.959352648128927399 63.829550681781014987 60.812449541937830588 58.78003712070439235 56.52020680681948761 49.930892957204633831 47.724197768260644636 46.183801306698264 44.434054604756319407 42.838011715853255623
nan nan nan nan nan nan nan nan nan nan nan nan nan nan nan nan nan nan nan nan nan nan nan nan nan nan nan nan nan nan nan nan nan nan nan nan nan nan nan nan nan nan nan 67.815542128266628197 74.464143091119836981 73.277772694799793385 83.364671357272740693 77.932554281531778884 75.970942754974728928 75.147905767892979156 71.796306894330044202 70.964678130461223304 68.589679854715200236 65.442009847583179294 62.798195302077395752 59.62026569749070859 56.969472620755453818 49.371766495974682698 46.309666319582667882 44.202758867871779103 42.082141231622614441 39.989059391857409764
nan nan nan nan nan nan nan nan nan nan nan nan nan nan nan nan nan nan nan nan nan nan nan nan nan nan nan nan nan nan nan nan nan nan nan nan nan nan nan nan nan nan 62.847653493943482772 64.758936814237998192 76.630800840921722283 81.240816551017587699 72.321811037169268843 83.788185800925873536 80.88859427831874882 79.102958958911855802 76.747966186710499414 76.434336613455073461 73.901156353176418179 69.560479100765476801 66.241341705132327888 62.782426712099997701 57.702037127320103593 48.576505469789125868 45.992051975223965599 43.997825469208166282 40.995130873529014082 39.070222158563730375
nan nan nan nan nan nan nan nan nan nan nan nan nan nan nan nan nan nan nan nan nan nan nan nan nan nan nan nan nan nan nan nan nan nan nan nan nan nan nan nan nan nan nan 67.10222130847884614 75.755488480649404437 78.320031695143924821 69.685341949070362944 72.93308793000360879 72.785455332807444506 72.580696897820075719 83.865359186879231856 72.511961191634668467 79.826712415782964172 76.407795521665761385 71.628782130770545677 67.40010968574455319 61.822986041717541639 56.298978528734792803 46.817284500115867729 44.052494848812543182 41.014293301706068462 38.335043265513206734
nan nan nan nan nan nan nan nan nan nan nan nan nan nan nan nan nan nan nan nan nan nan nan nan nan nan nan nan nan nan nan nan nan nan nan nan nan nan nan nan nan nan 53.979796331822875288 66.21511879249874255 72.115826157514973715 73.198481259197180293 77.015720710639726576 69.416443959693182819 69.176538014027613599 69.265007032934690301 78.956686063345316029 75.810634172436138556 77.896056460395172394 79.333764103334573292 72.081114675471965825 74.405692904914005226 65.154980544934517184 57.762264599310924496 47.653828560358668653 44.037460138543188748 40.799052560713171545 38.784472048362943042
nan nan nan nan nan nan nan nan nan nan nan nan nan nan nan nan nan nan nan nan nan nan nan nan nan nan nan nan nan nan nan nan nan nan nan nan nan nan nan nan nan nan 46.854605519470347019 56.545867131883433387 68.059210751054862953 69.907120613435509426 72.609693320596491617 74.857531381640512791 75.496773848696065556 69.79362040156878777 70.109498199482274572 70.154262438844625649 82.535816410700817869 83.168071683757801793 78.690299550773190163 69.930629900559424073 63.839950666663476397 57.129478983784004242 46.850503895794375353 43.427641925275068502 40.179094016954103097 39.73949249328389044
nan nan nan nan nan nan nan nan nan nan nan nan nan nan nan nan nan nan nan nan nan nan nan nan nan nan nan nan nan nan nan nan nan nan nan nan nan nan nan nan nan nan 40.872576685128635177 46.839123867375114685 53.10006612520106728 62.764795564762913216 69.393095129021929779 69.044701786993343262 66.290257901442885213 59.341600775572771909 70.226638191462072314 80.096962165339789408 77.14926328166723124 75.889331496793062115 74.712559023823359894 67.545258944859796202 60.343950328255949955 50.422733318121721879 45.796177926233127664 42.378342146980607197 40.611908405905850827 40.570148333083729142
nan nan nan nan nan nan nan nan nan nan nan nan nan nan nan nan nan nan nan nan nan nan nan nan nan nan nan nan nan nan nan nan nan nan nan nan nan nan nan nan nan nan 40.862712054037217513 43.220762875702590122 50.820478222237326804 59.046243617327647257 61.621747597878631098 56.607465509552383764 63.583091263850654684 70.005224553797333442 82.692348439477228794 76.488108494778188629 70.828801607426768783 66.022665949505778826 65.121844920211188423 62.676043983067451393 59.292275076475334572 53.719072551929968995 45.454710209580248659 41.817231048796088544 41.521083401123156875 41.34451676349318916
nan nan nan nan nan nan nan nan nan nan nan nan nan nan nan nan nan nan nan nan nan nan nan nan nan nan nan nan nan nan nan nan nan nan nan nan nan nan nan nan nan 44.090538398821045973 46.575246463857794765 49.211742184770848496 59.7171241161662536 56.138151865449145816 61.954663554293979644 65.716395350265599973 66.389640234319216461 70.157217815920688508 81.966076401826398978 75.112348015965693548 66.995204896055113863 63.662891347651360263 61.647112830897142999 59.405076196394269061 56.978899415043024135 48.550138870692556736 44.465292289664098746 42.301672995747708228 42.451951901273076828 42.171835024003172521
nan nan nan nan nan nan nan nan nan nan nan nan nan nan nan nan nan nan nan nan nan nan nan nan nan nan nan nan nan nan nan nan nan nan nan nan nan nan nan nan 52.298648567925724251 51.863258387751670853 52.214073866011013081 53.73861249838000731 59.347643500212861056 66.378799930823589648 62.169020542669464646 65.49982596008908331 66.786180911268971272 69.274198215303798065 82.674078688865492381 76.655040385314407558 69.420975287919432617 63.736516042822444206 59.882502544827019619 57.894168207982900753 54.140068458204481772 46.92456437697273941 43.477658937352181567 43.400940026974147656 43.353117805347608282 43.080944554540103297
nan nan nan nan nan nan nan nan nan nan nan nan nan nan nan nan nan nan nan nan nan nan nan nan nan nan nan nan nan nan nan nan nan nan nan nan nan nan 52.797510233787797063 50.055879465904332903 52.550358294034722917 51.270136150986438395 50.307538125296886733 58.860930971791560751 59.585044804114247086 62.462815487318607666 69.197613593253805675 64.118669054152007902 67.401660920631556451 70.212899070582565741 71.680872858235716194 79.065719252852986187 73.704426540674248258 66.046731016298622308 60.170220945920306121 57.731218806848758618 49.630035544394672797 45.350868611657752183 44.070728876254449347 44.184898289016508954 43.991979150509720853 43.751618649481606838
nan nan nan nan nan nan nan nan nan nan nan nan nan nan nan nan nan nan nan nan nan nan nan nan nan nan nan nan nan nan nan nan nan nan nan nan nan 57.350914455886623955 60.155030177140133674 58.098813997725422098 58.005029326434119241 57.647085139922602082 56.183272580404633345 55.294728406098442974 55.346357232559775241 56.034300262091008449 64.277063590661143166 69.472045589397609433 67.079121141472953127 71.43728342797406583 72.30781382176159866 79.05244794209144743 74.971944771708209032 67.095344609301719174 59.364372961606420631 55.817181206308241315 50.79528741874391784 45.84599946340349419 45.094717468937922433 45.604917574240886324 45.487156112755457116 45.22778087514309675
nan nan nan nan nan nan nan nan nan nan nan nan nan nan nan nan nan nan nan nan nan nan nan nan nan nan nan nan nan nan nan nan nan nan nan 61.895872285223219933 55.91160838641300046 58.127836232445183384 60.719785290880977868 62.706177945140559871 62.286321070737159289 62.229935346000381458 61.295021015610856807 60.152569917703033298 59.41347194902997586 60.229195120550301112 62.490434690635510151 68.522326209017663246 69.59883699194296014 66.039458250491662739 69.691461889993007617 81.809998788493956567 75.962013333114924762 67.886932982869879538 64.774230305745334135 59.027926464534189677 51.954749666220209292 46.051879725548992894 46.750904022295394213 48.227409121964804228 50.716369246759718692 50.326732495049469662
nan nan nan nan nan nan nan nan nan nan nan nan nan nan nan nan nan nan nan nan nan nan nan nan nan nan nan nan nan nan nan nan nan 58.524781050970091201 59.521137927453494854 65.44130762884952901 59.85776422469412239 61.132210011687178053 64.542635040997438978 66.111167990531654937 65.983318169650644336 65.116047001544899331 64.938192976991160776 64.292219713000633874 63.67343037889453683 64.584908522316482049 66.510023703674434614 69.530470228905699059 66.765534137457564157 66.639020011513594 67.500769963641474192 69.912371775055362377 80.26699506471001655 76.569480894491675826 70.974007256186780523 62.549696689011689443 57.988468967884379879 48.265372189721325924 52.726397807234384629 52.456992153274185853 52.341989160502095046 51.641361146222699574
nan nan nan nan nan nan nan nan nan nan nan nan nan nan nan nan nan nan nan nan nan nan nan nan nan nan nan 22.499460724458426597 31.761108147638971388 40.36569873426723376 48.092088722286938207 52.370780941182864865 57.843371508603695474 60.014362650150530953 63.460732345946503585 67.606643677638487588 61.718454217535089867 63.184622557855071534 68.333416793695320735 70.238172071682825504 69.828749527566301936 68.448094128946152637 66.71405797823619821 66.303831522468101412 66.317824412993175542 68.563526287118790492 70.143295041335150586 72.660055662319635417 81.713039088926194609 83.043307106441716314 70.882473531598890304 78.702468711341083463 76.832782994861446468 73.604624235518841147 67.768230811460000496 63.334361146871955839 58.476637984931286951 56.965077241360653204 56.666361377096663432 56.069397483533052196 53.967431116173905536 53.135621134239478636
nan nan nan nan nan nan nan nan nan nan nan nan nan nan nan nan nan nan nan nan nan nan nan nan nan nan nan 22.570377291579692525 36.176412647071948925 42.744648693321288135 52.746382523044857749 56.097412330460322494 59.041646620493722253 62.089434166611184196 66.265790758086353662 68.627701705136274768 61.680026862352605121 64.855571125734400084 70.224977258750996612 69.686610361733556829 69.56034091755135762 70.139556793569738602 69.907224949937088354 68.757186891116660377 68.566189486363725791 70.274092396778158331 71.776631441788808274 82.74237386696749752 78.435364562067803718 77.677764388980392596 78.959264709634339852 77.437585541273307399 73.224260040691078189 70.441514275288795943 64.809019859483910864 61.345330072908069496 58.921484882749190604 58.493793652272707106 57.63210415962480937 57.227160104469341206 56.939540627519484417 56.405137552948495738
nan nan nan nan nan nan nan nan nan nan nan nan nan nan nan nan nan nan nan nan nan nan nan nan nan nan nan 21.568858648397245759 30.347700272679286826 39.030580040333013869 48.862044021582363484 55.111998105629886879 59.811876778407402355 62.909906476612732718 67.273952370843190351 60.622273856664861569 61.594818685785917012 64.58653809530339629 68.878104489640648467 69.369446082360028072 69.966896046094234407 71.005595581226700119 71.31521964800731439 71.202069508085443772 71.299060107396556418 72.321209941772366392 81.169185655451514094 77.904364236341990591 74.482441977655142296 73.711029312750753206 73.960939799685675666 72.496097841005294526 68.075995701321360798 64.639162515462842862 61.84356605280431296 61.217796486277606505 60.589194805952338641 59.415624413036823626 58.668659008159792734 58.073343764567397329 57.601956004961913038 56.824679577660702989
nan nan nan nan nan nan nan nan nan nan nan nan nan nan nan nan nan nan nan nan nan nan nan nan nan nan nan 22.162415238071286439 24.440309715905215171 32.758441272779002418 45.468248212576824585 51.058885649467420365 56.311523967391281076 64.774841506526357193 60.398869985493199408 62.305507287109918479 62.474316370355666095 63.857083389449194044 66.659161034369944332 70.55559305155736638 70.974858343534521055 71.101257720758979985 71.140082821367386146 71.804453587340475451 72.11927039023291286 81.095643497854908333 78.696335804769674382 75.176215043164447138 72.426114026210242969 69.746180437286085407 68.97753059571910228 68.091078689484035635 66.18788165105463861 64.256907413059906276 63.385440595781773254 62.321324690660837575 61.359113416164042576 60.129240217493979515 59.483381130481404853 58.753716241435753886 57.985825570363644488 57.068809281710755954
nan nan nan nan nan nan nan nan nan nan nan nan nan nan nan nan nan nan nan nan nan nan nan nan nan nan nan nan 27.27279796983435034 40.095765326332873713 52.485613259774218875 55.616390230908393733 55.985942694667457431 56.520653557532440914 66.57724636558243958 62.854141789056861001 65.470133289744552485 64.990660714211699656 66.003546321680261144 70.148254405581127457 71.604675059153237271 70.76602655520036933 70.637168046087538187 71.148674899453837384 71.765292879672841764 81.383800069390602516 78.230523717019622154 75.651072961928065297 73.063816043645758214 71.927992664738042095 71.397980181321102577 70.548509851473212962 67.493669026554783841 65.735317234630599614 64.39235841622716805 63.43385714559045141 61.974883981669592004 61.163506971479172591 60.169653498663180358 59.360413549561826585 58.029653795159092056 58.439199338419641094
