results/rofental/snowmelt_month_2020-09-01T0000_2020-09-30T2300.asc
ncols        322
nrows        225
xllcorner    622802.488000000012
yllcorner    5178049.378999999724
cellsize     100.000000000000
[rows 168 to 195 of 225, columns 126 to 188 of 322]
27.580710395000654245 26.918472676278515365 25.81913362773198628 25.354192671469185427 22.065996058699305138 16.435654965436597763 17.209431916452871292 20.824691569865212415 21.959695265948084852 21.290898022227391806 22.067068038397394503 23.255413930612562012 23.703065040722336221 24.667878623444885022 24.896239603055597911 24.034569690598189595 24.455021654096341877 16.510449236587678712 15.675414297167606037 14.737397561355033204 12.915590973756627236 12.365170106068203992 12.344419341023089132 11.918997637585299287 11.231760907973773911 10.094492852007494577 9.787922078877045351 9.6466636154283911253 9.8864851925853312054 9.826513995093266729 9.736061929825577721 9.6399522665835064572 9.5946582934119533093 9.4905822624077789129 9.8895920591808579303 10.060467140650841245 10.303882763157943714 10.330751436482202621 10.272367273547313715 10.091997876851971583 10.26308097784009199 10.334072698353626407 11.166691424706458591 10.978456526851854136 10.921855871251239023 11.73932478993859263 12.020427412451473614 11.953179202740070508 11.737241648641443703 11.557620737736245431 11.342109171245626342 11.514194985397772086 12.507602477745443537 12.497969468803836079 nan nan nan nan nan nan nan nan nan
22.734977835114751343 23.025469432726737296 23.890199694119697682 23.018017240451346339 20.406580206742280126 nan nan 20.322425373335910592 21.340542074337804479 21.347537415668163874 21.383149518613471685 22.781944116539420975 23.843471100607999347 25.217127147625756578 24.56392725541182287 24.595757572088302823 24.588620353212007785 16.426378238719518521 15.169106445385779125 14.633357567684653233 12.922603809719360513 12.274119879625832397 12.426900791043529182 11.460512355690196884 10.815424263970276897 10.075018564224809126 9.7991563294556449648 10.024638096295376499 10.362396841322066621 10.130252342413204047 10.196924455621603656 9.6954480176358650567 9.7621297550805650189 9.7599759986912211218 9.9320164116463978132 10.127228618739033905 10.3502486194895571 10.442273123546151226 10.323581210138675246 10.325180040548257665 10.43045639758636689 10.745540061698756418 11.937084100756800709 11.905751597002112163 11.830480059178816177 12.041920820295358041 12.232162508007219159 12.200632859474886516 11.988076525802183525 11.902010030299249976 11.749571505982022046 11.921593349728249578 12.855572562845276607 14.361761119849978385 nan nan nan nan nan nan nan nan nan
19.015954241642631928 20.108911062874348374 21.27856321908360826 20.27906410302088247 nan nan nan nan nan nan 21.381032292882917289 23.253160365504317753 24.853159987316551849 25.429789823678330407 24.632339167203593178 24.756836541210414993 24.778581011698538106 16.32311469003137816 15.331118499955424639 14.640488445046935695 12.369169537979683327 12.187120199621457317 11.695782682097071614 11.127885680809573188 10.227972722691985652 10.18106716083019947 10.421045629927039755 10.351082804977732366 10.249072082307375098 10.34312381247966961 10.035462478372718209 9.7254844400015993955 9.8535820609159490147 9.8487533148159620566 10.07811012427273667 10.238672907547302415 10.591072805689000447 10.686775494303969225 10.534438835835590709 10.571351341567984505 10.787553531814662477 12.193951215838490398 12.286504832325270797 12.102270691863505903 12.204976219057229514 12.549857215551750045 12.715936206718216894 12.543029512242139134 12.187084266624029993 12.14838036273367905 12.103046677238252116 12.192429973277549848 17.294813257805390805 14.126854834205785139 nan nan nan nan nan nan nan nan nan
17.594463724809553895 nan nan nan nan nan nan nan nan nan 21.838197072025440804 24.415823600600223386 26.190915965227212325 25.595448839303180932 25.243841744155027129 16.629775545681468429 15.787883176596633206 15.310803345748491111 13.250906221291353759 12.548142128614442115 12.509458587713176314 12.073188361179443717 11.462345766301474725 10.947610420471447057 10.777196487104403033 10.074475955821773354 10.497545426940746438 10.533689441504398232 10.419322676104911807 10.310097918776104819 10.232964624007747645 9.9557020386277272905 10.175250782740890898 10.264927673230880956 10.396305931831436808 10.508350780855234774 10.694127902701414001 10.818534856113513953 10.720159733262114798 10.967490715135113533 12.416215765352076161 12.679008984151357353 12.560303208487066939 12.612413738499977711 12.974376667729039525 12.916778013162677041 12.768456826364168677 12.777994918132186797 12.372745012127168707 12.400890836645725557 12.468094640271818463 12.760701541521140001 12.81899603567386059 18.715370873518022421 13.290645268521924294 nan nan nan nan nan nan nan nan
nan nan nan nan nan nan nan nan nan nan nan 26.158957203238792033 25.666780079467276465 16.766613324705961219 16.101563251407167598 15.506428215952251293 15.208358745275583956 13.404230098346554101 12.768478381590307791 12.633349609160118732 12.484991649379470147 11.706453613422237225 11.264252643871738968 10.887242681655969534 10.642090033560279494 10.553706694756094464 10.649176092670341376 10.614848078951546029 10.551568531392641503 10.481632873436337761 10.334544766366128954 10.08109208691087133 10.456391342108847908 10.72623367143855333 10.684959974990480447 10.691516967630487756 10.921974085219169126 10.818082390530388892 10.951958580058262172 12.767001262288692587 13.139313983023939159 13.096296991761786188 13.375774522306244307 13.346161819598231446 13.068237956131028454 12.934331133717357432 12.857279482031701789 12.762803749212705995 12.740921105014708203 12.699929938075030122 12.679289583231904359 12.643293547383677833 13.125412545018187771 18.922798440500248063 12.330496405922556136 nan nan nan nan nan nan nan nan
nan nan nan nan nan nan nan nan nan nan nan nan nan 16.072920309214282497 13.981083665870199795 13.47235292835389231 13.064374193250039013 12.64124879760609943 12.729074121347895954 12.658674415715196915 11.945096266357975168 11.490525043716086628 11.036177509802515218 10.85219510545075039 10.794543172031582756 10.757276301973115906 10.723932829057165605 10.768157965592186187 10.698638264718631774 10.657387684922770887 10.614900963919801313 10.563505785362060863 10.761565182413459496 10.910676652749499382 10.946242695389919675 10.945397029177025061 10.935383338756247795 11.096981199836466914 12.929124276956885709 13.323247531173011637 13.760128720299658056 13.782230184121598171 13.865931818888785898 13.754101991396577631 13.674176899096284643 13.534874041442362724 13.289162359406768488 13.018826986938904611 12.906496901462597648 12.773998111379185616 12.690626562387841147 12.755564286986519562 13.165690012563002753 15.866059151761886525 12.434940481824572345 9.4680666634979822049 nan nan nan nan nan nan nan
nan nan nan nan nan nan nan nan nan nan nan nan nan nan nan 12.93258396036287472 12.864964973973108897 12.846375859785124973 12.734813931729574321 12.143515863917619058 11.677331502009664632 11.35856339444311125 11.139977320271587047 11.135878467078683229 11.006301575350281752 10.811194608461722311 10.831226067638301203 10.931368359819281011 10.882871714456006984 10.82604598996221057 10.925028559955615393 10.943690799737769481 10.997192227851536828 10.982172260163233446 11.083550072241957096 11.135481198315375195 11.15180496174570024 13.160359913006658417 13.869033942961067396 14.003007089033992827 13.913753596543342539 13.987012900757079592 14.114375597231040516 13.642448714038067692 13.64064378584710191 13.432778693445412088 13.334219758957615909 13.239923870442968479 13.143840256268786604 13.076730067423673276 13.057750168032168148 13.151902492748941853 18.406245508985264792 12.71827080625803319 10.715765460917412 nan nan nan nan nan nan nan nan
nan nan nan nan nan nan nan nan nan nan nan nan nan nan nan 12.792771352493586434 12.978689340099018423 12.861223471604008139 12.119721002108329699 11.702335498480806564 11.456251857435033159 11.335164022442027587 11.36376022125310925 11.324514995912867477 11.195920256298677486 10.944316483296656628 10.980817039888826514 11.039310060909130584 11.101716317899642306 11.094899380122514643 11.324089351852325791 11.355700175620070169 11.308501359295352273 11.196491900652160822 11.106596207436352231 11.017827286990412361 13.550985917766752209 15.074199137070120713 14.448890818770125932 14.629478083706592528 14.413157984614395346 14.192107652146200181 14.10736297705663489 18.696167078028466335 18.348874886591801214 18.21054488178544517 18.293855163616729698 13.151372537109608629 13.046836810046807287 12.984341696852325754 12.937721714384608163 12.946414243021937551 17.100043058852389066 13.145921129908344938 nan nan nan nan nan nan nan nan nan
nan nan nan nan nan nan nan nan nan nan nan nan nan nan nan nan 12.926721294409478702 12.783913295488956052 12.157504634033669433 11.649106029275351659 11.496351404567079157 11.584691814044502323 11.540981757252264828 11.472160804939575129 11.362509231188871794 11.142393799804663601 11.107206852690859833 11.221486529107338015 11.370849475672519802 11.286931003449643285 11.865102126496370971 11.791879075313390857 11.723849981099830231 11.342445039590336009 11.095703887037076996 11.086714356249098401 14.15088004856852244 20.322411742243371435 20.652778904266153148 20.421053167355839975 19.661075056544216721 19.289074087675508906 19.133579894554241463 18.665595468012860181 18.660047376389684359 18.482430704799636345 18.330204685469364989 18.115960163041648912 17.936909466290845927 17.774994619148550612 17.653522803657914153 17.297601102039543264 15.527239830557300948 nan nan nan nan nan nan nan nan nan nan
nan nan nan nan nan nan nan nan nan nan nan nan nan nan nan nan nan 12.828839338870201559 12.206272811983197357 11.789889360711097055 11.68962147534135454 11.751465967563847315 11.965832066278705881 11.862030913080905847 11.771446971035603113 11.402572620535512016 11.353101211240588242 11.785546919587780224 11.588394072392491196 11.934735220772925146 11.949714465731755553 11.866875425760577301 11.727179467442523375 11.380853334354320339 11.225316624010570621 11.821784534024603275 14.34266146903208039 20.868080756852350532 20.305406125786859661 20.248681705250181295 19.881729200559373538 19.576915702219324089 19.48364217684762778 18.050643420013166462 18.649215987219516677 18.541336048069375408 18.366761037345391117 17.904157783265866044 17.548790782912856656 17.526178402665351541 17.216730298348821293 16.792988536274275901 nan nan nan nan nan nan nan nan nan nan nan
nan nan nan nan nan nan nan nan nan nan nan nan nan nan nan nan nan 12.752912324098778285 12.172044099714224075 11.841140574970209443 11.736761145048983934 11.768993698496769795 11.761741972502163023 11.89718173413417901 11.96451834252163593 11.791943486082304915 11.559764912708008211 11.977621542822149081 12.001310860748581888 11.736267768386163368 11.999824399763042493 11.813525356852288439 11.657776817632797162 11.352835815825605081 11.275970297282009724 13.81089055216765793 15.496029605274818763 20.912827167132181927 19.658488528048678745 19.970388034369790375 19.644064851993867649 19.34117201397384278 19.568210042641783986 16.601392214730353203 17.628675160591921411 17.585985523915052653 17.898721850263509481 17.643001738844613868 17.465570035157114148 17.350104000175495145 16.955157548298139147 15.694680241669107801 nan nan nan nan nan nan nan nan nan nan nan
nan nan nan nan nan nan nan nan nan nan nan nan nan nan nan nan nan nan 12.098285054544897221 11.850053701667450312 11.758939024339815305 11.867921949106953861 12.045199105183293398 12.200408778190004355 12.197769272085965397 12.138292775234779342 11.953236286847598535 12.057099828787199769 12.05341302916535895 12.018439408271540003 11.958553300272596331 11.819720083192054361 11.640719563885445709 12.029126025235802544 11.700246360785014232 12.162921191288203815 15.191720057642028152 21.002762820354824669 18.679427467262019746 18.451088913457706298 18.816816729637526606 19.272380976128797414 19.802769836821937588 15.201343426158793193 15.77954333826579969 16.299761725275228486 14.052069260846140608 13.785118205737230568 14.648104163480855533 16.140518242316538533 16.081905721115354879 nan nan nan nan nan nan nan nan nan nan nan nan
nan nan nan nan nan nan nan nan nan nan nan nan nan nan nan nan nan nan 12.001367604128503785 11.923634078006683623 12.119384043504098258 12.239451043259208518 12.315789103800234727 12.216739074274798327 12.324290674549109426 12.282047865947818721 12.126603685468312577 11.806137407916180493 12.036037571229352139 11.715836431784346416 11.941195049578405829 11.379301459261560225 11.444022203361628343 11.934325002023763673 12.828630868423058331 13.577155710682548673 13.606039608561710352 15.214400476835718834 19.060273984917923684 16.856155910946100107 17.818481134514357223 18.382822611950818015 18.930142606186024068 13.177729590960922224 12.860613863810893776 10.721176982738676031 10.868576300331222129 13.782286550157968108 14.357766969770111132 14.09094366192579173 nan nan nan nan nan nan nan nan nan nan nan nan nan
nan nan nan nan nan nan nan nan nan nan nan nan nan nan nan nan nan nan nan nan 12.432341687672906261 12.394925425820179754 12.392564555831068418 12.27267837178900578 12.232558535767557473 12.188329408214169547 12.074469384735795785 12.11782389176986463 11.807245289319727277 12.009622766998321097 11.391851043345493366 11.514959688697700813 11.554598528636640609 12.988939713879071647 14.301719274571381035 14.484058045390225899 14.574311728789957954 15.41630367504721022 19.620452977576217535 15.777806118319899653 15.781425313451313386 16.59416928029651217 16.984037919992466925 11.606062690162374906 7.2854129650658494555 nan 11.997665707620640774 14.461544094880272482 nan nan nan nan nan nan nan nan nan nan nan nan nan nan nan
nan nan nan nan nan nan nan nan nan nan nan nan nan nan nan nan nan nan nan nan 12.579592382347904334 12.542015635396378315 12.354518904885493313 12.286596610841725052 12.199081080444379666 12.16089434652471013 12.073572659085103354 12.001535139852949285 11.868473977974186795 11.73553480064028065 11.99769327794299123 12.499953895966573469 14.791244733704607128 15.125187408829148694 15.324037248375997677 14.953094365118971609 15.29836122802286269 15.723227385599491512 21.61136370889294156 16.122634718896854622 14.69056848907931645 14.939454991390046956 13.066043360779159954 8.7154200439729887506 nan nan nan nan nan nan nan nan nan nan nan nan nan nan nan nan nan nan nan
nan nan nan nan nan nan nan nan nan nan nan nan nan nan nan nan nan nan nan nan 12.448033814067274605 12.362214305537410297 12.302076683955478487 12.253761067363550197 12.234758083540539175 12.114520180230288204 12.030881525385503039 11.943693306808313537 12.02008092975248843 12.726694316820733377 15.975325009282329347 23.576379870297326846 23.053901915321979743 23.596559336719984401 15.992972842473740513 15.499019194508669273 23.241117575683098551 22.222678467786405321 20.291288704228758633 17.052377504059172963 14.86017532545441 13.78213501070073832 12.270581629061233286 8.7697535652139677609 nan nan nan nan nan nan nan nan nan nan nan nan nan nan nan nan nan nan nan
nan nan nan nan nan nan nan nan nan nan nan nan nan nan nan nan nan nan nan nan 12.737483729322864434 12.706395070395325675 12.505507976795000147 12.648253601529962253 12.490244340875714002 12.255035112842172396 12.153196491836062876 12.01767092590183772 11.887345197778115491 12.723882895819293992 24.077401082782277086 19.914780653377849973 23.554957163118679375 23.801963751763647537 23.596591149446968672 22.513279466337483115 21.829794547952946715 20.515254828076827209 18.384053499823892253 17.097852540981207881 15.146236042035187808 13.547675948529736445 12.59373269370754933 8.3259305333809638938 nan nan nan nan nan nan nan nan nan nan nan nan nan nan nan nan nan nan nan
nan nan nan nan nan nan nan nan nan nan nan nan nan nan nan nan nan nan nan nan nan 15.120779351761196807 13.788254033700647838 13.67078959407903227 13.354233564219367025 12.395097594137682862 12.337622926342527663 12.154638516008017035 11.921503854083621121 12.606170281918018361 16.745375725431003389 17.950472368363236342 23.584007510914787531 23.258115069711131184 23.119207181885403912 18.494118207547924015 18.245551215488241326 17.783123745252776615 16.957922673380629419 16.68317699117495323 15.250854283357549335 13.147142226255930098 11.43559107199847702 nan nan nan nan nan nan nan nan nan nan nan nan nan nan nan nan nan nan nan nan
nan nan nan nan nan nan nan nan nan nan nan nan nan nan nan nan nan nan nan nan nan 15.192978500475977199 14.089791768459900112 13.939360879767864532 13.68552861828247913 12.768930300790582777 12.59305062142885312 12.366192398880553327 12.553541916693577107 14.448943681186733556 16.776020188197385608 16.287566414024681194 20.291313353107902628 23.468243307253537466 21.115906256208408109 14.383255876521360506 15.692587780691409804 15.848258401451142063 15.93022036324932067 15.878075476279207123 14.704662870255001295 11.929416054018810556 10.097715195717739789 nan nan nan nan nan nan nan nan nan nan nan nan nan nan nan nan nan nan nan nan
nan nan nan nan nan nan nan nan nan nan nan nan nan nan nan nan nan nan nan nan 16.023637867675091684 15.450889819425718485 15.243759699013402553 15.013134434822109853 13.951282143047253115 13.655363627607730592 12.882555957822663828 12.650585664186229096 15.267458040661493257 24.406281599814917627 23.863178168052492367 17.642750442963784252 15.63272365316088397 18.488492254982215712 12.989559768400965822 12.4415973641977331 14.521025140506349516 13.018093613929512031 14.01327863748195135 14.823652196572348672 13.347523128351516775 10.649019773532749866 nan nan nan nan nan nan nan nan nan nan nan nan nan nan nan nan nan nan nan nan nan
nan nan nan nan nan nan nan nan nan nan nan nan nan nan nan nan nan nan nan 25.167337384327225891 16.096389967817430033 15.837805016061103913 15.644384112341379378 15.461902921486240459 15.00374670502802843 13.936612056443003382 13.748314545789289909 13.039146701735305101 16.234738045168484177 24.160277225711855209 23.542186173438636843 21.681457582595751177 20.176931145418873115 16.339217657313398036 14.578226028190865549 12.54666926307343644 12.794507663271952325 10.952301178192358933 11.499070147122859353 12.664759751172789848 11.332836807851558447 nan nan nan nan nan nan nan nan nan nan nan nan nan nan nan nan nan nan nan nan nan nan
nan nan nan nan nan nan nan nan nan nan nan nan nan nan nan nan nan 24.41149447961685226 26.324706885250972022 24.790992279095910078 24.151911682672128734 23.941008653758924396 16.044761566774905504 15.921983697118266221 15.533470028486840775 15.180314437373981562 15.113973309364734376 14.922608385925643759 24.803062844256501762 24.26653602094094353 24.089842446847931967 19.359965738097415056 17.335835278323557418 18.883332158453796978 18.773455465305353584 nan nan nan nan nan nan nan nan nan nan nan nan nan nan nan nan nan nan nan nan nan nan nan nan nan nan nan nan
nan nan nan nan nan nan nan nan nan nan nan nan nan nan nan nan 21.14716367278646203 25.744065284029748142 26.51370594899167088 25.377202537968308604 25.233790316638920359 24.962474219376328932 24.004646117258996441 16.246882854146171837 15.952640070474348732 15.772477176372399654 15.787403005176020798 15.677759337913943938 24.517528444581255798 23.256199246384785084 22.973131362808921097 22.149521085217990901 16.638884785452948023 nan nan nan nan nan nan nan nan nan nan nan nan nan nan nan nan nan nan nan nan nan nan nan nan nan nan nan nan nan nan
nan nan nan nan nan nan nan nan nan nan nan nan nan nan nan nan 21.285288138511511136 27.094967014015391982 26.066977795004813601 25.78950498254700463 25.773842558205771525 25.580990691009599658 25.380440629860974155 24.080903376472349464 16.113658894475641148 16.140825307926487397 23.687516697607637894 23.87350760435147734 24.779061590993901376 22.2610921186118631 22.773018943992596519 20.19967243590726369 nan nan nan nan nan nan nan nan nan nan nan nan nan nan nan nan nan nan nan nan nan nan nan nan nan nan nan nan nan nan nan
nan nan nan nan nan nan nan nan nan nan nan nan nan nan nan nan 22.329744964804948637 25.82247148023810368 25.41059932419070222 25.804159774097072955 26.243524046137810757 26.039431136125987365 25.290318502502532994 25.161116429133475236 25.094121546769724063 25.090124188005560768 24.898495531464924113 24.645334600486961563 24.528123252964977752 nan nan nan nan nan nan nan nan nan nan nan nan nan nan nan nan nan nan nan nan nan nan nan nan nan nan nan nan nan nan nan nan nan nan
nan nan nan nan nan nan nan nan nan nan nan nan nan nan nan nan nan 21.665277081413044868 20.832558649540246165 23.557455519339907113 25.035282312178882336 25.851553290664082141 25.976029352676405892 25.913731820333914868 24.700559236765212034 22.765769007487559605 24.742741916800930824 nan nan nan nan nan nan nan nan nan nan nan nan nan nan nan nan nan nan nan nan nan nan nan nan nan nan nan nan nan nan nan nan nan nan nan nan
nan nan nan nan nan nan nan nan nan nan nan nan nan nan nan nan nan nan nan 19.797141603067299087 19.743650790965183717 21.786305195695714332 21.042002747840339083 20.846298667216789369 nan nan nan nan nan nan nan nan nan nan nan nan nan nan nan nan nan nan nan nan nan nan nan nan nan nan nan nan nan nan nan nan nan nan nan nan nan nan nan
nan nan nan nan nan nan nan nan nan nan nan nan nan nan nan nan nan nan nan nan nan nan nan nan nan nan nan nan nan nan nan nan nan nan nan nan nan nan nan nan nan nan nan nan nan nan nan nan nan nan nan nan nan nan nan nan nan nan nan nan nan nan nan
