results/rofental/snowdepth_month_2020-07-01T0000_2020-07-31T2300.asc
ncols        322
nrows        225
xllcorner    622802.488000000012
yllcorner    5178049.378999999724
cellsize     100.000000000000
[rows 180 to 209 of 225, columns 134 to 200 of 322]
nan nan nan nan nan nan nan nan nan nan 0 0 0 0 0 0 0 0 0 0 0 0 0 0 0 0 2.2805478917116866072e-06 5.9204706951504512642e-06 1.0190831720390094021e-05 3.1220206848808680102e-05 0.10620645863992340951 0.24802882538888537667 0.19921981487945819578 0.16574153940992608636 0.23851744737004015873 0.94498795052858264309 1.2250823002239028536 1.3721435121314795591 1.134071758714009226 0.60582437794113852547 0.59664729911644476257 0.61593216417135632224 nan nan nan nan nan nan nan nan nan nan nan nan nan nan nan nan nan nan nan nan nan nan nan nan nan
nan nan nan nan nan nan nan nan nan nan nan nan 0 0 0 0 0 0 0 0 0 0 0 0 0 1.9289291787270922723e-06 1.5551844353953590719e-05 1.8957044968111274295e-05 1.8990366274179568189e-05 4.0030293117660116237e-05 0.059328521828715688469 0.45062198540507214517 0.51875606327496937009 0.38456239354784005346 0.28825488735661597417 1.0739665452909616938 1.5973702461797472107 nan 0.77709114940082624212 0.33527520277449196495 nan nan nan nan nan nan nan nan nan nan nan nan nan nan nan nan nan nan nan nan nan nan nan nan nan nan nan
nan nan nan nan nan nan nan nan nan nan nan nan 0 0 0 0 0 0 0 0 0 0 0 0.036352408087962424788 0.067980653083363346001 0.014205145784457608865 0.00028070303918551901866 2.2783642860889164264e-05 3.9170795919488444483e-05 5.3862659995490991954e-05 0.00013149520700395076508 0.2109277497736871676 0.50162696838381659603 0.5761224089257617198 0.7187341572815183488 0.76487167332576866396 nan nan nan nan nan nan nan nan nan nan nan nan nan nan nan nan nan nan nan nan nan nan nan nan nan nan nan nan nan nan nan
nan nan nan nan nan nan nan nan nan nan nan nan 0 0 0 0 0 0 0 0 0 0.031210095209735840005 0.27003614892471700104 0.28440313379793952242 0.1764241598114238696 0.03725440607832970763 0.019217502247681574057 0.00013884941080410134642 0.0059521987058573089246 0.0048141319831065806575 0.012668511076680424518 0.094666194544312715076 0.25872248650339285669 0.33326639231619165082 0.30881778481178850937 0.6147405149141474956 nan nan nan nan nan nan nan nan nan nan nan nan nan nan nan nan nan nan nan nan nan nan nan nan nan nan nan nan nan nan nan
nan nan nan nan nan nan nan nan nan nan nan nan 0 0 0 0 0 0 0 0 0 0 0.16125522232771510867 0.42174292250597833487 0.073598657561378996728 0.0080820193212346787964 0.060042026695297040506 0.1412962310341136507 0.18553036868051719921 0.11254384293148265994 0.094290528908878290526 0.11370817384124189131 0.17481231799301880092 0.21263497376225218294 0.25581283289701917116 1.1475430859120823168 nan nan nan nan nan nan nan nan nan nan nan nan nan nan nan nan nan nan nan nan nan nan nan nan nan nan nan nan nan nan nan
nan nan nan nan nan nan nan nan nan nan nan nan nan 6.9987623974630912136e-06 0 0 0 0 0 0 0 0 2.7692912990006037139e-05 0.59779340447672568715 0.09251081168995074766 0.063623546059576735479 0.12094352301248521842 0.54520586363005252295 0.53560073454569223639 0.32569222956615867526 0.23439947456029028294 0.15422954858539400513 0.18522987815300342995 0.30264616085479051355 0.21069020939880558907 nan nan nan nan nan nan nan nan nan nan nan nan nan nan nan nan nan nan nan nan nan nan nan nan nan nan nan nan nan nan nan nan
nan nan nan nan nan nan nan nan nan nan nan nan nan 0 0 0 0 0 0 0 0 1.6839333711350633383e-06 3.3130005999897000127e-05 0.80020839473761251615 0.29815094460421881495 0.17093209765899478048 0.22347000860683263745 0.89704914222888931796 0.62161976195991175409 0.44747002536059682365 0.36156426825169568628 0.25337173485316866195 0.2891882506514385498 0.52038815283490136299 0.68050099490617432796 nan nan nan nan nan nan nan nan nan nan nan nan nan nan nan nan nan nan nan nan nan nan nan nan nan nan nan nan nan nan nan nan
nan nan nan nan nan nan nan nan nan nan nan nan 0 0 0 0 0 0 0 0 0.007262069092568665743 0.064421132001265132838 0.0045215155077890705967 0.2195806896606769254 0.86694651002127409711 0.70001053573542415531 0.92648806876954947764 0.80822387522897043421 0.59533002396637724196 0.85859288614018058894 0.63870934141319968269 0.37163743681224098436 0.41245011417438603996 0.4689200128521092692 nan nan nan nan nan nan nan nan nan nan nan nan nan nan nan nan nan nan nan nan nan nan nan nan nan nan nan nan nan nan nan nan nan
nan nan nan nan nan nan nan nan nan nan nan 3.5813612924104224666e-08 0 0 0 0 0 0 0 0 8.3931618577911478075e-06 2.5395088245918381702e-05 5.6894105286401465199e-05 0.00013672133854534997827 0.00021976152794111257862 0.097613964625240162709 0.10160439451430251789 0.51058859245016041672 0.55399803295010563442 0.93954982313164470131 0.91096358382204312143 0.62842196060549193604 0.43615516544166105239 nan nan nan nan nan nan nan nan nan nan nan nan nan nan nan nan nan nan nan nan nan nan nan nan nan nan nan nan nan nan nan nan nan nan
nan nan nan nan nan nan nan nan nan 0.0278473976448524764 1.5027919562796276784e-06 2.7793816725664148764e-08 2.3573033879622241438e-08 2.3588882472416035507e-08 1.8419563013198032448e-08 2.4224288968442108575e-08 2.1261488993858003265e-08 1.4973374193230573544e-08 2.6740851479637624088e-08 1.8852314559601544469e-07 1.4086854101755224756e-05 2.376130846990823865e-05 5.7655616751861776586e-05 0.080486216749586142472 0.067731015992474954968 0.00029181646910380292089 0.00030796983415676840385 nan nan nan nan nan nan nan nan nan nan nan nan nan nan nan nan nan nan nan nan nan nan nan nan nan nan nan nan nan nan nan nan nan nan nan nan nan nan nan nan
nan nan nan nan nan nan nan nan 0.045736367626150943588 5.5870372338338369163e-05 1.883362635572735013e-06 1.854703495902976592e-07 4.9741959035744833877e-07 1.0574470057386313358e-06 4.2077611086419405709e-07 3.5225648468268781307e-07 3.8408689571217535579e-07 7.9056018874310359289e-07 1.9903687417778689355e-06 2.5925208815433250451e-06 1.5990397793050263966e-05 0.024617542617057591725 7.6184364272033382659e-05 0.00010998376973288902085 0.18991830083969307719 nan nan nan nan nan nan nan nan nan nan nan nan nan nan nan nan nan nan nan nan nan nan nan nan nan nan nan nan nan nan nan nan nan nan nan nan nan nan nan nan nan nan
nan nan nan nan nan nan nan nan 0.031940194771451484168 3.2975209880193731766e-05 9.1667664901460067149e-06 6.2729613018984843007e-06 3.7273099835957934264e-06 4.9068672320973885816e-06 3.7117006378921866373e-06 2.0961673524487306182e-06 1.3152179224098681524e-06 2.5064871136390501508e-06 6.6785392837935436366e-06 9.3452172676461243213e-06 1.7079730071763681151e-05 0.0050842075833975692786 0.00010342377761637469601 0.00015913538304587241897 nan nan nan nan nan nan nan nan nan nan nan nan nan nan nan nan nan nan nan nan nan nan nan nan nan nan nan nan nan nan nan nan nan nan nan nan nan nan nan nan nan nan nan
nan nan nan nan nan nan nan nan 0.019861665623637763528 0.0059957345605447503328 0.035424599915192901689 0.020108735624703336781 9.3648990823269143168e-05 1.5974162881482356267e-05 0.001355553447350375286 0.026542757955054268465 0.025160719188704220445 0.0051705435842910050029 1.7289819590576555161e-05 0.0028244394216038340786 2.3591864933123260208e-05 nan nan nan nan nan nan nan nan nan nan nan nan nan nan nan nan nan nan nan nan nan nan nan nan nan nan nan nan nan nan nan nan nan nan nan nan nan nan nan nan nan nan nan nan nan nan
nan nan nan nan nan nan nan nan nan 0.12992570014567625392 0.20444946780109790607 0.10625963844486729926 0.036860654720813845753 0.01402897241486789244 0.011119285881304423122 0.018743649031682338424 0.11713143061919263632 0.22912989210759143743 0.027410339829366022618 nan nan nan nan nan nan nan nan nan nan nan nan nan nan nan nan nan nan nan nan nan nan nan nan nan nan nan nan nan nan nan nan nan nan nan nan nan nan nan nan nan nan nan nan nan nan nan nan
nan nan nan nan nan nan nan nan nan nan nan 0.27749818034640150177 0.35778097295531074984 0.19321832427223972761 0.25368597073524151719 0.19381011924218591314 nan nan nan nan nan nan nan nan nan nan nan nan nan nan nan nan nan nan nan nan nan nan nan nan nan nan nan nan nan nan nan nan nan nan nan nan nan nan nan nan nan nan nan nan nan nan nan nan nan nan nan
nan nan nan nan nan nan nan nan nan nan nan nan nan nan nan nan nan nan nan nan nan nan nan nan nan nan nan nan nan nan nan nan nan nan nan nan nan nan nan nan nan nan nan nan nan nan nan nan nan nan nan nan nan nan nan nan nan nan nan nan nan nan nan nan nan nan nan
nan nan nan nan nan nan nan nan nan nan nan nan nan nan nan nan nan nan nan nan nan nan nan nan nan nan nan nan nan nan nan nan nan nan nan nan nan nan nan nan nan nan nan nan nan nan nan nan nan nan nan nan nan nan nan nan nan nan nan nan nan nan nan nan nan nan nan
nan nan nan nan nan nan nan nan nan nan nan nan nan nan nan nan nan nan nan nan nan nan nan nan nan nan nan nan nan nan nan nan nan nan nan nan nan nan nan nan nan nan nan nan nan nan nan nan nan nan nan nan nan nan nan nan nan nan nan nan nan nan nan nan nan nan nan
nan nan nan nan nan nan nan nan nan nan nan nan nan nan nan nan nan nan nan nan nan nan nan nan nan nan nan nan nan nan nan nan nan nan nan nan nan nan nan nan nan nan nan nan nan nan nan nan nan nan nan nan nan nan nan nan nan nan nan nan nan nan nan nan nan nan nan
nan nan nan nan nan nan nan nan nan nan nan nan nan nan nan nan nan nan nan nan nan nan nan nan nan nan nan nan nan nan nan nan nan nan nan nan nan nan nan nan nan nan nan nan nan nan nan nan nan nan nan nan nan nan nan nan nan nan nan nan nan nan nan nan nan nan nan
nan nan nan nan nan nan nan nan nan nan nan nan nan nan nan nan nan nan nan nan nan nan nan nan nan nan nan nan nan nan nan nan nan nan nan nan nan nan nan nan nan nan nan nan nan nan nan nan nan nan nan nan nan nan nan nan nan nan nan nan nan nan nan nan nan nan nan
nan nan nan nan nan nan nan nan nan nan nan nan nan nan nan nan nan nan nan nan nan nan nan nan nan nan nan nan nan nan nan nan nan nan nan nan nan nan nan nan nan nan nan nan nan nan nan nan nan nan nan nan nan nan nan nan nan nan nan nan nan nan nan nan nan nan nan
nan nan nan nan nan nan nan nan nan nan nan nan nan nan nan nan nan nan nan nan nan nan nan nan nan nan nan nan nan nan nan nan nan nan nan nan nan nan nan nan nan nan nan nan nan nan nan nan nan nan nan nan nan nan nan nan nan nan nan nan nan nan nan nan nan nan nan
nan nan nan nan nan nan nan nan nan nan nan nan nan nan nan nan nan nan nan nan nan nan nan nan nan nan nan nan nan nan nan nan nan nan nan nan nan nan nan nan nan nan nan nan nan nan nan nan nan nan nan nan nan nan nan nan nan nan nan nan nan nan nan nan nan nan nan
nan nan nan nan nan nan nan nan nan nan nan nan nan nan nan nan nan nan nan nan nan nan nan nan nan nan nan nan nan nan nan nan nan nan nan nan nan nan nan nan nan nan nan nan nan nan nan nan nan nan nan nan nan nan nan nan nan nan nan nan nan nan nan nan nan nan nan
nan nan nan nan nan nan nan nan nan nan nan nan nan nan nan nan nan nan nan nan nan nan nan nan nan nan nan nan nan nan nan nan nan nan nan nan nan nan nan nan nan nan nan nan nan nan nan nan nan nan nan nan nan nan nan nan nan nan nan nan nan nan nan nan nan nan nan
nan nan nan nan nan nan nan nan nan nan nan nan nan nan nan nan nan nan nan nan nan nan nan nan nan nan nan nan nan nan nan nan nan nan nan nan nan nan nan nan nan nan nan nan nan nan nan nan nan nan nan nan nan nan nan nan nan nan nan nan nan nan nan nan nan nan nan
nan nan nan nan nan nan nan nan nan nan nan nan nan nan nan nan nan nan nan nan nan nan nan nan nan nan nan nan nan nan nan nan nan nan nan nan nan nan nan nan nan nan nan nan nan nan nan nan nan nan nan nan nan nan nan nan nan nan nan nan nan nan nan nan nan nan nan
nan nan nan nan nan nan nan nan nan nan nan nan nan nan nan nan nan nan nan nan nan nan nan nan nan nan nan nan nan nan nan nan nan nan nan nan nan nan nan nan nan nan nan nan nan nan nan nan nan nan nan nan nan nan nan nan nan nan nan nan nan nan nan nan nan nan nan
nan nan nan nan nan nan nan nan nan nan nan nan nan nan nan nan nan nan nan nan nan nan nan nan nan nan nan nan nan nan nan nan nan nan nan nan nan nan nan nan nan nan nan nan nan nan nan nan nan nan nan nan nan nan nan nan nan nan nan nan nan nan nan nan nan nan nan
