results/rofental/snowdepth_month_2019-10-01T0000_2019-10-31T2300.asc
ncols        322
nrows        225
xllcorner    622802.488000000012
yllcorner    5178049.378999999724
cellsize     100.000000000000
[rows 108 to 134 of 225, columns 180 to 239 of 322]
0.0026769056573039658534 0.0028858339590657538717 0.0034593698738271286101 0.0039059035755037163629 0.004275747411491469252 0.0039590470372062929946 0.0035827785999524206471 0.0034602841103364323679 0.0033816582241404228616 0.0027641704982418117791 0.00201862897139228753 0.0015105791208674843821 0.0010542599279735446766 0.00062954238968279706886 0.00041408983626372967719 0.00021916058900299373985 0.00027367043227456808348 0.00042756759825741301809 0.0008540515119272506844 0.0015302406570284008552 0.0039674373406722611077 0.0053862074469302563193 0.0053720827729567084338 0.003987408743735775668 0.0023548146920630242881 0.004185948946567608249 0.0062025948002565256187 0.0067579823024306448151 0.0069701941319609611245 0.0067718910689469414069 0.0063688244187087477213 0.0062448010737700225536 0.0064254663396189314051 0.0066140479250691355112 0.0061777784310874097815 0.0063764592400502081299 0.0070850183692197591517 0.0076868239852232404102 0.0077008064775536816393 0.0074927423339592666429 0.0074760280708741581185 0.0062864147024005003275 nan nan nan nan nan nan nan nan nan nan nan nan nan nan nan nan nan nan
0.0024147767754799016361 0.0024230978884007335454 0.0029958372465819925641 0.0033103102948980334119 0.0035501372642686894812 0.0037394079779281296817 0.0037937865769808974681 0.0036687743699536441884 0.0034273207141388879748 0.0026886293073326013141 0.0016226049274309928272 0.00085221739813918812468 0.00051431445443665896669 0.00034141427868337504998 0.00025314189357848526163 0.00021483698278700554571 0.0003426436482596222576 0.00067844685669400661698 0.0022421591498044657863 0.0026288238903620000236 0.0051377997545540990756 0.0064217996628747426799 0.006845283576701287169 0.0050203922265414221635 0.0027136396835785964003 0.0040880297081305151316 0.0064054422660213593613 0.0078350918013848584037 0.0083899839622096489267 0.0083587994583376491742 0.0082850086381649062917 0.0081675543437947795838 0.0080012307408480753956 0.0082109598532667596449 0.0082544530569316626467 0.0083892762634288006729 0.0085962290285084425046 0.0092025349240331746903 0.0092521960030843997808 0.0088387911218191800994 nan nan nan nan nan nan nan nan nan nan nan nan nan nan nan nan nan nan nan nan
0.0024111125267919889144 0.0024669835523240327135 0.0027516122234290418293 0.0030154858525561776053 0.0033326750150681331598 0.0034716309771677519511 0.0034240117169650435662 0.0030216274094273108848 0.0026220430447136153056 0.0018549069412199699347 0.0010728159319048562008 0.00069850936667937863628 0.00043765847989365427775 0.00023564931442226032927 0.00022083991162491931558 0.00036623400406692247552 0.00046975673163914010745 0.0011246957687030705898 0.002837260796723790543 0.0043946941277066891782 0.0065734660487645774768 0.0074911915861414161283 0.0068236532382578611935 0.0058680725788849462735 0.0039104799164573211812 0.0044508105263582654898 0.0077966756411261897708 0.0089822975452611350522 0.0096134282881218616895 0.0097286731266922159278 0.009468201021773221121 0.0095700744068425661754 0.0093673834269211095349 0.0090548733472885431506 0.0096874094618415798608 0.0098528780305693307306 0.0094109039418827054868 0.007460850677840021733 nan nan nan nan nan nan nan nan nan nan nan nan nan nan nan nan nan nan nan nan nan nan
0.0020330850079192126084 0.0021440815390848899473 0.0024706280597926694002 0.0028774483416202532512 0.0032253892289094820284 0.0031445593668405803778 0.0029047107107534118724 0.0023483000317264220505 0.0017373959525658197109 0.00090710646995251339921 0.00062107838540364135229 0.00048916833668806209041 0.0003133383486813482539 0.00025331688176211261069 0.00041769143255957819939 0.00047352137864065249129 0.00078935427735833663381 0.0014602302203689731478 0.0028113247153697968478 0.0048362197097872742027 0.0071777664325365824263 0.0077070367718761068759 0.0077640816684090997041 0.0078271649394602935829 0.0057866815419354939928 0.0040257103399365719992 0.0081029821846003227681 0.009740598629810836781 0.010228438279229092392 0.010653150796655281793 0.010709850984323808151 0.010362816221638520425 0.0082492508535885397669 0.0080501673427691954055 0.010689311312225627248 0.010046978453328534245 0.0085613724687640842259 nan nan nan nan nan nan nan nan nan nan nan nan nan nan nan nan nan nan nan nan nan nan nan
0.0015038760188369197819 0.0015840197100003108096 0.0017566814781492402081 0.0021713298379198828388 0.0025369281722455718983 0.0026278353505551771407 0.0023784178731813452289 0.0018888800903801529138 0.0011767871941017074653 0.00068552799127117463891 0.00048641487344899884656 0.00035122276077355932223 0.00028480583369759035527 0.00043504003334781732792 0.00086446288730160456438 0.0010161462270112512664 0.0012437992114250567919 0.0026541227323091955669 0.0037123283275795472373 0.0047749807012974496492 0.0084822712180536961879 0.0091422667874766841423 0.0092603172354583634246 0.0089154273273138046063 0.0065552537804523889481 0.0039509645514442222683 0.0050350319179307875123 0.0089093132261848142356 0.010686212367370025514 0.011328852629535394667 0.0092851541469198013018 0.0078327855828134573118 0.0088969680134807598015 0.0097926100270625225652 0.012272209866640192838 0.010455502626183445572 nan nan nan nan nan nan nan nan nan nan nan nan nan nan nan nan nan nan nan nan nan nan nan nan
0.0015995772418118891188 0.0010944461418038542531 0.0012469107060840511989 0.0014147914195524558065 0.0017777686439416130228 0.0019948910852910757899 0.0015480030468383930257 0.0009897532434468296527 0.00068199084830066684752 0.00053586912999605560218 0.00038412713530828731037 0.00034568046705441875114 0.00051093321270163341487 0.00050458442026621926502 0.0010327238871802677661 0.0021654567563489076146 0.0028599226884718593686 0.0050018578259892381224 0.0060942834428036659483 0.0060304505064190600319 0.0079637824730313840071 0.0083561927118532258046 0.009018980554315967485 0.0093768146193229477692 0.0073910174152817089202 0.0043724437203698455351 0.0043114065490166761374 0.0072966699933232582673 0.011683954935465845279 0.0097720061520714315839 0.0089950678893798742541 0.010039598340731058224 0.0097493502572586054206 0.012717826258432008216 nan nan nan nan nan nan nan nan nan nan nan nan nan nan nan nan nan nan nan nan nan nan nan nan nan nan
0.0021820607727978001342 0.001202565822322711718 0.00088069524400404279769 0.00080829310209460302969 0.0011200116636466558254 0.0013300690262353213368 0.0013739047958255857802 0.00086826637462706658926 0.00049105033407299077033 0.00039210418246035194743 0.00030970931653067127441 0.00050702872206315836769 0.0008936203298089098095 0.0011415145278005406262 0.0018428562823408580797 0.0030926441738902974224 0.0040290186405732598962 0.0045685766482834334196 0.0062530139459262114657 0.0079581125845274609809 0.00875187965065990503 0.0076989281118690078287 0.0072188550697792567418 0.0085508117845155984932 0.0077910092495795278331 0.0048974444405161078955 0.0041089882326196362772 0.0051752897960675933731 0.011447944251578587652 0.010416205041038692838 0.010151675325162465291 0.01062094606382007686 0.010701236913093326031 0.019555182361217827297 nan nan nan nan nan nan nan nan nan nan nan nan nan nan nan nan nan nan nan nan nan nan nan nan nan nan
0.0031439870205358703102 0.001893016463626421295 0.0009020887417556884471 0.00055436650272847130382 0.00055523402496600207483 0.00075585405951338535332 0.00074304178577798321147 0.00058556753774477139987 0.00042576156621280817141 0.00033718333085952224793 0.00047522229779839192821 0.00071559136784887355381 0.0012852417566733950662 0.0020386141415675265894 0.00268615504811937824 0.0032557890991898453918 0.0035178799276144941295 0.0038140826260758542432 0.0046432828884420043053 0.0070679066137430586469 0.0093164887823436997455 0.0096038420598020743379 0.0097352051881225525054 0.0089797012094257368242 0.0082686154504797264309 0.0075617951715607643545 0.0045972624404339024196 0.0047299020513302536539 0.011701278024094124985 0.015368741621629046848 0.012975690422893544629 0.012706843201023167514 0.013574505854384284406 0.025206435679575724812 nan nan nan nan nan nan nan nan nan nan nan nan nan nan nan nan nan nan nan nan nan nan nan nan nan nan
0.0028774190553273871866 0.0025404024773795753044 0.0017063350120552771456 0.00071025732001610589975 0.00036912915311002666031 0.00042777926093444547644 0.00050889347534996550674 0.00035409717789652741908 0.00044550444369484545415 0.001036382707104151462 0.0011139839020537346901 0.0014611596017877321284 0.0026858957968976015021 0.0037250342909374047073 0.0047117086341125439392 0.0061308183619551348195 0.0066457242852635779393 0.0051934597085984144163 0.0045930270485193850846 0.0049042179359736854868 0.010668289211583057569 0.011438655469361532976 0.010979680551032653876 0.0096562781685057240411 0.0089659851418727471578 0.0088489236300430904741 0.007009444606865576112 0.0068611364126324380849 0.015668448527666332254 0.025471954788198650221 0.021008333758957945664 0.021151085117418144677 0.025904171742380993626 0.025923024081378739925 nan nan nan nan nan nan nan nan nan nan nan nan nan nan nan nan nan nan nan nan nan nan nan nan nan nan
0.0025790761139270418703 0.0023075074029274313114 0.0014876758550115818693 0.00087321359327479557231 0.00051616090139321722016 0.00036361913472182519694 0.00041431873300436553812 0.00081140082176882203421 0.0010236627895357157218 0.0017765070280255544025 0.0021899620879540942532 0.0025354315505537457047 0.0050468695258267092657 0.0063170179887035021737 0.0063893463068462911722 0.0075449825685240693926 0.0086712765638742358293 0.0093600456424941316791 0.0097764606983833171605 0.0087425237681704338205 0.0094750788326440488207 0.012102809679117122743 0.011898254064150657477 0.011827948462652547804 0.011444501473955256271 0.010747260650623022271 0.008969040091241360993 0.0077296805364379288575 0.016700031077855458789 0.03363205269366416339 0.033636788658455381296 0.033015135120472112462 0.036143470966937062128 nan nan nan nan nan nan nan nan nan nan nan nan nan nan nan nan nan nan nan nan nan nan nan nan nan nan nan
0.0019857399978165392838 0.0020613558193550395037 0.0017225338186728428921 0.00090034037054027079173 0.00055941321635550992925 0.00044675866300356232349 0.00065930876096242474298 0.0013058818699572375972 0.0018121057213032125237 0.0027630986706983027418 0.003969842838170990415 0.0046199844103828550251 0.006603731296219965928 0.0073859786379812698842 0.0074619464540211727713 0.0082867275445122953043 0.0092205565055600516994 0.010269559174167552928 0.011064693039812476677 0.012388388757225770112 0.011159923245327892094 0.01100570215543595666 0.011996793163286584294 0.012252534090539333664 0.011785714097486622159 0.010940767727490557926 0.010090567072374835231 0.012126254679306058826 0.020191239537052818598 0.036410664406481295374 0.047524901517410789165 0.047094501840516188318 nan nan nan nan nan nan nan nan nan nan nan nan nan nan nan nan nan nan nan nan nan nan nan nan nan nan nan nan
0.0017008637754508068064 0.0014941377567960962593 0.001334779807907090967 0.00088993873715121577656 0.00061116898445478249138 0.00064305593391510683116 0.00080645813281376088014 0.0020931405245638991068 0.0025370980986676298398 0.003553908350761110415 0.0054309141034030476367 0.0070352319144230237094 0.0077575430252687241697 0.0083425324177386472185 0.008442707585660394129 0.0094784049212215722852 0.010411588466360260571 0.010978057667121237859 0.011900764616012018612 0.012387162952569120977 0.010884521923828032602 0.010884469381091979936 0.012330112395441671438 0.011907076521949319647 0.011712859741795193791 0.011458260588079496184 0.011418358491772570562 0.020282222731306941144 0.031990192781754397955 0.041535896986327397462 0.073878123151129473922 nan nan nan nan nan nan nan nan nan nan nan nan nan nan nan nan nan nan nan nan nan nan nan nan nan nan nan nan nan
0.0017421981594473764498 0.0014201504111977065418 0.0012207749092474891404 0.00095068847352587876158 0.00064047612795338645063 0.00096965525789062870492 0.0010477923306249044885 0.0029295299406106676404 0.0041053421723914202551 0.0047964174972812134712 0.0068577057204876291571 0.0082870246933115180449 0.0090260449486813873476 0.0093047424895552708485 0.0097317597966506408369 0.010134024451931901781 0.011469840379561674001 0.016383657094839812474 0.018220670351568237638 0.01532898409724221811 0.012173144951449268655 0.011918395686347966339 0.016462851224898406022 0.016363667118683932616 0.017527846465970432083 0.016144775715128085319 0.022226726775019075427 0.030692116662720259068 0.034338962913084331019 0.046784476064906189985 0.088397968372337820675 nan nan nan nan nan nan nan nan nan nan nan nan nan nan nan nan nan nan nan nan nan nan nan nan nan nan nan nan nan
0.0019648793778463463297 0.0012694140455871173734 0.0010621392578685265838 0.00090134347793151845061 0.0006710884357768786895 0.0011475271100570738798 0.0011323134298320215643 0.0020444282594866518277 0.0047799467270094042615 0.005884533668634004018 0.0074844913802166292485 0.0091145091099176477056 0.010029248374208451708 0.010640031353483481516 0.010604254462335338874 0.011621901613692975364 0.015279395385493284298 0.025755448462246605806 0.019557947927501505292 0.017219679064929892948 0.013914580481940349785 0.012499676147708705873 0.017424247448824422418 0.020895233542513831637 0.022709610313907526574 0.019999378914236018434 0.024706054156038520508 0.038153097600060997818 0.042059307848878624281 0.052649781281917384934 0.10943353225857026245 nan nan nan nan nan nan nan nan nan nan nan nan nan nan nan nan nan nan nan nan nan nan nan nan nan nan nan nan nan
0.0020205313704540332244 0.0012775365280327819015 0.00066033934925748471664 0.00065828573186772244841 0.00086851924284207218576 0.001878985145735745637 0.0024659323797742056794 0.0028221857100286908485 0.0039907341930471009958 0.0044352775457833460912 0.00625773445819418489 0.0079897957029300969989 0.010021129534765546229 0.011130628915398741233 0.012421473415877095497 0.019019307695117174811 0.025374447312564333418 0.02823198699390116681 0.020654850459372164212 0.01975897315941420665 0.017485802209618019065 0.018686506383269550075 0.022735998698550075742 0.022884888981312585809 0.023268277319750976101 0.022743992896435388795 0.025424926012097361777 0.039636129766766559079 0.044674673877292923885 0.052064162293683054206 0.071523981131937003353 nan nan nan nan nan nan nan nan nan nan nan nan nan nan nan nan nan nan nan nan nan nan nan nan nan nan nan nan nan
0.0017334812132267303671 0.0011542426738398001325 0.00079770137355883105612 0.0010291141487736360158 0.0013297305202672794495 0.0018802825975776332572 0.0029045926265409975804 0.0035551601635740548261 0.0044072997244382549828 0.0045371276490919288174 0.0055666162213819916568 0.0068279596753618504099 0.010099782335069328043 0.01258837059968526649 0.017000698275735429132 0.025798708183051893145 0.031676006990765441518 0.026984175697466760563 0.024126109455358916989 0.024871539651374625912 0.025441687032042081817 0.027204815849793721749 0.027839831607095112675 0.027123210617794525634 0.026213818226063483746 0.027451718289495777997 0.023198565136380775581 0.024213344831692754089 0.031890996922327663476 0.039736102074621151847 0.049948970579176812934 nan nan nan nan nan nan nan nan nan nan nan nan nan nan nan nan nan nan nan nan nan nan nan nan nan nan nan nan nan
0.001249998490397959865 0.00097399763252057117678 0.00077601047672951084001 0.0013245306425968916917 0.0017222008516482574612 0.002244193279730351525 0.0032078103848045824709 0.0037936486267286526411 0.0042987987629472083906 0.0053397031594290458173 0.0069318350274618157139 0.0080359640486251347757 0.010387421965982263777 0.015691331247749230188 0.024281514898356157395 0.03568294310126829405 0.037804549363166704834 0.029422246551427007344 0.02612403656167596247 0.024757719831225374202 0.026070569071845746401 0.027513539895044319961 0.029036929448888651462 0.02859354499451774792 0.025934530968104090726 0.028180863652478561204 0.030341111072804408805 0.026105566703081482111 0.030720715421898171782 0.042057036853931292764 0.050877078827501809322 nan nan nan nan nan nan nan nan nan nan nan nan nan nan nan nan nan nan nan nan nan nan nan nan nan nan nan nan nan
0.0010931306520786663369 0.00087761598192501232094 0.0012779081825631318382 0.0015760431538217752577 0.0021783543229609153569 0.0028289179986085433161 0.0037334180238569954387 0.0041486504355870866198 0.0044489276857665625495 0.0055728443565216719685 0.0075716766368345168187 0.0089312568734697377754 0.013222425154441993372 0.018366800503894522428 0.028505660777861079741 0.037234533919878694264 0.035470788106895238812 0.035846051228170305869 0.032666776609435468903 0.031746412770547245696 0.031830819606856138038 0.031803078211537348652 0.031999982776965807396 0.030974600691709472389 0.0302216502391350339 0.033496388366538017156 0.035420217728100632237 0.03451396490979974363 0.033810813861314618911 0.046132207767837662971 0.049777716630766515038 nan nan nan nan nan nan nan nan nan nan nan nan nan nan nan nan nan nan nan nan nan nan nan nan nan nan nan nan nan
0.00095178377698370360445 0.0012160840068200153442 0.0018367814397889693518 0.002136869359424573879 0.0025214843376785462011 0.0029057846922145298511 0.003207102353494119696 0.0036517606137864231514 0.0039909887544302205531 0.0051295430718117113883 0.0076068140759159418723 0.010684778020973381696 0.016546033550765771453 0.021747609493323768332 0.031344854748916350928 0.043948044701511965182 0.04131042994223031728 0.039590648002027890862 0.038353819760054350119 0.03654219455177402931 0.034906315878251797935 0.034481031207289139506 0.034145151728075182063 0.03370810291226008365 0.0359964937918733352 0.045819929081503139867 0.043621562444256710422 0.044395664819714054927 0.039459621602077173119 0.040347048178319119827 nan nan nan nan nan nan nan nan nan nan nan nan nan nan nan nan nan nan nan nan nan nan nan nan nan nan nan nan nan nan
0.0012965758634877102683 0.0016715253015915838321 0.0022475246516757995709 0.0027940841547532632196 0.0041587846577676654269 0.0059696404997212713234 0.0057423185646602271578 0.0051640117653154087377 0.0044960251746877502241 0.005459984948510913233 0.0074594458604274934549 0.010079860285993997096 0.017874647775419215401 0.023938741455626008636 0.03194768657612574031 0.049082837957220640246 0.055633941757190330524 0.0443246983481482143 0.042075799379470098238 0.039805111352121641533 0.037440903557689420023 0.035816285742714698559 0.035853109304263656998 0.035970579880608199996 0.038561786010031726124 0.051891472750609429765 0.056322197457205402937 0.050140446139273597836 0.048383648394617846666 0.052366042554073413684 nan nan nan nan nan nan nan nan nan nan nan nan nan nan nan nan nan nan nan nan nan nan nan nan nan nan nan nan nan nan
0.0021878798493037646816 0.001907280179139533632 0.0024024815615988179447 0.0034850784522218723228 0.0042986869229847983129 0.0063485614716759153006 0.0077941125798656925305 0.0080673916189618888328 0.0085143947859073684792 0.00873479524890328346 0.0083499741306273661534 0.012883935180370313309 0.021526452481812532319 0.034100325306702587713 0.041538070953085086401 0.053040279306832333051 0.046744582199812444168 0.045405927431252594839 0.042842576782160662896 0.041042659172136307377 0.038957254911069862102 0.038008398340475868515 0.038084707651107004012 0.037578599884219250626 0.039022266573176936366 0.048638671747331801987 0.071806480685704790479 0.066896368360012573029 0.058430736465127204593 0.054215380586885096592 nan nan nan nan nan nan nan nan nan nan nan nan nan nan nan nan nan nan nan nan nan nan nan nan nan nan nan nan nan nan
0.0027711372878704136104 0.0029253885380273575954 0.0022923524673762055506 0.0026826670268797194949 0.003761268619098413063 0.0045063067526527385981 0.0058192247640129262862 0.0076147234432616516669 0.0080053468601252158326 0.0094191029823568490215 0.011817840432232768269 0.01535315165178767309 0.018860205650150875523 0.030652685718523614566 0.041247944551216657316 0.053257412945290481809 0.054255460118952228421 0.047462771918310608932 0.043300733200332695849 0.041794647704771870078 0.040419136012456093054 0.040466623771054886782 0.041008231612131192112 0.041945268689990738986 0.043351084984042456694 0.046748025574641499658 0.081278952333192003299 0.10957152747067426535 nan nan nan nan nan nan nan nan nan nan nan nan nan nan nan nan nan nan nan nan nan nan nan nan nan nan nan nan nan nan nan nan
0.0027703161297665565392 0.0050423008698588676554 0.0039956521952485453408 0.0030371959538746211293 0.0030279207833840788774 0.0031303567961549249102 0.0034092097977253023322 0.0041219328393272691713 0.0067917225415929875082 0.0097563685509609570506 0.011909319089013992166 0.017242387686424144599 0.02325165607757586142 0.0294377627949538416 0.035534835331580874596 0.047309645185599671913 0.061116516115724661695 0.052603562688673395631 0.04903355935248115971 0.047633768566756155838 0.045724579620264008128 0.04560653178186733353 0.053106716519051667957 0.062097644564640203102 0.051462068861170370826 0.04959884092279608081 0.062802621183487589152 nan nan nan nan nan nan nan nan nan nan nan nan nan nan nan nan nan nan nan nan nan nan nan nan nan nan nan nan nan nan nan nan nan
0.004021341912239015555 0.0046213485713816710929 0.0065955911399431764452 0.0055746147664618864517 0.0044278066223804131082 0.0053471559544556760898 0.0078779354777703553686 0.0074381058271244804292 0.0058804960684113892141 0.007724326754563929677 0.012523624070845871398 0.01651686037045444963 0.018973429053393248145 0.020290482289566539459 0.025947193954381483905 0.040902206183107359116 0.073200964908452487157 0.069499148236604205153 0.064009956671082932078 0.060107816968463546881 0.065415801851429519753 0.083592222290067644264 0.10541358901310751706 0.083322309591197990519 0.05845427147258601408 0.057360790914624718018 nan nan nan nan nan nan nan nan nan nan nan nan nan nan nan nan nan nan nan nan nan nan nan nan nan nan nan nan nan nan nan nan nan nan
0.0061629994278384093997 0.0064378154592489213875 0.0076895461727700805885 0.0077886446267620406542 0.0068321397312405066082 0.0051596775519928720841 0.0045006014663268320911 0.0079670433557656687024 0.010669027145862134201 0.015092248436117358321 0.01739442703763326159 0.018251162411891938553 0.021278495942135208091 0.02445970572555606487 0.031041596877467023813 0.041764363429454179344 0.067475179002994947752 0.088298959175061780824 0.091321017148358801796 0.095778674557655388289 0.089298880146430364979 nan nan nan 0.06584687384029956625 nan nan nan nan nan nan nan nan nan nan nan nan nan nan nan nan nan nan nan nan nan nan nan nan nan nan nan nan nan nan nan nan nan nan nan
0.0060697297815054864628 0.0070588016433683247255 0.0082965990387286695645 0.0090866835708973536095 0.0092733821906207224844 0.0076753645335048727161 0.005236588783518296604 0.0065621130733114329397 0.01122571874555324152 0.017344921923090360349 0.017919733425922720893 0.018707831876156860024 0.022955936646415157215 0.0301414731722265683 0.038088784296812110142 0.046599250291744151453 0.077174471335368255431 0.12231159041551653566 nan nan nan nan nan nan nan nan nan nan nan nan nan nan nan nan nan nan nan nan nan nan nan nan nan nan nan nan nan nan nan nan nan nan nan nan nan nan nan nan nan nan
0.0071277462385895221791 0.0077344672024303980432 0.0082304892889497813235 0.0093508895543783446952 0.010478953528059992487 0.010946563512106580532 0.0092545203916916136261 0.0072906112945623534685 0.0082976060472516269956 0.013386467700732800762 0.018790269016457916695 0.021277709714974855915 0.025563648549141886057 0.034008957678799044133 0.044630095176671005786 0.052059300465842138494 0.066925498459359258896 nan nan nan nan nan nan nan nan nan nan nan nan nan nan nan nan nan nan nan nan nan nan nan nan nan nan nan nan nan nan nan nan nan nan nan nan nan nan nan nan nan nan nan
