results/rofental/snowdepth_month_2020-05-01T0000_2020-05-31T2300.asc
ncols        322
nrows        225
xllcorner    622802.488000000012
yllcorner    5178049.378999999724
cellsize     100.000000000000
[rows 135 to 161 of 225, columns 62 to 123 of 322]
nan nan nan nan nan nan nan nan nan nan nan nan nan nan nan nan nan nan nan nan nan nan nan nan nan nan nan nan nan nan nan nan nan nan nan nan nan nan nan nan nan nan nan nan nan nan nan nan nan nan nan nan nan nan nan nan 1.8693438844938927712 1.7356744675263588995 1.3918817500852129765 1.1184155083308096046 1.0171664484632219061 0.96489436319930466102
nan nan nan nan nan nan nan nan nan nan nan nan nan nan nan nan nan nan nan nan nan nan nan nan nan nan nan nan nan nan nan nan nan nan nan nan nan nan nan nan nan nan nan nan nan nan nan nan nan nan nan nan nan nan nan 1.5410618011800931715 1.3297474655053111992 1.4671400274127199825 1.2902379931678578107 1.2335990285703375413 1.2654368950779844027 1.2185686670564215284
nan nan nan nan nan nan nan nan nan nan nan nan nan nan nan nan nan nan nan nan nan nan nan nan nan nan nan nan nan nan nan nan nan nan nan nan nan nan nan nan nan nan nan nan nan nan nan nan nan nan nan nan nan nan nan 1.5238104027851202549 1.3072634665123499254 1.460922074430836215 1.4324108286451953109 1.4098446352304063733 1.3349913792442451577 1.2543199715535431338
nan nan nan nan nan nan nan nan nan nan nan nan nan nan nan nan nan nan nan nan nan nan nan nan nan nan nan nan nan nan nan nan nan nan nan nan nan nan nan nan nan nan nan nan nan nan nan nan nan nan nan nan nan nan 1.6035045825254792273 1.4319190328056967676 1.2430208727819958003 1.355612640198327723 1.3509713291164862081 1.3802076512223639959 1.4185547633159856229 1.4029256684798534494
nan nan nan nan nan nan nan nan nan nan nan nan nan nan nan nan nan nan nan nan nan nan nan nan nan nan nan nan nan nan nan nan nan nan nan nan nan nan nan nan nan nan nan nan nan nan nan nan nan nan nan nan nan 1.5726206715798818347 1.5867938271877508605 1.4816653495277063435 1.2872504147787435791 1.2911019447333278443 1.1774372563218222787 1.1126558478480970127 1.1384750786898945041 1.0788916438560185451
nan nan nan nan nan nan nan nan nan nan nan nan nan nan nan nan nan nan nan nan nan nan nan nan nan nan nan nan nan nan nan nan nan nan nan nan nan nan nan nan nan nan nan nan nan nan nan nan nan nan nan nan 1.7660452467345515437 1.7096452349272548421 1.5621552330971404388 1.4222760064183588291 1.2956804334998412997 1.2349193416576063065 1.0933528910752674523 1.0655350934250649164 1.1022049797978137331 1.0566361278860867401
nan nan nan nan nan nan nan nan nan nan nan nan nan nan nan nan nan nan nan nan nan nan nan nan nan nan nan nan nan nan nan nan nan nan nan nan nan nan nan nan nan nan nan nan nan nan nan nan nan nan nan 1.6936672314890375279 1.5839518638610039503 1.6230220169090259219 1.5031864834892598726 1.3264937028295986643 1.3592758194761442869 1.3055221336210789396 1.2120249694340623492 1.1880057358490798691 1.1947110167265460046 1.1952078308884603874
nan nan nan nan nan nan nan nan nan nan nan nan nan nan nan nan nan nan nan nan nan nan nan nan nan nan nan nan nan nan nan nan nan nan nan nan nan nan nan nan nan nan nan nan nan nan nan nan nan nan 1.5182925121845594063 1.2207402722099149894 1.1626351482629839751 1.0847951507637902946 1.4693393819547801993 1.4815067000040900158 1.3541905175691388852 1.2008719935163696402 1.0814230518720098217 1.0357766914503305777 1.0021345884643502178 1.0005244490264655344
nan nan nan nan nan nan nan nan nan nan nan nan nan nan nan nan nan nan nan nan nan nan nan nan nan nan nan nan nan nan nan nan nan nan nan nan nan nan nan nan nan nan nan nan nan nan nan nan nan 1.3591176728137357443 1.3711674726258096246 1.0452360116349512786 0.91940961390902786743 0.79720783320126653582 0.77199490152557026512 1.363272593032021307 1.5494464278740083252 1.2625867871875200432 1.0567723843348015844 0.98663806305323265011 0.95942475040570240896 0.91153052515955235169
nan nan nan nan nan nan nan nan nan nan nan nan nan nan nan nan nan nan nan nan nan nan nan nan nan nan nan nan nan nan nan nan nan nan nan nan nan nan nan nan nan nan nan nan nan nan 1.6455583039123691247 1.4497214082802201141 1.1236999632973829755 1.2077202001304347956 1.2459006877545424352 1.0449136933536102845 0.85866957656518028141 0.73936497661770994583 0.57888644813270284661 0.71030980318539493901 1.2051360719593493531 1.393525322147928458 1.3229038811820414967 1.1634465823479196445 1.096673505281704708 1.0947544400976589873
nan nan nan nan nan nan nan nan nan nan nan nan nan nan nan nan nan nan nan nan nan nan nan nan nan nan nan nan nan nan nan nan nan nan nan nan nan nan nan nan nan nan nan nan nan 1.0528594254020593457 1.1140453599610320445 1.2724317789381618393 0.99989996584663598522 0.9146355179333685026 1.1558963360047997959 1.1962055327722860287 1.0429385807311901679 0.80983776235639648444 0.58228870353102746282 0.50674218614924115833 0.55669670336333287874 0.87588427654833211911 1.190637843513919325 1.3284439389942481746 1.3536776661159235502 1.2923788341546726954
nan nan nan nan nan nan nan nan nan nan nan nan nan nan nan nan nan nan nan nan nan nan nan nan nan nan nan nan nan nan nan nan nan nan nan nan nan nan nan nan nan nan nan nan nan 0.96736814608630827816 0.97655072522157948534 0.98761935934836209139 1.0540384493334000737 0.79927613426815669051 0.80885983516924220282 0.80814600700806427103 0.94052859103787611605 0.84007661508635989023 0.76070755298545456036 0.57510011935812899164 0.39710070002032732406 0.44434909945407052856 0.56828739404662453882 0.62150700611805298479 0.70282367387044830664 0.86278475899730577847
nan nan nan nan nan nan nan nan nan nan nan nan nan nan nan nan nan nan nan nan nan nan nan nan nan nan nan nan nan nan nan nan nan nan nan nan nan nan nan nan nan nan nan nan nan 1.2420414422103964736 1.1333498660505247901 1.0023927391816729315 0.99599922084916692189 0.9630899929127387793 0.98819771159908520453 0.94396766849326474436 0.98760598866558191311 0.9678554824650116295 0.93946765845074342582 0.92424949089792407531 0.69568588710778767048 0.45884287988469241171 0.3820817035714983434 0.37329118563908819661 0.49266590972362378498 0.46159651800119766429
nan nan nan nan nan nan nan nan nan nan nan nan nan nan nan nan nan nan nan nan nan nan nan nan nan nan nan nan nan nan nan nan nan nan nan nan nan nan nan nan nan nan nan nan 1.6846463620888947332 1.4558068927883622834 1.2141039063984295776 1.1486311997884157687 1.1842583355371840703 1.1601260366398640222 1.1361146647085942352 1.1218747005301692443 1.1283938972759166575 1.1190479100012440394 1.0810056933956584402 1.0680014560464952122 1.0361513685157170972 0.95446606393394239909 0.79394447895268882576 0.50558137406773362432 0.41651800633686814068 0.27854271312728429155
nan nan nan nan nan nan nan nan nan nan nan nan nan nan nan nan nan nan nan nan nan nan nan nan nan nan nan nan nan nan nan nan nan nan nan nan nan nan nan nan nan nan nan nan 1.731107712246971575 1.6149702248938055948 1.3616075587040668005 1.2147534821828249729 1.2073458325257004908 1.197108652526766015 1.1779245872757200253 1.1704349463292982314 1.1364351594006318891 1.0732096395073682515 1.0275006269000468428 1.0259287092694782118 0.99647500763213936459 0.93835501393934284131 0.8965699048408433125 0.86434511598924756992 0.7752397163087426657 0.65129802162557548506
nan nan nan nan nan nan nan nan nan nan nan nan nan nan nan nan nan nan nan nan nan nan nan nan nan nan nan nan nan nan nan nan nan nan nan nan nan nan nan nan nan nan nan 1.7715146749448098529 1.645547549801172682 1.4933368449183377358 1.4663432422842286318 1.3613817183404168798 1.2821907142860262674 1.2776622414888925139 1.2580375182277072632 1.2831231370051512375 1.2615645722210204749 1.2068117158623350438 1.1319433509070200294 1.0615530063785416637 0.97098503176835793127 0.82214544767975128448 0.61009201440318083787 0.48470856702267617333 0.38754452970318037375 0.40284285736188613081
nan nan nan nan nan nan nan nan nan nan nan nan nan nan nan nan nan nan nan nan nan nan nan nan nan nan nan nan nan nan nan nan nan nan nan nan nan nan nan nan nan nan 1.7613575545854647242 1.7342711445498493195 1.6379109097485544666 1.6445858626994878104 1.6077468302649373655 1.5501168831091898248 1.529769294090783438 1.5152776461745098846 1.4281818209586802926 1.4179454871383554426 1.4225451218861013825 1.3926512597359337331 1.320829518787107304 1.2221769648635216754 1.0761256215748611353 0.92641613108294385004 0.86491754885932881081 0.74326340927512746237 0.50674939835136789679 0.42118130666430902975
nan nan nan nan nan nan nan nan nan nan nan nan nan nan nan nan nan nan nan nan nan nan nan nan nan nan nan nan nan nan nan nan nan nan nan nan nan nan nan nan nan nan nan 1.6907843167724916356 1.6212346328941260598 1.6212596990012106968 1.588932085634830127 1.5269688262140885815 1.5575323183267033578 1.5992327774523900086 1.6070280484316581404 1.6320643916541459628 1.5456111809541832613 1.503688187810299004 1.4744005413177909691 1.4390047727316548354 1.3348204077306673465 1.1778433682831577212 0.97289209596835291016 0.87647077753417157453 0.38999368131448769459 0.22580103531075468304
nan nan nan nan nan nan nan nan nan nan nan nan nan nan nan nan nan nan nan nan nan nan nan nan nan nan nan nan nan nan nan nan nan nan nan nan nan nan nan nan nan nan 1.8635004252123903434 1.749753037726166971 1.7162320103359400836 1.7080534601563199804 1.673550611040564684 1.609020570315804699 1.6252264118895849432 1.6747519292183596917 1.7044202928082494708 1.7511907406925846242 1.7452974528648830255 1.7361965108886068254 1.6511040397787262179 1.4508942887312183956 1.3117386356171822914 1.1740575035639575496 0.97853886507002041384 0.63384286923626620425 0.47882519248541977053 0.37911535005198843118
nan nan nan nan nan nan nan nan nan nan nan nan nan nan nan nan nan nan nan nan nan nan nan nan nan nan nan nan nan nan nan nan nan nan nan nan nan nan nan nan nan nan 1.9400639248122404368 1.8656949146009429441 1.749149678847138123 1.7182735437513385612 1.7130046250413575315 1.6892965878245977951 1.6962737597332739892 1.7629535658531687581 1.5935789066943537584 1.1397170296704639547 0.91662923350817482326 1.090186752798223635 1.1468787273430203211 1.0850351187137234898 1.0950441574778819742 1.0114236064196411302 0.60665247274346900674 0.45035842485105698207 0.31328636025389439146 0.41915575236004570803
nan nan nan nan nan nan nan nan nan nan nan nan nan nan nan nan nan nan nan nan nan nan nan nan nan nan nan nan nan nan nan nan nan nan nan nan nan nan nan nan nan nan 1.9572171086411012109 1.9450512132905763973 1.8992267477729045666 1.7740797233002223443 1.6823277838615022794 1.7049030260607807019 1.6440727174624829576 1.4033257914435597336 1.2454248891047996484 0.93063358050003908151 0.81262713057942848049 0.8934872662055000081 1.0837710056291329774 1.0555438854411913763 0.95952925219581630678 0.78039775964788293816 0.53084840467021632282 0.37245072376866772412 0.36573431201308492788 0.40190890447143601261
nan nan nan nan nan nan nan nan nan nan nan nan nan nan nan nan nan nan nan nan nan nan nan nan nan nan nan nan nan nan nan nan nan nan nan nan nan nan nan nan nan nan 1.8324250784209630272 1.8552433532067920119 1.814428996106874914 1.7709948491041345164 1.7259520734637181505 1.4470104049983292249 1.2059625451710838107 1.2047698550525340888 1.1218602292488282224 0.91372560223159082771 0.79371490694920876496 0.67389117813102050736 0.62030096749937790879 0.77842750679859717966 0.90670729878465783358 0.86882656401550550918 0.71895902806249556427 0.45459414000488607144 0.52621408077953002458 0.54183503063086480012
nan nan nan nan nan nan nan nan nan nan nan nan nan nan nan nan nan nan nan nan nan nan nan nan nan nan nan nan nan nan nan nan nan nan nan nan nan nan nan nan nan 1.5814259490180626599 1.559214721157252681 1.6246264517781492387 1.4787638299810947906 1.3464215234657896936 1.2347125663786702177 1.1861391246998762572 1.2793297537823065113 1.2964805988575778262 1.2116003394499474943 1.0226988152399389964 0.68478253020866164391 0.54345299851895523258 0.5448528983304296025 0.59018975954528929417 0.65453418820977526948 0.68675963382665350387 0.62699026808630153873 0.49601534215380221893 0.55550061786582116685 0.55444534777080412002
nan nan nan nan nan nan nan nan nan nan nan nan nan nan nan nan nan nan nan nan nan nan nan nan nan nan nan nan nan nan nan nan nan nan nan nan nan nan nan nan 1.3791647456744342559 1.4215422355203424232 1.4611043580862175251 1.5973014607710751545 1.5773274865309609982 1.5082057568124820346 1.4079432459582883475 1.2806050201804768385 1.3293351524514724904 1.3663752161721847145 1.3205161107643075269 1.2010063295780293302 1.0413801143984786624 0.77855306773421206756 0.62059492923102133055 0.59749897140393137818 0.63250677383484243954 0.60368265262386366921 0.43800439301991356267 0.58355717319088784567 0.42754230170357182539 0.41969105718934368587
nan nan nan nan nan nan nan nan nan nan nan nan nan nan nan nan nan nan nan nan nan nan nan nan nan nan nan nan nan nan nan nan nan nan nan nan nan nan 1.6960905629894629243 1.3377412088518909616 1.2431395063247130395 1.2753366915369570567 1.3288353054562371813 1.4525465747978096864 1.6089674899323023194 1.6692155338569867329 1.5802178861032074586 1.4148520530475643397 1.3152791245439983125 1.3125544862093181386 1.3635197772543050654 1.2641392465313967541 1.2036750400093783053 1.0268625997985163512 0.78625432752452595331 0.67178171905745132086 0.61327281261543664659 0.51208675195254460544 0.39184162784092430032 0.4335790496368927549 0.43438213321867702454 0.43564942397553541031
nan nan nan nan nan nan nan nan nan nan nan nan nan nan nan nan nan nan nan nan nan nan nan nan nan nan nan nan nan nan nan nan nan nan nan nan nan 1.5099026525581662472 1.4448803051274163867 1.2206798647039709405 1.1913006336767260063 1.1757689207729469238 1.2160438201941021763 1.2579162575980005201 1.3145018096279796893 1.4861267783571325829 1.6906578566284145015 1.6259887216709147939 1.3971229828177225141 1.2460664749979721844 1.1470592440055058514 1.0936555652263262317 1.1495957600748774041 1.029656715635578923 0.70415271347214691833 0.6712914709815088754 0.76539616162332946292 0.43309135940041731949 0.42317661522770655402 0.42863646924935516758 0.4537645646708816094 0.46668478929033102576
nan nan nan nan nan nan nan nan nan nan nan nan nan nan nan nan nan nan nan nan nan nan nan nan nan nan nan nan nan nan nan nan nan nan nan 1.6231524995231110253 1.2512068256145607581 1.2438843109604769133 1.2536602657611379819 1.1568849761158965794 1.1542997211132919322 1.1170444443727864936 1.1363615673229694458 1.1712944902555786353 1.2075889801253056888 1.1597829528733891724 1.1582842042247674108 1.6339038116615955953 1.7024230996686802175 1.5226125756212178786 1.3995700987636783275 1.2484358727902402642 1.1595592447506901657 1.2019391234630198984 1.2346676817476927024 0.97211022716080608408 0.81760752787357071636 0.43046526493891729137 0.46739116925462981245 0.50841646244620719575 0.53187187452175344049 0.52466895476066599535
