results/rofental/snowdepth_month_2020-02-01T0000_2020-02-29T2300.asc
ncols        322
nrows        225
xllcorner    622802.488000000012
yllcorner    5178049.378999999724
cellsize     100.000000000000
[rows 112 to 139 of 225, columns 189 to 251 of 322]
0.88076920566323957384 0.84835008855037274955 0.85044793714669220108 0.8436107389732099282 0.88882849856072732031 0.93665744546633611378 0.96580632747351968792 0.9996721344782152352 1.0665431288163569334 1.1326088077409561805 1.1868529718473577184 1.2530128646611535803 1.2602392409805336371 1.2600010474219982548 1.2539044149229428005 1.2357661785060043425 1.2282343080788502565 1.2815676675096847603 1.3369492185340108303 1.3687325098743219343 1.3850596973497750763 1.3701719922582149547 1.3465552282182824406 1.3453741120120354946 1.3750310130649212592 1.4148621860943708661 1.3918119247030087404 nan nan nan nan nan nan nan nan nan nan nan nan nan nan nan nan nan nan nan nan nan nan nan nan nan nan nan nan nan nan nan nan nan nan nan nan
0.8573470615048927046 0.84808038684431497067 0.8538832545796534168 0.89844247077171957017 0.91670453955525021961 0.96467041466927627713 1.0161620838852425397 1.0580267948657631205 1.140290662943874489 1.1907519642900576962 1.2319022663352421354 1.2698734145064625167 1.2779132535352806244 1.2829771932689002512 1.2864519456367526917 1.265742804958471357 1.25360873466963052 1.2675279098999185923 1.3302522640141327681 1.3980689174363996052 1.3842283121016498715 1.3765706157343393645 1.3722724942141979465 1.3808277533574684348 1.4259378456826914405 nan nan nan nan nan nan nan nan nan nan nan nan nan nan nan nan nan nan nan nan nan nan nan nan nan nan nan nan nan nan nan nan nan nan nan nan nan nan
0.83296565715063608515 0.83857585598844841535 0.89571540633600998937 0.93228526388373900158 0.96236566089777153543 1.0063258630674125627 1.0616117068806056878 1.118248373806168372 1.170149963178424013 1.221864866317269982 1.2714488754473358689 1.2946615616541015115 1.2903519229583870764 1.2907902501971864062 1.2966343930006563046 1.2878126843483352904 1.2792018915343368324 1.26965885097895681 1.3184540154673201062 1.4033648832756278058 1.3974943828510846267 1.3812016159577080732 1.3841429042793622628 1.4112120286708604855 1.476561724230784467 nan nan nan nan nan nan nan nan nan nan nan nan nan nan nan nan nan nan nan nan nan nan nan nan nan nan nan nan nan nan nan nan nan nan nan nan nan nan
0.84975720593281101056 0.8870691446377446665 0.92103600238008331846 0.96081033314808217405 1.000880117823467641 1.0520259926020254504 1.0989613440319196958 1.1361970264888525683 1.1766190498619644167 1.2296829304329046639 1.2808649010317407768 1.3157718502637638647 1.3205999520854621032 1.3272067588541993644 1.3184124835554713595 1.3084652217069669966 1.3086056935267271761 1.298585379803336215 1.3174124569901914938 1.4063667442343099623 1.4363269679729673278 1.4085004214306100501 1.40928931605987251 1.4384927951411141667 1.5054043408535890958 nan nan nan nan nan nan nan nan nan nan nan nan nan nan nan nan nan nan nan nan nan nan nan nan nan nan nan nan nan nan nan nan nan nan nan nan nan nan
0.91100090085500518011 0.93188141613489838821 0.95914983725417102267 1.0103749601678855274 1.0618266954572999072 1.1069984925055547098 1.1547396369425493301 1.1969152723099036884 1.2153352023732735265 1.240376712345294008 1.2712334723327154418 1.3394353729777597195 1.3581537970645540803 1.3542783798536432993 1.3400518059572557039 1.33236370603184473 1.3330523460977197203 1.3307710898934623778 1.351525041932543969 1.441065932768687885 1.4846886708144797495 1.4574439378739978412 1.4605627500565547816 1.50191083240184442 1.5120931336128675682 nan nan nan nan nan nan nan nan nan nan nan nan nan nan nan nan nan nan nan nan nan nan nan nan nan nan nan nan nan nan nan nan nan nan nan nan nan nan
0.95561627171387331092 0.97956764670291640584 1.0046875947946534158 1.082424239445659353 1.1283266174723036723 1.1626943503766187238 1.211246267797260856 1.2450443860534610163 1.2779533173510388977 1.3043558630106810714 1.3245514749328324289 1.3483675245493607076 1.3844152263977791417 1.3794611086518073773 1.3779322619846099407 1.3717357563306749046 1.3664657255920054091 1.3617913701670354421 1.3771202343236421672 1.449124747892349685 1.5391536653731714424 1.5405936893280043343 1.5378722670001512274 1.5661910118509276835 nan nan nan nan nan nan nan nan nan nan nan nan nan nan nan nan nan nan nan nan nan nan nan nan nan nan nan nan nan nan nan nan nan nan nan nan nan nan nan
1.0013139930266667932 1.0331189132818374699 1.0813618889881724261 1.1399046954875526882 1.1827556542977719634 1.2163340729700844456 1.252621333411725324 1.2855856639116001183 1.3224088103448139453 1.3442011059064835621 1.3810513642777300092 1.3829061491108820547 1.3841609967936603365 1.3975363917108769574 1.4015947473876158025 1.3963219706968961198 1.3887440211978374638 1.3928589756700484603 1.4254225397392434882 1.4730498068996769057 1.5591541099368841916 1.6055377789540505873 1.607856891123909282 nan nan nan nan nan nan nan nan nan nan nan nan nan nan nan nan nan nan nan nan nan nan nan nan nan nan nan nan nan nan nan nan nan nan nan nan nan nan nan nan
1.0454569235297932472 1.0962545068644145019 1.1576072327719040267 1.198253934059698711 1.2305830019243164664 1.2592708914819537025 1.2959389354304888808 1.3307827436353056871 1.3517517458222467752 1.3843581861089981899 1.3977280978448134441 1.3905265695864861275 1.3942861392960701483 1.4115858670582130951 1.4100966162867194509 1.410582022476908115 1.4070187721495299726 1.4189309323711818411 1.4658498434192970272 1.5363802306121503438 1.5898246213256228554 1.6659954909948704316 nan nan nan nan nan nan nan nan nan nan nan nan nan nan nan nan nan nan nan nan nan nan nan nan nan nan nan nan nan nan nan nan nan nan nan nan nan nan nan nan nan
1.0955249899168564287 1.1647154284738414631 1.2172221543659353937 1.2541517157206198974 1.2749132949116832592 1.3017315729243699174 1.332389576034112677 1.3604056433477624832 1.4049486446693737474 1.42622422244799818 1.4168528571061669297 1.4041975100667951626 1.4115176856079665324 1.4395058101695759056 1.4427861217633592972 1.4503418247494292981 1.4424069785013491352 1.4786837743230230036 1.5324832703232793563 1.5540681356574752581 1.6181594600077457979 1.7277049467605039013 nan nan nan nan nan nan nan nan nan nan nan nan nan nan nan nan nan nan nan nan nan nan nan nan nan nan nan nan nan nan nan nan nan nan nan nan nan nan nan nan nan
1.1547515382846627041 1.2141559403638331194 1.2659784433033713924 1.2955235672199871821 1.3183757534089544095 1.3403061052408471454 1.3679280816869980875 1.3968665755744824608 1.4650341572185694439 1.4367298915154023131 1.431769059429339519 1.4207613595990309374 1.4220527297815725998 1.4518861120761117345 1.4732692428172442511 1.4839397446518338697 1.4742411557141346101 1.5039541762023771465 1.578204743969635615 1.5980383189139821809 1.6465222452000132236 1.7818275397595666476 nan nan nan nan nan nan nan nan nan nan nan nan nan nan nan nan nan nan nan nan nan nan nan nan nan nan nan nan nan nan nan nan nan nan nan nan nan nan nan nan nan
1.1725001345049725909 1.2345006056179328446 1.2728434713548237855 1.3190371967335845493 1.3486609947834862222 1.3731354730525802132 1.4142631255578526073 1.463182250847720578 1.490636545850648309 1.4524823772661923371 1.4532148681703116466 1.4485440009964409835 1.4605338737701931695 1.4861308362280198914 1.4909959539666126638 1.4963510447728436414 1.4999816325220625135 1.5168756484349084079 1.5913514363417318176 1.61828502268226182 1.6575919431787267122 1.7239415683087389031 nan nan nan nan nan nan nan nan nan nan nan nan nan nan nan nan nan nan nan nan nan nan nan nan nan nan nan nan nan nan nan nan nan nan nan nan nan nan nan nan nan
1.1970408709852429219 1.241060772687576641 1.2737392910316172046 1.3379434982158220357 1.3728324903267223878 1.4051181936321679444 1.4621847845966502444 1.5109890015669973362 1.4880606950226700214 1.4779141716551564834 1.4869705120613521121 1.4929921912496799674 1.5103623487696578032 1.5205468433973103881 1.521089999317546182 1.5199720375219289981 1.5301911488036710196 1.5078781181648797105 1.5006442667246402412 1.5524076864998765934 1.5987173452952607722 1.6726253971207347693 nan nan nan nan nan nan nan nan nan nan nan nan nan nan nan nan nan nan nan nan nan nan nan nan nan nan nan nan nan nan nan nan nan nan nan nan nan nan nan nan nan
1.2245286963263721791 1.2639022493174665307 1.3054700991014120959 1.3557258574138397744 1.3977880773659074887 1.4525624479971925851 1.5296900486020998944 1.5480912612173098886 1.5080792019549302818 1.4987289938872343509 1.4981371456624206218 1.5098568446664435427 1.5212097106656734535 1.5339234934062424554 1.5351077594605235799 1.5276135381338007413 1.5432608173873123558 1.5552586216349058024 1.5389446526142436245 1.5539314714726475408 1.6181726831733747041 1.6788981176567410181 nan nan nan nan nan nan nan nan nan nan nan nan nan nan nan nan nan nan nan nan nan nan nan nan nan nan nan nan nan nan nan nan nan nan nan nan nan nan nan nan nan
1.2412699369997737264 1.2876425685739691929 1.3353332148322381023 1.3809183660864836618 1.4215408313277180241 1.4874635428256990366 1.5445870542820510085 1.5434850821114309838 1.5494617874604545982 1.5382850653555733 1.5400285982409924745 1.5460592531661383475 1.5502455423942711477 1.5554260594544002672 1.5529271512147322376 1.5525210682717944799 1.5773527848569315335 1.5921593690298074808 1.5937031495379858637 1.5919576912527850787 1.6471916294103299272 1.6821319085198209731 nan nan nan nan nan nan nan nan nan nan nan nan nan nan nan nan nan nan nan nan nan nan nan nan nan nan nan nan nan nan nan nan nan nan nan nan nan nan nan nan nan
1.2484273161776544558 1.3020264150760709754 1.3608559309684713501 1.4082245132828246081 1.4502489036846013537 1.5082771030205355256 1.5844063654111346651 1.5803894940107867662 1.5746574255894765226 1.5751789978050958485 1.5727172643499354177 1.5692123408015377084 1.5707820274559896045 1.5729515384862702287 1.574693187809259376 1.5891261316639160306 1.6376631703742952073 1.634771175952965061 1.6407967640579295132 1.6317044863700078672 1.6286588440518585674 nan nan nan nan nan nan nan nan nan nan nan nan nan nan nan nan nan nan nan nan nan nan nan nan nan nan nan nan nan nan nan nan nan nan nan nan nan nan nan nan nan nan
1.2652436983081389865 1.3146546094279694117 1.3623811330389092866 1.4232810324258078349 1.4746296494592900928 1.5219623847388301652 1.6078317810247142461 1.6315513052474119871 1.602496399422807194 1.6017595117808764993 1.5960760035478473995 1.5894093447036738986 1.5856240685495923692 1.5906389285655209154 1.5953090695841811719 1.6101166637466541864 1.6653029951120881247 1.6812869135795525111 1.6707734492429502371 1.6698596809514316686 1.694574231960745081 nan nan nan nan nan nan nan nan nan nan nan nan nan nan nan nan nan nan nan nan nan nan nan nan nan nan nan nan nan nan nan nan nan nan nan nan nan nan nan nan nan nan
1.3193786443570036937 1.3431977605419225252 1.38756380654969802 1.4520328769626158483 1.5317682232637499506 1.5766386053244008103 1.6342987203376573291 1.6154088736576739382 1.6167840771343973127 1.6119749546358057568 1.6088172062864727341 1.6046153525971400544 1.6059431470863190228 1.6119363419638279566 1.615341062895907065 1.6232247506221089139 1.6658655287426944458 1.7390308490546895204 1.7250222290816383808 1.7134676896589453587 1.7118998743102313842 nan nan nan nan nan nan nan nan nan nan nan nan nan nan nan nan nan nan nan nan nan nan nan nan nan nan nan nan nan nan nan nan nan nan nan nan nan nan nan nan nan nan
1.3428629728438266078 1.3788126819872288387 1.4118353029362997741 1.4464801692757902618 1.5189695883637881479 1.5818197943311684828 1.6438697641448534181 1.6486227968491438123 1.6324314573836136155 1.6228976948949023207 1.6210788794391275403 1.6212687251866479965 1.6274442192588256528 1.635077843221817373 1.643971215195453528 1.654314734261722819 1.6641696105272374417 1.7765488394690867047 1.823518793842421104 nan nan nan nan nan nan nan nan nan nan nan nan nan nan nan nan nan nan nan nan nan nan nan nan nan nan nan nan nan nan nan nan nan nan nan nan nan nan nan nan nan nan nan nan
1.3614957763358794818 1.3869754173139572373 1.432008223235898603 1.4820534571714043537 1.5206811132727622304 1.5599791855134104157 1.6273871440773481911 1.6786690997523412427 1.6574979166304375511 1.6505443433472859471 1.6515948515728073875 1.6501147123814037254 1.6526610076622074708 1.6701748716403292949 1.7105807134682913251 1.6894697708277182091 1.6890600809272893201 1.7424541663462946861 nan nan nan nan nan nan nan nan nan nan nan nan nan nan nan nan nan nan nan nan nan nan nan nan nan nan nan nan nan nan nan nan nan nan nan nan nan nan nan nan nan nan nan nan nan
1.3510120238538463333 1.3985145670271370566 1.4335942626957232093 1.4571485474340042376 1.4594456531464525817 1.5078648701605588123 1.5998821043521580521 1.7269232590918475179 1.7175895811268779845 1.7029936019642262224 1.6945710918460250571 1.7095329282486446676 1.7476779490136238326 1.8011155602250568109 1.7803930390780111637 1.7178382030293732896 1.7249312391457087834 nan nan nan nan nan nan nan nan nan nan nan nan nan nan nan nan nan nan nan nan nan nan nan nan nan nan nan nan nan nan nan nan nan nan nan nan nan nan nan nan nan nan nan nan nan nan
1.4111910225762576143 1.4382418449269422922 1.4531843144222873487 1.4823981276944941943 1.5073002585992520963 1.5502405753498607055 1.6103137795949071798 1.7163845522499998619 1.7740598999728636187 1.776967178637505862 1.7838692222540812882 1.7843147086142607805 nan nan nan 1.7583457404247562206 nan nan nan nan nan nan nan nan nan nan nan nan nan nan nan nan nan nan nan nan nan nan nan nan nan nan nan nan nan nan nan nan nan nan nan nan nan nan nan nan nan nan nan nan nan nan nan
1.4352288047312813379 1.4488533850097298217 1.464188892050110935 1.5000018903172194218 1.5440563317666566867 1.5941808780415689384 1.6407262130689763691 1.7559647600674241907 1.8476544623359896224 nan nan nan nan nan nan nan nan nan nan nan nan nan nan nan nan nan nan nan nan nan nan nan nan nan nan nan nan nan nan nan nan nan nan nan nan nan nan nan nan nan nan nan nan nan nan nan nan nan nan nan nan nan nan
1.4131983291134544434 1.4622647806302964124 1.4919172207239437267 1.5193866352167413325 1.5735803139084465485 1.6308671304969359905 1.6743265230109023456 1.7361640682156789239 nan nan nan nan nan nan nan nan nan nan nan nan nan nan nan nan nan nan nan nan nan nan nan nan nan nan nan nan nan nan nan nan nan nan nan nan nan nan nan nan nan nan nan nan nan nan nan nan nan nan nan nan nan nan nan
1.4396429242642696522 1.4698479637093717631 1.5118369655993504352 1.5465655811352185811 1.6072275902527055624 1.6582540782731340911 1.698300685659227538 1.7386393747744435245 nan nan nan nan nan nan nan nan nan nan nan nan nan nan nan nan nan nan nan nan nan nan nan nan nan nan nan nan nan nan nan nan nan nan nan nan nan nan nan nan nan nan nan nan nan nan nan nan nan nan nan nan nan nan nan
1.4613542513232986586 1.4716833220838163587 1.4926053751800756331 1.5088781236088713023 1.532728726278262954 1.5917949696009074945 1.6549071150924075102 1.7885805769034543999 nan nan nan nan nan nan nan nan nan nan nan nan nan nan nan nan nan nan nan nan nan nan nan nan nan nan nan nan nan nan nan nan nan nan nan nan nan nan nan nan nan nan nan nan nan nan nan nan nan nan nan nan nan nan nan
1.482703095900087753 1.4993995642318285189 1.5073459401061226615 1.512452250674072296 1.5357131737695972618 1.5968388498948493659 1.6737030287849987698 1.7817938292406554357 1.9335910015464297107 nan nan nan nan nan nan nan nan nan nan nan nan nan nan nan nan nan nan nan nan nan nan nan nan nan nan nan nan nan nan nan nan nan nan nan nan nan nan nan nan nan nan nan nan nan nan nan nan nan nan nan nan nan nan
1.5050657830630780332 1.5257757012068811076 1.5547690247917842488 1.5637587890620601172 1.5610382580241006778 1.5869897942525128531 1.6465606707542814746 1.7049916707975727448 1.8610124596725008406 nan nan nan nan nan nan nan nan nan nan nan nan nan nan nan nan nan nan nan nan nan nan nan nan nan nan nan nan nan nan nan nan nan nan nan nan nan nan nan nan nan nan nan nan nan nan nan nan nan nan nan nan nan nan
1.5264495359627525684 1.5503066506299156835 1.5747279274855954245 1.5918323176570239319 1.5995398477918558733 1.6159720988382078044 1.6801485526098398626 1.7541223640975711628 1.9348197497646102416 nan nan nan nan nan nan nan nan nan nan nan nan nan nan nan nan nan nan nan nan nan nan nan nan nan nan nan nan nan nan nan nan nan nan nan nan nan nan nan nan nan nan nan nan nan nan nan nan nan nan nan nan nan nan
