results/rofental/snowdepth_month_2020-08-01T0000_2020-08-31T2300.asc
ncols        322
nrows        225
xllcorner    622802.488000000012
yllcorner    5178049.378999999724
cellsize     100.000000000000
[rows 168 to 195 of 225, columns 124 to 185 of 322]
0.056778451814761647654 0.074587809096834642442 0.090986940674673416618 0.098333884506760574351 0.10589385389391230141 0.10972417633473248444 0.1325214347788501168 0.17163949848414167265 0.16382841443155007899 0.13786950672738740309 0.1269320177053922527 0.12977996307423173006 0.12275146128301188397 0.10976593710119912639 0.10348743599572071683 0.091199907269461824577 0.078737947206483333007 0.071722234876842982931 0.061569247272409206861 0.056313954354185465079 0.049097191540079798688 0.043216275651401299396 0.039155327082106554382 0.026386832762189588175 0.02536847000728973886 0.023268845290197823911 0.020814814252106749598 0.018445170858739569353 0.016403452306931531196 0.015889317067159521024 0.016103914672950660897 0.016067548250451039321 0.015716575040620985731 0.015065035251122743318 0.015112561840683009368 0.01549441896855473233 0.017718980015502601433 0.018695558550552038996 0.019802025265429359924 0.019957458750385858454 0.019835847351460256932 0.019720410273537040957 0.020773028349084031452 0.021916160118619409936 0.023112757962498283598 0.023242588148769335182 0.023150692103727197463 0.023934881863844594679 0.024544473155606993248 0.024412265047987991018 0.023901834545429118811 0.023475912287444871546 0.022872347305508810428 0.022861966630318510119 0.045867034862480705881 0.52682787679033160622 nan nan nan nan nan nan
0.07711443246751915892 0.10258908488377783963 0.13049642296092472948 0.12756991055669894553 0.12348952380481754976 0.12679886478808546912 0.14405405833458290177 nan nan 0.14181330680099496488 0.13205288329048678331 0.13017396950034221259 0.1278193311985907632 0.11522067234880621622 0.10363175127196720682 0.085010774146956624708 0.071426858198580772674 0.066249791190788567818 0.061321309540162710627 0.055187331496489286375 0.045256309451118546805 0.041888120069920035948 0.038943901224964307117 0.026057233189468915341 0.024278363670215522691 0.021612850306678806772 0.019496559948899035847 0.017579272575798516459 0.016355925710926321609 0.016546893869833618346 0.016551343699092006118 0.016560966629813222289 0.01619438541485241842 0.015523913993068750791 0.015681355543533302688 0.016542063049567286986 0.017952996240946393625 0.019034067276623982401 0.019950176970059674969 0.020571545505308968388 0.020356290878145891915 0.020605103741682749552 0.021859743529637008785 0.023211703779131447056 0.023900606737089238191 0.023826501932763748115 0.023634981757335176561 0.024535429070352447051 0.035505608772081677371 0.035827540969380469726 0.034251996414854532502 0.03392103711720426823 0.023694783084118369032 0.034673410092006279326 0.046011846222152055774 0.092366845146375997633 nan nan nan nan nan nan
0.114115850631136731 0.14813404308486244343 0.15786278388579369492 0.15006530867436146393 0.14014514921693449478 0.14658171409445727718 nan nan nan nan nan nan 0.12933089270959519101 0.11275030371283696617 0.096505978152538904324 0.083641913957488087106 0.07156547383507386173 0.06538178195289458261 0.060861367656677448079 0.054068213160921398119 0.046065776499985409964 0.041560197941589653581 0.026069764703715928023 0.02409629320106556824 0.022428038837911872666 0.020299731641248455055 0.018569393379437342667 0.01690128591429331667 0.016927871333572704765 0.017409285073983208486 0.017287844518729025139 0.017342245465318911063 0.016688111019366777543 0.016118068972606949124 0.016706123463097702353 0.017567147249533843212 0.018551439489999384247 0.0193923773152218544 0.020713387956984262439 0.021447627714740367944 0.021286908458486044488 0.021844610985900809325 0.023165893062484333581 0.024335880189213499741 0.024512236788557063144 0.024094486575886503443 0.024774035030772894456 0.037728628954941209606 0.038863495469979393582 0.037872999124990640307 0.035914886673229978742 0.036089163127039580736 0.0359057161807686126 0.036240571086511540189 0.056136994367972356534 0.098165913766394677364 nan nan nan nan nan nan
0.14815084330694230919 nan 0.16977952597478290775 nan nan nan nan nan nan nan nan nan 0.12586140104057091937 0.10484973726400634297 0.075487489480696223776 0.066595110119393091663 0.06141684394650506057 0.0543276239557387991 0.047348496957574121025 0.045272648032984766364 0.03998167241737861366 0.026207397928345574356 0.024857593759074779471 0.023278914454769084746 0.021256352814041049037 0.019540928047160628644 0.018348271762227058579 0.017091809223687609576 0.017774980112336941085 0.018164554314003194396 0.018038534572352722674 0.017979668437747703402 0.017491892657280041362 0.016939016819450397611 0.018143449200884394917 0.018865811053823164367 0.01950157579768547686 0.020213926331243668028 0.021180708231993160273 0.022388675431402348115 0.022635431698357938446 0.023594158774507430903 0.024604399891165671527 0.03644021997185802747 0.035891430293134192475 0.036816768095046213671 0.040080066869481921488 0.041533926739403703721 0.041730951478400349353 0.03988701138833598836 0.037306162398321816853 0.037272133977977794927 0.037732709892913385286 0.038677651208510910319 0.041290706051011046018 0.052783693847884921579 0.10726920139755279082 nan nan nan nan nan
0.1704071179265991276 nan nan nan nan nan nan nan nan nan nan nan nan 0.090099631379986194757 0.060879752790649832583 0.052544398034286232679 0.048326886160181402319 0.04528201413621417426 0.044211021475219595966 0.040468130973315190324 0.026724871406513098226 0.025422881636706379932 0.023795477133653406693 0.021975277964908342121 0.020368726480108279714 0.018824878832728660083 0.018203635670829592524 0.017870986271694359881 0.018428207307585355024 0.018824494289386366208 0.018754487777833867002 0.018667004853777341422 0.018458346456958287657 0.01807741584107197888 0.019258369678219363491 0.02031564214781972702 0.020672526362564370983 0.02090681085339434267 0.022045123077834575392 0.023246303274643147913 0.02402025697490546563 0.035556058623746451819 0.039862733201089746438 0.039940337522959362682 0.041342102939011110552 0.042635682355641045527 0.043450304507115115882 0.043854382936673992621 0.043695921493966401183 0.041732784524315960639 0.040620475519024173972 0.039724738928333648558 0.039809950033378824208 0.040853853939223139236 0.044434462545918054777 0.052325860102878866964 0.28274140684677778745 nan nan nan nan nan
nan nan nan nan nan nan nan nan nan nan nan nan nan nan nan 0.047529937091376039948 0.043552039106585997696 0.04005856222118524268 0.037530074204911230418 0.026289607900780297134 0.02558402058265538126 0.02410291548797310543 0.022638498400496857854 0.02099913595418907708 0.019567385989642496064 0.019028346333487277525 0.01896497930086629008 0.01869297264708737194 0.019044723171368009573 0.019371177751600684308 0.019327489500119230531 0.019339594019793918123 0.019391850775745841234 0.019438104440113644633 0.020306417960788358812 0.021095652256330386931 0.0216440796644592863 0.021869834440019223637 0.022864350499722435606 0.024166704155815777605 0.036308321444535683609 0.040640302102187553235 0.042870949479111720992 0.0436125948481734943 0.051504755688107417555 0.048161903175648335118 0.048036044601027456935 0.047333420508348419964 0.045925668267638920794 0.044498517630789206911 0.044129900241780851966 0.04353694033699748861 0.042910583208700489588 0.042899315527791193059 0.047985937733723081633 0.085666772413656597229 0.12028453191776529441 1.0400967078588219117 nan nan nan nan
nan nan nan nan nan nan nan nan nan nan nan nan nan nan nan nan nan 0.026846720814168636288 0.025874811753105773221 0.025325637173503137006 0.024456964647256846518 0.023255770755681644257 0.021452484862807635196 0.020394832885876824913 0.019761884652510601501 0.01995013202818328793 0.019674127366023211327 0.019210102180644405417 0.019468798837339856139 0.019866798650965369899 0.01992962182153876563 0.019985311535058978422 0.020461540178634659432 0.020804291699421394862 0.021150887304030498853 0.021554680371693540203 0.022077327265291140507 0.022953124878337213821 0.024067453032512294009 0.037230563719389084265 0.043113071014993217811 0.045856840596104522789 0.047559794239907048075 0.04815838024844910914 0.05165995883586212839 0.056547529143708544219 0.053533499835644503262 0.0531045787459502594 0.051048191040337011215 0.049152076066762667717 0.047257162507468808421 0.045860695541913382156 0.045619262641440942729 0.046373632878158890791 0.055041204471533967946 0.26320966741098172914 0.13997285805062256725 nan nan nan nan nan
nan nan nan nan nan nan nan nan nan nan nan nan nan nan nan nan nan 0.02644125161989622011 0.025237895038808199483 0.024784244958277596577 0.023508110177291825782 0.021420071490706474315 0.020648234022624875617 0.020373433665566337974 0.020514673196968181978 0.020522373645061035841 0.020238669826614614361 0.019637329197607980569 0.019871456309933963058 0.020380688720434855105 0.020679670411067500174 0.020824810237223781439 0.021973390572619488914 0.022208749531677576816 0.022369765056422248606 0.022339479147656993163 0.022120424830436767605 0.023176036343820434482 0.040253951256420006377 0.055129518823352485768 0.050274365278705712701 0.052357266561732590526 0.055395089091633563372 0.056564637260505978844 0.055996652576480419883 0.070323880811194866558 0.065757742760659404491 0.064251297568489920686 0.060492161211622756667 0.054531354911191820545 0.052727513415125860929 0.051110136259445201889 0.050812547591375767375 0.052794199141832573452 0.064333372893255580394 0.11420810605977853303 nan nan nan nan nan nan
nan nan nan nan nan nan nan nan nan nan nan nan nan nan nan nan nan nan 0.024987243739441226259 0.024308633408776200019 0.022893295270048259066 0.021138557252982748125 0.020773061002117797907 0.021060434881534743912 0.021070699348506864018 0.021048604781697888982 0.020674736929438240762 0.020202839159383253337 0.020333669393123528918 0.021003504653111428752 0.021608820787915219985 0.022195410518731292782 0.023146065882499174821 0.023235405520374678018 0.023182052361889717712 0.022988682193609402682 0.02231691491844797065 0.023662303750000383828 0.041892798239702787322 0.066277251318928198653 0.060389492090979442207 0.060123175353568932 0.065068532108824392313 0.066803589611878419485 0.066283869422940761007 0.0808370261697106407 0.073669135307491945275 0.069845556730942420787 0.063450148923507268539 0.06223192047768408286 0.061233699153279218252 0.060427005412786276295 0.060156506894401315377 0.06279631433976812227 0.090893618612081727992 nan nan nan nan nan nan nan
nan nan nan nan nan nan nan nan nan nan nan nan nan nan nan nan nan nan nan 0.024211168171035708091 0.02291234531304815053 0.021424353230481901073 0.021205480480011234395 0.021554396117367879276 0.021678744472025238132 0.021581171373218639709 0.02124877127173999472 0.02102437303279257666 0.021217007079258089208 0.022016925691872250154 0.022416369579116513649 0.023150799547823463359 0.023633212509884041902 0.023751894648770505158 0.023722196749881595268 0.023505349187633729768 0.023131645632098917637 0.025191656915989568688 0.042184343804758647756 0.06431683514425863557 0.077446768769589682813 0.071943738358998449156 0.075204505994721296269 0.077255569815089367158 0.075162177665318671838 0.093456913409698916251 0.084495136460481748419 0.079908215596465034802 0.075460684901061531038 0.068811540083174749238 0.068772832015495902191 0.070166244364480059859 0.07281842843223154671 0.079374562472559667681 nan nan nan nan nan nan nan nan
nan nan nan nan nan nan nan nan nan nan nan nan nan nan nan nan nan nan nan 0.023943656013693515733 0.022772076567184738882 0.021676249736227500703 0.021404382053846471995 0.021775952073955148758 0.022038773789147737825 0.022206312811859609674 0.022194951288589004346 0.022105673694977730909 0.022058072982098352044 0.022856779046483550327 0.023255948347069371751 0.023547956206017406355 0.023943593314888982071 0.024004654169596306018 0.024258135655252036772 0.024417530436919469145 0.024121907314839662745 0.040676436686553761601 0.055271942458182919677 0.076377044123309853485 0.093257808289792562539 0.086805881221791628133 0.087473444002103842299 0.088420313108449097306 0.084358798209952942648 0.11314019027971282394 0.10199145125855994809 0.09935913092466339136 0.09276440462882505622 0.090561640303795140627 0.086689398235824555172 0.082708713438368455795 0.08369945674485237963 0.094257029393560329278 nan nan nan nan nan nan nan nan
nan nan nan nan nan nan nan nan nan nan nan nan nan nan nan nan nan nan nan nan 0.022400123909984536591 0.021665700973228636111 0.021556886922815692714 0.022175544621721596239 0.022625432929985856562 0.022908827205901888951 0.023226788218649888074 0.023170873412674534986 0.022637284444461135136 0.023213517094199682261 0.023682633001793778477 0.023712605192101773172 0.024066765113876602972 0.024031061739711905706 0.024370722497031302445 0.024940940759612111044 0.025200815997192892171 0.025178950384771889986 0.047832410407608869085 0.082261718466747596468 0.10522993785800871525 0.10542384616625756488 0.099828468746371495923 0.093869193930142813542 0.089415671026072202077 0.34802115175862119445 0.31536307105796390626 0.35612980198548044308 0.88699876856762949195 0.85040803856636704161 0.5331196467668694039 0.099628488266233536375 0.095608632387051847856 nan nan nan nan nan nan nan nan nan
nan nan nan nan nan nan nan nan nan nan nan nan nan nan nan nan nan nan nan nan 0.022099838033330251874 0.022020539692287323386 0.022326315330008939669 0.022601001275591298817 0.023279113111248601192 0.023797539338540733139 0.023941047101564451316 0.023836221406776159082 0.023254251447805403957 0.023365411699312360616 0.023610545803325722058 0.023664381069866031321 0.023903806816027901166 0.023999727598102781057 0.02438277868056564629 0.025757263637902805958 0.037649620598384156422 0.03880946883807099429 0.038114244769760274867 0.044970747883074910223 0.10507420524071375834 0.12135235607337024888 0.11302533208084564187 0.10677541451700153785 0.10393029709632362056 0.73593277726485428758 1.0999790666274651407 1.2978767035877019076 1.0115964141330500148 0.36277517749975113359 0.33056502050495351064 0.35717603182314344723 nan nan nan nan nan nan nan nan nan nan
nan nan nan nan nan nan nan nan nan nan nan nan nan nan nan nan nan nan nan nan nan nan 0.023285810379154947558 0.023397779110858187707 0.02384473903237604997 0.024461878415049813362 0.024697248253625590786 0.024623480295437594201 0.024148094777866089405 0.023690769920842454782 0.023693192847470814083 0.024183075262253012766 0.024140711450651032577 0.024181387118868954977 0.024478203168152728314 0.038332680894194288979 0.042568963688766753295 0.043062163380423859604 0.042808150017039296731 0.046736695678545811528 0.10263004351083428178 0.13405761381863082193 0.14729555978495764701 0.12467546046145426553 0.12460218048406461466 0.93650856749770439169 1.6309674621859373556 nan 0.59723075409428516558 0.13022067112688925916 nan nan nan nan nan nan nan nan nan nan nan nan
nan nan nan nan nan nan nan nan nan nan nan nan nan nan nan nan nan nan nan nan nan nan 0.024133485075924457353 0.024414055240138843317 0.024531281950171388018 0.025004509150459309358 0.025322377754056827476 0.02520839161744631296 0.024882236820082712092 0.024364827867740447565 0.024085451563145447718 0.024488697341685353864 0.025146894837755898872 0.038047609740612761686 0.044370252311441829574 0.047306604060530874079 0.048814712608835311713 0.046302099651483345777 0.049912106410307077731 0.052761364556161829964 0.082802868833536574789 0.13279369446069622107 0.14480856840991812584 0.25197807451710796389 0.4769880672686509504 0.62619321521247606199 nan nan nan nan nan nan nan nan nan nan nan nan nan nan nan nan
nan nan nan nan nan nan nan nan nan nan nan nan nan nan nan nan nan nan nan nan nan nan 0.025297169407859084606 0.025338264170612141701 0.025536834147778981335 0.025690295264644839174 0.026041484464445749381 0.025764385936568313246 0.025469921438068744007 0.02490587900232993368 0.024681007449295973288 0.039112959590277704414 0.054290178836302722953 0.06455696362149886125 0.06872818794541030174 0.059709455198707725443 0.05558269720694233168 0.051208628335954506361 0.058248099049154469786 0.066234461991796597657 0.098815559577819400694 0.12479676599771925838 0.14492566447959009945 0.15432547214049749384 0.16701324693418534428 0.46654782361114677247 nan nan nan nan nan nan nan nan nan nan nan nan nan nan nan nan
nan nan nan nan nan nan nan nan nan nan nan nan nan nan nan nan nan nan nan nan nan nan 0.026719985936088753303 0.026642817063421569274 0.02643924129424698316 0.026814723733188296911 0.026617627451514108694 0.026112218601415451702 0.025887581442191831549 0.025420133002915446668 0.024842914958988895902 0.038343003469348851953 0.078483224011919802687 0.11814532453283156654 0.082684303542590043001 0.062176053019363491936 0.061965347720862061498 0.071973512050853921673 0.089750794480327758529 0.10038361547678424646 0.11653507776328030088 0.12567702201973832143 0.1437103840167982538 0.15748317613672338511 0.16502901517860016356 1.0919558776761713048 nan nan nan nan nan nan nan nan nan nan nan nan nan nan nan nan
nan nan nan nan nan nan nan nan nan nan nan nan nan nan nan nan nan nan nan nan nan nan nan 0.044462745345392386265 0.040316535142317116991 0.039797076289036711905 0.037832510946292099985 0.026446740945320318383 0.026243848569429500256 0.025742985998071232778 0.02517368605828863154 0.036650603600211918709 0.055043563985882462686 0.3244826243290702128 0.089001124536538356313 0.075131381528723853447 0.075063607324628689454 0.20736051500007060544 0.1677323955610529882 0.12605011540518537561 0.13119529606433957825 0.13206992647697468612 0.14435379946170048826 0.16185552242169184978 0.17620329300022255503 nan nan nan nan nan nan nan nan nan nan nan nan nan nan nan nan nan
nan nan nan nan nan nan nan nan nan nan nan nan nan nan nan nan nan nan nan nan nan nan nan 0.044578185331980650641 0.042578074850816556574 0.041914452384106966332 0.040331843230746948492 0.038004790274782401793 0.026699149122758773778 0.026072204612905727772 0.025883164053765339574 0.040927491599559363833 0.052834349619498503781 0.59632119607634903602 0.1204511260280704682 0.093817750009077355289 0.11303106617600233719 0.70495693968767325632 0.34069173457141499473 0.14589877706331338958 0.14335117583671488917 0.14194000307809159778 0.15127182643520789562 0.19504803819214430738 0.51870771645689084384 nan nan nan nan nan nan nan nan nan nan nan nan nan nan nan nan nan
nan nan nan nan nan nan nan nan nan nan nan nan nan nan nan nan nan nan nan nan nan nan 0.048755596107114079762 0.045804024380999772137 0.045083848334587867113 0.044236771505547105299 0.042357697590184512082 0.040462941696719038898 0.039090423953809030899 0.037537212307718059723 0.045493053649194384325 0.06544881363473906144 0.091917869962752599133 0.14345204961517171727 0.6754518971239469316 0.43860913866738915345 0.77500573114103066263 0.63918417899191692921 0.31120462627731915184 0.68010513573560205103 0.3724309681163187058 0.15348148941435982295 0.16336571676814604093 0.18799630049544682753 nan nan nan nan nan nan nan nan nan nan nan nan nan nan nan nan nan nan
nan nan nan nan nan nan nan nan nan nan nan nan nan nan nan nan nan nan nan nan nan 0.060228506014714439099 0.04899134306209668166 0.047937710302251086703 0.04714114554653352912 0.046295956882070499194 0.044314924288848728251 0.042628642617807847859 0.041702324189733699922 0.040491449164409200334 0.053684141927503939429 0.068407551454584200612 0.094012820855477061133 0.11189023882529480769 0.12213352040145314392 0.15205489677180566988 0.16449852033358342007 0.24097891955942904452 0.2955624384174609931 0.80565994824138575936 0.7616920968689484539 0.39769508071797621263 0.18245347592860247654 nan nan nan nan nan nan nan nan nan nan nan nan nan nan nan nan nan nan nan
nan nan nan nan nan nan nan nan nan nan nan nan nan nan nan nan nan nan nan 0.10862612827547271643 0.06701986133198510609 0.05838829971657336082 0.05568999463713867476 0.055159779517103713076 0.050492800135129925487 0.048926229817765072572 0.046913935415152319131 0.04519250374143339577 0.044981815423905967266 0.04378991505905095033 0.06032572976909723883 0.067952736294534979433 0.087674883530666006259 0.12794286934159071478 0.14428167019144053085 0.13130372706640447422 0.13166047605894348749 nan nan nan nan nan nan nan nan nan nan nan nan nan nan nan nan nan nan nan nan nan nan nan nan nan
nan nan nan nan nan nan nan nan nan nan nan nan nan nan nan nan nan nan 0.13729250666829803662 0.098247310195898621132 0.065457855158574523857 0.060519687621545394107 0.060704071510977501702 0.060151177796627798566 0.057101465841555371084 0.052863251996403209931 0.049228433986508432496 0.048343299779483143996 0.048678689140919807754 0.047587055743316855616 0.059032318212216446096 0.096446846148290910072 0.09868827436537756792 0.10700699162996239744 0.14958372048595749981 nan nan nan nan nan nan nan nan nan nan nan nan nan nan nan nan nan nan nan nan nan nan nan nan nan nan nan
nan nan nan nan nan nan nan nan nan nan nan nan nan nan nan nan nan nan 0.13607335706295209388 0.083725903578914059877 0.073090469863608009682 0.070660798434105109855 0.066962894032906089548 0.065792920626219456026 0.061745053230286520152 0.057450514978062729166 0.049899004161627832921 0.051860944177602903704 0.056797793575318888948 0.057324500641997483408 0.059862757773656585791 0.10535609482658329916 0.099833028109613378143 0.11923039796747322838 nan nan nan nan nan nan nan nan nan nan nan nan nan nan nan nan nan nan nan nan nan nan nan nan nan nan nan nan
nan nan nan nan nan nan nan nan nan nan nan nan nan nan nan nan nan nan 0.12545573226828021784 0.098272631280584180069 0.099086388679158754478 0.09305194700462222912 0.08128438266531640144 0.075298691441441842342 0.070394121884073193596 0.069835298975520529452 0.068812055577945591134 0.065251185756505208913 0.060459838414524090522 0.071232423002018013802 0.075674240761497715835 nan nan nan nan nan nan nan nan nan nan nan nan nan nan nan nan nan nan nan nan nan nan nan nan nan nan nan nan nan nan nan
nan nan nan nan nan nan nan nan nan nan nan nan nan nan nan nan nan nan nan 0.12957593882020701503 0.13682965518332088073 0.11504908638736718873 0.10060794542691901821 0.089735631609319757573 0.084212662118114844922 0.082096194902410962735 0.093997361652427460776 0.10826430398740402583 0.083948911606758172543 nan nan nan nan nan nan nan nan nan nan nan nan nan nan nan nan nan nan nan nan nan nan nan nan nan nan nan nan nan nan nan nan nan
nan nan nan nan nan nan nan nan nan nan nan nan nan nan nan nan nan nan nan nan nan 0.14407094791291286118 0.14271163241758041962 0.1231785673917131646 0.12703323510378869421 0.12691050521742092139 nan nan nan nan nan nan nan nan nan nan nan nan nan nan nan nan nan nan nan nan nan nan nan nan nan nan nan nan nan nan nan nan nan nan nan nan
nan nan nan nan nan nan nan nan nan nan nan nan nan nan nan nan nan nan nan nan nan nan nan nan nan nan nan nan nan nan nan nan nan nan nan nan nan nan nan nan nan nan nan nan nan nan nan nan nan nan nan nan nan nan nan nan nan nan nan nan nan nan
