results/rofental/snowdepth_dates_2020-04-11T1200.asc
ncols        322
nrows        225
xllcorner    622802.488000000012
yllcorner    5178049.378999999724
cellsize     100.000000000000
[rows 112 to 139 of 225, columns 186 to 247 of 322]
0.46358036323993473404 0.16040037710895743706 0.10320068154497390178 0.046728482152683582795 0 0.072266022338958874061 0.13623332572427210296 0.53119881705317528731 0.66801068269918473241 0.74985166379082235366 0.72609759356675707132 0.80861229425226333056 0.85838064845714079354 0.92979102880205233284 1.0991846962048210656 1.1300001848853360453 1.1443761994134185045 1.1382522441671953928 1.0090347474428442709 0.83507763909549281856 0.93853440364799189943 1.1332001336132899727 1.2325190430706354228 1.2548901495706354936 1.1289969808887412306 1.0561001197554238384 1.1578394551151063308 1.2087614908466426389 1.29390616888095078 1.2126980257152240039 nan nan nan nan nan nan nan nan nan nan nan nan nan nan nan nan nan nan nan nan nan nan nan nan nan nan nan nan nan nan nan nan
0.28652186556459269262 0.25422339968983836966 0 0.049523792701701055408 0.078684627204493193253 0.24377612007101173708 0.53271837078043904334 0.49378805475460729735 0.63108777406203331317 0.85023700189352391376 0.87135542769804619212 0.98017891263236300858 1.0161585847816192452 1.0065511473628401262 1.0592803206840220032 1.0820448710427070793 1.1219785518803866431 1.1508195933206735173 1.0557971649683575155 0.85360658792911037196 0.82411639207562514819 1.0496879842328377119 1.2096540245842584138 1.0987635503037349594 1.1046654109648499364 1.1839530882503215281 1.1957154819538802215 1.2646779561344132503 nan nan nan nan nan nan nan nan nan nan nan nan nan nan nan nan nan nan nan nan nan nan nan nan nan nan nan nan nan nan nan nan nan nan
0.40963942558059529553 0.37514085050787082665 0 0.039272348397809894727 0.17811604796230270931 0.52313561111285422633 0.62084319444128599486 0.64901839983832743108 0.79995465904539175828 0.88565165857308092434 0.91188027430679274854 0.9346214512320230039 1.0109391399047582549 1.0811177439582724258 1.0895960379470608359 1.0431085715172667694 1.0266669829052770258 1.0926181804544987664 1.0693959595288196063 0.90608283826243396497 0.80060039612506361806 0.9284103292924197337 1.1371113770988006131 1.0960608763998180848 1.056252098567785902 1.1215990339444914525 1.1834271993787250921 1.3182697196801380635 nan nan nan nan nan nan nan nan nan nan nan nan nan nan nan nan nan nan nan nan nan nan nan nan nan nan nan nan nan nan nan nan nan nan
0.30183436152716702772 0.3634403602599589056 0.35952366506664412693 0.21597082923886651296 0.47032113046769868925 0.50915501930518425322 0.60762184917799755279 0.67043302695701600946 0.84086871658707051935 0.82950881724768921188 0.78056423443926492567 0.81478978559854731145 0.90676229784505901765 1.019870611819819306 1.1142695040043537613 1.1410825021302124505 1.1505644277211373172 1.1100285912757466011 1.0837659034177742345 1.0536335742319065112 0.88082476746685411939 0.87789444805458705101 1.142251054975293556 1.2847275228715302475 1.2459423325930765181 1.1757467785709214692 1.146467227954879764 1.3277319172523114332 nan nan nan nan nan nan nan nan nan nan nan nan nan nan nan nan nan nan nan nan nan nan nan nan nan nan nan nan nan nan nan nan nan nan
0.26176831036173225931 0.21578605081304663704 0.56265437561558440116 0.76501579354236615149 0.63599353383434220621 0.65538626525308618653 0.77115143086671888994 0.91352416616210430078 0.94567275897160718579 1.0108063665579261059 1.0219905681910295137 0.88718030037151285327 0.78401805605257501863 0.85263129901606538041 1.168819020025060329 1.2200003399881358401 1.1899798769754970085 1.144254346134233824 1.1085789592150689931 1.1173489542372800898 1.0471904606201598575 1.0352025346380993032 1.260062496021398859 1.3936787486945780845 1.3594841057760445047 1.3437121378153413787 1.285175360787320642 1.2919763106923611851 nan nan nan nan nan nan nan nan nan nan nan nan nan nan nan nan nan nan nan nan nan nan nan nan nan nan nan nan nan nan nan nan nan nan
0.33929026167617376553 0.68279940487838142182 0.74756993979424279928 0.81520017885625561949 0.83977255567938957626 0.7560647507118191113 0.97569729660811155281 1.0165531851549891584 1.0240976088749120798 1.0825311863693876102 1.1294834421381811929 1.1676489943314929398 1.1746104317133250206 1.0944290090126074233 1.1099546448810504451 1.2286641870524528386 1.2308776337554276914 1.2535258567501528226 1.2291727226547537466 1.1896221216536142506 1.103614350156921553 1.0543256163569454387 1.2063795255333329415 1.4576100318458840022 1.4575327984049075702 1.4330925703239492108 1.4239706976302271002 nan nan nan nan nan nan nan nan nan nan nan nan nan nan nan nan nan nan nan nan nan nan nan nan nan nan nan nan nan nan nan nan nan nan nan
0.62689066291168993317 0.76388721079145760484 0.79669416545701854382 0.87482559765948464392 0.93077019804549532278 0.96229966445658632335 1.018639714716766953 1.0703613683698687264 1.0708645317676914743 1.1026034644517126448 1.1449910856614073928 1.1953663139895742695 1.2113238509821782074 1.2690731189851098826 1.1721109458236900203 1.1537973966384802438 1.2205275992994917278 1.2463449106463300176 1.2276238012418716483 1.1881942740359365818 1.1690940632617143891 1.1672270768065688973 1.1741814940358548114 1.4131758416199340367 1.5157723268728198196 1.5052271309143234745 nan nan nan nan nan nan nan nan nan nan nan nan nan nan nan nan nan nan nan nan nan nan nan nan nan nan nan nan nan nan nan nan nan nan nan nan
0.66403736833471782575 0.81009416464681760495 0.83081739408415988812 0.90818843089799172752 0.99377817944552593321 1.0620211292792884894 1.0893013949961560805 1.0969595345622815685 1.1057775811167234181 1.156617220054143802 1.1844707140674937129 1.1919922569866745476 1.2164990309301968452 1.1912774994674024676 1.1328712031474434951 1.1368176869406512175 1.1867665042718973378 1.1868015736895594081 1.2008542112714510885 1.181766142831839117 1.1675436396882412637 1.2396987845457567712 1.3330735811146958714 1.3983010340619852485 1.552745602177200146 nan nan nan nan nan nan nan nan nan nan nan nan nan nan nan nan nan nan nan nan nan nan nan nan nan nan nan nan nan nan nan nan nan nan nan nan nan
0.69767600782671035375 0.85250943038298210297 0.9186451474932193495 0.96573804348276692799 1.0549382970180027908 1.1184295859143609242 1.1508223186444079822 1.1430360934276326823 1.1529914274441730448 1.167579895859918615 1.218384208661728918 1.2820672758741209485 1.2662369836921061328 1.1911879685593924627 1.1376125230041038705 1.1530532628386163108 1.2373629248461384122 1.2558561995765715746 1.2893478087374727892 1.2662662935378108386 1.3129067550952544519 1.3304470377945112336 1.2838881445443566243 1.401868477984354433 1.584295772914650291 nan nan nan nan nan nan nan nan nan nan nan nan nan nan nan nan nan nan nan nan nan nan nan nan nan nan nan nan nan nan nan nan nan nan nan nan nan
0.5982686080456249833 0.70974451616284539579 0.94419059299735419444 1.015794093895318273 1.0823916699597069258 1.1490382487173955717 1.1826894459254726488 1.1969090563032795949 1.186642108753510616 1.2110185111196276608 1.2384261764854638255 1.3506589625892164719 1.2104363470365697708 1.1939573925087689776 1.1503934942750824177 1.1171679710394082363 1.2215087540476119443 1.2955698667736252894 1.3297281790072275065 1.2522041782230348694 1.2632313389127032277 1.3928666713391382181 1.3666618677362980527 1.4070153108048939483 1.6391987902502962449 nan nan nan nan nan nan nan nan nan nan nan nan nan nan nan nan nan nan nan nan nan nan nan nan nan nan nan nan nan nan nan nan nan nan nan nan nan
0.80158582357504559734 0.79326382842578990751 0.88403831730599313765 0.94557354669648607803 1.0234721432711435529 1.0738763086463212204 1.1624922401216939427 1.2028005738722435947 1.2169635195167300967 1.2863327222707492403 1.319558496583745022 1.3356045077427247669 1.2142373272937323492 1.2289419973953448206 1.2110067319531121477 1.233641039842323206 1.2850671926395869082 1.2675480652017347971 1.2802558494624438623 1.2352814376379588346 1.2195624890892131642 1.3382510691946465364 1.3443460103440334485 1.3598793171743452923 1.5066550996937291274 nan nan nan nan nan nan nan nan nan nan nan nan nan nan nan nan nan nan nan nan nan nan nan nan nan nan nan nan nan nan nan nan nan nan nan nan nan
0.81579474785064531872 0.83965473295003378862 0.91055470431671758913 0.9434027319461883998 0.96480348897769774297 1.0206790454986784944 1.1525526928763925039 1.2037217606562600203 1.2389243803086147366 1.3103711378155784573 1.3349682956080548557 1.2702016907798818757 1.2713077565666932589 1.3242304826158375342 1.3577673508841276995 1.3603839410127427367 1.3434764810386301548 1.320542851577936716 1.3030033056431902239 1.2739688797052242109 1.0811329564334173359 0.97943350161725728498 1.0637862463910181532 1.1261238329415812487 1.3182669161939617464 nan nan nan nan nan nan nan nan nan nan nan nan nan nan nan nan nan nan nan nan nan nan nan nan nan nan nan nan nan nan nan nan nan nan nan nan nan
0.81403031665092173697 0.86536193970804120568 0.90554170471521222563 0.98355175740397804418 1.0324113672043739864 1.0807109694085608176 1.146232945218632171 1.2204810756898811785 1.3018033611611992129 1.4035276322221237333 1.3966664298501836328 1.299469673395159397 1.2664618772346303288 1.2653455009351448624 1.2878807746401694789 1.2915699054542586488 1.3084606576579966841 1.2972389424354568987 1.2347171754588097681 1.2517946344261270397 1.2186907128650299459 1.0782532979781895843 1.1004303927160579146 1.2064556196912417096 1.3432617301942602062 nan nan nan nan nan nan nan nan nan nan nan nan nan nan nan nan nan nan nan nan nan nan nan nan nan nan nan nan nan nan nan nan nan nan nan nan nan
0.83781133016968345473 0.89375990372144431539 0.91714527142859436637 0.99206432050076953644 1.0652457387231908381 1.1196391095365494373 1.1712534425035125984 1.2191530679657505143 1.29201205552630638 1.3125409190732335585 1.3281167739605403977 1.3954002387672976848 1.3840102725005993811 1.3789599750566063907 1.3617446395622816446 1.3386136624679940699 1.3259908904233732585 1.3143534327102215364 1.3005340958760833736 1.3059746053576315461 1.3231759624171044454 1.25567620491803833 1.2073724899657978238 1.3052523859916840276 1.3527199348433958104 nan nan nan nan nan nan nan nan nan nan nan nan nan nan nan nan nan nan nan nan nan nan nan nan nan nan nan nan nan nan nan nan nan nan nan nan nan
0.73478742608086178301 0.82385801294410565543 0.86823243277923556338 0.9665859160587912946 1.0660055736563016637 1.1478041891631627358 1.2015813643377186715 1.2251348043423315737 1.2830419950194809076 1.4304109797792641245 1.4071768152154962017 1.414328457925692728 1.426280774865965828 1.4008081217543009167 1.3630660294130705346 1.3387139435283956779 1.3341735888387125097 1.3487652931021394398 1.4047101714703262854 1.5032738507888141477 1.4572624259454016737 1.4367762427296619787 1.2735103115961350362 1.1820970257504561651 nan nan nan nan nan nan nan nan nan nan nan nan nan nan nan nan nan nan nan nan nan nan nan nan nan nan nan nan nan nan nan nan nan nan nan nan nan nan
1.0106488670328077628 0.98795143593831924456 0.95464686163806899977 0.97730148847943931756 1.0428544211863046698 1.0984570650054057417 1.1886718517425229891 1.2203514043720453675 1.259444376165927082 1.4576558050934464994 1.5000245365100037809 1.4367970886748127057 1.4315641783546786403 1.4056343876327321851 1.3625986119598718638 1.3338553027203861046 1.3459581171115611031 1.3618506894173489918 1.3693404304526874959 1.5085379156103961851 1.5244139133757745874 1.475130904876414295 1.4159289098323006861 1.4360539372134830671 nan nan nan nan nan nan nan nan nan nan nan nan nan nan nan nan nan nan nan nan nan nan nan nan nan nan nan nan nan nan nan nan nan nan nan nan nan nan
1.1052636059485658748 1.1173429037980162626 1.1306358852275284477 1.1257271360633402946 1.0902881905594554723 1.139760051486820025 1.2402586752720226038 1.362028442656401106 1.3903565123784731306 1.4518600982077272121 1.3911790707574085424 1.4056440903017761723 1.3932301887326403733 1.3812099828405097757 1.3618583378334796485 1.357160142341578668 1.3660713340204593269 1.3457232351509103019 1.3209789011815347148 1.4330806332375769507 1.5908003754092565618 1.5526921475892299096 1.4954895186527150663 1.4264682086769693292 nan nan nan nan nan nan nan nan nan nan nan nan nan nan nan nan nan nan nan nan nan nan nan nan nan nan nan nan nan nan nan nan nan nan nan nan nan nan
1.0150655516104829523 1.0823439665326763937 1.094982934924296103 1.1381156482535088603 1.1655433146061167093 1.1553266036625227109 1.1499250109173657641 1.2417030251327323409 1.3183750962986309219 1.4449273137191367411 1.4634241708047435182 1.4018760306628426093 1.3644925927959707934 1.3634348188126348411 1.358196087900835014 1.368824444533589979 1.3845359300683983683 1.3938370349965381045 1.3600174298367664338 1.3625578212394091615 1.6181310642918422804 1.7004981644068639657 nan nan nan nan nan nan nan nan nan nan nan nan nan nan nan nan nan nan nan nan nan nan nan nan nan nan nan nan nan nan nan nan nan nan nan nan nan nan nan nan
0.7452133327584327116 0.86158092791131624111 1.0279031955307067481 1.1307860037216759252 1.1262573318547004497 1.1792134750118568043 1.2157878720170725018 1.2009818949998942728 1.2119905417726304364 1.3348405987274076789 1.5006547121954620927 1.4551751780819373039 1.4313144243336344275 1.438934901531551791 1.4229183116950299137 1.4191753201735881618 1.4689330043337818221 1.5339125056502029842 1.4563456334266351444 1.4012086144541622268 1.4841589617795518663 nan nan nan nan nan nan nan nan nan nan nan nan nan nan nan nan nan nan nan nan nan nan nan nan nan nan nan nan nan nan nan nan nan nan nan nan nan nan nan nan nan
1.1082648268189374541 1.0698736260731664949 0.98607315540858742065 1.0257076011009211847 1.1163195296687922209 1.1282391843410206622 1.074723157407155627 1.0134608514299339177 1.0049285756865458108 1.2200688730893798351 1.5468424709852417465 1.5564840163963229447 1.5328737194606403271 1.5122405726839924789 1.5517221332778243781 1.640399698858870936 1.7007333724549704712 1.6373530763526016329 1.5101398718689795775 1.4499123457120737246 nan nan nan nan nan nan nan nan nan nan nan nan nan nan nan nan nan nan nan nan nan nan nan nan nan nan nan nan nan nan nan nan nan nan nan nan nan nan nan nan nan nan
0.92547428817832089187 1.0990350948271010445 1.1967601179528271071 1.2217686024440186365 1.2000637210766689211 1.1548269225478711153 1.1442619495364048099 1.1574303044396827556 1.1775290764354993112 1.2489839224286833907 1.4801535068007916074 1.6159539766944019945 1.6334895599918630715 1.6542471607158304447 1.6388115270356098385 nan nan nan 1.5123361523466274381 nan nan nan nan nan nan nan nan nan nan nan nan nan nan nan nan nan nan nan nan nan nan nan nan nan nan nan nan nan nan nan nan nan nan nan nan nan nan nan nan nan nan nan
0.97547398975257415543 1.0301451708610898095 1.166750406292724751 1.2171172063688899811 1.1792778003795580943 1.1537261334258912537 1.2006085156866839192 1.2870876021129733502 1.3024384762330467602 1.3382602022807539299 1.548556086651709629 1.6990233162308849835 nan nan nan nan nan nan nan nan nan nan nan nan nan nan nan nan nan nan nan nan nan nan nan nan nan nan nan nan nan nan nan nan nan nan nan nan nan nan nan nan nan nan nan nan nan nan nan nan nan nan
1.1409704506446107786 1.0532471200252566668 1.0489486925216635615 1.10344928391791397 1.190506837519646588 1.2189516253325980433 1.2570081866762485845 1.306861398331076396 1.3741806770466045151 1.4043103530705329796 1.4508797591051145748 nan nan nan nan nan nan nan nan nan nan nan nan nan nan nan nan nan nan nan nan nan nan nan nan nan nan nan nan nan nan nan nan nan nan nan nan nan nan nan nan nan nan nan nan nan nan nan nan nan nan nan
1.248906310873624248 1.1665527910153665747 1.1586884720458989761 1.1632048961204599635 1.1892294722437326548 1.2641534398425990915 1.307747825284828469 1.3540786039907573013 1.404942421367797678 1.4136438884536628446 1.4297671538638656585 nan nan nan nan nan nan nan nan nan nan nan nan nan nan nan nan nan nan nan nan nan nan nan nan nan nan nan nan nan nan nan nan nan nan nan nan nan nan nan nan nan nan nan nan nan nan nan nan nan nan nan
1.244939000061424883 1.2532817582675785939 1.2030475001124076861 1.1935824070960636689 1.1573785072036204546 1.150561259234886613 1.0623278532775324301 1.0478641804482067279 1.1189481075068001825 1.2264438578219933884 1.5343917456366684693 nan nan nan nan nan nan nan nan nan nan nan nan nan nan nan nan nan nan nan nan nan nan nan nan nan nan nan nan nan nan nan nan nan nan nan nan nan nan nan nan nan nan nan nan nan nan nan nan nan nan nan
1.1941634876238540475 1.2534522926448412594 1.26081534924735017 1.2290305903367906293 1.2190532133374292201 1.1717885919676929163 1.0703603216745929405 1.06945644454537514 1.1740461707583544904 1.3092969982379534244 1.4848203858747031081 1.7704582598302365248 nan nan nan nan nan nan nan nan nan nan nan nan nan nan nan nan nan nan nan nan nan nan nan nan nan nan nan nan nan nan nan nan nan nan nan nan nan nan nan nan nan nan nan nan nan nan nan nan nan nan
1.1796210479206714616 1.2173150940971597667 1.2760776512702918239 1.2664954196765811911 1.2901849099031785784 1.3031174768787159302 1.2473440543488147902 1.1383021724668924701 1.1442093983995573758 1.1996907597826449443 1.2732772219926717927 1.577598474518088878 nan nan nan nan nan nan nan nan nan nan nan nan nan nan nan nan nan nan nan nan nan nan nan nan nan nan nan nan nan nan nan nan nan nan nan nan nan nan nan nan nan nan nan nan nan nan nan nan nan nan
1.1994413197218531941 1.1937369469080227891 1.2547116282111157037 1.2982636430357505919 1.3157259460229986381 1.3084769260009867509 1.3119593226911536732 1.2530594920774915657 1.2476989149346175978 1.3336907637477404265 1.4222441051182401761 1.7400355186627143311 nan nan nan nan nan nan nan nan nan nan nan nan nan nan nan nan nan nan nan nan nan nan nan nan nan nan nan nan nan nan nan nan nan nan nan nan nan nan nan nan nan nan nan nan nan nan nan nan nan nan
