results/rofental/snowdepth_month_2020-03-01T0000_2020-03-31T2300.asc
ncols        322
nrows        225
xllcorner    622802.488000000012
yllcorner    5178049.378999999724
cellsize     100.000000000000
[rows 168 to 195 of 225, columns 62 to 123 of 322]
nan nan nan nan nan nan nan nan nan nan nan nan nan nan nan nan nan nan nan nan nan nan nan nan nan nan nan nan nan 1.8643904690505146426 1.7751791237191822947 1.7200755266297744761 1.7011765740634487987 1.7611325583571486586 1.7792512868276155746 1.7156808182293088461 1.5280479657565835261 1.5061389789636057124 1.5519090569046087857 1.5585321789773087797 1.4761808251265380321 1.4344841405191943728 1.4430892950893454696 1.4493166282552585322 1.4294839587163286065 1.3871977752102628845 1.3811639782304718782 1.3916884536190445854 1.3683026527819763807 1.3236491003065120609 1.3042812615373347018 1.2953906964384136469 1.2962598276011632059 1.3021254670026867206 1.2934694335057108638 1.2778701562777552425 1.2654097614231998303 1.2573920882930214038 1.2488111607653133994 1.2690023541343304903 1.301375700602639407 1.3171440351717760286
nan nan nan nan nan nan nan nan nan nan nan nan nan nan nan nan nan nan nan nan nan nan nan nan nan nan nan nan nan 1.9087403255503301303 1.7861578345085236119 1.6146407004139509134 1.635076010627146692 1.6745498301889740755 1.7163245105948230496 1.7382006348453671318 1.6800016374340174252 1.541901690503764133 1.5043848714138592371 1.5248749779863990383 1.5436274763431292456 1.5103030071266634327 1.4386331096010129826 1.4182507196593692189 1.4432473403504175735 1.4161428301881393566 1.3818625635899144388 1.3638103660498663849 1.3480530416579896702 1.328823317896688172 1.3221927614012769503 1.3208936514136297991 1.3185721292444461117 1.3111487089777886794 1.2987533828087081123 1.2933694677408078544 1.2887340721981319636 1.3031391748572078715 1.3519617410124291634 1.3892143757148396332 1.39651682686993861 1.3831973260194747599
nan nan nan nan nan nan nan nan nan nan nan nan nan nan nan nan nan nan nan nan nan nan nan nan nan nan nan nan 1.626384057033342323 1.762686876681302639 1.6566746676162031893 1.5808067266924836769 1.5871516708534776363 1.6345938693860710966 1.6780303000585825579 1.6981350303680600167 1.6945707457015433128 1.6325050154305478234 1.542197756966274147 1.4930996807894609812 1.547165969121903295 1.5400015741407142578 1.4494859041439598357 1.3931330980270950626 1.4308060528486881147 1.4474627968990199101 1.4318066996530354196 1.3969238699203254672 1.3743268914651571855 1.3534130102788566319 1.3369052226115576421 1.3256509079845644195 1.3132660984652120284 1.3067219884565430821 1.3072442472380700895 1.3206370558916828983 1.3671665290538135284 1.4129628813579702129 1.4368417422710277886 1.4433502802797322229 1.4490100148293780791 1.4509103993313874348
nan nan nan nan nan nan nan nan nan nan nan nan nan nan nan nan nan nan nan nan nan nan nan nan nan nan nan nan 1.6847492584217973466 1.6351074917796859509 1.6709988513965541301 1.6596008179555172823 1.6178749717955125398 1.6225164788563843921 1.6509548236281119671 1.7001647727828923529 1.7202038568610047431 1.6976706802638501514 1.631030615029540165 1.5774738273510910957 1.5611845897645322268 1.5541259303855137208 1.4690074811643760722 1.4258775899285061062 1.4406085360532929762 1.4701545839478720179 1.474310412053072783 1.4480123813978840186 1.4241316464391420293 1.4060066054834807758 1.3866828255418646165 1.3699900927830142017 1.341744463940425458 1.3668328714897186593 1.4202412526315977281 1.4529796509321388776 1.4627608128684168598 1.4750324740643099286 1.478128803273619285 1.4843372532738812186 1.4871309096370473046 1.5099260029007022244
nan nan nan nan nan nan nan nan nan nan nan nan nan nan nan nan nan nan nan nan nan nan nan nan nan nan nan nan nan 1.8161395740818020439 1.7133211882436312212 1.7205859653003017229 1.6953127149454587652 1.6558482818873712095 1.6245637675178303816 1.6488081314489342333 1.6809627877985950928 1.6908355530890977203 1.6901344905083339754 1.6490915677452668842 1.5927703645986479586 1.606566150063817533 1.5582360404871880011 1.4906210123567020798 1.4690365385497625716 1.4737975463314212377 1.4639115885106559478 1.4220766359743421958 1.4135388812846458872 1.4296627463497755262 1.4474747517031310018 1.4910185107881215316 1.5123002693616653946 1.5259964780772667936 1.5244818733276963574 1.5229272015758552605 1.5193159210557720673 1.527847252471063344 1.5215996945068266388 1.5168485292256201902 1.5114909793393211945 1.568744166190442213
nan nan nan nan nan nan nan nan nan nan nan nan nan nan nan nan nan nan nan nan nan nan nan nan nan nan nan nan nan nan 1.8256057975180546293 1.7653346717981472924 1.7392419246332480043 1.7029590288641409668 1.665903104444269367 1.6182967194838060454 1.6208459343517791496 1.6301431374970833943 1.6359472728793362784 1.5934076687087699309 1.5458568851524472354 1.5709708504445518695 1.5430710544735357637 1.5171243726214982406 1.4991472603881554893 1.4904606476197015397 1.4755171333090428831 1.4670736931543155723 1.4969390355270384418 1.5252969569471872546 1.542901874859732736 1.566139538054383662 1.5592679745053072971 1.5384840554402536839 1.5451758721942621122 1.555422920039833512 1.5558447933733257074 1.5581369997490821522 1.5523471722049866361 1.5688580387497623736 1.5836898210267160714 1.4955890727405303231
nan nan nan nan nan nan nan nan nan nan nan nan nan nan nan nan nan nan nan nan nan nan nan nan nan nan nan nan nan nan nan 1.8527029958502920781 1.8108119853713324776 1.7702668483030670199 1.7397298311037190377 1.6966876292827235417 1.6262118727751748715 1.61595313641554994 1.6128844789399408022 1.6080248750241505906 1.6202978432788750496 1.6354114023490440299 1.6347604575071297273 1.6254352421817555019 1.6146408594583681051 1.5954655373274748698 1.5966192790564999182 1.5983501091938072669 1.5950627859806152387 1.5867051629997657169 1.5709404875616119757 1.5597072643605569553 1.5609599671259744014 1.5682573717619605613 1.5879077018018799006 1.5959852668387777275 1.6053700031739313037 1.6125987269219397291 1.6212925465045067153 nan nan nan
nan nan nan nan nan nan nan nan nan nan nan nan nan nan nan nan nan nan nan nan nan nan nan nan nan nan nan nan nan nan nan nan nan nan nan nan 1.6706662431232122135 1.6624875806684715762 1.6636014524569275874 1.6789202243347602916 1.6956051576860429186 1.7013733062062594836 1.7038558426224141851 1.7079034344698915682 1.6882765330978124485 1.658049062694027409 1.6347525023168816283 1.604564741233616143 1.5719448470342611834 1.5721508232841192587 1.5567468635820582712 1.5728797526300364318 1.5925767367041816502 1.6237464513755368589 nan nan nan nan nan nan nan nan
nan nan nan nan nan nan nan nan nan nan nan nan nan nan nan nan nan nan nan nan nan nan nan nan nan nan nan nan nan nan nan nan nan nan nan nan nan nan nan nan nan nan nan nan nan nan nan 1.550073512298090872 1.5608289673947350895 1.5761706986283443577 1.5862183694215383767 1.608341515197476701 1.6359715534269325676 1.6005017027532206786 nan nan nan nan nan nan nan nan
nan nan nan nan nan nan nan nan nan nan nan nan nan nan nan nan nan nan nan nan nan nan nan nan nan nan nan nan nan nan nan nan nan nan nan nan nan nan nan nan nan nan nan nan nan nan nan nan 1.5729222141613372621 1.6190820353507000551 1.5973466534637963399 1.6000258898657799822 nan nan nan nan nan nan nan nan nan nan
nan nan nan nan nan nan nan nan nan nan nan nan nan nan nan nan nan nan nan nan nan nan nan nan nan nan nan nan nan nan nan nan nan nan nan nan nan nan nan nan nan nan nan nan nan nan nan nan nan nan nan nan nan nan nan nan nan nan nan nan nan nan
nan nan nan nan nan nan nan nan nan nan nan nan nan nan nan nan nan nan nan nan nan nan nan nan nan nan nan nan nan nan nan nan nan nan nan nan nan nan nan nan nan nan nan nan nan nan nan nan nan nan nan nan nan nan nan nan nan nan nan nan nan nan
nan nan nan nan nan nan nan nan nan nan nan nan nan nan nan nan nan nan nan nan nan nan nan nan nan nan nan nan nan nan nan nan nan nan nan nan nan nan nan nan nan nan nan nan nan nan nan nan nan nan nan nan nan nan nan nan nan nan nan nan nan nan
nan nan nan nan nan nan nan nan nan nan nan nan nan nan nan nan nan nan nan nan nan nan nan nan nan nan nan nan nan nan nan nan nan nan nan nan nan nan nan nan nan nan nan nan nan nan nan nan nan nan nan nan nan nan nan nan nan nan nan nan nan nan
nan nan nan nan nan nan nan nan nan nan nan nan nan nan nan nan nan nan nan nan nan nan nan nan nan nan nan nan nan nan nan nan nan nan nan nan nan nan nan nan nan nan nan nan nan nan nan nan nan nan nan nan nan nan nan nan nan nan nan nan nan nan
nan nan nan nan nan nan nan nan nan nan nan nan nan nan nan nan nan nan nan nan nan nan nan nan nan nan nan nan nan nan nan nan nan nan nan nan nan nan nan nan nan nan nan nan nan nan nan nan nan nan nan nan nan nan nan nan nan nan nan nan nan nan
nan nan nan nan nan nan nan nan nan nan nan nan nan nan nan nan nan nan nan nan nan nan nan nan nan nan nan nan nan nan nan nan nan nan nan nan nan nan nan nan nan nan nan nan nan nan nan nan nan nan nan nan nan nan nan nan nan nan nan nan nan nan
nan nan nan nan nan nan nan nan nan nan nan nan nan nan nan nan nan nan nan nan nan nan nan nan nan nan nan nan nan nan nan nan nan nan nan nan nan nan nan nan nan nan nan nan nan nan nan nan nan nan nan nan nan nan nan nan nan nan nan nan nan nan
nan nan nan nan nan nan nan nan nan nan nan nan nan nan nan nan nan nan nan nan nan nan nan nan nan nan nan nan nan nan nan nan nan nan nan nan nan nan nan nan nan nan nan nan nan nan nan nan nan nan nan nan nan nan nan nan nan nan nan nan nan nan
nan nan nan nan nan nan nan nan nan nan nan nan nan nan nan nan nan nan nan nan nan nan nan nan nan nan nan nan nan nan nan nan nan nan nan nan nan nan nan nan nan nan nan nan nan nan nan nan nan nan nan nan nan nan nan nan nan nan nan nan nan nan
nan nan nan nan nan nan nan nan nan nan nan nan nan nan nan nan nan nan nan nan nan nan nan nan nan nan nan nan nan nan nan nan nan nan nan nan nan nan nan nan nan nan nan nan nan nan nan nan nan nan nan nan nan nan nan nan nan nan nan nan nan nan
nan nan nan nan nan nan nan nan nan nan nan nan nan nan nan nan nan nan nan nan nan nan nan nan nan nan nan nan nan nan nan nan nan nan nan nan nan nan nan nan nan nan nan nan nan nan nan nan nan nan nan nan nan nan nan nan nan nan nan nan nan nan
nan nan nan nan nan nan nan nan nan nan nan nan nan nan nan nan nan nan nan nan nan nan nan nan nan nan nan nan nan nan nan nan nan nan nan nan nan nan nan nan nan nan nan nan nan nan nan nan nan nan nan nan nan nan nan nan nan nan nan nan nan nan
nan nan nan nan nan nan nan nan nan nan nan nan nan nan nan nan nan nan nan nan nan nan nan nan nan nan nan nan nan nan nan nan nan nan nan nan nan nan nan nan nan nan nan nan nan nan nan nan nan nan nan nan nan nan nan nan nan nan nan nan nan nan
nan nan nan nan nan nan nan nan nan nan nan nan nan nan nan nan nan nan nan nan nan nan nan nan nan nan nan nan nan nan nan nan nan nan nan nan nan nan nan nan nan nan nan nan nan nan nan nan nan nan nan nan nan nan nan nan nan nan nan nan nan nan
nan nan nan nan nan nan nan nan nan nan nan nan nan nan nan nan nan nan nan nan nan nan nan nan nan nan nan nan nan nan nan nan nan nan nan nan nan nan nan nan nan nan nan nan nan nan nan nan nan nan nan nan nan nan nan nan nan nan nan nan nan nan
nan nan nan nan nan nan nan nan nan nan nan nan nan nan nan nan nan nan nan nan nan nan nan nan nan nan nan nan nan nan nan nan nan nan nan nan nan nan nan nan nan nan nan nan nan nan nan nan nan nan nan nan nan nan nan nan nan nan nan nan nan nan
nan nan nan nan nan nan nan nan nan nan nan nan nan nan nan nan nan nan nan nan nan nan nan nan nan nan nan nan nan nan nan nan nan nan nan nan nan nan nan nan nan nan nan nan nan nan nan nan nan nan nan nan nan nan nan nan nan nan nan nan nan nan
