results/rofental/snowmelt_month_2020-05-01T0000_2020-05-31T2300.asc
ncols        322
nrows        225
xllcorner    622802.488000000012
yllcorner    5178049.378999999724
cellsize     100.000000000000
[rows 140 to 167 of 225, columns 63 to 125 of 322]
nan nan nan nan nan nan nan nan nan nan nan nan nan nan nan nan nan nan nan nan nan nan nan nan nan nan nan nan nan nan nan nan nan nan nan nan nan nan nan nan nan nan nan nan nan nan nan nan nan nan nan 64.704593913212477219 68.799359680175143694 86.430503099246806187 114.62857031035743205 139.50656888187137383 145.62861813846572545 224.98846174816384291 233.96267056359178582 223.02595139495730336 229.07373786394086324 254.08724272600468908 272.04009881019635486
nan nan nan nan nan nan nan nan nan nan nan nan nan nan nan nan nan nan nan nan nan nan nan nan nan nan nan nan nan nan nan nan nan nan nan nan nan nan nan nan nan nan nan nan nan nan nan nan nan nan 78.111246420250537881 92.275883538906995796 76.656178932353228106 91.786177809044417586 135.89239497235405452 128.26947410713233921 141.27751837896292386 212.46462577302102659 216.43401907664454598 212.20938223622775354 208.19113100717652287 231.15552035939842312 276.20023421923502838
nan nan nan nan nan nan nan nan nan nan nan nan nan nan nan nan nan nan nan nan nan nan nan nan nan nan nan nan nan nan nan nan nan nan nan nan nan nan nan nan nan nan nan nan nan nan nan nan nan 89.260518009987620758 127.1238693269829696 131.63024274261127289 163.55087053292663768 108.43150864163023073 107.74717263037507564 128.45335368278500709 207.01069718884482995 232.520554772828973 237.49468138446982834 242.42790851035508126 241.15763234147260619 245.84456019833280038 280.58443778284032533
nan nan nan nan nan nan nan nan nan nan nan nan nan nan nan nan nan nan nan nan nan nan nan nan nan nan nan nan nan nan nan nan nan nan nan nan nan nan nan nan nan nan nan nan nan nan nan nan 115.92660839488087277 97.789441194807253055 158.35805204688853109 175.20752988582094645 194.6868034378553034 213.18668515882646375 132.09667145854092496 88.837851776815611515 191.10455503985127734 235.46152849001225604 248.79856386800560131 251.1531647761765953 256.2231722222839494 274.33518773381092615 290.2382135764934219
nan nan nan nan nan nan nan nan nan nan nan nan nan nan nan nan nan nan nan nan nan nan nan nan nan nan nan nan nan nan nan nan nan nan nan nan nan nan nan nan nan nan nan nan nan 86.154684982874229604 109.91765185932524673 150.03117915567938212 128.09648304134174168 131.12247893925081144 172.76491728114751822 254.56247083582042023 268.19521193755701916 282.09219494897484992 267.90940296838516588 153.49217903210850977 155.16732027700226126 178.68333411829738111 221.80790153553988375 234.83239015358560664 235.21870430382557515 232.02889395664058725 247.42030755582769075
nan nan nan nan nan nan nan nan nan nan nan nan nan nan nan nan nan nan nan nan nan nan nan nan nan nan nan nan nan nan nan nan nan nan nan nan nan nan nan nan nan nan nan nan 167.18084563655500574 148.97105229002704618 122.60458214883365713 170.39359317101300917 188.29885835294700769 159.79324904035695454 158.54796886129156519 234.21551069275724899 275.65131676673706806 297.52580031548188799 289.77055157057395718 289.05250338457506132 259.94466496763777741 213.16105948664076664 180.41028275767899913 169.22850466190951124 186.18696363062213095 207.09202556215046798 227.54507348055577154
nan nan nan nan nan nan nan nan nan nan nan nan nan nan nan nan nan nan nan nan nan nan nan nan nan nan nan nan nan nan nan nan nan nan nan nan nan nan nan nan nan nan nan nan 174.60489985449453343 172.13419987089002916 175.00489291880444398 171.07762909800433704 258.52664012211783984 249.93250531174857088 259.70088947954451442 247.98603202632952502 273.99430768295047756 288.44380012604432295 308.40363921013573645 267.13037476325473563 285.94083281638120297 289.71331507222703294 288.71531105118418736 285.90977890337723011 273.43331482463452176 232.30104041076887711 254.76774551262101909
nan nan nan nan nan nan nan nan nan nan nan nan nan nan nan nan nan nan nan nan nan nan nan nan nan nan nan nan nan nan nan nan nan nan nan nan nan nan nan nan nan nan nan nan 157.83125406178541539 171.40800364566212011 190.75721084520310455 240.35115395848467301 256.32514608325311656 253.26313531936671097 263.41747640474130776 252.47284781217453542 260.07676595544137399 267.41620676147908853 269.96964477666750781 307.36905208508227361 301.02724854281666467 265.77680331713679607 262.91326084004748509 313.8058324510649868 301.3278666013561633 282.67853226090613816 306.296647293913054
nan nan nan nan nan nan nan nan nan nan nan nan nan nan nan nan nan nan nan nan nan nan nan nan nan nan nan nan nan nan nan nan nan nan nan nan nan nan nan nan nan nan nan 70.449822426683923027 118.1366743590254913 162.17493717165501721 224.4265310182406381 218.95851065207261854 224.29765130926034544 229.2794955775618746 233.30212523401300473 231.63154717337076249 232.28378655569883904 241.056708342829495 241.78180957934728212 249.47937348308516903 268.99118965501980938 298.32068586789273468 325.85614560423550756 284.34042152193893571 222.21403929713397929 226.47816367910900226 232.48578820511272625
nan nan nan nan nan nan nan nan nan nan nan nan nan nan nan nan nan nan nan nan nan nan nan nan nan nan nan nan nan nan nan nan nan nan nan nan nan nan nan nan nan nan nan 58.074499670532375717 81.18186900366491443 133.21150707079348763 213.16918205008070686 214.67547904442054119 215.87592544382678739 220.77920555049760765 223.03151604197714164 229.2903793399025858 240.59169040401570783 250.26717213704026221 250.10320117119712791 256.16509315410422687 268.69192951199016761 277.30903396008483242 282.38406568269749641 299.32105431314732868 314.60766984298862781 262.59515900024348412 219.14958119195603103
nan nan nan nan nan nan nan nan nan nan nan nan nan nan nan nan nan nan nan nan nan nan nan nan nan nan nan nan nan nan nan nan nan nan nan nan nan nan nan nan nan nan 55.806298566708377962 74.649478107002494198 105.76888525505079031 114.72760554399492605 140.50732996114132334 198.13729970658786783 197.00543435410372695 204.88772233559257074 194.39898443525683547 198.17176468490922048 212.40134613604786296 229.15472701648610609 242.76942030524324423 258.47825724497397459 281.82175638633503922 312.11087504319942809 317.29103736310628392 278.52294253753569819 290.98015790730403296 309.3131767673204422 327.34809930712839332
nan nan nan nan nan nan nan nan nan nan nan nan nan nan nan nan nan nan nan nan nan nan nan nan nan nan nan nan nan nan nan nan nan nan nan nan nan nan nan nan nan 63.691265019186651841 61.665572111391703913 78.745279976193685911 80.938714958155856039 87.510521403477710578 103.45537843943388623 107.47602429584219408 108.14761948221367049 167.69183789923789618 165.37884569717954264 163.06573073851475897 165.85631681683688043 178.67335368613498758 201.58623398807623062 232.38664921995913915 265.48066703510045272 280.20274507312501555 299.30685604201664773 336.60565634925654876 304.73476546889946803 311.25776577379878063 353.81953223445566437
nan nan nan nan nan nan nan nan nan nan nan nan nan nan nan nan nan nan nan nan nan nan nan nan nan nan nan nan nan nan nan nan nan nan nan nan nan nan nan nan nan nan 71.133781218756524822 90.374444723035779248 89.600849484100507425 94.962085862632861222 114.16463833096051417 104.94430881731045702 91.87501805835412938 89.937202027914963764 78.992411295486959943 130.05117964309033596 139.89405891960768713 140.26217571132289663 137.16989203652983065 152.76811826043140741 203.53055151522980282 254.24873786468012327 270.60756951823640293 273.50744661922544765 203.063164190163576 359.45766208948839449 353.58958351100602613
nan nan nan nan nan nan nan nan nan nan nan nan nan nan nan nan nan nan nan nan nan nan nan nan nan nan nan nan nan nan nan nan nan nan nan nan nan nan nan nan nan 36.144073252884673764 63.060371211365108479 72.360813427155335376 70.862740281707829126 76.863252984286461356 98.224338976441543991 93.645320484005765138 76.673758089517647818 67.257944849867868697 47.582191517277074411 46.169925158412752353 45.468888516154322588 64.783032240418791048 136.14591484779211328 160.05332682927394217 198.8898622520719357 246.72172732539308981 277.92672735469318468 311.89267034731528838 273.64545886795724527 296.84629960131553617 345.93246196104155388
nan nan nan nan nan nan nan nan nan nan nan nan nan nan nan nan nan nan nan nan nan nan nan nan nan nan nan nan nan nan nan nan nan nan nan nan nan nan nan nan nan 17.671621702806284304 30.453169990937713152 67.147874986630156968 73.500909167631476748 70.476908714854374693 78.834961816691560443 77.242771761961080301 54.744042603277939918 91.705950817998868274 158.42081605483605244 194.50604723141967156 166.63876731133225917 197.15635985484445314 215.53287895215669323 210.54989773645780815 228.80171638593455441 271.40244061758221505 293.23496574636430978 242.89185869351166502 290.75014603832454441 290.28059373368165552 289.36994539152078687
nan nan nan nan nan nan nan nan nan nan nan nan nan nan nan nan nan nan nan nan nan nan nan nan nan nan nan nan nan nan nan nan nan nan nan nan nan nan nan nan nan 19.4094578613875548 14.745209597965462933 21.342162885667907091 56.9852324943523314 82.550566739895785418 78.326884170133610041 93.020341654501095263 116.30750400390685684 130.48805885716083708 244.54342842360074428 267.51797897180063046 256.10531541275582867 217.719562356228721 221.40221565215225041 239.74562524485438075 254.48478675712559038 281.54235184349062138 263.20445441662553776 265.85894088344781494 284.76018446175379495 282.82418701346546186 286.67314019529993629
nan nan nan nan nan nan nan nan nan nan nan nan nan nan nan nan nan nan nan nan nan nan nan nan nan nan nan nan nan nan nan nan nan nan nan nan nan nan nan nan nan 53.806968307198594914 43.835258672005203096 47.392482228344590567 59.999471134068571132 71.555668158945124446 119.98406452797341615 143.38347274345753135 137.79090173703244204 158.43385429368407813 252.72132126351812076 270.19956022943574681 288.23372472395476507 269.31606850161273314 252.44097187789864734 234.53309114687363035 242.86669265496738035 272.7169840559270142 308.55351808897614774 337.07708832436986768 333.35647913021938393 336.52869235096227385 339.08329446469991808
nan nan nan nan nan nan nan nan nan nan nan nan nan nan nan nan nan nan nan nan nan nan nan nan nan nan nan nan nan nan nan nan nan nan nan nan nan nan nan nan 93.146733672837868312 94.041251573270926656 76.454584285186598436 98.013229720571985126 123.38419103166579305 139.27190105572913126 152.7721495954803288 138.10499241290665395 134.43488951360504302 150.23935178889064446 233.97446799353167535 271.04730916665846507 297.7391320577360716 295.25591375696478735 286.7532324619834867 275.95498828242011768 271.6608201256706252 294.49025660802021775 326.6451022282861345 329.56720167560246182 329.12586746830231732 275.37869025583034954 268.86864242624068311
nan nan nan nan nan nan nan nan nan nan nan nan nan nan nan nan nan nan nan nan nan nan nan nan nan nan nan nan nan nan nan nan nan nan nan nan nan nan nan 117.59536658051676739 109.16053160476005246 105.32224825646592592 83.569941241208127281 93.199745109010876831 104.97088236017471274 124.98830202349448371 149.48476407703719815 136.10297220153293551 125.26467261391375985 133.4548673667885339 183.09997304084666325 217.17724888886121448 266.28179154445632548 278.94554736962163588 293.97498188212750847 284.08880724433555542 288.05718572953901457 299.23906356882616819 323.83982016133035131 285.19785935851626846 281.7471221464794553 277.75020944582792026 273.92927009814951589
nan nan nan nan nan nan nan nan nan nan nan nan nan nan nan nan nan nan nan nan nan nan nan nan nan nan nan nan nan nan nan nan nan nan nan nan nan 81.068859798222305812 124.98208864096305604 134.49331146326031217 128.94043130642313599 122.10112943017107057 113.92266615136146868 92.498444879737462543 78.777436077427040573 96.638302382991042805 130.03125003431961204 142.02265017907328115 133.55543567702801511 122.64367918721006845 165.17266087975599476 171.24885321020013862 206.37558198454141234 256.30969170220288333 284.04335903567528021 286.41648221083750059 316.99855675281685308 272.47837260152857652 288.22268549873530219 287.82011794354815493 288.00998653236075597 281.92590113134502872 282.15592614827897933
nan nan nan nan nan nan nan nan nan nan nan nan nan nan nan nan nan nan nan nan nan nan nan nan nan nan nan nan nan nan nan nan nan nan nan nan 112.20291245593203655 102.25998323741754348 141.12248762988548378 144.56307177261871288 151.73251277120954228 145.69155319410575089 139.07874633559242739 132.64774297197229203 115.18505888199554477 69.294868103129175552 80.326844244499952197 121.92294257329312757 152.11855964037195577 146.3047210374871554 195.39921300313162078 178.75233040820646124 198.70622540407308065 270.47706417899269127 287.84200895786875662 266.88526936234285358 287.4942731213643583 284.76211637550790101 284.96432440805426722 295.21158000956512524 300.19747863419092937 296.39772221165264909 298.30774821118399132
nan nan nan nan nan nan nan nan nan nan nan nan nan nan nan nan nan nan nan nan nan nan nan nan nan nan nan nan nan nan nan nan nan nan 97.733224787537196221 136.14382584514905261 131.29100754976334997 130.06526030578109498 158.07869121893105557 158.19545042651702715 163.93277602916222691 159.29512067924565599 154.33192933666319391 148.80737106899493938 147.54686988939013759 155.04383510701620708 80.116034161572159178 57.451591308986920126 93.241800376302009568 113.22450043637064709 171.82826782216267247 179.76268885436104483 175.54634361702082401 166.8637401464411596 219.74025251896941313 256.99655173551553844 288.38542783884923892 301.85000304024703155 300.9357304590023432 295.50362857112287429 297.28381906045109417 301.39263720722760809 299.33297402106666141
nan nan nan nan nan nan nan nan nan nan nan nan nan nan nan nan nan nan nan nan nan nan nan nan nan nan nan nan nan nan nan nan 57.616834546817379703 87.15288673637067518 113.09475651505897531 135.20993913534601916 131.4506423348411488 152.16112232703588347 167.22036616061078007 169.2471539071702864 168.8348463410372915 170.7345749926400913 169.01040519301250242 153.85305017547852913 155.00164108463613388 170.70413733942942258 181.49772395080219667 150.40083754854552467 130.52302599561497232 117.0637673210186307 153.61042228555746192 127.68730246514475368 127.92926306004197556 139.74286579752654802 172.34705672983483282 195.88637832258180538 270.8982849420239063 269.15955842256153119 280.81831891769030563 281.92885073622244363 284.28002029886380342 297.12866047290373217 303.40438146114888696
nan nan nan nan nan nan nan nan nan nan nan nan nan nan nan nan nan nan nan nan nan nan nan nan nan nan 13.923819666694189578 27.308853230157154712 35.350392835440452188 52.506626095485501082 68.617052590548567537 92.953728015551291719 102.27271323138201353 98.891969530234945296 109.90574055139180132 131.94835189280595955 126.46646926829436097 162.57361657544936406 180.12070356197187948 184.52096977337188832 180.00347888148672837 171.12004723350969471 163.30784987788001672 157.06391500187459087 167.69301292887303134 170.93940901990094972 190.67318343793974122 253.39821577265047381 247.64560228911926743 209.55006297432899487 239.00189769093344694 237.54558942267439647 226.89268357212131377 220.88498679329310903 213.09221918015256847 224.46719231560257413 261.3719831811982317 271.09457129486798976 280.58947780760911428 279.81684440660717428 276.71878934678568385 288.2333884538862776 304.04746443049555182
nan nan nan nan nan nan nan nan nan nan nan nan nan nan nan nan nan nan nan nan nan nan nan nan nan nan 22.942726952133561724 53.092153967644613033 57.790302732054044554 88.836581038325505233 87.332900901017623596 96.21282135378170608 100.12539470777238648 108.85900756469413864 105.58171779587617323 120.07746171362816767 125.76257762038522969 163.42588247118587219 163.28310954135596944 171.46128529755713998 184.53448369021180042 177.22411186716806242 170.55511162950526227 157.97066238240248026 168.9029689345835834 174.77428107228831777 225.98479691983476414 265.18722323381990691 271.89426841912052168 233.8435246279848343 233.99466327774715069 249.01156116939500862 244.8288382294875305 257.93702625468631595 249.46968529444555429 263.47304006047255598 259.76797874149809786 268.09515391818888475 273.74279103361925536 275.82382587318556944 288.22581912083217048 291.75824919838225924 287.74125838117805642
nan nan nan nan nan nan nan nan nan nan nan nan nan nan nan nan nan nan nan nan nan nan nan nan nan nan 14.93941397449085251 22.448447703224868377 31.388858961022879868 57.589996218241459758 78.570394606820315175 92.061029368363179515 93.646834211822906013 109.45060235015533578 117.99751493055617857 107.41042522931402914 112.09937758077487047 150.54500268742404501 160.43000025389159191 165.30338602853424845 170.66324867046242275 180.19690218939254578 179.6194042068331953 173.09111718809742797 176.79890667025378548 233.23483100079729979 235.54450135696120583 269.85983196865333866 280.36406363345997761 261.54706121289723342 250.29007909535675935 262.49237980502039136 271.26360441640144927 250.28808385986272356 254.14475257487151794 251.38010097965914724 263.41052236898758565 274.14126581468980248 281.41981940352007996 286.22623897636213997 287.36711483492996422 284.93057057881037508 272.54295575990397538
nan nan nan nan nan nan nan nan nan nan nan nan nan nan nan nan nan nan nan nan nan nan nan nan nan nan 27.921360836489139245 13.883649363127092968 20.111191514035866135 45.826985963945119806 54.939694725536881492 71.528279196087581226 99.165993012731732392 119.92638037404567797 131.20853018339204255 123.78904523165803653 109.57335670006561656 133.86031224911624804 168.59006664937652431 160.61760809379069315 160.70497988329080385 164.91179330326789909 173.51790270285212614 170.90159653827561215 228.00044033419260359 229.97604096115199468 239.88890795654455701 265.17294590643462016 276.62906663053729517 275.94623294080520282 262.57154354012067188 258.16296112801825302 255.18514850123273163 256.11289084598331556 258.84358316380166798 261.68612920723154502 267.6675449796143198 275.15186413863278858 285.04182301208993522 277.94430104197857645 285.2737031968139263 274.4091267318109999 251.68479222212403101
nan nan nan nan nan nan nan nan nan nan nan nan nan nan nan nan nan nan nan nan nan nan nan nan nan nan nan 38.758602844121483599 54.283637794586326208 93.800909385441187283 93.441950666621139021 62.054113680619373383 43.422431597277650894 82.829336250901178573 125.9244962647430981 150.58788195264398269 133.57906569522617701 119.03209287758406276 148.60846291107213801 167.34608506303018771 156.35885162245895685 151.74766274066959681 157.0287459595550672 154.15592649501920164 208.61853598794837694 215.96289005015563589 215.33564161996565645 233.41857855314140124 240.31397387496895135 241.91031083489295384 235.93606575242938561 233.88039875289001657 247.01712741574951337 257.88594565025726979 261.73743876835987976 264.87958055575688832 270.60636249922526986 278.80004769775877094 287.39399595269054544 293.49099913167503928 260.50093074454355246 214.4000997166056095 194.03067580467691755
