results/rofental/snowmelt_month_2019-11-01T0000_2019-11-30T2300.asc
ncols        322
nrows        225
xllcorner    622802.488000000012
yllcorner    5178049.378999999724
cellsize     100.000000000000
[rows 145 to 173 of 225, columns 128 to 191 of 322]
1.9928762382585909485 3.2642450438843040317 5.180911304217500124 5.6984853260333521163 5.3178749078769573799 4.4010216763483498426 2.812545848988549313 2.3514452380093864292 2.3747934665992489478 2.5629008848951242427 2.2544369598073061844 1.7132851255561321047 1.278040522232819276 0.60956260843123577509 0.35534175792819744366 0.19397881920781412379 0.1233076834772173086 0.029713595351518309884 0 0 0 0 0 0 0 0 0 0 0.30357328775251263275 1.066317050991740345 1.1494289332628775391 1.2238123882901639217 1.9023938061873768568 3.0518857303561386374 4.5512281421517846169 4.0324161626871335429 3.6673812917514720944 3.8600135805266932998 4.1047540863749523155 3.6066905092155234769 3.084883154226290003 3.1484998280151805794 2.7228158347692223984 1.9127601744271407469 1.2376612993746574087 1.1453017825703175614 1.1239806837955994556 1.5479670139837047316 1.9284269545189616224 0.81483278937928294017 0.65416529129981704216 1.2046586541543446991 1.0814993440212319342 1.2901519373565941695 1.2281016448350756676 0.95232935977263943883 0.92677212370776440586 0.82907198835461271003 0.78482403257798705187 0.78349677860256705664 2.4930450741048288954 5.2234033742862395755 0.56128968485191854665 0
0.84491482815951945984 2.4097402834026797613 4.7834725740081491807 4.6216677429670953714 2.5262692226673659768 1.9699172977719527911 2.0334266001141259039 1.9177495981367844724 2.1103196587578518795 1.842324318761475066 1.0644674506713784901 0.95926410619651203415 0.42734607856326128905 0.23690249715792183194 0.11191067944244723065 0.08207623181184017791 0 0 0 0 0 0 0 0 0 0 0 0.13600187637998911727 0.31539585194322639072 0.80913513378771562135 1.4404596764260482189 2.0583231560323720366 3.413783595368903967 4.6591094821034024775 4.4628184936507837577 4.3151174895424952993 3.9855381129327334122 3.9943888953763799776 3.943300521297534722 3.4209962031987841691 3.2138950611715295658 3.5572824708430941243 3.3280618613095160896 3.8818853039008747174 2.1038068635410809293 1.5332390210136623843 1.427329062100233692 1.0014785739306466539 1.1245431044462907977 1.0377274096559574446 0.39108770615530913384 0.23309469542746397153 0.40686718181788522619 0.46178007773044871254 0.50334855431067448972 0.50673402991487748181 0.4355382920645015643 0.50044310053969243146 0.66340123551260732349 0.2010615958252996438 0.11559604819654986652 1.1861565009060623943 0.9649987350297523081 0
3.637746184995982901 2.802955333498866608 1.8473025714575674883 1.4731872575287336957 1.6954470397599101794 1.7748159236312490705 1.701131774923967388 1.8659424167864369082 2.0223817703370063903 1.7185517392960745209 0.93132650295451735456 0.25022257319097140904 0.07389868803027516142 0.0019873784309470555326 0 0 0 0 0 0 0 0 0 0 0 0 0.027384017288961864933 0.20998801503473879526 0.68966116309622482738 1.4806993553423426491 1.8159704640681286758 2.3146161182627760233 4.1431033629505362725 4.687983877295764934 4.4874363248242055136 4.2573054367101850204 4.166711031290462941 4.0921148327022169866 3.4855419737008404013 2.9750620292413363366 2.1872874556988199934 1.3996290716335635373 1.8920378837713114351 2.4912509989940425648 2.2851208477536513186 1.3404130443560322572 0.58617879950685813917 0.22515483459862212223 0.17972451942967543337 0.34344131542250855293 0.44260417806054874745 0.26659141470654856843 0.17574341619344779897 0.41572096424365656553 0.56346991941987423225 0.31360753211167596843 0.35643386981219221665 0.13705028390389439874 0.19479736379363912779 0.017282788512210045528 0.0063290179101405724324 0.96103246961917210278 3.4826990528093602073 0.86853445711866017476
3.089581436439832629 1.3028985000144377437 0.90836596632876043245 1.2152617015050877214 1.3921610779459838714 1.5526269173028772741 1.7103421108104470694 1.5080352214999253047 1.3744858667957613463 0.94600805969460177725 0.17299155183663364466 0 0 0 0 0 0 0 0 0 0 0 0 0 0.072214875171845174795 0.68706290546910231409 0.46966509842212894599 0.48540314985781202184 0.9901392567513576104 1.0817679062048011218 1.5004044665337192832 2.1434244571087583964 3.361692754727781729 4.8224778924221958221 4.7327587696036896858 4.4847272971381908491 4.17445646407603288 3.6678545948011027633 2.5362104870248320942 2.2108310892035558659 2.0332691592366121114 1.2474137334369956864 0.58109977841373738894 0.7793172246443625939 1.559069700311068063 1.962140559944148821 1.4668365031221091144 0.60660575839990782399 0.35047996726475821871 0.34684156434551149939 0.15355464443782904094 0.014518959182791798743 0 0 0 0.03563609903709163973 0 0 0.1376670404732617814 0.33417425537193684582 0.013408989867367153426 0.11896480066423287258 0.46937673198400814423 0.57916497031172164967
1.0369068188018302212 0.8846616895725657459 0.98430327555797514361 0.93767471065676988307 1.5273684118335910664 1.6204999000366890893 1.3661912918285097351 1.1364430972570349621 0.49454354766704028412 0.061447341435765842621 0 0 0 0 0 0 0 0 0 0 0 0 0 0 0.039742619055442927889 0.14435968098931278858 1.5339221429382325912 1.0725076349531037501 1.2711230223818466012 1.4315363208090357006 1.8543158762627069969 2.7026237203176601831 4.1334833787800260296 4.9009505516751694643 4.8494375885844487328 4.4098147794233870655 3.6126705878436680131 2.762601165638304046 2.1145564302364325826 1.6858437913842279077 1.4705304996862658129 1.3108865504845845784 0.95771361133271648569 0.48889646893997978916 0.33774624893033811102 0.62970678726894147026 1.3141214482991476764 1.8612281423170284889 1.8221020727781647164 1.3957973598593391706 0.46170577173676408123 0 0 0 0 0 0 0 0 0 0 0 0.549079234525898352 2.3647840483186048921
0.76168970479362985149 0.83256874334987640562 0.89778780852532313883 0.85289328856741575269 1.1315873225584789363 1.2682140916712192347 0.79126712102505281088 0.12790831742793440373 0.012005350723685683997 0 0 0 0 0 0 0 0 0 0 0 0 0 0 0 0 0.46920846690117884448 1.826136165469498307 1.7837635821271775605 1.5778599369313059952 1.7505376492604003413 2.8278318817456522538 3.9776382310455060676 4.6781459573378407768 4.2903276621008519243 4.7668381800341563803 3.6371518620922946852 2.6194862208142963844 2.3620128595050000619 2.0582080312737582872 1.6660063245875176285 1.2027539431662193081 0.88936436015644970698 0.94368257214978223946 1.0037142578157498551 0.6620594285265491985 0.59075629046452438065 0.93357354965802641367 1.4096634232027498435 1.2705551240849546346 1.6123718488313683039 1.8859305864449902312 1.4266528935570523817 0 0 0 0 0 0 0 0 0 0 0 0.39598553821649823403
0.63367767622046733411 0.70073749293938469851 0.83873067302375858834 0.94755906155744407116 1.0185295931534472658 0.39215674213450263386 0.021522557718604607563 0 0 0.36771105429496053763 0.11989866520105056658 0 0 0 0 0 0 0 0 0 0 0 0 0 0 0.23101097357105351837 1.0706866555558107734 1.7136162757774504595 2.3117367586653867484 2.9463520883575413656 3.8138019772418636499 3.8932355013301958024 4.2824537617428486413 4.5222405075099878502 3.8585054935641807106 2.8135156933167926319 2.3232401579197721198 2.0149619318994900219 1.722499113407242044 1.4370602982537723502 1.0168034076849650216 0.48575879301585062064 0.47706799685740425288 0.55922088648882850581 0.7726959956654950723 0.85325407360764315978 0.86402157411770852402 0.91626066911752512834 0.83320946552570362975 0.80468991906224984767 1.2762912586028991591 2.3517998750506792227 1.6851087964536413111 0 0 0 0 0 0 0 0 0 0 nan
0.57803181015957749711 0.74061552129522933985 0.80456524376010052357 0.71198957198150214509 0 0.0050822639589553630923 0.0081449991254056199053 0 0 0 0 0 0 0 0 0 0 0 0 0 0 0 0 0 0 0 0 0.47286806779332785089 1.3845620779736256267 2.0853740329696828226 2.876201504765016459 3.3787257052864205775 3.9062553350037263478 3.4811650118307402302 3.0561865089831461439 2.2532541638849812315 2.1661746439329756519 2.0488245328677905377 1.4773241564446566443 1.0624438281677983653 0.80817950228346280284 0.34938335322527730442 0.52621146823451403485 0.42905693742804545954 0.23671118255618961435 0.77443984311900737616 0.96083075036526133239 0.77210011574045556149 0.75137396246826693158 1.0870024854244813017 0.91439534664411692422 1.1144462513908948154 2.4255288827708945121 2.6843377556640479753 2.7519627371232142643 0.61107042279364787163 0 0 0 0 0 0 nan nan
0.56461090947714365207 0.6984914503321086876 0.27978550672204816063 0 0 0 0 0 0 0 0 0 0 0 0 0 0 0 0 0 0 0 0 0 0 0 0.067694666965955108129 0.74783732831612725889 1.1062367247955329219 1.588231289532218371 2.2095801758154829386 2.7647033956647701913 3.0044775924023574554 3.1137262283079438774 2.9687886859376200199 2.1752209212526665283 1.7746974311833703108 2.138543599504103998 2.2406019770553289305 1.5880850306718188314 0.93822164716786848881 0.39570282297989423093 0.37321916347097161548 0.3459897081812449704 0.11375374485934434954 0.17908475992310549096 0.41132810193966090617 0.68228782992044378908 0.710502003811716909 0.54563060662970774839 0.2037703967117126258 0.066792644527744693406 0.7980262881182438317 2.4277208439706581267 3.0147494770521703344 6.1546193750940645373 3.5223136257522273951 0 0 0 0 nan nan nan
0.4497604479962432622 0.20261696415847321728 0 0 0 0 0 0 0 0 0 0 0 0 0 0 0 0 0 0 0 0 0 0 0 0 0.07817470913261982679 0.89316406607786524852 1.3483141083552325767 1.6254711116814184457 1.9958692682107734839 2.6726896559292971922 2.7009927630421191047 2.8343708746394433717 2.4560129000840222879 1.8999207808653613139 1.0415132252165681948 0.92455049874582906355 1.4951407934538818445 2.3610121297746111679 1.7719923931645966686 1.0152098227989310164 0.54533497468190439417 0.22704545224098029998 0.13377562594381292582 0.20139188145654224327 0.26577640018065507022 0.27507764479216079145 0.045161987663518581015 0 0 0.0079359942452322078388 0.0066458752560958267094 0.20289858659369880423 0.36418454656789678303 0.51055763232779105554 2.9727233524183587221 7.7415451614679158254 7.8251348013381312185 1.1670490365730716853 nan nan nan nan
0.18382673832966375804 0 0 0 0 0 0 0 0 0 0 0 0 0 0 0 0 0 0 0 0 0 0 0 0.12028738726318040364 0.42180797523057866893 1.0926965896920719512 1.3850142008855117481 1.6729475953182213477 2.0879045227451902278 2.4702987266506903907 2.615006233168390537 2.546270237787032098 2.3443114205226560642 2.3750427110901934924 1.6991103153615958465 0.74371882274414902181 0.3123748211478667991 0.22647228606091215908 0.72556948560034661977 1.6835274725334348211 0.7634272114101947615 0.28753115345245428003 0.46931680019853327934 0.043527047659344404729 0.056544795601302405563 0.11337360315894834395 0.06031698156350090434 0 0.051958701455189444662 0.29800972043362783381 0.074236256807552636339 0.037752282016939246734 0.12153825953802335769 0.12453850003018654413 0 0.24163688256589727077 1.1905383230159640728 3.238031966856536048 2.580718933751305233 0 nan nan nan
0 0 0 0 0 0 0 0 0 0 0 0 0 0 0 0 0 0 0 0 0 0 0 0 0.0071465283347035574862 0.7941803383134735661 1.0937385127506795701 1.5984094318302399795 1.8395622005179192993 1.932767365154219652 2.2369756409014480703 2.3688988536348332126 2.1649197976470766491 1.5680746245588879084 1.7708305695970332216 1.3732947615318145118 0.88158025460599054313 0.18122108748848564375 0.073425917012490016234 0.096614378976202217042 0.60307612391896481263 1.2811758811520277401 0.92188365468359534383 0.88847110707686594022 0.19854878356110672311 0 0 0 0.011308812617095348463 0.017064069829801131739 0.10976984285015324583 0.17143120845859419199 0.052694787535347627216 0.10490921409559772481 0.22820764300025780935 0 0.024262643101643253246 0.18371098933004781362 0.19709154924936156394 0.44270312765682651168 nan nan nan nan
0 0 0 0 0 0 0 0 0 0 0 0 0 0 0 0 0 0 0 0 0 0 0 0 0.16741630362750747896 0.31327555829254383202 0.68705921951043247287 1.2925825317386019364 1.8062662635504207476 2.0906381381025203048 2.1530850966650554312 1.9421436899990205394 1.7242611881260097029 1.0233073727055701507 0.96121682531507190994 0.88726168684532280562 0.78730026404683262076 0.48872040700674024283 0.1766022082411276839 0.078715086812654835868 0.059766704044515221728 0.37939311465646241572 0.81092338061479996014 1.0383347783465957104 0.92050685632940898451 0.30508708587297350689 0 0 0 0 0 0 0 0 0 0 0 0 0 nan nan nan nan nan
0 0 0 0 0 0 0 0 0.0051319794461790052553 0 0 0 0 0 0 0 0 0 0 0.011066411866654902313 0.063403065722224205558 0.12005075859028642438 0.10263656176146569721 0.34501517578607565628 0.3626483991235195381 0.46869019284906959788 0.56745939096578756899 0.85792925113541018689 1.4749176138094968191 1.7479152096584822385 1.6315105117109263144 1.4014246035396824563 1.7962618214766294944 1.8792256415614769782 1.7973747942875175632 2.1295269228906410497 1.8583112897250129159 1.3614059081017542141 0.79063216042527328931 0.34296881105436999304 0.14017848692051559922 0.36232696012241089045 0.75773476806551887108 1.0198812833531374356 1.020696676872748121 0.85026933428847129015 0.76760100707919565188 0.040819390072074641929 0 0 0 0 0 0 0 0 0 0 0.46447105458458465277 nan nan nan nan nan
0 0 0 0 0 0 0 0 0 0 0 0 0 0 0 0 0 0 0 0 0 0 0.031359631343846387785 0.046972532504927999586 0.19109443685576960048 0.38570803781036167024 0.72816596407785516565 1.1138657237814126866 1.5087038492957107749 1.8335993171475242214 1.6416289218032589226 1.1019955859064343162 1.1222099341565514585 1.7324549732526879353 1.2189681205560942701 1.0216635592288190182 1.1431873403485410812 0.78805640935212151188 0.26426924906839577289 0.15012408527512269285 0.16249606872609209662 0.10847690014874229736 0.072668375101902965563 0.26327576613721587195 0.96600383333099792971 1.0395998393911169977 0.88883899661010490334 2.0313198546825144142 3.6904729335552559633 1.8121729669511099647 0 0 0 0 0 0 0 0 0.52427043565672359904 nan nan nan nan nan
0 0 0 0 0 0 0 0 0 0 0 0 0 0 0 0 0 0 0 0 0 0 0 0.039119344739514179399 0.0053271319163694964838 0.18738168387076542531 0.76986821336132005289 1.2045084894510473816 1.4640120597631300914 1.5904788772908169392 1.6478180149905641283 1.1603305252132045666 0.74516557328710719688 1.3158860515588508555 1.5209315650200356806 0.77510400297402726189 1.1068050148097310359 1.1192280361824880064 0.34929758111170172707 0.0012459895816937037027 0.012705255128337030607 0 0 0 0.045291415483414178278 0.43488474441296770534 0.56946175026153345033 0.49935212895979563807 1.0679206558616751721 2.6950439118143791895 3.1375606447764714524 0.51628325468097524542 0 0 0 0 0 0 nan nan nan nan nan nan
0 0 0 0 0 0 0 0 0 0 0 0.036124911013720749364 0.044375510267415166354 0 0 0 0 0 0 0 0 0 0 0 0 0.6087064742438159648 1.1178200240615261407 1.2807620755493716036 1.5007482302723695877 1.5754768571409669686 1.7796896910779171908 1.4947189277287644682 0.69986678005548186299 0.80364920714192478179 1.4583180359906373624 0.87492816400948625333 0.82166744611409769927 0.81499444296770129359 0.83553385293630233477 0.29069333227836224864 0.020044479437870157262 0 0 0 0 0.0095642209369730269569 0.25106402759464241381 0.19840374923943060459 0.11420110406126077196 0.66563502093167226104 2.5509663564379687628 3.9883121011853326365 3.1885963914512935879 1.8075349503037814181 0 0 0 nan nan nan nan nan nan nan
0.0049538982571518171832 0.010107768718394520568 0 0 0 0 0 0 0 0 0 0 0 0 0 0 0 0 0 0 0 0 0 0 0.0035160334496864083416 0.25007205130150761407 0.56475217064693039593 1.3124831692902403368 1.2717284121595551216 1.3398287774714245923 1.6520713920564806809 1.6931645680517730668 1.134568816643656719 0.3390167890341902468 0.48662094459798521662 0.56083097748600829746 0.36705373139207031485 0.16246054963573400287 0.13108298524230177495 0.1281354352180384959 0 0 0 0 0 0.011026337244164647472 0.1326914630399263495 0.26604408543815294408 0.029123587857524380756 0 0.0006233139130580467183 0.41508568858311756244 0.79611615073561159406 1.473971307563277211 3.0902412627240671839 4.3754365018117171715 2.2513650614945688311 0 nan nan nan nan nan nan
0 0 0 0 0 0 0 0 0 0 0 0 0 0.30436604182769960714 0 0 0 0 0 0 0 0 0 0 0.11370503184025991528 0.50429209972606225953 0.85006525196181748072 0.91855083837314399631 0.74378725982377891235 1.0883768954726182887 1.1951707255289354404 1.5364483076262112071 0.64848638358483745581 0.1648394896126056941 0.14625337181315070656 0.15601866144091197652 0.10997788689065904344 0.027842772450414880747 0 0 0.03698166356405974825 0 0 0 0 0 0.050992725247138388778 0.35742840062728220563 0.29665283840432155049 0.022267571930313662804 0 0 0.015376367149888211378 0.27066917090150299785 0.33397635995228641681 0.18447999956293845147 0.5305533880750933351 nan nan nan nan nan nan nan
0 0 0 0 0 0 0 0 0 0 0 0 0 0 0 0 0 0 0 0 0 0 0.011487505381833844342 0.20693237457140423174 0.5017768283850760902 0.65229258694357816761 0.88314522674975526328 0.83140328082208803107 0.74582201855782959132 1.3262090531322858755 1.3432469449932613603 1.3105396372150668327 0.57246418683491029356 0.076267740645044782011 0 0 0 0 0 0 0.15977834038279992157 0.034970121817947855125 0 0 0 0 0 0.22633577599788479162 0.45818477685964109636 0.22507146331719249388 0 0 0 0.011835678481431547923 0.089760626790932190877 0 0.017063832321373085393 nan nan nan nan nan nan nan
0 0 0 0 0 0 0 0 0.0057868178175313582379 0.8533787551328284593 0.44458885314430729441 0 0 0 0 0 0 0 0 0 0.11313236494313258507 0.19011329206080918031 0.28903855152863783262 0.32636204251846323565 0.58252448538959422653 0.8599648902462087019 0.98598570651965977696 0.93173018803875673477 0.91179297761567734693 0.88645321426155654354 1.2232192975069686725 0.43923023465667249132 0.29370161394104643549 0.32094443364903563198 0 0 0 0 0.0017252591938228401935 0 0 0 0 0 0 0 0 0 0.15379986972003811818 0.054384777490921853982 0 0 0 0 0 0.51457859860225396709 nan nan nan nan nan nan nan nan
0 0 0 0 0 0 0.052790513671103052318 0.16854242421924225948 0.49328633283787465258 0.66606656280136167236 0.43575043956532566458 0.1760166108213206404 0 0 0 0 0 0 0 0 0 0.0046853469118541017299 0.40835616563039200955 0.89249393789035003088 1.0722972602574818435 1.0170364727571483687 0.78372389956759858087 0.43659500333744116762 0.4343036448381532022 0.44159675601663267441 0.30358892017391375662 0.30267044548703236906 0.15245071785885144777 0.037840700452978527635 0 0 0 0 0.036138465224319980817 0 0 0 0 0 0 0 0 0 0 0 0 0 0 0 0.37583425823852500969 nan nan nan nan nan nan nan nan nan
0 0 0 0 0 0.79325752050810505178 0.81052013235083597564 0.26756929037697069207 0.2122582715093934147 0.35881838688088807388 0.34244411242628536307 0.14640210783912899206 0 0 0 0 0 0 0 0 0 0 0.16488686527461254849 0.76335349507563399207 1.0391014919898871049 0.75698349476839421612 0.25817366324829527091 0.16533807430029121011 0.24953149614565264813 0.28768316854943215555 0.3215948356589809487 0.1598630914398406766 0 0 0 0 0 0.019132898402904330304 0.019757290056108659654 0 0 0 0 0 0 0 0 0 0 0 0 0 0 nan nan nan nan nan nan nan nan nan nan nan
0 0 0 0 0 0.31160706532356496901 0.8084867841799115995 0.35295286037299333781 0.011183988072060014815 0 0 0 0 0 0 0 0 0 0 0 0 0.28388510085428803054 0.56531255836036908846 0.79157169409825811623 0.71021293457856049525 0.26668881680949391155 0.10308477609018142085 0.13728448030711334904 0.2535953173095882307 0.25729623406869317481 0.24705309003896597231 0.059860566170133154562 0 0 0 0 0.14766346782098008217 0.00073949309047640894663 0 0 0 0 0 0 0 0 0 0 0 0.086647689900966162746 0 0 nan nan nan nan nan nan nan nan nan nan nan nan
0 0 0.03224584227813021009 nan nan 0 0 0 0 0 0 0 0 0 0 0 0 0 0 0 0.2492579139677292277 0.89322638467445858446 0.96456118712146921013 0.85196265873396992419 0.41485948765446861719 0.11633847067773513129 0.11623791514290210403 0.1230759369082326804 0.21126000129482719325 0.14886564975362664986 0.046886373083838299436 0.14596683300401971928 0.22737744252485042606 0.14629874755250410479 0 0 0 0 0 0 0 0 0 0 0 0 0 0 0 0.037778155966607392113 0.2695491913524111216 0 nan nan nan nan nan nan nan nan nan nan nan nan
0 0 nan nan nan nan nan nan 0 0 0 0 0 0 0 0 0 0 0.31719887634853072278 1.1721792863120086281 1.1411394429983665599 1.1092176709112187005 1.0092763122015544486 0.75001079055326258516 0.10123616534125687294 0.063310862591798883203 0.073752353231230416419 0.088864534126793334745 0.13089507508149580972 0.045547573467971280703 0 0.043951793954157825084 0.066189533470969480478 0.0019755798038541584616 0 0 0 0 0 0 0 0 0 0 0 0 0 0 0 0 0 0 nan nan nan nan nan nan nan nan nan nan nan nan
nan nan nan nan nan nan nan nan 0 0.13012625640798508586 0.6416425877238264297 0.45049751035089768969 0.32079501185018877152 0.45617283899572780292 0.50319234281800162556 0.25577492516420585744 0.68839729708676877795 0.64143043501089369585 0.53113194824048748366 0.71540928942198567242 0.89631887094143580796 0.77418133402065580917 0.48736810556195986344 0.34815349981743426433 0.065022002009995305549 0.05181355293862143635 0.06075125013615860492 0.055830307567339997055 0.037978048800916347494 0 0 0 0 0 0 0 0 0 0 0 0 0 0 0 0 0 0 0 0 0.59844873443391088941 3.6040109273778000443 3.0039689903437292173 0 nan nan nan nan nan nan nan nan nan nan nan
nan nan nan nan nan nan nan nan nan 0.41419927877717777065 1.2518779271258528851 1.4401877836770606844 0.86055841907447538919 0.47705079838484726329 0.25086021670108221704 0.31887402702003059263 0.28106601040019413285 0.56246844087060277051 1.0384085275372190171 1.2068530121999936355 0.96842764513948698113 0.90040843155371708129 0.2782770887002076754 0.15130474930141027401 0.069358188569477952079 0.047586078288121037849 0.041683002774213030739 0.014267851671128999394 0 0 0 0 0 0 0 0 0 0 0 0 0 0 0 0 0 0 0 0 0 0 0 0.058305949688411018439 0 nan nan nan nan nan nan nan nan nan nan nan
nan nan nan nan nan nan nan nan nan nan nan 0.50746895315023388129 0.97532891256667564317 2.0951807617447646415 2.131075242419484983 1.737503509402060109 1.2506042788385547393 1.4617954778437241004 1.3518972929263608496 1.1128363835906844859 0.67947442585772499513 0.14495142746915312681 0.051074241499020914259 0.078137218288468757166 0.052694555274945438506 0.032152257254462128511 0.016084437536809322727 0 0 0 0 0 0 0 0 0 0 0 0 0 0 0 0 0 0 0 0 0 0 0 0 0 0 0 nan nan nan nan nan nan nan nan nan nan
