results/rofental/snowdepth_month_2019-10-01T0000_2019-10-31T2300.asc
ncols        322
nrows        225
xllcorner    622802.488000000012
yllcorner    5178049.378999999724
cellsize     100.000000000000
[rows 135 to 161 of 225, columns 180 to 239 of 322]
0.0075786940230615825603 0.0074212753247803438586 0.0081726326408286514152 0.0096574350381654558428 0.010243341722889763232 0.011406643338049684763 0.011707813920200609362 0.010099913755731477691 0.012855201747263480389 0.015778663802285614742 0.018875835879243865745 0.024049086017962052753 0.029109982175608142135 0.038967790171990868142 0.049008059413746300759 0.057344100400099025372 0.064423553511870804145 nan nan nan nan nan nan nan nan nan nan nan nan nan nan nan nan nan nan nan nan nan nan nan nan nan nan nan nan nan nan nan nan nan nan nan nan nan nan nan nan nan nan nan
0.0081157802756784639536 0.0085699939026113915869 0.0085796627677722243216 0.0085030777525103712344 0.008958993060841986128 0.0098562552655662959145 0.013995990754052146932 0.016524277581343147642 0.015900850546297886495 0.017796826086143607837 0.018116929359940747712 0.019940285590658652498 0.022171080514097107894 0.025631289607624889448 0.034172969098182189029 0.043880554812011841881 0.079785093620811209369 nan nan nan nan nan nan nan nan nan nan nan nan nan nan nan nan nan nan nan nan nan nan nan nan nan nan nan nan nan nan nan nan nan nan nan nan nan nan nan nan nan nan nan
0.0085092902736034394667 0.0087716081219290555765 0.0086928794763959267577 0.0085554579297281146272 0.0091977445929150337955 0.011204146788595173434 0.013535329980949745501 0.017999815133778074294 0.02013468684320456753 0.019798336074713786953 0.020668284728800525446 0.021245729913353356144 0.021728698888759168106 0.024569392282207221795 0.033588087604594675517 0.046686030211076839924 0.074042238409176716618 0.14549612542990325581 nan nan nan nan nan nan nan nan nan nan nan nan nan nan nan nan nan nan nan nan nan nan nan nan nan nan nan nan nan nan nan nan nan nan nan nan nan nan nan nan nan nan
0.0084081888605815943011 0.009302924696007753777 0.010351449303035855504 0.01184348275603413353 0.011983424804632852867 0.012819123950801652664 0.014303944330896229548 0.017382956469323296994 0.021835504385977887176 0.021789710650293975247 0.024242491580195375811 0.028164286703674139972 0.028748535548035254739 0.026882101514676418064 0.030777303439454124778 0.040693859973522823748 0.048710588418155835455 0.0914042791181215869 nan nan nan nan nan nan nan nan nan nan nan nan nan nan nan nan nan nan nan nan nan nan nan nan nan nan nan nan nan nan nan nan nan nan nan nan nan nan nan nan nan nan
0.0082150808879984070499 0.0090422441518767469187 0.012023904787283181544 0.016121271531024754936 0.017997104112955138178 0.017754527407410403139 0.016134026232036465659 0.017454204448875354494 0.021510970177992947555 0.024404955843463180254 0.026844020233647035434 0.029957770137339509442 0.031843822212937758498 0.031822189606376026505 0.03407370981023377654 0.046840892778585691003 0.063185586917622812986 0.13904262400087019635 nan nan nan nan nan nan nan nan nan nan nan nan nan nan nan nan nan nan nan nan nan nan nan nan nan nan nan nan nan nan nan nan nan nan nan nan nan nan nan nan nan nan
0.0086271073503451142089 0.0098338836866664319086 0.012249609715903171658 0.015281030170770324231 0.017502625814814262023 0.02124450421106871198 0.022601535383666694623 0.021002247004946999337 0.022674773171292992441 0.02678595533540339621 0.033793485781448827365 0.035244318726412982024 0.037681895726207600972 0.039706741738632159167 0.040517230407413409865 0.04986348980672535014 0.076265336725574256471 0.14946111731888539476 nan nan nan nan nan nan nan nan nan nan nan nan nan nan nan nan nan nan nan nan nan nan nan nan nan nan nan nan nan nan nan nan nan nan nan nan nan nan nan nan nan nan
0.010108803198260681716 0.013457146962876604529 0.01754949024903479371 0.01857106439667677994 0.0178062837255829505 0.018064372322917209013 0.024039406549090387016 0.027566669850542277476 0.028005468812214991819 0.029984832144314708946 0.037932716473602703933 0.04178538342350444218 0.041050424231043214363 0.042854516173418739922 0.041160037817889967571 0.04433334535132612414 0.066247802395616978144 0.092328794095291794042 0.16604964867774585358 nan nan nan nan nan nan nan nan nan nan nan nan nan nan nan nan nan nan nan nan nan nan nan nan nan nan nan nan nan nan nan nan nan nan nan nan nan nan nan nan nan
0.013090198894850102809 0.012287175490139960743 0.014953966263011852708 0.015726845472380342889 0.017757918879787899791 0.0153440249631794038 0.019442024242845402232 0.031935070908256271704 0.036070520396984342981 0.036879303833585834471 0.048712949221466614325 0.059513604075594341014 0.048346950196637622499 0.047298860287522351276 0.047238417324765899497 0.046198364835971991726 0.053822065626673805394 0.074491116428118897552 nan nan nan nan nan nan nan nan nan nan nan nan nan nan nan nan nan nan nan nan nan nan nan nan nan nan nan nan nan nan nan nan nan nan nan nan nan nan nan nan nan nan
0.01469045383140576283 0.013785164341354764692 0.015300056252747600005 0.015616573143055133624 0.018643431431726288638 0.019588529001555058523 0.016549691342757327783 0.023546087577398427948 0.038582127297490512174 0.05737383824462281845 0.068126005875735237693 0.067543666922260103824 0.057981653920504652722 0.050386401867299535073 0.05227291037518112804 0.06160586085578883403 0.092161792817875842765 0.071704863681466321501 nan nan nan nan nan nan nan nan nan nan nan nan nan nan nan nan nan nan nan nan nan nan nan nan nan nan nan nan nan nan nan nan nan nan nan nan nan nan nan nan nan nan
0.018092998503420609779 0.018053100452744830218 0.018290065200342452145 0.016084290786793662559 0.016888524931919685762 0.019321185382013925103 0.019347475488063477916 0.019321810779911720302 0.024014705859391818898 0.033775209452012122657 0.048152988159216064679 0.065390672341121669486 0.062303979835036937818 0.061235628858358003013 0.062510991203998708676 0.057942775238723612241 nan nan nan nan nan nan nan nan nan nan nan nan nan nan nan nan nan nan nan nan nan nan nan nan nan nan nan nan nan nan nan nan nan nan nan nan nan nan nan nan nan nan nan nan
0.01727407084127067019 0.017158050334109040125 0.017585714499215660683 0.019067880961404638784 0.019902800476215294634 0.020620621065811750583 0.023021400832371190226 0.026179302886869513373 0.026236368332394753577 0.025837947861444880704 0.040750791299143551694 0.076860665752159718078 0.080731848349264626052 0.075056427048188684159 0.073111579696557266184 0.066028289383109520227 nan nan nan nan nan nan nan nan nan nan nan nan nan nan nan nan nan nan nan nan nan nan nan nan nan nan nan nan nan nan nan nan nan nan nan nan nan nan nan nan nan nan nan nan
0.021867892010584446399 0.021914552820022723673 0.021635851272947287383 0.02216915431993949151 0.022506963345693270506 0.023246581599165736659 0.024084074980323416648 0.029985908565489695354 0.034104593556833963375 0.031268246540012825663 0.038158160938980022203 0.08794244192687010464 0.1278626751343213408 0.10929549026824263158 0.08412788788662062256 nan nan nan nan nan nan nan nan nan nan nan nan nan nan nan nan nan nan nan nan nan nan nan nan nan nan nan nan nan nan nan nan nan nan nan nan nan nan nan nan nan nan nan nan nan
0.022221743981558749609 0.022168313329521877053 0.022055379414013406847 0.022366835845466833538 0.024195380925586155302 0.026897658807757660743 0.028150529572774609516 0.033264051346671125176 0.037131854245001684467 0.033427699694798009011 0.030695249241380680172 0.045839794277236840803 0.11625546300682669532 0.09624237997080843654 nan nan nan nan nan nan nan nan nan nan nan nan nan nan nan nan nan nan nan nan nan nan nan nan nan nan nan nan nan nan nan nan nan nan nan nan nan nan nan nan nan nan nan nan nan nan
0.028834672364737638089 0.026741721640841771557 0.025898652054336720324 0.026706852767438116203 0.028000334677479171708 0.029930114046282953882 0.031493617310323913927 0.032536290735725767465 0.0365207990969054902 0.038430521205957350606 0.036439037448597111357 0.047344064803610516612 0.058482177916602449963 nan nan nan nan nan nan nan nan nan nan nan nan nan nan nan nan nan nan nan nan nan nan nan nan nan nan nan nan nan nan nan nan nan nan nan nan nan nan nan nan nan nan nan nan nan nan nan
0.037460000895200060156 0.03448409580534037705 0.031829753242937589008 0.032856892441551981132 0.034753186686970451158 0.036500867717555576797 0.037087580613596453361 0.037607173660109308178 0.040608681876973362623 0.042655785600008516711 0.038522981265970070164 0.040538258201148640036 0.053491889173975577798 nan nan nan nan nan nan nan nan nan nan nan nan nan nan nan nan nan nan nan nan nan nan nan nan nan nan nan nan nan nan nan nan nan nan nan nan nan nan nan nan nan nan nan nan nan nan nan
0.035097181946049049728 0.043029694338741264481 0.039850511904192323365 0.040642724565893011135 0.044231999430834896547 0.046767643939399312913 0.049040186252670786571 0.05423440276090029516 0.059463534745610564791 0.053812250972272115956 0.04769253783422872095 0.04876004746415690122 0.062065287304250940648 nan nan nan nan nan nan nan nan nan nan nan nan nan nan nan nan nan nan nan nan nan nan nan nan nan nan nan nan nan nan nan nan nan nan nan nan nan nan nan nan nan nan nan nan nan nan nan
0.025911927796944109192 0.038361125179563797249 0.058035519496664057792 0.078653840681221998121 0.075474131518244891303 0.063806465814990234731 0.062274592641632861567 0.077430199395988302813 0.081323133796140104068 0.071673965059814465084 0.06698267392356206662 nan nan nan nan nan nan nan nan nan nan nan nan nan nan nan nan nan nan nan nan nan nan nan nan nan nan nan nan nan nan nan nan nan nan nan nan nan nan nan nan nan nan nan nan nan nan nan nan nan
0.023217294295576017954 0.027213674538423215932 0.030794920323824671871 0.038228621888310165833 0.062833963856845226337 0.099856737635632394912 0.083095863294099361895 0.11733739788277541827 0.11433940862724981113 0.094252234589600941694 nan nan nan nan nan nan nan nan nan nan nan nan nan nan nan nan nan nan nan nan nan nan nan nan nan nan nan nan nan nan nan nan nan nan nan nan nan nan nan nan nan nan nan nan nan nan nan nan nan nan
0.029100870887866440995 0.026004328602756553168 0.028635110348303426109 0.027257486655828177396 0.033035714915442146444 0.064007742939557563111 0.12976310682504893501 0.1584586898727192994 0.12731325340093258003 nan nan nan nan nan nan nan nan nan nan nan nan nan nan nan nan nan nan nan nan nan nan nan nan nan nan nan nan nan nan nan nan nan nan nan nan nan nan nan nan nan nan nan nan nan nan nan nan nan nan nan
0.035452301146886189276 0.034259350722770288977 0.034868282104235662211 0.03634602331236354289 0.03370273786345039102 0.033821654234070845646 0.036627865681570531686 0.052558580181448738555 nan nan nan nan nan nan nan nan nan nan nan nan nan nan nan nan nan nan nan nan nan nan nan nan nan nan nan nan nan nan nan nan nan nan nan nan nan nan nan nan nan nan nan nan nan nan nan nan nan nan nan nan
0.036791219832037119764 0.036207205973227289675 0.037022176660830734274 0.040854134286938445508 0.041636027785053542072 0.040847588300856677024 0.040151526818530534901 0.043950204913752149993 0.090503524621496453384 nan nan nan nan nan nan nan nan nan nan nan nan nan nan nan nan nan nan nan nan nan nan nan nan nan nan nan nan nan nan nan nan nan nan nan nan nan nan nan nan nan nan nan nan nan nan nan nan nan nan nan
0.037731180487936583079 0.037720070566694179071 0.037529134336235919767 0.04282312938054119722 0.044127755669033763564 0.045170998169212273066 0.04765738129278811186 0.052133817784810257412 nan nan nan nan nan nan nan nan nan nan nan nan nan nan nan nan nan nan nan nan nan nan nan nan nan nan nan nan nan nan nan nan nan nan nan nan nan nan nan nan nan nan nan nan nan nan nan nan nan nan nan nan
0.040433347927470143779 0.041160148133328307296 0.041355833850648247851 0.046902086062883416306 0.050916613837471022541 0.054215106710926316835 0.05487220683193377857 nan nan nan nan nan nan nan nan nan nan nan nan nan nan nan nan nan nan nan nan nan nan nan nan nan nan nan nan nan nan nan nan nan nan nan nan nan nan nan nan nan nan nan nan nan nan nan nan nan nan nan nan nan
0.046034302734434782989 0.048673037351021505859 0.048858839953093195774 0.054845982133154516647 0.062534048218092774807 0.055798345983342469145 0.04907698046079860682 nan nan nan nan nan nan nan nan nan nan nan nan nan nan nan nan nan nan nan nan nan nan nan nan nan nan nan nan nan nan nan nan nan nan nan nan nan nan nan nan nan nan nan nan nan nan nan nan nan nan nan nan nan
0.059868734466825675178 0.055937633528380950598 0.055467829050825326331 0.056736963662766787264 0.060338643513794629203 0.057525229924796562886 0.052081294568971349401 nan nan nan nan nan nan nan nan nan nan nan nan nan nan nan nan nan nan nan nan nan nan nan nan nan nan nan nan nan nan nan nan nan nan nan nan nan nan nan nan nan nan nan nan nan nan nan nan nan nan nan nan nan
0.05544494872073846975 0.066366219844018997653 0.072031005780205117905 0.081985867043896126782 0.08091722832355713324 0.066646015434716668335 nan nan nan nan nan nan nan nan nan nan nan nan nan nan nan nan nan nan nan nan nan nan nan nan nan nan nan nan nan nan nan nan nan nan nan nan nan nan nan nan nan nan nan nan nan nan nan nan nan nan nan nan nan nan
0.034341955754314451577 0.039026438116384586097 0.051317921114613411493 0.10777983340522206968 0.12544580489409012936 nan nan nan nan nan nan nan nan nan nan nan nan nan nan nan nan nan nan nan nan nan nan nan nan nan nan nan nan nan nan nan nan nan nan nan nan nan nan nan nan nan nan nan nan nan nan nan nan nan nan nan nan nan nan nan
