results/rofental/snowdepth_month_2019-12-01T0000_2019-12-31T2300.asc
ncols        322
nrows        225
xllcorner    622802.488000000012
yllcorner    5178049.378999999724
cellsize     100.000000000000
[rows 168 to 195 of 225, columns 124 to 185 of 322]
1.1371880104081573126 1.2006297998767019308 1.2192941564247743447 1.1925118025172827263 1.1579490561884959732 1.108924561472823811 1.1264406808537983373 1.1929609833194327884 1.1640681665147176727 1.0561164829800555598 1.0277685394627380511 1.0371241657075582765 1.0434973096595308029 1.0408130307680367732 1.0437597548853079221 1.0461967533968192789 1.0560716028974908021 1.0767644746628033392 1.0874413331033909724 1.1076913219941568745 1.1214145966955229028 1.1364146419668532673 1.1498249526397079645 1.1566268162123214402 1.1586452254590682287 1.140973651135466671 1.121907745945911028 1.1101315267675238019 1.1058795314154321598 1.112065622805014975 1.1238403791464732784 1.1282963496563596095 1.1263905679573147367 1.1182289319919811454 1.1197078637234163523 1.127769917715312431 1.1565329561864623464 1.1664936325139363404 1.1849403545062000553 1.1864309162225328276 1.1842304299277568447 1.1908976529854420345 1.2158886405933482244 1.2400277045872243331 1.2582668373376302284 1.2636111983615725407 1.2647947544569873024 1.2742865223621979709 1.2877307927417958044 1.2900559112915310767 1.2878628515822667655 1.2883016102598341401 1.2869118440777254087 1.2930848760444824119 1.3461380321230205226 1.5424381057220826197 nan nan nan nan nan nan
1.1849475893564938023 1.2342108633496393644 1.2647492603456054194 1.2407347042620819888 1.1904579308073022226 1.1214138996380289548 1.0775992568324623821 nan nan 1.0971174883269632083 1.0528838209490167799 1.0545819850486906066 1.075649337515235171 1.0430526410616283162 1.0107793092927681577 1.0023420330196384231 1.0061213562318946924 1.021218872736652461 1.0377900037912988207 1.0550327012981965957 1.0642321428722354426 1.0834758265637907115 1.1007866032594650907 1.1031526541239873307 1.0952569866026826695 1.0725639287824082491 1.0668747205503192887 1.0679911084038806734 1.0758007309369872484 1.0913651943095703523 1.1000855051619820024 1.1087819923920203546 1.1091438426147031127 1.1042158004049524855 1.1108888222983339666 1.1200925944960655745 1.1334591952077404109 1.1503605894969453072 1.169963883585703357 1.1865083375797342846 1.1895219375622754221 1.1992203665406275803 1.2254956865452188985 1.2490872749181367585 1.2624438257693617604 1.2644691165408381561 1.2654298882214578548 1.2747417867707984129 1.2860146850009310793 1.2920073470337818389 1.2911509114456376501 1.2957849631424160908 1.2956573313433605854 1.3004371664625433702 1.3300477778416190944 1.3942290146270031048 nan nan nan nan nan nan
1.2431489866699299007 1.2810839790201895561 1.2832046837348158874 1.2512750311435514305 1.2122335811357618507 1.1551698296472823202 nan nan nan nan nan nan 1.0254943197671793076 0.97359761940712641337 0.96390588302896640371 0.96425468995510787984 0.96816130497329044857 0.97822120453649075156 0.99307056399824200632 1.0111855409828773844 1.0254711069133772838 1.0345574753534281243 1.0294626513946052437 1.0224676909107031086 1.0194349824315045439 1.0161013562946679123 1.0215140746180415565 1.0292122472995075544 1.0516399008739472087 1.069969632024714512 1.0789982175709058598 1.0888844595916853386 1.0917962466650237285 1.0916406809317618087 1.1023303752498156971 1.1118603055081670572 1.1268633286420175477 1.1439140132355856139 1.1708489937112367407 1.1909333382378266553 1.1959308232982142073 1.2135532808571849461 1.2382718994449088967 1.2582969435375850331 1.2627156983484155717 1.2626010103088924907 1.2730558999862271463 1.2887417696394913857 1.294120442513563729 1.2933060691558995181 1.2906150031303100789 1.2978290177266291749 1.2999520302066949196 1.3031571895376270476 1.3463167683595487212 1.4427367857595672085 nan nan nan nan nan nan
1.264999128419228791 nan 1.2573508387253136132 nan nan nan nan nan nan nan nan nan 0.97027821264294833448 0.92728610900880714674 0.90272800146158105328 0.90203730591444619691 0.90586703176245431113 0.91117473788849123739 0.92133638657494776325 0.9419026058935876522 0.94874870284571166668 0.95949052474327212181 0.96800817226068680554 0.96900119701167131137 0.96656285094805660663 0.97407484228895147016 0.98976175932113996669 1.0011530570772333437 1.0271920299414389888 1.0462765753170120142 1.0573517059354626824 1.0687306529931122068 1.0752271717073396129 1.0782586166683443274 1.0994047592559663684 1.1141872203523837115 1.1284657475698764983 1.1421958693571814258 1.1650993555207651564 1.1978572106808875741 1.2105743421657002568 1.2322656610686881784 1.2517604309055443412 1.2615063532368757659 1.2649078842944805334 1.2744485799420453009 1.287698545469095901 1.2927719692057590972 1.2962216225409799453 1.2940361754829097229 1.2887812095560318149 1.2946484173347532209 1.3018111716261240307 1.2984383591463468655 1.3019023579928810097 1.3284863071663468581 1.4470512285381418316 nan nan nan nan nan
1.2433713450513312893 nan nan nan nan nan nan nan nan nan nan nan nan 0.88292388610138428096 0.85231650389409840951 0.84244763178706194573 0.84891133384754768887 0.85802158522779348182 0.8747109604897388424 0.88550893789179929705 0.89819137997368181381 0.90592040509861526676 0.90696372184418039275 0.90785328579641710878 0.9175432053628308493 0.93122848511167066743 0.95658851956046764275 0.9769925661747451695 1.0008081843136140687 1.0222069595929046404 1.0362983548179103277 1.0509364994066203725 1.0632813968096477275 1.0677435534103705272 1.0930974138033067167 1.1183406115393179636 1.1293212443713176452 1.1394251523236951229 1.1683187109926591596 1.1988863500848601085 1.2211438212206044973 1.246333975712083042 1.2625220784401338658 1.2680146016766371542 1.2937455692449493228 1.2846741719479937149 1.285946183353903427 1.28947076633868285 1.2946761026275648288 1.2957795073000608621 1.2979567607245325878 1.2995515825025905077 1.3041788616831166969 1.3113000161047365655 1.3232569074051760971 1.3456452164408221339 1.5044391035201438722 nan nan nan nan nan
nan nan nan nan nan nan nan nan nan nan nan nan nan nan nan 0.81104782771074190872 0.80438431210842009644 0.8012303530960592779 0.8100345424837387398 0.82255668955422012179 0.8380758208590173286 0.84299193790519266756 0.84750371244883515587 0.85873196852109656696 0.87762163641134205427 0.90680074008105238104 0.93387714738910510004 0.95323667053809058025 0.97667415746939578725 1.0009187292102152966 1.0184335457234303668 1.0360049926044980761 1.05392548087672 1.0650476536837369945 1.0858268585599089029 1.1082247209111892872 1.1283847040308900844 1.1426426236397524416 1.1730554545138811573 1.2051580471173197751 1.2309067005047147347 1.2466075689004101346 1.2579956407621994963 1.2710749196927457749 1.3453625709585614878 1.2859755433646122835 1.2884685043100005952 1.2900282865076737604 1.2940291998158652831 1.298140628214811132 1.3034959501241099034 1.3067877371398206598 1.3083675055834527168 1.3135344079280821816 1.3343429580023744574 1.406528119560767065 1.4599316484622490986 1.5767672798665661738 nan nan nan nan
nan nan nan nan nan nan nan nan nan nan nan nan nan nan nan nan nan 0.76758054718848112152 0.76493215672953029927 0.77648554515682588484 0.78628524381728615023 0.79601808008813879081 0.80201464167175529063 0.82539316152098263224 0.85585391989941383972 0.88935321793137334101 0.91122924944705563366 0.92807266419843525984 0.95252639665265848024 0.98106421789253095422 1.0020280481241112813 1.0219332040332596012 1.0474809495413714977 1.0642287981693747678 1.0777995678420118075 1.0942028855471201965 1.117179362898797379 1.1489125787908402998 1.1862838444504759661 1.227671902139302329 1.2683038108778006414 1.2602687424597944776 1.2678494920091485376 1.2612436519366110321 1.2818660781992878839 1.3338121916156622238 1.3001827660973352963 1.3016062934020824482 1.2989262728443369266 1.2995833857713254833 1.30102846925400506 1.3042767574757885285 1.310131924759665889 1.3183723090853984861 1.3350879066600307432 1.4841595440993591293 1.4581159583461333895 nan nan nan nan nan
nan nan nan nan nan nan nan nan nan nan nan nan nan nan nan nan nan 0.74373287182491698566 0.73534805067648001398 0.74574803226300645509 0.74637264768981614882 0.74398121385379789583 0.77147977847624904513 0.80369314780073319859 0.83775626756308685383 0.86711182477985215833 0.89056106239891086318 0.9068250743760699617 0.93360463670190030339 0.96544394936634103654 0.99252964571258073256 1.0145577310615012667 1.0478055157573025191 1.0657279548063938179 1.0803723537758864737 1.0917602523740872478 1.103055377182571295 1.1413880517000787318 1.2585156382760966931 1.3515025690147577375 1.2800295032292825503 1.2748604573735839995 1.3073088408362716351 1.2973692533396461446 1.2953534571571210243 1.3764770762160376538 1.3697736960479123258 1.3671280939659273823 1.3456003801408842335 1.3244288548361793367 1.3072808424282782447 1.30932498344484749 1.3160068994398474995 1.3250249985892632587 1.3377940727207826566 1.3651137846806220555 nan nan nan nan nan nan
nan nan nan nan nan nan nan nan nan nan nan nan nan nan nan nan nan nan 0.71693786249007906974 0.72240891313081245784 0.725897809807222405 0.73112713062322598478 0.75836908528813007369 0.79458632300184739439 0.82258516622533706109 0.8503680104880121382 0.87448731844904703525 0.8930315727621067623 0.91941998441980776757 0.95339651427378235837 0.98538430440494151341 1.0124177174455610828 1.046391962857842417 1.0645719919781770901 1.0781091408760585804 1.0888914670043767785 1.0931356270279899423 1.1338010905946427354 1.1885648482015400695 1.3146032107219205454 1.2907224475986411871 1.2875591022156696042 1.3169059492741082007 1.3330924051025927479 1.3092243980036544215 1.3575438938262440747 1.3413404551981122914 1.3363795818344061939 1.3345442238999667417 1.3488847304511646374 1.3516746684377216603 1.3598447305201977198 1.3564232335602917079 1.3588107286027115705 1.3399324769473521801 nan nan nan nan nan nan nan
nan nan nan nan nan nan nan nan nan nan nan nan nan nan nan nan nan nan nan 0.71476603726601617428 0.71945077532205359283 0.7256488475695783702 0.74819162929561089381 0.78129403853591006257 0.81164924302859642324 0.83872213915912008364 0.86385568349742258842 0.88823426098773661241 0.91606468412388886158 0.94851897099220849885 0.97543317700780207691 1.0073793977214413609 1.0337742409749739458 1.0537225877033016275 1.0705166747211396494 1.0864373744150719325 1.0980845981088196428 1.1410974802949209739 1.17412468634104461 1.2576095071396313774 1.3416825202848605691 1.3204887039974022578 1.3176163393875859331 1.3369066543152701154 1.3247918468294850314 1.3932049503528260992 1.3815793112610279536 1.3829860329999617008 1.3781445203142315137 1.3677466198770840133 1.3719902883136911864 1.3788896725523567266 1.379121139059523049 1.3373397538378433147 nan nan nan nan nan nan nan nan
nan nan nan nan nan nan nan nan nan nan nan nan nan nan nan nan nan nan nan 0.69947658869044448959 0.7071906047345731805 0.71557693655666709809 0.73524592422668444414 0.76715355588206812776 0.80068408258391488008 0.83283582291371383022 0.86181839895794820627 0.88628285862249034377 0.90867452624462030641 0.94383963316466212845 0.97213191433640622208 0.99574033157468755384 1.0215044341519039506 1.0443060728039765817 1.0671236465769278201 1.088960892612986564 1.1026626635853331582 1.154818104145187263 1.2103897777867063112 1.2757384280743664373 1.3486263721012716754 1.3358915655904990416 1.3425695051218158316 1.3561721979842429331 1.3486630927393770119 1.4498685463394382911 1.4428167769922399799 1.449366979905609254 1.4504934499225057287 1.4455189588109682575 1.4241032810846998569 1.3868516542673683389 1.3830130837042049485 1.3896056590500462935 nan nan nan nan nan nan nan nan
nan nan nan nan nan nan nan nan nan nan nan nan nan nan nan nan nan nan nan nan 0.69449981032348140353 0.70813883053062165462 0.73028023020304555502 0.76595828470196269944 0.79907229313244276803 0.83147900109958039483 0.86441791744324869562 0.8875735639430865076 0.90076410126688033486 0.93329804902158775004 0.9649215663371911722 0.9852357153274657886 1.0125181844890858152 1.0343890075803754414 1.0585181315651581713 1.0855804296205471271 1.100112846243509912 1.1131095390310365989 1.1598249874422517092 1.253423957002252731 1.3581359470859641903 1.3706017342133751669 1.3510878695952821538 1.3406693019708899595 1.3343182972868159464 1.4832832716033346188 1.4884440269359546782 1.4940300160370956206 1.5148993584827128434 1.5124641773992908433 1.47569973323518977 1.4174402572405604417 1.368807569021665671 nan nan nan nan nan nan nan nan nan
nan nan nan nan nan nan nan nan nan nan nan nan nan nan nan nan nan nan nan nan 0.6935747346329750318 0.71674719891599780741 0.74137913778506348006 0.76752317628035560126 0.80203540802809158983 0.83458325408800859702 0.86276886405695396576 0.88699901616953247263 0.90020399432474007551 0.92205059111136555838 0.94944715037492366516 0.97447203320840891649 1.0042965698327797064 1.029210792869072133 1.0544016842918542132 1.088937542072932807 1.1109991094333870887 1.1223258505487181402 1.1223310772576389205 1.1521570826707954183 1.3041890882784834549 1.3873105400850651581 1.3793739047793842634 1.3797612367451104198 1.3700367499168459862 1.5089657426574789589 1.5272288668113187526 1.5524326704328155202 1.5320583064284882813 1.4368163084663692075 1.4447973930314570445 1.4467344213498796179 nan nan nan nan nan nan nan nan nan nan
nan nan nan nan nan nan nan nan nan nan nan nan nan nan nan nan nan nan nan nan nan nan 0.75647903946733030534 0.77790432321762381651 0.80651632185647958995 0.84146565298341724493 0.87044862899391906019 0.89430784440936694768 0.90786165233517335249 0.92262538527681070555 0.94767187607850966735 0.98144530815440211846 1.0065036531487587812 1.029590548588732668 1.0580789358499318453 1.1054986032099396454 1.1263514383631674232 1.1377005750302788822 1.1453346652044098519 1.1631423395291822231 1.2702307054509509587 1.4027634464722200658 1.4226954413532708621 1.4194533437611907001 1.3839370588856152455 1.5176359989110379534 1.5850005300820593224 nan 1.4422962731961019855 1.3801384382284107577 nan nan nan nan nan nan nan nan nan nan nan nan
nan nan nan nan nan nan nan nan nan nan nan nan nan nan nan nan nan nan nan nan nan nan 0.77187407546985187246 0.79632991030631772311 0.81875391394009655599 0.84726054354782931455 0.87530209613537857116 0.89805730568632280431 0.91691980048634902367 0.93015353912305676065 0.9490984042165293566 0.98699853273552540234 1.0246183494794509627 1.1113127715540909168 1.184103813737440003 1.1775370867737549041 1.1540425846196344928 1.1489165683737920798 1.1678731229656929003 1.169389154210509929 1.1974802032786817652 1.3320312454951037662 1.4211981893976188829 1.4443599599560770219 1.4677375162642318784 1.4936744059853030997 nan nan nan nan nan nan nan nan nan nan nan nan nan nan nan nan
nan nan nan nan nan nan nan nan nan nan nan nan nan nan nan nan nan nan nan nan nan nan 0.79636404549952100052 0.81644874461475003269 0.83804199805998924599 0.85995903978998855521 0.88550651871187913144 0.9024635934053322206 0.92183150550774017873 0.93715050792398391089 0.95994834785371740971 1.0436473657871556675 1.1843696577195095276 1.2347734205584284251 1.2546564317442805425 1.2068426477025029353 1.195383349520015015 1.1962089838941938336 1.2179390584745894976 1.2202376512921646601 1.2294702407911162201 1.2740671823630622672 1.3605916515702891623 1.3950731695359122053 1.3839319210384866121 1.407522367819415976 nan nan nan nan nan nan nan nan nan nan nan nan nan nan nan nan
nan nan nan nan nan nan nan nan nan nan nan nan nan nan nan nan nan nan nan nan nan nan 0.82525274588614716542 0.83984590252105750796 0.85540840323100530984 0.87688738589978043603 0.891987111147326317 0.90466902109843139179 0.92487264569316884888 0.94060499196191493798 0.95324641408225863071 0.99796052781602639925 1.2084244835510524751 1.3041048972625595148 1.2165964588663689128 1.1923969991483038822 1.2384403248972861711 1.2932397299219184905 1.3286622468642046435 1.323894818961316 1.2900365242445812619 1.2848460339561960097 1.3250458216272409384 1.3490205217035589058 1.3675192703062564181 1.4892922140853048774 nan nan nan nan nan nan nan nan nan nan nan nan nan nan nan nan
nan nan nan nan nan nan nan nan nan nan nan nan nan nan nan nan nan nan nan nan nan nan nan 0.91185837723763241147 0.87187572901609955434 0.88622344848899214931 0.89750361655983201814 0.90903793776015096029 0.92772415034315258708 0.94375344511273739911 0.95588026575121587403 0.98097428656096397059 1.0478213304327104183 1.2912578220205004342 1.2386315447540150458 1.2468611772074844612 1.2741286680165471168 1.3695984847706794696 1.374436686220454007 1.3573997270385289582 1.3314906235416816838 1.3061513739279326796 1.3283389142904806768 1.3821402097123198782 1.3466406821343006595 nan nan nan nan nan nan nan nan nan nan nan nan nan nan nan nan nan
nan nan nan nan nan nan nan nan nan nan nan nan nan nan nan nan nan nan nan nan nan nan nan 0.86564654821992781386 0.87832102050306559704 0.89457267613056379307 0.90882695000041524569 0.91877571666120139149 0.93431346049585217717 0.94889316152765290635 0.97338093949588888609 1.002849082043299811 1.0510391225717266028 1.3292347231128966989 1.3007998967315053118 1.2932261329376131265 1.3146519407234524834 1.405312441996592554 1.3942042191103061199 1.3842352902874324183 1.3730503947395995556 1.3610081103536271208 1.367365520476805596 1.4325364248137371082 1.4147730697236835518 nan nan nan nan nan nan nan nan nan nan nan nan nan nan nan nan nan
nan nan nan nan nan nan nan nan nan nan nan nan nan nan nan nan nan nan nan nan nan nan 0.86785961135183353754 0.87520449041266445978 0.89044969220269587495 0.90473295699631450795 0.91700560377054796124 0.92900974613367126587 0.94248785762039455349 0.95827533226205496852 1.0454134522837024157 1.1284332022867271661 1.1033603070450026529 1.2576009827455527645 1.35574377521889744 1.3433994286412480612 1.401244211802001649 1.4034598368129971302 1.3963183324820560571 1.4272146329376302898 1.4151071288858847463 1.3952342639574633054 1.4016434834755897576 1.415001045506535382 nan nan nan nan nan nan nan nan nan nan nan nan nan nan nan nan nan nan
nan nan nan nan nan nan nan nan nan nan nan nan nan nan nan nan nan nan nan nan nan 0.88153035704678806006 0.87335931657643683934 0.88640099985846687591 0.90012074279582365843 0.9143906635549131634 0.92582037077921219836 0.93834422026636288283 0.95315584114321727505 0.96552469488340753045 1.0066699101657470283 1.0354375981758041636 1.0618646197079779636 1.0849331618776083541 1.121652015243469247 1.2339920210484833785 1.2573838386301519066 1.3643258075147648434 1.3937253737070316451 1.4416671221391146318 1.4423070656848084869 1.4230828796142203085 1.3973552331376191127 nan nan nan nan nan nan nan nan nan nan nan nan nan nan nan nan nan nan nan
nan nan nan nan nan nan nan nan nan nan nan nan nan nan nan nan nan nan nan 0.9929203736394086599 0.8822328653146620514 0.88040613033924242092 0.89825634300095802409 0.90899509131716449417 0.91119057577409223736 0.92977310906537058433 0.94179571334572753649 0.95046498521923272751 0.97096673838231684073 0.97732801044927697376 1.0155271447992622047 1.0368207132133573367 1.0685545746165792114 1.2150357054415812375 1.2050202562846972221 1.1266756113189650979 1.1375024294274993508 nan nan nan nan nan nan nan nan nan nan nan nan nan nan nan nan nan nan nan nan nan nan nan nan nan
nan nan nan nan nan nan nan nan nan nan nan nan nan nan nan nan nan nan 1.0433618286046584256 0.95725930222027777461 0.91559974786962339266 0.91720966690270155919 0.94229390518907074625 0.95176275780087338241 0.93864700554247570974 0.9409336768765954595 0.95475160538448333725 0.97213797516495525919 0.99362745790067497076 0.98734665580996261447 1.0323757335804313318 1.1372130991035998004 1.0727431008031262927 1.0909797303198964791 1.2345411847675464845 nan nan nan nan nan nan nan nan nan nan nan nan nan nan nan nan nan nan nan nan nan nan nan nan nan nan nan
nan nan nan nan nan nan nan nan nan nan nan nan nan nan nan nan nan nan 1.0227005563441735614 0.94984190897271181253 0.97626945233842099547 0.98756329831258937713 0.98507672463658912942 0.99189654081090361526 0.99154046386471583752 0.96654602563132241411 0.96511274739640162679 0.98211773704193905399 1.0320774875507801038 1.0176720651656854244 1.0191881856552817975 1.1276404086665621218 1.1096191280155667247 1.0960020062948447883 nan nan nan nan nan nan nan nan nan nan nan nan nan nan nan nan nan nan nan nan nan nan nan nan nan nan nan nan
nan nan nan nan nan nan nan nan nan nan nan nan nan nan nan nan nan nan 1.0262737575307165905 1.0242441192719280441 1.0511680584680789252 1.041310953703885156 1.0277566224112018034 1.0287867376849912926 1.0391943183604184231 1.0702434459859835325 1.0832295020811317787 1.0723060325972535445 1.0741667331703290689 1.0844100881347409349 1.0227058728031563906 nan nan nan nan nan nan nan nan nan nan nan nan nan nan nan nan nan nan nan nan nan nan nan nan nan nan nan nan nan nan nan
nan nan nan nan nan nan nan nan nan nan nan nan nan nan nan nan nan nan nan 1.1280886225266539835 1.1488194695246372046 1.1100987981227428136 1.0894733840936325908 1.0865318508325256808 1.0679010577927998682 1.0899278044043605451 1.152419934691497394 1.1879601425160117856 1.0982476973555725941 nan nan nan nan nan nan nan nan nan nan nan nan nan nan nan nan nan nan nan nan nan nan nan nan nan nan nan nan nan nan nan nan nan
nan nan nan nan nan nan nan nan nan nan nan nan nan nan nan nan nan nan nan nan nan 1.1839242694691214375 1.191768498618868799 1.1727260172625282308 1.1939733717928242562 1.1956334085664022115 nan nan nan nan nan nan nan nan nan nan nan nan nan nan nan nan nan nan nan nan nan nan nan nan nan nan nan nan nan nan nan nan nan nan nan nan
nan nan nan nan nan nan nan nan nan nan nan nan nan nan nan nan nan nan nan nan nan nan nan nan nan nan nan nan nan nan nan nan nan nan nan nan nan nan nan nan nan nan nan nan nan nan nan nan nan nan nan nan nan nan nan nan nan nan nan nan nan nan
