results/rofental/snowdepth_month_2020-03-01T0000_2020-03-31T2300.asc
ncols        322
nrows        225
xllcorner    622802.488000000012
yllcorner    5178049.378999999724
cellsize     100.000000000000
[rows 168 to 195 of 225, columns 124 to 185 of 322]
1.3967241621215038538 1.463378714668009728 1.4814633824160823306 1.4519006327010650637 1.4088539438484304345 1.3444349330329323777 1.3600038816580968248 1.433256084766311389 1.3965172523794846526 1.2590247116953490192 1.2050553628006415163 1.2355183003314516021 1.2607971534488440213 1.25937333884722924 1.2585783496249587365 1.2618890907790576428 1.2875489127937407297 1.3337293521387802997 1.356154125864205362 1.3859378559742594472 1.3979567793425480282 1.4180320382016349257 1.4373750152250788226 1.4281323707286424085 1.41797171665799282 1.3809420900168694057 1.3582300145181465112 1.3459447692305877009 1.3503447291115950879 1.3867617048738554164 1.4154109524340650061 1.4215976615044367826 1.4166506660968298803 1.3976122566822342108 1.3987535420216510307 1.418150199047218285 1.4696045252098017819 1.4662595820666313173 1.4881334335541753777 1.4764814631145353196 1.4561169231190531637 1.4781496862645810975 1.5419312212444580279 1.5762170965842636772 1.5906641383513580035 1.5959205420585971247 1.5942155726974280849 1.6026979268514092158 1.6255160929746967913 1.6267312716558526287 1.6190879008571548159 1.6163590634426705517 1.6052570818046469903 1.5937141963538552503 1.693202139070282497 1.9241650611246645663 nan nan nan nan nan nan
1.4390260286848333138 1.4921731827018611671 1.5317488411942135063 1.5002072374882131633 1.440145731396611728 1.3556220437309518534 1.2836464558898810218 nan nan 1.3217633103426318364 1.270034773732817035 1.2757583484769170479 1.3076745053094296356 1.271512902556417357 1.2322152924917821881 1.2117378607567828031 1.2124659926965588586 1.2442152647955866396 1.272661035469574653 1.2941212899017240368 1.3050551333933493314 1.3387442725409899325 1.3644319817238546033 1.3541778621145690309 1.3340350855299265564 1.2791907582494277396 1.2798514394176392361 1.2917744532964940962 1.3310475350807338124 1.367589469772495514 1.3789359048197635804 1.394987845219891387 1.3955962890963860001 1.3856160637294425708 1.4000234854543294194 1.3986881050970232376 1.4026231049230024617 1.4222394854580089341 1.4554668121407308146 1.4851016621935562156 1.4920112146961339583 1.5077954039341410208 1.5465906825205071318 1.5777537435177275693 1.5913874438654651566 1.5915440141029784105 1.5864575692254117012 1.5959471187242864065 1.6144924243032416911 1.6257612793816345054 1.6250725206245986154 1.6346042077662379377 1.623876395813066198 1.6044415694172353692 1.6249475776736543864 1.7393651493006530018 nan nan nan nan nan nan
1.5010732080880164752 1.5487825840742572847 1.5511588998592671373 1.5092023425280181037 1.4596983958741618359 1.3894254718381680025 nan nan nan nan nan nan 1.2400878518784270721 1.1801914405824243115 1.1689105664553167685 1.1763878514903174377 1.1815216068720912901 1.1948957104827790943 1.2159473584287829873 1.24817935714543915 1.2668445654194000483 1.2611784125726916983 1.2274816222044298009 1.2093570293601074717 1.2217452243531969902 1.2227158672639573123 1.2404917501325705143 1.25367594889220757 1.3146285242416249073 1.3446104813283339396 1.3534655161894544317 1.3692990265161617547 1.3771001745650579551 1.3793863149766361076 1.3907192445591627372 1.393226404086996828 1.402531105315272697 1.4245287917379363396 1.4699230118031010317 1.5051710504954476377 1.5155440732197125175 1.5357828650870690712 1.5666674127093176416 1.5886673942433879869 1.5836346780748296048 1.584291153913868655 1.6051378990987550388 1.6300096286688334768 1.6316652856804514382 1.6252694655388013611 1.619131089015634517 1.6338588614774474106 1.6243530308571749732 1.6118024268599966398 1.6721984158748339766 1.8028600896618909299 nan nan nan nan nan nan
1.5224043360328138874 nan 1.5098680304620795134 nan nan nan nan nan nan nan nan nan 1.1698879886759079305 1.1078096979488496476 1.0522290720266065378 1.0571811243097108957 1.0650289817699205575 1.0672095066217719417 1.0785351575721904283 1.1134374776090196768 1.1129051633675444144 1.1267396218780407757 1.1462604333217238928 1.1529244913733791567 1.1555550383968782313 1.1778151610447791242 1.2212877565072963737 1.2482765557712858229 1.294692016798617118 1.3241347990311245209 1.3250258814791844308 1.3438457446662328554 1.3592199915373797126 1.3634023961348851195 1.3962404405408797015 1.4084444205299833097 1.4181023320145156319 1.4258745186870851462 1.4589675796411563091 1.5259960331859470095 1.5421229580048041452 1.565375589494167663 1.5840551243012932492 1.5872865593988334521 1.592762040553899805 1.6161239235769557787 1.6326428789018856413 1.630769017563460821 1.631701714515261914 1.6247860880849049892 1.6110381219020590837 1.6175797175528916494 1.6259145552058600348 1.5717767889659444158 1.5318102678144540629 1.5712298995905040755 1.7991062274515394748 nan nan nan nan nan
1.4810684745900939419 nan nan nan nan nan nan nan nan nan nan nan nan 1.0468265049705158809 0.98074732991849433716 0.9636732356114652287 0.98090797296470733091 1.0024569803946323798 1.0296662195598920153 1.0435024312359715282 1.0624112851676479341 1.0655105654310459418 1.0647270201570913084 1.0721201785440614973 1.096362261718406117 1.123039317994441344 1.1896397574330475067 1.2246605779006192183 1.2568568626980145542 1.2876747392106482337 1.3072125763514506058 1.3318668125804955515 1.3468119093436481393 1.3445776107467832805 1.3854023879536025987 1.4211204070986447334 1.4218747094136745535 1.4266803874884164127 1.4675102685646090883 1.5193021463407299088 1.5495960064986098459 1.5827780423302815205 1.5986839425591359287 1.605219644052012562 1.6373733408749699958 1.625966045064445753 1.6159105677809511015 1.6165816126610785819 1.6244019303687411426 1.6319744733961487615 1.6355507020739283863 1.6307626096369374213 1.6296825710470288495 1.6294992020510770114 1.6262934412025262798 1.6528174215558131266 1.870628136135606967 nan nan nan nan nan
nan nan nan nan nan nan nan nan nan nan nan nan nan nan nan 0.94526734514276311572 0.92830625236010710921 0.9106676705196830035 0.92237067391591143206 0.9432939876688487546 0.96933593755053493179 0.97704673039803335843 0.99167277342959492259 1.0171709214136450683 1.0600107895357648857 1.1257725075855331553 1.1735125014331602156 1.195140015512055065 1.225002853255354518 1.2584994421528137298 1.2834366467069022733 1.311901308018529555 1.3451348418707078647 1.3539052636969877152 1.3705903150563893966 1.392600936157009528 1.42363089139125365 1.4358726107885311229 1.4742495677007079191 1.52294737660692725 1.5571565001399587658 1.5668897956875338373 1.5810870363253302084 1.6056309836299962335 1.6848391692853241786 1.6208113239252630589 1.6195380030440387209 1.6174154416860351269 1.6242409762839666865 1.6356475560549184056 1.6461644289770962502 1.6463361666488831592 1.6385667581603182708 1.6333277833407513491 1.6716500581353377353 1.7500918740705138088 1.8098568540968928975 1.9533803980245882936 nan nan nan nan
nan nan nan nan nan nan nan nan nan nan nan nan nan nan nan nan nan 0.88397688939493779259 0.87084357630594366739 0.88430844410776865416 0.90367367975852697093 0.92506452047360920865 0.94050043435652952439 0.99611227674356761508 1.0628144802752281795 1.1175535461433625528 1.1423508812231506493 1.155961521671210912 1.1891130012977497721 1.2310537482037475776 1.2605208749824785563 1.2932074522755152568 1.3362773550453035387 1.3503276541739739347 1.3518886262281453181 1.3669210733552217274 1.4054641485949219692 1.4497635462762319403 1.5000305168710530435 1.550616919352591383 1.5941026037043399821 1.5831674695412303322 1.5896816779272398001 1.5680403002642440136 1.6036472099910834554 1.6678129395346921182 1.6350321924880721891 1.6390522783055738731 1.6363775700118734502 1.6343152966474208121 1.6310299562264938267 1.6343299526363321839 1.6420404159364352381 1.6454391415684219702 1.6639759139080243511 1.8425847660490126678 1.7972998373146855666 nan nan nan nan nan
nan nan nan nan nan nan nan nan nan nan nan nan nan nan nan nan nan 0.87324725323343976857 0.84963636420708543717 0.86404221454325347285 0.85766882502075614259 0.84997388338327140023 0.9142436823674598978 0.9893709064340328041 1.0437527468375293882 1.0817428556931869554 1.1124317648068249298 1.1273898428116722048 1.1630836377924007596 1.2120086260433597936 1.2523439119110941764 1.2862995192980668513 1.3365449362711956383 1.3540178410333547632 1.3643971436523780749 1.3661003793686670171 1.3688831397558984815 1.4311253127330272328 1.5791044020193936159 1.6761596163451579766 1.5983112750343944075 1.5944375373012538155 1.630699688496570765 1.6193091182676733197 1.6176054970558060297 1.7133787141089451556 1.7084695633987900809 1.7076217031465432683 1.6853997397519846491 1.6615523630678377121 1.6470844481017541394 1.6468374778570114003 1.6531006570407180689 1.6590135108842714029 1.6532922985292575202 1.6574444958232705805 nan nan nan nan nan nan
nan nan nan nan nan nan nan nan nan nan nan nan nan nan nan nan nan nan 0.84060381891035218516 0.84668355099515468787 0.86046984935375647741 0.87445477336760968345 0.92968712932297203899 0.98608131581326119441 1.0212796650892084216 1.0581921877489375294 1.0912232789567788416 1.1120664310191075153 1.1458933991967483745 1.1960359527983690509 1.2465471990278249592 1.2819275698283589815 1.3292918799950279585 1.348479427617931492 1.3598578587006360241 1.3637414146002786453 1.349676376411523826 1.392742497052407602 1.4777216561915511583 1.6335493527827698035 1.6085310794823006741 1.6015810042861433615 1.6356989350412121098 1.6555576638202329498 1.6285552626347021832 1.6858275752335198927 1.669701685583262929 1.665845558193993492 1.6685029850923829287 1.6885455784080378727 1.6947638986316320153 1.7038516158128196309 1.6979236806916946367 1.6976933459373946267 1.6325053690321142952 nan nan nan nan nan nan nan
nan nan nan nan nan nan nan nan nan nan nan nan nan nan nan nan nan nan nan 0.86192324904783856887 0.85929561848204794039 0.88680984152338138138 0.91819547359675335318 0.96453880737021868708 1.0055049010322798519 1.0431122310968026223 1.0816655984250456157 1.1153013559362463525 1.1504215277831975062 1.1909438140807695472 1.2252203303561177705 1.2628603763772630053 1.2944943761584206676 1.3188661341472389665 1.3410995862471641882 1.3637886998795916149 1.3673471655368050204 1.4135471997778998876 1.4396237240811040614 1.5653864538143777985 1.6616787893348778926 1.637326210864294973 1.6311858784776636089 1.652210740378668552 1.6407457314882707422 1.7252299221745792668 1.7136516254288898242 1.7196139719616827524 1.7161733028359020814 1.7048326619330791409 1.7109429340232815697 1.7205236990270960096 1.7221971870988868059 1.6592234392087423789 nan nan nan nan nan nan nan nan
nan nan nan nan nan nan nan nan nan nan nan nan nan nan nan nan nan nan nan 0.81814997216334939267 0.8394048864258070175 0.85082018608631759804 0.8926916091772744144 0.93688609931044974921 0.98699653698336120566 1.0393007917843104515 1.0838275240623234108 1.1131928176506684647 1.1350812970445030015 1.1836721630277324824 1.2134522274346277726 1.2328124745117652328 1.2658522513660139808 1.3003401136108367897 1.3387194856840332058 1.3722024365383873601 1.3729472282357753077 1.4517269790686238018 1.511481677701780546 1.5821074711520157763 1.6649167453513136206 1.6519275280796892336 1.6598291121465458264 1.6729125591481794899 1.6632169785950730034 1.783272412462088452 1.7769997399572408092 1.7871280903061919076 1.7900935542982150395 1.7886292804296028969 1.7677638694583246437 1.7275649724683144193 1.7230679388231195936 1.7295607031501007977 nan nan nan nan nan nan nan nan
nan nan nan nan nan nan nan nan nan nan nan nan nan nan nan nan nan nan nan nan 0.81109354943668710014 0.83491026158889281028 0.88682611401231437043 0.94052340347658458519 0.98837557732042091718 1.0387888685782478149 1.0891971510390734412 1.1127843688757785845 1.1138770000067030885 1.15564037467704539 1.1925512880972932717 1.2120322119846809183 1.2486112638395883145 1.2769932818287752507 1.3145708980992634185 1.3609154161734258182 1.3402487714146855691 1.3202596953017915471 1.4074920367034993163 1.5487535449810632127 1.6717498060719093722 1.687360413330561526 1.6642738101796969996 1.6529670657301123171 1.6386016465159372046 1.81418020253835377 1.8216463547635801667 1.8304279444524442777 1.8612175926901755041 1.8613394933923557151 1.8230931953081608299 1.7606755196559198406 1.6983828267684872859 nan nan nan nan nan nan nan nan nan
nan nan nan nan nan nan nan nan nan nan nan nan nan nan nan nan nan nan nan nan 0.81779265122521782594 0.86546191505312319858 0.911921178260453269 0.94382032207701915816 0.99578514012450969339 1.0406195770864081762 1.0752580966590472578 1.1085989086728469388 1.1120290371008192398 1.1237259519648412631 1.1592622145355289121 1.1931576875912519586 1.2379478472452718485 1.2726691602867625797 1.312099975498485005 1.3687083952392913311 1.3899201626061103987 1.3522534129770960032 1.2942371241780135094 1.3610157645787066549 1.6040074252536338228 1.7021083693534335701 1.6941577327190706637 1.6970060149371182234 1.681163081244129831 1.844403018653686388 1.8668301259014181692 1.9017957555366948874 1.8758452503828868529 1.7646786601907835657 1.7846675914200598179 1.7911187991571728695 nan nan nan nan nan nan nan nan nan nan
nan nan nan nan nan nan nan nan nan nan nan nan nan nan nan nan nan nan nan nan nan nan 0.94024485477577890435 0.9620528870311638725 0.99778885454642296526 1.0481494086730029913 1.0892674878909611724 1.123716713276339485 1.1303707026963392135 1.1341726707927606288 1.1712591175117843534 1.2263505024168992463 1.2580852530237940368 1.2898767594645792478 1.3240357975641290356 1.3873625945330043674 1.4153792540534018141 1.4243939470348019327 1.4115867175832115255 1.4122321763122143157 1.5552510386376718898 1.7159639679305020987 1.7401924841371985142 1.736909631990558367 1.6911341176379932616 1.8511826125183361569 1.9404183867697075705 nan 1.7575608944579323989 1.6869428409936273461 nan nan nan nan nan nan nan nan nan nan nan nan
nan nan nan nan nan nan nan nan nan nan nan nan nan nan nan nan nan nan nan nan nan nan 0.96634656064799040465 0.99561245848755064447 1.0156314083573327878 1.049895958623916048 1.0888374233325712748 1.1228281851543324699 1.1472895137273064758 1.1568839113623810011 1.1751862872749028188 1.2408127838935709697 1.2954502985447071683 1.3846614328765576296 1.4638966099843966351 1.4626097928522507896 1.4365953904721353585 1.4311623010761942432 1.454747368868334112 1.4255242695378438356 1.4465125239808742652 1.6276673643171644112 1.7359481488594215026 1.7621987085915791216 1.7858404368235483162 1.8103853470765209899 nan nan nan nan nan nan nan nan nan nan nan nan nan nan nan nan
nan nan nan nan nan nan nan nan nan nan nan nan nan nan nan nan nan nan nan nan nan nan 1.0008790890921444028 1.0251096203918916849 1.0474881034614118569 1.0687321407734036161 1.10113746146517677 1.121110299484833428 1.1485660538305739742 1.1668161595227668492 1.2013724858892167457 1.306216106779014785 1.4527954440449384332 1.5087485860677418703 1.533738977088485278 1.4880731671630067492 1.4785434184725492202 1.4772882506762907706 1.5059747787775568106 1.5083497112348986935 1.5039018176478653466 1.5481692176024852703 1.6575783338897978059 1.6984662877152316707 1.6811040951705744639 1.7001787522974292077 nan nan nan nan nan nan nan nan nan nan nan nan nan nan nan nan
nan nan nan nan nan nan nan nan nan nan nan nan nan nan nan nan nan nan nan nan nan nan 1.0377057065628640942 1.0541269647838091839 1.0718481979333454035 1.0927058310526669427 1.1007657919276878644 1.1128255385529415289 1.1442570739973951799 1.1594458318007068165 1.1455300501506366917 1.2101929171777570104 1.4724557943748812772 1.5821992528058530514 1.486657231807588575 1.4637350405683986487 1.5206669608519129966 1.5819951301964545465 1.6252535378680990075 1.6224891161500298864 1.5775885868201520168 1.5624952549508774879 1.6107382570328079296 1.6404648488697219921 1.6592675035353992019 1.8081110569471290361 nan nan nan nan nan nan nan nan nan nan nan nan nan nan nan nan
nan nan nan nan nan nan nan nan nan nan nan nan nan nan nan nan nan nan nan nan nan nan nan 1.1273159964148167234 1.0832078258534114656 1.0926620961134430043 1.1013631607494327458 1.1117094756110461606 1.1375171503010583773 1.1540727874378666762 1.1360029170942451682 1.1397516590195444497 1.2449535115576217947 1.5625352054515029288 1.5056094374777551081 1.5200133855514645909 1.5524536637243748771 1.6654268325434999909 1.672623730317457591 1.6568474339563390441 1.6263833899762527579 1.5928130221252889687 1.6165198016908048917 1.6801129627130064748 1.6260636743261349668 nan nan nan nan nan nan nan nan nan nan nan nan nan nan nan nan nan
nan nan nan nan nan nan nan nan nan nan nan nan nan nan nan nan nan nan nan nan nan nan nan 1.0493269812477139524 1.072112370650839086 1.0976778423309565547 1.1197470903123611929 1.1269976321041375034 1.143048988912756192 1.1599463028434042755 1.1892913939261060552 1.2037471277554645521 1.2592025914742495107 1.6032393764155887794 1.5731980632532998055 1.5639576303293494242 1.5926976430351547087 1.7063305085727493715 1.6925807534019949863 1.683355118219052482 1.6730691683463960739 1.6560896225485512989 1.6632965709402669496 1.73990121213215021 1.7172071570384486172 nan nan nan nan nan nan nan nan nan nan nan nan nan nan nan nan nan
nan nan nan nan nan nan nan nan nan nan nan nan nan nan nan nan nan nan nan nan nan nan 1.0528325353418905852 1.0592379191706116082 1.0853281792425473196 1.1052526571439997838 1.1241693574025579672 1.1390056362610943008 1.1533794464665318991 1.1827969441755881164 1.2917944736097788372 1.3786468557072180108 1.3271869159919071901 1.517845302288728826 1.6395776703069793179 1.6220592931992203756 1.6968503238123018306 1.6979986731873772943 1.6920801050269669297 1.7339875480766329119 1.7188183677239183833 1.6964554267120468545 1.7010279589327637062 1.7153958671596103436 nan nan nan nan nan nan nan nan nan nan nan nan nan nan nan nan nan nan
nan nan nan nan nan nan nan nan nan nan nan nan nan nan nan nan nan nan nan nan nan 1.055876314006227723 1.0439399955221726479 1.0685340780601619848 1.0898419331535302845 1.111774763944465505 1.1296073732782445642 1.1491412318832272543 1.1705305068098728061 1.1742005916710787083 1.2204188053823137317 1.237817920966743479 1.2430488989957899637 1.2454263661900202287 1.3326005929052717747 1.4785763464418284485 1.5024713376715657098 1.6454561433067527165 1.6858111217118549874 1.7503714241376031602 1.7520716991078040259 1.7286002811097511689 1.6931385147968611715 nan nan nan nan nan nan nan nan nan nan nan nan nan nan nan nan nan nan nan
nan nan nan nan nan nan nan nan nan nan nan nan nan nan nan nan nan nan nan 1.1758981281936018437 1.0359438735760682082 1.0451139180079040969 1.079379400775582809 1.0955258562828453783 1.1012759614740319503 1.129031416907604779 1.148410702796061944 1.165295791366282252 1.1936884377275442937 1.1857948911352487187 1.2280642764759597263 1.2361101971246353237 1.2819818228391075543 1.4671750566468531041 1.4431663793688929154 1.3169939151409695288 1.3219133622198795397 nan nan nan nan nan nan nan nan nan nan nan nan nan nan nan nan nan nan nan nan nan nan nan nan nan
nan nan nan nan nan nan nan nan nan nan nan nan nan nan nan nan nan nan 1.2287900788941554797 1.1108550331017399415 1.0738052949171492667 1.0932099799293655273 1.1288945298281072294 1.142567533023695292 1.1320447506782924663 1.1381972416534087422 1.1612907684115199025 1.1872604174831478119 1.2150788519313249214 1.1896511399614049243 1.2504855255981703888 1.3816455954917776783 1.2807875242911483937 1.2953702676866829524 1.4897035884978022668 nan nan nan nan nan nan nan nan nan nan nan nan nan nan nan nan nan nan nan nan nan nan nan nan nan nan nan
nan nan nan nan nan nan nan nan nan nan nan nan nan nan nan nan nan nan 1.1878689037549279295 1.1017294690145271741 1.155311905819035978 1.1754022381105377892 1.1735690592254335307 1.1857470929922813152 1.1884020873750160696 1.1665054574921820407 1.1714425219270003797 1.1971419961683231747 1.2547044781716019113 1.2320611591235919313 1.2226396394484828622 1.3560597612366591669 1.3318623105581324229 1.2996638457672688993 nan nan nan nan nan nan nan nan nan nan nan nan nan nan nan nan nan nan nan nan nan nan nan nan nan nan nan nan
nan nan nan nan nan nan nan nan nan nan nan nan nan nan nan nan nan nan 1.1976830007764938113 1.213542043262278991 1.2496114515634990649 1.241774632741184714 1.2265368646678760367 1.230439527176909964 1.2516706160548676241 1.2928458141419221228 1.3111824607635418349 1.3014964036168268358 1.2994550771538968537 1.3166688671064543659 1.2000766860184763907 nan nan nan nan nan nan nan nan nan nan nan nan nan nan nan nan nan nan nan nan nan nan nan nan nan nan nan nan nan nan nan
nan nan nan nan nan nan nan nan nan nan nan nan nan nan nan nan nan nan nan 1.3334188934929158687 1.3582514180528815206 1.3168958285443637113 1.2969714955836790793 1.2952525827174248274 1.28248346146314951 1.3099567680979806727 1.3841011264305771444 1.4294097384068218393 1.3314992456474046278 nan nan nan nan nan nan nan nan nan nan nan nan nan nan nan nan nan nan nan nan nan nan nan nan nan nan nan nan nan nan nan nan nan
nan nan nan nan nan nan nan nan nan nan nan nan nan nan nan nan nan nan nan nan nan 1.4025378731721114267 1.4144969592805345382 1.3960940971971702584 1.4250409953570768451 1.4296355272140637283 nan nan nan nan nan nan nan nan nan nan nan nan nan nan nan nan nan nan nan nan nan nan nan nan nan nan nan nan nan nan nan nan nan nan nan nan
nan nan nan nan nan nan nan nan nan nan nan nan nan nan nan nan nan nan nan nan nan nan nan nan nan nan nan nan nan nan nan nan nan nan nan nan nan nan nan nan nan nan nan nan nan nan nan nan nan nan nan nan nan nan nan nan nan nan nan nan nan nan
