results/rofental/snowmelt_month_2020-02-01T0000_2020-02-29T2300.asc
ncols        322
nrows        225
xllcorner    622802.488000000012
yllcorner    5178049.378999999724
cellsize     100.000000000000
[rows 128 to 159 of 225, columns 72 to 143 of 322]
nan nan nan nan nan nan nan nan nan nan nan nan nan nan nan nan nan nan nan nan nan nan nan nan nan nan nan nan nan nan nan nan nan nan nan nan nan nan nan nan nan nan nan nan nan nan nan nan nan nan nan nan nan nan nan nan nan 0 0 0 0 0 0 0 0 0 0.021722091188587845656 1.9665277059675445592 2.0174059683823424294 0.82473057817899575461 0.66002884300634256931 0.59302414002658798697
nan nan nan nan nan nan nan nan nan nan nan nan nan nan nan nan nan nan nan nan nan nan nan nan nan nan nan nan nan nan nan nan nan nan nan nan nan nan nan nan nan nan nan nan nan nan nan nan nan nan nan nan nan nan nan nan 0 0 0 0 0 0 0 0 0 0 0.017007184711352072576 0.69330666309970856442 0.37369031092808929762 0.30989282947889551512 1.1986009263661672186 2.6714011880390069464
nan nan nan nan nan nan nan nan nan nan nan nan nan nan nan nan nan nan nan nan nan nan nan nan nan nan nan nan nan nan nan nan nan nan nan nan nan nan nan nan nan nan nan nan nan nan nan nan nan nan nan nan nan nan 0 0 0 0 0 0 0 0 0 0 0 0 0.11364200716031290506 1.0450058047976606979 0.80362605677206766508 0.79708128288915913728 1.3983543360742365369 1.8507123057322429904
nan nan nan nan nan nan nan nan nan nan nan nan nan nan nan nan nan nan nan nan nan nan nan nan nan nan nan nan nan nan nan nan nan nan nan nan nan nan nan nan nan nan nan nan nan nan nan nan nan nan nan nan nan nan 0 0 0 0 0 0 0.036078557712917160016 0 0.054609958222809756867 0.19326617262709874789 0.43299499565409177437 0.48708939496019121318 0.52266642547113328909 0.59099302802415332181 0.83663417039390275409 1.1561894728408259603 2.3674272331663783753 4.0663086305810214327
nan nan nan nan nan nan nan nan nan nan nan nan nan nan nan nan nan nan nan nan nan nan nan nan nan nan nan nan nan nan nan nan nan nan nan nan nan nan nan nan nan nan nan nan nan nan nan nan nan 0 0 nan 0 0 0 0 0 0 0 0.084767247231946674102 1.1625791017634103941 1.3599900966101960975 1.0665609610580260025 1.3984523267732031915 2.2697662872639345899 1.5941919092175291794 1.2831253753725362365 1.7777733863011293547 2.6207426596317513479 1.9348102411175525095 1.9938069419821506933 2.8992073277404437626
nan nan nan nan nan nan nan nan nan nan nan nan nan nan nan nan nan nan nan nan nan nan nan nan nan nan nan nan nan nan nan nan nan nan nan nan nan nan nan nan nan nan nan nan nan nan nan nan 0 0 0 0 0.059029274224641978264 0.45782948540199353005 0 0 0 0 0 0.54445075941245357765 1.0454341494401795387 1.4824746738403917767 2.8535310034465370954 2.4739578685139678171 2.1067482456050083961 2.3353169786742071778 2.6246893533543129706 2.7847152202025471368 3.6908912456275619896 6.1627740732081282005 7.012260961281163496 9.8505733360711680291
nan nan nan nan nan nan nan nan nan nan nan nan nan nan nan nan nan nan nan nan nan nan nan nan nan nan nan nan nan nan nan nan nan nan nan nan nan nan nan nan nan nan nan nan nan nan nan 0 0 0 0.10835196009223659053 0.39646417264201760933 1.0571282539753856788 1.5902300686790760142 0.54899499357561121204 0.58782089798745928988 0.37310416081195696414 1.0984485000878867478 2.0987329895019843917 2.2395379838171725062 2.1551217617859093068 1.8489811095181194478 1.9304516354120404564 2.3055357533879594634 2.2688668811363696953 1.7888006353986947161 1.9182689780753034992 2.7816885356213276737 4.0720694716826253412 3.338402299959380759 5.0699950506283606444 7.6521536264515042092
nan nan nan nan nan nan nan nan nan nan nan nan nan nan nan nan nan nan nan nan nan nan nan nan nan nan nan nan nan nan nan nan nan nan nan nan nan nan nan nan nan nan nan nan nan nan 0 0 0 0.23243526242942150195 0.33428829206204185853 0.15082182624658596604 0.08694603784180411632 0.56710731031759398224 1.0060268164201422447 1.8348252390085781904 1.6201751336216136945 0.98158050700129084731 0.68921589162646068605 0.33549505729319750724 0.45791408510472253468 1.0351865829268973584 1.5380996050920099361 1.7561062256014201566 2.0163650370159484915 2.4125403198922752424 2.7012340980862936668 2.8731329622491776909 3.737214792347674841 7.9230949001654709107 17.513387091253562744 20.594117249521861623
nan nan nan nan nan nan nan nan nan nan nan nan nan nan nan nan nan nan nan nan nan nan nan nan nan nan nan nan nan nan nan nan nan nan nan nan nan nan nan nan nan nan nan nan nan 0 0 0 0 0 0 0 0 0.09123019455262355859 0.119536929682997492 0.25038315655123555281 0.3645225781278845778 0.29093372278703927281 0.2626038645666860516 0.3582206191655509242 0.40566724208383253547 0.53303607948643805248 0.76869868071854574598 1.2117617053710978414 1.6950423103914542544 2.1998230733428130179 2.9479733094618021383 3.4961459052209025167 9.7620822269521223546 20.474505195736252716 22.219271586885792402 28.784261053260284058
nan nan nan nan nan nan nan nan nan nan nan nan nan nan nan nan nan nan nan nan nan nan nan nan nan nan nan nan nan nan nan nan nan nan nan nan nan nan nan nan nan nan nan nan nan 0 0 0 0 0 0 0 0 0.15724673405079026001 0.38298388507263930736 0.58383106414739949219 0.67682896499360800657 0.74003189674265090758 0.72274529787825869676 0.43784112915519490805 0.22765736412959691748 0.52003695088534829249 1.2432822583940998928 1.4350438125068101236 1.6675690426064673222 2.2458058632889885686 4.6842090495233597025 17.518518967903165873 17.908754235254281895 23.901118955793442922 28.217660248021996239 31.42779578346467062
nan nan nan nan nan nan nan nan nan nan nan nan nan nan nan nan nan nan nan nan nan nan nan nan nan nan nan nan nan nan nan nan nan nan nan nan nan nan nan nan nan nan nan nan 0 0 0 0 0 0 0 0 0 0.2132792182890211885 0.50435897214777869468 0.9070993384036629692 0.85892043419017816142 0.83879130114022348863 0.99032955626357221934 1.1128246300851230011 0.86932498546412917406 1.1813885986353724888 1.6687614843846683144 1.9707263161899297721 3.413780478844200772 7.9002618031656970388 8.4039768068703608606 15.205293848874328333 18.724739017633623916 21.984812170210762616 27.292752307851273486 27.556970777877673129
nan nan nan nan nan nan nan nan nan nan nan nan nan nan nan nan nan nan nan nan nan nan nan nan nan nan nan nan nan nan nan nan nan nan nan nan nan nan nan nan nan nan nan 0 0 0 0 0 0 0.090909321444323273886 0.12895070181274909116 0.23122308890562337513 0.21403571671759999417 0 0.064426001348369260624 0.18016922023824172294 0.47407956914078119848 0.97818500251851814298 1.5264766920655088445 2.6164167233582298344 4.5072686667874757305 2.6042109558774364508 3.9901003586737151529 5.6928618263702404079 10.919626666253405389 16.426139747236828015 16.504506574339849578 16.888284640685903071 17.163921929996739379 16.729183629218947971 22.54878052160766444 26.335942882900493345
nan nan nan nan nan nan nan nan nan nan nan nan nan nan nan nan nan nan nan nan nan nan nan nan nan nan nan nan nan nan nan nan nan nan nan nan nan nan nan nan nan nan 0 0 0 0 0 0.085330587601929852593 0.15216327538975069067 0.14407392907228763756 0.23253720523517107388 0.42306071387539972983 1.0019949468734481446 1.5086403242161938731 0.71121432875898404902 0.27656205220149032709 0.58060718007075062808 1.372678225170942401 1.6750067242102746334 2.0167072446773643968 4.0756182736934301047 4.8992724838268850718 5.9036593666858010465 10.860345558460011262 17.858997731480144466 21.425498937211454376 22.935667538620243988 25.962743649974974858 24.065256950655676604 20.935877354131569916 17.408871822236314131 14.329380015076948141
nan nan nan nan nan nan nan nan nan nan nan nan nan nan nan nan nan nan nan nan nan nan nan nan nan nan nan nan nan nan nan nan nan nan nan nan nan nan nan nan nan 0 0 0 0 0 0 0 0 0 0.078961837631617931565 0.1988840655608074548 0.39588189006685792215 0.70850827477563060874 1.1250459535056849258 1.6065490827994972634 1.2330596567231875138 1.0866856216881433106 1.8657426440128164202 2.9203059877766204266 4.3362904061653759769 10.756108722199979155 8.1558126294183068694 17.354777500392234657 24.604216656498621774 27.506494770132412953 27.478592379546309843 30.130688691065323326 22.880425195104148628 14.496239227812353079 8.92945527657619742 3.4700086664320584084
nan nan nan nan nan nan nan nan nan nan nan nan nan nan nan nan nan nan nan nan nan nan nan nan nan nan nan nan nan nan nan nan nan nan nan nan nan nan nan nan 0 0.045419518288513371918 0.11772799947253133335 0.015850161754913532491 0 0 0 0.067819880686995001606 0.17571021211782789084 0.31322535125976913584 0.52659594651372931828 0.65851771785924495539 0.88211172133222948144 1.4596913995370903727 2.4048484315652940424 2.5401539635786387628 3.6132958125075580469 3.0520838907270002593 3.8062727851431983339 5.2902561598950539334 7.1487368553234036384 9.0218232369500324097 20.759338987370401952 22.498636432081262626 20.624574443911086519 18.284588177343614745 13.451042571596433461 9.7539385447928577122 8.2062757551696865477 5.2911058422383199229 2.4633971965467029719 2.1161140308560226764
nan nan nan nan nan nan nan nan nan nan nan nan nan nan nan nan nan nan nan nan nan nan nan nan nan nan nan nan nan nan nan nan nan nan nan nan nan nan nan 0 0 0.67684326460570831685 1.1379604137250294293 1.9287355423256840048 0.84500783556149028364 0 0 0.050191387097782168281 0.30913989991117374334 0.51697677890605242546 0.69184182914441094692 1.2022697555922576829 1.7894733149769390668 2.5092139633284449296 4.7273321778863142129 4.8014588209701178911 4.2599191294891110005 3.6257091442359548061 5.0963294566545691566 9.1555754529134851794 12.552964017207758118 18.773754465097955091 21.090650879621996694 21.135772282606748007 15.604777137220365191 10.393512669510871049 6.856338528754092998 6.400693295969747787 4.2465823296998914671 2.1332349861545303327 0.81256533055928648057 0.25414744539022438019
nan nan nan nan nan nan nan nan nan nan nan nan nan nan nan nan nan nan nan nan nan nan nan nan nan nan nan nan nan nan nan nan nan nan nan nan 0 0 0 0 0.14179704372383838962 0.31692577817777828342 0.69501687190381322701 1.9370748353603157721 3.9721798548288429487 2.1476408924690213453 0.15186146624803603666 0 0 0.1335258687456096216 0.28190150806035230158 0.2977574030443857489 0.31096388739091546105 0.7959061407365571883 1.6559125788168675975 2.7991274866402382493 4.9898803640171784934 6.9370366663167377652 11.459576839572052975 12.545962525182806857 21.434778051783496267 21.871751741216439058 20.136678611486892976 14.466498113454887786 8.738887954830380167 6.798605978227958424 6.4323568134007524932 4.9558166230394009588 3.0053928393303595001 0.89734587467274107286 0.25454439857667809921 0.011690641536225560362
nan nan nan nan nan nan nan nan nan nan nan nan nan nan nan nan nan nan nan nan nan nan nan nan nan nan nan nan nan nan nan nan nan nan nan 0 0 0 0.351452210851961655 0.42632570982036088747 0.14668310817383456435 0.079364277715126260726 0.27880064309183821836 0.76882098972169599094 3.2573488484185659786 6.4613600481708628465 5.0620309481600918033 0.74289842313189158318 0.087301573463917148121 0 0 0 0.21546266723702395263 0.68222843116121956175 1.2627804669475577448 2.0873454712313921355 3.9603026648753245631 9.8705856586772426908 22.595891573685829457 28.261474777679993053 23.344356948577978272 13.523372749902430101 7.8014276189804405703 6.1939483119530374111 6.543391729469243856 6.0918486587830180667 5.1551572346078140541 3.5483927737438554217 2.0037879650161261047 0.76631919669410331064 0.22805494734317233174 0.24472234099316753086
nan nan nan nan nan nan nan nan nan nan nan nan nan nan nan nan nan nan nan nan nan nan nan nan nan nan nan nan nan nan nan nan nan nan nan 0.08768324036993178916 0.33340474773625189409 0.41423003775396771697 0.31408157800606356647 1.2307396617071073575 1.7850413161968119446 1.3261130769325089052 0.660711951270314235 0.74593212030952860125 0.94254922320957890136 3.2884475484830626435 8.7438436238027801295 8.7739830142793433509 5.6655982313791977134 4.318848470533821704 2.5767474935001088987 1.1746467713229638008 0.88396589884932141867 1.0118965232210175298 0.91223446864648627397 1.453510018525387304 3.9019952749168882455 7.3460797070595988956 17.204441812531346301 13.481760841071485757 7.9866189763741086693 6.015023795330376899 5.7146249548668164309 5.8790056629474571892 5.5708616584913546177 4.4680242315429330446 2.3091068917330446197 1.3023669391388217331 0.51630100407751333691 0.35361810790991038411 0.37005510012030107259 0.59664455717738495988
nan nan nan nan nan nan nan nan nan nan nan nan nan nan nan nan nan nan nan nan nan nan nan nan nan nan nan nan nan nan nan nan nan nan nan 0 0.036312807179150183301 0.2064255735174853057 0.32614807526438771568 0.21728650921098657811 0.2088426361838920664 0.22884839755091360147 0.29378322201121775947 0.27928979404199605341 0.3735977177068550148 0.50779143331875176148 1.2521238617782506353 5.7089879332740727236 9.4914128355815066129 9.1545036175126153211 6.3774416718389987935 7.1826390701523221693 4.5246615169607187212 7.3130247564496020374 7.7125764943849830502 10.786524522451735209 11.576403502336223283 12.956882518260808723 6.5611275907742658831 4.7856168856525176381 5.4190606651673487448 5.6335867231551191026 5.6557533376155895155 6.1724325769399852604 5.5603646991728021831 4.6108369238991269157 1.8432830048365775877 0.47998645605627154875 0.0073924245431861435041 0.11581141891870433414 0 0.01816034377209598677
nan nan nan nan nan nan nan nan nan nan nan nan nan nan nan nan nan nan nan nan nan nan nan nan nan nan nan nan nan nan nan nan nan nan 0 0 0 0 0 0 0 0 0.0088019769307859548058 0.043128531695364596965 0.10424760597065824141 0.20091515513716642904 0.25412565794000435693 0.38164134472832489386 0.98982774720406196955 3.6891268497625633316 8.0556575685147819854 14.717666572865816477 17.611762052880337137 15.172503488655481263 15.095571883166069682 15.579448047505023212 13.562259227021266739 6.8192747710244487891 4.8032641741611383779 4.8489490395657277588 5.33741620223930191 5.7007946478352629072 6.3010411075332344311 5.6379425276900407837 4.3943644335009945934 2.5448364151403279898 0.28776374174482194368 0 0 0 0 0
nan nan nan nan nan nan nan nan nan nan nan nan nan nan nan nan nan nan nan nan nan nan nan nan nan nan nan nan nan nan nan nan nan nan 0 0 0 0 0 0 0 0 0.020029680489110267272 0.13988394804255191439 0.21406769557714672159 0.27172113636651934465 0.37385310380265601715 0.55405331256081080671 0.78775534525336587954 1.0741534671653334421 1.4887371208651554166 4.2922097471023077375 10.011781484550493104 14.231110277818780574 17.550378648757398281 9.7251612071531212678 5.9661517481767898374 5.19126469826590764 5.4779854293257850273 5.8356139791757639657 6.0960405753444524279 5.977618689267182539 5.7381695324832859839 4.1031563933489145768 1.008443564994089936 0.21879685333085166499 0 0 0.1201195293971623751 0.3575135653342406683 0 0
nan nan nan nan nan nan nan nan nan nan nan nan nan nan nan nan nan nan nan nan nan nan nan nan nan nan nan nan nan nan nan nan nan 0 0 0 0 0 0 0 0 0 0 0 0.075330530130936448896 0.23434095246469360818 0.568156520921464403 1.4815013126029139556 3.5821609467680852745 8.6567100506395657789 10.463069566358010221 8.7722763545361335247 5.8999979139911111758 4.2684085923838992471 5.793318322790472763 5.0472765954240603747 5.1249264007413559696 5.3275077292572845522 5.462749755484300529 5.2873741914106178186 6.0013500160291552987 5.6918986432199192294 2.5816583344183379189 0.64835917234535311859 0.65013224916157741351 0.52238711772912715947 0.051837898670973235615 0 0 0 0 0
nan nan nan nan nan nan nan nan nan nan nan nan nan nan nan nan nan nan nan nan nan nan nan nan nan nan nan nan nan nan nan nan 0 0 0 0 0 0 0 0 0 0 0 0 0 0.029203987046320961651 0.40270708503113267218 1.0237970671415979051 2.7731076850798190847 3.6199585065045831733 5.2913262682282757865 5.8246115456426759138 4.7410277713674924271 5.6841292393092182067 4.5741061482963543128 4.7876627207767521455 4.9054921310058574591 5.1058156412081459052 5.5989871820827232796 5.905205679697313137 5.6997137683639742534 2.1461731807826756047 0.42956717949901745968 0.32964165165420133974 2.2213086532663566253 2.2239145879722697074 2.1097132404561174113 0 0 0 0 0
nan nan nan nan nan nan nan nan nan nan nan nan nan nan nan nan nan nan nan nan nan nan nan nan nan nan nan nan nan nan nan nan nan 0 0 0 0 0 0 0 0 0 0 0 0 0 0 0.18603355701228763142 1.8372309051866293483 2.6687440279701508672 3.8110837239927222164 4.3750748590185626341 5.1688333452472798868 4.5534734248444204141 4.6854361535180846232 4.7109057687108206736 5.0064250890513442016 5.6430323673614850577 6.3850213693349111566 4.9507562829954112615 1.5266014095717792554 0.58475577362994313191 0.78695724627157648268 0.30574371984380949163 0 0.15844415132281708392 0.81973225636154556373 0 0 0 0 0
nan nan nan nan nan nan nan nan nan nan nan nan nan nan nan nan nan nan nan nan nan nan nan nan nan nan nan nan nan nan nan nan 0 0 0 0 0 0 0 0 0 0 0 0 0 0 0.039146840003768341998 0.33550549473769325504 2.0911495797744903413 2.9771922800399845954 3.1654874656020708379 4.7206079148343107477 4.1899829144555873484 4.3597235410398473832 4.4080825796357370194 4.5533861923008176475 5.3122881437931042115 6.1750782334150366992 3.8494250838673780279 0.19950094089176514944 0 0.41450587195280941266 0.49912201712244402829 0.26084413207307144411 0 0 0 0 0 0 0 0
nan nan nan nan nan nan nan nan nan nan nan nan nan nan nan nan nan nan nan nan nan nan nan nan nan nan nan nan nan nan nan nan 0 0 0 0 0 0 0 0 0 0.15471009137470242978 0.35721697763360893418 0.26526000297639229508 0.35765050517615737391 0.45084575324805303831 0.66900022936466529977 2.4164071944288454397 3.4281338508509788809 3.9449264880508536635 3.5620614906173750924 4.2853436722839957085 4.4717163367169723287 4.4051451477232870246 4.2780407541221485701 4.6025638292217267988 5.4461075335791520047 3.5464757468886070058 0.38103520621284286962 0.010634603679090770881 0 0 0 0 0 0 0 0 0 0 0 0
nan nan nan nan nan nan nan nan nan nan nan nan nan nan nan nan nan nan nan nan nan nan nan nan nan nan nan nan nan nan nan nan 0 0 0 0 0 0 0 0 0.2735888052300388118 0.98540211277051359406 1.3696753945816058096 0.8433234500105221132 0.43190808758645538035 0.68449262451075298941 3.1259397553191576868 3.4257769167555527368 3.8022103184741906645 3.8342790795361469947 5.0563910790417363472 4.5230028443370056124 4.5329956679598941705 4.4194966243715843035 4.4813781272213777385 4.8242561019958420943 3.0379513753447753288 0.86726568542643156512 0.17633599157801291279 0 0 0 0 0 0 0 0 0 0 0 0 0
nan nan nan nan nan nan nan nan nan nan nan nan nan nan nan nan nan nan nan nan nan nan nan nan nan nan nan nan nan nan nan nan 0 0 0 0 0 0 0.03130976643914346047 0.28522755561370033428 0.40997859880468429106 0.75960463415758971983 1.9390419969158643188 3.9227149987541105602 2.3113921438913105355 3.1830093508276959824 2.3110914473834642813 2.5402494201397352036 3.2333513544313623456 6.2374268677475876999 4.4196719064962159962 4.256371043398144316 4.1739329648840461928 4.4950282011729374432 4.615752238622336634 3.6460027425718530836 1.144127800996854516 0.040047715082042391332 0.55193151289950015403 0.83660216994537128787 0.66470500527767029109 0.38448760829449046827 0 0 0 0 0 0 0 0 0 0
nan nan nan nan nan nan nan nan nan nan nan nan nan nan nan nan nan nan nan nan nan nan nan nan nan nan nan nan nan nan nan 0 0 0 0 0 0 0.014682790136378473869 0 0.037951417782310634119 0.18521261670278851841 0.45855725613890629955 1.0673261601883674565 4.270182727208164053 4.6901570892323789508 4.4904171090384359388 4.0111044794993198082 3.7427167394909450771 3.4002947938174683529 4.7948992101348562045 4.0155576170226874311 4.0831755909114049174 4.078637023133961037 4.2741790963486003818 4.9399118103082226838 3.8064769756417913271 1.7432458794130940571 0.093913780280620057228 0.040723477928284602945 0.0068168387122248480861 0 0 0 0 0 0 0 0 0 0 0 0
nan nan nan nan nan nan nan nan nan nan nan nan nan nan nan nan nan nan nan nan nan nan nan nan nan nan nan nan nan nan 0 0 0 0 0 0 0 0 0 0 0 0.012063763074723034968 0.16066811059316554733 2.3714782242256680078 3.5210612985665137309 3.7566042143925542085 3.8039560334774309425 4.0560384310976456135 6.4781112896315606875 3.59284949079040139 3.6253136049367231664 3.7581557358193600216 4.0528505725166272811 4.2230740006625735461 4.3768926758501169871 2.5454684200511525916 0.92082320442909149083 0.066483173036350540208 0 0 0 0 0 0 0.017422069667967009926 0 0 0 0 0 0 0
nan nan nan nan nan nan nan nan nan nan nan nan nan nan nan nan nan nan nan nan nan nan nan nan nan nan nan nan 0 0 0 0 0 0 0 0 0 0 0 0 0 0 0.1332861282303957895 1.0474380948484907083 2.2301841302612759321 3.1100006171436760383 3.8897863531732510545 3.7752216407739771498 4.0814427043231065184 3.5704939660873513674 3.5946917753149780772 3.640044055881862306 3.9864110926270126534 4.1221837046764324697 2.5106861575490242444 1.0386425417826543605 0.54748692030957268884 0.62386087492169195468 0.37219539576315807672 0 0 0 0 0 0 0 0 0 0 0 0.035065934050167987812 0
