results/rofental/snowmelt_month_2020-03-01T0000_2020-03-31T2300.asc
ncols        322
nrows        225
xllcorner    622802.488000000012
yllcorner    5178049.378999999724
cellsize     100.000000000000
[rows 56 to 83 of 225, columns 189 to 251 of 322]
nan nan nan nan nan nan nan nan nan nan nan nan nan nan nan nan nan nan nan nan nan nan nan nan nan nan nan nan nan nan nan nan nan nan nan nan nan nan nan nan nan nan nan nan nan nan nan nan nan nan nan nan nan nan nan nan nan nan nan nan nan nan nan
nan nan nan nan nan nan nan nan nan nan nan nan nan nan nan nan nan nan nan nan nan nan nan nan nan nan nan nan nan nan nan nan nan nan nan nan nan nan nan nan nan nan nan nan nan nan nan nan nan nan nan nan nan nan nan nan nan nan nan nan nan nan nan
nan nan nan nan nan nan nan nan nan nan nan nan nan nan nan nan nan nan nan nan nan nan nan nan nan nan nan nan nan nan nan nan nan nan nan nan nan nan nan nan nan nan nan nan nan nan nan nan nan nan nan nan nan nan nan nan nan nan nan nan nan nan nan
nan nan nan nan nan nan nan nan nan nan nan nan 1.1114115342575374701 nan nan nan nan nan nan nan nan nan nan nan nan nan nan nan nan nan nan nan nan nan nan nan nan nan nan nan nan nan nan nan nan nan nan nan nan nan nan nan nan nan nan nan nan nan nan nan nan nan nan
nan nan nan nan nan nan nan nan nan nan 0.18484475482297008098 7.7720785364046873767 20.907220846398686831 10.659204584427300233 0.83785803178640261279 nan nan nan nan nan nan nan nan nan nan nan nan nan nan nan nan nan nan nan nan nan nan nan nan nan nan nan nan nan nan nan nan nan nan nan nan nan nan nan nan nan nan nan nan nan nan nan nan
nan nan nan nan nan nan nan nan 28.89169359518270852 33.472894781497835481 27.792764768839838041 22.088912175375440938 24.341074369777988551 37.667365030668705117 35.977512377837015833 6.9653353978123755397 nan nan nan nan nan nan nan nan nan nan nan nan nan nan nan nan nan nan nan nan nan nan nan nan nan nan nan nan nan nan nan nan nan nan nan nan nan nan nan nan nan nan nan nan nan nan nan
nan nan nan nan nan nan 0 25.98394020306711738 55.961326736973312279 60.261781953682366009 59.672597975117703584 54.038826056433677536 39.109000590850605761 28.120909457119910968 50.271288248573910096 64.746834503989589393 42.135725250794273222 8.0959288526799522145 nan nan nan nan nan nan nan nan nan nan nan nan nan nan nan nan nan nan nan nan nan nan nan nan nan nan nan nan nan nan nan nan nan nan nan nan nan nan nan nan nan nan nan nan nan
nan nan nan nan nan 11.893168941579146392 10.926801897021276133 24.722737209213001108 40.195545374943463912 40.359247320101381717 41.984837949334156804 49.303349945307324731 51.311497119699751579 36.800716688094034623 38.797477303935622217 61.090010074780678906 83.504501001422468676 83.668851426539134764 45.223222018891299001 0.37750627907891759483 nan nan nan nan nan nan nan nan nan nan nan nan nan nan nan nan nan nan nan nan nan nan nan nan nan nan nan nan nan nan nan nan nan nan nan nan nan nan nan nan nan nan nan
nan nan nan nan nan 1.3353076681600963838 2.2533754425069814076 10.56134389165242915 24.826902005683148644 20.786274309857535769 20.273213787694235322 21.769510831569455434 28.058334161845650101 28.202107222997856439 27.724932374883973552 35.09245184683511809 49.205344477033115425 71.993577062049340043 85.208584076309875854 74.694881266624747695 33.557744026595528908 nan nan nan nan nan nan nan nan nan nan nan nan nan nan nan nan nan nan nan nan nan nan nan nan nan nan nan nan nan nan nan nan nan nan nan nan nan nan nan nan nan nan
35.741377095031900524 5.8567138002551057951 nan nan 49.859138600534677721 41.449825277749916097 13.06312202724161331 3.0247959548039853317 5.1502986387049078942 3.7811317660973626786 2.3774074397321034446 16.849715409222380202 34.620565718040978709 32.241104500840243929 24.086512472916716376 24.377630444326715775 30.447657430037992299 46.916131865356611286 75.083483690297484259 87.067864139946195223 55.213882999666886064 22.295550276872038609 nan nan nan nan nan nan nan nan nan nan nan nan nan nan nan nan nan nan nan nan nan nan nan nan nan nan nan nan nan nan nan nan nan nan nan nan nan nan nan nan nan
72.935934959986241211 66.187082632150278982 42.562539693228494286 35.668356258482553756 54.789974981841353951 69.912615192576552658 62.1813767112113851 9.3529703705878688424 3.4112931161914454847 13.834211230417002625 15.906486180134178809 18.933231428515256312 31.414796852392701254 45.85250633326954528 31.717108359799901507 26.89042664159693885 33.04001993754558697 40.236084684441948411 56.935688639358524199 71.519664720301122429 55.163398422891134487 34.748483855402163556 11.180223058441557171 nan nan nan nan nan nan nan nan nan nan nan nan nan nan nan nan nan nan nan nan nan nan nan nan nan nan nan nan nan nan nan nan nan nan nan nan nan nan nan nan
82.439858252076717804 82.285716897531059999 71.521634677648336265 36.817223804930385711 54.908479599408003935 76.804492048546549654 74.348705440404003753 18.475265359938482845 2.6908698296370801017 7.5236067302815596847 13.486736567002157727 14.45563626730181106 16.170824779673139915 25.940578070613373285 36.366421122264846133 35.198500523842469079 39.68970517954613797 43.870348024406077059 53.818831545259754989 74.988717274780128719 63.171132697206118678 57.342065829176767977 33.384928622627491279 11.185963129595137389 nan nan nan nan nan nan nan nan nan nan nan nan nan nan nan nan nan nan nan nan nan nan nan nan nan nan nan nan nan nan nan nan nan nan nan nan nan nan nan
98.389398913581899819 97.029880502194373548 78.85930902774012452 34.444622708154440716 50.921009909503304414 81.999212851281882308 87.994296874253336682 69.683229756276347189 23.942478671526899348 0.012042013797865203442 0.46389987111170910561 12.432083233585284887 15.155389885623268498 22.840859515295345972 27.490141445470499093 31.423787599932222037 35.327378055629857556 40.0840015169236068 55.406998768936013278 93.823159673725655239 98.423360425161234843 114.165419228578088 84.247576756637826634 21.790771150968719638 nan nan nan nan nan nan nan nan nan nan nan nan nan nan nan nan nan nan nan nan nan nan nan nan nan nan nan nan nan nan nan nan nan nan nan nan nan nan nan
84.524820800846399038 86.447995856621517419 79.992229633791652077 61.753825136813844665 58.105197196408994387 89.721094234698654191 94.756183940766675278 85.670919244938744441 84.944572899940524735 53.560107234007325872 0.057877304612044509768 0 1.5016909309870678513 14.072727766986901088 24.411584052607302908 33.694735416024535368 42.776013264157541016 47.068281493473243415 57.369097046102027093 79.713028825748281747 97.630219653207802821 129.11590594546041189 117.82439473640980054 61.956888294015321605 nan nan nan nan nan nan nan nan nan nan nan nan nan nan nan nan nan nan nan nan nan nan nan nan nan nan nan nan nan nan nan nan nan nan nan nan nan nan nan
75.311941883287005339 99.927653597655378803 101.87218054521869703 91.231519768648240643 91.912496752034257952 97.962159224912326749 92.545356123077112898 90.488001922105596009 96.776398317593120169 93.131324693205129961 62.094418819391549391 0.49461901646001604771 0 0 12.823267209602823513 26.157310873639353588 55.704973762089252887 60.004731541119461724 60.638730091525836485 59.943222836255131369 57.231404647059925139 91.002896610851323089 104.04131922977842351 49.839975887730730619 nan nan nan nan nan nan nan nan nan nan nan nan nan nan nan nan nan nan nan nan nan nan nan nan nan nan nan nan nan nan nan nan nan nan nan nan nan nan nan
84.353894007809572031 106.50226088545630887 122.16816828703758802 116.53623124144087342 108.65574109609731579 104.23360393801539203 100.72019593241660118 97.702225975372016364 99.143274117485077568 98.797948737912520301 92.578434150835590799 75.962133587586819772 58.683411731837203718 2.8252863595988984002 0.41591558366436748306 12.434932793656866323 46.234657711109520051 69.50874011556695109 72.261835324242127854 72.460811864726238696 61.11457909518529874 72.814078586944319227 121.11286757320584684 101.44623075055183392 14.387245944545030696 nan nan nan nan nan nan nan nan nan nan nan nan nan nan nan nan nan nan nan nan nan nan nan nan nan nan nan nan nan nan nan nan nan nan nan nan nan nan
54.794595292342421544 72.459749820599228087 97.896422047466757022 102.11671561397955088 101.62357857675154094 106.32328763494548696 107.44544600271508727 103.54502111108415363 104.71823550408279857 105.17761668523820617 93.522085815993719393 79.400358151858938527 95.990955944163872005 74.363869949441053109 16.085938005938892559 24.869979885259098751 40.994644926448664535 69.523553426082713713 72.70112792890463993 87.530341401208929142 120.79526423367038035 99.801956675187511792 115.49269216463402188 144.45068088257056615 85.970800218680722082 14.804559502190972609 nan nan nan nan nan nan nan nan nan nan nan nan nan nan nan nan nan nan nan nan nan nan nan nan nan nan nan nan nan nan nan nan nan nan nan nan nan
65.271284781645761086 70.362749487905972501 81.382657389304128515 89.74897791636682598 93.724441346269088626 99.972657131133004782 108.3611450025398284 104.64236423896571182 107.96101784645090049 114.33647171934255482 105.14559457112383711 83.607731411166440694 95.407149140305179458 98.746859678713121866 51.309988065631607412 23.435230965786505664 41.425379177333304881 75.497302608083728614 66.855394116659084602 72.43110548713913488 142.66687849507587771 162.71460668202351485 121.94851830260395786 142.20477687544976675 144.22494944596883215 50.146672432473124559 nan nan nan nan nan nan nan nan nan nan nan nan nan nan nan nan nan nan nan nan nan nan nan nan nan nan nan nan nan nan nan nan nan nan nan nan nan
56.523398147877301767 58.595381289199814034 70.049438470975331938 81.822517654487043615 82.357038134091226311 86.163908942921310086 104.26048112429963055 109.00563108004004675 109.22419395311911217 117.5221802813043297 113.98413278779898405 89.898095820840822512 86.528359016591792852 94.880954816659979656 89.612135461360935551 60.883281450579303851 33.775002296937977064 90.474482443206085236 85.210649571321994244 64.314062052379412648 104.51224122470266309 156.92013214845545122 153.71993701338129767 132.42783435380414403 125.45219093868908544 94.105512562226550699 15.649285525383453077 nan nan nan nan nan nan nan nan nan nan nan nan nan nan nan nan nan nan nan nan nan nan nan nan nan nan nan nan nan nan nan nan nan nan nan nan
44.699100347922680498 49.817235115733382145 68.57973710909350018 77.447522453981463286 76.579634234054012154 72.830734171712023794 83.796094051763432731 105.7330528863119099 116.03735553729991636 118.3192137554936636 110.70453461308292731 80.442936888692202047 75.39859078121853031 94.505804978836593477 89.733728713661662368 89.813000911376832391 68.466392066678665174 102.20392358299739044 120.52835318415355914 94.801485975922162197 91.842707555034024836 111.92550840474341101 124.69038954912474537 104.89353128377386781 82.075793171779992008 59.873304629601264537 16.504854328653195239 nan nan nan nan nan nan nan nan nan nan nan nan nan nan nan nan nan nan nan nan nan nan nan nan nan nan nan nan nan nan nan nan nan nan nan nan
47.676256210786711165 54.416556588370966097 68.426394738718954613 74.863584803675593093 76.803199179390261975 81.987591879645023596 83.470664748240977815 89.970488121541336568 107.51613089924235567 111.57919284683752892 105.62172534791110934 77.487500150223198148 34.061257233816562007 62.892311580465204202 78.320122755603961195 69.459163919228856798 63.074141866749435792 77.914953238839729011 112.38690331786666832 113.8510613837606229 114.16651695660060284 90.431405183504793399 95.782779412512269346 87.516085397515382738 67.844041818580322456 55.410693782040148392 nan nan nan nan nan nan nan nan nan nan nan nan nan nan nan nan nan nan nan nan nan nan nan nan nan nan nan nan nan nan nan nan nan nan nan nan nan
34.292212711067399766 55.380405309190841479 67.304833756747342477 74.705230312394178327 69.76614568604843214 81.450078440515284228 86.473307155433417392 75.720009824696305145 84.543393541015475989 103.91948245710523224 103.71887771927133315 84.163253134490176421 34.277287489298807088 59.409010935914658091 89.638444262947345464 79.866516286250416101 67.633179692340547717 65.380782454710896445 93.029331013724444688 123.05150759827851914 141.29877764269116369 127.55098425252941752 103.62041418567957862 74.440827141723261207 71.929691493951253278 76.135233384002262369 nan nan nan nan nan nan nan nan nan nan nan nan nan nan nan nan nan nan nan nan nan nan nan nan nan nan nan nan nan nan nan nan nan nan nan nan nan
9.5986454093815023469 36.643235470609816673 66.203794464680129295 83.690604630832737598 70.6197894988297179 66.455747797000938704 85.763659597619522401 84.71149553543854438 79.659439554262363004 102.98692504257397218 109.56384443866885192 96.830326066239905458 32.645186785394535889 17.607991457579046823 42.863296784276201379 61.567315767961197537 77.948286129105696318 97.703102770258311693 131.16960287714763922 139.2740248769648872 158.04844225594698059 148.13530979150712596 123.493228600833163 114.09319297727908804 124.368072869897901 87.850946655016784348 nan nan nan nan nan nan nan nan nan nan nan nan nan nan nan nan nan nan nan nan nan nan nan nan nan nan nan nan nan nan nan nan nan nan nan nan nan
25.49164895794130814 15.987396518325262207 36.733607907840571727 68.078055864093528271 74.239159305062159433 59.1131359244086525 73.634111993358956738 91.194472975680483273 82.868221209372606495 75.70848472841166199 110.26507014826454167 122.40583403983566768 89.504348633020967441 32.246968131578583439 47.113885335075913474 67.35898986236460928 65.777690975014280639 76.877827539442094462 121.20359831411056462 141.12508330094124176 144.26077093170431453 116.30719392159514314 115.19150117392551635 129.23629258036339706 147.15017362334700124 nan nan nan nan nan nan nan nan nan nan nan nan nan nan nan nan nan nan nan nan nan nan nan nan nan nan nan nan nan nan nan nan nan nan nan nan nan nan
40.038993543140584563 24.993129545142355852 19.841486478223743006 42.470848527624831092 59.979834406212887643 52.348645866405966842 54.947621453777216516 79.089827675382608163 94.748961946750171137 89.060173540829978833 116.98721820572407637 130.85739143945207275 132.48757946972173727 68.358822533375587227 55.133201620721187908 75.813965839158441895 71.01955812106866972 80.932421566842947414 129.86699812543429289 138.79447197390095425 122.01859416693450555 127.6107117199690606 150.12398339016843352 140.39035208031395996 129.37081389985218038 nan nan nan nan nan nan nan nan nan nan nan nan nan nan nan nan nan nan nan nan nan nan nan nan nan nan nan nan nan nan nan nan nan nan nan nan nan nan
5.3880423768691905195 29.085388626435431547 44.066810580871461411 42.509597315583256716 64.42969493582873497 82.856170699020324832 74.609950557051377018 72.177053482127504935 101.17348911983580706 97.759503512012912552 119.88294465097882835 123.71824934005272212 133.15699100934622834 96.430823863260101803 50.882976435995963982 55.907873463984159912 56.107455325031928339 67.349135543527864911 111.52293562135126592 128.7679706650475282 137.80784164089897104 162.44160679839373529 182.53892966825043231 165.8308198275007328 146.73824774387841785 nan nan nan nan nan nan nan nan nan nan nan nan nan nan nan nan nan nan nan nan nan nan nan nan nan nan nan nan nan nan nan nan nan nan nan nan nan nan
39.44454945062603457 31.772270645351678553 65.33412989009612204 90.128667263604697268 74.402446994013374137 94.815248963132177096 93.527487983826944173 89.823541402751104101 103.19174839980929903 98.979675684542314684 116.31608953041644838 123.63058338629585364 127.07046233705486316 123.56867745015097171 77.129071857404426282 64.726979854502587841 56.819994318325313998 55.957505246200639704 94.567965290881957685 142.57052087174358235 167.94241314782448171 170.6999531792207847 187.35185249597071788 179.77876039942580633 140.15051835489359178 124.01174372604087637 nan nan nan nan nan nan nan nan nan nan nan nan nan nan nan nan nan nan nan nan nan nan nan nan nan nan nan nan nan nan nan nan nan nan nan nan nan
55.527983197091074885 44.175910317873068323 40.812119869683094464 69.095369123716906756 85.946493208071359504 98.000123268850600766 105.61476147476867027 107.00102655713693878 111.11380840411399618 113.83816695726433466 127.05555971719860509 142.23846267850663594 121.92699891168959425 115.33824463325746024 107.06806453826693826 84.273526063328020541 68.491470321472590399 57.790167778566271295 87.889739518345805891 137.49726751997474139 167.84840805695995414 169.53582347782597139 188.80235731926887865 191.40905589581234381 162.20616378770742472 146.55374350877195866 145.9985277157446717 nan nan nan nan nan nan nan nan nan nan nan nan nan nan nan nan nan nan nan nan nan nan nan nan nan nan nan nan nan nan nan nan nan nan nan nan
