results/rofental/snowmelt_month_2020-04-01T0000_2020-04-30T2300.asc
ncols        322
nrows        225
xllcorner    622802.488000000012
yllcorner    5178049.378999999724
cellsize     100.000000000000
[rows 112 to 139 of 225, columns 189 to 251 of 322]
238.92591257679058003 217.99760002076030219 238.96805763397262012 247.97488545432409524 342.96998997624200456 293.32421654121515076 256.49997350269143226 288.81768243533082341 267.38472429729802116 264.08090185915989423 228.9753362963026575 152.25298663524364429 127.72919930834393654 116.38272723101992767 112.78760791236612704 203.90099458087863127 301.87098687934377494 264.74720343079957274 172.58432884013765829 115.6225622327480238 102.96787474056432643 178.60909394639926973 220.05851846164341623 162.80753325737421733 135.91191872338731628 82.096358761074583299 128.86112518143559669 nan nan nan nan nan nan nan nan nan nan nan nan nan nan nan nan nan nan nan nan nan nan nan nan nan nan nan nan nan nan nan nan nan nan nan nan
241.16050907233253042 240.1276333477901801 276.51501068281163498 347.41553725524704532 344.86323845980928127 318.88577155763175597 219.57375506489296413 218.02023171040633542 183.83186944220290115 172.98031970932464674 199.80770256587692302 183.61774867290898783 170.85459205326776555 148.25224337565364863 123.44293656847496266 188.73952655170771209 301.50642432092610079 315.36041892591993019 219.67479060179405792 144.18647267242579346 199.78532665649061073 193.75334391002374446 155.61605671546649887 147.37431146494031964 121.92003193326701194 nan nan nan nan nan nan nan nan nan nan nan nan nan nan nan nan nan nan nan nan nan nan nan nan nan nan nan nan nan nan nan nan nan nan nan nan nan nan
228.3116207464140075 254.23204229266164589 342.69207029101039552 323.72800336181495595 310.91206655520790036 246.01261454892713232 215.42849059798263056 219.48814038659980952 230.15982667163152087 191.39687962932507048 171.45614304731000743 172.96324004756473869 199.20510226873122406 213.02602849943312435 168.04335871521260515 188.87125127361090904 285.235927695383225 324.67189805909612232 282.12553516834856282 186.04785640062374341 202.31311829938991309 236.78859621262199653 208.07142639231778958 169.38769487406108283 105.14462392997226914 nan nan nan nan nan nan nan nan nan nan nan nan nan nan nan nan nan nan nan nan nan nan nan nan nan nan nan nan nan nan nan nan nan nan nan nan nan nan
268.66848791854806677 330.35296649940090674 347.97980438365891587 332.11579918109612208 307.98550731365588717 237.01414355264299161 269.00447840311755954 310.14356356127450454 285.78300914706295544 255.80774228301081052 212.0515322605611459 164.97381888459662491 153.3674103079922304 150.23455983078792997 170.25581003776466105 189.46696118908212725 206.29788804611527553 303.82441364570814812 300.0849832186698336 188.93798764893145403 97.194657919339647378 133.1034385536134721 189.19188044075491462 211.09402763272908032 101.02782153640040974 nan nan nan nan nan nan nan nan nan nan nan nan nan nan nan nan nan nan nan nan nan nan nan nan nan nan nan nan nan nan nan nan nan nan nan nan nan nan
240.25794571275602607 313.02493787819560112 300.41522057941745061 246.15101218064145883 187.66947736897267873 189.91468052939262634 170.95572378437341854 175.34089012573309674 269.59775465792097293 333.6664436476214064 303.18181811885506249 142.9111109631683405 114.52829504705330521 129.5767553951071136 154.30490782717973275 180.3653877845061686 179.08771151674275757 224.83429966435085134 231.13050639233583183 132.54681783399277606 33.326789734070601412 58.453323048102944881 81.432572554230873152 151.10042864420580599 123.59934930466155834 nan nan nan nan nan nan nan nan nan nan nan nan nan nan nan nan nan nan nan nan nan nan nan nan nan nan nan nan nan nan nan nan nan nan nan nan nan nan
221.3142374961174994 214.19058466665134688 254.33655289539504452 147.1621983986588873 146.90701282605297706 161.92626767760782514 136.79603178899841964 119.68564261571762586 107.01890257076628643 118.84610013030429343 185.37207910516301013 188.64900462994140184 117.57742456710869305 111.18214098507542076 92.907524143943305717 113.32716839460188396 145.91186618346691262 199.72891619101790184 229.72204199327470064 169.83961274848954304 9.0623598217338710015 7.2007709762730671699 41.176380773885135511 67.744656206544249244 nan nan nan nan nan nan nan nan nan nan nan nan nan nan nan nan nan nan nan nan nan nan nan nan nan nan nan nan nan nan nan nan nan nan nan nan nan nan nan
194.88114083312697744 157.26625678543382492 160.76862496181735196 148.40603582702323138 139.24426713594047555 146.59348387281653459 144.47594157761434985 129.83831391403217026 111.91119665050941023 111.9969606017460535 85.188692652649393722 160.49882544021181729 164.12537377613998046 129.86889772837272972 113.90515419055645907 123.68181541164055659 157.22900044025939792 170.91253138044368143 182.31194327411697031 200.2479088618771641 76.713690273219214077 4.3728137590182951655 22.935410418161826129 nan nan nan nan nan nan nan nan nan nan nan nan nan nan nan nan nan nan nan nan nan nan nan nan nan nan nan nan nan nan nan nan nan nan nan nan nan nan nan nan
183.46747869293071176 140.73073885134621719 128.31236534485634593 128.52663875254674508 137.22899263800471203 144.45349993484080642 125.57338992292338276 124.69942523917066524 130.66049639201978039 129.63823925869132836 150.42634222558066881 182.28582995594484828 183.08545927564463796 157.94645152284221012 158.12005163422347209 147.73114149967946673 172.85489478100987526 181.67016296208234394 156.17029629010878011 125.781882985910201 108.36649145883974654 21.521492138993806975 nan nan nan nan nan nan nan nan nan nan nan nan nan nan nan nan nan nan nan nan nan nan nan nan nan nan nan nan nan nan nan nan nan nan nan nan nan nan nan nan nan
164.02427015250535192 140.95630290478393931 112.67486387342287912 110.03268514521043642 125.25805716733867712 131.63809721672893716 136.75571333615255298 113.86503742976900355 88.17031143978525165 115.60178445170528505 154.1551242043622949 185.24074428356794897 183.84876140360935892 138.19417155365778171 130.5945182877773334 111.70981580155427082 131.48158318397670996 110.2906203156063043 127.0584132230741119 169.58993860419491284 120.13717723281079941 33.529496530624918194 nan nan nan nan nan nan nan nan nan nan nan nan nan nan nan nan nan nan nan nan nan nan nan nan nan nan nan nan nan nan nan nan nan nan nan nan nan nan nan nan nan
163.56392374842806703 144.04556911005167308 120.07691360897358379 109.18311412715749498 112.34514629890318815 126.76997757602455863 123.1007752278032541 116.94415423919406294 62.021026548136696022 150.59445910945777314 155.0020535721400563 185.74983154523161488 212.7374623582856259 157.43914925578798147 120.72622158213216892 98.753493917959730197 154.31175707202490344 159.70938696431144876 109.2265040262877136 134.80081287252647826 130.75959211948688221 24.319862098738042278 nan nan nan nan nan nan nan nan nan nan nan nan nan nan nan nan nan nan nan nan nan nan nan nan nan nan nan nan nan nan nan nan nan nan nan nan nan nan nan nan nan
223.62496847461866878 203.0483278969047376 188.030662796265716 143.45095479535777372 127.08664311870897734 120.3753540653493701 87.763469688740386232 93.000131700791428102 79.271375363227619459 154.28649173673017003 143.05103750352881775 163.05296909716034293 161.72209099496501494 136.01204932047392049 147.884093907435755 143.11475270127905901 177.59823854587068581 191.82717636542216155 153.62783062443193671 160.03919376271176134 166.46649408732366737 85.697945019981759174 nan nan nan nan nan nan nan nan nan nan nan nan nan nan nan nan nan nan nan nan nan nan nan nan nan nan nan nan nan nan nan nan nan nan nan nan nan nan nan nan nan
236.54268726997383965 244.08505454313791461 223.36493784199493007 163.59023549434894562 142.12232669565207743 129.29247652104328381 99.405831873245773522 105.99797819903581342 122.12338619976752341 132.52427061845199319 98.408273620369442369 84.121656200082810528 94.441447762329119087 110.98302818049987195 126.87374353866434262 142.11706285263099403 167.11161033219681826 264.519196617295961 304.58925029862393785 283.21794245849514482 268.92424000507651272 176.38378118962558005 nan nan nan nan nan nan nan nan nan nan nan nan nan nan nan nan nan nan nan nan nan nan nan nan nan nan nan nan nan nan nan nan nan nan nan nan nan nan nan nan nan
224.9976627268670768 212.48785489139009997 197.96924687049872205 177.73648031692346194 142.9510579359497342 106.97683354767784181 63.78463935412760577 66.554005519300915239 118.01257503186437248 143.66056742679444369 150.34757505646993536 146.00619361079117198 147.70481653938944078 139.67963642568628302 146.09940848718051143 188.91305383757315894 186.69286467484513992 210.05299601393124931 280.44540688030951969 275.12423713048224272 241.27107166829637208 172.63564945527136274 nan nan nan nan nan nan nan nan nan nan nan nan nan nan nan nan nan nan nan nan nan nan nan nan nan nan nan nan nan nan nan nan nan nan nan nan nan nan nan nan nan
226.7270410951643953 201.63603241534315202 186.46099783017425011 173.132744691629199 158.85937908083317893 138.76933413948779616 134.49708636561487651 114.53345745601521344 72.446807898898128997 83.288609370090838979 95.701469098419536863 113.57571596167834116 129.89233133369859274 136.91114138549914969 144.60992019812383091 161.47796950556113416 171.45310598480949693 165.78266514138903176 210.46117526791280739 234.64960374567985468 199.0635846406374867 156.37776167868634047 nan nan nan nan nan nan nan nan nan nan nan nan nan nan nan nan nan nan nan nan nan nan nan nan nan nan nan nan nan nan nan nan nan nan nan nan nan nan nan nan nan
247.34741619162375059 207.45975030489563551 179.60101855269979865 165.7817495104460761 169.94309865478729193 158.93314639990677506 70.65094370169762783 85.082645203068608453 74.540484511121860578 72.49791619442109436 95.869658543015347618 122.50391799737084852 138.30496752972538843 139.47456841335025501 136.88860497971734276 111.58348353100531369 55.62985249849411673 95.808865418967087635 115.36146321796199743 217.38699497676981309 257.82253991716123664 nan nan nan nan nan nan nan nan nan nan nan nan nan nan nan nan nan nan nan nan nan nan nan nan nan nan nan nan nan nan nan nan nan nan nan nan nan nan nan nan nan nan
247.81407742366758384 226.75223849802364384 213.85467703616654944 185.08494876277569574 189.94489943008574073 186.84921577808628967 66.438424467612236413 39.679241543909739676 77.097789200118853614 83.686406713565972382 101.51333304572688121 130.29929445539977451 146.96355258430483559 142.64393500275591009 142.24097075554655589 145.47465033840043702 69.11243185537787781 64.71604715952405229 103.20338951644147585 147.4487718329631889 142.30207397446505979 nan nan nan nan nan nan nan nan nan nan nan nan nan nan nan nan nan nan nan nan nan nan nan nan nan nan nan nan nan nan nan nan nan nan nan nan nan nan nan nan nan nan
174.69932080148768705 211.81503950256907842 198.20061691866186493 160.50886602686682636 110.57408603987434503 116.24675953999496869 88.305269111486538236 109.28337697998773592 107.75183828875816516 115.2715198113206867 122.93790464982649269 136.23546572782470321 142.85239418460506045 142.38378862763551069 162.96052287746545062 183.53248661316951029 131.74193980633785372 46.66674968197850859 75.763321766936670087 115.49478633247545645 142.68648333866138955 nan nan nan nan nan nan nan nan nan nan nan nan nan nan nan nan nan nan nan nan nan nan nan nan nan nan nan nan nan nan nan nan nan nan nan nan nan nan nan nan nan nan
179.6212661007030249 177.58814102204343044 201.08803488555699346 217.95568389595231906 195.36778110652599594 174.06057986751676481 90.528291763950349491 79.551895205556832025 116.09723692042364007 139.30599033658640451 140.13326053681171857 148.37149128181178526 148.04451206185487422 145.41695282752777985 147.38240049031276158 175.14916555599424441 177.89476112631575688 53.781276250566200758 21.325141091936774984 nan nan nan nan nan nan nan nan nan nan nan nan nan nan nan nan nan nan nan nan nan nan nan nan nan nan nan nan nan nan nan nan nan nan nan nan nan nan nan nan nan nan nan nan
194.75608593956110326 208.14566696512710564 195.75481495246452823 194.77019276338586451 221.89796550457313629 232.53108582391794812 162.30896949020109332 69.012798680981418897 91.711876732154379965 113.51113241281501587 108.74190203375806618 122.18183425980129186 132.89612259384591653 115.07288254426467233 91.38040173007119904 131.43249945780783605 164.99180823620488923 131.8513841459374305 nan nan nan nan nan nan nan nan nan nan nan nan nan nan nan nan nan nan nan nan nan nan nan nan nan nan nan nan nan nan nan nan nan nan nan nan nan nan nan nan nan nan nan nan nan
255.52660063017546577 220.62591251133841297 227.90361995411964813 268.3728597242941305 299.32254650430019183 291.76417023442331811 224.84573349568100298 66.560975116897708403 53.405842028560904566 67.768030270387527025 83.218240627653273123 65.14299149609377082 21.455311627497504645 7.355130898835518849 39.79091113675659841 107.53101519743208314 150.56202992472361757 nan nan nan nan nan nan nan nan nan nan nan nan nan nan nan nan nan nan nan nan nan nan nan nan nan nan nan nan nan nan nan nan nan nan nan nan nan nan nan nan nan nan nan nan nan nan
154.47084006450234028 185.59232622668935164 222.7735526148518943 242.17951537125159689 248.54539850079567032 230.77114768776030473 215.39560401652812516 115.21869142659093654 45.467196736186480166 35.924803310431116188 28.086939759088529911 43.143797950538726127 nan nan nan 125.35386673013033487 nan nan nan nan nan nan nan nan nan nan nan nan nan nan nan nan nan nan nan nan nan nan nan nan nan nan nan nan nan nan nan nan nan nan nan nan nan nan nan nan nan nan nan nan nan nan nan
171.35263428211388259 203.79370078370439501 228.46208698555543037 217.50064882209659345 184.41195759246255648 178.22875492014966881 177.47049927392075119 98.318644126248017301 29.780311799268663009 nan nan nan nan nan nan nan nan nan nan nan nan nan nan nan nan nan nan nan nan nan nan nan nan nan nan nan nan nan nan nan nan nan nan nan nan nan nan nan nan nan nan nan nan nan nan nan nan nan nan nan nan nan nan
233.67296978999371504 203.28611863507680368 200.6285659784172708 192.77480526324549714 165.26152541823751108 150.20507984535194623 150.92501963730677517 147.2935297871381124 nan nan nan nan nan nan nan nan nan nan nan nan nan nan nan nan nan nan nan nan nan nan nan nan nan nan nan nan nan nan nan nan nan nan nan nan nan nan nan nan nan nan nan nan nan nan nan nan nan nan nan nan nan nan nan
210.87125081501062596 209.19865451605326712 181.20647255453854996 169.24993297061612907 151.03252171448144736 143.27076669654721286 156.13902670942727013 153.06911261397297608 nan nan nan nan nan nan nan nan nan nan nan nan nan nan nan nan nan nan nan nan nan nan nan nan nan nan nan nan nan nan nan nan nan nan nan nan nan nan nan nan nan nan nan nan nan nan nan nan nan nan nan nan nan nan nan
201.30552024174457415 229.84125620613099272 244.54099687574264976 269.35774579523172179 282.09249047686506628 271.31972361863995502 246.11642796316036197 126.50770450738650652 nan nan nan nan nan nan nan nan nan nan nan nan nan nan nan nan nan nan nan nan nan nan nan nan nan nan nan nan nan nan nan nan nan nan nan nan nan nan nan nan nan nan nan nan nan nan nan nan nan nan nan nan nan nan nan
186.95194649570993306 203.89287207511793554 238.86683615588384555 269.87923338980863264 278.35227637346235952 251.55700517161059793 209.4912771688201758 157.25158879332229844 28.581298462534341809 nan nan nan nan nan nan nan nan nan nan nan nan nan nan nan nan nan nan nan nan nan nan nan nan nan nan nan nan nan nan nan nan nan nan nan nan nan nan nan nan nan nan nan nan nan nan nan nan nan nan nan nan nan nan
172.40602861683598235 170.00993037373518746 158.32454194758685162 197.54004494754622101 257.45032213986763736 263.4764601086956759 258.19238043171986874 245.91256643032639317 116.9638887859019718 nan nan nan nan nan nan nan nan nan nan nan nan nan nan nan nan nan nan nan nan nan nan nan nan nan nan nan nan nan nan nan nan nan nan nan nan nan nan nan nan nan nan nan nan nan nan nan nan nan nan nan nan nan nan
162.75724452094684125 166.64542580451421827 164.32859091311550515 170.47446517711654224 212.85710630952291922 225.3052945899043209 204.08744647970615915 184.95520600042058845 63.740875852416976954 nan nan nan nan nan nan nan nan nan nan nan nan nan nan nan nan nan nan nan nan nan nan nan nan nan nan nan nan nan nan nan nan nan nan nan nan nan nan nan nan nan nan nan nan nan nan nan nan nan nan nan nan nan nan
