results/rofental/snowdepth_month_2019-11-01T0000_2019-11-30T2300.asc
ncols        322
nrows        225
xllcorner    622802.488000000012
yllcorner    5178049.378999999724
cellsize     100.000000000000
[rows 135 to 161 of 225, columns 62 to 123 of 322]
nan nan nan nan nan nan nan nan nan nan nan nan nan nan nan nan nan nan nan nan nan nan nan nan nan nan nan nan nan nan nan nan nan nan nan nan nan nan nan nan nan nan nan nan nan nan nan nan nan nan nan nan nan nan nan nan 1.0440310808251067609 0.96333235416053364375 0.76758811786241831765 0.72947520010183597439 0.7140184057614171742 0.70471315822575331111
nan nan nan nan nan nan nan nan nan nan nan nan nan nan nan nan nan nan nan nan nan nan nan nan nan nan nan nan nan nan nan nan nan nan nan nan nan nan nan nan nan nan nan nan nan nan nan nan nan nan nan nan nan nan nan 0.82406234273251399713 0.78040444245847107041 0.77487449387178908289 0.74501208181788747265 0.73340783215748794888 0.7261434682791930717 0.71642999663243511765
nan nan nan nan nan nan nan nan nan nan nan nan nan nan nan nan nan nan nan nan nan nan nan nan nan nan nan nan nan nan nan nan nan nan nan nan nan nan nan nan nan nan nan nan nan nan nan nan nan nan nan nan nan nan nan 0.80801900070577825641 0.76680623027628969091 0.76827615361671530714 0.76054381977127916148 0.74363703000628833539 0.72782434748658642043 0.71490151030453419345
nan nan nan nan nan nan nan nan nan nan nan nan nan nan nan nan nan nan nan nan nan nan nan nan nan nan nan nan nan nan nan nan nan nan nan nan nan nan nan nan nan nan nan nan nan nan nan nan nan nan nan nan nan nan 0.87388754835893700523 0.77494552916210002191 0.75262325717946998438 0.75156050082615910579 0.74330341056881210626 0.73749762668736751348 0.73335975672388653557 0.72631754715631646757
nan nan nan nan nan nan nan nan nan nan nan nan nan nan nan nan nan nan nan nan nan nan nan nan nan nan nan nan nan nan nan nan nan nan nan nan nan nan nan nan nan nan nan nan nan nan nan nan nan nan nan nan nan 0.88417898019813101484 0.86212979440327552894 0.79315139152014846324 0.74857898641500986159 0.73997329277687040605 0.72286777085772602192 0.71359728851714709918 0.70924364516138138637 0.69863935831630508133
nan nan nan nan nan nan nan nan nan nan nan nan nan nan nan nan nan nan nan nan nan nan nan nan nan nan nan nan nan nan nan nan nan nan nan nan nan nan nan nan nan nan nan nan nan nan nan nan nan nan nan nan 1.0045583855049775579 0.96319111788789502082 0.85205468823371099951 0.76578126374137045485 0.74154513471097671662 0.72482927135232066984 0.70890173678683232605 0.70251798043818891593 0.69790816924950760392 0.68647350449903188352
nan nan nan nan nan nan nan nan nan nan nan nan nan nan nan nan nan nan nan nan nan nan nan nan nan nan nan nan nan nan nan nan nan nan nan nan nan nan nan nan nan nan nan nan nan nan nan nan nan nan nan 0.97091524284023200675 0.89439176703489220444 0.89699273125523559802 0.80207670939465125493 0.74725056785807997262 0.73879321854518997803 0.72360652570567540742 0.71197048710788790604 0.7052284760632059335 0.6982745520855548893 0.68888545465958206382
nan nan nan nan nan nan nan nan nan nan nan nan nan nan nan nan nan nan nan nan nan nan nan nan nan nan nan nan nan nan nan nan nan nan nan nan nan nan nan nan nan nan nan nan nan nan nan nan nan nan 0.82434275412120205928 0.76083970290318581053 0.74778062444432780165 0.74032406860256716463 0.79449920294656528608 0.7984401000487739708 0.73442255330001682267 0.71711432914007811057 0.69952833875651054818 0.68803820880777877278 0.67786273338521541021 0.66747053853553039993
nan nan nan nan nan nan nan nan nan nan nan nan nan nan nan nan nan nan nan nan nan nan nan nan nan nan nan nan nan nan nan nan nan nan nan nan nan nan nan nan nan nan nan nan nan nan nan nan nan 0.77915803013294870905 0.76071567881406221279 0.7257341440926962095 0.70769018266594985178 0.69593613826726452576 0.70143701010771608573 0.74199559591501340616 0.82576581429342554852 0.71290481985955167499 0.69155576693859432957 0.67683468969838089802 0.66556390101785189994 0.65289196706281449334
nan nan nan nan nan nan nan nan nan nan nan nan nan nan nan nan nan nan nan nan nan nan nan nan nan nan nan nan nan nan nan nan nan nan nan nan nan nan nan nan nan nan nan nan nan nan 0.94246198484739285295 0.79999424773725291704 0.74655996453801165558 0.74195285190121562646 0.73613732819935784324 0.71380974639067529264 0.69684236730981319319 0.68313809400880176614 0.66915200954086329066 0.68345208898733711411 0.71230935553999130683 0.71967611825314448115 0.70328626568168284283 0.68337780046916840604 0.66809190523602979273 0.65664338737596039675
nan nan nan nan nan nan nan nan nan nan nan nan nan nan nan nan nan nan nan nan nan nan nan nan nan nan nan nan nan nan nan nan nan nan nan nan nan nan nan nan nan nan nan nan nan 0.73848884128822522843 0.73989192744249421274 0.74516952504351496867 0.7188815803754389222 0.70846039212595590673 0.7198204048556122725 0.71595431962992461816 0.69872323008162362523 0.67806777592426037415 0.66092778135350871427 0.64467870962286744074 0.65293730624583690147 0.67654077423965430782 0.6902547235480204213 0.69282658791386975139 0.68649262379101794185 0.6716812394098864436
nan nan nan nan nan nan nan nan nan nan nan nan nan nan nan nan nan nan nan nan nan nan nan nan nan nan nan nan nan nan nan nan nan nan nan nan nan nan nan nan nan nan nan nan nan 0.71378247417356266435 0.71239503461868924905 0.70816546415147663129 0.70885614888599368655 0.68828431651699872873 0.68329224382244724278 0.6788429027854882003 0.67968868586078701188 0.66921848792337257361 0.66036212270915872757 0.64474084498959483014 0.61821647587927863743 0.61981372795965983258 0.63386695567413142705 0.63657090305308938749 0.63789348674931811711 0.6411422029005747758
nan nan nan nan nan nan nan nan nan nan nan nan nan nan nan nan nan nan nan nan nan nan nan nan nan nan nan nan nan nan nan nan nan nan nan nan nan nan nan nan nan nan nan nan nan 0.7326306282792696134 0.71903792521806220162 0.70669964199785595405 0.69753464386502772587 0.69238098127672731419 0.68854663618161160432 0.68253051844544876392 0.67809180250140332902 0.66996569458282084764 0.66024139072226184499 0.65333019540874426312 0.63912307267130008537 0.61998797641045222395 0.60082704480079984766 0.59559063926967859004 0.60534485715251939997 0.59680902420062176272
nan nan nan nan nan nan nan nan nan nan nan nan nan nan nan nan nan nan nan nan nan nan nan nan nan nan nan nan nan nan nan nan nan nan nan nan nan nan nan nan nan nan nan nan 0.95076456816495857893 0.82556976322399999724 0.72135760034281892761 0.70991303436286823381 0.705535622211937552 0.69979354119397108036 0.69340824804281375737 0.68820812032778222456 0.68319773992332399892 0.67626941322423916869 0.66738578021777572591 0.65822350939182538987 0.64716733662700098861 0.63705746909505256426 0.6240635025948023662 0.60371994190829370019 0.57735606548656293047 0.5420241542487105324
nan nan nan nan nan nan nan nan nan nan nan nan nan nan nan nan nan nan nan nan nan nan nan nan nan nan nan nan nan nan nan nan nan nan nan nan nan nan nan nan nan nan nan nan 0.97433943029602620989 0.90419247867969843035 0.75144442192561933247 0.71296000272249926422 0.70665737439549713983 0.70109681482232211192 0.69526966763281272677 0.69063693623279198697 0.68406631278873808455 0.6744416173591784025 0.66427196826212830949 0.65528079016068230267 0.64526977818511244145 0.63490903653833608011 0.62346730640327052697 0.61280012766192981655 0.59572783555663877397 0.57658871491454743996
nan nan nan nan nan nan nan nan nan nan nan nan nan nan nan nan nan nan nan nan nan nan nan nan nan nan nan nan nan nan nan nan nan nan nan nan nan nan nan nan nan nan nan 1.0074131867371503013 0.93121713299828945409 0.84097444047487313057 0.82555739640221958986 0.77090610165280804011 0.71932828397426196165 0.70776196446808925522 0.70280839933777061734 0.70038016040927075778 0.69226866533418796035 0.68340563021866151949 0.67196109648478508092 0.65876157967184656439 0.64327460998636853962 0.62519822766980803763 0.60129675508186963828 0.57591168688636762418 0.55379480510486278622 0.53760667881774648613
nan nan nan nan nan nan nan nan nan nan nan nan nan nan nan nan nan nan nan nan nan nan nan nan nan nan nan nan nan nan nan nan nan nan nan nan nan nan nan nan nan nan 1.015492305655944838 0.99025460443872681537 0.93768251181228323698 0.93854938186400960198 0.91179461310886045222 0.88238406954615000721 0.86876810513573354822 0.85213065674694776774 0.81216875647703390406 0.79364597597979269494 0.79626515567174105392 0.76511396203590176235 0.70436817982637001112 0.67094152243117621826 0.64836187799017552802 0.62550691865608831765 0.60931842883517328691 0.58725729124722525487 0.55602410311325189962 0.53364623278779543813
nan nan nan nan nan nan nan nan nan nan nan nan nan nan nan nan nan nan nan nan nan nan nan nan nan nan nan nan nan nan nan nan nan nan nan nan nan nan nan nan nan nan nan 0.97713438879591496544 0.95255960476519785374 0.93952503231766038017 0.9161386437499546842 0.89237840152465419674 0.89617503202354997782 0.91106882155896007358 0.91558275720531390185 0.91719046723224506579 0.87571121769599657991 0.84820686536691880519 0.8116791685992629235 0.76074091737273519254 0.66772460686818302378 0.63867041329433982266 0.61340087340971816143 0.59006451735257725577 0.56015759712239310275 0.52987661444534062127
nan nan nan nan nan nan nan nan nan nan nan nan nan nan nan nan nan nan nan nan nan nan nan nan nan nan nan nan nan nan nan nan nan nan nan nan nan nan nan nan nan nan 1.0572538226511352111 1.0109693882831907175 0.99767622129307809153 0.98246171204574872515 0.96195961405724483839 0.93999177912193121465 0.94580429910419605566 0.96138552062393423103 0.96980587178201727028 0.97617391691893540262 0.96814916957458074798 0.95828386619127414736 0.90551743328393219379 0.77893387081690024232 0.67257929733006383 0.64150149895700914193 0.61331143416230748944 0.58537132584620676923 0.55861360924501923808 0.5407637287859885511
nan nan nan nan nan nan nan nan nan nan nan nan nan nan nan nan nan nan nan nan nan nan nan nan nan nan nan nan nan nan nan nan nan nan nan nan nan nan nan nan nan nan 1.0901701695892485056 1.0568795883787382994 1.0194545429458976571 0.99877038709669174743 0.98887557193999120475 0.97829631284366080912 0.98212889579294637699 1.0003101284332216458 0.91685297887448224952 0.71449601651836813776 0.69371015965083759891 0.69774239691532513596 0.68959067453141154047 0.67227551831656207071 0.65451762174657357463 0.63016264735516713813 0.60045562215316650168 0.57247408872333693797 0.54821294081621319005 0.54613770178082732265
nan nan nan nan nan nan nan nan nan nan nan nan nan nan nan nan nan nan nan nan nan nan nan nan nan nan nan nan nan nan nan nan nan nan nan nan nan nan nan nan nan nan 1.1061450209562195823 1.0912949177978235049 1.0686635697447073312 1.0215792539695245367 0.98516697326764413045 0.99113152837378459825 0.96734903142380224139 0.78694971080360809346 0.71869716370886926882 0.68673293892277531558 0.67437160872672319289 0.67281984608937595027 0.675824052033980327 0.66162034109667910986 0.63748744016828751136 0.61542991526103785205 0.5905204981484344362 0.56324361491141405889 0.55041189148274505261 0.54937547064037317579
nan nan nan nan nan nan nan nan nan nan nan nan nan nan nan nan nan nan nan nan nan nan nan nan nan nan nan nan nan nan nan nan nan nan nan nan nan nan nan nan nan nan 1.0716133995931180767 1.0727849050847397816 1.0439444652618039555 1.023393415957382091 1.0011184751180242092 0.83839486055132661502 0.73453138145522622882 0.71799554618552141605 0.69853167893063072835 0.67674231998228329132 0.66090026770616305818 0.64596789062802562054 0.64517199980296902062 0.64170652140642714389 0.63323492622684585118 0.61456956204239998609 0.58746782180308099175 0.55687467682636238031 0.55505452495124807388 0.55293390524995389423
nan nan nan nan nan nan nan nan nan nan nan nan nan nan nan nan nan nan nan nan nan nan nan nan nan nan nan nan nan nan nan nan nan nan nan nan nan nan nan nan nan 0.94305089117235085805 0.91057454772964674383 0.93748337296312211908 0.83728973596567801696 0.7784631621610237362 0.74690253785945104337 0.73362460048714983607 0.73868540545646754758 0.7358204302241238004 0.70004841698118147608 0.67721065717275985563 0.65724982384626506882 0.64102792161741850574 0.63216946866435530517 0.62453851579039876274 0.61357947103586807369 0.59888274145210318444 0.57721604112434488076 0.55950558346053858028 0.56060942305268623986 0.55669674623974485517
nan nan nan nan nan nan nan nan nan nan nan nan nan nan nan nan nan nan nan nan nan nan nan nan nan nan nan nan nan nan nan nan nan nan nan nan nan nan nan nan 0.83067588127172842238 0.81935499258702271241 0.84097635435322015685 0.92511458750212294255 0.91919440260935958431 0.87485837146256861807 0.8197526154798641107 0.77192767162977948825 0.77174717039664997298 0.77460985596071829651 0.74390343097207312084 0.70937629565037907398 0.66868253700882984703 0.64755593326549343303 0.62803586012309897679 0.61649473531300968965 0.60573336453245962829 0.58759625133061443858 0.56543604420044513148 0.56713984452564136785 0.56530869724645627095 0.56197675629774113126
nan nan nan nan nan nan nan nan nan nan nan nan nan nan nan nan nan nan nan nan nan nan nan nan nan nan nan nan nan nan nan nan nan nan nan nan nan nan 1.0148918680054113128 0.7947360516335870706 0.77673977495545354355 0.77818167957767403475 0.78049303463359576138 0.84323625067463969796 0.94824942344477824996 0.97635229145012158991 0.93009654706592748141 0.8423585813235651143 0.78821889190423977123 0.75733974368177325864 0.77356925034028156674 0.74490136557186981126 0.69751516106453470556 0.6541461224061860813 0.63058161582525928956 0.61567727239148672957 0.5984551933270489954 0.57719059080701218267 0.57157726738870118233 0.57169181200693874878 0.56913828342386307835 0.56606565828991262102
nan nan nan nan nan nan nan nan nan nan nan nan nan nan nan nan nan nan nan nan nan nan nan nan nan nan nan nan nan nan nan nan nan nan nan nan nan 0.92118655372884949983 0.81662340193917393183 0.76587370350296712918 0.75949728343768596606 0.75728473777163274328 0.75976033641755635895 0.7613057193993376659 0.7780162029359413145 0.87863943263204524747 0.9804552320638594276 0.94783651000724211677 0.81372841573350507272 0.76793112362321225284 0.72946761066018528386 0.69555931698212913883 0.68884643572751391716 0.65385285665291292823 0.62591427055740811447 0.61294371413556392181 0.60130679357495031567 0.58243761844018182572 0.57565220526873850382 0.57411429567756855352 0.57323154759491568022 0.57081974366029397672
nan nan nan nan nan nan nan nan nan nan nan nan nan nan nan nan nan nan nan nan nan nan nan nan nan nan nan nan nan nan nan nan nan nan nan 0.97842249090079813634 0.77265184295030786554 0.76362044596063305413 0.75827826663883790559 0.74882805075474301315 0.74617006399991370191 0.74161034705517492327 0.74194222598890846587 0.74348954001064304631 0.74445829628311110948 0.73570456555596430714 0.73381098511539077922 0.95779324947468191809 0.97518327081352773611 0.91261508212037945054 0.84444656902234238594 0.7742570864263628172 0.72088128379430949089 0.71061600437290073362 0.71024601339675474954 0.62544161055815439276 0.60388452404295334119 0.58206351125700439564 0.58031473610585304623 0.58041183543949881329 0.57995184279060729704 0.57662113283292537602
