results/rofental/snowdepth_month_2020-06-01T0000_2020-06-30T2300.asc
ncols        322
nrows        225
xllcorner    622802.488000000012
yllcorner    5178049.378999999724
cellsize     100.000000000000
[rows 145 to 173 of 225, columns 64 to 127 of 322]
nan nan nan nan nan nan nan nan nan nan nan nan nan nan nan nan nan nan nan nan nan nan nan nan nan nan nan nan nan nan nan nan nan nan nan nan nan nan nan nan nan nan nan 0.88831225382485046183 1.0160208436958613198 1.256047251352791605 0.82246493766830741645 0.66100536799935283305 0.98120587548636828412 1.0041231366572820338 0.5813485315081053928 0.22223108160533458499 0.044093973022943523665 0.042370423110938949807 0.045082563922298916903 0.33650199429593669054 0.76696444815624309488 0.98536888677253420266 1.0249502392536995465 0.90202380462991593735 0.71932442401391849529 0.54136886148735396951 0.18325664539905514583 0.021981860906000048189
nan nan nan nan nan nan nan nan nan nan nan nan nan nan nan nan nan nan nan nan nan nan nan nan nan nan nan nan nan nan nan nan nan nan nan nan nan nan nan nan nan nan nan 0.75274366426032868205 0.78637825946218387063 0.7755180412862580086 0.84278527198880270888 0.28860243495382870149 0.32259019759276097439 0.27582494106427823954 0.42735853288042674469 0.24145266771417434049 0.12108948051285452208 0.036044595498836255743 0.031326911553640271468 0.032955668937871301916 0.039229231865339699026 0.04277265628172527423 0.077815979841843185838 0.23197092254870138595 0.50839750853081899784 0.35719200678513435276 0.3969200366810540781 0.13229810171387898499
nan nan nan nan nan nan nan nan nan nan nan nan nan nan nan nan nan nan nan nan nan nan nan nan nan nan nan nan nan nan nan nan nan nan nan nan nan nan nan nan nan nan nan 1.0592149873483271971 0.90723184871450535116 0.70982140976011842692 0.51926467353969196772 0.42599822417449439982 0.44892859331259454825 0.37068480129730407846 0.43607919759639268698 0.38845655140533008609 0.33186400742702110156 0.29393718896888604286 0.041407827743802111398 0.026285193671443919661 0.024919267786055774444 0.023623891076794373972 0.025966759133584736002 0.024399843284304355284 0.061416918603257500409 0.020568008220203482656 0.018339584790049247298 0.015087098078975175533
nan nan nan nan nan nan nan nan nan nan nan nan nan nan nan nan nan nan nan nan nan nan nan nan nan nan nan nan nan nan nan nan nan nan nan nan nan nan nan nan nan nan 1.7484645179825633043 1.3977624804502497557 1.0007779174548081524 0.71306637265279482207 0.74889539572473617923 0.69826395219867865016 0.65081647318704949345 0.61493067019214331381 0.62250111312795308738 0.60253874728626333201 0.53065093668171781083 0.51002234359303955102 0.43225718807607360628 0.29853062373457239786 0.10563490478038900511 0.021377730251840865172 0.020697107354769116172 0.017825208197204039928 0.016486104458368702058 0.01429979178235070772 0.012694361798454664725 0.010865536869468778516
nan nan nan nan nan nan nan nan nan nan nan nan nan nan nan nan nan nan nan nan nan nan nan nan nan nan nan nan nan nan nan nan nan nan nan nan nan nan nan nan nan nan 1.8479265367464254854 1.6734597730420119888 1.2436539057020106203 0.82518971377056582472 0.78824158482222062005 0.76513458111351506652 0.71988370846882421272 0.70402369360277261556 0.64334693904378703611 0.53949249777028707165 0.4589652171981464801 0.45044921939002280364 0.38238538206795036345 0.29066581188233431288 0.2246939662641758706 0.17978138423213890773 0.085619455687828291413 0.026103470194363386642 0.012742285790521216959 0.01148615799468035055 0.010165735510062700805 0.0098620741600940024785
nan nan nan nan nan nan nan nan nan nan nan nan nan nan nan nan nan nan nan nan nan nan nan nan nan nan nan nan nan nan nan nan nan nan nan nan nan nan nan nan nan 1.9037082387406993877 1.7495649525294414417 1.4838677068087915423 1.3996853753587885638 1.2012730292138533716 0.94119689490503177787 0.91125216047793944352 0.85844530034718280476 0.91322703040304675781 0.87525612916730599622 0.75998218377685167191 0.62113871169326106969 0.50554840027475622666 0.35950358178328761793 0.16443439996394956792 0.026856185946128968006 0.019263546278593765559 0.015734064575809777325 0.01340819089534221395 0.012106140947879472439 0.011278089326900497813 0.010807281518379445451 0.0106237302965006674
nan nan nan nan nan nan nan nan nan nan nan nan nan nan nan nan nan nan nan nan nan nan nan nan nan nan nan nan nan nan nan nan nan nan nan nan nan nan nan nan 1.888282974205005571 1.8821514488381987373 1.7257397965878191748 1.7031658818833770308 1.6248010734918543196 1.5025007067031650454 1.4547732156903576684 1.4322189322619791607 1.1655081757205358883 1.1449166762882112547 1.1446184385811151163 1.0942261575314471411 0.97266695489446131084 0.79746100130969177489 0.53243141457110998438 0.29267844775934775958 0.18644249232218965129 0.068072307267134493647 0.013750622034883124706 0.011959678754757211219 0.011311407900471534896 0.011169033560738615349 0.011257707349552994666 0.010995006868566015862
nan nan nan nan nan nan nan nan nan nan nan nan nan nan nan nan nan nan nan nan nan nan nan nan nan nan nan nan nan nan nan nan nan nan nan nan nan nan nan nan nan 1.8230728536554989816 1.6755119317010880309 1.6676237016309389816 1.6017746383142519306 1.4672698677481925689 1.5067240113431372706 1.5776079742713722265 1.5779477792694054372 1.6397096952714211859 1.3905961216581232964 1.3061554249930211746 1.2555017130456231911 1.2169634287842143738 1.0461827944176158578 0.69805554424462323837 0.34350065440002192085 0.21101638813474030143 0.014923062569364617044 0.011300309610155640991 0.011963839767063512085 0.012711518407787466764 0.012305685314814044859 0.011450533096508149281
nan nan nan nan nan nan nan nan nan nan nan nan nan nan nan nan nan nan nan nan nan nan nan nan nan nan nan nan nan nan nan nan nan nan nan nan nan nan nan nan 2.0621112908739620551 1.891778997315391786 1.8117006165244686766 1.8061267627511390366 1.7433908349600499843 1.5960905511542706758 1.6191261581168745476 1.7074718978662890567 1.7587281773882910141 1.8625372940070346051 1.8514132718665305966 1.8390112862263936488 1.7026788954512743768 1.2665004521700213846 1.0315325448621526228 0.72643074640450056023 0.37110331644200822421 0.035762360913076503277 0.015474249831476293016 0.012431658644221695031 0.012191689903065785691 0.01480263181530711708 0.01408269395518919713 0.013266019233057433149
nan nan nan nan nan nan nan nan nan nan nan nan nan nan nan nan nan nan nan nan nan nan nan nan nan nan nan nan nan nan nan nan nan nan nan nan nan nan nan nan 2.1841438652858267133 2.0731563778821442412 1.8667085667383156444 1.8196735182805210407 1.8045940283246575397 1.7438824470823215407 1.7476142574963680065 1.872536355016859666 1.6444451455025823616 0.99395564723871465684 0.64776043772582614366 0.89429363083331014916 0.84217162574329318403 0.6755934670791129415 0.66849176212000949171 0.4830776096320144597 0.035403069624682731442 0.018788564939886263222 0.012573899357304421653 0.012356836799351678113 0.012327780361681891022 0.012235454912381534681 0.011988598343761083451 0.014975165465549375443
nan nan nan nan nan nan nan nan nan nan nan nan nan nan nan nan nan nan nan nan nan nan nan nan nan nan nan nan nan nan nan nan nan nan nan nan nan nan nan nan 2.2073509096167214238 2.1954142427269816018 2.123732203316482714 1.9258815486339728729 1.7649423958119814237 1.7801807858665239515 1.690828308392410495 1.4104741269086147337 1.1926800460110447144 0.48933971876994014627 0.29253156130852747685 0.38400894253419204372 0.67737316402408243032 0.61455633543712195888 0.43643883333499833288 0.19467280796048164193 0.025675410991817679274 0.015303824641376416113 0.012315293242348047606 0.012565676316310661273 0.012546485626419426329 0.0124168605370605558 0.012254348087051610688 0.012097742531754636722
nan nan nan nan nan nan nan nan nan nan nan nan nan nan nan nan nan nan nan nan nan nan nan nan nan nan nan nan nan nan nan nan nan nan nan nan nan nan nan nan 2.0343519747963227928 2.0613012955506109236 2.0063628597681599786 1.9250078762832869561 1.8434301442169651608 1.4470922883178614082 1.140962985873939628 1.1345504406397608488 0.95852112795226973585 0.42002973365697987562 0.24348289856236746131 0.072810261989360733348 0.051957576411735935384 0.23518130044179397231 0.38779514504226836324 0.29577607110148917968 0.095011169213699619984 0.012964089348678290922 0.012776748007447460281 0.013548837184754563417 0.013695102941555667431 0.013036049566203578021 0.012243801042815130251 0.012526342294499221222
nan nan nan nan nan nan nan nan nan nan nan nan nan nan nan nan nan nan nan nan nan nan nan nan nan nan nan nan nan nan nan nan nan nan nan nan nan nan nan 1.7160555333177880399 1.6885887068462135385 1.7984246498349176768 1.5734747430165907378 1.3603328652273916077 1.1902646528514368995 1.0834542039084673615 1.2012396998220498112 1.2107206095161524573 1.0544368767595795333 0.56729720214742296314 0.10240453401200043382 0.03364939129661023709 0.032907407885582370954 0.035338436091357713909 0.058020747119922957968 0.083119555689260882225 0.0269798154145799024 0.012725448725383765522 0.014344601564864244148 0.014372452960575786418 0.013479768213141639366 0.013142480060307742962 0.012209269492682363681 0.011974179051776707647
nan nan nan nan nan nan nan nan nan nan nan nan nan nan nan nan nan nan nan nan nan nan nan nan nan nan nan nan nan nan nan nan nan nan nan nan nan nan 1.4288511344688901161 1.5007007311691489271 1.5457675654016513889 1.7350699443474741912 1.6781490297590873073 1.5594962971671000318 1.383239929868363971 1.1651281661515064947 1.244576648450289813 1.3013266664122136174 1.2070585603614534254 0.89537318185392622549 0.59772138046834843994 0.19312647703674962196 0.038020927737287345261 0.03108394452332944452 0.03595479266523530365 0.028772891274188010929 0.013074766471539545076 0.016046382835785390208 0.014341620231868076191 0.01420206612630447833 0.014008472253573798355 0.013444233850125207955 0.012296495159891129151 0.012600349876951624437
nan nan nan nan nan nan nan nan nan nan nan nan nan nan nan nan nan nan nan nan nan nan nan nan nan nan nan nan nan nan nan nan nan nan nan nan 1.8164326315000400847 1.3542937132397483424 1.2358241738579778257 1.2839208092311136244 1.35324276722793857 1.4986112260860411372 1.7002097739581401026 1.7823792754662903803 1.6344940238391356679 1.3601872850883167665 1.2102195723193849286 1.2055069155760753663 1.2711659643602044589 1.0105291443935517925 0.91153807178311341275 0.59049326147526326469 0.203304333433152018 0.05252341883785266452 0.031139592951686299871 0.016889986814106892205 0.013632912238351932444 0.014799354796666367232 0.014877564417517728096 0.014890789317199549374 0.01437101085445778581 0.013797286991928951055 0.013399337502040829795 0.024903459382880355211
nan nan nan nan nan nan nan nan nan nan nan nan nan nan nan nan nan nan nan nan nan nan nan nan nan nan nan nan nan nan nan nan nan nan nan 1.5523960178522142606 1.5272685787030482185 1.1782012743827368073 1.1361227182918147705 1.107528942696920371 1.1655056708556885692 1.2220557797751698814 1.2913116428063089458 1.4966706373810951813 1.8056527654200495991 1.7083241986176049831 1.3460697641880721154 1.0828973507269443743 0.98671306057954322188 0.74601016034259670651 0.84358708707185647846 0.63323182215932594108 0.10596229665436661393 0.043833550773973446735 0.14526407707612540299 0.015580856931028006993 0.014639667067700137468 0.015192636360319115504 0.015771971345192963704 0.015821149797137324527 0.015121646463617494094 0.014407292407465700432 0.013932269610206578572 0.0194363059906079369
nan nan nan nan nan nan nan nan nan nan nan nan nan nan nan nan nan nan nan nan nan nan nan nan nan nan nan nan nan nan nan nan nan 1.6859535806326810814 1.2256619975835336689 1.2367144870189099581 1.2388026638334068696 1.0521204794917187186 1.0476999662563390991 0.99374385959304567528 1.0271664918266991684 1.0747029046363933968 1.1292545669379721041 1.0745599806439505297 1.0311661045278257554 1.7110146729288884249 1.8223980917471545027 1.5428844507732784042 1.3408832197425437638 0.99754876104423051419 0.85621921585021032453 0.87134970228276920068 0.90728080632763485891 0.45628573669755989606 0.21047848895461665486 0.01412956312372480247 0.016001540833758005206 0.017697798916879940723 0.018924613391246635635 0.018352012366313622677 0.016743935480868422927 0.017396129438462592381 0.016360107409097816855 0.017971215054040715065
nan nan nan nan nan nan nan nan nan nan nan nan nan nan nan nan nan nan nan nan nan nan nan nan nan nan nan nan nan nan nan 1.9436020733720764664 1.7523434857465147729 1.4690981003355407797 1.2472999948078213883 1.2479836484523481044 1.0885661376974222758 0.9575513296216218162 0.93782313095160840799 0.93767238637641270316 0.91635128618985606241 0.92453908071804535851 0.99648405967206687972 0.98117373958292553038 0.80744114027350544216 0.49763445763855340687 0.89166899212679384679 1.1659452919855377573 1.3021181868686453331 1.168816169767833868 1.3039407416009485274 1.2712523100788979402 1.1357383941593717225 0.82834522570939017605 0.58351928373364492231 0.06067331048376513325 0.074476720625316378266 0.027080885320753259743 0.026077487776800137992 0.024819763026467055872 0.018160322276252905543 0.016779604273786739854 0.016612475528269578934 0.018682742165519475308
nan nan nan nan nan nan nan nan nan nan nan nan nan nan nan nan nan nan nan nan nan nan nan nan nan 2.39860375284206917 2.2533457821608076088 2.1590323852061206189 2.0345085113036227575 1.9233631730343567767 1.7323533227983498595 1.6238673800425103 1.6092938776533096679 1.5007462096408368257 1.2758278920151948643 1.2829886241394981017 0.98776098173032444993 0.83198678329978836832 0.80561788667738276626 0.84624966242777988068 0.9224994963165075168 0.93443587621558543699 0.963830500916652122 0.70422586710746570837 0.65236099667930691481 0.40122061899540278906 0.066257124958317037411 0.184259481992353924 0.56030165713433044417 0.29515421168342292901 0.30524500556775657767 0.38561612711923215491 0.42956555454587497245 0.48014287020148832541 0.28151922463612366609 0.11045284304964400612 0.047131898614979531037 0.027048593599378355223 0.027759607915319003263 0.03086505550754176444 0.023229564066933588301 0.017533911989966302625 0.027514458831349872941 0.19260850970412057848
nan nan nan nan nan nan nan nan nan nan nan nan nan nan nan nan nan nan nan nan nan nan nan nan nan 2.3337843523427617143 2.1126790585187280591 2.0396246824776622653 1.8204189194800355356 1.7765405192278935775 1.6958165261343514096 1.6272744058285504298 1.5319057477390376487 1.5418356571364362217 1.3974823939164418007 1.3335847095814012953 1.0112669614047768984 1.0298609492606536353 0.93584219808744628644 0.79926080980684477417 0.65519014178577883456 0.71735516767879192734 0.82624330568721315871 0.71915981271656759244 0.655378672559085107 0.43629603487782520066 0.052490143630837926558 0.045919003283769008195 0.33886526870499117381 0.34739496929096153055 0.19369542035630296639 0.21198628536008001788 0.10988877574168437468 0.051361542614370217508 0.033688733936087504606 0.054297829947408698947 0.029214197850057705558 0.025270761699724145904 0.024548855582703570793 0.023083962857477473979 0.022005369952045418513 0.024179974691767133071 0.046880173821491982755 0.15923944511891127696
nan nan nan nan nan nan nan nan nan nan nan nan nan nan nan nan nan nan nan nan nan nan nan nan nan 2.389081390272370875 2.2844888473641131732 2.181066611734341798 2.0094452008366965323 1.8455881711141617352 1.7344718979997053587 1.6791170531032433288 1.5261617843327661692 1.4422888677116312284 1.5107654147221558638 1.4729769353954174083 1.146027048443489571 1.0419159269312847638 0.863775302497478914 0.74838775431756954237 0.63414935702696750841 0.60632676190301382224 0.6618609370508200529 0.62411343069244995529 0.34501814609475478512 0.30232127809914383088 0.044874559475631722871 0.037390632979099183708 0.051981023496803516193 0.14930495501790863599 0.057993179115591569905 0.035804386485296331444 0.025732162010148652148 0.063126636391445944962 0.099583932346159712012 0.034156227457656083979 0.025920586361895685962 0.022308999648067758675 0.020686145680724660201 0.019907223856493603403 0.020535562895319336291 0.02889399578898775578 0.069730479599800471169 0.18587160249275133661
nan nan nan nan nan nan nan nan nan nan nan nan nan nan nan nan nan nan nan nan nan nan nan nan nan 2.3163900729073714224 2.3668518323466862796 2.2685521487215605241 2.0772508916541498891 1.9918002284622087217 1.8674921771294694661 1.6352244671109075203 1.4645623547379338358 1.3301180296501786682 1.4126028293511245781 1.5062473725987968187 1.2939388498622206303 0.83516876022108332833 0.85281941893602308813 0.85910318023741827353 0.80473116630476237976 0.70661470457461506012 0.70852251120204090551 0.42230496124529942614 0.39198293988570653834 0.29883834788123880832 0.084149927758441808723 0.037403186378323911854 0.03695201653333698294 0.091835547499015512951 0.14554824223005954908 0.047157947511235150106 0.064764559392752135691 0.041544167047164258511 0.034845773164278566469 0.030325895103861268826 0.02539425681545632793 0.021637472413189657444 0.019844371235243258439 0.018867518452989000266 0.027393465508231840816 0.12623054206425857182 0.18308049323687647369 0.27778232153158805007
nan nan nan nan nan nan nan nan nan nan nan nan nan nan nan nan nan nan nan nan nan nan nan nan nan nan 2.1962445980437492743 2.0420978872434965012 1.7631323803196088384 1.730867999442938121 1.9262081819103515912 1.9999035919233565384 1.7445407399101453549 1.4131370206917777121 1.2029927646083702353 1.3064610068196340631 1.4037955643623425406 0.98698883783048696472 0.80815715551842770559 0.91494179142040588104 0.95581397844606996728 0.9098220867379114285 0.92309131759502949244 0.64396188623265115947 0.56295363269592124666 0.56781872325891580289 0.40674038540824886123 0.34044391439033561131 0.32650879001239080379 0.37610996434640131536 0.39111966045689694482 0.11993188863063217187 0.041343981219591048604 0.035224966172906692352 0.032434093353820865613 0.028835770656354859504 0.024553350057018981378 0.021187187782689451132 0.019470789818050567022 0.084039330113388613364 0.40508982705286861181 0.59312028935081329006 0.71750196104796171159 0.70549172678204985498
nan nan nan nan nan nan nan nan nan nan nan nan nan nan nan nan nan nan nan nan nan nan nan nan nan nan nan 2.1294731967473681244 1.8861075822764914456 1.6988814434278456389 1.6936275802642077881 1.8909827733758028945 1.9717419522108763363 1.8269297728942823777 1.1630722730458524783 1.0964299889845947611 1.3002002298916088829 1.3117450796166516547 0.99681390884568843447 0.87280754116728476166 0.86763830064746338966 0.91166365021477291375 0.89222486069096929029 0.55680281497115802214 0.50729851157899130687 0.5651918505390680636 0.47449810267747055681 0.30575783298081349315 0.23182823177424258243 0.21284614780937974321 0.08365650619250329656 0.098565572062400519382 0.074938254597088096998 0.037310635351398016568 0.029285151124627234465 0.026315304596943332738 0.023804855128267091158 0.03126138377538443397 0.15536138309998340223 0.37101356478819080831 0.83651022298830579604 1.210189849738770862 1.1869811678390709275 0.89885255410718678526
nan nan nan nan nan nan nan nan nan nan nan nan nan nan nan nan nan nan nan nan nan nan nan nan nan nan nan 2.2332407358408925546 1.9628471143354424555 1.5195046825398892398 1.5434039475375411765 1.6533932382419875839 1.7836353422079262998 1.9067344904579341947 1.6917786074536307339 1.1918677877125543052 1.0836413700185933973 1.1854570482745718785 1.1990970759923154088 1.1262029983863690585 0.8563471759311597209 0.79916981356634830824 0.81129731463565868399 0.65499182161039593009 0.50329860619437072344 0.46442137120311016707 0.41139324557980261332 0.3278257574623552606 0.3032366213005400768 0.30443430014011979567 0.12711207297807153305 0.10574968110126170551 0.067395698307807019867 0.03770948268499194761 0.032634073412544990778 0.073122821414179708932 0.29182875825415710569 0.5680700501439712724 0.67135704960106423744 0.70981948752918733181 0.96954228331781355799 1.2615614613290229151 1.5913017566715372819 1.3515717368735755688
nan nan nan nan nan nan nan nan nan nan nan nan nan nan nan nan nan nan nan nan nan nan nan nan nan nan 1.6618173225996593079 1.9952317337913689776 1.7197107208244519772 1.3950586704898728652 1.4014435651777945591 1.540365274611991353 1.6835225665434410125 1.7688686821939947347 1.785696907988977733 1.528842445531686689 1.1513287422086098122 1.0062793974770534167 1.2069388683315971367 1.2624738592048510011 0.92686403149326412887 0.5231751842039014111 0.72235245335994768823 0.78487221300287657311 0.71557556958065904329 0.59113245311007633909 0.5000670710709382849 0.41211686097033423115 0.34319453739980243512 0.13643717854712841819 0.078906767285109633003 0.048176244253399516659 0.036322015012724521987 0.066273472470316577287 0.27624182926434226459 0.55315500916321702629 0.76230929746869591224 0.83768353793219840764 0.95185066987717570353 1.0477130187498786551 1.4354415769401021041 1.6433681283136316598 1.68564681271476835 1.4897263693769267068
nan nan nan nan nan nan nan nan nan nan nan nan nan nan nan nan nan nan nan nan nan nan nan nan nan nan 1.8022922101285581142 1.6950265590853907938 1.6258452810141590383 1.5587497913126999727 1.4206271417651910038 1.4782020252245466896 1.6017777198912281911 1.7421907368206015487 1.8319195788926019297 1.7917152811886141173 1.5100753394914023797 1.2106545595965474416 1.2527605292715890961 1.3472631216195101178 0.99817330665898418296 0.57268243934780382887 0.7098749447902167331 0.83703087232178219335 0.88500369982148296977 0.79771062528214298215 0.70349999273708352376 0.63382291722926387134 0.53630905885223412177 0.30754530916627698112 0.12228285555627084469 0.19139879853975480528 0.46071181112614895126 0.62437669345048851799 0.76497855204723630429 0.90473481027712687741 0.96658303032994707937 1.0986573958897367653 1.3026744484464878315 1.4110778884274557399 1.3875929019146706622 nan 1.5295251367540965148 nan
nan nan nan nan nan nan nan nan nan nan nan nan nan nan nan nan nan nan nan nan nan nan nan nan nan nan nan 2.0239120592156742973 1.6185743455046148753 1.6492900210802063921 1.6034081657685474998 1.5462656415665987364 1.5157218810467989467 1.5665395184119397243 1.696780079196427371 1.7610046607227223259 1.7537189087371882756 1.5571587694945601132 1.3709667889286267783 1.5103211521467549971 1.3386983056232057976 0.98745049176219001907 0.92325827288212625188 0.98290323771330612157 1.0019584292908894074 0.67629479940219650036 0.62313929050286021027 0.66799463514490253768 0.734477563275554024 0.8263025717261385239 1.0163777206420625543 1.1811332453342926474 1.2153019927316719428 1.3270759000590737209 1.3370269078219874093 1.4148071942333633189 1.382084799767913097 1.3472348336564621274 1.3419678497219691415 1.6892929340219877687 1.3239968365953400653 nan nan nan
nan nan nan nan nan nan nan nan nan nan nan nan nan nan nan nan nan nan nan nan nan nan nan nan nan nan nan nan 2.0464393588785703137 1.7148620721929930255 1.679137136449649681 1.6675827340463096338 1.5910400157099142682 1.4742325825531894523 1.5320341443365277367 1.5132553010143392491 1.5467578691891492593 1.4032634412259106238 1.2133366165981067653 1.3829149255304449273 1.2629846472243304589 0.97325685352601176703 0.89182795722755991985 0.95932544405093322926 1.0292206858668133673 0.73423575112568595369 0.88931055943981363043 1.0449463071329203601 1.3027054323272397873 1.4765329689527848522 1.4403913214256671704 1.2620989639253266112 1.3576967903485932521 1.4900965031834529917 1.54232881740506933 1.5841907585714212203 1.5758049705661569817 1.7236829737162822074 1.7224211892984579997 1.391660188081305316 nan nan nan nan
