results/rofental/snowdepth_dates_2020-06-02T1200.asc
ncols        322
nrows        225
xllcorner    622802.488000000012
yllcorner    5178049.378999999724
cellsize     100.000000000000
[rows 128 to 159 of 225, columns 72 to 143 of 322]
nan nan nan nan nan nan nan nan nan nan nan nan nan nan nan nan nan nan nan nan nan nan nan nan nan nan nan nan nan nan nan nan nan nan nan nan nan nan nan nan nan nan nan nan nan nan nan nan nan nan nan nan nan nan nan nan nan 1.3658968183428155108 1.1422455478033086695 1.0364187728319851356 1.1216698944481653388 0.99339994953200849714 0.92532339318743483947 0.89328754376896057909 0.93796455949922485917 0.80525919082945007776 0.68451884962497588916 0.10474298087169985061 0.097539624417571732518 0.35304259956635486439 0.31558673577606694005 0.2496835164162307108
nan nan nan nan nan nan nan nan nan nan nan nan nan nan nan nan nan nan nan nan nan nan nan nan nan nan nan nan nan nan nan nan nan nan nan nan nan nan nan nan nan nan nan nan nan nan nan nan nan nan nan nan nan nan nan nan 1.3004830218526324259 1.1851092689536268932 1.1150227423238250335 1.0797069318100247504 1.1312041328936133233 1.1022470266095254487 1.056039185762888799 0.96367929229159698945 0.72212132223016378685 0.58322640035144823756 0.53078433686728176966 0.070912520665410261334 0.10339979634808614539 0.34030159690126648986 0.1983829978431100316 0.0054461676672198228166
nan nan nan nan nan nan nan nan nan nan nan nan nan nan nan nan nan nan nan nan nan nan nan nan nan nan nan nan nan nan nan nan nan nan nan nan nan nan nan nan nan nan nan nan nan nan nan nan nan nan nan nan nan nan 1.4987662657005818012 1.2179747129792644067 1.1222459840275007537 1.0585424294601870621 0.96272649176096014578 0.8826421115727830502 0.93254935348456591271 0.81470408772298652522 0.72649420235666695156 0.6781986850904726527 0.74645649205071828991 0.70968943126218708706 0.44140140810217226575 0.01660567733464038756 0.088542437290251713167 0.26672577456171725485 0.11146686536098977804 0
nan nan nan nan nan nan nan nan nan nan nan nan nan nan nan nan nan nan nan nan nan nan nan nan nan nan nan nan nan nan nan nan nan nan nan nan nan nan nan nan nan nan nan nan nan nan nan nan nan nan nan nan nan nan 1.5350209739845355195 1.2240704104349409143 1.0611824493752579635 0.97395974424529341285 0.71965954328239545301 0.5281614211985989904 0.50410796520798006881 0.56537171374669359381 0.48996583929206577457 0.48130122444816203497 0.40774333290419545461 0.42032908861460915872 0.22702989452439492624 0.012039279344005266933 0.10181272071441282989 0.19936159810599168862 0 0
nan nan nan nan nan nan nan nan nan nan nan nan nan nan nan nan nan nan nan nan nan nan nan nan nan nan nan nan nan nan nan nan nan nan nan nan nan nan nan nan nan nan nan nan nan nan nan nan nan 1.441790998978091709 1.4632928195381067482 nan 1.202394917142737496 1.0061776234940706942 1.4608285552483473158 1.4641218050917621518 1.1806422570144801121 0.79887518601911100546 0.74435111337649484398 0.5106309016600766304 0.31401635035744990265 0.16349242619276868616 0.22385963940142558637 0.23048991350582204163 0.075166185928180612175 0.10083369394176115719 0.028081326839781817206 0 0 0 0 0
nan nan nan nan nan nan nan nan nan nan nan nan nan nan nan nan nan nan nan nan nan nan nan nan nan nan nan nan nan nan nan nan nan nan nan nan nan nan nan nan nan nan nan nan nan nan nan nan 1.436637197881327932 1.3944015365894548708 1.3412502898706537557 1.3239267680495687696 0.91474412926642600929 0.64695093965574757 1.008240559654557833 1.1039252935178578419 1.1007973846628384962 0.66334385666699646755 0.6807935973052144929 0.39642883203860024288 0.11521401475212819654 0.065830324380194191192 0.060816347054667527217 0.077886067517260085258 0.081081009242651769231 0.028585136376983909939 0 0 0 0 0 0
nan nan nan nan nan nan nan nan nan nan nan nan nan nan nan nan nan nan nan nan nan nan nan nan nan nan nan nan nan nan nan nan nan nan nan nan nan nan nan nan nan nan nan nan nan nan nan 1.6048431525356021687 1.3995233500968276008 1.1520000197563751154 0.9330563512672811477 0.93328697148493033886 0.52241025445302768926 0.22950087557561071883 0.72436162434105377805 0.54566816690825081793 0.62536812409831799009 0.33429905249585711857 0.27497344496520698121 0.11598348455159457338 0.022973599160185830675 0.052638402317149508847 0.067507981305479913825 0.015713540348617934667 0 0.029161271470470366551 0.026600584084413975844 0 0 0 0 0
nan nan nan nan nan nan nan nan nan nan nan nan nan nan nan nan nan nan nan nan nan nan nan nan nan nan nan nan nan nan nan nan nan nan nan nan nan nan nan nan nan nan nan nan nan nan 1.7147956038148184366 1.5758631409163965653 1.201280800445123198 0.86713004118805692144 0.71651915449566927485 0.50308939427121179833 0.31070724010875561127 0.2692505685366268775 0.32694994165759738713 0.33449882257886276449 0.34479870861455874653 0.27811532596934462891 0.325462826946809336 0.42330507248914472918 0.36455671880977713606 0.22982234247164184948 0.12578891310689577221 0.065352700867827906439 0 0 0 0 0 0 0 0
nan nan nan nan nan nan nan nan nan nan nan nan nan nan nan nan nan nan nan nan nan nan nan nan nan nan nan nan nan nan nan nan nan nan nan nan nan nan nan nan nan nan nan nan nan 1.3716655192185123191 1.1226195130698140012 1.3017225118102753179 1.0503785337334419214 0.9424672522496149174 0.97745616670968871187 0.78468472243189602011 0.61296550343765732194 0.61709986392385896004 0.62282999621296997184 0.61111785532402129739 0.46107422710867718152 0.44675512834760422454 0.44173634980242176828 0.40210861338414910504 0.43714394757493069132 0.41801498662950070662 0.34958274878378192696 0.2378621855793581763 0.039315680306742276096 0 0 0 0 0 0 0
nan nan nan nan nan nan nan nan nan nan nan nan nan nan nan nan nan nan nan nan nan nan nan nan nan nan nan nan nan nan nan nan nan nan nan nan nan nan nan nan nan nan nan nan nan 1.3549585737688780718 1.0735542237523869602 1.2657825956147961133 1.2002717076162428 1.1704932851254621351 1.0695303126856929854 0.83300700337744215673 0.74192891681233952283 0.61478338211863814422 0.55154914103427077343 0.49166032016962180062 0.27412450109921898678 0.27834938116768759286 0.26115719606484671944 0.33436096291854044971 0.48785272218300462788 0.51914424801775038709 0.25146039350685900349 0.19216451038822210395 0.10904728702294237686 0.039854189998908565173 0 0 0 0 0 0
nan nan nan nan nan nan nan nan nan nan nan nan nan nan nan nan nan nan nan nan nan nan nan nan nan nan nan nan nan nan nan nan nan nan nan nan nan nan nan nan nan nan nan nan 1.439028572617779389 1.2384137079327635078 0.98261418831057900647 1.1107722017857275532 1.0974082744319175742 1.135228301811270768 1.1821935323858365763 1.0470627763602056159 1.0238584200299918336 0.66634350199462477615 0.55324346796825629724 0.27838230674755504168 0.18935923511100560823 0.25403063339268711074 0.18825251011182236871 0.079937179196199456555 0.21379904396181143023 0.45894428126938441315 0.1205073345751821734 0.079885836612819977054 0 0 0 0 0 0 0 0
nan nan nan nan nan nan nan nan nan nan nan nan nan nan nan nan nan nan nan nan nan nan nan nan nan nan nan nan nan nan nan nan nan nan nan nan nan nan nan nan nan nan nan 1.382369552113989819 1.4199168510699347046 1.2875887683630680147 1.018820830810609257 1.0350031041477283367 0.89249305570494352757 0.66758558165083181635 0.70343867571105123115 0.62773295839292819753 0.73730865052531779913 0.87388341756963461293 0.87056851521323452836 0.67364065556890251329 0.35608982289534329979 0.25518532073825134221 0.14231308351282728752 0 0 0.11577877548875463443 0 0 0 0 0 0 0 0 0 0
nan nan nan nan nan nan nan nan nan nan nan nan nan nan nan nan nan nan nan nan nan nan nan nan nan nan nan nan nan nan nan nan nan nan nan nan nan nan nan nan nan nan 1.5961671703623783181 1.5432192962928699131 1.3848855392410734932 1.2037743114900636421 1.038372287785282122 0.96783798965918621526 0.64240836931135625321 0.59971051752937021284 0.65624399532836275029 0.60170574462677628436 0.40522639802814075516 0.27309721844940754165 0.41384545361903996019 0.5709669968399810891 0.4689392544214102676 0.22719763468964707109 0.11594523638241392705 0.011887793803418122626 0 0 0 0 0 0 0 0 0 0 0 0
nan nan nan nan nan nan nan nan nan nan nan nan nan nan nan nan nan nan nan nan nan nan nan nan nan nan nan nan nan nan nan nan nan nan nan nan nan nan nan nan nan 1.5174734382275190114 1.3972942364507650037 1.4574789456232617457 1.3222799553264272809 1.0739916110201797039 1.117037174233924457 1.0398866131697401816 0.7790780820436130627 0.74944822201179828181 0.76381666941113546265 0.77316144445109036276 0.62655041594033544783 0.34815253299477105786 0.18969233142087199573 0.13982420201436610019 0.27921683531290625302 0.36879833031197517546 0.12389041291400439138 0 0 0 0 0 0 0 0 0 0 0 0 0
nan nan nan nan nan nan nan nan nan nan nan nan nan nan nan nan nan nan nan nan nan nan nan nan nan nan nan nan nan nan nan nan nan nan nan nan nan nan nan nan 1.3453709352661913368 1.0028693363836265195 0.93770005401065403827 0.79681602647585492161 1.2589565936620576991 1.2687088461321338606 1.1117171654285988858 0.78023319906935939549 0.61829288163636819675 0.56638212142467514454 0.52727752595772670041 0.52848335611212271523 0.50697525821648392608 0.17688943172770763002 0.011077662980168344331 0 0 0.039730383503376355547 0 0 0 0 0 0 0 0 0 0 0 0 0 0
nan nan nan nan nan nan nan nan nan nan nan nan nan nan nan nan nan nan nan nan nan nan nan nan nan nan nan nan nan nan nan nan nan nan nan nan nan nan nan 1.1531527936018264313 1.1955054606409050155 0.77168064328534691221 0.61775321671982297289 0.46435698345812576049 0.40479321221453412605 1.1166270050762627797 1.3602705327733173313 0.86978304402585204791 0.59138969601738422543 0.50020285346225934475 0.46932613238134135436 0.41451392922600877045 0.20020800818578934899 0.077878979791585895009 0 0 0 0 0 0 0 0 0 0 0 0 0 0 0 0 0 0
nan nan nan nan nan nan nan nan nan nan nan nan nan nan nan nan nan nan nan nan nan nan nan nan nan nan nan nan nan nan nan nan nan nan nan nan 1.4663928226002287403 1.2470861956903021017 0.86896360237827519057 0.98553252674604863159 1.0095830803256640174 0.73893152920943516726 0.35859400914782568748 0.2158944354419730649 0.036730565280712522414 0.18919442658862034579 0.92501697385214209923 1.058701228504153713 0.95101723261707182822 0.72031116342563694666 0.63226728148918676098 0.63025702487273926877 0.58819023278430604407 0.47648978517618295614 0.1066481079980532154 0 0 0 0 0 0 0 0 0 0 0 0 0 0 0 0.012217702821935367413 0.23250796513594601533
nan nan nan nan nan nan nan nan nan nan nan nan nan nan nan nan nan nan nan nan nan nan nan nan nan nan nan nan nan nan nan nan nan nan nan 0.76929110337140282905 0.85728515611568578692 1.0557450526718767936 0.70432851340976387888 0.58862487182679734676 0.86866006695985809039 0.90609502627324434165 0.57495662663024416084 0.26866617221210614685 0.0082482471894250713323 0 0.002624774381110095596 0.37057431742914803685 0.76321627024611138346 0.95467308579408172164 0.99685507631147107777 0.9115888955083042422 0.78910594723864813105 0.65473061510504337868 0.32396214953766011568 0 0 0 0 0 0 0 0 0 0 0 0 0 0 0 0.18976251488490750163 0.24386007906678849877
nan nan nan nan nan nan nan nan nan nan nan nan nan nan nan nan nan nan nan nan nan nan nan nan nan nan nan nan nan nan nan nan nan nan nan 0.67009200175532335209 0.68132903231770713948 0.68455137395843157488 0.75246884531533064777 0.29564325218275833151 0.3240064960268943528 0.30009714078758692457 0.45321831749884633478 0.30355938101228951975 0.20047918422559074525 0 0 0 0.013916272485249354951 0.063219181188877759947 0.14996028872334654647 0.33538479800236825623 0.6028105182201021206 0.49239739201635907007 0.54781434157068420454 0.27767179081400661378 0.057737713492471524901 0 0 0 0 0 0 0 0 0 0 0 0.039652569040371857256 0.19284262957332429234 0.24370888445845262371 0.2385371634319731482
nan nan nan nan nan nan nan nan nan nan nan nan nan nan nan nan nan nan nan nan nan nan nan nan nan nan nan nan nan nan nan nan nan nan nan 0.95583342622930755894 0.82666643253543681258 0.66803679930684856103 0.52081413745718585506 0.45913489213234492947 0.4893298238247957288 0.42761871854879690558 0.49062434444786601206 0.46050585399323124003 0.41893516485208248668 0.39917933000486077733 0.10143446197751801452 0 0 0 0 0 0.14231128139478210759 0 0 0 0 0 0 0 0 0 0 0 0 0 0 0.10637098932560953846 0.3402698023738719435 0.36080270687639526273 0.42000700445193150934 0.4669437477645949075
nan nan nan nan nan nan nan nan nan nan nan nan nan nan nan nan nan nan nan nan nan nan nan nan nan nan nan nan nan nan nan nan nan nan 1.5145857683667558469 1.2288459904231652242 0.91817844561356465327 0.6987307425062980748 0.74192905050339985618 0.70910865996072047768 0.67683962167057520887 0.65605314557776184259 0.66887034654274191148 0.65939990139642890021 0.606615072152917989 0.59364935479556546483 0.54901129015424721125 0.43332830974356595366 0.22101179434619935837 0 0 0 0 0 0 0 0 0 0 0 0 0 0 0 0 0 0.12235014938489441327 0.40324452886007350338 0.44042193023106679384 0.46540525334282145664 0.55409603180693434155 0.56048536302837548284
nan nan nan nan nan nan nan nan nan nan nan nan nan nan nan nan nan nan nan nan nan nan nan nan nan nan nan nan nan nan nan nan nan nan 1.5743719934519644355 1.4365187300410853233 1.1129819957529230035 0.78410602512864790992 0.77412088420489633123 0.76175254349404197818 0.73449731648199745315 0.72565167799888929956 0.68179056896222589579 0.60057791073702226914 0.53893109248365478336 0.53826117154224140116 0.49907123903204453352 0.41930801163819841904 0.36350370886019783834 0.32355326424694474952 0.20526875028884558616 0.055419432297432839885 0 0 0 0 0 0 0 0 0 0 0 0 0 0.26885715227581030717 0.46659984492378525633 0.48438444179611955809 0.4200907745652281422 0.42660739426928395712 0.48322780429298545224 0.54169789983953831047
nan nan nan nan nan nan nan nan nan nan nan nan nan nan nan nan nan nan nan nan nan nan nan nan nan nan nan nan nan nan nan nan nan 1.6147792531037119534 1.4804900346150207113 1.2846077036532315141 1.2427295369212107978 1.1009392724130662167 0.88065520497818394752 0.87761561959112799336 0.84603400761052316437 0.88963199050824326442 0.86244658569813914539 0.78311198028238870883 0.68044717340194282862 0.58731373152294408246 0.4709999810485328009 0.28267569316909668675 0.017862542842698385381 0 0 0 0 0 0 0 0 0 0 0 0 0 0 0.042477960263327341206 0.15748591342216358702 0.32406862570587757766 0.45466095223469338293 0.54097626786801866761 0.58079069961167240077 0.56138067235198996219 0.5927757553091879128 0.59334375930904525998
nan nan nan nan nan nan nan nan nan nan nan nan nan nan nan nan nan nan nan nan nan nan nan nan nan nan nan nan nan nan nan nan 1.5954757864614863561 1.5761758206352440848 1.4666540915221435437 1.4649090494741527912 1.4181985674893107241 1.3384849825521065725 1.312604500524585438 1.2954747842222653631 1.0749093181457025636 1.0681697466029669297 1.0759322727846194478 1.0421969418390264472 0.9519146308721394556 0.81936259466085148429 0.62370651382605868385 0.41552758961043656516 0.32954891716737827467 0.1764576039815079489 0 0 0 0 0 0 0 0 0 0 0 0 0.15442077611092433487 0.22113722201581653692 0.0029781629659237818415 0 0 0.42184031842903280118 0.49880904292078398488 0.56625003280253993765 0.82347039934874310951 0.90620212827531720912
nan nan nan nan nan nan nan nan nan nan nan nan nan nan nan nan nan nan nan nan nan nan nan nan nan nan nan nan nan nan nan nan nan 1.5268501042383066935 1.4382924620786787795 1.4344206884248178469 1.3934019736210276896 1.3055464864372421374 1.3462865481148471591 1.4018331269408264017 1.4124881374359614661 1.4519156775181971675 1.2508016702765054617 1.1910551180295922968 1.1642458851913544127 1.1356432905691011825 1.0104856661139720586 0.7758638483349322712 0.4840933662101050694 0.36184854174865621612 0 0 0 0 0 0 0 0 0 0 0 0.21720637033874082289 0.20552975070386503287 0.24918634410801379642 0.46290188651805480591 0.32154603530782022158 0 0.23929600637117054429 0.77522917306707572749 0.92071482611707167187 1.1211624765033256779 1.1970718854745201476
nan nan nan nan nan nan nan nan nan nan nan nan nan nan nan nan nan nan nan nan nan nan nan nan nan nan nan nan nan nan nan nan 1.7260905911639485844 1.5865701812166064233 1.5449169974436061104 1.5383280872630968883 1.4982390211566796179 1.4091452257897572053 1.4298910180937030034 1.4985726515697106453 1.5390802615634413542 1.6093814984815719704 1.6061963290837311114 1.5980880699571078374 1.488888898870576627 1.151512110632868513 0.9803655942170104165 0.781293671456908978 0.5031493329841957296 0.098235657244906307572 0 0 0 0.0024384251623010360331 0 0 0 0 0 0.26864963649842193982 0.42536102835245909182 0.28584791324729563744 0.28665469571713075858 0.42700941709445860983 0.6731432361517792895 0.96896777557259627933 0.8748236500858859177 0.66563257375264162086 0.74674326398000845373 1.0206946272336565595 1.1374207064170280823 1.3590081323293881077
nan nan nan nan nan nan nan nan nan nan nan nan nan nan nan nan nan nan nan nan nan nan nan nan nan nan nan nan nan nan nan nan 1.8260145150320734597 1.736509089113690063 1.5790837720821957468 1.5462480410306320699 1.5440135220259536553 1.5132172691276546406 1.5215796197428679282 1.61085659898426381 1.4101290526122172153 0.86659722868741206891 0.58970547113144733409 0.80181428045247327141 0.75784537360044113008 0.66330497149772260634 0.68427308250740304096 0.57007593662525035683 0.079318542854527343544 0 0 0 0 0 0 0.0037522651837681030192 0 0 0.27099508577492137373 0.45179012581594829578 0.47341654493350870947 0.58330718863987951472 0.66505802605901842561 0.72599612038439387263 0.75671145264869466018 0.96256436214841711863 1.0232490734264740873 1.0578038512798129123 0.8858928011174301842 0.8461565763464513612 0.93729048065627573738 1.1623027024279029007
nan nan nan nan nan nan nan nan nan nan nan nan nan nan nan nan nan nan nan nan nan nan nan nan nan nan nan nan nan nan nan nan 1.8388486859430830389 1.8369105545314745598 1.7829736127418640557 1.6169756072418275394 1.5064425041525726368 1.531512929235820053 1.4582507857442557064 1.1959829657418019622 1.0163941889525247575 0.45612813433457294332 0.30235478931093295873 0.39797132402478530011 0.65790866883052290248 0.62471888820986687385 0.49729445207445327481 0.29085467829469302536 0 0 0 0 0 0 0 0 0 0.11713421727943083839 0.39334835113490829173 0.57181090912066112608 0.58465668906167267416 0.59967709740754404635 0.78078291062286586666 0.92308335750594883162 0.92281079618066441661 1.0695975039970679887 1.0505404559208133541 1.0379597586550592947 1.0776634527774739958 1.0998922270362001541 1.0515914331899791634 0.94037652497795320983
nan nan nan nan nan nan nan nan nan nan nan nan nan nan nan nan nan nan nan nan nan nan nan nan nan nan nan nan nan nan nan nan 1.6758372746698348976 1.7098082796536000494 1.6678622513002956396 1.6114676790608670753 1.5580250138090545597 1.2331730837162475645 0.96226969998543943063 0.96545544486002532469 0.84446559434734136396 0.42558447891972173149 0.27684100042701020872 0.12598940597435637212 0.094649089981269599048 0.29076893250909413569 0.45433643835731329919 0.40185425268459329384 0.19825736718434661121 0 0 0 0 0 0 0 0 0.44849719817257183152 0.36176356179506347077 0.37607620078913084338 0.46197391232284007456 0.48311352916524835654 0.75737961604538850402 1.0792349908385765467 1.1731348470382818583 1.3482051831382664275 1.2490287685487413416 1.0309862821255033616 1.0374558412654524275 1.1817126854172774753 1.2746314955147604042 1.2509613423974443869
nan nan nan nan nan nan nan nan nan nan nan nan nan nan nan nan nan nan nan nan nan nan nan nan nan nan nan nan nan nan nan 1.4045854735054574824 1.3813637423940523519 1.4687551955658222358 1.2983606505013334242 1.1284077145308568646 0.99540708595168214678 0.92334878555181643112 1.0358963129280556181 1.0562123599376394001 0.94381506135122938961 0.56821218010599483517 0.15731839917323861555 0 0 0.036481526014746044895 0.12316294233077029752 0.16737010876942434723 0.066745237440187843436 0 0 0 0 0 0 0 0 0.36986330460120786512 0.55876762409518554442 0.59544759111482903347 0.69443133321138839076 0.80493376816719186539 0.87266524460171446265 0.91552147695732055688 1.1980112957493713743 1.4197952230151047459 1.3224103086132206197 1.296490433231415107 1.2479876007626120593 1.2904161469256574257 1.2860754126453053381 1.1756151015248588187
nan nan nan nan nan nan nan nan nan nan nan nan nan nan nan nan nan nan nan nan nan nan nan nan nan nan nan nan nan nan 1.1745223467208025792 1.2264895012769003735 1.2700878242806963314 1.4333373732361898156 1.398245094156473467 1.3136990223693025825 1.1847346029176659687 1.0193929446294611729 1.0882274527621382809 1.1404919309343024558 1.0793524668439045122 0.83557785369151804655 0.61578977003412649349 0.26533163153242683707 0.084642273036194079494 0.032442973076663370047 0.086032329009804342501 0.055553658748219235386 0 0 0 0 0 0 0 0 0.15688318798580563884 0.47000171926372191766 0.68830534418055078216 0.78205136974986300125 0.87942611123368008563 0.88491594469197121242 0.8235317583630191729 0.59894386649445263693 0.46111718879662411119 0.82847698177300488354 1.1519182370985081576 1.2754159602072072666 1.3764445453068576697 1.2710254982099897791 1.0987565536329337856 1.1608846191915651591
nan nan nan nan nan nan nan nan nan nan nan nan nan nan nan nan nan nan nan nan nan nan nan nan nan nan nan nan 1.5229260353655835747 1.1207048070968306241 1.0140862747762915408 1.0553133139256005713 1.1177354906386662847 1.2483866925990900754 1.4290696712045500849 1.5020107991468085729 1.3961308100667324528 1.1843244095177358766 1.0648188975485335384 1.0745163811467448589 1.1407416665594660721 0.93567260962701503946 0.86740387102394800323 0.62914440792262782409 0.29769559288897073923 0.12490174143838492227 0.066158348309013098598 0 0 0 0 0 0 0 0 0.088909794439562345181 0.18568020581074601294 0.21029556746401081857 0.54523485524692216764 0.73018446229125111291 0.83601537553921190238 0.86584637075823889241 0.86337200075703279811 0.86700103454896904065 0.76605467559399031963 0.72420433521034011104 1.1191486950460043381 1.566273708564056788 1.5140219597631419113 1.2989600015465900817 1.1067018966655499668 1.1696248329110947584
