results/rofental/snowdepth_month_2020-06-01T0000_2020-06-30T2300.asc
ncols        322
nrows        225
xllcorner    622802.488000000012
yllcorner    5178049.378999999724
cellsize     100.000000000000
[rows 116 to 144 of 225, columns 192 to 255 of 322]
0 3.1686075593559940065e-06 0.00030346473202017649681 0.0015816189277933238519 0.0040677440631613753091 0.004699752565131406698 0.0058112609251028696927 0.0088031493487521848135 0.028705701462133897256 0.11745853288150734373 0.075154426606000079847 0.020227388440051057017 0.011295189330672561132 0.011460822987722895511 0.011905292750632904403 0.014281730767305702776 0.25491759435263694478 0.88677116364885255617 0.60518003238999196203 0.5064269144462902883 0.34679888506106881785 0.60156544013780399727 nan nan nan nan nan nan nan nan nan nan nan nan nan nan nan nan nan nan nan nan nan nan nan nan nan nan nan nan nan nan nan nan nan nan nan nan nan nan nan nan nan nan
5.4330657635515647731e-05 0.00084341115693037751241 0.0018097509507119192897 0.0048857492377829382993 0.0077473642510391084112 0.018740828362160399934 0.032846442542614130711 0.01229760410406962115 0.013556512888902881586 0.19938319664036416312 0.18416394692807472322 0.2187007839653090091 0.11972442301226557393 0.03301110679637293821 0.013381450973157564543 0.015654293161268789669 0.16363160566993151246 1.2304465110474602785 1.2572492217071189469 1.0324187971552281073 0.93226802440700273777 nan nan nan nan nan nan nan nan nan nan nan nan nan nan nan nan nan nan nan nan nan nan nan nan nan nan nan nan nan nan nan nan nan nan nan nan nan nan nan nan nan nan nan
0.0012134133891956600665 0.0030724114270044488792 0.0049588300550854006593 0.0071422511250755155512 0.012564003057025471821 0.065976836317818352007 0.12941748307772196758 0.32346229309795526685 0.063275986708075798726 0.052475956410465401936 0.16772592727705545879 0.22995681213011504029 0.18464554693971566013 0.052391150071236729235 0.038633180812460463094 0.077599396551659219345 0.11399610485420667849 0.89480867461863022871 1.5027731645091602086 1.296691681572344601 nan nan nan nan nan nan nan nan nan nan nan nan nan nan nan nan nan nan nan nan nan nan nan nan nan nan nan nan nan nan nan nan nan nan nan nan nan nan nan nan nan nan nan nan
0.0042304276500935511854 0.0055794209716582485181 0.0074154911894574564168 0.016558211794909367259 0.071136358831346460652 0.079571060915084215748 0.16651414920133439379 0.11959604441624792359 0.03320428833024471893 0.030556904956706414794 0.11251663485502903794 0.11856050447535482206 0.13983356718655226558 0.039502464139566755008 0.046906798651194417382 0.26496258966821106817 0.6366812446634645406 0.8996930449427728016 1.4762063650622896382 nan nan nan nan nan nan nan nan nan nan nan nan nan nan nan nan nan nan nan nan nan nan nan nan nan nan nan nan nan nan nan nan nan nan nan nan nan nan nan nan nan nan nan nan nan
0.01053980184313566687 0.010503398251499290739 0.024201236657311088474 0.043442046120095376138 0.15705017468245499601 0.39194868124378340335 0.30294883275769340925 0.15521516821579017797 0.037043883756145791486 0.037713197876084361693 0.23689402657061045532 0.27300249155555600389 0.38166248692276194543 0.25180322763380774687 0.51165709385240987217 0.58901781200580927145 0.44883420420907083059 0.97870247444093838585 1.5854453988459396019 nan nan nan nan nan nan nan nan nan nan nan nan nan nan nan nan nan nan nan nan nan nan nan nan nan nan nan nan nan nan nan nan nan nan nan nan nan nan nan nan nan nan nan nan nan
0.019927423194381798516 0.067232601203542657897 0.086476599949018378988 0.14023465295444595413 0.28128601698405969467 0.68241367344489523017 0.20421945922669113016 0.19224520886059978664 0.050876394134788463508 0.022238134025887403011 0.17155534183758539002 0.37396198798504876049 0.53460066820620799621 0.25426202223509553058 0.35970900682379675084 0.78909713812820836409 0.79946967551660796936 1.0305727914822695457 1.7913755945004290471 nan nan nan nan nan nan nan nan nan nan nan nan nan nan nan nan nan nan nan nan nan nan nan nan nan nan nan nan nan nan nan nan nan nan nan nan nan nan nan nan nan nan nan nan nan
0.021863207512425687773 0.097524367236070344522 0.17371845285023906902 0.45361311074578530844 0.58689518615817959368 0.79062382811235409896 0.27560817336596027394 0.29337632195730817264 0.14864070769020551466 0.16499373463315483712 0.34173936591804998653 0.30840206701118805244 0.33228972219374619534 0.21111114701912389591 0.26131747751245998357 0.61175676278703694511 0.72951590162341917178 0.90584146462278081202 1.4670617017624414391 nan nan nan nan nan nan nan nan nan nan nan nan nan nan nan nan nan nan nan nan nan nan nan nan nan nan nan nan nan nan nan nan nan nan nan nan nan nan nan nan nan nan nan nan nan
0.023211464802896854265 0.10766233722470867906 0.26197839826168206612 0.55309544281666078724 0.59998576193440888993 0.56903190671049219684 0.3810744234119723961 0.5466231764440625529 0.5896842003468416582 0.60291351187065167494 0.55536519138375828319 0.4832340093015038418 0.38505370187728010789 0.31156345242900962411 0.029987273945637844125 0.025025128502180162687 0.041338076792092337541 0.22928476868453712134 0.93472665725645898149 nan nan nan nan nan nan nan nan nan nan nan nan nan nan nan nan nan nan nan nan nan nan nan nan nan nan nan nan nan nan nan nan nan nan nan nan nan nan nan nan nan nan nan nan nan
0.022351442367531407229 0.17811990490398227349 0.52365734334268732031 0.91192130909203739098 1.0090286186160684068 0.60000425411403179865 0.37732344946608242786 0.31949947767120412401 0.35093154574293411452 0.37979323517709079328 0.4529675336336320135 0.4316014714700449062 0.20162140230861971824 0.24345490261645408303 0.17501419683910671155 0.0265929384891549353 0.038495740083415552757 0.33078221292832482581 0.90509623014095930138 nan nan nan nan nan nan nan nan nan nan nan nan nan nan nan nan nan nan nan nan nan nan nan nan nan nan nan nan nan nan nan nan nan nan nan nan nan nan nan nan nan nan nan nan nan
0.053769119267294177011 0.1926410428989621948 0.47212953453809697324 0.60041578384203975194 0.72024929250820890481 0.90598094942393203599 0.75737546308026171271 0.67024080272359010113 0.59326272408910540879 0.52533846455880139903 0.52102123774211239748 0.46520256381294500247 0.36337493470310044952 0.36749604215074332947 0.4239652982193541364 0.23448775924485013022 0.21994783125985245542 0.59359339940820221582 1.0969585522125557819 nan nan nan nan nan nan nan nan nan nan nan nan nan nan nan nan nan nan nan nan nan nan nan nan nan nan nan nan nan nan nan nan nan nan nan nan nan nan nan nan nan nan nan nan nan
0.12304959484813655923 0.22876793474812212592 0.42092184979958036095 1.1599210733231779535 0.91337951990258581247 0.93651657662062548493 0.89240045976946791306 0.76306425493562057838 0.61111326992774805955 0.54460117404032348798 0.54630448417553245655 0.5220601991370548145 0.70679801158159127894 1.1158658896247497516 0.9124710207152096908 0.82900732705621171803 0.37004789265472776139 0.24475310840671224422 nan nan nan nan nan nan nan nan nan nan nan nan nan nan nan nan nan nan nan nan nan nan nan nan nan nan nan nan nan nan nan nan nan nan nan nan nan nan nan nan nan nan nan nan nan nan
0.091625468988305036611 0.17281075487456842854 0.30792114094029221505 1.2058905556138517223 1.414323637784543175 0.99982383110435602003 0.94023705012281688642 0.82014927619372557377 0.62840095171497722948 0.536075638124669962 0.55574172079563288751 0.5378890737836002911 0.63904907849818082255 1.1347196300511324107 1.2014568020447708996 0.97884759060984727341 0.79337653050068157601 0.97076992349775514946 nan nan nan nan nan nan nan nan nan nan nan nan nan nan nan nan nan nan nan nan nan nan nan nan nan nan nan nan nan nan nan nan nan nan nan nan nan nan nan nan nan nan nan nan nan nan
0.25059406210789431091 0.68290195431579436836 0.96537655118299359192 1.2461020143517236303 1.1064860643243512595 1.0528157018528352395 0.82881277951100551515 0.7630945147855745514 0.65742905315143407297 0.60506095383832381174 0.61043652909755474756 0.5040216685088926285 0.48856219042745929748 0.8522177925454883507 1.4209333458078159396 1.2279685113069842561 1.0847750957232771274 1.0705957185058343484 nan nan nan nan nan nan nan nan nan nan nan nan nan nan nan nan nan nan nan nan nan nan nan nan nan nan nan nan nan nan nan nan nan nan nan nan nan nan nan nan nan nan nan nan nan nan
0.054709138793546982504 0.26453313688767943201 0.72078808349354650531 1.2634825737567891846 1.2986925544477589956 0.90402867029069045035 0.72302804914643370449 0.69763519805483031888 0.61229355294814025168 0.60739162628717835446 0.61314288030590891054 0.62988259108052113699 0.56748607264302031172 0.64075328512724494257 1.4524228477945677618 1.713927645861397453 nan nan nan nan nan nan nan nan nan nan nan nan nan nan nan nan nan nan nan nan nan nan nan nan nan nan nan nan nan nan nan nan nan nan nan nan nan nan nan nan nan nan nan nan nan nan nan nan
0.17379824855107714465 0.16499217110929512153 0.24111687332818318441 0.82570181441694590063 1.4292708600546921716 1.0858537408041517569 0.89101109018969260056 0.90086768386226956373 0.7862996183246010462 0.72758540342456301531 0.82292143710477783092 1.0483349810907034438 0.86610855084616678035 0.79662387471974127617 1.1309152297384532648 nan nan nan nan nan nan nan nan nan nan nan nan nan nan nan nan nan nan nan nan nan nan nan nan nan nan nan nan nan nan nan nan nan nan nan nan nan nan nan nan nan nan nan nan nan nan nan nan nan
0.015825146814552007446 0.014891494555072855646 0.018333067483082259724 0.29022327513944495836 1.4878165076574498826 1.3723442823197078422 1.213279742287927121 1.0887695172258629039 1.1499351586181920659 1.4765787978648983181 1.6982696444452489715 1.483697944649285505 1.0897620202048616811 0.9533871745000375153 nan nan nan nan nan nan nan nan nan nan nan nan nan nan nan nan nan nan nan nan nan nan nan nan nan nan nan nan nan nan nan nan nan nan nan nan nan nan nan nan nan nan nan nan nan nan nan nan nan nan
0.023496054574189351172 0.027332372868355814949 0.12740817913431395914 0.36325378986020295802 1.0662114413490606513 1.4829347084480459795 1.4990828607852069165 1.5189149188440447258 1.4539611924858397707 nan nan nan 1.0874011210921139536 nan nan nan nan nan nan nan nan nan nan nan nan nan nan nan nan nan nan nan nan nan nan nan nan nan nan nan nan nan nan nan nan nan nan nan nan nan nan nan nan nan nan nan nan nan nan nan nan nan nan nan
0.065158036112361553127 0.26582624875052957014 0.45164149802610442652 0.59252270521015015792 1.2078777634303583532 1.7986659236021929065 nan nan nan nan nan nan nan nan nan nan nan nan nan nan nan nan nan nan nan nan nan nan nan nan nan nan nan nan nan nan nan nan nan nan nan nan nan nan nan nan nan nan nan nan nan nan nan nan nan nan nan nan nan nan nan nan nan nan
0.16875525923111972526 0.41022424277159730277 0.66478139196377850073 0.81175062914739704034 0.98219406487197979949 nan nan nan nan nan nan nan nan nan nan nan nan nan nan nan nan nan nan nan nan nan nan nan nan nan nan nan nan nan nan nan nan nan nan nan nan nan nan nan nan nan nan nan nan nan nan nan nan nan nan nan nan nan nan nan nan nan nan nan
0.3275441265196324947 0.58124119932497964047 0.77601285010767229178 0.84054908363427283113 0.96792761210998212729 nan nan nan nan nan nan nan nan nan nan nan nan nan nan nan nan nan nan nan nan nan nan nan nan nan nan nan nan nan nan nan nan nan nan nan nan nan nan nan nan nan nan nan nan nan nan nan nan nan nan nan nan nan nan nan nan nan nan nan
0.014818823175262217998 0.017124895939447701276 0.074049242740320764256 0.2783809814254471493 1.1005395700157998284 nan nan nan nan nan nan nan nan nan nan nan nan nan nan nan nan nan nan nan nan nan nan nan nan nan nan nan nan nan nan nan nan nan nan nan nan nan nan nan nan nan nan nan nan nan nan nan nan nan nan nan nan nan nan nan nan nan nan nan
0.012761611044069200507 0.014260236333306126541 0.11103520833873346818 0.47438987567092039122 0.96069563643847710743 1.9214093848953353039 nan nan nan nan nan nan nan nan nan nan nan nan nan nan nan nan nan nan nan nan nan nan nan nan nan nan nan nan nan nan nan nan nan nan nan nan nan nan nan nan nan nan nan nan nan nan nan nan nan nan nan nan nan nan nan nan nan nan
0.15875731387749986157 0.022744391618228991525 0.036970984779761927042 0.19630785948328405288 0.39340414065312362402 1.423601489194560088 nan nan nan nan nan nan nan nan nan nan nan nan nan nan nan nan nan nan nan nan nan nan nan nan nan nan nan nan nan nan nan nan nan nan nan nan nan nan nan nan nan nan nan nan nan nan nan nan nan nan nan nan nan nan nan nan nan nan
0.3151120876939716986 0.15196869534632662102 0.18201603517028991375 0.45739234150108420973 0.75298264879519660742 1.6372314233347415868 nan nan nan nan nan nan nan nan nan nan nan nan nan nan nan nan nan nan nan nan nan nan nan nan nan nan nan nan nan nan nan nan nan nan nan nan nan nan nan nan nan nan nan nan nan nan nan nan nan nan nan nan nan nan nan nan nan nan
0.5754520787364565404 0.51887788831391723487 0.41596459647696937267 0.62127976757661551588 1.0038579683774815354 1.7071465962912466541 nan nan nan nan nan nan nan nan nan nan nan nan nan nan nan nan nan nan nan nan nan nan nan nan nan nan nan nan nan nan nan nan nan nan nan nan nan nan nan nan nan nan nan nan nan nan nan nan nan nan nan nan nan nan nan nan nan nan
0.54826255294764059123 0.58501119327258443992 0.31534126778996768303 0.36705142520340544587 0.79562828755835146577 1.1768620220121148723 2.0405386529328795042 nan nan nan nan nan nan nan nan nan nan nan nan nan nan nan nan nan nan nan nan nan nan nan nan nan nan nan nan nan nan nan nan nan nan nan nan nan nan nan nan nan nan nan nan nan nan nan nan nan nan nan nan nan nan nan nan nan
0.76227326573198528337 0.69668294149473242172 0.54458743545614241022 0.44342339394374352679 0.55891331448876646615 0.93223835803527843602 nan nan nan nan nan nan nan nan nan nan nan nan nan nan nan nan nan nan nan nan nan nan nan nan nan nan nan nan nan nan nan nan nan nan nan nan nan nan nan nan nan nan nan nan nan nan nan nan nan nan nan nan nan nan nan nan nan nan
0.96121650512604839278 0.74834196692591792299 0.68036287497353398201 0.99228279584718004358 1.3272345000746645916 1.0062691574095514735 nan nan nan nan nan nan nan nan nan nan nan nan nan nan nan nan nan nan nan nan nan nan nan nan nan nan nan nan nan nan nan nan nan nan nan nan nan nan nan nan nan nan nan nan nan nan nan nan nan nan nan nan nan nan nan nan nan nan
1.0130716374863910634 0.94941456614844399464 0.74833287082022492687 0.76677213538695188078 nan nan nan nan nan nan nan nan nan nan nan nan nan nan nan nan nan nan nan nan nan nan nan nan nan nan nan nan nan nan nan nan nan nan nan nan nan nan nan nan nan nan nan nan nan nan nan nan nan nan nan nan nan nan nan nan nan nan nan nan
