results/rofental/snowmelt_month_2020-04-01T0000_2020-04-30T2300.asc
ncols        322
nrows        225
xllcorner    622802.488000000012
yllcorner    5178049.378999999724
cellsize     100.000000000000
[rows 56 to 83 of 225, columns 189 to 251 of 322]
nan nan nan nan nan nan nan nan nan nan nan nan nan nan nan nan nan nan nan nan nan nan nan nan nan nan nan nan nan nan nan nan nan nan nan nan nan nan nan nan nan nan nan nan nan nan nan nan nan nan nan nan nan nan nan nan nan nan nan nan nan nan nan
nan nan nan nan nan nan nan nan nan nan nan nan nan nan nan nan nan nan nan nan nan nan nan nan nan nan nan nan nan nan nan nan nan nan nan nan nan nan nan nan nan nan nan nan nan nan nan nan nan nan nan nan nan nan nan nan nan nan nan nan nan nan nan
nan nan nan nan nan nan nan nan nan nan nan nan nan nan nan nan nan nan nan nan nan nan nan nan nan nan nan nan nan nan nan nan nan nan nan nan nan nan nan nan nan nan nan nan nan nan nan nan nan nan nan nan nan nan nan nan nan nan nan nan nan nan nan
nan nan nan nan nan nan nan nan nan nan nan nan 38.826508601177337709 nan nan nan nan nan nan nan nan nan nan nan nan nan nan nan nan nan nan nan nan nan nan nan nan nan nan nan nan nan nan nan nan nan nan nan nan nan nan nan nan nan nan nan nan nan nan nan nan nan nan
nan nan nan nan nan nan nan nan nan nan 29.147869971437195602 64.782179403769731607 111.9177778022465759 85.234556970556170086 34.132476566150955932 nan nan nan nan nan nan nan nan nan nan nan nan nan nan nan nan nan nan nan nan nan nan nan nan nan nan nan nan nan nan nan nan nan nan nan nan nan nan nan nan nan nan nan nan nan nan nan nan
nan nan nan nan nan nan nan nan 142.15551845943130616 135.46767866861875973 120.37133573516705098 109.30562661279023473 121.66395418689305075 150.69086438423491359 152.13960093845054189 76.810480300726084124 nan nan nan nan nan nan nan nan nan nan nan nan nan nan nan nan nan nan nan nan nan nan nan nan nan nan nan nan nan nan nan nan nan nan nan nan nan nan nan nan nan nan nan nan nan nan nan
nan nan nan nan nan nan 12.039460125602714058 95.969994787225587629 174.02029110130553136 184.12342806516383575 187.39447471605427609 184.29679168594404359 156.20733832911625427 128.4049842186569208 185.08737344567032324 222.7508597670931465 183.83720632893965785 93.81532569246965636 nan nan nan nan nan nan nan nan nan nan nan nan nan nan nan nan nan nan nan nan nan nan nan nan nan nan nan nan nan nan nan nan nan nan nan nan nan nan nan nan nan nan nan nan nan
nan nan nan nan nan 60.228620975114182556 50.769278448977615881 122.58764329335018317 156.2331380536035681 159.29643452710033102 167.73270064181699013 183.72585036734068353 187.05161041308568315 150.43496244902266312 160.77175660644300592 218.89264096546028782 254.19595088127641702 261.2146665850270324 200.75902752599770906 44.85255864110523305 nan nan nan nan nan nan nan nan nan nan nan nan nan nan nan nan nan nan nan nan nan nan nan nan nan nan nan nan nan nan nan nan nan nan nan nan nan nan nan nan nan nan nan
nan nan nan nan nan 28.825111907176562909 26.550532496885377753 73.278494987329906962 130.00841574241758281 121.15674870547832143 119.28834033521005153 123.71311172113846055 140.45910873560549703 137.26321026392562885 138.4227051903003769 165.49158219244498014 204.9883469802546756 252.39059300938546926 275.24160826479561592 255.37357990248912643 158.53066724579750257 nan nan nan nan nan nan nan nan nan nan nan nan nan nan nan nan nan nan nan nan nan nan nan nan nan nan nan nan nan nan nan nan nan nan nan nan nan nan nan nan nan nan
131.52244170563969305 51.140585088094638877 nan nan 142.64452158809385196 117.85675282147821008 61.087481097357553494 45.758464304741245599 66.185938171149473419 64.445922300834823204 51.727228445298422344 103.98170037380286601 154.34263278821845233 152.0532658684942362 132.23109126075905806 139.52008874551216877 160.34224957380774867 202.46485570025845391 260.99940232603609047 275.07334210033815225 208.13020323763115016 118.91265072290666183 nan nan nan nan nan nan nan nan nan nan nan nan nan nan nan nan nan nan nan nan nan nan nan nan nan nan nan nan nan nan nan nan nan nan nan nan nan nan nan nan nan
193.67325388601136638 177.10346775906555195 131.5346255351486775 109.91451405707091737 142.25068778666803837 204.21001655661160612 203.75227977103403987 75.378459553305248164 56.147630749844431364 98.485604937689643634 95.330485795771522817 105.05615650119858628 145.318471200178152 189.60741641775646826 157.16059797707475809 145.04189199000649069 163.53115663774096333 185.71588411614649772 226.20085134419716155 258.77026501257779501 214.44925662701314195 159.34353194180758351 89.288032468784550133 nan nan nan nan nan nan nan nan nan nan nan nan nan nan nan nan nan nan nan nan nan nan nan nan nan nan nan nan nan nan nan nan nan nan nan nan nan nan nan nan
209.91157388378039172 206.5796055983628321 184.77690488911599687 108.67671126332759002 176.38636777503899111 233.48656066344832993 249.05569224028397457 115.34110511363373064 50.095881917297788277 70.626653860666195328 89.875993392502266488 104.2585319087100828 105.72296861000690171 142.72206685169956586 171.24421280117442734 164.25328665967947472 178.62691867428065962 191.00215296843771284 218.65243496915371679 258.51226926502806691 229.6560660454047138 217.12959198855230625 159.81647331353889285 87.002448018504864535 nan nan nan nan nan nan nan nan nan nan nan nan nan nan nan nan nan nan nan nan nan nan nan nan nan nan nan nan nan nan nan nan nan nan nan nan nan nan nan
273.47259071598205082 272.62602315243100293 242.72476738356283477 130.77985371248763613 170.71854998778542267 253.35108254392326899 265.04150817163480269 229.06688104573086662 132.33804702848041757 24.844465948408195999 26.574234998677461306 94.621995137452586278 109.65216086537759566 131.85835018652073813 146.5507087670202111 155.79077983838021737 171.68712680423155348 181.79579279073260523 215.46712836563088445 277.76869345298160852 273.18035404524181331 316.97289478473527424 273.89974032247948799 120.03945272021854862 nan nan nan nan nan nan nan nan nan nan nan nan nan nan nan nan nan nan nan nan nan nan nan nan nan nan nan nan nan nan nan nan nan nan nan nan nan nan nan
267.98747236254513382 265.36273842366745157 238.47424961389805276 188.42400558115394915 188.52298758267627932 263.82615732658842944 276.23481781860772344 254.19903991410012623 253.85388470539143668 203.53288923585736825 17.887944128340350858 10.591028714142916911 50.525532609044120136 104.32042276126369984 140.52288086430769454 156.9814985894842323 184.78448960673733836 194.33084344685286737 215.83881387993292833 251.64288646199318578 278.75478685520852196 332.11126487024608878 330.4737168185072278 205.60727648712881432 nan nan nan nan nan nan nan nan nan nan nan nan nan nan nan nan nan nan nan nan nan nan nan nan nan nan nan nan nan nan nan nan nan nan nan nan nan nan nan
246.83455097795700794 271.24066198323129129 268.31451041832093551 245.94057439203430704 256.36991283677053843 288.81507343689253275 277.54194140231913934 263.55880275640919308 275.4327862498357149 268.12049077177147183 215.51529337357371219 34.044440822382249223 4.9049247748414428472 17.991015514251181173 98.054107987189937035 155.55729451612668868 203.33373298655030226 211.34460327288809367 221.99036255157159303 224.44500682235249656 224.18862424904395425 282.847995384669332 309.79989055315058977 190.63696845555071491 nan nan nan nan nan nan nan nan nan nan nan nan nan nan nan nan nan nan nan nan nan nan nan nan nan nan nan nan nan nan nan nan nan nan nan nan nan nan nan
241.1291634903044212 280.55604819156724261 309.38427489193355768 303.97915078892265228 305.53633209748483068 299.09455830756297701 286.03375214196324805 280.80265917553458621 284.37455751837455864 279.82694591207558688 263.61119214738084793 225.44988871089910276 206.91309079675289695 53.124105884166219482 30.160925540102191178 90.597158083969247855 184.8808276396652559 228.87370797427831803 242.92087239834449974 248.66248130671201011 233.03682166137070908 252.34781137329255785 321.36977010023264256 310.99625968421361222 106.55017343570489174 nan nan nan nan nan nan nan nan nan nan nan nan nan nan nan nan nan nan nan nan nan nan nan nan nan nan nan nan nan nan nan nan nan nan nan nan nan nan
202.48030642804593526 242.55622512153135517 303.92510677893341153 307.21321509428241825 303.38851094062573566 304.08904929910363535 303.05947981401425295 295.8285860703527419 294.67806793418145617 296.91879617765761168 275.04013811064493211 237.65259531179492569 274.42672955778260757 243.7437231382987477 89.352845951289452842 117.68676913747930257 170.79046049150721842 233.21840224010500719 249.21503810759173803 265.64620554826421994 319.37581930335272773 289.99720971850877049 319.07083536551266434 358.72449869292142921 286.78133754215542695 106.84759606150080913 nan nan nan nan nan nan nan nan nan nan nan nan nan nan nan nan nan nan nan nan nan nan nan nan nan nan nan nan nan nan nan nan nan nan nan nan nan
220.33665339164258512 241.75406645402549088 279.9397791112812115 282.50885826603814621 289.7217707431180429 296.75796616561132168 314.41453265933040484 305.02124341414696573 305.09534454000305459 313.90075477175508922 295.13533958723240858 249.74511474150904178 279.33737721828953227 281.05594953043004125 181.85099827274984818 111.96493777073708031 168.99759616753516411 249.29148067215433571 236.97057121235516775 230.81199788887141722 325.51754331011551358 367.52582390067328788 330.20905887423140257 362.32966299465311977 362.17287354792875931 208.19234188207769876 nan nan nan nan nan nan nan nan nan nan nan nan nan nan nan nan nan nan nan nan nan nan nan nan nan nan nan nan nan nan nan nan nan nan nan nan nan
208.72993856122425882 226.76792961844537899 258.87740257101836505 268.77784207081191425 266.5136553651721556 275.09995061843238773 306.5806586376904761 311.85692849098381885 314.13858458618403802 323.21635421727648918 315.56261287258195125 273.29326929043764949 267.13776051487769791 275.61571967632164615 253.9438266644455382 203.95067047490684331 142.47531731379660869 271.09727588599076853 262.57336583128085294 217.02586011825718515 299.20640357286742983 365.15699438134527099 371.77613804096478134 358.42794100248505629 347.2511951683432585 309.78533190769798011 111.72143302394935915 nan nan nan nan nan nan nan nan nan nan nan nan nan nan nan nan nan nan nan nan nan nan nan nan nan nan nan nan nan nan nan nan nan nan nan nan
190.34141458832181115 205.48702336314016748 252.63392734484904167 261.72492536383219885 258.62672059181875284 252.23859248756403417 272.69045639257791436 306.84938190549416959 322.65331681891666449 334.2375446118572313 318.08687177367551158 267.10406707749467614 243.74037145366563095 278.11198787368834928 264.19536983122571883 259.3054206811690392 213.58010741078808792 284.34357380613545274 316.96035067295389354 276.73098085109245403 287.80558449136714216 333.74355641838275233 355.11790426612083138 323.73419644355232094 286.78084708887575971 250.60266837588713429 117.66192553218985495 nan nan nan nan nan nan nan nan nan nan nan nan nan nan nan nan nan nan nan nan nan nan nan nan nan nan nan nan nan nan nan nan nan nan nan nan
202.21130604518350538 207.48548901166196856 249.17210398864278886 257.85345641837818675 259.36246452936592277 266.85855667600498009 268.3513433039158258 282.13885211551752263 314.06663776927621257 330.62907056177442655 309.83967644087073268 270.54072077365708537 162.6707613110522459 231.400267684629938 255.57127853656024286 232.74148936233422091 215.57339734534633635 249.04419327898546044 314.58566280862254416 312.23118016422904475 322.70330764611128416 303.532847253488967 313.88234581129614753 295.24013125416121284 266.17203778245732337 241.68100224923782093 nan nan nan nan nan nan nan nan nan nan nan nan nan nan nan nan nan nan nan nan nan nan nan nan nan nan nan nan nan nan nan nan nan nan nan nan nan
165.42206185754122316 216.49319890712496317 244.38179496157360404 258.71363978094177583 247.39256690262038774 264.22228416914759919 275.97082563878348083 261.46930583289423566 283.50814706388553077 321.9580842877115856 307.21171242145084079 278.10870697358541292 156.65007040058156917 213.03223471056622884 272.28031764165245932 254.38490669450470705 230.24752254781947158 227.95481050269555112 281.86809837371453114 324.99471870009324448 350.92396878067961552 348.53940075993756409 320.98489628295379816 271.08024252104695506 267.50685502751889544 264.89028206521930997 nan nan nan nan nan nan nan nan nan nan nan nan nan nan nan nan nan nan nan nan nan nan nan nan nan nan nan nan nan nan nan nan nan nan nan nan nan
70.220344352693174983 147.89656116087246573 242.06558992766790084 274.45963122846353599 249.34172159976307626 241.50492246822335574 276.07397718699951383 277.84220367495942128 273.86405752599341668 316.82779474936290853 314.74874285111144445 294.5364953894522273 162.21871832144245218 112.12504114017421841 191.6334751339190916 223.29336906787312955 246.97653497282342983 271.98872105498799101 322.15372675511554235 345.60180913685115911 369.57028216087564942 359.09330005301922029 338.75064360924790208 329.69832923703143024 341.57032175715778521 264.35164070355085641 nan nan nan nan nan nan nan nan nan nan nan nan nan nan nan nan nan nan nan nan nan nan nan nan nan nan nan nan nan nan nan nan nan nan nan nan nan
113.47331823571727227 90.280344021784785014 180.58321769781616695 248.05791919898598508 257.55124820486759063 230.23308787108433648 256.78772730319604989 284.92067497435164114 286.05461740967615469 274.87273495350916619 320.31991039465202675 326.99974578590973806 285.35024593069442744 149.55831270823154 188.4681770417899429 229.32535399694950229 224.52499715489258847 241.72509810704147526 315.15413431559113633 352.86085677149770845 358.2048896343276283 326.30171261729475418 330.63831636200768571 350.08366024319235521 364.47715783015320312 nan nan nan nan nan nan nan nan nan nan nan nan nan nan nan nan nan nan nan nan nan nan nan nan nan nan nan nan nan nan nan nan nan nan nan nan nan nan
153.00898705072523853 118.28250464873994474 104.0259228987124942 199.81073690123656661 232.82427359382475629 219.74972404128678249 225.12951848814122968 271.31639691591749397 306.00619173402145634 290.65515858059615084 331.68749569805282817 342.30362576023799193 344.20607200347080834 226.64866510242345043 198.50764826675558083 245.19289238529034947 233.64308437243715844 246.04244804806239699 325.96227227780127578 355.85218095525158333 328.84979687708715801 354.77132124197527219 375.56749988406363627 364.69685651912868707 349.37577802555131257 nan nan nan nan nan nan nan nan nan nan nan nan nan nan nan nan nan nan nan nan nan nan nan nan nan nan nan nan nan nan nan nan nan nan nan nan nan nan
57.501711211456083106 122.08569533652867278 159.98844081744428536 194.32770414729262143 238.19723861140749932 266.42936593132844791 257.82390216255924997 257.47703621469310065 312.78565933826166656 297.49688450590588218 336.23128475079323607 339.69874772343132463 345.72449858659376787 286.24197656939833223 195.26780269724770278 214.28080483702515835 208.52011814085980745 225.45019279453396166 303.29355032092098554 350.64859147699741015 346.81844425445780189 361.14959083213875601 335.50429722756916817 363.89122204172019792 363.20874710611730052 nan nan nan nan nan nan nan nan nan nan nan nan nan nan nan nan nan nan nan nan nan nan nan nan nan nan nan nan nan nan nan nan nan nan nan nan nan nan
140.15025826826004618 119.38523787660459163 194.82929750744440867 246.09990734746745034 250.42602883388821056 287.38215471453816008 288.77202016916322691 286.80599778662821109 314.23192986858595077 300.62414726571074652 331.82965723387354728 340.43504772380362056 340.91220583016382761 332.98527470367372416 251.26895505734134417 228.70181376817106411 210.85381013872918743 207.36444632306066183 282.09025507684356171 370.24195463161390762 350.89028643915412431 346.01495195301384911 324.83472937949005654 339.84684133170566156 358.68467414511496827 319.29785745242054418 nan nan nan nan nan nan nan nan nan nan nan nan nan nan nan nan nan nan nan nan nan nan nan nan nan nan nan nan nan nan nan nan nan nan nan nan nan
172.53054116011318797 150.2682612479331965 152.51044140940626903 215.30518859811036236 271.6133798208966823 292.54190229133939738 307.21283956001951765 314.87256799019775144 321.10726691388214249 322.55271924904923253 341.43411412703846963 361.05479260456996826 336.90815749207820318 324.47631240669494446 303.21250273786205298 264.54529101014765047 235.54400012845823653 209.4101430182997774 269.22201319477073866 356.57057278251892285 346.83254593714855218 343.6252549682450308 317.96753807653232116 319.65220175588785878 367.28887361747786144 349.4571913903607765 361.21884560774009287 nan nan nan nan nan nan nan nan nan nan nan nan nan nan nan nan nan nan nan nan nan nan nan nan nan nan nan nan nan nan nan nan nan nan nan nan
