results/rofental/snowmelt_month_2020-08-01T0000_2020-08-31T2300.asc
ncols        322
nrows        225
xllcorner    622802.488000000012
yllcorner    5178049.378999999724
cellsize     100.000000000000
[rows 168 to 195 of 225, columns 62 to 123 of 322]
nan nan nan nan nan nan nan nan nan nan nan nan nan nan nan nan nan nan nan nan nan nan nan nan nan nan nan nan nan 38.373571702299976494 50.945256631426317995 56.416909715196176478 56.240117516238363748 57.090212079775781717 59.452990376054472677 65.580210222764449668 67.790183234186457639 67.460629185685036191 66.517088876366244676 67.974794095996685428 70.187019797127362608 70.405697340266172546 70.747793616074318379 70.686678473232589681 71.470101140357385816 80.185088329436666754 77.817078842231708791 76.017086880951822536 74.166127703199933308 72.292635707485942476 71.375474874370240741 70.326740801306570461 67.550530940757994358 66.550576420612586048 65.49622062028723235 64.245789111282107342 62.611255849469635848 61.787506143664003844 60.74079297082342066 59.938644524885098974 60.236249594062982737 61.812325612302537081
nan nan nan nan nan nan nan nan nan nan nan nan nan nan nan nan nan nan nan nan nan nan nan nan nan nan nan nan nan 32.937467418762473415 48.07733539764249997 59.604917930288550565 58.84941683707011606 58.310452370665529997 59.34791419488596631 63.181669375830871616 70.971673923533799666 67.888677348449306237 67.404384758256483678 67.975955467387933595 68.489807411945051285 68.752606466682436803 70.511871714694024149 71.188953265365398693 71.301433389294118115 80.538825100657064127 77.678654920323310762 76.162891953811609369 74.154189434278620752 72.402995154195536998 71.558910268744483574 70.966764794125609228 70.129096413877036298 67.362855402123557269 66.329125524539875869 65.006286196271318545 63.280926575661425204 62.898396919193366728 62.910391222136858858 63.943489377186310207 66.191953327466535484 68.159112618540163453
nan nan nan nan nan nan nan nan nan nan nan nan nan nan nan nan nan nan nan nan nan nan nan nan nan nan nan nan 40.043623010769579196 41.438495814381603566 56.693048649209899281 62.108904500703623341 57.995421730818407013 60.209786482134134644 59.979963881787512037 62.836648156046706504 68.424709431379881153 63.684702877916890884 67.299816547445374226 68.935736428726954728 67.215970372452957804 67.094111737808319162 70.28316073800452557 71.889770674598963751 71.427161309711991066 81.571751862524948251 79.58674629685316404 77.088086523457107546 74.78887622439684435 73.13503800670758892 72.05879688877881506 71.485105499187937994 70.493182421148389949 67.802585128720281205 66.608627247639958568 65.484248469191754793 65.865871223735439344 66.918679867134642336 70.391186926497923082 72.059607200664558491 74.060544609224066903 69.82096506603757291
nan nan nan nan nan nan nan nan nan nan nan nan nan nan nan nan nan nan nan nan nan nan nan nan nan nan nan nan 41.984266900585552662 53.564393012528242366 60.050143458749580816 61.542775171648926857 58.269206704834118682 61.698057502555535336 61.275507020329534669 62.364835103059327537 64.515616041464809882 68.500521249272736668 64.311892191455243051 67.466844482721157306 65.586269988022451116 65.645813362569526817 70.362100127658777637 82.716365750640903798 71.280858179749429837 70.818590633039903537 70.788783159299924819 79.31357532344941319 76.563204688747646287 75.34616723713651254 73.740082899578098363 72.732186704264975674 70.968132864969177831 68.4323219722156324 70.602033448435818741 70.966673543595319984 71.940562219679804912 74.645964882844779709 68.098514418451216557 70.898394779650601549 67.382867558554664811 61.33800296711913802
nan nan nan nan nan nan nan nan nan nan nan nan nan nan nan nan nan nan nan nan nan nan nan nan nan nan nan nan nan 45.872837493614504467 62.294291301360900093 62.494216081120967488 62.012552938722130591 61.776065273999009264 62.533332068141966431 63.348688687524436602 63.472833364605016016 66.294086751885984654 69.571905628671657951 61.736567805629164241 63.331548359937201553 63.832786406521321965 67.817326544644387809 70.78468097873599163 70.530938559696110701 69.926961412245688621 69.82699862109375033 80.157059084398369464 78.100569575763174157 76.707164530718216611 76.16506379423726969 76.102217074193092117 75.691617317787063257 76.641143521432567809 69.618682580377878821 70.840663807477696423 68.753195534599328198 66.238287414461339608 65.478491814504593549 64.289149734295307326 62.932588127165296044 60.451795785726226029
nan nan nan nan nan nan nan nan nan nan nan nan nan nan nan nan nan nan nan nan nan nan nan nan nan nan nan nan nan nan 49.347867110056022 64.554337574862984184 62.370922057982809861 61.198679872890693332 62.455651007695905719 62.513187728446105496 64.693119671938603688 58.929917144281382946 68.046202295131976712 60.487277556470566253 62.941005786679539824 63.465105781604130186 67.366200261473011324 70.837693649360403469 70.903666922543990836 69.664625412518830672 69.31764461663820498 80.783186203631416333 80.75219147671839437 69.982775267212574022 69.206763227185362553 67.337078961429170931 66.720384018798682746 67.605113053081410612 66.657571503407154978 64.412850547482847219 62.67912451331405066 60.789473380215234499 60.192085517818746609 67.153008226080615373 57.973143616759280405 45.172888429364874696
nan nan nan nan nan nan nan nan nan nan nan nan nan nan nan nan nan nan nan nan nan nan nan nan nan nan nan nan nan nan nan 46.632928893598176501 51.623698331039570064 55.174057284940566603 57.867566381711974088 60.215515017126413966 64.986223334355784687 56.122600135570252178 57.384383162921331234 60.165033457182367727 61.380343552268712415 61.554560325922828667 64.553497310536201326 68.304047941806217636 68.468178946263719808 66.656031740521541451 66.143423153374456547 66.13203678902266347 65.142108861215362481 64.711334610863588068 64.382336167335452615 63.466132036324644616 64.264461997398271365 64.188405654703458936 59.867303335722873214 68.058969913927384709 64.291213185382986239 61.421946126492471763 56.667301867820704331 nan nan nan
nan nan nan nan nan nan nan nan nan nan nan nan nan nan nan nan nan nan nan nan nan nan nan nan nan nan nan nan nan nan nan nan nan nan nan nan 62.835704041600180858 63.953628770938983905 65.853132858549855655 67.158296689337745988 65.94980127786193691 65.037713755556396222 66.003547919052351745 64.517131323261622811 66.361216648008564789 69.007674935467846922 59.471411065932052509 60.455051250953665942 61.706502722595509169 61.141208732466743925 61.272911854301810308 61.253937049247383584 60.428416196099092872 65.531990772649066912 nan nan nan nan nan nan nan nan
nan nan nan nan nan nan nan nan nan nan nan nan nan nan nan nan nan nan nan nan nan nan nan nan nan nan nan nan nan nan nan nan nan nan nan nan nan nan nan nan nan nan nan nan nan nan nan 59.151944950232291376 59.523854998781182246 58.329113797348064452 58.38378596780498242 68.136801297696393931 61.711027775541410278 56.852473302159047819 nan nan nan nan nan nan nan nan
nan nan nan nan nan nan nan nan nan nan nan nan nan nan nan nan nan nan nan nan nan nan nan nan nan nan nan nan nan nan nan nan nan nan nan nan nan nan nan nan nan nan nan nan nan nan nan nan 57.351682691173614614 64.149315791174302603 64.22104201015849867 60.721330930169528983 nan nan nan nan nan nan nan nan nan nan
nan nan nan nan nan nan nan nan nan nan nan nan nan nan nan nan nan nan nan nan nan nan nan nan nan nan nan nan nan nan nan nan nan nan nan nan nan nan nan nan nan nan nan nan nan nan nan nan nan nan nan nan nan nan nan nan nan nan nan nan nan nan
nan nan nan nan nan nan nan nan nan nan nan nan nan nan nan nan nan nan nan nan nan nan nan nan nan nan nan nan nan nan nan nan nan nan nan nan nan nan nan nan nan nan nan nan nan nan nan nan nan nan nan nan nan nan nan nan nan nan nan nan nan nan
nan nan nan nan nan nan nan nan nan nan nan nan nan nan nan nan nan nan nan nan nan nan nan nan nan nan nan nan nan nan nan nan nan nan nan nan nan nan nan nan nan nan nan nan nan nan nan nan nan nan nan nan nan nan nan nan nan nan nan nan nan nan
nan nan nan nan nan nan nan nan nan nan nan nan nan nan nan nan nan nan nan nan nan nan nan nan nan nan nan nan nan nan nan nan nan nan nan nan nan nan nan nan nan nan nan nan nan nan nan nan nan nan nan nan nan nan nan nan nan nan nan nan nan nan
nan nan nan nan nan nan nan nan nan nan nan nan nan nan nan nan nan nan nan nan nan nan nan nan nan nan nan nan nan nan nan nan nan nan nan nan nan nan nan nan nan nan nan nan nan nan nan nan nan nan nan nan nan nan nan nan nan nan nan nan nan nan
nan nan nan nan nan nan nan nan nan nan nan nan nan nan nan nan nan nan nan nan nan nan nan nan nan nan nan nan nan nan nan nan nan nan nan nan nan nan nan nan nan nan nan nan nan nan nan nan nan nan nan nan nan nan nan nan nan nan nan nan nan nan
nan nan nan nan nan nan nan nan nan nan nan nan nan nan nan nan nan nan nan nan nan nan nan nan nan nan nan nan nan nan nan nan nan nan nan nan nan nan nan nan nan nan nan nan nan nan nan nan nan nan nan nan nan nan nan nan nan nan nan nan nan nan
nan nan nan nan nan nan nan nan nan nan nan nan nan nan nan nan nan nan nan nan nan nan nan nan nan nan nan nan nan nan nan nan nan nan nan nan nan nan nan nan nan nan nan nan nan nan nan nan nan nan nan nan nan nan nan nan nan nan nan nan nan nan
nan nan nan nan nan nan nan nan nan nan nan nan nan nan nan nan nan nan nan nan nan nan nan nan nan nan nan nan nan nan nan nan nan nan nan nan nan nan nan nan nan nan nan nan nan nan nan nan nan nan nan nan nan nan nan nan nan nan nan nan nan nan
nan nan nan nan nan nan nan nan nan nan nan nan nan nan nan nan nan nan nan nan nan nan nan nan nan nan nan nan nan nan nan nan nan nan nan nan nan nan nan nan nan nan nan nan nan nan nan nan nan nan nan nan nan nan nan nan nan nan nan nan nan nan
nan nan nan nan nan nan nan nan nan nan nan nan nan nan nan nan nan nan nan nan nan nan nan nan nan nan nan nan nan nan nan nan nan nan nan nan nan nan nan nan nan nan nan nan nan nan nan nan nan nan nan nan nan nan nan nan nan nan nan nan nan nan
nan nan nan nan nan nan nan nan nan nan nan nan nan nan nan nan nan nan nan nan nan nan nan nan nan nan nan nan nan nan nan nan nan nan nan nan nan nan nan nan nan nan nan nan nan nan nan nan nan nan nan nan nan nan nan nan nan nan nan nan nan nan
nan nan nan nan nan nan nan nan nan nan nan nan nan nan nan nan nan nan nan nan nan nan nan nan nan nan nan nan nan nan nan nan nan nan nan nan nan nan nan nan nan nan nan nan nan nan nan nan nan nan nan nan nan nan nan nan nan nan nan nan nan nan
nan nan nan nan nan nan nan nan nan nan nan nan nan nan nan nan nan nan nan nan nan nan nan nan nan nan nan nan nan nan nan nan nan nan nan nan nan nan nan nan nan nan nan nan nan nan nan nan nan nan nan nan nan nan nan nan nan nan nan nan nan nan
nan nan nan nan nan nan nan nan nan nan nan nan nan nan nan nan nan nan nan nan nan nan nan nan nan nan nan nan nan nan nan nan nan nan nan nan nan nan nan nan nan nan nan nan nan nan nan nan nan nan nan nan nan nan nan nan nan nan nan nan nan nan
nan nan nan nan nan nan nan nan nan nan nan nan nan nan nan nan nan nan nan nan nan nan nan nan nan nan nan nan nan nan nan nan nan nan nan nan nan nan nan nan nan nan nan nan nan nan nan nan nan nan nan nan nan nan nan nan nan nan nan nan nan nan
nan nan nan nan nan nan nan nan nan nan nan nan nan nan nan nan nan nan nan nan nan nan nan nan nan nan nan nan nan nan nan nan nan nan nan nan nan nan nan nan nan nan nan nan nan nan nan nan nan nan nan nan nan nan nan nan nan nan nan nan nan nan
nan nan nan nan nan nan nan nan nan nan nan nan nan nan nan nan nan nan nan nan nan nan nan nan nan nan nan nan nan nan nan nan nan nan nan nan nan nan nan nan nan nan nan nan nan nan nan nan nan nan nan nan nan nan nan nan nan nan nan nan nan nan
