results/rofental/snowdepth_month_2020-01-01T0000_2020-01-31T2300.asc
ncols        322
nrows        225
xllcorner    622802.488000000012
yllcorner    5178049.378999999724
cellsize     100.000000000000
[rows 140 to 167 of 225, columns 62 to 123 of 322]
nan nan nan nan nan nan nan nan nan nan nan nan nan nan nan nan nan nan nan nan nan nan nan nan nan nan nan nan nan nan nan nan nan nan nan nan nan nan nan nan nan nan nan nan nan nan nan nan nan nan nan nan 1.3701504506758126478 1.3347143528078297958 1.244470309067154945 1.1773587904017606132 1.1523739636261018937 1.1353321123350121891 1.1189591851910747344 1.1155235703110109036 1.1130112604462725212 1.1015101703928069643
nan nan nan nan nan nan nan nan nan nan nan nan nan nan nan nan nan nan nan nan nan nan nan nan nan nan nan nan nan nan nan nan nan nan nan nan nan nan nan nan nan nan nan nan nan nan nan nan nan nan nan 1.3411117243586803127 1.2787053144130946514 1.2797555089605459067 1.2052103320376852391 1.15834926337960753 1.1554776325771380918 1.1414367803571667803 1.1319450463785567518 1.1263301772727496441 1.1214624176573091408 1.1142830995993526777
nan nan nan nan nan nan nan nan nan nan nan nan nan nan nan nan nan nan nan nan nan nan nan nan nan nan nan nan nan nan nan nan nan nan nan nan nan nan nan nan nan nan nan nan nan nan nan nan nan nan 1.2245391300378334343 1.1475209272956645723 1.1343355052135204453 1.1321146522258977996 1.1995788376061624625 1.2037756360256803845 1.1506958958815578509 1.1331888123015871894 1.1141347267026651124 1.1028137188784123968 1.0934940035497802135 1.0872495562153894344
nan nan nan nan nan nan nan nan nan nan nan nan nan nan nan nan nan nan nan nan nan nan nan nan nan nan nan nan nan nan nan nan nan nan nan nan nan nan nan nan nan nan nan nan nan nan nan nan nan 1.1826057701051848614 1.1545663409355777507 1.1064587620922756717 1.0890046169516998109 1.0764157455125153984 1.0876655848618150824 1.1596799750904198678 1.2247156228163660341 1.1307432711886056254 1.10841088644177721 1.096117959032217426 1.0838721334520318162 1.0725908812395799075
nan nan nan nan nan nan nan nan nan nan nan nan nan nan nan nan nan nan nan nan nan nan nan nan nan nan nan nan nan nan nan nan nan nan nan nan nan nan nan nan nan nan nan nan nan nan 1.3115444115567960193 1.2007257295854996126 1.1371479631170311464 1.1325658392427930821 1.1310489802836769524 1.1062654269886229574 1.0882696254021417825 1.071056464755764992 1.0510431760555360992 1.0701939410176430911 1.1243837580619484573 1.1459687263361002518 1.1308111339361213155 1.108474374898986925 1.0970820123580391492 1.0898072410928481002
nan nan nan nan nan nan nan nan nan nan nan nan nan nan nan nan nan nan nan nan nan nan nan nan nan nan nan nan nan nan nan nan nan nan nan nan nan nan nan nan nan nan nan nan nan 1.1300490955259019366 1.1289225283224930685 1.1396523863598160276 1.1041201957480464291 1.0966183880545337104 1.1203985467897830119 1.1215096699654167889 1.1011725658150064433 1.0749641828525193787 1.0502228406215883272 1.0271415699909043351 1.0375909999207821865 1.081266517391001214 1.1145259934206259711 1.126750639921519026 1.1245460173530321679 1.1115190784526078893
nan nan nan nan nan nan nan nan nan nan nan nan nan nan nan nan nan nan nan nan nan nan nan nan nan nan nan nan nan nan nan nan nan nan nan nan nan nan nan nan nan nan nan nan nan 1.110301850605952767 1.1056937253981962144 1.1002709919407089867 1.1040955447083078411 1.0772620012235956111 1.0697876882065648907 1.0694287476484916066 1.0796053042982509673 1.0710399032146904474 1.062316051586243093 1.0416227842452390195 0.99675229428640266249 0.9973592684197956082 1.0199534722260101827 1.0295633674086701603 1.0415502160930361075 1.0618381788396900056
nan nan nan nan nan nan nan nan nan nan nan nan nan nan nan nan nan nan nan nan nan nan nan nan nan nan nan nan nan nan nan nan nan nan nan nan nan nan nan nan nan nan nan nan nan 1.1426552066267492425 1.1232156393485055457 1.1068696574583825054 1.0972462593152785271 1.0943440081205906278 1.0917931557418047994 1.0865443804689649543 1.084949402911844496 1.0810531467772872549 1.0741030169803478245 1.0665875888352378542 1.0470442855627208889 1.0161926752907635141 0.98909747399253833411 0.9878971152601561112 1.0045205477829686203 0.99686669287383833371
nan nan nan nan nan nan nan nan nan nan nan nan nan nan nan nan nan nan nan nan nan nan nan nan nan nan nan nan nan nan nan nan nan nan nan nan nan nan nan nan nan nan nan nan 1.3100539084196360928 1.2086811507916728203 1.1266244828319968985 1.116657268702760053 1.1150901185128694326 1.1097337282640959977 1.1035824801102143145 1.1000905775226423877 1.0978014002397875615 1.0931487617043655902 1.0851416804400939586 1.077701646215232012 1.0690238257979940428 1.0594619198014023631 1.0435917100254603618 1.0128213961883929528 0.98042943726027309559 0.93725906853703899735
nan nan nan nan nan nan nan nan nan nan nan nan nan nan nan nan nan nan nan nan nan nan nan nan nan nan nan nan nan nan nan nan nan nan nan nan nan nan nan nan nan nan nan nan 1.3285588230135516596 1.2690372481825229478 1.1517457897245029219 1.1224403226860768523 1.1169336863598102738 1.1126095929425305897 1.109797948543762125 1.1075140264581941896 1.1008982633597323986 1.0918369317541227748 1.0826530377021226226 1.0755388358162027984 1.0658914317444514452 1.056750203602719651 1.0464314972335495568 1.0384251490697697928 1.0228970840770506001 1.0031174961434363713
nan nan nan nan nan nan nan nan nan nan nan nan nan nan nan nan nan nan nan nan nan nan nan nan nan nan nan nan nan nan nan nan nan nan nan nan nan nan nan nan nan nan nan 1.3578088040368812006 1.2925350616687523164 1.2180456247728217445 1.2058469256617465604 1.1656188190797602822 1.1309383951235378873 1.1255344937282507622 1.1228196748607139899 1.1208608518645517549 1.1134640179306563024 1.1038945383657559063 1.0932788302667200142 1.0780787274299408196 1.0636016546056481502 1.0425359326015506412 1.0119229546386534491 0.98460197937811488877 0.9639194712969365586 0.96018583033420357165
nan nan nan nan nan nan nan nan nan nan nan nan nan nan nan nan nan nan nan nan nan nan nan nan nan nan nan nan nan nan nan nan nan nan nan nan nan nan nan nan nan nan 1.3654273659444864375 1.3424150667728000919 1.2944689728642413407 1.294330456057498191 1.2729484025394055546 1.2498003008441191941 1.239930787924085287 1.2285491371005186068 1.1991683459124049538 1.1862227745794804434 1.1865266291337182025 1.1626944969175980749 1.1195108020232931167 1.0926605525083210591 1.0673669759145512081 1.0440875390666839451 1.0312382913714681631 1.0098645804965182826 0.98195798043109860931 0.9641052325211544316
nan nan nan nan nan nan nan nan nan nan nan nan nan nan nan nan nan nan nan nan nan nan nan nan nan nan nan nan nan nan nan nan nan nan nan nan nan nan nan nan nan nan nan 1.3299980850677131095 1.3063162974392870108 1.2948446750731228416 1.2755221216923746663 1.2567451762973445017 1.2613447230245642405 1.2725926237278935016 1.2740096400995082337 1.2768160318945533938 1.2439173684774174067 1.2217784825948450056 1.1949446429709822404 1.157444471392088392 1.0901844220024636822 1.0620519317959804528 1.0354807643453638466 1.0150192686249368546 0.98820715227467703645 0.95856964173448955258
nan nan nan nan nan nan nan nan nan nan nan nan nan nan nan nan nan nan nan nan nan nan nan nan nan nan nan nan nan nan nan nan nan nan nan nan nan nan nan nan nan nan 1.4009147458044199919 1.3553860910585433519 1.3412158954134096867 1.3290609072605463759 1.3119116633228757873 1.2942060364905165759 1.2988709491985304112 1.3105743239431790759 1.3182501620067030856 1.3264134001518679273 1.319565701914183764 1.3121192064048483594 1.2707229941989286459 1.1715422736840388485 1.091826431491007332 1.0616154327146880565 1.0329567437747033676 1.0068675369704218614 0.9830339265073341215 0.97162900314329692097
nan nan nan nan nan nan nan nan nan nan nan nan nan nan nan nan nan nan nan nan nan nan nan nan nan nan nan nan nan nan nan nan nan nan nan nan nan nan nan nan nan nan 1.4291602421180231719 1.3949553615324110645 1.3573361087136015524 1.3418804470919356575 1.3329251939090445145 1.3251215196216648007 1.3271828887758039262 1.3455072889034223049 1.2784157660602062379 1.107923112489284323 1.0770628588174602225 1.0920066899715732411 1.089342036532118918 1.0745954576086231835 1.0625885179572556183 1.0406885123762654732 1.0115336618139858516 0.98789341074953918032 0.96732433301372922063 0.97499027312580577309
nan nan nan nan nan nan nan nan nan nan nan nan nan nan nan nan nan nan nan nan nan nan nan nan nan nan nan nan nan nan nan nan nan nan nan nan nan nan nan nan nan nan 1.4445167667558529434 1.4276052022687375498 1.4052136137938502358 1.3608275379629362067 1.3292764582011453722 1.3369576520989256974 1.3188456263252648082 1.1736049249159765662 1.1068241841992680907 1.0639210704212185288 1.0514311202478463514 1.0571655487562927611 1.0732763569350249888 1.0608127159248352811 1.0365300710341678325 1.0207163120284792335 0.99909213165257637623 0.97356349150048415719 0.96996767470891787077 0.9741545041933846738
nan nan nan nan nan nan nan nan nan nan nan nan nan nan nan nan nan nan nan nan nan nan nan nan nan nan nan nan nan nan nan nan nan nan nan nan nan nan nan nan nan nan 1.409663598781276006 1.4096629436364671584 1.3815293406601256709 1.362060288480599235 1.3444734512032736617 1.212711033044885589 1.1197780239707733063 1.1020444983264965355 1.0828648034233012698 1.0609479494422227042 1.0374982452409629019 1.0164311640190086816 1.0240374940090009037 1.0348981663834406763 1.0377825900418331528 1.0220453130928301988 0.99072103455214965972 0.96684213472572277936 0.97220102041737876952 0.97440630921434479017
nan nan nan nan nan nan nan nan nan nan nan nan nan nan nan nan nan nan nan nan nan nan nan nan nan nan nan nan nan nan nan nan nan nan nan nan nan nan nan nan nan 1.299427324858086541 1.2722766620768652945 1.2903301980778774105 1.2099210036273704283 1.1622411542786155181 1.1312691328088786413 1.1191480497249903792 1.1282565082259736755 1.1226317624933370709 1.0943868243690269004 1.0684003045900971607 1.0442484908807798671 1.0262077998740954943 1.0145592845174991048 1.0108356582893294195 1.0061101836327817072 0.99001708354299933212 0.97675520320232489535 0.96801039918833642339 0.97441571412843241973 0.97399983886927687937
nan nan nan nan nan nan nan nan nan nan nan nan nan nan nan nan nan nan nan nan nan nan nan nan nan nan nan nan nan nan nan nan nan nan nan nan nan nan nan nan 1.2113940806089564806 1.2006171951302189171 1.2165357421449469744 1.2785604095152585113 1.2721283507079628183 1.2352453380576331465 1.1925661330972243679 1.1549442279007233747 1.1509856445920156887 1.1522989234419735993 1.127342332608322728 1.1013535594408154772 1.0673452749513565596 1.0409334433732257974 1.0193166042046797326 1.005992127157006033 0.9905531386786716741 0.97491890465449859704 0.96119935300921710564 0.97510063412763514634 0.97568198767680247574 0.97500984033891902047
nan nan nan nan nan nan nan nan nan nan nan nan nan nan nan nan nan nan nan nan nan nan nan nan nan nan nan nan nan nan nan nan nan nan nan nan nan nan 1.3554958392302216552 1.1783404961113819187 1.1559284397388371879 1.1589249778405779079 1.1646744275313336558 1.2134209327589766669 1.2947830023449811154 1.3165937240235319194 1.2761112814480195521 1.2057800649963945627 1.1602520609416970832 1.1381495008459139306 1.1480714449008178057 1.1256768799597778319 1.0892945515284990776 1.0515958240878497953 1.0260268123220914749 1.0020808327695127637 0.98156676914929608113 0.96858285239421515467 0.97117825276456937189 0.97480836785020641422 0.97510069188580827948 0.97469377238605225955
nan nan nan nan nan nan nan nan nan nan nan nan nan nan nan nan nan nan nan nan nan nan nan nan nan nan nan nan nan nan nan nan nan nan nan nan nan 1.27555937880273218 1.1922827511894775743 1.1432847196694273517 1.1379091879519465103 1.1352793027660259551 1.1397832286214117925 1.1440485870516350353 1.1583023853903082756 1.2359321609585163237 1.3180866993301354473 1.2881797175467057937 1.1841856965677386437 1.1375740497188668865 1.1102160460619798776 1.0853822928893441802 1.0793440334150767868 1.047696255071593141 1.0189553578305214909 0.99899319422875032526 0.99350178473700057058 0.9776062124460949132 0.97200392190341511345 0.97255646466983591836 0.97495397536650152404 0.97495509012554804062
nan nan nan nan nan nan nan nan nan nan nan nan nan nan nan nan nan nan nan nan nan nan nan nan nan nan nan nan nan nan nan nan nan nan nan 1.3221867613822002596 1.1569831804892893867 1.1397680447900087053 1.1348506505111770615 1.1261416429698136721 1.1241721094079655252 1.118953164492913821 1.1200284389714687538 1.1235068341344516263 1.126212929345533853 1.1148697244047003352 1.1125043288187603796 1.2936882869486430181 1.3072174715715323412 1.2526333252156980347 1.1969022899124661663 1.1416808986252393598 1.0977090186058515719 1.0910813022038330367 1.0868469024439495474 1.0172172927495184425 0.99336172765401875573 0.97181523637451316944 0.97348312234993683578 0.97618084196773724504 0.97807320329776048506 0.97618358500967417068
nan nan nan nan nan nan nan nan nan nan nan nan nan nan nan nan nan nan nan nan nan nan nan nan nan nan nan nan nan nan nan nan nan 1.3773592695434051514 1.3280356913576856215 1.2099177849342943603 1.1518135721005684502 1.1391880275659242994 1.1209913564214808446 1.1104595143323054973 1.1087527546360209652 1.1081085626371902642 1.1039236267874783515 1.1019691371677333702 1.0965548762314663023 1.0919873223497842396 1.0688321150345096999 1.050817843341268043 1.0861033912620279285 1.1570249027894989879 1.18574161420613855 1.1813152354214295769 1.2040881132944625254 1.1914315433867059824 1.1370372212274235668 1.0529246796835762812 1.0075787667855395924 0.9846103048042287309 0.98697261128202062874 0.98191253155625934923 0.98066848399622263965 0.97845339864334079927
nan nan nan nan nan nan nan nan nan nan nan nan nan nan nan nan nan nan nan nan nan nan nan nan nan nan nan 1.5249374713478194288 1.4722986213672890621 1.4375910165732546098 1.4071911929819014286 1.371436405804501657 1.3188289572808382655 1.2779148861745477372 1.250054385993912609 1.2173970974805019551 1.1583093468180625241 1.1401703312130806456 1.1082544752535428145 1.0954370356210387794 1.0928897031049882305 1.0924821235674417874 1.0995682089281659799 1.0956786881597222472 1.0889727172902929908 1.0729189116104231871 1.0625650641919750505 1.0346467235609879687 1.0148205031082844219 1.0331103155077361322 1.0532324405148281166 1.0350938348836125069 1.0321918911057503809 1.0282171098434194079 1.0180351639457652091 1.0124684042555589514 0.99938822697389229077 0.99127512031573350448 0.98622543482535540704 0.98077132161148983247 0.97987956438397472159 0.97860098256483085688
nan nan nan nan nan nan nan nan nan nan nan nan nan nan nan nan nan nan nan nan nan nan nan nan nan nan nan 1.5044770092532568917 1.4371261754311197567 1.406182020502440233 1.3615909054829558045 1.3294355887200810518 1.306646296093042503 1.2650779933800502253 1.2356752562681241336 1.2355443410242568092 1.1912394690377698936 1.1584360537285536275 1.1151635871004339506 1.1198253708194831901 1.1013735269535653849 1.0835500689723007728 1.0782766286367033715 1.081681984595194379 1.0833347551848258039 1.0718460098670850034 1.0623915454969203864 1.0517998270908619496 1.0232034111378998098 1.0159680115094300579 1.0369519640394577742 1.0342723035674137311 1.0164020805820728199 0.99886670630972362872 0.9877491292051232552 0.9893999301930757051 0.98775915475473075045 0.98711525513018449907 0.98065296824731684744 0.97732726082844378901 0.97604980990191925194 0.97404573749815337447
nan nan nan nan nan nan nan nan nan nan nan nan nan nan nan nan nan nan nan nan nan nan nan nan nan nan nan 1.5190204597044860702 1.482151602538622992 1.4425452719535027946 1.3937457523034331164 1.3522338536575355672 1.32086420855213027 1.2858609755149348342 1.2355500643494035096 1.2145707903659603843 1.2280065981443999412 1.2151642955164199122 1.1477085620297136082 1.1170722062978699629 1.0979489937867343841 1.084716154378255748 1.0722910589460603603 1.0648116919422043747 1.0625861814804302696 1.0556813765345247624 1.042854005956909802 1.0320292752956552462 1.0131100607084844167 1.0034518866467638798 1.0063133914170427907 0.994785057152867358 0.98183903680182194051 0.97251872862924426677 0.97542981575643783465 0.99341132156020472976 0.99375460164302298338 0.9839577398629179017 0.97845995653003525749 0.97511890414449942099 0.97252331269612413145 0.96883737937247960126
nan nan nan nan nan nan nan nan nan nan nan nan nan nan nan nan nan nan nan nan nan nan nan nan nan nan nan 1.5081192898058153329 1.5060948062105081746 1.4667377975606579188 1.4101770714573138576 1.3853745635874694653 1.3443569558084769167 1.2793765481864234346 1.2424862791280850693 1.1916198907703576815 1.2101619868031587846 1.2352702385422522635 1.173292087806726558 1.0989955757297384942 1.0920988602650749666 1.092903969580671264 1.0824354302776122427 1.0713544167639019733 1.0650923867522088528 1.0503597872688585912 1.0424267985620783161 1.0304415738302035166 1.0079140537229300811 0.9943813837196892047 0.98861784705147692787 0.99343650212100476082 0.99661966751861785774 0.99841819966529388175 0.99804738664828218653 0.99296476203190719989 0.98658769034532312059 0.98178990641366292724 0.97813078864256108869 0.97401694148223838532 0.96789965589260817946 0.9620788861138406256
nan nan nan nan nan nan nan nan nan nan nan nan nan nan nan nan nan nan nan nan nan nan nan nan nan nan nan nan 1.4482014227343393831 1.3903467485138669701 1.3317725454021989151 1.3147729401582637365 1.3645934936412349447 1.3720783828172651297 1.3094444905628415121 1.2438885484797623793 1.1912464835127207774 1.181462734163232442 1.1954352642301506737 1.1175853543807729995 1.0897573894577743392 1.1073655088779412736 1.1125630706699574102 1.1161817238165976374 1.1105013943627328743 1.0887579222286394298 1.0704465139070633573 1.0712384302306128259 1.0437888593569042417 1.0302884362545987607 1.0261983167104342662 1.0301854857139094435 1.0295656497581244793 1.0068026929561728622 0.99508136935601043671 0.98951353730478208703 0.98644831203506300188 0.98392365873497200646 0.97788408063681131477 0.97048417871308367832 0.9623758038055041375 0.96795531992366723451
