results/rofental/snowmelt_month_2019-10-01T0000_2019-10-31T2300.asc
ncols        322
nrows        225
xllcorner    622802.488000000012
yllcorner    5178049.378999999724
cellsize     100.000000000000
[rows 168 to 195 of 225, columns 63 to 125 of 322]
nan nan nan nan nan nan nan nan nan nan nan nan nan nan nan nan nan nan nan nan nan nan nan nan nan nan nan nan 17.144157627349379425 29.739898841663961804 37.928276130888079365 41.610148275929738304 23.74739660838130817 13.349804343697332598 27.1746367545144345 61.820510489863309544 61.844612793487165447 53.248698047100013753 48.729231081839017747 63.251017210342311614 69.101444676404895517 64.305276568954596428 62.123985728506809778 63.805504985911717597 67.859146695239758174 66.087387871842665277 62.626778840322494091 63.880465756390670151 69.18570288592437123 69.890930359241323799 69.576054580339629752 68.899355889938107111 65.866564466963282598 65.954438450149623918 67.25693880261955826 66.824952078748069084 65.661644786154269582 64.875426041030436863 59.096692762413546518 51.466317726471594085 48.35242261480770054 33.076163141414554048 21.018865960097656398
nan nan nan nan nan nan nan nan nan nan nan nan nan nan nan nan nan nan nan nan nan nan nan nan nan nan nan nan 9.2649829523466475933 27.775783277404322291 59.458254104705012821 53.8064002262883605 44.312905711492042826 33.033104130194054449 20.602242924440023586 30.82876986086068527 52.924315207030588226 61.912929130496046071 55.439183892499386275 47.780387557031424706 53.578917193909759931 64.683166784958046946 65.762918809994616254 60.764229593401942964 62.090740089407539415 65.351273904134927761 66.159624414047016217 67.095757437764291353 68.083796127885150895 67.708453758466163208 66.652222338396839518 65.331411712022187999 65.206786988861395571 66.324851896624963388 64.831786319615119396 62.196440350014491116 57.396294951846705601 45.002584315304822837 35.57717561265376105 33.216615219957589034 36.353589657704468152 29.171666945591255171 19.015616862638655249
nan nan nan nan nan nan nan nan nan nan nan nan nan nan nan nan nan nan nan nan nan nan nan nan nan nan nan 67.749374633646837651 40.155789673883873547 52.338007898012669727 63.298944719881866661 62.303264758019999192 51.637150563027525152 40.889733545372678236 33.102884081494316604 26.871685587913038518 36.805212043951179623 51.532326879996873004 61.045930187190883487 47.263986776234894194 47.773115352439823766 62.48792257622379509 69.111933874533647781 61.152911415110672522 56.39031187143542212 57.436198424144983221 60.854043066268097562 62.469789354520948166 63.818901597093727673 65.22156704990493381 65.683694810495765637 66.856011077631734452 67.111916508022773087 63.930465960017116345 58.485304069035123575 47.253122610041209839 34.694948979951973911 29.342413566578880335 26.470657335205398653 24.685911966003086349 26.363703616397106799 17.504075942816022859 9.4112869363268387701
nan nan nan nan nan nan nan nan nan nan nan nan nan nan nan nan nan nan nan nan nan nan nan nan nan nan nan 56.168736429311003633 58.580048674233019312 46.577412891567796294 47.462636122594545895 54.812632015212841452 52.578653598683175119 45.441480555774376171 31.782039435914320791 19.028429246473574921 20.373334000567403734 32.471319141261673735 40.491198713567662537 44.808470192382415576 45.011620503122315995 57.406954468054266272 62.375877114389737699 59.356736572635746541 51.947125530629314483 49.147335549525152487 51.372752269090902644 53.667739473585783117 55.124701456459497706 56.926768143895387198 58.738703488234904171 62.638065105268474042 53.409491267589828567 40.031210648042836908 29.585588836937727564 25.839591969488413525 22.721415133396650532 20.869718669113730414 19.001089636437196617 18.194343835685764077 15.838365196981975203 19.343774899205737228 nan
nan nan nan nan nan nan nan nan nan nan nan nan nan nan nan nan nan nan nan nan nan nan nan nan nan nan nan nan 18.811520066263433648 36.054579680623156435 29.750899289422534366 36.595325233598110515 44.312373513748859466 49.675845841080175092 40.986101169474459027 31.373795824613981864 23.69240322539758381 18.447293361787490795 26.47336615624768541 38.352097166279875751 34.085027437149072682 39.316034838663711071 51.085293760709852506 54.106776797241721511 51.575622773413620337 51.844308368836081513 56.440320599103834809 55.572365385857253273 51.072868678380274332 45.735462345528780759 33.329010857735255513 22.802867980905173084 18.081842891939761131 16.588941900614379676 15.66658059698447758 15.595921961745867534 13.135711402835882566 13.677753254269234162 13.415356403846294242 14.796084624385759554 8.7279728950828747713 33.914412587663704812 nan
nan nan nan nan nan nan nan nan nan nan nan nan nan nan nan nan nan nan nan nan nan nan nan nan nan nan nan nan nan 10.677583769762229338 10.044390804260041605 26.599768160081282531 32.519285430267210302 38.930295726200014883 47.338632883623297687 44.770158532892629921 39.316912173062391389 35.83771577236169037 41.594341120433121262 48.29538060753283446 41.559437894609558839 44.492519995945052358 40.986193236200868739 44.825171391475045368 47.367033430046234344 49.75461619341771069 47.555172737068673428 39.214398994648426822 31.630000376731395306 22.743372172742578385 14.529039889374947947 15.80996961345922891 18.208633502646190294 15.078638184905070574 11.532453968295916624 10.963101325099835037 9.5803587471052633617 9.3222273175980703286 6.7458554882722561175 8.6041662071499782627 33.069054170043770569 nan nan
nan nan nan nan nan nan nan nan nan nan nan nan nan nan nan nan nan nan nan nan nan nan nan nan nan nan nan nan nan nan 3.8332282277174778429 7.8001122433388800914 15.084567565081838936 19.66557065669757165 28.877151838006792417 42.119317173135840449 41.921095133281241374 40.274187919472552721 37.804792843251178169 33.302066769480276776 25.792851084183919141 20.205181571813728425 12.924773246479938749 14.339689997792779863 23.447911064771158607 19.702026522346773874 15.818717899844955355 15.58587629778259398 16.513698022496704709 20.006044865667149679 22.583483284989092965 18.914393582751173994 12.090269479147321974 9.2089717509311608268 7.7715399975755081741 6.2608067344572955193 4.9813652724994179621 4.5521207959791345488 nan nan nan nan nan
nan nan nan nan nan nan nan nan nan nan nan nan nan nan nan nan nan nan nan nan nan nan nan nan nan nan nan nan nan nan nan nan nan nan nan 31.728221545977230988 31.021664487201000782 26.952909572669611293 19.548158020272857982 14.010341133465393781 10.259587754505115953 6.2069737590230582569 5.2433884313442815639 6.522044975944181644 11.056287533613103236 14.995141332093535169 20.705378938676471279 26.501484704686308902 24.947635107797605514 27.538097547703387136 20.715581533108370138 11.771827879798921757 6.6454254618223025375 nan nan nan nan nan nan nan nan nan nan
nan nan nan nan nan nan nan nan nan nan nan nan nan nan nan nan nan nan nan nan nan nan nan nan nan nan nan nan nan nan nan nan nan nan nan nan nan nan nan nan nan nan nan nan nan nan 37.687137081495798441 32.110842370596422768 26.210343591957315112 20.986797823732899815 13.442889668580971119 9.1274715821028813423 23.293792661762783069 nan nan nan nan nan nan nan nan nan nan
nan nan nan nan nan nan nan nan nan nan nan nan nan nan nan nan nan nan nan nan nan nan nan nan nan nan nan nan nan nan nan nan nan nan nan nan nan nan nan nan nan nan nan nan nan nan nan 29.366792478487454332 17.964847836849067164 21.331024695841612981 22.456984090676353816 nan nan nan nan nan nan nan nan nan nan nan nan
nan nan nan nan nan nan nan nan nan nan nan nan nan nan nan nan nan nan nan nan nan nan nan nan nan nan nan nan nan nan nan nan nan nan nan nan nan nan nan nan nan nan nan nan nan nan nan nan nan nan nan nan nan nan nan nan nan nan nan nan nan nan nan
nan nan nan nan nan nan nan nan nan nan nan nan nan nan nan nan nan nan nan nan nan nan nan nan nan nan nan nan nan nan nan nan nan nan nan nan nan nan nan nan nan nan nan nan nan nan nan nan nan nan nan nan nan nan nan nan nan nan nan nan nan nan nan
nan nan nan nan nan nan nan nan nan nan nan nan nan nan nan nan nan nan nan nan nan nan nan nan nan nan nan nan nan nan nan nan nan nan nan nan nan nan nan nan nan nan nan nan nan nan nan nan nan nan nan nan nan nan nan nan nan nan nan nan nan nan nan
nan nan nan nan nan nan nan nan nan nan nan nan nan nan nan nan nan nan nan nan nan nan nan nan nan nan nan nan nan nan nan nan nan nan nan nan nan nan nan nan nan nan nan nan nan nan nan nan nan nan nan nan nan nan nan nan nan nan nan nan nan nan nan
nan nan nan nan nan nan nan nan nan nan nan nan nan nan nan nan nan nan nan nan nan nan nan nan nan nan nan nan nan nan nan nan nan nan nan nan nan nan nan nan nan nan nan nan nan nan nan nan nan nan nan nan nan nan nan nan nan nan nan nan nan nan nan
nan nan nan nan nan nan nan nan nan nan nan nan nan nan nan nan nan nan nan nan nan nan nan nan nan nan nan nan nan nan nan nan nan nan nan nan nan nan nan nan nan nan nan nan nan nan nan nan nan nan nan nan nan nan nan nan nan nan nan nan nan nan nan
nan nan nan nan nan nan nan nan nan nan nan nan nan nan nan nan nan nan nan nan nan nan nan nan nan nan nan nan nan nan nan nan nan nan nan nan nan nan nan nan nan nan nan nan nan nan nan nan nan nan nan nan nan nan nan nan nan nan nan nan nan nan nan
nan nan nan nan nan nan nan nan nan nan nan nan nan nan nan nan nan nan nan nan nan nan nan nan nan nan nan nan nan nan nan nan nan nan nan nan nan nan nan nan nan nan nan nan nan nan nan nan nan nan nan nan nan nan nan nan nan nan nan nan nan nan nan
nan nan nan nan nan nan nan nan nan nan nan nan nan nan nan nan nan nan nan nan nan nan nan nan nan nan nan nan nan nan nan nan nan nan nan nan nan nan nan nan nan nan nan nan nan nan nan nan nan nan nan nan nan nan nan nan nan nan nan nan nan nan nan
nan nan nan nan nan nan nan nan nan nan nan nan nan nan nan nan nan nan nan nan nan nan nan nan nan nan nan nan nan nan nan nan nan nan nan nan nan nan nan nan nan nan nan nan nan nan nan nan nan nan nan nan nan nan nan nan nan nan nan nan nan nan nan
nan nan nan nan nan nan nan nan nan nan nan nan nan nan nan nan nan nan nan nan nan nan nan nan nan nan nan nan nan nan nan nan nan nan nan nan nan nan nan nan nan nan nan nan nan nan nan nan nan nan nan nan nan nan nan nan nan nan nan nan nan nan nan
nan nan nan nan nan nan nan nan nan nan nan nan nan nan nan nan nan nan nan nan nan nan nan nan nan nan nan nan nan nan nan nan nan nan nan nan nan nan nan nan nan nan nan nan nan nan nan nan nan nan nan nan nan nan nan nan nan nan nan nan nan nan nan
nan nan nan nan nan nan nan nan nan nan nan nan nan nan nan nan nan nan nan nan nan nan nan nan nan nan nan nan nan nan nan nan nan nan nan nan nan nan nan nan nan nan nan nan nan nan nan nan nan nan nan nan nan nan nan nan nan nan nan nan nan nan nan
nan nan nan nan nan nan nan nan nan nan nan nan nan nan nan nan nan nan nan nan nan nan nan nan nan nan nan nan nan nan nan nan nan nan nan nan nan nan nan nan nan nan nan nan nan nan nan nan nan nan nan nan nan nan nan nan nan nan nan nan nan nan nan
nan nan nan nan nan nan nan nan nan nan nan nan nan nan nan nan nan nan nan nan nan nan nan nan nan nan nan nan nan nan nan nan nan nan nan nan nan nan nan nan nan nan nan nan nan nan nan nan nan nan nan nan nan nan nan nan nan nan nan nan nan nan nan
nan nan nan nan nan nan nan nan nan nan nan nan nan nan nan nan nan nan nan nan nan nan nan nan nan nan nan nan nan nan nan nan nan nan nan nan nan nan nan nan nan nan nan nan nan nan nan nan nan nan nan nan nan nan nan nan nan nan nan nan nan nan nan
nan nan nan nan nan nan nan nan nan nan nan nan nan nan nan nan nan nan nan nan nan nan nan nan nan nan nan nan nan nan nan nan nan nan nan nan nan nan nan nan nan nan nan nan nan nan nan nan nan nan nan nan nan nan nan nan nan nan nan nan nan nan nan
nan nan nan nan nan nan nan nan nan nan nan nan nan nan nan nan nan nan nan nan nan nan nan nan nan nan nan nan nan nan nan nan nan nan nan nan nan nan nan nan nan nan nan nan nan nan nan nan nan nan nan nan nan nan nan nan nan nan nan nan nan nan nan
