results/rofental/snowdepth_month_2020-09-01T0000_2020-09-30T2300.asc
ncols        322
nrows        225
xllcorner    622802.488000000012
yllcorner    5178049.378999999724
cellsize     100.000000000000
[rows 54 to 80 of 225, columns 183 to 243 of 322]
nan nan nan nan nan nan nan nan nan nan nan nan nan nan nan nan nan nan nan nan nan nan nan nan nan nan nan nan nan nan nan nan nan nan nan nan nan nan nan nan nan nan nan nan nan nan nan nan nan nan nan nan nan nan nan nan nan nan nan nan nan
nan nan nan nan nan nan nan nan nan nan nan nan nan nan nan nan nan nan nan nan nan nan nan nan nan nan nan nan nan nan nan nan nan nan nan nan nan nan nan nan nan nan nan nan nan nan nan nan nan nan nan nan nan nan nan nan nan nan nan nan nan
nan nan nan nan nan nan nan nan nan nan nan nan nan nan nan nan nan nan nan nan nan nan nan nan nan nan nan nan nan nan nan nan nan nan nan nan nan nan nan nan nan nan nan nan nan nan nan nan nan nan nan nan nan nan nan nan nan nan nan nan nan
nan nan nan nan nan nan nan nan nan nan nan nan nan nan nan nan nan nan nan nan nan nan nan nan nan nan nan nan nan nan nan nan nan nan nan nan nan nan nan nan nan nan nan nan nan nan nan nan nan nan nan nan nan nan nan nan nan nan nan nan nan
nan nan nan nan nan nan nan nan nan nan nan nan nan nan nan nan nan nan nan nan nan nan nan nan nan nan nan nan nan nan nan nan nan nan nan nan nan nan nan nan nan nan nan nan nan nan nan nan nan nan nan nan nan nan nan nan nan nan nan nan nan
nan nan nan nan nan nan nan nan nan nan nan nan nan nan nan nan nan nan 1.6102394865065374763 nan nan nan nan nan nan nan nan nan nan nan nan nan nan nan nan nan nan nan nan nan nan nan nan nan nan nan nan nan nan nan nan nan nan nan nan nan nan nan nan nan nan
nan nan nan nan nan nan nan nan nan nan nan nan nan nan nan nan 2.0218703961334134611 1.6187229301824446193 0.97099079088512096902 0.88451341595746357793 1.3084559866953016094 nan nan nan nan nan nan nan nan nan nan nan nan nan nan nan nan nan nan nan nan nan nan nan nan nan nan nan nan nan nan nan nan nan nan nan nan nan nan nan nan
nan nan nan nan nan nan nan nan nan nan nan nan nan nan 1.2310250196866447947 1.2634605180611151454 1.2497969747022994458 1.1247648737437296873 0.71035952829582627022 0.36818313488008708179 0.29060190349155584633 0.52987938973573189827 nan nan nan nan nan nan nan nan nan nan nan nan nan nan nan nan nan nan nan nan nan nan nan nan nan nan nan nan nan nan nan nan nan nan nan nan nan nan nan
nan nan nan nan nan nan nan nan nan nan nan nan 2.5504333843457520636 1.5655451708560372825 0.81423245695402324262 0.55821951698399618902 0.38306384714352431642 0.36132906276294823877 0.3561808061501515188 0.3733339469017888379 0.25292028464113913699 0.1772881579751892922 0.1896113076410419207 0.23440494627619168355 nan nan nan nan nan nan nan nan nan nan nan nan nan nan nan nan nan nan nan nan nan nan nan nan nan nan nan nan nan nan nan nan nan nan nan nan nan
nan nan nan nan nan nan nan nan nan nan nan 2.2640759304847053457 2.1342420987596839588 1.1624860848886993114 0.64859952897112971293 0.39194390063587397632 0.35971884405487081215 0.32580375293569702189 0.29153984102234220543 0.26986282289280388857 0.20605593497358309918 0.13555642491784131165 0.073570657868575084493 0.073887749844237543551 0.16743402501104201474 0.38427670829786436668 nan nan nan nan nan nan nan nan nan nan nan nan nan nan nan nan nan nan nan nan nan nan nan nan nan nan nan nan nan nan nan nan nan nan nan
nan nan nan nan nan nan nan nan nan nan nan 2.5093741775251658943 2.2852736307825596285 1.4971564398835564003 0.72749398314946911448 0.53638008220949862093 0.43549675691115607989 0.32594805596639303547 0.29083127281099918626 0.24589783973965170794 0.18928148369769606796 0.12899990886259746214 0.073932544950531642325 0.070889107917999211184 0.070882296660184473946 0.14630976897132039194 0.28411262745133875063 nan nan nan nan nan nan nan nan nan nan nan nan nan nan nan nan nan nan nan nan nan nan nan nan nan nan nan nan nan nan nan nan nan nan
1.5103219506101404068 1.2866811570059955017 0.54545777794455962972 0.38343701910560518131 0.42410359402794300943 0.45246470671033073296 0.81326453757610883688 1.7905245223685350986 nan nan 1.3270476646115669794 1.4588268871804552784 1.7513557152788041815 1.7140193937935710444 1.2622160850150303535 1.0211668264831834652 1.1477783384234570008 0.53799579115540108187 0.25592175809990769242 0.2104638349687648069 0.17614356789209426046 0.13759733159522144486 0.10806893866343536548 0.072116440387322303107 0.068285859434074017149 0.069079957819440901412 0.20955192291219887357 0.23233820358040685461 nan nan nan nan nan nan nan nan nan nan nan nan nan nan nan nan nan nan nan nan nan nan nan nan nan nan nan nan nan nan nan nan nan
0.33780862732326866205 0.28371927365210147798 0.18663871421951233609 0.21042110114705298018 0.27673876216377873982 0.34989498686672382277 0.41726233768414383585 0.58881284556516089168 1.1631123954112292385 1.4451365571892049733 1.0190639338876368303 0.46040630776696683801 0.46131281186603184663 1.4279762682247665317 1.4300406286577460602 0.85589066739705887965 0.83605865185795247285 0.48847018122936064488 0.23669133132287786814 0.14982345680312761371 0.15009073573781306354 0.13991233602757877086 0.10620452244752939808 0.071197115329205418188 0.067522478807875915829 0.064508354274045345833 0.17740800940133336083 0.19077201797176990272 0.17660348127453040501 nan nan nan nan nan nan nan nan nan nan nan nan nan nan nan nan nan nan nan nan nan nan nan nan nan nan nan nan nan nan nan nan
0.14627769503252346928 0.073210177428658707033 0.075400119839378790254 0.15136510091666166566 0.24253827401016714305 0.30390687181313602583 0.32306122570715639641 0.37908069888204926068 0.46484235175614807556 1.2114998339457725418 0.41749216166280017637 0.35344819224474771646 0.36337991565346716705 0.96412507726871310432 1.5709283229094583856 1.177991284680198758 0.80548089909351039406 0.33531439763729853354 0.22996148304539562601 0.16333045502300533314 0.13270602078699791915 0.11903840312944551083 0.07236573513076750841 0.068680777462056544214 0.06591279935562575909 0.062522296716704617303 0.12472761045755417775 0.12330779869006465443 0.13527811969379280321 0.12276652626917439193 nan nan nan nan nan nan nan nan nan nan nan nan nan nan nan nan nan nan nan nan nan nan nan nan nan nan nan nan nan nan nan
0.067246715881065427523 0.064261963568661359392 0.065871178487314552275 0.074578060340155863384 0.14904392889935377808 0.13376250740413123119 0.15187050274013422224 0.22047210907384734435 0.35121134444939283714 0.81869304221061511839 0.34534239216074225087 0.25521230961018581684 0.27419215476112879237 0.39585952143307318041 0.58929431928844611122 1.6923062882111250538 1.5645487187614246505 0.44441075156084719477 0.21530624625486954882 0.15887006452632693176 0.12910732909711689076 0.10584372533884424394 0.070126960890841749663 0.067798624149629324598 0.063552790840326736643 0.057871699655312247579 0.056443755578273871465 0.053649392643068762043 0.05979834069408047903 0.10344857753928661526 nan nan nan nan nan nan nan nan nan nan nan nan nan nan nan nan nan nan nan nan nan nan nan nan nan nan nan nan nan nan nan
0.064647449506285967202 0.062072072710481714097 0.061416017675810834209 0.061261579617802888742 0.060455965151744457675 0.063849624954131337096 0.075165312442792994729 0.15734447817908631118 0.27542193163166472925 0.27835084792145126098 0.23709101895901971147 0.15062345964610798776 0.18293994598092827575 0.27994519699342790275 0.31651006048178531582 0.39331455848512608675 1.686614244602927748 1.584948514608616188 0.72028179156362726054 0.18442650960805276328 0.11283277171071290357 0.072740496310515712075 0.067348559364073565248 0.064040580584434361744 0.058154502962890528006 0.054227307045469581859 0.050313822575957282968 0.046078275820181126277 0.049192570690757206342 0.060536708009426579147 nan nan nan nan nan nan nan nan nan nan nan nan nan nan nan nan nan nan nan nan nan nan nan nan nan nan nan nan nan nan nan
0.064138920743360472443 0.061240584509944816227 0.059485184191231194051 0.057064536724500743159 0.057045467360834462012 0.059965406066886564607 0.07378104222759533648 0.065384191178972358993 0.062546578843740929798 0.066371015063484070651 0.063059537078662852849 0.064988023167105696265 0.075544814143231830972 0.16515869455654666464 0.18239753737638103592 0.254366177987545794 0.34963225373544531971 1.3157066247231823386 1.5927467631617360233 1.203715823880876945 0.16460323902204365698 0.068680389252271198397 0.06047071921645307685 0.056568986523653691512 0.053920633496826908537 0.051654346482606139368 0.049708802452816093498 0.047102835889194935581 0.046542481956864875658 0.055857676509820722299 nan nan nan nan nan nan nan nan nan nan nan nan nan nan nan nan nan nan nan nan nan nan nan nan nan nan nan nan nan nan nan
0.066251043465369710561 0.061703687787264885345 0.059352029462299761564 0.056264554761112181569 0.054938534488032597647 0.055742643714839661129 0.057696935414600539205 0.052119799869924772484 0.048945729612482342941 0.05015415638351435057 0.053398696859152161576 0.057381043519634050698 0.061004864490986056291 0.06545911166943900461 0.070517885995207252314 0.12164654403942744276 0.21401868250171135477 0.27234707558803777916 0.27340576800680915781 0.81597601898340377247 0.78050801707716521705 0.11424057098596329674 0.058024716519058223974 0.051823123558882820683 0.050229743454637328093 0.048551961158437684229 0.047867415579175537355 0.046962123101937300329 0.044077543207910498124 0.044646491722933938362 0.053062472977798445795 nan nan nan nan nan nan nan nan nan nan nan nan nan nan nan nan nan nan nan nan nan nan nan nan nan nan nan nan nan nan
0.069829234189857841697 0.062333208648615898162 0.058998425672875901005 0.055921894815682535174 0.053837248524785705217 0.052615833073427861755 0.055170716074265296891 0.049507914691781632066 0.046355338835289937316 0.047433831211695628993 0.049600475636766047649 0.050729017642731098758 0.052088605667945611644 0.055661297320758654217 0.058499216302501322318 0.061046780971344034861 0.075459839547159596185 0.16571681271859459161 0.11805788840095078618 0.17253858586599582492 0.25445570547646922943 0.071024165695258642539 0.055064458957351292145 0.049016364641765126919 0.047361694032490526951 0.045430085405321583847 0.041054327263802169179 0.042178325597504756628 0.040951535400702801515 0.039252618178656321912 0.04339830699837313871 0.050248206922823071552 nan nan nan nan nan nan nan nan nan nan nan nan nan nan nan nan nan nan nan nan nan nan nan nan nan nan nan nan nan
0.11848685237674569382 0.064978386165889440163 0.060097552456251805697 0.055924036079968035551 0.05291663160759861595 0.05084429577720431942 0.050097927349977838807 0.046665502721444401812 0.045189612976621600093 0.046172435242409909373 0.046952756048748323092 0.047372654300625482993 0.047130865335001805028 0.049505926051908864804 0.050984516154224807094 0.052491735220554558428 0.058930517770884184581 0.067996912006937970663 0.064792504454658061963 0.066974756922005287962 0.073996234968964125223 0.071264929669801274636 0.052917218903476587188 0.045649329090396581488 0.04554814315069139613 0.042650002214026865033 0.036544325827457334321 0.035571476792988769577 0.037085699101138056011 0.037102459771676268852 0.037813804408120169076 0.044721009741533881976 nan nan nan nan nan nan nan nan nan nan nan nan nan nan nan nan nan nan nan nan nan nan nan nan nan nan nan nan nan
0.98643060501841051124 0.59742092887735964712 0.068614125648073814867 0.055049880071187773378 0.052068725698436769955 0.049640072348912461786 0.048045934082151839362 0.045795218340454836581 0.044710502962163979623 0.044833909436796999526 0.045688697219124968507 0.045370265710935844816 0.045041595249988922167 0.044997819430157931508 0.046320504264947957862 0.046983904221668121304 0.050313667153460188419 0.057059280285509932085 0.058959243354259165126 0.058065269697781814184 0.057123357959095170944 0.054309075537803494504 0.053473753319831590636 0.042869034073804337948 0.041746736300314071788 0.03953232876374019461 0.035762728313878951181 0.034329184529957451621 0.034700405049978851058 0.0357272229918283446 0.037100485002287068859 0.039952094875548238573 0.047877545692814424405 nan nan nan nan nan nan nan nan nan nan nan nan nan nan nan nan nan nan nan nan nan nan nan nan nan nan nan nan
1.1572107367878468054 0.55700730221215288829 0.06615814600041428073 0.05586312887042183678 0.051996362003125795592 0.04932293219161957426 0.047339335889933616131 0.045985795838857757012 0.043348368900734769726 0.043335703589649048062 0.043740853578146110525 0.043695812866301246558 0.043178648241476200176 0.042018824111835863244 0.041618683293240171794 0.042110515195159910207 0.045666058490204719522 0.053648132903955744744 0.055568493438196413237 0.051372529221314626457 0.050873730084475134172 0.048690191346474363809 0.044328986575245990509 0.038654692490653910775 0.036523252748968844383 0.036036377216871307017 0.034785757326350225105 0.034293448462967335288 0.034093638239532160494 0.035472205879765343617 0.03734872254053355628 0.042129252157446263338 0.04877364234191438469 nan nan nan nan nan nan nan nan nan nan nan nan nan nan nan nan nan nan nan nan nan nan nan nan nan nan nan nan
1.1242340720251291497 0.65335029741344463616 0.068459135419402641909 0.058726910749524803557 0.054383458677601824449 0.05081224904034449541 0.04673948345426776757 0.044939618558002485116 0.042186370277016375929 0.042225102378180570661 0.042475985729038594207 0.041902619830457635275 0.040947843252495494393 0.040196882253871732416 0.039419103629187664251 0.039351023134954955796 0.043518939114567077586 0.049989583753719125936 0.056358546281584757931 0.050653739581950768534 0.047787666246680217397 0.045726145898930412037 0.04213964925356985386 0.037414364471636360476 0.035351015692127008005 0.034451542420626840579 0.033872560558105904716 0.034363573856066920165 0.034418337658794220801 0.035609843179509513555 0.037913402504299378859 0.045126622876528348083 nan nan nan nan nan nan nan nan nan nan nan nan nan nan nan nan nan nan nan nan nan nan nan nan nan nan nan nan nan
1.0527406416685771706 0.63536516097353190613 0.24152908795759100991 0.068341293313062323467 0.062782927938203031415 0.054113815884164438719 0.046119021504862828253 0.043094931431657879095 0.041453294160984782701 0.040909224060345472651 0.041469632247167272088 0.040062432591820483496 0.038998922543504316307 0.039082206277512208936 0.038552035915922426568 0.038018918263747245034 0.040452413851933682887 0.047342883679955240217 0.055907918772812259522 0.049003323528196272851 0.043211605857708695888 0.041964501986797901611 0.039944345100113180791 0.037274415751595679769 0.034711703279587752258 0.033456951800662174112 0.033151862850795237037 0.033565230632071674233 0.033980679016620413124 0.03626906050283344729 0.039565859696043259586 0.046365075950139229832 nan nan nan nan nan nan nan nan nan nan nan nan nan nan nan nan nan nan nan nan nan nan nan nan nan nan nan nan nan
1.5079949871068203393 1.2719481879227432231 0.8908887256322731707 0.11931428872687323273 0.070352722982415863417 0.057423847546124173746 0.049972686483772003896 0.044399253993555556908 0.04070896528678594195 0.039529055610704473545 0.039820667143927068743 0.039266025896104200799 0.03799214376055246728 0.037843414350390069956 0.037849261202240774837 0.037411687419121660014 0.038682477632215356289 0.044366556007252665184 0.05386176742061065531 0.052006307235268389721 0.044398978371132630238 0.04139466619068795511 0.038056742525956692436 0.034936881258879247392 0.033003094441615220267 0.0325592934972134887 0.032178726636862275967 0.032330482930863962965 0.033618118068707993074 0.035750035964314266779 0.038288693389225574026 0.042528779242058535603 nan nan nan nan nan nan nan nan nan nan nan nan nan nan nan nan nan nan nan nan nan nan nan nan nan nan nan nan nan
0.71076181592257281494 0.25654282588913551733 0.11519064040884482991 0.060698871476400163838 0.056547789966790842908 0.052319761261266910235 0.048989209096591802839 0.047373053617714037944 0.042005413194995490367 0.039304523233003457738 0.038661853417487582196 0.038556060602803754467 0.037675330368676471227 0.036998783594016371179 0.036732575918063628539 0.037746792437134239762 0.038195798046106399504 0.039633512240258142456 0.047011044591213045629 0.050928992411260261275 0.044620771090898334044 0.039300931857960207105 0.036927995654344736298 0.034425676006343754187 0.032494478358657194472 0.031712575137104563605 0.031465391754776660116 0.031997992529225527392 0.033825946104077450616 0.035241527908325083474 0.036757592595170918148 nan nan nan nan nan nan nan nan nan nan nan nan nan nan nan nan nan nan nan nan nan nan nan nan nan nan nan nan nan nan
0.26712078662040511512 0.95084658703018409831 0.45112604231237901642 0.070099472269377932632 0.058159122857533440687 0.051689744123220825178 0.048510428744716789506 0.046905690797908787537 0.0448932581261280092 0.040043970107324008967 0.038572846570103826169 0.038295461966850227742 0.037768514382276845154 0.036565974591324462706 0.036057560501288957178 0.037419489404095451768 0.036898951471991653372 0.037677087762848997243 0.039431125844150538562 0.045485127251678719729 0.042346310954367971657 0.037508373846775612537 0.035702125149076620325 0.033643191845724097766 0.031576959457405885667 0.031065943603500751485 0.031170891489558823217 0.032268248823453166141 0.033007327135935231321 0.034302760904986441537 0.03571983156807144455 nan nan nan nan nan nan nan nan nan nan nan nan nan nan nan nan nan nan nan nan nan nan nan nan nan nan nan nan nan nan
