results/rofental/snowmelt_month_2020-08-01T0000_2020-08-31T2300.asc
ncols        322
nrows        225
xllcorner    622802.488000000012
yllcorner    5178049.378999999724
cellsize     100.000000000000
[rows 112 to 139 of 225, columns 186 to 247 of 322]
9.6231092330052607764 6.9565697826301464701 2.6175063500799806704 0.22450156117343469941 0.00018041261279847162755 8.2862568260330522166e-05 2.5347596373747402888e-05 0.00010287956175979601778 0.00029282936414567057844 0.052316453112659644376 2.0755291610455310902 6.4588958123405033618 11.133038803145970164 15.022320218445024409 19.869088854805355027 19.940394177057477521 19.701802157895560441 19.288363532054123795 18.000190581747027352 17.429566658078869068 21.197365690506210001 23.092281300670087774 24.099587502739733935 32.594787434780791102 29.719244032373310915 23.226625230629409202 22.905184940402076421 29.497631522929033565 34.007396034450493971 33.10268348357031698 nan nan nan nan nan nan nan nan nan nan nan nan nan nan nan nan nan nan nan nan nan nan nan nan nan nan nan nan nan nan nan nan
5.9761436586435268126 2.270246390293581662 0.15958737825337709904 0.00020227201907079816741 9.6039912241678579235e-05 3.9271365193451532977e-05 0.00014500300588896172967 0.00024304697254259194101 0.045540884135484578643 2.3026093271758161229 5.9302071709190551374 11.169311711258622211 15.794219651949422456 18.65731254430406949 20.397266502353065931 20.434358217529087653 20.372353153177929386 20.274651517565235537 19.843070849535969558 19.970359565559242299 19.911453675172655409 22.790964605518418296 31.292194653701965734 31.026017606227732415 27.090506135934926846 23.949635532994378195 27.11088946678448508 32.24074058829844347 nan nan nan nan nan nan nan nan nan nan nan nan nan nan nan nan nan nan nan nan nan nan nan nan nan nan nan nan nan nan nan nan nan nan
2.5254749349813834236 1.8302974079039031619 0.00017069387689259580827 8.6924537325036756044e-05 3.5922019173833059566e-05 0.00015872838661827904662 0.00031880310703604982682 0.041621308868825770966 2.1468671116867330539 6.0657620899650037671 9.6169089681296444638 14.32784940727305667 18.29269540439844377 20.320168186386023734 21.383636293559714403 20.916965008031027651 20.75849545289208109 20.779169430450004086 20.351514399702239189 19.551217561307556281 19.764569452293820007 21.950323950116743532 32.034736817208965931 31.378721180699805871 24.773326960840456934 24.716934695456160398 31.669703058136942531 33.241083687820164982 nan nan nan nan nan nan nan nan nan nan nan nan nan nan nan nan nan nan nan nan nan nan nan nan nan nan nan nan nan nan nan nan nan nan
1.7511654553700291004 0.00020378334507742482942 0.0001047736622786804182 3.8452214359070868873e-05 0.00013798211469853764949 0.00029896451503660129113 0.044800148263651841385 2.0181317974632566603 5.6325609943313335037 8.1345036239666068667 11.096877378040529649 14.371287861316913492 17.992164175770504642 19.880623320156040279 22.015418110271568253 20.850759174598259449 21.160537987138354765 20.380823961534293431 19.937897513568543673 20.057784014503408088 20.167700883473415274 21.733700708951605662 32.162370419236331998 32.540495977270573746 28.55246361846525005 28.649502479013321476 30.635626490145419609 33.621012039920479708 nan nan nan nan nan nan nan nan nan nan nan nan nan nan nan nan nan nan nan nan nan nan nan nan nan nan nan nan nan nan nan nan nan nan
0.00014451884605627148385 5.8626981273488481096e-05 7.0330757846250651299e-05 0.00022518359024096821813 0.00036129667883752042109 0.052732525692749415702 2.2108511783714512866 5.9409105164015461042 8.4243920554185596217 12.029026411623970461 14.660393364076661271 16.597632440524446196 18.187037516811415117 18.998701945385281675 21.639427972963105162 22.42099974132698037 22.193347614701334436 21.221803950313290699 20.635688969269448734 20.657454641540816453 20.886436027936095883 23.115547501122303942 33.241391477128225063 37.058717664738686892 33.67774937870459695 33.848469210118992123 37.808771840027205258 33.945873452978759133 nan nan nan nan nan nan nan nan nan nan nan nan nan nan nan nan nan nan nan nan nan nan nan nan nan nan nan nan nan nan nan nan nan nan
4.9405182275700364354e-05 0.00013916228503244390275 0.00025907350905753973773 0.12933866196933427317 0.34526107509584413879 0.68242748856277068992 6.9655343236296367593 10.092143182508694466 12.802158090522720357 15.635846730736698618 17.548568629875997971 18.223864684010294468 19.788826663063652234 20.814925730815065918 22.376252304996818054 24.434591966510808447 23.62993472439422149 23.068365644147309723 22.429956083378275622 21.90908013368009577 22.456288247433626282 24.764857656416449316 31.788494692616119153 33.38369819863632415 33.432751109348188834 38.381996929728380508 35.728341536631681663 nan nan nan nan nan nan nan nan nan nan nan nan nan nan nan nan nan nan nan nan nan nan nan nan nan nan nan nan nan nan nan nan nan nan nan
0.00012949192736183161084 0.00033660082033257768741 0.20235742099188872012 2.1720596246688210762 5.1961977531397121055 7.1413987810169130555 11.31107431317256129 13.569150164515900059 16.217492370492156084 17.933824657500469613 18.629328419773564463 20.708822540938903956 21.728317717528042863 24.129302292162488897 24.892599609037311836 25.170580640047546694 25.146063708484000188 24.884805651545331528 24.336589990298318043 23.580838519185171265 24.349207903049880031 27.170139870899390644 33.338100172563976287 34.49122569189373877 38.528502950156408247 38.985120755037080187 nan nan nan nan nan nan nan nan nan nan nan nan nan nan nan nan nan nan nan nan nan nan nan nan nan nan nan nan nan nan nan nan nan nan nan nan
0.00024471161214240669214 1.8292374605317580638 2.2754419720021190621 5.6621256753038258225 8.3381645430412039133 12.974159061285689631 15.022878492525075345 16.887920579573389546 18.03417674424059669 19.599793187774555037 21.30643619556507673 22.511429618126093999 24.665794113491678274 25.970703581313760111 25.996827627764464097 25.890652193735711251 26.323724765059697717 26.063970279470257907 25.639832096590140509 25.026205240649762374 26.105364329054388861 31.560957942570468049 38.960775779765661753 36.130446815448870268 45.863676386577111543 nan nan nan nan nan nan nan nan nan nan nan nan nan nan nan nan nan nan nan nan nan nan nan nan nan nan nan nan nan nan nan nan nan nan nan nan nan
0.00045376974330702744527 4.8020570531716177953 6.2846363288635007649 8.4068627149470884774 12.766133745237901564 16.539149034177075492 17.84940324507955367 18.335282709118942535 19.819442050155608115 21.660089307294764893 23.362487144306431475 25.968019103430773242 27.103158103077532814 27.099907595102003199 26.499574304859411455 26.505671084870744636 27.419843442662838129 27.159908156808185709 27.277498187179112676 26.917231145334479692 31.541897853542305796 36.619519908636185335 39.827997794177662172 42.185529797620382908 48.890575542287564303 nan nan nan nan nan nan nan nan nan nan nan nan nan nan nan nan nan nan nan nan nan nan nan nan nan nan nan nan nan nan nan nan nan nan nan nan nan
0.14455484111795594004 3.5602135514501176417 8.6260380831985585814 13.058058504062012517 16.636977022124675329 18.147913692987859946 19.588649138056393184 20.891466389085056932 22.157456257747504935 24.116593555310036123 25.963821359685905321 36.881681899637023037 28.319620543268307244 27.900679950456265033 27.154397552793913206 27.148367336240671222 28.143730181928955147 33.21906726308093738 33.718650458402557035 31.122959877097603254 33.517580383091328144 40.182341166920977571 36.526169503526666915 49.154568350604826321 44.449225340099758341 nan nan nan nan nan nan nan nan nan nan nan nan nan nan nan nan nan nan nan nan nan nan nan nan nan nan nan nan nan nan nan nan nan nan nan nan nan
2.3470614757124925731 6.2586384512946464653 10.7255073311701139 14.184771205034216734 17.987928191946828349 18.882600565456066022 21.377092751558461003 22.917927676420415395 24.588940912644428494 27.022017001983432039 30.016619377560136428 37.820409107586051789 29.166152870240697581 28.842915535448199194 27.838141549665415653 28.228398733402233489 34.282515824004235583 35.238325449915372189 35.234727826004643703 35.021030959503505642 36.382276662576167325 35.717397519102817682 41.151393906807207657 47.204687500209772111 36.846496586573628917 nan nan nan nan nan nan nan nan nan nan nan nan nan nan nan nan nan nan nan nan nan nan nan nan nan nan nan nan nan nan nan nan nan nan nan nan nan
5.754904252379834162 8.2517619422363388537 12.498397872373294248 16.15072303218835259 18.331388261261562178 19.222610091984318359 22.430683696876410949 24.897047777087976783 26.814543825195098492 30.057606062714125272 38.516337978984665824 37.142066945897582286 30.217110201029353078 30.206961210537993878 30.062675034954978059 37.689445237220155605 37.870341756602684313 37.8926816178365371 37.873539041315126497 38.284375218817956466 37.009508751389887493 38.147872294195721565 42.358930928321640863 45.14934221125381697 42.466010976945611333 nan nan nan nan nan nan nan nan nan nan nan nan nan nan nan nan nan nan nan nan nan nan nan nan nan nan nan nan nan nan nan nan nan nan nan nan nan
6.8569552571133849384 10.277436661022886 13.058971740460403765 17.282725251111113351 18.672223439755519792 20.662030389150061183 23.961484233171898239 26.494970693210518675 29.652816819429826722 38.957673036689726587 39.669318698552359592 37.524469185020379314 34.863257289875434708 32.572969110734874221 37.187427090446220745 37.960419898955649387 38.348104879554071545 38.306757888076013785 38.141335032693660878 38.585051165440432897 39.603352533658636503 38.006220564188367916 40.805005322936487744 43.464063150006850833 44.472707810630893732 nan nan nan nan nan nan nan nan nan nan nan nan nan nan nan nan nan nan nan nan nan nan nan nan nan nan nan nan nan nan nan nan nan nan nan nan nan
8.6398244279491027697 11.937037913967314395 14.664580619701514053 18.031682409963710967 19.362611307650880121 22.506351508315216137 25.881027899960258765 28.181892893446654824 33.155455787126463463 40.497395716202760241 39.823653730215909263 39.233673444437556554 37.733328516620751714 37.647599570483166076 38.401589331271161143 38.694800599577902744 38.938695844242175781 38.671408929459026638 38.453287266543924261 39.353336352527549025 40.005592645724000533 40.415773474427574286 40.640279849925804001 44.758305838382824504 43.870552057134219126 nan nan nan nan nan nan nan nan nan nan nan nan nan nan nan nan nan nan nan nan nan nan nan nan nan nan nan nan nan nan nan nan nan nan nan nan nan
8.0236673536304508048 11.372203754170293166 15.115693184714547925 18.22377020941504 20.445522586347955496 24.160715475657802642 27.287393445121381319 29.909153879695555389 38.252596092580105847 41.567391404547144873 40.677905873914184554 40.040714450600077612 39.731713323700503793 39.532752541884491393 39.393489175015204751 39.566442127169480614 39.501880447389517315 39.191851788233890375 39.356694091513013234 35.601657223804814123 41.181903621748276123 41.743510317523018216 42.08628457076941487 42.501472427262434906 nan nan nan nan nan nan nan nan nan nan nan nan nan nan nan nan nan nan nan nan nan nan nan nan nan nan nan nan nan nan nan nan nan nan nan nan nan nan
11.673145676202034693 14.181608010495637018 16.798433290574848797 18.476607533644621384 21.498413230249163064 24.884188913970834989 28.485768500995018115 30.503486489354720845 34.893673627929530312 36.500773141479470496 37.44827330942824517 41.086822719518195868 40.813780046174656491 40.500466305922657284 40.241135835235070317 40.076126590060091814 39.964592288187596125 39.831696721919946924 40.528216442455409663 37.339753235290864097 39.071852082439434639 37.641811034962834981 38.355129238365883282 47.036765875987761376 nan nan nan nan nan nan nan nan nan nan nan nan nan nan nan nan nan nan nan nan nan nan nan nan nan nan nan nan nan nan nan nan nan nan nan nan nan nan
15.366387877993163968 17.032377365781197653 18.198532304725759445 20.401487681234616645 22.613921773279148653 25.913628314437435307 29.451591607254766103 38.430926598288607465 40.979513463867789369 40.198158335981268863 37.658834224655350909 35.685519862779408129 41.499291596452430042 41.098901941075737909 40.617842438202004018 40.387667226495153727 40.330977666993419462 40.399700639558595583 41.148564162203065564 37.654311281760115548 44.341680799480720054 42.736886809416695598 44.92287187150680694 47.570723274112928891 nan nan nan nan nan nan nan nan nan nan nan nan nan nan nan nan nan nan nan nan nan nan nan nan nan nan nan nan nan nan nan nan nan nan nan nan nan nan
16.710976621264244102 18.137029344887803717 19.255359900528624451 21.988169682155582763 24.550269887311998218 27.562327007589356498 30.013110113956031455 34.709491307883673983 41.931796413914987909 40.624217661467987739 39.637439248163872207 36.662856727628522435 41.794446693086513278 41.343897663225313011 40.813084972879941859 40.735710067214697006 40.66847509307073949 40.966972191282444271 42.063009965546335422 37.957149915855104894 48.007925375021848424 57.316371951671619911 nan nan nan nan nan nan nan nan nan nan nan nan nan nan nan nan nan nan nan nan nan nan nan nan nan nan nan nan nan nan nan nan nan nan nan nan nan nan nan nan
15.266788140220858949 17.511756321703884964 19.690602841372186305 23.424794073390696525 25.523817084587353321 28.278316412688258907 30.593170501571414377 34.965077485022341364 41.006755914348751446 38.413511548389500661 42.04412104865792088 39.037979218660510128 42.514702058553524466 41.957891670860242073 41.477306974937278028 41.119552099031317027 41.321360840846431017 36.695633952365248831 37.744458759165368633 40.940247838694745042 51.176483184429393702 nan nan nan nan nan nan nan nan nan nan nan nan nan nan nan nan nan nan nan nan nan nan nan nan nan nan nan nan nan nan nan nan nan nan nan nan nan nan nan nan nan
17.400020751321388701 18.705159890120231836 20.448575509222301605 23.105996421888008285 26.048865352889404079 28.874351621532444057 30.561525587201753495 31.356468680155899165 33.431148061511599678 42.444740311439872471 44.107126942861555108 41.711337605010022855 39.373163202488051127 37.122969741397874088 42.783434437424240571 38.819779742664451305 64.835260234579791927 43.556282547231639057 41.685445048842630911 45.270959327926334481 nan nan nan nan nan nan nan nan nan nan nan nan nan nan nan nan nan nan nan nan nan nan nan nan nan nan nan nan nan nan nan nan nan nan nan nan nan nan nan nan nan nan
17.535026638858422388 19.330621177870355609 22.6554964099292242 25.184467463487585803 27.67377618905100789 29.33868596722138733 30.57574709325935558 31.029505464271608162 33.237402873512245094 41.893554210364790436 43.742955328698933215 45.397544328243078837 43.627886520327798792 42.602611610716543566 42.902699673968463401 nan nan nan 45.137036299392519823 nan nan nan nan nan nan nan nan nan nan nan nan nan nan nan nan nan nan nan nan nan nan nan nan nan nan nan nan nan nan nan nan nan nan nan nan nan nan nan nan nan nan nan
17.40452302894014025 19.852024456965633448 23.943194315326405075 27.134590233432053452 28.467316628718741356 29.568258785665761934 30.445058899271685959 31.483926909594629251 35.86768430112138617 43.047307955257814172 45.229970837937472083 59.11465755728264071 nan nan nan nan nan nan nan nan nan nan nan nan nan nan nan nan nan nan nan nan nan nan nan nan nan nan nan nan nan nan nan nan nan nan nan nan nan nan nan nan nan nan nan nan nan nan nan nan nan nan
19.062569888286954978 21.006068808156122429 24.445351272554006528 26.571601283030556573 28.84837527414279279 29.975134717999200262 30.455752233019286024 32.562443108195793684 40.850382567566654757 45.541318196731587875 48.357390283262709829 nan nan nan nan nan nan nan nan nan nan nan nan nan nan nan nan nan nan nan nan nan nan nan nan nan nan nan nan nan nan nan nan nan nan nan nan nan nan nan nan nan nan nan nan nan nan nan nan nan nan nan
22.169955408399356855 23.126793235790540137 25.276313361567002147 27.139465780824060914 29.07955414467653199 30.195765696959746549 30.848598765614280381 39.567831939062571678 42.98304398021281969 49.483861607355741796 48.054259273189053658 nan nan nan nan nan nan nan nan nan nan nan nan nan nan nan nan nan nan nan nan nan nan nan nan nan nan nan nan nan nan nan nan nan nan nan nan nan nan nan nan nan nan nan nan nan nan nan nan nan nan nan
23.642831945026099305 25.217824633177933435 26.342795791963457219 28.264418341625177078 29.280768800176176114 30.206683880863842262 30.894992204787794066 32.459965230155020777 36.628912271528463407 43.640314805736707626 46.499976613849973717 nan nan nan nan nan nan nan nan nan nan nan nan nan nan nan nan nan nan nan nan nan nan nan nan nan nan nan nan nan nan nan nan nan nan nan nan nan nan nan nan nan nan nan nan nan nan nan nan nan nan nan
24.864294213593570504 26.395351318716333111 28.250501772680912893 28.914472581046879895 29.755662034694982054 30.2638037790941965 30.667595000077202627 31.352165889149755884 33.793318341483001177 43.006768981083020265 46.438244037170122169 56.228879032531715154 nan nan nan nan nan nan nan nan nan nan nan nan nan nan nan nan nan nan nan nan nan nan nan nan nan nan nan nan nan nan nan nan nan nan nan nan nan nan nan nan nan nan nan nan nan nan nan nan nan nan
25.774109197586383857 27.580952297476663659 29.408849708158456338 29.704944709150662874 30.070678810805780756 30.488247657738451579 30.812650333109303347 31.294042392665129881 33.036883756020593239 37.94832391649228498 48.126844593263463423 53.306895732969429957 nan nan nan nan nan nan nan nan nan nan nan nan nan nan nan nan nan nan nan nan nan nan nan nan nan nan nan nan nan nan nan nan nan nan nan nan nan nan nan nan nan nan nan nan nan nan nan nan nan nan
26.657519455716499834 28.240894227522389315 29.762572504586248812 30.196847490350226195 30.47003554544994941 30.885686330830381507 31.355486377312256963 31.737313502242610497 32.890545111219552155 38.144900761045853699 48.945538453873581375 60.884710652558126753 nan nan nan nan nan nan nan nan nan nan nan nan nan nan nan nan nan nan nan nan nan nan nan nan nan nan nan nan nan nan nan nan nan nan nan nan nan nan nan nan nan nan nan nan nan nan nan nan nan nan
