results/rofental/snowmelt_month_2019-10-01T0000_2019-10-31T2300.asc
ncols        322
nrows        225
xllcorner    622802.488000000012
yllcorner    5178049.378999999724
cellsize     100.000000000000
[rows 112 to 139 of 225, columns 189 to 251 of 322]
10.906867189611730851 8.7685909674528552671 7.3643479275946441831 6.5498153838133541527 7.085058341861090625 7.7432653013242767059 9.472809873609536524 11.566841047184340141 16.116006167103606117 18.818966014558998978 18.821077121160623591 19.745265846829809675 19.215622688265714402 19.056962921839730285 19.15370789339268498 19.963392502022681896 20.664611501098704593 21.707940747684318694 21.504888695841028579 22.383204445169319285 23.564418225327070644 23.75032271547904017 21.666837561503363929 20.570372529809162643 22.869080933842834469 25.257506144730587749 23.540579128089273553 nan nan nan nan nan nan nan nan nan nan nan nan nan nan nan nan nan nan nan nan nan nan nan nan nan nan nan nan nan nan nan nan nan nan nan nan
9.0721374547184954196 7.5772196128688218408 6.7493277936919318094 7.4585656244275249094 7.9865391303352160079 9.7045207087026579273 13.02514515931856387 15.925309465730741465 18.249388694719833381 18.742963993576584159 19.929298169048202283 20.596271685985616529 20.522018065734908276 19.845422081037121131 19.552184025934128186 20.338866042802933976 20.898006655792155328 22.065559057932134124 22.734134919775346617 26.654517152747772002 26.855692761782901101 24.150138950549720818 22.290246410254145104 23.953947907161136754 27.505319651197666531 nan nan nan nan nan nan nan nan nan nan nan nan nan nan nan nan nan nan nan nan nan nan nan nan nan nan nan nan nan nan nan nan nan nan nan nan nan nan
7.5916819958452839145 6.8562097579319303264 7.6166484779644632042 8.5160947529530179878 9.9639496444394097807 12.570149358142705509 16.299636020377999301 18.642168880144883047 18.451958746242937082 19.826453462327272348 20.622347094913234145 20.818279950933607836 21.436013686132479705 21.450838737303904225 20.784092329683396372 20.554069815235727958 21.590816105893363641 22.152695019350559846 24.419683380631862946 29.241749273331382852 27.674845691864675246 24.886324263562119796 24.64633014411484524 27.474182080720897403 31.688321045289349343 nan nan nan nan nan nan nan nan nan nan nan nan nan nan nan nan nan nan nan nan nan nan nan nan nan nan nan nan nan nan nan nan nan nan nan nan nan nan
6.9645557902855426136 7.6063902695331906401 8.4932234798233903206 10.279429062213534252 12.722981033948610019 15.627778289306620607 18.245154478982222201 18.551939899601869399 19.088884168942282571 20.396831293363216986 21.023097899022641144 21.248857395872747134 20.682744081432495875 20.738619098624468506 20.935645704782949394 20.719041482535477172 21.086436763710651121 22.587276147545598093 24.527304353700980499 29.375978519152514679 28.170989585163049185 26.715110000872090978 26.82084838101311064 28.989176658686840682 35.051132520101944579 nan nan nan nan nan nan nan nan nan nan nan nan nan nan nan nan nan nan nan nan nan nan nan nan nan nan nan nan nan nan nan nan nan nan nan nan nan nan
8.4208306869427751451 9.3850543416853451362 10.696734792212051701 15.104749970945089643 17.825978114861264601 18.087954060856102245 18.057429785838888137 18.965405027186388764 19.91310535647861002 20.415957320409223286 21.273990235723459818 22.325391580375647749 22.791465968848029888 22.73271082590269998 21.461409906952187754 21.130388318067968356 21.15853489761423134 21.999278102376703004 25.764016261422352017 30.075448489737556912 32.833783211144947245 31.157512313940358695 31.343058693908574242 33.925682357671789191 37.585583151893828813 nan nan nan nan nan nan nan nan nan nan nan nan nan nan nan nan nan nan nan nan nan nan nan nan nan nan nan nan nan nan nan nan nan nan nan nan nan nan
11.09870618282995558 13.756620931738028801 15.0690000767287966 18.173305741536001534 17.879992650492670947 18.077956641813020866 19.247593200632035604 18.850480772450726619 19.384285534975468579 20.117708435205130968 22.148805524721677074 24.074627773761044125 25.920854539647805836 24.573076291604099453 23.808596570604684928 22.799794299191365354 22.805507762440363706 24.306609769162982104 28.004251403803856135 32.813689887678350487 35.983366830517987012 36.253265366565621264 35.728851265982456198 37.717989039648735172 nan nan nan nan nan nan nan nan nan nan nan nan nan nan nan nan nan nan nan nan nan nan nan nan nan nan nan nan nan nan nan nan nan nan nan nan nan nan nan
15.372079045623342708 17.09223592699200367 18.413519136181172087 18.101851617685767337 18.707226517979485436 19.603407181723124353 19.500609540339400638 19.838269088815067676 21.21671574919377079 22.966192549049484484 25.918782135412666179 27.225353318207261566 27.463378120135597982 27.182212084262545204 26.792650857231276262 25.76191975267927603 25.385876574170634257 26.802166932528997734 31.400196570801952589 36.31506682321836621 38.742764580759562421 41.932715312176135569 41.798248791168049365 nan nan nan nan nan nan nan nan nan nan nan nan nan nan nan nan nan nan nan nan nan nan nan nan nan nan nan nan nan nan nan nan nan nan nan nan nan nan nan nan
17.58250152682803602 18.16140851636667719 17.945232837128887837 18.849016583822077564 19.045034230231934202 19.774095074087711055 20.203867267976967526 22.152218926790460785 23.906609988198493255 27.159050135336762821 28.462368259602985887 28.610764694327087909 28.537845220201390362 28.702662149709851747 28.319832945425321924 28.088596986051754811 27.954754414760788706 30.018654999970177499 33.356650590768062159 40.444388751147428707 43.409644267628671344 40.082264372260844709 nan nan nan nan nan nan nan nan nan nan nan nan nan nan nan nan nan nan nan nan nan nan nan nan nan nan nan nan nan nan nan nan nan nan nan nan nan nan nan nan nan
17.697787780849385086 18.278492292861930224 18.570399283077385633 19.125033081187197581 19.790210708225217218 20.995164266621117122 22.715238403314618409 25.29729529593652515 28.271408278643278322 29.500994050802749058 30.075279605020238449 29.387199933577878852 29.634305790498750355 30.429388184938833462 29.770044402823046426 29.659384093289450135 30.029174632697660741 33.051681495321425075 39.753372173257702116 43.917486351298585134 47.33423533029073127 38.069856500490260487 nan nan nan nan nan nan nan nan nan nan nan nan nan nan nan nan nan nan nan nan nan nan nan nan nan nan nan nan nan nan nan nan nan nan nan nan nan nan nan nan nan
18.514658420863916888 19.323080422736630624 19.599857767742150827 20.895031109650712864 22.027097252456641741 23.585881878762940289 26.487102882811782933 28.88366422165270464 32.770692479625857629 32.149750312382799677 31.093011563024884225 30.645343542342178722 31.616693922664921956 31.356053384895488989 31.781524825809885471 32.025057830724442454 32.778712319505601158 37.387602580856189149 41.567382623317399748 46.144986832039116109 50.036373447829788574 33.544010765221976555 nan nan nan nan nan nan nan nan nan nan nan nan nan nan nan nan nan nan nan nan nan nan nan nan nan nan nan nan nan nan nan nan nan nan nan nan nan nan nan nan nan
18.461101923056315144 20.509532225186937637 21.539060174572924211 22.609204870964727974 24.83814234710676061 27.407305290565481926 29.785373573476221054 33.433643387462176122 37.368512135311014788 32.773570022505261079 32.390177171636175046 31.206940083105738637 31.318675791791715568 33.408997662190067501 34.452903544430718341 34.442196311248281404 35.969058781050172513 40.706165918455788244 45.446370898039127439 50.103339735250699505 52.738971117319152881 51.34629160774809975 nan nan nan nan nan nan nan nan nan nan nan nan nan nan nan nan nan nan nan nan nan nan nan nan nan nan nan nan nan nan nan nan nan nan nan nan nan nan nan nan nan
19.324641727754990228 21.409310970650391681 22.733205152169293939 24.963256507259615091 28.085986152739199184 30.02515069186896568 33.960783930126254404 38.177844952884107954 38.004827413705442041 34.881273416890472561 33.978736780901144243 32.797997513094330202 34.727203846223154926 36.014260692090154237 36.966279199371200548 36.878417822930735781 39.426338598345033404 45.630011338428047907 52.202496993415280713 55.744269526895060096 58.828924825164953916 58.035788694686914369 nan nan nan nan nan nan nan nan nan nan nan nan nan nan nan nan nan nan nan nan nan nan nan nan nan nan nan nan nan nan nan nan nan nan nan nan nan nan nan nan nan
20.182246081281082439 21.730989807643275924 23.649719033214150699 27.406816941990097547 30.231398481307682147 33.869785910221203551 38.589390251379128927 41.702725167131504236 39.653586152031941481 37.245830470004818835 36.218948769451188241 36.866360632000855446 38.354246331503269118 39.497640097681077975 39.764921225013765138 38.819353772353160537 41.288165606222833048 44.244513291659878007 48.869917189362610088 52.521227637700199864 56.11926682949035694 55.867343095778380757 nan nan nan nan nan nan nan nan nan nan nan nan nan nan nan nan nan nan nan nan nan nan nan nan nan nan nan nan nan nan nan nan nan nan nan nan nan nan nan nan nan
20.916601716992524018 22.728803452735640178 25.494298085584858882 29.745948662270620844 32.612658488556554914 38.485297472605239477 43.77263809083051882 43.162672986359254423 40.562682787517864824 38.202301680119866489 37.569434156599299968 38.192982465963915217 39.83502995539473801 41.489119964949118469 40.982304748157147856 40.866868081125936385 41.493535190325395945 44.214164806867174207 46.388722771378404275 49.658618176150056911 54.160747522019946132 56.853792889189335824 nan nan nan nan nan nan nan nan nan nan nan nan nan nan nan nan nan nan nan nan nan nan nan nan nan nan nan nan nan nan nan nan nan nan nan nan nan nan nan nan nan
21.755497782756048508 23.860247248940552822 28.278487888878114376 31.753890928914380254 35.537692194315418703 41.904469804206094352 42.542054611670366171 43.3930922788672504 42.216057945415677466 40.246743274254200173 40.643736117619241099 41.316280729635288083 42.315572299608852802 42.572104700425541068 41.369399773247877761 40.573855448499642762 41.559528819407738354 43.726675388419494084 45.103878432063886805 50.892349275978098433 56.816388876530126595 nan nan nan nan nan nan nan nan nan nan nan nan nan nan nan nan nan nan nan nan nan nan nan nan nan nan nan nan nan nan nan nan nan nan nan nan nan nan nan nan nan nan
21.511740764274257742 25.223221873464648723 29.805340036146120042 33.458454005871168135 37.832565774493176036 44.434111470340070582 44.06229034232258357 42.571181681096739169 42.450311410522978406 43.1071702123410887 43.467961877267477178 43.739787084854668819 44.400685075605466068 43.761587368683805721 42.693504465422485339 44.628802365689701048 43.925860335137187462 44.108193198914008804 45.956285271903730916 48.341357572491723715 50.322918076020897615 nan nan nan nan nan nan nan nan nan nan nan nan nan nan nan nan nan nan nan nan nan nan nan nan nan nan nan nan nan nan nan nan nan nan nan nan nan nan nan nan nan nan
23.34339722170113518 26.274532075957054644 31.564125930107380213 34.76627561248722742 40.023708106827086795 44.627673244310393841 47.722459469368736507 48.668650100100514067 46.426091739296474259 46.755115513492185642 46.187903073627055051 45.700585575813754247 45.209409041763130688 44.639698451587015882 45.214878438250693193 48.314015379374069425 47.589453569628766161 40.175153755997449423 41.086795831825526193 47.769352818676217964 54.538525818440582782 nan nan nan nan nan nan nan nan nan nan nan nan nan nan nan nan nan nan nan nan nan nan nan nan nan nan nan nan nan nan nan nan nan nan nan nan nan nan nan nan nan nan
24.766296680501380223 29.216065877693335295 33.247272107476817382 37.742116227620556401 44.200851897081811614 48.877988071445784612 49.191042622649888472 48.569982135503032339 48.159101213543586084 48.690759144679539361 48.117733277665806213 46.813806331239746328 45.836587031951218307 44.719353594978997535 45.499636426807740008 49.384361253081543452 51.943917105549616053 37.053861985744376284 29.452476984076099598 nan nan nan nan nan nan nan nan nan nan nan nan nan nan nan nan nan nan nan nan nan nan nan nan nan nan nan nan nan nan nan nan nan nan nan nan nan nan nan nan nan nan nan nan
27.006623624984996468 31.175736101836644565 33.984073233116525614 38.610360394062375633 45.517801865678698903 51.300089732008622434 51.313798063910965652 48.471489537741511811 49.834390943311390743 47.663353287746950571 46.623862500225783378 45.454009035271695893 43.458572013916672461 40.961446318234656871 38.820366360206634226 48.878769039975928479 51.415064639613689224 51.86481892252706416 nan nan nan nan nan nan nan nan nan nan nan nan nan nan nan nan nan nan nan nan nan nan nan nan nan nan nan nan nan nan nan nan nan nan nan nan nan nan nan nan nan nan nan nan nan
27.77863549492580475 31.961623200183421289 35.658861894777409418 42.030971367291598995 48.554359591311751387 51.492927532699020787 53.058428115733349273 42.42585338951989371 42.829328678993512369 43.550427436036748929 43.819267903424872657 38.879585002585223208 33.875092862932284277 29.462674133522174458 36.510569106566514108 49.252682302057607444 51.558268105269405623 nan nan nan nan nan nan nan nan nan nan nan nan nan nan nan nan nan nan nan nan nan nan nan nan nan nan nan nan nan nan nan nan nan nan nan nan nan nan nan nan nan nan nan nan nan nan
30.025458344463046956 32.927784690486404884 35.978493055780461418 39.598269974542660066 42.823954434071183073 47.819422403145949829 52.864846658847319816 45.056168956111363855 35.61253637196218591 33.549210154833161823 31.641137522032988016 33.814051723912456282 nan nan nan 45.828391295698310159 nan nan nan nan nan nan nan nan nan nan nan nan nan nan nan nan nan nan nan nan nan nan nan nan nan nan nan nan nan nan nan nan nan nan nan nan nan nan nan nan nan nan nan nan nan nan nan
32.003503759399961837 34.13004143013507985 36.68073350749199335 39.001338093151780129 42.570295789256782371 47.386598373546924279 51.148347010596090456 41.333212474090842647 29.02788529168345022 nan nan nan nan nan nan nan nan nan nan nan nan nan nan nan nan nan nan nan nan nan nan nan nan nan nan nan nan nan nan nan nan nan nan nan nan nan nan nan nan nan nan nan nan nan nan nan nan nan nan nan nan nan nan
33.348151534242639116 34.415130033641815999 36.81183910420718064 40.010679100815259801 44.205127025436780741 47.288980412098773343 51.848470399116109775 53.240608401500175262 nan nan nan nan nan nan nan nan nan nan nan nan nan nan nan nan nan nan nan nan nan nan nan nan nan nan nan nan nan nan nan nan nan nan nan nan nan nan nan nan nan nan nan nan nan nan nan nan nan nan nan nan nan nan nan
33.421042178850605353 35.031574947249097818 37.900007543282583811 41.201938187220001453 45.56975228101642017 49.609285610792383636 54.107767079161753543 57.183651575105507447 nan nan nan nan nan nan nan nan nan nan nan nan nan nan nan nan nan nan nan nan nan nan nan nan nan nan nan nan nan nan nan nan nan nan nan nan nan nan nan nan nan nan nan nan nan nan nan nan nan nan nan nan nan nan nan
33.852871660094145057 36.258360045946908201 39.58731570660724941 45.454198654724415007 51.093608991138822262 56.56438389308242165 57.86820147617957133 45.058855994918211252 nan nan nan nan nan nan nan nan nan nan nan nan nan nan nan nan nan nan nan nan nan nan nan nan nan nan nan nan nan nan nan nan nan nan nan nan nan nan nan nan nan nan nan nan nan nan nan nan nan nan nan nan nan nan nan
34.283224757792751802 36.483804760699484859 39.666678557078611789 44.321814720266139886 48.868436282422379691 53.750523491330369552 55.432158950433979783 47.708903012375657227 27.420604575673458214 nan nan nan nan nan nan nan nan nan nan nan nan nan nan nan nan nan nan nan nan nan nan nan nan nan nan nan nan nan nan nan nan nan nan nan nan nan nan nan nan nan nan nan nan nan nan nan nan nan nan nan nan nan nan
35.557643611319555532 37.212500238319350387 39.201448910947505055 42.779761282273945255 47.3587913952662376 53.392050117639307416 59.808424134236886971 60.483689339434398846 46.965355302785070535 nan nan nan nan nan nan nan nan nan nan nan nan nan nan nan nan nan nan nan nan nan nan nan nan nan nan nan nan nan nan nan nan nan nan nan nan nan nan nan nan nan nan nan nan nan nan nan nan nan nan nan nan nan nan
36.047989290628123626 38.293619531409447632 41.013149922446594076 43.39362442939306419 46.288989703553610866 51.10148813627142772 54.320098630461060907 54.782751895759403737 26.873955021934957443 nan nan nan nan nan nan nan nan nan nan nan nan nan nan nan nan nan nan nan nan nan nan nan nan nan nan nan nan nan nan nan nan nan nan nan nan nan nan nan nan nan nan nan nan nan nan nan nan nan nan nan nan nan nan
