results/rofental/snowdepth_month_2020-02-01T0000_2020-02-29T2300.asc
ncols        322
nrows        225
xllcorner    622802.488000000012
yllcorner    5178049.378999999724
cellsize     100.000000000000
[rows 140 to 167 of 225, columns 63 to 125 of 322]
nan nan nan nan nan nan nan nan nan nan nan nan nan nan nan nan nan nan nan nan nan nan nan nan nan nan nan nan nan nan nan nan nan nan nan nan nan nan nan nan nan nan nan nan nan nan nan nan nan nan nan 1.7506507007035372325 1.7108873943227027592 1.6112151838349408894 1.5363322008360369431 1.5043567430415412112 1.4813299496395841981 1.4600113236451952581 1.4556278700784366364 1.4531445786473522475 1.4382196679835919095 1.4095393849915387463 1.3933930038695043763
nan nan nan nan nan nan nan nan nan nan nan nan nan nan nan nan nan nan nan nan nan nan nan nan nan nan nan nan nan nan nan nan nan nan nan nan nan nan nan nan nan nan nan nan nan nan nan nan nan nan 1.7184455099216779939 1.650313154535136384 1.6497696727162147745 1.5672636221106057697 1.5110536042088431596 1.5074314836991247191 1.4893947693670459564 1.4772468551669164505 1.470200773645014225 1.463981510566445321 1.4547521883294873835 1.4316223789275990264 1.4047761277189354523
nan nan nan nan nan nan nan nan nan nan nan nan nan nan nan nan nan nan nan nan nan nan nan nan nan nan nan nan nan nan nan nan nan nan nan nan nan nan nan nan nan nan nan nan nan nan nan nan nan 1.5923487240887919114 1.4956279959606797458 1.479014326762087439 1.4749913928879498926 1.5585285253377716419 1.5618792530496945492 1.5007929832863777797 1.478255039404599902 1.4517450898055310748 1.4374071013276423781 1.425654551405213688 1.4180289668809833437 1.4089227280547380605 1.3833944033057830048
nan nan nan nan nan nan nan nan nan nan nan nan nan nan nan nan nan nan nan nan nan nan nan nan nan nan nan nan nan nan nan nan nan nan nan nan nan nan nan nan nan nan nan nan nan nan nan nan 1.5398279198525302025 1.5030838011834954937 1.4404102382508146007 1.4180163994309742392 1.4034920067989047343 1.4164878781502854288 1.5119561553267779619 1.5809255866681990454 1.4737922126647327037 1.443872208241460342 1.4273415723296984936 1.412122023801313464 1.3975123098471613492 1.3776820775787443907 1.3572995237517171407
nan nan nan nan nan nan nan nan nan nan nan nan nan nan nan nan nan nan nan nan nan nan nan nan nan nan nan nan nan nan nan nan nan nan nan nan nan nan nan nan nan nan nan nan nan 1.673857500496164441 1.5570373667441936849 1.4786099167122668252 1.4724412431117068767 1.4700718636676264328 1.4365921543362851764 1.4130394443574967323 1.3916489196197072697 1.3704156513320280286 1.3949765126503457235 1.4639344076694824626 1.4940568552286672688 1.4739860914379068202 1.4439737763217688205 1.4289166524360636945 1.420856667648270788 1.4119460777535868257 1.3923572015762260001
nan nan nan nan nan nan nan nan nan nan nan nan nan nan nan nan nan nan nan nan nan nan nan nan nan nan nan nan nan nan nan nan nan nan nan nan nan nan nan nan nan nan nan nan 1.4651355613119758647 1.4648473152082941429 1.4797402482388757328 1.432818503368110008 1.4227871247897680984 1.453887907749004782 1.4562268711393151488 1.4290652719524119529 1.3944191651594364245 1.3643674471299325202 1.3402727064825641357 1.3529250440277140743 1.4064649795344892347 1.4510635362301202989 1.4685347635105170383 1.466465211431862592 1.4498394897762565403 1.4233498616505189105 1.3971226271604950675
nan nan nan nan nan nan nan nan nan nan nan nan nan nan nan nan nan nan nan nan nan nan nan nan nan nan nan nan nan nan nan nan nan nan nan nan nan nan nan nan nan nan nan nan 1.4359726619869821462 1.4309425152739632114 1.424620510376659599 1.430876492933062627 1.3977217777163679635 1.3878185825295776823 1.3865376305862513462 1.3995874447272693697 1.3882312120464277427 1.3773038874430594269 1.3516994246246698541 1.3000819893425563656 1.3020588352359812045 1.3280560794681910419 1.3401061339544999562 1.3553382183843445397 1.3803545863209640832 1.3980458270334163995 1.3800727036921747182
nan nan nan nan nan nan nan nan nan nan nan nan nan nan nan nan nan nan nan nan nan nan nan nan nan nan nan nan nan nan nan nan nan nan nan nan nan nan nan nan nan nan nan nan 1.4807707535961103229 1.4541320247419649014 1.43266936636479425 1.4202153472468648232 1.4171523565046721949 1.4146967477846719152 1.407838008625376558 1.4056062073776698362 1.400723679166087754 1.3924094705740202027 1.3817647453935251178 1.3562043081710442038 1.3187569630064399639 1.2895098378990550447 1.2878651591406697907 1.3081021089450746153 1.3003113284144980355 1.3215448445457491644 1.2841552552787864894
nan nan nan nan nan nan nan nan nan nan nan nan nan nan nan nan nan nan nan nan nan nan nan nan nan nan nan nan nan nan nan nan nan nan nan nan nan nan nan nan nan nan nan 1.6598175885107273597 1.5499200597666873414 1.4598721140375776617 1.4463252019250567582 1.4450616381339065342 1.4382965301720205265 1.4305185068379953073 1.425731410617403272 1.422663960770645275 1.4171512306211664356 1.4062140109435476987 1.396945873228679913 1.3862876078286330284 1.3739720361311125174 1.3529045294045090042 1.3144647144500603009 1.2768295157783347005 1.2278623990028401103 1.2179922211595288761 1.2226138444981451414
nan nan nan nan nan nan nan nan nan nan nan nan nan nan nan nan nan nan nan nan nan nan nan nan nan nan nan nan nan nan nan nan nan nan nan nan nan nan nan nan nan nan nan 1.6815630568750732365 1.6141647466276012324 1.4883058298110181106 1.4543336953099768039 1.4471793447402658828 1.4415746486938203486 1.4370920654776155878 1.4340484064790777197 1.4255555348782387171 1.4124159753127867312 1.4011766437170951605 1.3926936264891913719 1.381298437289556702 1.3690259677247840209 1.3563862137017561604 1.346121904336463837 1.3266568960062383731 1.3007245114221752669 1.2419693835018230654 1.207453111978516791
nan nan nan nan nan nan nan nan nan nan nan nan nan nan nan nan nan nan nan nan nan nan nan nan nan nan nan nan nan nan nan nan nan nan nan nan nan nan nan nan nan nan 1.7173630466404514738 1.6430461378704290798 1.5588756828047065639 1.5435105263871191639 1.5001237772117856917 1.4637467504570231824 1.4573350024972147043 1.4539611751489374125 1.4518972532902323369 1.442691688504495362 1.4296351337824628747 1.4155205793066252262 1.3967827489285089548 1.3771803784921019531 1.3491876953525947513 1.3112537579179852631 1.2757310456429931111 1.2507651856386661215 1.2463549292096414156 1.2520005144269412689 1.2538917429199285536
nan nan nan nan nan nan nan nan nan nan nan nan nan nan nan nan nan nan nan nan nan nan nan nan nan nan nan nan nan nan nan nan nan nan nan nan nan nan nan nan nan 1.7275490392212482504 1.7003884504847213144 1.6432103527739225779 1.6400767804198022048 1.6148700832893769785 1.5886123414296158263 1.5774467077492710931 1.5652597142887041404 1.5347055483665181796 1.5215100795148703838 1.5198075052171158283 1.4936455933256826967 1.4478938539852534984 1.415326130875844246 1.3819408432760085237 1.3512405295820828499 1.3334657186273688456 1.3061437320435247411 1.2709160196030400147 1.2500187124483148615 1.2427884444208425752 1.2572037595978351465
nan nan nan nan nan nan nan nan nan nan nan nan nan nan nan nan nan nan nan nan nan nan nan nan nan nan nan nan nan nan nan nan nan nan nan nan nan nan nan nan nan nan 1.6850587964086432002 1.6548619738476066932 1.6409141811184864146 1.6180878117311201514 1.5961465669775047882 1.6012391153662475229 1.6132821587496857241 1.6142707056790073228 1.6177921138504092191 1.5816630527290025388 1.5565735690405262392 1.5271199513890867383 1.4856846811715984646 1.4134819911807940951 1.3764408287099711981 1.3398457596376769363 1.3127781882774050004 1.2779761583685911308 1.2445202974819964403 1.2590784236630241377 1.2662330000080899151
nan nan nan nan nan nan nan nan nan nan nan nan nan nan nan nan nan nan nan nan nan nan nan nan nan nan nan nan nan nan nan nan nan nan nan nan nan nan nan nan nan 1.7710745388549697932 1.7149230752915305409 1.6948348429884636523 1.6798923477545104621 1.6582792461247048976 1.6370931167320996735 1.6424447438578186897 1.6559422162426753466 1.6649422195933492041 1.674978982794923521 1.6660303940186196314 1.6568745586092814559 1.609952512272799785 1.5013210499722000613 1.4143597615607852447 1.3743768927632844523 1.3350543688449836299 1.3007975379388632131 1.2724729625924471321 1.2582784192765095188 1.2669182469120106038 1.2688933370557782254
nan nan nan nan nan nan nan nan nan nan nan nan nan nan nan nan nan nan nan nan nan nan nan nan nan nan nan nan nan nan nan nan nan nan nan nan nan nan nan nan nan 1.8064345363107867648 1.7629678573713383205 1.7154735222236314751 1.6939521691293155659 1.6824284676863348054 1.6731534861139329973 1.6754544432109974572 1.698724765979843454 1.6244691213049915479 1.4347729866448364344 1.3934042894873570617 1.4122185817753889481 1.4085963015139975063 1.3886345917933966554 1.373204789212481236 1.3435170995280143469 1.3046968096190421083 1.2748198348909705047 1.2515792732874784221 1.2616420199620050902 1.2645605161200592637 1.2673637996749205215
nan nan nan nan nan nan nan nan nan nan nan nan nan nan nan nan nan nan nan nan nan nan nan nan nan nan nan nan nan nan nan nan nan nan nan nan nan nan nan nan nan 1.8263393074258642557 1.8039951145015469258 1.7748225248382574204 1.7184345106720335661 1.6796930833364902558 1.6878677137701876276 1.6684100685816802834 1.5132543602154566731 1.432460428329046298 1.3741679308961618489 1.3589792117777610425 1.3658432058781828644 1.3862522031611252959 1.3697093138396621015 1.3366139350002672614 1.3154833528895699679 1.2880541803118170652 1.2581154956276425771 1.2527182023745118133 1.259370562428069773 1.2618772268815314774 1.2651364661592972016
nan nan nan nan nan nan nan nan nan nan nan nan nan nan nan nan nan nan nan nan nan nan nan nan nan nan nan nan nan nan nan nan nan nan nan nan nan nan nan nan nan 1.7836101348079573814 1.7819959678366172895 1.7461784569858920246 1.7201638904546094899 1.6984413744075930186 1.555385901777818658 1.4493439126785645499 1.4254581264374017735 1.3973384605635561506 1.3682607424532744478 1.3393478332922641449 1.312682430233794717 1.3219923343557722362 1.3334317095283989563 1.3376126988167709175 1.3171223620246768071 1.2780634516298017278 1.24515456829042237 1.2546032207143646975 1.2585735027783608864 1.2617609283144621823 1.2620414929943875038
nan nan nan nan nan nan nan nan nan nan nan nan nan nan nan nan nan nan nan nan nan nan nan nan nan nan nan nan nan nan nan nan nan nan nan nan nan nan nan nan 1.6605288947339913452 1.6301502300611179219 1.6467894170215431338 1.5570909326643058712 1.5017447114122850493 1.4629556119813251769 1.4469343754484809139 1.4572051148788798258 1.4460486623017809737 1.4118525057554525137 1.3772616780560780203 1.3457351246892348406 1.3205991284132831964 1.305795873875785551 1.3005759755836701075 1.2943554715306075931 1.2766793473867288355 1.2589646425651095374 1.2467862682707091526 1.2561745870998142216 1.2567960095414172361 1.2595414446495638572 1.2586788349182072011
nan nan nan nan nan nan nan nan nan nan nan nan nan nan nan nan nan nan nan nan nan nan nan nan nan nan nan nan nan nan nan nan nan nan nan nan nan nan nan 1.5626818887572262451 1.5506776961994799269 1.5670666147906049392 1.6301966952231166097 1.6198173614212554305 1.5765276101207326143 1.5285299051404099835 1.48566798413839396 1.4775686014271436353 1.476465603351235556 1.4463481048115265359 1.4163306440956444643 1.3758034870697346541 1.3388726351532980186 1.3092340476904893443 1.2930286487646411864 1.2766394656988255818 1.256552893357543832 1.2358429322499271397 1.254978869104180994 1.2565038453970847065 1.2565151078347664981 1.2562800214048883696 1.254227753473187601
nan nan nan nan nan nan nan nan nan nan nan nan nan nan nan nan nan nan nan nan nan nan nan nan nan nan nan nan nan nan nan nan nan nan nan nan nan 1.713115810388492033 1.522328350538454611 1.4941635169539542183 1.498275725326403629 1.5060047628063579772 1.5575557282323704289 1.6414857654282295485 1.662309683113285308 1.6149181646667352119 1.5379076427645890224 1.4850788035430282363 1.4587992993726071056 1.4670697765722455763 1.4407220093742905132 1.3997775109960293172 1.3537899183378852008 1.3188184642804010593 1.288891218505251457 1.2631840103039928547 1.2457806936543400766 1.2481039209367543741 1.2533970574634751838 1.2540353596549036475 1.2544344289597315623 1.2521264408531083134 1.2509862583847686235
nan nan nan nan nan nan nan nan nan nan nan nan nan nan nan nan nan nan nan nan nan nan nan nan nan nan nan nan nan nan nan nan nan nan nan nan 1.6250544148709520353 1.5351941348847510938 1.4768810152601477004 1.4697830254696779839 1.4661925652407814535 1.4722338040391362846 1.4778522226040970988 1.4930794872762924719 1.5738095749648572941 1.6607761129426106272 1.6244272072573289201 1.5083185823665454794 1.4545854198522989442 1.4244591632322984864 1.3959925698922881487 1.3869367629394899755 1.3470918699796980977 1.3056220497040920137 1.2838631420288053597 1.2757072671500282457 1.2546076304197717466 1.2480312823709194259 1.2489922165212876681 1.2525606046419892614 1.2532809579655754817 1.2506627053217980183 1.2497955745414890405
nan nan nan nan nan nan nan nan nan nan nan nan nan nan nan nan nan nan nan nan nan nan nan nan nan nan nan nan nan nan nan nan nan nan 1.670871237249321295 1.4948759032636580457 1.4727109739936117272 1.4652343406332564157 1.4538055749530338634 1.4506660900262866587 1.443625417453523907 1.4453169515308643689 1.4499382314000972549 1.4535690289684313203 1.4392527124150471529 1.4337402224601796252 1.6283560423711997966 1.6420863649797681205 1.5772146500037980132 1.5144220594498363219 1.4533525180737640881 1.4031248746136089078 1.3937344795411223952 1.3869885174109517489 1.3073898186071795102 1.275581812353263178 1.2464857312073676088 1.248869809977294576 1.2529383708033003941 1.2559544075491744231 1.2537444924299019355 1.2501454053724359028 1.2521064042630203339
nan nan nan nan nan nan nan nan nan nan nan nan nan nan nan nan nan nan nan nan nan nan nan nan nan nan nan nan nan nan nan nan 1.7337886294912818741 1.67754914506805064 1.5497612162139857706 1.4856986893168968589 1.4700329331493673379 1.4463232995853749774 1.4325188706193159316 1.4295060446246257158 1.4288067838866453929 1.4233192413832049805 1.4209424732053979046 1.4131723018075805776 1.4070008475690984895 1.3778197438322921098 1.3550233512642391176 1.3982610074761137042 1.4735328055732095365 1.5017196874521165917 1.4937434548458257133 1.5152555444391120343 1.4998528515468247946 1.4391819792053359706 1.3473854093775421426 1.2943450977431421034 1.2644259770665584597 1.2673109098484938162 1.2601847853875243199 1.2586550935874112334 1.2558565399924750405 1.2485229171678520199 1.2468053492948785177
nan nan nan nan nan nan nan nan nan nan nan nan nan nan nan nan nan nan nan nan nan nan nan nan nan nan 1.9325091521826380792 1.8613319964611652058 1.8148247940708948089 1.7746894422918957357 1.7308081633163885371 1.6698983345697886449 1.6242704302294379559 1.5920864639196761203 1.5547127766872446131 1.4897066695063565511 1.4681887778285118706 1.42787051160984646 1.4110658510592273274 1.4078984732234056665 1.406374531850798304 1.4152864212207940664 1.410523856645960139 1.4018733222268209282 1.3810483388235441637 1.3673143084941088432 1.3323956751921834929 1.3075244169493371871 1.3273070981719738981 1.3529716144658008314 1.3286127970647700902 1.3242374909282419448 1.3188269407706618708 1.3070218440175638275 1.2988553234133353165 1.2819877743443821583 1.2720898107129785526 1.2645964052888558626 1.2572184466056952612 1.2562661797442711276 1.2550452349847567302 1.2486887340969115012 1.2428918022551336264
nan nan nan nan nan nan nan nan nan nan nan nan nan nan nan nan nan nan nan nan nan nan nan nan nan nan 1.904588968221675227 1.8162853834428871469 1.7765070177215347424 1.7200865475046864805 1.6832564485205805394 1.6551785840735844246 1.608643793788116394 1.5742594476865212627 1.5715951438499333737 1.5228068259314500033 1.4850196069688235134 1.4356263315442028272 1.4401243211369729735 1.4166030753737630654 1.3939735863095921165 1.3876828162192631488 1.3916184734965499903 1.3930133634197188197 1.3778383953478927637 1.3650125058695148361 1.3497870609351392268 1.3130135915338052577 1.3034178565570981867 1.3298412090307911715 1.3260663873713152139 1.3026752401155408112 1.2840688038605405641 1.2681900441639240018 1.2679319638320387664 1.2650597159564884731 1.264179037795735594 1.2554605557397979787 1.2506586639783519033 1.2490602852308565485 1.2467913629486668814 1.2437732382428414724 1.2432332212904848578
nan nan nan nan nan nan nan nan nan nan nan nan nan nan nan nan nan nan nan nan nan nan nan nan nan nan 1.923604339838046462 1.8733430751638528999 1.8199435276089814817 1.7577271768868776292 1.7067939627254045121 1.6692188548880642074 1.6293940396008248506 1.5725616458442877033 1.5477954918264773543 1.5597027472125568615 1.5428567841941065453 1.4696396644097247108 1.4338226514762846264 1.4116071735736350767 1.394225726308468305 1.3786301381744763273 1.3689245619958332334 1.3654256569913418851 1.3559215541829670038 1.3375103304432864881 1.323103154916775992 1.2982561436873634175 1.2860123617496779236 1.2894987693261485973 1.2806840612895478149 1.2639466703409105719 1.2505328644028050888 1.2504022941537371594 1.2713041052626365968 1.2722406419865761595 1.2587469130829118669 1.2504938053698286815 1.2455462342815237786 1.2418014563271155826 1.2380595677282566491 1.2357068264881723163 1.2407509090971446941
nan nan nan nan nan nan nan nan nan nan nan nan nan nan nan nan nan nan nan nan nan nan nan nan nan nan 1.9083997458901131861 1.9050189881674954862 1.8510997751359066221 1.7770696198582691672 1.7447327118466486873 1.6950284214467494781 1.6195809710502058199 1.5763827967857682033 1.5227379455145650944 1.5393004847330624685 1.5629892872741790733 1.4956886562934441631 1.4118447061794030528 1.4031960764743880432 1.4034274176661383216 1.3906042180084834392 1.3758146870939007567 1.3669442673216243289 1.3465966822178190299 1.3358554822494419501 1.3195858812763554546 1.2936077994883303788 1.2778359079075873872 1.2706277616385714957 1.2743432230490532309 1.2762311535473127577 1.2776040725525603658 1.2769234154166593243 1.2699813936680481863 1.2613611520092637974 1.2541127996535268441 1.248196640545281122 1.2424329641410787328 1.2347362795350766973 1.2294128838487889954 1.2321292842818010183 1.2459985415490426597
nan nan nan nan nan nan nan nan nan nan nan nan nan nan nan nan nan nan nan nan nan nan nan nan nan nan nan 1.8315818020009868583 1.7577528844570697864 1.6851706019949375115 1.6647877028137623157 1.7170230803537132047 1.7241413476303595331 1.6487264649976891562 1.5728956433679761595 1.5158928948011363147 1.5052838224978530857 1.516044190635795097 1.4308440346648605423 1.3993355735479209301 1.4173346828836965727 1.4216163704761028974 1.4222540971280746014 1.4138474474827515959 1.3881578611965432746 1.3661034567487850833 1.3648233874416677569 1.3331646664772329736 1.3175387824982685014 1.3117372632179447045 1.3144792086149015287 1.3124327985308752442 1.2868616617205692609 1.2719433647093016937 1.2644971225841121765 1.2584390390300868035 1.2546662577160854202 1.2468894050195469259 1.238630696051325808 1.2295883647733443222 1.2371215881510015944 1.2841613588010605262 1.3315449601170941119
