results/rofental/snowmelt_month_2020-06-01T0000_2020-06-30T2300.asc
ncols        322
nrows        225
xllcorner    622802.488000000012
yllcorner    5178049.378999999724
cellsize     100.000000000000
[rows 168 to 195 of 225, columns 63 to 125 of 322]
nan nan nan nan nan nan nan nan nan nan nan nan nan nan nan nan nan nan nan nan nan nan nan nan nan nan nan nan 140.06342351121580236 223.99737019062251875 268.93937112544068668 265.92717134454102279 226.69708995435524912 199.5794270721681869 234.08765189385087524 370.61222561680710896 384.13426993257411368 345.05913817120728027 348.85456313275091134 390.38994151327824511 400.14695839398842736 402.49265379172203438 397.57543483362974257 396.85024808529180973 390.65680657454998936 377.5613200583641742 397.76181962530193914 368.51049074852119247 308.27872716859951652 280.62615079942878538 271.836752562677475 209.0915172505262376 217.07905667859006371 203.76382985692637817 177.39133451633364302 147.3567682334638107 132.56686099276990376 116.51861436748336587 165.73566374827817071 246.3112580576687094 325.29924922290416589 411.44956756050061131 362.86326064791489898
nan nan nan nan nan nan nan nan nan nan nan nan nan nan nan nan nan nan nan nan nan nan nan nan nan nan nan nan 105.9930295823539268 199.00470974402438173 276.13689969315180406 284.24186872502451706 276.23329525640957627 250.23247137685467578 208.86676370906502598 267.63762833539931307 373.54482676935799645 373.50403946030405677 364.40244637003655725 369.66069844402431954 373.08351505303778595 403.0284036559477272 408.86348012447297151 405.45696961761768762 424.91833015379728522 376.84045868851666228 362.63840652016193644 344.99331819650092257 316.47401522771576765 308.37241666767886272 309.2988739060378407 232.72762654055992471 222.00890873807884418 200.65033362369777592 179.99283080509300703 165.8834654355445366 203.18308465332671631 301.82820021067686866 400.71467034212707858 431.75886583430803967 428.51798232199672611 393.46869988037803978 344.65471732738745914
nan nan nan nan nan nan nan nan nan nan nan nan nan nan nan nan nan nan nan nan nan nan nan nan nan nan nan 216.91418577197958939 156.96816511048618281 237.82473262071889053 302.91793130473689644 309.41474520999986453 290.58407325716382275 268.58654837949245575 249.63354824155746314 243.45813561765743316 325.55732746008834511 370.70279950049894069 389.5579856151198328 367.24399041572212354 352.01725713194247191 393.58973781821794091 376.12179280698796902 418.39223805643172227 424.84827283350335847 434.98138784672420343 406.93506617286334404 377.83039299839310843 348.20159211131448274 324.12180571973914311 237.75872476669738376 208.74803921497175452 191.52168172304828886 175.42442473089826649 201.92496350388327642 296.37172165998947548 396.51063900951942287 435.46347345593738964 422.2745078097952387 403.05722515559455132 368.25732822408042466 304.70878263248016538 265.38798709110528762
nan nan nan nan nan nan nan nan nan nan nan nan nan nan nan nan nan nan nan nan nan nan nan nan nan nan nan 202.64831941461059728 237.66421815566127407 274.2549916387120561 293.48347573520715059 312.5596561041578525 303.96630387946697738 284.01702984324799672 261.14277491496693528 237.33901327644761636 244.14063814454291901 321.77006978933792425 374.57056347170311028 360.73125568497601989 335.68591115876415643 385.13136522639388204 396.4528173320067026 428.55269205140092481 422.94688832523831934 415.66157615226575217 426.30341241118458129 439.83643081891102611 424.67105709482484599 393.66002719383322983 302.7403065542602576 233.34905119468606927 262.68204614651040174 364.32378569327090645 420.81546623642293525 435.27215526454648398 413.92092287590264732 404.37898345042691517 373.72488758216366023 334.49535456919846865 309.16033735515020453 313.02897587552411096 nan
nan nan nan nan nan nan nan nan nan nan nan nan nan nan nan nan nan nan nan nan nan nan nan nan nan nan nan nan 187.50126356260958005 289.29370784976231334 290.28480572079138256 295.29352317734674216 301.01750520094884678 300.80961261906657001 296.90468901758646325 270.35574239827974452 252.63747397808648998 253.04043775402823258 319.16200911830031828 348.66761449907335191 312.14540869777056287 343.63269749748320692 400.75575274277269955 409.86734586053648854 399.74210074159424266 390.24048647745854623 434.92035732337450327 420.18881413670351321 436.95920931108980767 441.91503980605028801 417.27283510579678705 394.56137344577331305 367.71436268622818488 360.68810402582096231 344.37510112050210864 336.45312194056918997 320.16966937774719781 328.94796927386602192 332.46466947051266061 322.31214630615858141 243.13964897201299209 307.8446990035130284 nan
nan nan nan nan nan nan nan nan nan nan nan nan nan nan nan nan nan nan nan nan nan nan nan nan nan nan nan nan nan 182.6761288757472812 285.52547768849643717 288.3551233322843359 284.2825507610079967 293.85997656632468988 310.89831008037299398 296.96387874963687636 294.57925480341572211 290.65288061785264517 333.81600960601497263 364.11061392864365871 331.6987005757042084 352.86209623146680769 410.4252662903159603 419.02036004711516171 405.14238017808702352 385.45677122684679716 441.13570951530499542 424.77788013108698806 405.28726092885244725 357.48734464586925696 318.35573411192876847 326.25998453641051356 345.63185646353718994 329.66457022653031572 305.81350469085271016 302.23697760883749197 290.70763439293926922 292.91831336665762819 244.14649046297157042 232.05412436772618889 291.31407052503845989 nan nan
nan nan nan nan nan nan nan nan nan nan nan nan nan nan nan nan nan nan nan nan nan nan nan nan nan nan nan nan nan nan 136.43321209348758316 190.42856377197560391 225.01666475764861275 244.52123737891542987 265.38226907184525771 298.83391068021529691 302.80537976334852601 298.46246141512455097 334.09572690366718462 341.95340757127627285 309.96338913971612783 306.85552467776261665 343.78838582715025041 355.21079652456757003 343.2905854401464012 316.11882770200742243 314.56078536474399243 313.42014404085728074 319.17585614317749787 335.39828538186964124 342.0695030568476227 339.17854787321016374 316.5907838929628042 283.80949340542895243 269.5576393787760594 248.10225925175839734 201.79033699483477449 192.65850578797156345 nan nan nan nan nan
nan nan nan nan nan nan nan nan nan nan nan nan nan nan nan nan nan nan nan nan nan nan nan nan nan nan nan nan nan nan nan nan nan nan nan 283.38129221131134727 284.43815453281615646 281.55916903065593715 276.42340865998829713 257.06432736589817978 228.98171119277603225 200.44056268545000421 170.65932102600962139 202.28982430303716455 261.24600270774152477 287.38535447839086601 314.96722273571452888 341.05363967836314032 337.24521130200463404 348.99297866111265876 336.23578781204599863 293.07489294262779822 249.90614644127271049 nan nan nan nan nan nan nan nan nan nan
nan nan nan nan nan nan nan nan nan nan nan nan nan nan nan nan nan nan nan nan nan nan nan nan nan nan nan nan nan nan nan nan nan nan nan nan nan nan nan nan nan nan nan nan nan nan 348.40952339350019429 349.97506006488686126 333.83794973847733445 327.5960702637689792 291.5181665098369308 239.27722706831738719 263.103747516479757 nan nan nan nan nan nan nan nan nan nan
nan nan nan nan nan nan nan nan nan nan nan nan nan nan nan nan nan nan nan nan nan nan nan nan nan nan nan nan nan nan nan nan nan nan nan nan nan nan nan nan nan nan nan nan nan nan nan 338.06619887324836782 297.96107906996849124 312.80594324951289309 284.74421824148163296 nan nan nan nan nan nan nan nan nan nan nan nan
nan nan nan nan nan nan nan nan nan nan nan nan nan nan nan nan nan nan nan nan nan nan nan nan nan nan nan nan nan nan nan nan nan nan nan nan nan nan nan nan nan nan nan nan nan nan nan nan nan nan nan nan nan nan nan nan nan nan nan nan nan nan nan
nan nan nan nan nan nan nan nan nan nan nan nan nan nan nan nan nan nan nan nan nan nan nan nan nan nan nan nan nan nan nan nan nan nan nan nan nan nan nan nan nan nan nan nan nan nan nan nan nan nan nan nan nan nan nan nan nan nan nan nan nan nan nan
nan nan nan nan nan nan nan nan nan nan nan nan nan nan nan nan nan nan nan nan nan nan nan nan nan nan nan nan nan nan nan nan nan nan nan nan nan nan nan nan nan nan nan nan nan nan nan nan nan nan nan nan nan nan nan nan nan nan nan nan nan nan nan
nan nan nan nan nan nan nan nan nan nan nan nan nan nan nan nan nan nan nan nan nan nan nan nan nan nan nan nan nan nan nan nan nan nan nan nan nan nan nan nan nan nan nan nan nan nan nan nan nan nan nan nan nan nan nan nan nan nan nan nan nan nan nan
nan nan nan nan nan nan nan nan nan nan nan nan nan nan nan nan nan nan nan nan nan nan nan nan nan nan nan nan nan nan nan nan nan nan nan nan nan nan nan nan nan nan nan nan nan nan nan nan nan nan nan nan nan nan nan nan nan nan nan nan nan nan nan
nan nan nan nan nan nan nan nan nan nan nan nan nan nan nan nan nan nan nan nan nan nan nan nan nan nan nan nan nan nan nan nan nan nan nan nan nan nan nan nan nan nan nan nan nan nan nan nan nan nan nan nan nan nan nan nan nan nan nan nan nan nan nan
nan nan nan nan nan nan nan nan nan nan nan nan nan nan nan nan nan nan nan nan nan nan nan nan nan nan nan nan nan nan nan nan nan nan nan nan nan nan nan nan nan nan nan nan nan nan nan nan nan nan nan nan nan nan nan nan nan nan nan nan nan nan nan
nan nan nan nan nan nan nan nan nan nan nan nan nan nan nan nan nan nan nan nan nan nan nan nan nan nan nan nan nan nan nan nan nan nan nan nan nan nan nan nan nan nan nan nan nan nan nan nan nan nan nan nan nan nan nan nan nan nan nan nan nan nan nan
nan nan nan nan nan nan nan nan nan nan nan nan nan nan nan nan nan nan nan nan nan nan nan nan nan nan nan nan nan nan nan nan nan nan nan nan nan nan nan nan nan nan nan nan nan nan nan nan nan nan nan nan nan nan nan nan nan nan nan nan nan nan nan
nan nan nan nan nan nan nan nan nan nan nan nan nan nan nan nan nan nan nan nan nan nan nan nan nan nan nan nan nan nan nan nan nan nan nan nan nan nan nan nan nan nan nan nan nan nan nan nan nan nan nan nan nan nan nan nan nan nan nan nan nan nan nan
nan nan nan nan nan nan nan nan nan nan nan nan nan nan nan nan nan nan nan nan nan nan nan nan nan nan nan nan nan nan nan nan nan nan nan nan nan nan nan nan nan nan nan nan nan nan nan nan nan nan nan nan nan nan nan nan nan nan nan nan nan nan nan
nan nan nan nan nan nan nan nan nan nan nan nan nan nan nan nan nan nan nan nan nan nan nan nan nan nan nan nan nan nan nan nan nan nan nan nan nan nan nan nan nan nan nan nan nan nan nan nan nan nan nan nan nan nan nan nan nan nan nan nan nan nan nan
nan nan nan nan nan nan nan nan nan nan nan nan nan nan nan nan nan nan nan nan nan nan nan nan nan nan nan nan nan nan nan nan nan nan nan nan nan nan nan nan nan nan nan nan nan nan nan nan nan nan nan nan nan nan nan nan nan nan nan nan nan nan nan
nan nan nan nan nan nan nan nan nan nan nan nan nan nan nan nan nan nan nan nan nan nan nan nan nan nan nan nan nan nan nan nan nan nan nan nan nan nan nan nan nan nan nan nan nan nan nan nan nan nan nan nan nan nan nan nan nan nan nan nan nan nan nan
nan nan nan nan nan nan nan nan nan nan nan nan nan nan nan nan nan nan nan nan nan nan nan nan nan nan nan nan nan nan nan nan nan nan nan nan nan nan nan nan nan nan nan nan nan nan nan nan nan nan nan nan nan nan nan nan nan nan nan nan nan nan nan
nan nan nan nan nan nan nan nan nan nan nan nan nan nan nan nan nan nan nan nan nan nan nan nan nan nan nan nan nan nan nan nan nan nan nan nan nan nan nan nan nan nan nan nan nan nan nan nan nan nan nan nan nan nan nan nan nan nan nan nan nan nan nan
nan nan nan nan nan nan nan nan nan nan nan nan nan nan nan nan nan nan nan nan nan nan nan nan nan nan nan nan nan nan nan nan nan nan nan nan nan nan nan nan nan nan nan nan nan nan nan nan nan nan nan nan nan nan nan nan nan nan nan nan nan nan nan
nan nan nan nan nan nan nan nan nan nan nan nan nan nan nan nan nan nan nan nan nan nan nan nan nan nan nan nan nan nan nan nan nan nan nan nan nan nan nan nan nan nan nan nan nan nan nan nan nan nan nan nan nan nan nan nan nan nan nan nan nan nan nan
