results/rofental/snowmelt_month_2020-07-01T0000_2020-07-31T2300.asc
ncols        322
nrows        225
xllcorner    622802.488000000012
yllcorner    5178049.378999999724
cellsize     100.000000000000
[rows 168 to 195 of 225, columns 64 to 127 of 322]
nan nan nan nan nan nan nan nan nan nan nan nan nan nan nan nan nan nan nan nan nan nan nan nan nan nan nan 217.64546704887368378 298.44242437322236583 341.77154546704588256 339.48706733877293118 301.97219226125503155 275.34847166249647898 317.20632744433214611 226.08018986336148259 192.75521062690910412 290.49950546789852979 293.31068471491533955 148.18089495645713782 95.518945057908382523 92.848596245676361605 112.1130409362208411 104.42452284945468932 13.022813681095318117 11.649588562914869883 10.774534253243038151 9.8868756672435509358 8.7634371138329072437 8.0478259521185453451 7.4323641240860371937 6.8584509414025029983 6.4018433865346953127 5.9387727727525065902 5.4463716810827005332 4.8137209029480034772 4.2668919628477537387 3.7114510126668651679 3.1829140795357351301 3.2031850773325860615 3.7694474404530793343 71.405704302048008003 239.01460975943734866 226.32223491353201439 95.12996044894750014
nan nan nan nan nan nan nan nan nan nan nan nan nan nan nan nan nan nan nan nan nan nan nan nan nan nan nan 180.02353297799774623 272.66509677839167125 351.86312980935559835 356.88275515949038663 350.92332297993243628 325.73823953174377266 290.60816171697007348 398.14988552127363164 238.47625017310406292 190.61623792406427924 234.63639908685286173 238.06245144605344422 207.21407331302833654 88.484509264586080235 63.810701357322884064 77.366251581853063612 13.14418719081893272 11.712761006159089661 10.817827594368637278 9.9374770414757449544 8.9459689412446028456 8.3471448672638750566 7.9531314269375057435 7.4717067325581982828 7.030077347498238538 6.5775738279641728923 6.0050704165050268202 5.4600822187156294873 5.1582618796159875885 5.0285716927492956074 5.3415226410513687583 5.8291873027130902685 14.884618555507403315 133.00947417249500404 270.357465627026329 429.44529507883720498 300.97346625515666574
nan nan nan nan nan nan nan nan nan nan nan nan nan nan nan nan nan nan nan nan nan nan nan nan nan nan 310.9763297820417165 242.59195029768119412 314.8064363448152676 377.10380786371047179 383.08507171591190854 367.64773871261604654 344.71417526554046162 340.8671056606015668 370.5216653225465393 402.46968817737496238 219.37861732436752504 153.03205080643763836 242.96086719549978739 273.32926472621136327 120.2889445565625266 14.622079972525019897 37.386644170532449039 57.185327786362719849 25.102762352895673814 11.436960386868308959 10.377364033953259792 9.5230819361970109327 8.9220643881183132606 8.562124789546338377 7.9885309478332331423 7.5617943367286768463 7.0599377756146042273 6.6472368448462191282 6.7546982097108756449 7.0224954671525594563 36.120124526841493662 71.91738067878624463 124.32136373889122183 177.59228089061195988 358.92854327655754787 472.26557036555692548 490.249047512761706 376.70802813412507248
nan nan nan nan nan nan nan nan nan nan nan nan nan nan nan nan nan nan nan nan nan nan nan nan nan nan 299.43287523611712686 315.17586321456138876 352.7699675594461155 371.31050684440930354 389.15056921518288391 379.52092228315854072 360.19631825777031509 353.49862208568561073 328.30250773605996528 371.07527703997772051 390.9136154645657939 242.45157645928736656 265.2741764805534217 316.75050839065892205 152.34598698221023483 14.453233138687973991 26.096248438453788054 78.536079485525547739 100.9969103834742441 61.449298622251042445 18.238844748050855316 10.736480887466008483 10.126687102393614026 9.6685745141051882001 8.7342383479582625938 8.4373565140561126441 8.708602757491938462 9.0460953551583695997 40.256060470433624232 104.44667637227041723 133.17698013352958242 198.17947941394547229 291.18498137063033937 348.91796039933029761 335.0705751387121154 nan 441.13153728043300816 nan
nan nan nan nan nan nan nan nan nan nan nan nan nan nan nan nan nan nan nan nan nan nan nan nan nan nan nan 260.85104406643034736 365.66440398400828826 367.69222043000257827 371.70172603035342718 378.61856208882448982 380.87373465380869675 391.38532034530516057 362.38921069538633901 381.77036378567748898 381.99465380944758408 411.85685661945865377 317.36708334913049612 398.87018851843652101 308.88552713254154014 140.22190954017904119 109.46107580793071179 138.18250054063810239 151.55691255646806326 13.336940846692932894 12.256478871851170354 11.797233016993878607 30.262889637356007455 76.199158890424115498 161.29873095822395612 240.6119239661945528 258.87861815051303438 302.39928284768484446 308.6811714262802866 347.17333715052598109 328.71187584671889681 311.46912328414373405 316.50278689739099036 396.37078313599897683 334.02234205228023711 nan nan nan
nan nan nan nan nan nan nan nan nan nan nan nan nan nan nan nan nan nan nan nan nan nan nan nan nan nan nan nan 256.84474888865378261 358.28356696847720286 361.22972899952947046 361.43881421112098451 374.86371727648537444 405.66572307091229277 390.72070564908631241 430.24201181861178611 424.03827103093078676 339.437825435889863 246.48330184888453687 333.3869764700241376 273.6571390389865428 129.75427062125936573 94.116777082981769809 127.3433086831339125 165.41897131773976071 31.525356809774564226 99.13113090657607529 170.51500939523532452 290.59044873217607119 380.64700741175602161 362.13118298395534111 277.84102762031176326 323.86663376068571552 393.27859634804241296 417.79828093300955061 440.6918487334613701 436.68991380872444097 341.62530355715182395 336.73268626782413548 387.83330312752593727 nan nan nan nan
nan nan nan nan nan nan nan nan nan nan nan nan nan nan nan nan nan nan nan nan nan nan nan nan nan nan nan nan nan 209.11212872259346796 266.4346897231517346 301.38621863710318394 321.47120638353624145 345.26994601390163098 392.08194724193208458 401.02885571080895488 414.66298906332514207 349.7412333117836738 345.23930992586144839 423.94647199455499731 430.02985057029644622 352.52287997989259338 327.40276566142892989 341.37065205157449554 395.20264278609016628 402.93678686561844415 404.37736590779320522 389.03767349156038335 347.95654155559572018 328.79400674068756416 335.87509064382038559 386.1794455578736347 472.25680320190298289 362.28136393268692927 340.04064715756459236 300.94693801301173153 292.1705764038594566 nan nan nan nan nan nan nan
nan nan nan nan nan nan nan nan nan nan nan nan nan nan nan nan nan nan nan nan nan nan nan nan nan nan nan nan nan nan nan nan nan nan 374.54064204884213041 418.916286421085033 415.86736322670248001 458.32710310696757006 433.47964365086215821 398.13247559999166469 360.16911580918275604 320.86754341464552454 361.54679319417181205 478.33624987605537626 475.87849780997282778 403.6855721230731433 334.24361993498945367 343.27717156534868082 308.94159550493390043 347.48405839967603015 448.00218074133749724 345.2738553741842793 nan nan nan nan nan nan nan nan nan nan nan nan
nan nan nan nan nan nan nan nan nan nan nan nan nan nan nan nan nan nan nan nan nan nan nan nan nan nan nan nan nan nan nan nan nan nan nan nan nan nan nan nan nan nan nan nan nan 294.78952467376223012 303.60821612831625771 350.332894804789305 369.76358382524114177 390.54815451974928919 340.88822105924003836 368.78311314641257468 nan nan nan nan nan nan nan nan nan nan nan nan
nan nan nan nan nan nan nan nan nan nan nan nan nan nan nan nan nan nan nan nan nan nan nan nan nan nan nan nan nan nan nan nan nan nan nan nan nan nan nan nan nan nan nan nan nan nan 334.02232737095386028 401.64319139310157425 412.90419842819835594 391.22452078568284151 nan nan nan nan nan nan nan nan nan nan nan nan nan nan
nan nan nan nan nan nan nan nan nan nan nan nan nan nan nan nan nan nan nan nan nan nan nan nan nan nan nan nan nan nan nan nan nan nan nan nan nan nan nan nan nan nan nan nan nan nan nan nan nan nan nan nan nan nan nan nan nan nan nan nan nan nan nan nan
nan nan nan nan nan nan nan nan nan nan nan nan nan nan nan nan nan nan nan nan nan nan nan nan nan nan nan nan nan nan nan nan nan nan nan nan nan nan nan nan nan nan nan nan nan nan nan nan nan nan nan nan nan nan nan nan nan nan nan nan nan nan nan nan
nan nan nan nan nan nan nan nan nan nan nan nan nan nan nan nan nan nan nan nan nan nan nan nan nan nan nan nan nan nan nan nan nan nan nan nan nan nan nan nan nan nan nan nan nan nan nan nan nan nan nan nan nan nan nan nan nan nan nan nan nan nan nan nan
nan nan nan nan nan nan nan nan nan nan nan nan nan nan nan nan nan nan nan nan nan nan nan nan nan nan nan nan nan nan nan nan nan nan nan nan nan nan nan nan nan nan nan nan nan nan nan nan nan nan nan nan nan nan nan nan nan nan nan nan nan nan nan nan
nan nan nan nan nan nan nan nan nan nan nan nan nan nan nan nan nan nan nan nan nan nan nan nan nan nan nan nan nan nan nan nan nan nan nan nan nan nan nan nan nan nan nan nan nan nan nan nan nan nan nan nan nan nan nan nan nan nan nan nan nan nan nan nan
nan nan nan nan nan nan nan nan nan nan nan nan nan nan nan nan nan nan nan nan nan nan nan nan nan nan nan nan nan nan nan nan nan nan nan nan nan nan nan nan nan nan nan nan nan nan nan nan nan nan nan nan nan nan nan nan nan nan nan nan nan nan nan nan
nan nan nan nan nan nan nan nan nan nan nan nan nan nan nan nan nan nan nan nan nan nan nan nan nan nan nan nan nan nan nan nan nan nan nan nan nan nan nan nan nan nan nan nan nan nan nan nan nan nan nan nan nan nan nan nan nan nan nan nan nan nan nan nan
nan nan nan nan nan nan nan nan nan nan nan nan nan nan nan nan nan nan nan nan nan nan nan nan nan nan nan nan nan nan nan nan nan nan nan nan nan nan nan nan nan nan nan nan nan nan nan nan nan nan nan nan nan nan nan nan nan nan nan nan nan nan nan nan
nan nan nan nan nan nan nan nan nan nan nan nan nan nan nan nan nan nan nan nan nan nan nan nan nan nan nan nan nan nan nan nan nan nan nan nan nan nan nan nan nan nan nan nan nan nan nan nan nan nan nan nan nan nan nan nan nan nan nan nan nan nan nan nan
nan nan nan nan nan nan nan nan nan nan nan nan nan nan nan nan nan nan nan nan nan nan nan nan nan nan nan nan nan nan nan nan nan nan nan nan nan nan nan nan nan nan nan nan nan nan nan nan nan nan nan nan nan nan nan nan nan nan nan nan nan nan nan nan
nan nan nan nan nan nan nan nan nan nan nan nan nan nan nan nan nan nan nan nan nan nan nan nan nan nan nan nan nan nan nan nan nan nan nan nan nan nan nan nan nan nan nan nan nan nan nan nan nan nan nan nan nan nan nan nan nan nan nan nan nan nan nan nan
nan nan nan nan nan nan nan nan nan nan nan nan nan nan nan nan nan nan nan nan nan nan nan nan nan nan nan nan nan nan nan nan nan nan nan nan nan nan nan nan nan nan nan nan nan nan nan nan nan nan nan nan nan nan nan nan nan nan nan nan nan nan nan nan
nan nan nan nan nan nan nan nan nan nan nan nan nan nan nan nan nan nan nan nan nan nan nan nan nan nan nan nan nan nan nan nan nan nan nan nan nan nan nan nan nan nan nan nan nan nan nan nan nan nan nan nan nan nan nan nan nan nan nan nan nan nan nan nan
nan nan nan nan nan nan nan nan nan nan nan nan nan nan nan nan nan nan nan nan nan nan nan nan nan nan nan nan nan nan nan nan nan nan nan nan nan nan nan nan nan nan nan nan nan nan nan nan nan nan nan nan nan nan nan nan nan nan nan nan nan nan nan nan
nan nan nan nan nan nan nan nan nan nan nan nan nan nan nan nan nan nan nan nan nan nan nan nan nan nan nan nan nan nan nan nan nan nan nan nan nan nan nan nan nan nan nan nan nan nan nan nan nan nan nan nan nan nan nan nan nan nan nan nan nan nan nan nan
nan nan nan nan nan nan nan nan nan nan nan nan nan nan nan nan nan nan nan nan nan nan nan nan nan nan nan nan nan nan nan nan nan nan nan nan nan nan nan nan nan nan nan nan nan nan nan nan nan nan nan nan nan nan nan nan nan nan nan nan nan nan nan nan
nan nan nan nan nan nan nan nan nan nan nan nan nan nan nan nan nan nan nan nan nan nan nan nan nan nan nan nan nan nan nan nan nan nan nan nan nan nan nan nan nan nan nan nan nan nan nan nan nan nan nan nan nan nan nan nan nan nan nan nan nan nan nan nan
nan nan nan nan nan nan nan nan nan nan nan nan nan nan nan nan nan nan nan nan nan nan nan nan nan nan nan nan nan nan nan nan nan nan nan nan nan nan nan nan nan nan nan nan nan nan nan nan nan nan nan nan nan nan nan nan nan nan nan nan nan nan nan nan
