results/rofental/snowmelt_month_2020-03-01T0000_2020-03-31T2300.asc
ncols        322
nrows        225
xllcorner    622802.488000000012
yllcorner    5178049.378999999724
cellsize     100.000000000000
[rows 168 to 195 of 225, columns 63 to 125 of 322]
nan nan nan nan nan nan nan nan nan nan nan nan nan nan nan nan nan nan nan nan nan nan nan nan nan nan nan nan 2.3517856997389010587 6.8492592420398237252 12.396658229272738083 10.567089605148435538 2.2377781426946183885 0.010467372030122708976 2.6512266427068356123 21.646213143886999575 24.051853926130704053 11.180412861714323469 8.718077444926537467 17.451844717843794541 23.414118108881343261 23.805468174144724713 21.535102608338451802 22.937757873101823236 27.104241249246914691 26.216194111126295496 22.196423041710161783 24.005539150834231066 30.176640647521761451 33.498478613652650893 33.584485461500555914 30.147538415959061808 27.730053899294265563 27.879996931876036115 29.365412296137382242 31.63912583968932779 32.085847117523556449 32.078815551375285509 22.883102652650119779 13.430310215911761773 9.5737163239300659967 1.4783183496922798206 0
nan nan nan nan nan nan nan nan nan nan nan nan nan nan nan nan nan nan nan nan nan nan nan nan nan nan nan nan 0.20708083769348839542 5.6135988492970456676 20.463298473499889951 16.904252962394227922 10.987444403159088324 5.6182200376146287368 0.862930872721879072 3.4642312143014009074 21.258395205784008652 19.036885579153775438 12.721754623624624614 10.650070082493591883 13.894472574275418708 24.562405892686584252 26.045728533576170349 19.604494193713524197 22.219779760051533657 26.237392436818247177 26.976035887494049348 27.84287330777775793 29.487910502635575227 29.284584345992804799 28.344332353677039293 28.027568952198080865 28.342234264956449152 29.642367832620220014 30.586843348393713882 30.207775532852135569 24.724548518141077125 12.215590081250335075 4.6077693252829075021 3.246364977402491192 5.6371904104688717041 2.5684149710310197889 0.10652467211034077899
nan nan nan nan nan nan nan nan nan nan nan nan nan nan nan nan nan nan nan nan nan nan nan nan nan nan nan 27.329679574711111201 9.8363351284748254955 15.045756859433577546 22.806619992949212161 21.670525513008502827 14.947635503662555223 8.8801949428506841144 5.078103456898207746 2.3494669958988705361 5.9455909459562015229 16.893099975281078429 18.665572550289613929 11.058912971913702705 10.626687480257178464 22.084895440357165342 30.056193304470742333 21.730846975491562745 15.928520060027601346 17.434884572877052733 21.597719577964177518 23.851923225965816044 25.735412456891989308 27.69869245788181189 29.130430438781459657 31.503058442758415936 32.707515652073176682 33.700574068434882236 28.252812017963563562 16.686257192249186687 7.1943535118094388281 3.3435239357252029002 2.4127112417898293195 1.3223617028360361569 2.9163488102090306953 0.24748166102249918863 0
nan nan nan nan nan nan nan nan nan nan nan nan nan nan nan nan nan nan nan nan nan nan nan nan nan nan nan 18.617422918511110197 18.250037171212156295 14.650339675140784834 13.968615054020450117 19.262167995963206835 16.653697940406008371 10.976793408537151464 4.8593387889052701567 0.86715041261952208185 0.96253825144258264856 5.2157838011917982968 11.539904156946272806 10.200892372025492705 9.5510631043891098813 19.023314913441986107 26.33740607121001176 20.123721350625036308 14.125545012523149424 12.044583658507882262 13.783196211780339269 15.581387775458772182 17.055309817687792417 19.776695519346734642 23.348038658115012112 29.35074116181874615 24.311342096672163393 12.768641178036522987 7.5599168362767787954 4.4738555942759870021 2.8881713091561529438 2.1093681418908811764 0.72771983022794850537 0.60145373508161581455 0.75270226810504092807 2.3393613392148537855 nan
nan nan nan nan nan nan nan nan nan nan nan nan nan nan nan nan nan nan nan nan nan nan nan nan nan nan nan nan 1.7134513786894569609 13.099698809154084245 9.4018169340155992586 10.076687421162390024 13.212949063758410162 14.194223644157380804 10.8089483687476271 5.931866759690320734 2.3504113277815958938 0.4017369921327552662 3.0097369126650956872 7.6584114206895836929 5.3943563946858548164 7.0361791154254138547 15.131099049436944171 17.45667882191778375 15.279704542804523726 15.210960306603928061 19.648265724195223214 19.619823122665028592 16.751635154406475436 12.622769746759594511 6.046760525312501855 1.6825023553555007449 0.18704422739599735337 0.070871485328589570174 0 0.1330801785814124949 0 0.12705245284710892095 0.64925470614119162871 1.8401326016482706383 0 10.016483404544775482 nan
nan nan nan nan nan nan nan nan nan nan nan nan nan nan nan nan nan nan nan nan nan nan nan nan nan nan nan nan nan 0.044248473956134258545 5.346189353779626785 5.2047186874889099784 7.6128509589568524873 10.499312987806726838 14.719470656306580025 12.118736966392670951 9.0347023820239424907 7.2991395898402373632 9.4143407631253595014 13.484543439413192445 8.9991675605287486661 10.162676351569865929 17.898326233346558922 19.525395230975171046 17.365162564747176788 15.331420816073261904 16.836729980799415074 9.6573433794638656735 5.8387131371618901099 2.0898796704395579127 0.022879960937472160198 0.27109947105858678285 1.7149026152808437562 0.54486360969668801157 0 0.012030506820156256984 0 0.012125819065117360643 0 0.17940180063361793605 10.481725764674315826 nan nan
nan nan nan nan nan nan nan nan nan nan nan nan nan nan nan nan nan nan nan nan nan nan nan nan nan nan nan nan nan nan 0 0 0.59946494494939550624 1.717430527506247806 5.4450249994448958191 11.047426591287184294 10.551394352961999346 9.3052541718241563728 8.0221149447444641822 6.6036588529571984552 3.1664065984877671767 1.0926777086544978701 1.7829623724198564449 1.9088025316362242645 2.8478637057651727815 0.64292686326716685929 0.067362206026832502359 0.12781076719250356044 0.33948052655244920217 2.0245680341060552365 3.7225242545105690084 2.7630694134111997151 0.63591280412369199926 0 0 0 0 0 nan nan nan nan nan
nan nan nan nan nan nan nan nan nan nan nan nan nan nan nan nan nan nan nan nan nan nan nan nan nan nan nan nan nan nan nan nan nan nan nan 6.4142922553732146795 5.9885865622319931489 4.2105615562906280047 1.2556943411156933355 0.013093589577941430052 0 0 0 0 0 0.12487211632323054478 2.2213446558170684142 5.1451177538118502142 4.7847565740882611607 6.6702455661219639538 4.2965683129841787391 0.22412539101562045651 0 nan nan nan nan nan nan nan nan nan nan
nan nan nan nan nan nan nan nan nan nan nan nan nan nan nan nan nan nan nan nan nan nan nan nan nan nan nan nan nan nan nan nan nan nan nan nan nan nan nan nan nan nan nan nan nan nan 10.14389693361956013 8.3901424346543418409 6.0634064628381558748 4.5840769279087583143 1.0474421748206297345 0.24900017440784874556 6.7201236633440384338 nan nan nan nan nan nan nan nan nan nan
nan nan nan nan nan nan nan nan nan nan nan nan nan nan nan nan nan nan nan nan nan nan nan nan nan nan nan nan nan nan nan nan nan nan nan nan nan nan nan nan nan nan nan nan nan nan nan 8.2412062832145185354 2.7861624677687992779 5.5391081182324217735 7.3938726444445421748 nan nan nan nan nan nan nan nan nan nan nan nan
nan nan nan nan nan nan nan nan nan nan nan nan nan nan nan nan nan nan nan nan nan nan nan nan nan nan nan nan nan nan nan nan nan nan nan nan nan nan nan nan nan nan nan nan nan nan nan nan nan nan nan nan nan nan nan nan nan nan nan nan nan nan nan
nan nan nan nan nan nan nan nan nan nan nan nan nan nan nan nan nan nan nan nan nan nan nan nan nan nan nan nan nan nan nan nan nan nan nan nan nan nan nan nan nan nan nan nan nan nan nan nan nan nan nan nan nan nan nan nan nan nan nan nan nan nan nan
nan nan nan nan nan nan nan nan nan nan nan nan nan nan nan nan nan nan nan nan nan nan nan nan nan nan nan nan nan nan nan nan nan nan nan nan nan nan nan nan nan nan nan nan nan nan nan nan nan nan nan nan nan nan nan nan nan nan nan nan nan nan nan
nan nan nan nan nan nan nan nan nan nan nan nan nan nan nan nan nan nan nan nan nan nan nan nan nan nan nan nan nan nan nan nan nan nan nan nan nan nan nan nan nan nan nan nan nan nan nan nan nan nan nan nan nan nan nan nan nan nan nan nan nan nan nan
nan nan nan nan nan nan nan nan nan nan nan nan nan nan nan nan nan nan nan nan nan nan nan nan nan nan nan nan nan nan nan nan nan nan nan nan nan nan nan nan nan nan nan nan nan nan nan nan nan nan nan nan nan nan nan nan nan nan nan nan nan nan nan
nan nan nan nan nan nan nan nan nan nan nan nan nan nan nan nan nan nan nan nan nan nan nan nan nan nan nan nan nan nan nan nan nan nan nan nan nan nan nan nan nan nan nan nan nan nan nan nan nan nan nan nan nan nan nan nan nan nan nan nan nan nan nan
nan nan nan nan nan nan nan nan nan nan nan nan nan nan nan nan nan nan nan nan nan nan nan nan nan nan nan nan nan nan nan nan nan nan nan nan nan nan nan nan nan nan nan nan nan nan nan nan nan nan nan nan nan nan nan nan nan nan nan nan nan nan nan
nan nan nan nan nan nan nan nan nan nan nan nan nan nan nan nan nan nan nan nan nan nan nan nan nan nan nan nan nan nan nan nan nan nan nan nan nan nan nan nan nan nan nan nan nan nan nan nan nan nan nan nan nan nan nan nan nan nan nan nan nan nan nan
nan nan nan nan nan nan nan nan nan nan nan nan nan nan nan nan nan nan nan nan nan nan nan nan nan nan nan nan nan nan nan nan nan nan nan nan nan nan nan nan nan nan nan nan nan nan nan nan nan nan nan nan nan nan nan nan nan nan nan nan nan nan nan
nan nan nan nan nan nan nan nan nan nan nan nan nan nan nan nan nan nan nan nan nan nan nan nan nan nan nan nan nan nan nan nan nan nan nan nan nan nan nan nan nan nan nan nan nan nan nan nan nan nan nan nan nan nan nan nan nan nan nan nan nan nan nan
nan nan nan nan nan nan nan nan nan nan nan nan nan nan nan nan nan nan nan nan nan nan nan nan nan nan nan nan nan nan nan nan nan nan nan nan nan nan nan nan nan nan nan nan nan nan nan nan nan nan nan nan nan nan nan nan nan nan nan nan nan nan nan
nan nan nan nan nan nan nan nan nan nan nan nan nan nan nan nan nan nan nan nan nan nan nan nan nan nan nan nan nan nan nan nan nan nan nan nan nan nan nan nan nan nan nan nan nan nan nan nan nan nan nan nan nan nan nan nan nan nan nan nan nan nan nan
nan nan nan nan nan nan nan nan nan nan nan nan nan nan nan nan nan nan nan nan nan nan nan nan nan nan nan nan nan nan nan nan nan nan nan nan nan nan nan nan nan nan nan nan nan nan nan nan nan nan nan nan nan nan nan nan nan nan nan nan nan nan nan
nan nan nan nan nan nan nan nan nan nan nan nan nan nan nan nan nan nan nan nan nan nan nan nan nan nan nan nan nan nan nan nan nan nan nan nan nan nan nan nan nan nan nan nan nan nan nan nan nan nan nan nan nan nan nan nan nan nan nan nan nan nan nan
nan nan nan nan nan nan nan nan nan nan nan nan nan nan nan nan nan nan nan nan nan nan nan nan nan nan nan nan nan nan nan nan nan nan nan nan nan nan nan nan nan nan nan nan nan nan nan nan nan nan nan nan nan nan nan nan nan nan nan nan nan nan nan
nan nan nan nan nan nan nan nan nan nan nan nan nan nan nan nan nan nan nan nan nan nan nan nan nan nan nan nan nan nan nan nan nan nan nan nan nan nan nan nan nan nan nan nan nan nan nan nan nan nan nan nan nan nan nan nan nan nan nan nan nan nan nan
nan nan nan nan nan nan nan nan nan nan nan nan nan nan nan nan nan nan nan nan nan nan nan nan nan nan nan nan nan nan nan nan nan nan nan nan nan nan nan nan nan nan nan nan nan nan nan nan nan nan nan nan nan nan nan nan nan nan nan nan nan nan nan
nan nan nan nan nan nan nan nan nan nan nan nan nan nan nan nan nan nan nan nan nan nan nan nan nan nan nan nan nan nan nan nan nan nan nan nan nan nan nan nan nan nan nan nan nan nan nan nan nan nan nan nan nan nan nan nan nan nan nan nan nan nan nan
