results/rofental/snowdepth_month_2020-09-01T0000_2020-09-30T2300.asc
ncols        322
nrows        225
xllcorner    622802.488000000012
yllcorner    5178049.378999999724
cellsize     100.000000000000
[rows 135 to 161 of 225, columns 61 to 121 of 322]
nan nan nan nan nan nan nan nan nan nan nan nan nan nan nan nan nan nan nan nan nan nan nan nan nan nan nan nan nan nan nan nan nan nan nan nan nan nan nan nan nan nan nan nan nan nan nan nan nan nan nan nan nan nan nan nan nan 1.5856571815640125855 1.3320648925090115 0.25514999979779329209 0.070307895566574241109
nan nan nan nan nan nan nan nan nan nan nan nan nan nan nan nan nan nan nan nan nan nan nan nan nan nan nan nan nan nan nan nan nan nan nan nan nan nan nan nan nan nan nan nan nan nan nan nan nan nan nan nan nan nan nan nan 1.0254837309108546517 0.33146010651476925934 0.53571737424895871094 0.07263730817435055942 0.068326332865507558023
nan nan nan nan nan nan nan nan nan nan nan nan nan nan nan nan nan nan nan nan nan nan nan nan nan nan nan nan nan nan nan nan nan nan nan nan nan nan nan nan nan nan nan nan nan nan nan nan nan nan nan nan nan nan nan nan 0.84970612919162180621 0.25845088092801904445 0.22021613032289924505 0.075896597606008309178 0.071189632994954010758
nan nan nan nan nan nan nan nan nan nan nan nan nan nan nan nan nan nan nan nan nan nan nan nan nan nan nan nan nan nan nan nan nan nan nan nan nan nan nan nan nan nan nan nan nan nan nan nan nan nan nan nan nan nan nan 1.0310684196411223912 0.28306091259588012088 0.18907279276112012867 0.17643654301497704862 0.075120996253549732202 0.071177425630350094066
nan nan nan nan nan nan nan nan nan nan nan nan nan nan nan nan nan nan nan nan nan nan nan nan nan nan nan nan nan nan nan nan nan nan nan nan nan nan nan nan nan nan nan nan nan nan nan nan nan nan nan nan nan nan 0.7805941099448813203 0.7806253588299020274 0.2604890801505571063 0.17199155400978932695 0.13855669992639577104 0.068524649300119533368 0.065631440281025230088
nan nan nan nan nan nan nan nan nan nan nan nan nan nan nan nan nan nan nan nan nan nan nan nan nan nan nan nan nan nan nan nan nan nan nan nan nan nan nan nan nan nan nan nan nan nan nan nan nan nan nan nan nan 1.2629516578350141742 1.1679572037880081581 0.63191791735213831416 0.22433031689814983412 0.1478903408208281367 0.068897202972446683344 0.064305647883930269759 0.062361153016766923685
nan nan nan nan nan nan nan nan nan nan nan nan nan nan nan nan nan nan nan nan nan nan nan nan nan nan nan nan nan nan nan nan nan nan nan nan nan nan nan nan nan nan nan nan nan nan nan nan nan nan nan nan 1.1418508478193909461 0.86150412794465169863 0.88205304898966530036 0.45046914467175119823 0.16729945006081303749 0.074260801148875441036 0.067205211241460185989 0.06370211573069092803 0.061985949137578731649
nan nan nan nan nan nan nan nan nan nan nan nan nan nan nan nan nan nan nan nan nan nan nan nan nan nan nan nan nan nan nan nan nan nan nan nan nan nan nan nan nan nan nan nan nan nan nan nan nan nan nan 0.91207855636273760247 0.27733355633539052976 0.23470460782793978183 0.18024586354180507919 0.2425131597924212179 0.20291102700088614608 0.07178945172216331938 0.065098825363745102535 0.061539080107082200222 0.059262908386771659397
nan nan nan nan nan nan nan nan nan nan nan nan nan nan nan nan nan nan nan nan nan nan nan nan nan nan nan nan nan nan nan nan nan nan nan nan nan nan nan nan nan nan nan nan nan nan nan nan nan nan 0.36363924694224852852 0.2643046494324443052 0.071980598731058637041 0.068082254221866270183 0.066650585679002755102 0.066476055898521943521 0.15361278011485543504 0.16075107497819815516 0.064836882132269804679 0.059274846769863574758 0.056370700031291985643
nan nan nan nan nan nan nan nan nan nan nan nan nan nan nan nan nan nan nan nan nan nan nan nan nan nan nan nan nan nan nan nan nan nan nan nan nan nan nan nan nan nan nan nan nan nan nan 0.65094348535070001294 0.31475182096097886753 0.23173018967821476521 0.20130373999400363871 0.14164365231261633049 0.067197963992204789996 0.063319367543223648021 0.060687118290219256578 0.05870070038953980468 0.062157046125406519022 0.066325037497087457883 0.065658502256466549918 0.061073261658047349465 0.056779140234035803403
nan nan nan nan nan nan nan nan nan nan nan nan nan nan nan nan nan nan nan nan nan nan nan nan nan nan nan nan nan nan nan nan nan nan nan nan nan nan nan nan nan nan nan nan nan nan 0.17151542367201202954 0.19116466619572788921 0.2024489926389504979 0.070064074482957969248 0.067322358008795712969 0.068182574734687528828 0.066100836961644690581 0.061762797385967897756 0.05755273890373900636 0.055237260139886341925 0.054197666690202213335 0.055134742936168025518 0.058354608708220040425 0.059303936559274829377 0.058297744447400816348
nan nan nan nan nan nan nan nan nan nan nan nan nan nan nan nan nan nan nan nan nan nan nan nan nan nan nan nan nan nan nan nan nan nan nan nan nan nan nan nan nan nan nan nan nan nan 0.068282747067356291959 0.068393202343647430119 0.066287141899165694103 0.065914465512419140314 0.061579260336760609229 0.059961559827902730091 0.058073169250960912646 0.057655470689414317631 0.055263761698890079277 0.053225017417496661709 0.051376529966951571538 0.04935460476523476081 0.049649602798280068061 0.050964695550484363784 0.050992428604261258451
nan nan nan nan nan nan nan nan nan nan nan nan nan nan nan nan nan nan nan nan nan nan nan nan nan nan nan nan nan nan nan nan nan nan nan nan nan nan nan nan nan nan nan nan nan nan 0.069417960874529519022 0.066586738963936312197 0.06396349326470589236 0.061289834603284361336 0.059565579616749818326 0.058503139197242197411 0.057316365760356785541 0.056201600945970354994 0.054745902369754483041 0.052804644153419809383 0.05142059411164070365 0.049139534592217433417 0.047079564684498503846 0.045756632467923295804 0.045285690414059116826
nan nan nan nan nan nan nan nan nan nan nan nan nan nan nan nan nan nan nan nan nan nan nan nan nan nan nan nan nan nan nan nan nan nan nan nan nan nan nan nan nan nan nan nan nan 0.3364005591489679925 0.072422037241445705313 0.06571848083751689884 0.062978714893707335443 0.06174037180422643073 0.060489421801379665566 0.059186168897794030896 0.057879055638509140091 0.056752879608863562866 0.055521574326619610451 0.054044057315157052745 0.052023864955090259876 0.050056208703011167982 0.048006517698733174038 0.046274807029720484153 0.044136429904428210735
nan nan nan nan nan nan nan nan nan nan nan nan nan nan nan nan nan nan nan nan nan nan nan nan nan nan nan nan nan nan nan nan nan nan nan nan nan nan nan nan nan nan nan nan nan 0.89371518280294071079 0.25846514707069445649 0.067261435394304014412 0.063592166576938877198 0.062574908726481984211 0.061321184379113803653 0.059995617890984030696 0.059061948994945434599 0.057542204444202590952 0.05580824713553128591 0.054074207497279043466 0.052054603992313389083 0.050323556973411745497 0.048205727297525882702 0.046273092344593216851 0.044469279575396043758
nan nan nan nan nan nan nan nan nan nan nan nan nan nan nan nan nan nan nan nan nan nan nan nan nan nan nan nan nan nan nan nan nan nan nan nan nan nan nan nan nan nan nan nan 1.0454960384863705158 0.75782294882326894925 0.15399522476146146333 0.06937441243713074468 0.065832854455896677726 0.064145696676641023037 0.063008230721575769762 0.061500341924080090261 0.061043776483166632685 0.059504923368920652205 0.057184889288854921785 0.055129286656319595461 0.05254930137739850099 0.050353114739678149492 0.047294603696981810104 0.043932319513957263091 0.041445132950796860494
nan nan nan nan nan nan nan nan nan nan nan nan nan nan nan nan nan nan nan nan nan nan nan nan nan nan nan nan nan nan nan nan nan nan nan nan nan nan nan nan nan nan nan 1.1491902813845331632 1.1914309751050145003 0.68629262126969070579 0.57200437749649901686 0.15706937714699586994 0.070893372623445749525 0.068497409115481799891 0.067320206718997091522 0.065221729881857634648 0.064258984538808391895 0.062460044202224992982 0.060341913723129921021 0.057911794383634834782 0.055155228293885354141 0.051054175513771463124 0.04705146901592302533 0.043926960099599753062 0.041510079948885288126
nan nan nan nan nan nan nan nan nan nan nan nan nan nan nan nan nan nan nan nan nan nan nan nan nan nan nan nan nan nan nan nan nan nan nan nan nan nan nan nan nan nan nan nan 1.067164520629776403 0.54514328831445757473 0.51805321174854868094 0.19932947433294592732 0.14576710220346114633 0.13939166916375364536 0.13659614371450723436 0.072211647850396715187 0.12436046962268912375 0.067464731116664608535 0.064544730048829976332 0.061816683033644896639 0.059002626649365411127 0.054776751756976355123 0.049442349406302044112 0.045124252699755847129 0.041800293046812347919
nan nan nan nan nan nan nan nan nan nan nan nan nan nan nan nan nan nan nan nan nan nan nan nan nan nan nan nan nan nan nan nan nan nan nan nan nan nan nan nan nan nan nan 1.6734515458314926928 1.2010977977161152452 0.84065389998820350126 0.83697525639360703664 0.66903250104967171286 0.20088833422772942039 0.1999911573704797052 0.20492243666615517217 0.35457817870119018311 0.59262223384199141929 0.5656770848838117427 0.54673137548502293015 0.13779332151675960372 0.062886041646070436895 0.056999630007404850085 0.050945997721570872308 0.045892722191716785185 0.041715832638365250851
nan nan nan nan nan nan nan nan nan nan nan nan nan nan nan nan nan nan nan nan nan nan nan nan nan nan nan nan nan nan nan nan nan nan nan nan nan nan nan nan nan nan nan 2.058530806145765446 1.7047481566826143684 1.1195345244427450382 0.89545104248529749924 0.82182770425420303972 0.62118524620025938887 0.60697860622109967021 0.93022874034983915603 0.54654067330608879782 0.17566518352611737441 0.069987599367477212886 0.072413417720749412299 0.065851890072179106173 0.059900092957841058472 0.054899975234453120276 0.049993557920313458354 0.044640256326241328777 0.040609520650816924303
nan nan nan nan nan nan nan nan nan nan nan nan nan nan nan nan nan nan nan nan nan nan nan nan nan nan nan nan nan nan nan nan nan nan nan nan nan nan nan nan nan nan nan 2.2082891472249772669 2.0944702066702833854 1.8470810315588934714 1.31795514753619325 0.82493590521721471553 0.76549671972936472741 0.59998471466210312464 0.30947666151332603457 0.18178372605164158649 0.0664186815411852427 0.063869560970075803241 0.062993360414685742321 0.062160117191017695559 0.058161983980960133001 0.052406977859346462467 0.047825847682049942022 0.043337742109198294782 0.038970704035898702522
nan nan nan nan nan nan nan nan nan nan nan nan nan nan nan nan nan nan nan nan nan nan nan nan nan nan nan nan nan nan nan nan nan nan nan nan nan nan nan nan nan nan nan 1.8480097741252550225 1.838970944670696106 1.6396762163645084431 1.3443979234342295914 1.1253350799092460832 0.34492538701360775377 0.2657530062364223955 0.18795857130615195585 0.068954494286515261026 0.063111847860978093072 0.059794449579071616563 0.05628809391206702345 0.055539446053255982216 0.053813112953336669775 0.051656277356409457946 0.047656771223324484454 0.04301688891633899392 0.038234368794951921477
nan nan nan nan nan nan nan nan nan nan nan nan nan nan nan nan nan nan nan nan nan nan nan nan nan nan nan nan nan nan nan nan nan nan nan nan nan nan nan nan nan nan 1.2324212279396171699 1.1761055453415822925 1.3367950655709615049 0.83131396129199008893 0.36552293346634817661 0.29611858080203323773 0.2463066391687552259 0.23233890301208512397 0.17659313476791765884 0.069112070871624145529 0.061860627769755122118 0.056378441189361416797 0.054003494622706024741 0.052558940228586294163 0.051247300926698852175 0.048849651690382640823 0.046017443246706576931 0.041597117585759721403 0.038731964204985216971
nan nan nan nan nan nan nan nan nan nan nan nan nan nan nan nan nan nan nan nan nan nan nan nan nan nan nan nan nan nan nan nan nan nan nan nan nan nan nan nan nan 0.6427933285229695537 0.80862293889380754131 0.86008475384563665145 1.1314210355493150573 0.95866055021278406834 0.62613090144814664839 0.28701607319702143739 0.243157530865459659 0.22124385406038002411 0.18346423871244238457 0.070883374582278196874 0.063119354884172362841 0.058663232721774094536 0.054120427063100842724 0.051365495922691434272 0.04942547775537395327 0.047558019324152350782 0.044120387568413202417 0.040111229481697867338 0.040205009535045313496
nan nan nan nan nan nan nan nan nan nan nan nan nan nan nan nan nan nan nan nan nan nan nan nan nan nan nan nan nan nan nan nan nan nan nan nan nan nan nan 1.1612668561741599227 0.43017130259081537424 0.40637759266232004185 0.41698824902827025252 0.42486437799076653965 0.66975531049767089709 0.95155967664710638942 1.0202176707625230101 0.56969153589827070672 0.25551474969821558192 0.21203710503141834365 0.16747786934832956107 0.12510198204649788933 0.065030229233121197852 0.060560988452607190935 0.055340784638262904838 0.051439663250586804832 0.049113665795079718135 0.046440334889797492413 0.042245154899394968262 0.041021056335193352427 0.041293693107622923832
nan nan nan nan nan nan nan nan nan nan nan nan nan nan nan nan nan nan nan nan nan nan nan nan nan nan nan nan nan nan nan nan nan nan nan nan nan nan 0.6740790230316269227 0.73435347741041434588 0.3490626675283025615 0.34494207097889828528 0.34594705969198891182 0.35992470702210349609 0.36461236029876648024 0.36151610598674449593 0.34813036239702910279 0.92459817231328167431 0.70816701025865169683 0.21634137027111169371 0.14863927387588424245 0.11532940366906507812 0.064598260166003951266 0.061426382475607284317 0.056577748542450755076 0.050683451000133404596 0.048157081428161691017 0.046354961379418239964 0.042532877708469890576 0.041933438602259447137 0.042091081870220647954
nan nan nan nan nan nan nan nan nan nan nan nan nan nan nan nan nan nan nan nan nan nan nan nan nan nan nan nan nan nan nan nan nan nan nan nan 0.81738756753905528196 0.36945686076375905404 0.3470057273372990081 0.31830162770776104786 0.29106017342635176481 0.29147866150096130022 0.28686749990148752154 0.29647568671618906855 0.30585984616469674702 0.31031768685194266455 0.29692430455172796888 0.27086942590833984479 0.56951249893912825328 0.84978449484651963353 0.2176291012555987836 0.15850083901777944906 0.069774104923416582769 0.062100058007732009124 0.057164412132004106815 0.054281446283869778935 0.050298488322246148741 0.047096880687104179797 0.042785200528115518992 0.043010138665794978019 0.043262482758203504862
