results/rofental/snowmelt_month_2020-06-01T0000_2020-06-30T2300.asc
ncols        322
nrows        225
xllcorner    622802.488000000012
yllcorner    5178049.378999999724
cellsize     100.000000000000
[rows 112 to 139 of 225, columns 189 to 251 of 322]
0.40803901601657510678 0.00036132245386895096156 0 0 0 0.00018450912144077932613 0.21250292442687615524 0.76508945833906560896 6.550472979001488838 20.48079871947911812 37.182718862422483141 50.314317415438608805 51.135764851398285202 65.665442554748679527 64.745881352911140993 45.259631237743256804 47.869107125489755106 59.783192046885545778 99.082173713309870777 250.48449379339564302 289.20356019190103325 137.48337750151213754 69.370031278599512348 101.44064761567165078 227.95932050549194514 365.17273133375857697 257.5120359682350113 nan nan nan nan nan nan nan nan nan nan nan nan nan nan nan nan nan nan nan nan nan nan nan nan nan nan nan nan nan nan nan nan nan nan nan nan
0.0047779940583632472123 0 0 0 0 0.17721758555596878182 0.84904922722036058058 4.0026745290357990115 19.27811796578350112 35.771269364161732085 46.603144840382910274 54.063455847283414357 54.820241725164699176 54.501276845163786788 92.961483976852719024 50.978031965922816937 51.753285377412311163 58.359851692130398249 67.788290545679956267 239.6352141759119263 126.06151880458573089 113.53700675057963565 161.41963488071206712 210.43722385519888007 309.68342177199184562 nan nan nan nan nan nan nan nan nan nan nan nan nan nan nan nan nan nan nan nan nan nan nan nan nan nan nan nan nan nan nan nan nan nan nan nan nan nan
0 0 0 0.00023295547073193950682 0.15072872096473591275 0.70023317568834919644 3.4545047963618888964 14.138056985599730453 29.49916464975308017 43.031174334371605994 54.15050126010694953 58.312332620272648853 57.493266487278646082 56.571667484591813491 57.224090387632188026 54.902887275281379686 54.992147205273745669 57.29491777323418944 67.531651077159409624 175.22277880838879582 137.23587052529393304 73.05537312208842593 83.793302536626214305 210.5390272552403701 393.17173750601375559 nan nan nan nan nan nan nan nan nan nan nan nan nan nan nan nan nan nan nan nan nan nan nan nan nan nan nan nan nan nan nan nan nan nan nan nan nan nan
0 0 0.00012650797701987666431 0.14322321806272581002 0.61022850219524416016 1.9549211624888607197 9.8910780167922389694 17.818643688306170958 32.410362407584216271 46.507988431613817681 56.850108859831422592 86.104572431229556173 100.93016519796118757 115.75930137100877459 70.172457891014374809 58.150745774039585001 58.761873468392806785 59.515640942244658618 66.301338260872455521 158.75124071801522518 371.99079585166367679 253.93547111790002191 146.02533413638940374 157.36156504870223216 453.46680754990836704 nan nan nan nan nan nan nan nan nan nan nan nan nan nan nan nan nan nan nan nan nan nan nan nan nan nan nan nan nan nan nan nan nan nan nan nan nan nan
0 0.00041008904785122367179 0.1482221369709892933 0.73374038422393239589 2.8081326534169788189 10.211076024729081269 19.997501814650284757 32.697755757708982571 38.876597523214037722 46.559438520971383468 54.742986472179765656 160.31275251768366275 234.75350860028012789 207.61869442946175468 133.89255629221199229 60.965340030752919631 61.178793246239891346 62.574397622813080488 69.889659921202394344 307.26105192225054452 468.20336415575940237 440.94578447169578794 402.88336760779969836 346.58966096249423572 436.07958481599570177 nan nan nan nan nan nan nan nan nan nan nan nan nan nan nan nan nan nan nan nan nan nan nan nan nan nan nan nan nan nan nan nan nan nan nan nan nan nan
0.11944501386587642877 0.36518864164151593199 0.67572743137395663293 5.8851672188750523418 13.557187811244242326 21.235589810479485351 35.089517814259565398 60.268920681361876746 123.59638051052034768 161.28319610578267884 73.824737685108985374 88.177104279936486364 281.90535039959149799 273.34570537799430667 290.72948450781399288 237.69681584116287354 167.90806418776492137 69.701727514408176489 73.262731955220530722 262.01645367500378825 402.23943343854671184 388.24963329935189904 439.10099026996425664 459.75720291263473882 nan nan nan nan nan nan nan nan nan nan nan nan nan nan nan nan nan nan nan nan nan nan nan nan nan nan nan nan nan nan nan nan nan nan nan nan nan nan nan
0.63484971484673335951 1.1020704030334764756 6.3346777296136851376 16.646443667700804525 26.843619844212160075 36.357167642055387091 44.703502831556050978 90.163588255986368836 196.10133271992705772 236.94722598890038512 335.31448789364901586 202.57448011819417388 196.54167060043468496 267.03043991366735099 298.68074796175102392 274.49874673793402735 194.02517822892502863 177.03659604939014116 210.1394643190279794 236.17509654334580205 466.60998012728856565 336.70439780590021428 389.56413321090917634 nan nan nan nan nan nan nan nan nan nan nan nan nan nan nan nan nan nan nan nan nan nan nan nan nan nan nan nan nan nan nan nan nan nan nan nan nan nan nan nan
1.6627408416112645639 9.130916592125153386 20.609159808516075429 32.02133684382022949 38.693440431094487053 45.728037321019471051 114.00198084687988853 199.49011723382648142 207.25418920299378556 262.80304863079999222 238.96037102066480884 172.63204325732385769 167.77703272218857933 235.77410907483465508 238.86228764202164143 249.69482359854194442 183.36691620117525758 189.6230282898760322 304.75879719488307273 443.85291868590627473 450.84054766455221852 364.94513958593569214 nan nan nan nan nan nan nan nan nan nan nan nan nan nan nan nan nan nan nan nan nan nan nan nan nan nan nan nan nan nan nan nan nan nan nan nan nan nan nan nan nan
9.0231574610383820101 22.65543812160485615 55.46924531018450466 86.961683301972158233 79.872375986209178222 143.98644231801662841 179.55014340939496265 253.82098925261479394 360.57305270402775932 329.43929041972114646 259.24974306209639963 180.46208372901571693 181.12663047917627068 302.62956447402632421 316.03300407997357979 358.9064563940414132 302.62126578333300131 400.52706497871895408 430.67979090585589574 377.5494045310117599 437.36206165575276827 348.38283797683681087 nan nan nan nan nan nan nan nan nan nan nan nan nan nan nan nan nan nan nan nan nan nan nan nan nan nan nan nan nan nan nan nan nan nan nan nan nan nan nan nan nan
19.937502434386658479 35.683944103804741133 87.246342094685246593 131.12273753426006806 195.11837069202275075 208.61450874915399822 245.40820120881912203 309.27963159461427267 470.2971567756333684 287.67260346401781135 278.9560873714506215 196.71755492430423828 138.35928533490630343 270.66495966609181778 359.57708194744571983 417.7561204682127709 304.86198454790911683 344.04975616725437249 487.89205574975295576 462.258601891425144 426.9125950927588633 300.0520672128473052 nan nan nan nan nan nan nan nan nan nan nan nan nan nan nan nan nan nan nan nan nan nan nan nan nan nan nan nan nan nan nan nan nan nan nan nan nan nan nan nan nan
25.496464940936391486 41.944353386944591477 50.594337000450984476 138.41707062406962336 217.49936746174262225 262.2404789984232707 379.82712683630307993 431.2538056454449702 487.53968624397128906 311.7377439045213805 324.32156288142846279 257.76776865117187754 265.88794005544480115 347.07628558893679838 333.32408300832486248 344.46112660051244347 290.18447937816443982 304.82815932028250927 440.31735235007653273 468.61804003279706876 438.64214722072466657 362.25987181310006235 nan nan nan nan nan nan nan nan nan nan nan nan nan nan nan nan nan nan nan nan nan nan nan nan nan nan nan nan nan nan nan nan nan nan nan nan nan nan nan nan nan
32.672216517606095465 44.277837313367740535 52.007733846613618311 143.08719879302245204 224.84587775036303015 301.47157456559483535 417.74932015486615455 444.74222915334178197 425.24838863805729261 363.31245658560567335 425.18285425370788744 441.71907300702730481 446.4263757996698132 429.47253319495541746 402.58701616013308922 365.53885062306324016 335.34280433183403147 153.21187982000469674 101.69803751132457137 180.21128882471754196 281.85170554044555047 429.39989456940764967 nan nan nan nan nan nan nan nan nan nan nan nan nan nan nan nan nan nan nan nan nan nan nan nan nan nan nan nan nan nan nan nan nan nan nan nan nan nan nan nan nan
37.224863353581774561 46.808225455285338512 56.651017720385134169 141.58758479322199264 264.25124985586398907 403.93800886568988062 478.92001168066286709 455.0802326387059793 439.7163047128021276 361.10742979196396618 339.54907032218648055 352.45236773981349643 363.7918455982610908 393.25715004556218446 384.90466724595546566 289.65157177148938672 307.55375195406480771 280.11143439456418491 136.78496697783211289 181.27990279611552182 322.19149914823259451 445.70001906137997594 nan nan nan nan nan nan nan nan nan nan nan nan nan nan nan nan nan nan nan nan nan nan nan nan nan nan nan nan nan nan nan nan nan nan nan nan nan nan nan nan nan
39.717207126780152748 50.317026583786088167 105.97371829288148604 191.16756429456245314 270.97587674088663334 387.52082020736861523 439.53662817612155322 480.56054981131410386 484.71124718666362696 499.61210303033192304 471.41184288789355605 445.27655429061996983 420.83816977486077349 418.88353636867998375 398.42992821929465208 358.38256580985063238 360.16474149043972375 383.77179482533216515 306.2971099902891865 283.10901334022872788 418.56868791588283329 404.52510609661237595 nan nan nan nan nan nan nan nan nan nan nan nan nan nan nan nan nan nan nan nan nan nan nan nan nan nan nan nan nan nan nan nan nan nan nan nan nan nan nan nan nan
40.823648997557228313 52.877430304692431662 145.80990555035478451 234.76308871374862974 288.84207737453226628 370.58207809170085056 448.72798288808712641 487.80852848311849357 483.06493933937866814 499.27938962814516799 503.58104192394068832 452.15517690740892931 427.94082053232546059 428.36534338582384862 421.18628234123701759 482.00632626483502463 456.15612804651323131 487.62195114500184445 498.02496909733275743 345.08235080822691998 292.52714503562981463 nan nan nan nan nan nan nan nan nan nan nan nan nan nan nan nan nan nan nan nan nan nan nan nan nan nan nan nan nan nan nan nan nan nan nan nan nan nan nan nan nan nan
41.879957608719124096 55.676972553888980144 86.759207002496225414 215.99616864880715639 265.9800113834708668 326.71870676479278472 446.19176044198428599 393.19792298384294327 471.68003608812404082 487.62181836482909603 508.43267674232652098 458.36071787302040548 424.91845646001428349 432.52181554903114602 426.95112638120122028 450.84729679991738749 451.22193090691490625 434.20162005357485668 469.98811299575123712 483.2794427513877622 461.89025460694460889 nan nan nan nan nan nan nan nan nan nan nan nan nan nan nan nan nan nan nan nan nan nan nan nan nan nan nan nan nan nan nan nan nan nan nan nan nan nan nan nan nan nan
79.880319718589831268 57.809194996745979722 148.65523631869547216 297.11360504726729914 465.89972279687964374 469.32600806561964646 432.67781594003986356 455.57013934544602307 475.18510138429309109 505.10660453862095665 499.49232882314481685 464.71682001018643859 447.33626165673081232 449.76495182245508886 409.39486445599487752 397.45500184852375014 493.33363689409003427 398.79308971935915906 436.72620621189150825 447.9963715771320949 441.52461588582548302 nan nan nan nan nan nan nan nan nan nan nan nan nan nan nan nan nan nan nan nan nan nan nan nan nan nan nan nan nan nan nan nan nan nan nan nan nan nan nan nan nan nan
90.389691242787407077 157.05553697087066212 166.0802595877068768 192.35269216568073603 308.27984974224841608 469.53114930286210438 427.00269911970087833 421.06087235623175502 489.18413417321704628 485.88589963567471841 477.77696371969807387 450.08741640925012462 449.25443002260084313 452.45915837474069576 456.15515069259629399 428.9407610125030601 446.86448618699813551 397.50444264982525056 347.97254544652940922 nan nan nan nan nan nan nan nan nan nan nan nan nan nan nan nan nan nan nan nan nan nan nan nan nan nan nan nan nan nan nan nan nan nan nan nan nan nan nan nan nan nan nan nan
85.72904635327167 107.99128824050345088 193.88159590195033388 264.5526467173109495 263.70224002113883444 294.73223549019127177 506.23805850337868151 390.31280104901094319 460.4125123445060126 501.83731128171325508 502.3097587688558292 511.7334230588468813 490.37467921270155102 523.14283138481494007 486.09068594467350977 498.69622249303222361 479.81332888385105662 445.95537754110210926 nan nan nan nan nan nan nan nan nan nan nan nan nan nan nan nan nan nan nan nan nan nan nan nan nan nan nan nan nan nan nan nan nan nan nan nan nan nan nan nan nan nan nan nan nan
55.364245888537681139 106.76792868100660883 138.8154673940236421 105.50584428170645879 79.181624189144400816 100.70660110220134698 316.7792920761194182 388.57524218643169434 404.93959959632530854 446.30252019649697104 478.99672417681875913 470.95454987987147888 394.45698873032370102 345.93019974144942807 396.89494776412880128 458.30765805731249429 462.34870586018695349 nan nan nan nan nan nan nan nan nan nan nan nan nan nan nan nan nan nan nan nan nan nan nan nan nan nan nan nan nan nan nan nan nan nan nan nan nan nan nan nan nan nan nan nan nan nan
217.54488877105546862 202.35116911759487834 158.02252151658476009 152.47341273487782587 164.27702473414649376 241.92198877592008444 342.5907596217371065 464.04831737859558416 393.30355979637101882 392.753292023797826 390.89890316212176913 405.10383932166524801 nan nan nan 461.28546527349334383 nan nan nan nan nan nan nan nan nan nan nan nan nan nan nan nan nan nan nan nan nan nan nan nan nan nan nan nan nan nan nan nan nan nan nan nan nan nan nan nan nan nan nan nan nan nan nan
219.78783019464336235 174.76474974351492619 151.4851816642330391 203.04513298644235419 310.73755968926678861 380.64113380118209307 431.38653668328026924 441.14071497797471011 339.80933545096382886 nan nan nan nan nan nan nan nan nan nan nan nan nan nan nan nan nan nan nan nan nan nan nan nan nan nan nan nan nan nan nan nan nan nan nan nan nan nan nan nan nan nan nan nan nan nan nan nan nan nan nan nan nan nan
90.463359582731129649 182.74923336684619812 219.65252855101030605 264.63748198553963675 370.50916100323314595 460.10784740173966156 494.87981197391837895 465.36680864288791781 nan nan nan nan nan nan nan nan nan nan nan nan nan nan nan nan nan nan nan nan nan nan nan nan nan nan nan nan nan nan nan nan nan nan nan nan nan nan nan nan nan nan nan nan nan nan nan nan nan nan nan nan nan nan nan
148.33990120308178007 176.64392000705367991 269.40311972165739007 336.55532103092963325 430.13157541130857453 499.02930540333233012 488.08897273438708453 468.03459817182761071 nan nan nan nan nan nan nan nan nan nan nan nan nan nan nan nan nan nan nan nan nan nan nan nan nan nan nan nan nan nan nan nan nan nan nan nan nan nan nan nan nan nan nan nan nan nan nan nan nan nan nan nan nan nan nan
178.81281267460306594 141.7331087478881102 141.84813912698038507 104.86993304113214265 114.31781306572207768 204.21923235529749263 309.53265504949729348 464.35530830531496349 nan nan nan nan nan nan nan nan nan nan nan nan nan nan nan nan nan nan nan nan nan nan nan nan nan nan nan nan nan nan nan nan nan nan nan nan nan nan nan nan nan nan nan nan nan nan nan nan nan nan nan nan nan nan nan
220.79677500183763073 206.53381140554350281 154.71208893496245196 92.89736264051485648 101.44704507487892897 224.15535301567823012 387.72014313639567717 471.37490164702393258 307.13309631726735915 nan nan nan nan nan nan nan nan nan nan nan nan nan nan nan nan nan nan nan nan nan nan nan nan nan nan nan nan nan nan nan nan nan nan nan nan nan nan nan nan nan nan nan nan nan nan nan nan nan nan nan nan nan nan
267.89714932114492285 285.29797206646554741 326.67229323306270317 263.66262799862170141 150.5205965547886251 179.94543747035493197 271.22064945056075658 352.19311280444651402 406.15121446208638645 nan nan nan nan nan nan nan nan nan nan nan nan nan nan nan nan nan nan nan nan nan nan nan nan nan nan nan nan nan nan nan nan nan nan nan nan nan nan nan nan nan nan nan nan nan nan nan nan nan nan nan nan nan nan
303.24434217174797368 313.59626581670562473 335.10783732961346004 338.62515556171632625 259.02058436085656012 270.71662842920693492 384.29336017552742533 487.02300631810771847 389.40082468276699501 nan nan nan nan nan nan nan nan nan nan nan nan nan nan nan nan nan nan nan nan nan nan nan nan nan nan nan nan nan nan nan nan nan nan nan nan nan nan nan nan nan nan nan nan nan nan nan nan nan nan nan nan nan nan
