results/rofental/snowdepth_dates_2020-06-02T1200.asc
ncols        322
nrows        225
xllcorner    622802.488000000012
yllcorner    5178049.378999999724
cellsize     100.000000000000
[rows 96 to 127 of 225, columns 72 to 143 of 322]
nan nan nan nan nan nan nan nan nan nan nan nan nan nan nan nan nan nan nan nan nan nan nan nan nan nan nan nan nan nan nan nan nan nan nan nan nan nan nan nan nan nan nan nan nan nan nan nan nan nan nan nan nan nan nan nan nan nan nan nan nan nan nan nan nan nan 1.5591965854029121719 1.103063179966368601 1.0944555060726655071 1.2955568338038698784 1.288870175722890421 0.88601824890249192279
nan nan nan nan nan nan nan nan nan nan nan nan nan nan nan nan nan nan nan nan nan nan nan nan nan nan nan nan nan nan nan nan nan nan nan nan nan nan nan nan nan nan nan nan nan nan nan nan nan nan nan nan nan nan nan nan nan nan nan nan nan nan nan nan 1.4072434211448465735 1.3883308530557498806 1.5853950336960891399 1.187588011032083779 1.0234813433212743838 1.1572184683166968355 1.2931752355061696402 1.1751657611721098018
nan nan nan nan nan nan nan nan nan nan nan nan nan nan nan nan nan nan nan nan nan nan nan nan nan nan nan nan nan nan nan nan nan nan nan nan nan nan nan nan nan nan nan nan nan nan nan nan nan nan nan nan nan nan nan nan nan nan nan nan nan nan 1.2996241656050036006 1.0599312691640279116 1.0190699660167636953 1.1564959978986608657 1.5357631777414273433 1.3375762505821628956 0.97904183106724151919 1.0307391647309445126 1.1489905604234069703 1.2193958983874932933
nan nan nan nan nan nan nan nan nan nan nan nan nan nan nan nan nan nan nan nan nan nan nan nan nan nan nan nan nan nan nan nan nan nan nan nan nan nan nan nan nan nan nan nan nan nan nan nan nan nan nan nan nan nan nan nan nan nan nan nan 1.3884439759564444206 0.9615057031021931877 0.84307690902401988264 0.84117855832327026455 0.87494874357679519594 1.0050366915597743755 1.2841041856652355424 1.1965562917949361665 1.0362820091025932712 0.95920026416298553862 0.94860685343530704028 1.0361527132921846128
nan nan nan nan nan nan nan nan nan nan nan nan nan nan nan nan nan nan nan nan nan nan nan nan nan nan nan nan nan nan nan nan nan nan nan nan nan nan nan nan nan nan nan nan nan nan nan nan nan nan nan nan nan nan nan nan nan nan nan 1.2653591827820496185 1.2745304629257401263 1.2202167396068732685 1.1192805605922755419 1.0147141215380108825 0.97963182050644159737 1.1600541277486413616 1.1292644809861127619 1.0288717752840608188 1.0917227930574942008 0.99932183273763897091 0.84218130517860367856 0.84886757985007066374
nan nan nan nan nan nan nan nan nan nan nan nan nan nan nan nan nan nan nan nan nan nan nan nan nan nan nan nan nan nan nan nan nan nan nan nan nan nan nan nan nan nan nan nan nan nan nan nan nan nan nan nan nan nan nan nan nan nan 1.2903767561321406454 1.2082955316824830483 1.2142937471996346765 1.1969945293074684134 1.1829754686447355727 1.1514787604038785318 1.0533048313069648394 1.2748299301847638709 1.2748187852252845786 1.0196837542465400084 0.97580701811588765882 1.0105115291322033233 0.98939872391585681477 0.92387125397740099686
nan nan nan nan nan nan nan nan nan nan nan nan nan nan nan nan nan nan nan nan nan nan nan nan nan nan nan nan nan nan nan nan nan nan nan nan nan nan nan nan nan nan nan nan nan nan nan nan nan nan nan nan nan nan nan nan nan 1.2648712718424692802 1.1685749579976063561 1.1489868033567591787 1.1544482864290903645 1.1495443305126347155 1.135740278390646063 1.129163490404701653 1.0638014537086046829 1.0851389808130991188 1.2906942545543762524 1.0993140232359064346 1.0534919299998826148 1.0797583507441350648 1.0865430445024175654 1.0312366635141940741
nan nan nan nan nan nan nan nan nan nan nan nan nan nan nan nan nan nan nan nan nan nan nan nan nan nan nan nan nan nan nan nan nan nan nan nan nan nan nan nan nan nan nan nan nan nan nan nan nan nan nan nan nan nan nan nan 1.4853871807735741228 1.1479007743630260663 1.151683428286181643 1.1523681129289111702 1.1312915479102096938 1.112396650341578086 1.0863942612434522861 1.0504146896317017035 1.0349107309584693049 1.1032007488814685736 1.461032387645712749 1.2559820602482427709 1.1777216372275969292 1.1485061594582854916 1.1365233627751010204 1.08623807192868016
nan nan nan nan nan nan nan nan nan nan nan nan nan nan nan nan nan nan nan nan nan nan nan nan nan nan nan nan nan nan nan nan nan nan nan nan nan nan nan nan nan nan nan nan nan nan nan nan nan nan nan nan nan nan nan 1.4452880196576864957 1.2032822758675691954 1.1357289111293458195 1.1421846522826437642 1.1391657639675016878 1.1186319253164693777 1.0776213159273893005 1.0322814440379206591 0.9884210638888417666 0.91839128193724139937 0.7714077590227272907 1.1903783457932670675 1.4213077489830558964 1.4059014375746901049 1.3897356234015747489 1.3815816052250604606 1.267411733810558605
nan nan nan nan nan nan nan nan nan nan nan nan nan nan nan nan nan nan nan nan nan nan nan nan nan nan nan nan nan nan nan nan nan nan nan nan nan nan nan nan nan nan nan nan nan nan nan nan nan nan nan nan nan nan 1.5584511466569521687 1.1571255315651467477 1.1476792653530756283 1.1348842364847828712 1.1241761303921944393 1.1120062619440147511 1.0830840670226844491 1.0522271178675104419 1.0114567468823443264 0.9806151162189029602 0.94681798272589168253 0.83772628117125402802 0.79036197714873268616 1.0289614399866318095 1.379568220806347334 1.4911138712083142899 1.5877596699148508463 1.5351047584613821684
nan nan nan nan nan nan nan nan nan nan nan nan nan nan nan nan nan nan nan nan nan nan nan nan nan nan nan nan nan nan nan nan nan nan nan nan nan nan nan nan nan nan nan nan nan nan nan nan nan nan nan nan nan nan 1.4977562058949664969 1.1665321644792476796 1.1666167686125417102 1.1422581303909153938 1.1223693178555242955 1.1079568005614452986 1.0875273397777698303 1.0743979414880424628 1.0530030290756848821 1.0233849622657502643 1.0025825014352176545 0.95123606446648956148 0.8787736328324611268 0.82925675410089905171 0.81942890571940341093 1.203768934546173508 1.5313708791830042966 1.5344838143154868604
nan nan nan nan nan nan nan nan nan nan nan nan nan nan nan nan nan nan nan nan nan nan nan nan nan nan nan nan nan nan nan nan nan nan nan nan nan nan nan nan nan nan nan nan nan nan nan nan nan nan nan nan nan nan nan 1.1672496019551052981 1.1393444876833322965 1.1262693171237168066 1.117654814013144815 1.1230026604258003253 1.1121740307938270398 1.1118572842496619035 1.0728213677667659542 0.99472514337398698636 0.91094070840324947724 0.86698087242158194954 0.81489884080237462438 0.81083936729671113319 0.7565676884496760346 0.66933961433016286868 1.1115882851649176999 1.009660787660054293
nan nan nan nan nan nan nan nan nan nan nan nan nan nan nan nan nan nan nan nan nan nan nan nan nan nan nan nan nan nan nan nan nan nan nan nan nan nan nan nan nan nan nan nan nan nan nan nan nan nan nan nan nan nan nan nan nan 1.0973771540604697616 1.1134564660546268922 1.1246282118166048836 1.1194863993091748178 1.1019172666275391936 1.0740834073278122673 1.0430213217511161705 0.98872258602371354552 0.91718657854926477491 0.79988163888416785596 0.70258533138785961292 0.75712211541535689996 0.69553492256314752851 1.1605360492987863985 1.0703694181438865307
nan nan nan nan nan nan nan nan nan nan nan nan nan nan nan nan nan nan nan nan nan nan nan nan nan nan nan nan nan nan nan nan nan nan nan nan nan nan nan nan nan nan nan nan nan nan nan nan nan nan nan nan nan nan nan nan nan 1.038656150859460281 1.0771836481578582756 1.0860351170772799545 1.067834539336310673 1.048095585489423609 1.0321857883663465572 1.016490237823693743 0.98084058256824802058 0.94679180641552063147 0.89769270010603652299 0.75816655321391457356 0.63688581117547604649 0.63111832513378451903 1.0319413389733484987 1.2774411939509990876
nan nan nan nan nan nan nan nan nan nan nan nan nan nan nan nan nan nan nan nan nan nan nan nan nan nan nan nan nan nan nan nan nan nan nan nan nan nan nan nan nan nan nan nan nan nan nan nan nan nan nan nan nan nan nan nan nan 1.0297899065244768835 1.0723264829660457131 1.0795428794704053921 1.0774124298656220233 1.0717862820478507579 1.053636579719349875 1.0187890066513460852 0.95566267141132188456 0.9088212818904437551 0.8977452000083244732 0.88132160344765697602 0.7621466765922166875 0.5612021670796847328 0.72603639454895363414 1.3437177161729207953
nan nan nan nan nan nan nan nan nan nan nan nan nan nan nan nan nan nan nan nan nan nan nan nan nan nan nan nan nan nan nan nan nan nan nan nan nan nan nan nan nan nan nan nan nan nan nan nan nan nan nan nan nan nan nan nan nan 1.0749747038532326826 1.0759794262479038807 1.0734732258497770019 1.0743457203624755536 1.0675094885475162609 1.0592402925977912886 1.0516885660653358947 1.0182526114346537316 0.97381263363006165257 0.92700206518448635684 0.88250886078044910033 0.81827436025586997026 0.60206863394906307008 0.45916454028790931741 1.1188388364679555664
nan nan nan nan nan nan nan nan nan nan nan nan nan nan nan nan nan nan nan nan nan nan nan nan nan nan nan nan nan nan nan nan nan nan nan nan nan nan nan nan nan nan nan nan nan nan nan nan nan nan nan nan nan nan nan nan nan 1.0919166619381495131 1.0792709301456653304 1.067228813141053223 1.0536477852223393725 1.0408459152162761185 1.0294893928139929873 1.0258932448205988486 1.0140711678030458476 0.98931648961060936198 0.94700027251180141086 0.90016251469823804765 0.84670562605728061367 0.74669929765089915197 0.49545382233848345166 0.79783060797592297853
nan nan nan nan nan nan nan nan nan nan nan nan nan nan nan nan nan nan nan nan nan nan nan nan nan nan nan nan nan nan nan nan nan nan nan nan nan nan nan nan nan nan nan nan nan nan nan nan nan nan nan nan nan nan nan nan nan 1.1266629927677216383 1.1109320654871464029 1.0873237015888013168 1.0612411812525444077 1.0381242579207590193 1.0204044616538294754 1.0044422115486768554 0.98394605811004487439 0.95234677667184086669 0.90812580907373197103 0.86769614675582007468 0.82548354553288094682 0.7741811475969655465 0.55812141319872721201 0.4267952688093532565
nan nan nan nan nan nan nan nan nan nan nan nan nan nan nan nan nan nan nan nan nan nan nan nan nan nan nan nan nan nan nan nan nan nan nan nan nan nan nan nan nan nan nan nan nan nan nan nan nan nan nan nan nan nan nan nan nan 1.1806015370567297662 1.1592306790550828133 1.1259818901589273565 1.0847140416963541032 1.0474812432489666314 1.0185152626219180494 0.98990236975140122322 0.95202829522063270318 0.91183950692026871643 0.86095850689582098525 0.82082951931002035018 0.79504188134087006024 0.78033601642493055639 0.71402042319635183887 0.43391250514771378954
nan nan nan nan nan nan nan nan nan nan nan nan nan nan nan nan nan nan nan nan nan nan nan nan nan nan nan nan nan nan nan nan nan nan nan nan nan nan nan nan nan nan nan nan nan nan nan nan nan nan nan nan nan nan nan nan nan 1.2428764551031763474 1.2181382557809377065 1.1781308623075514852 1.124746723561388162 1.0702357376327917837 1.0242029872725324502 0.98779715997308348285 0.94521439060227541162 0.90254867772928248915 0.85818868799992098495 0.82928118000399120291 0.80339867339490211862 0.76084951438327252937 0.72202547206162415172 0.63340970539818353124
nan nan nan nan nan nan nan nan nan nan nan nan nan nan nan nan nan nan nan nan nan nan nan nan nan nan nan nan nan nan nan nan nan nan nan nan nan nan nan nan nan nan nan nan nan nan nan nan nan nan nan nan nan nan nan nan nan 1.2740101738924254349 1.2635635857955449524 1.2461857765626245254 1.1919998576259593914 1.1153657136281838191 1.0393748026667757323 0.98849568276261967625 0.94693230825237206805 0.92401778312586790864 0.90082795765064460625 0.87922179343231932069 0.83207822126985631073 0.79429549098808305274 0.7441416689333875123 0.71291204671673091831
nan nan nan nan nan nan nan nan nan nan nan nan nan nan nan nan nan nan nan nan nan nan nan nan nan nan nan nan nan nan nan nan nan nan nan nan nan nan nan nan nan nan nan nan nan nan nan nan nan nan nan nan nan nan nan nan nan 1.2840971347905945077 1.2949626319541369668 1.314166835698056035 1.2984777035949126578 1.1820525783792223962 1.0671761765594653948 0.99831578889079952699 0.96101533583022269447 0.9462534782182142612 0.92637007629805501185 0.88172355451678541272 0.85110747945293196981 0.82920022739110699206 0.79480010494214159422 0.75452654869742485921
nan nan nan nan nan nan nan nan nan nan nan nan nan nan nan nan nan nan nan nan nan nan nan nan nan nan nan nan nan nan nan nan nan nan nan nan nan nan nan nan nan nan nan nan nan nan nan nan nan nan nan nan nan nan nan nan nan 1.277687983291590168 1.3377247757845855958 1.4428694579127450126 1.4796739121019240049 1.2345236486239004048 1.0911503081298921103 1.003544070572118363 0.95291086582701589602 0.93816842175005876747 0.92454494256847996603 0.88441579711024664867 0.85618399954409540875 0.83360843417655960952 0.80637804950997404863 0.77653833010569806028
nan nan nan nan nan nan nan nan nan nan nan nan nan nan nan nan nan nan nan nan nan nan nan nan nan nan nan nan nan nan nan nan nan nan nan nan nan nan nan nan nan nan nan nan nan nan nan nan nan nan nan nan nan nan nan nan nan nan 1.2676655603556670204 1.3313291457479301538 1.5063559016891665543 1.3238402578108607877 1.0916438557545711241 1.0065154677012364548 0.95535500967555730956 0.93014652903972261377 0.91781130465674287677 0.88841714406650951208 0.86718668568546075637 0.84435022441035800789 0.75189633457240345749 0.72487630784775025639
nan nan nan nan nan nan nan nan nan nan nan nan nan nan nan nan nan nan nan nan nan nan nan nan nan nan nan nan nan nan nan nan nan nan nan nan nan nan nan nan nan nan nan nan nan nan nan nan nan nan nan nan nan nan nan nan nan nan nan nan 1.3663263443666573416 1.3035472005427852782 1.1732028442010997704 1.0792211040398886901 1.0419649520686524724 0.99652840057529634699 0.95813952046074957192 0.85852623916494530398 0.83521044959453139001 0.79962909312620111812 0.76425949794943570659 0.73563411816785828634
nan nan nan nan nan nan nan nan nan nan nan nan nan nan nan nan nan nan nan nan nan nan nan nan nan nan nan nan nan nan nan nan nan nan nan nan nan nan nan nan nan nan nan nan nan nan nan nan nan nan nan nan nan nan nan nan nan nan nan 1.5045163977971656166 1.3214235342808875462 1.2682689285618014008 1.2790946766070137031 1.1987588991610442779 1.1361075896071552993 1.048356604010903359 0.9779278392668420139 0.91637587512431450953 0.90698709055395898559 0.87907821313283851516 0.83445191458245604466 0.79527746752739947311
nan nan nan nan nan nan nan nan nan nan nan nan nan nan nan nan nan nan nan nan nan nan nan nan nan nan nan nan nan nan nan nan nan nan nan nan nan nan nan nan nan nan nan nan nan nan nan nan nan nan nan nan nan nan nan nan nan nan nan 1.5128111183523005323 1.3594922366462272034 1.2566615507060703294 1.275663689642394294 1.2584944045241217569 1.2005454194176961025 1.1533345380487061149 1.129994988014087598 1.0563622208311931328 0.97488812171696903608 0.9676150452084507636 0.94739763731956916359 0.8592562871084444831
nan nan nan nan nan nan nan nan nan nan nan nan nan nan nan nan nan nan nan nan nan nan nan nan nan nan nan nan nan nan nan nan nan nan nan nan nan nan nan nan nan nan nan nan nan nan nan nan nan nan nan nan nan nan nan nan nan nan nan 1.6455733067651021617 1.4784996263513643378 1.276576616164245781 1.24430626502448205 1.2181997932398991313 1.2063207188753883869 1.1487789325745398905 1.1483369009127102345 1.1567383767866017408 1.0989757816005183422 0.96471948039904531491 0.95585706686560190093 0.90050870179084019362
nan nan nan nan nan nan nan nan nan nan nan nan nan nan nan nan nan nan nan nan nan nan nan nan nan nan nan nan nan nan nan nan nan nan nan nan nan nan nan nan nan nan nan nan nan nan nan nan nan nan nan nan nan nan nan nan nan nan nan 1.6948765217097716551 1.7126651617499066838 1.5855617512898141364 1.412973102823907201 1.2210385563923908947 1.1836887228845456299 1.1250547870224432145 1.1122201679709911026 1.1565100672565984397 1.2220626524995594764 1.2809823739710650692 1.2494407012313337724 0.99805077709804246311
nan nan nan nan nan nan nan nan nan nan nan nan nan nan nan nan nan nan nan nan nan nan nan nan nan nan nan nan nan nan nan nan nan nan nan nan nan nan nan nan nan nan nan nan nan nan nan nan nan nan nan nan nan nan nan nan nan nan nan 1.2371298827325913905 1.1141438361442959071 1.1391032233330080636 1.4390355664680145598 1.5283375791243756225 1.4494077063431491936 1.2630093575081366986 1.1883283680536935734 1.2608915997735916648 1.4163143645836897555 1.4620011664703007614 1.2199248692489799151 1.0607259960286674616
nan nan nan nan nan nan nan nan nan nan nan nan nan nan nan nan nan nan nan nan nan nan nan nan nan nan nan nan nan nan nan nan nan nan nan nan nan nan nan nan nan nan nan nan nan nan nan nan nan nan nan nan nan nan nan nan nan nan 1.2122231091488904209 1.2337056352400626036 0.99872099856445528676 0.79437602507320392853 0.76356376158368910456 0.83277926346323516427 0.88727158338198275356 1.0768848214182820122 1.3279360502096113628 1.2353866266560526999 0.93220316211592257893 0.90991431302369674139 1.1262910119924369745 1.0990826627565137841
nan nan nan nan nan nan nan nan nan nan nan nan nan nan nan nan nan nan nan nan nan nan nan nan nan nan nan nan nan nan nan nan nan nan nan nan nan nan nan nan nan nan nan nan nan nan nan nan nan nan nan nan nan nan nan nan nan nan 1.2574709791987412899 1.073472199852418596 1.0197934493570328662 0.88982024333484743828 0.85556787473629480889 0.90706462849813251914 0.86429648408008974414 0.54801059399108653647 0.60972618997177530087 0.45976683631265380381 0.68740368072268931421 0.76589859596144116427 0.76074709767801285132 0.58633350685535612357
