results/rofental/snowdepth_month_2019-11-01T0000_2019-11-30T2300.asc
ncols        322
nrows        225
xllcorner    622802.488000000012
yllcorner    5178049.378999999724
cellsize     100.000000000000
[rows 108 to 134 of 225, columns 186 to 247 of 322]
0.45173898373160931152 0.44933112817125508975 0.44783893074537139967 0.44143108320122265154 0.43159796939102629265 0.42325306043032512315 0.41387231620766884443 0.40393188913314975741 0.39456082220982768849 0.37523337450896143697 0.38789564306844898089 0.40844275133577162551 0.43206116638518909934 0.45517793393991828887 0.48736713168499279369 0.50132082954671519648 0.50658397363990914641 0.50073847300451090891 0.50240743415119304416 0.53903818450108476057 0.55734855218505752195 0.56385304947909942186 0.56537093559583340152 0.56708403930082551536 0.56738121516971917746 0.56991776672884020272 0.57408998406045552709 0.58124299434197357339 0.58528499192411265195 0.59110323907226425266 0.59691815082945720583 0.60231448027571432569 0.60516011697466143282 0.60523667540227066297 0.60811960252791286141 0.6050139705806829582 nan nan nan nan nan nan nan nan nan nan nan nan nan nan nan nan nan nan nan nan nan nan nan nan nan nan
0.4534004382423855728 0.45213683425703093954 0.45016088333648035524 0.44102983560045200262 0.42319538846761645123 0.40896243890899758311 0.39333369117722222219 0.38667113757613663649 0.38138485736123634018 0.37975696002802611373 0.3970357233981141043 0.42361402116177332422 0.45420877484890176401 0.47567417219293206543 0.50594803363530260754 0.5198352822948425489 0.52509213060857029554 0.51783828782391883028 0.51560048563695093371 0.54539142305578169889 0.56807786023314466028 0.57801935048763941616 0.58407823632451505436 0.58616821853245726359 0.58531276356394745797 0.58782322430304889682 0.59445513160296004074 0.60139012971720140488 0.60703413425370356116 0.6124684197447606282 0.619163204169753012 0.62734325016619763016 0.63157570457726863733 0.62877989650516408204 nan nan nan nan nan nan nan nan nan nan nan nan nan nan nan nan nan nan nan nan nan nan nan nan nan nan nan nan
0.45100323410246045963 0.44746779567494804342 0.44104073742484134479 0.42701599153534391951 0.40903976302991829073 0.40136178152622542514 0.39004772863128311933 0.3754318229408284413 0.37762473312799316183 0.39261086987730736686 0.41060461617290222591 0.44011449263856183833 0.47147035739580450686 0.50123965526517266778 0.52535122177880022587 0.5388223341538007638 0.53747851980194361055 0.53194815549752882955 0.52864234173711277531 0.55477721595525242293 0.58755252028014126608 0.60200468308810561879 0.61060932243042498335 0.61708042911811933351 0.61589469854302103524 0.62180542888134304746 0.62304908741220876855 0.62542892227336754907 0.63771787691175929602 0.64636362421400483935 0.64875021135964017205 0.64179723565016422171 nan nan nan nan nan nan nan nan nan nan nan nan nan nan nan nan nan nan nan nan nan nan nan nan nan nan nan nan nan nan
0.44434892003005266314 0.43393051465324544713 0.42056040223759133534 0.40279207261938687612 0.39247663868135113097 0.38813264430682858919 0.38035747093900412752 0.37694395875198055679 0.39181462726254101536 0.40509611953862550981 0.4272179184549763642 0.45173788740851028578 0.48351362429579214375 0.51725851924878740729 0.54631653239094501995 0.55537852900821671476 0.55248155230767392876 0.55037249131094678756 0.54528244627790167787 0.55843335077817657375 0.60461506177299195741 0.63108456493413223054 0.64221347468716138973 0.64935675680788529363 0.65476907014946683638 0.65699715037913564153 0.63826182304968381853 0.64078619455172791675 0.67472354008989565699 0.67197798188100510419 0.65783192156311898202 nan nan nan nan nan nan nan nan nan nan nan nan nan nan nan nan nan nan nan nan nan nan nan nan nan nan nan nan nan nan nan
0.43208628521092173891 0.42189937056422116557 0.40586162682001980517 0.39173451871298164972 0.38135681294137196984 0.37850022394376581225 0.37431382002629520755 0.38979515342623638485 0.40855667909141729632 0.42340641326225753049 0.43984374208584126054 0.4688164396128072231 0.50209431462834686055 0.53052943775682048777 0.56837695685095335207 0.57384385948733251936 0.57558638654969729309 0.57395300607792432146 0.56495964909697682366 0.56495878224967621684 0.60396641884371726761 0.63757290024590007604 0.66154545355793126227 0.67395868991422169803 0.66385373896138888394 0.65132635688561169029 0.65500762467447615212 0.67502337953038160645 0.69971476926650266748 0.6861826402707129624 nan nan nan nan nan nan nan nan nan nan nan nan nan nan nan nan nan nan nan nan nan nan nan nan nan nan nan nan nan nan nan nan
0.40669846657417946245 0.39419698273869385741 0.38509304163713020674 0.37951152904068358174 0.37567178631865583149 0.3750461749782980081 0.39103921054432094762 0.40048893737270885307 0.42052201252354565186 0.44109731931092044377 0.4618563064491977288 0.50131247930762146137 0.52951087754384917883 0.55706624480161648361 0.5793267639768737709 0.58591699539469865865 0.59101448485452134918 0.59498333791692525896 0.58293109599270243049 0.58150469309362295967 0.59889152917803756271 0.63466592632101581639 0.67968629804887792378 0.67251595153617615974 0.67096968537523693499 0.67023287579308010731 0.67908161970660430029 0.70940908021130477668 nan nan nan nan nan nan nan nan nan nan nan nan nan nan nan nan nan nan nan nan nan nan nan nan nan nan nan nan nan nan nan nan nan nan
0.40005702939342158153 0.38870423467545361929 0.37111520265200848012 0.37082364959397395854 0.37155914733211986567 0.38917222578553162249 0.40364318595219389474 0.41774017716988531834 0.43588525718978277101 0.46041238075801604879 0.48951468985141760593 0.51754160525562542539 0.54964108903299790931 0.57932697410003120009 0.59616634812850577418 0.59391268694034637932 0.59565487912018433292 0.60076179692419617862 0.59746505216835055219 0.59640289199430729372 0.59860669601990901256 0.63331793564196270374 0.68378563809563741582 0.68284200470251399384 0.67590320206789578084 0.67940532475451553829 0.70146124053120573194 0.75115116367847467593 nan nan nan nan nan nan nan nan nan nan nan nan nan nan nan nan nan nan nan nan nan nan nan nan nan nan nan nan nan nan nan nan nan nan
0.38064843099623729694 0.3755601088662332554 0.37091774699666790749 0.37043823244993184796 0.38454315749087297771 0.39906018259854680874 0.41515421944914782104 0.43174791588755595528 0.45497529497434940904 0.47885667373216445064 0.49906004905126466475 0.52264138926893999315 0.55788023164298883305 0.58703161300579276283 0.61078472504247327546 0.61691951672551215147 0.62181705425946520727 0.61846077748010197528 0.61116565410938217262 0.61359654897598836509 0.61296900061515879887 0.63300058502370393221 0.68664795570943992775 0.7145394073508102295 0.69549406983200490195 0.69793937004034767302 0.72529603226501559998 0.77649115557977754776 nan nan nan nan nan nan nan nan nan nan nan nan nan nan nan nan nan nan nan nan nan nan nan nan nan nan nan nan nan nan nan nan nan nan
0.36408486392589756164 0.35859777407485682321 0.37347389461800217791 0.39026207546950408833 0.40059554825607318618 0.41309731724661563623 0.43371391618999943773 0.4575863035632273812 0.48031268362159235119 0.50515520630075194664 0.52997772875397664016 0.54466751286404602173 0.56397171563007653106 0.58468379592928043653 0.62745660570393979594 0.64209880897777504849 0.64039524155108007442 0.63225027027690772208 0.62897381617909897678 0.63155428274542513289 0.6293354259665761008 0.64709972384415803681 0.71788098666385558033 0.75464575389788679516 0.73830388499771304467 0.74286992519187178274 0.77356659029288155072 0.78460800482270220968 nan nan nan nan nan nan nan nan nan nan nan nan nan nan nan nan nan nan nan nan nan nan nan nan nan nan nan nan nan nan nan nan nan nan
0.36041587345615033744 0.3792972049008275226 0.39012166562105743406 0.40651983420974724392 0.4175274044430994369 0.43035406407199233714 0.4648651370648899106 0.48832641267793786 0.50764470505441183779 0.53643560436547665926 0.55971742498385346209 0.58453695628934043693 0.60365462452589691011 0.61645592947119665084 0.6320188497113320425 0.65837169312608934124 0.65699461237040646111 0.65803386325535739854 0.65636599924651228832 0.65462073381910712566 0.65108345027118030846 0.66576920330299493855 0.72937768228068833309 0.80020149108531479776 0.8047858299410360905 0.80549533486626390122 0.82380588908640739465 nan nan nan nan nan nan nan nan nan nan nan nan nan nan nan nan nan nan nan nan nan nan nan nan nan nan nan nan nan nan nan nan nan nan nan
0.37444721609821207675 0.39265995651372209707 0.40662683262029053477 0.42465337505681749475 0.44011907233355140878 0.46424259225629460612 0.49321992903904277039 0.5178761999421580553 0.53870957181994361118 0.56451755126630220882 0.58778780416935239028 0.6141576040282861193 0.63009187684548895181 0.65370557655248329176 0.65488965467302240331 0.65844609755097438519 0.66800070244898934746 0.67247012011858364744 0.67147545191920054997 0.66886675929971228793 0.67479019710235466079 0.70383008445051642443 0.75255917080577749978 0.8188238366403313151 0.85220075534358108449 0.85499934186578174788 nan nan nan nan nan nan nan nan nan nan nan nan nan nan nan nan nan nan nan nan nan nan nan nan nan nan nan nan nan nan nan nan nan nan nan nan
0.38255337473455258701 0.40843144257977936906 0.42433268123958289841 0.44434997969053985356 0.46985930108961976304 0.50094004035770567373 0.52541539568536288485 0.54678814810737652596 0.5679981296997632656 0.5942614188744459458 0.61875631195475211399 0.63456531002434291011 0.65601992318267809967 0.66675405542562649064 0.66239802428963734382 0.66560310083085449939 0.68072205188181755808 0.67981693145086374841 0.68036679373955777361 0.68112764846586237866 0.69528747410068159063 0.74108218026865035899 0.80050860388950595414 0.84358349092154993887 0.90830439131118989593 nan nan nan nan nan nan nan nan nan nan nan nan nan nan nan nan nan nan nan nan nan nan nan nan nan nan nan nan nan nan nan nan nan nan nan nan nan
0.39317411968359411434 0.42569061288094450779 0.44781524495485880433 0.46808174559039694707 0.50430318849959421268 0.53578419220453521454 0.56204392468159436458 0.57696946713514385419 0.59604510284434475409 0.61845656470518728387 0.63939955334466902492 0.67240530711745105652 0.68887833677305321256 0.68372598095501446736 0.67411992462396186365 0.67803774253125859151 0.70280920175134975469 0.70564379057869863754 0.71346814585084272764 0.71084522865244326173 0.74523600808725254385 0.79237815730372029854 0.81858623896972870781 0.86426916077460946841 0.96472601169207761185 nan nan nan nan nan nan nan nan nan nan nan nan nan nan nan nan nan nan nan nan nan nan nan nan nan nan nan nan nan nan nan nan nan nan nan nan nan
0.4011883878648704882 0.42819204920011455506 0.46715145805447144678 0.49824816662037091364 0.53253772688521960887 0.56742003543224706075 0.58941440717286619488 0.60639052054393716151 0.62277699554762666612 0.64365759171944059158 0.66950448557471509137 0.71847151369861073089 0.70017309323178056335 0.69691839790252863018 0.68605551849880297421 0.68387778772768370583 0.71241200245661862045 0.72945896859068104501 0.73951729889229889103 0.73769830264068481096 0.7684987040294970484 0.82739242658057687851 0.84831468709684598739 0.88331089691040542977 1.0205149165605358341 nan nan nan nan nan nan nan nan nan nan nan nan nan nan nan nan nan nan nan nan nan nan nan nan nan nan nan nan nan nan nan nan nan nan nan nan nan
0.42348290578853403643 0.44612982561380853941 0.47819099183458901869 0.51061800176561500386 0.54669533953957538674 0.57187665963453659934 0.60381117367645675831 0.62586244977073035578 0.64553440025262187607 0.68077521968415155573 0.71853145229750992051 0.73953442256332813098 0.71342728528525134468 0.71295718406270847112 0.70682985660490915691 0.71901155639070191139 0.73830602747126761187 0.74531746503719786823 0.75054860313636562186 0.75833102213160963334 0.77999489118810760857 0.83917971192700335781 0.86286996212575339804 0.89183730433918018132 0.93714596039864839216 nan nan nan nan nan nan nan nan nan nan nan nan nan nan nan nan nan nan nan nan nan nan nan nan nan nan nan nan nan nan nan nan nan nan nan nan nan
0.43956990124758704708 0.46366777798075731187 0.49236978955267884928 0.52644256961026691943 0.55354091498602087107 0.57188661598522949614 0.61702095488386354827 0.6431888831502775572 0.67373409545496110162 0.71918437413382774182 0.75411824266051064036 0.74091220269935598175 0.73032671634184254117 0.73503643642512128675 0.73983951940007497416 0.75409970043070617685 0.76413960220228149822 0.76743584941952547318 0.76887637441195333388 0.78161107724444467415 0.77697537170287511721 0.78057525716148323802 0.82692199299871083085 0.86443850975303182516 0.90789579511825546643 nan nan nan nan nan nan nan nan nan nan nan nan nan nan nan nan nan nan nan nan nan nan nan nan nan nan nan nan nan nan nan nan nan nan nan nan nan
0.45316363050102997923 0.47643867446609705629 0.50401435203090916293 0.54192823112649013417 0.56423509249617953554 0.59265131763343581461 0.62920282083228595837 0.66480116078885598263 0.71002466690900623014 0.76805306024420283428 0.78435206194416229319 0.75408785469664629808 0.74607622197093437233 0.74370872945426025336 0.753796325810339507 0.76584728531536183649 0.7768386350850562394 0.77994660622572919983 0.7781425587648392872 0.79074372276506177393 0.8065569203550831956 0.79951117522798387238 0.82397571907165212401 0.87339645567787660418 0.9093275051426314981 nan nan nan nan nan nan nan nan nan nan nan nan nan nan nan nan nan nan nan nan nan nan nan nan nan nan nan nan nan nan nan nan nan nan nan nan nan
0.46662289140079282745 0.48957900945699051043 0.51789483110988410175 0.55097736587239964923 0.580619786151739814 0.61365823444068512416 0.64882388983334782218 0.68523590930147815214 0.73851107566020468553 0.78344205406281020032 0.78117196212510664477 0.78414319270911814197 0.77437218838500088136 0.77571698139503664216 0.78138749546653341049 0.78745090156909214318 0.79391210005260659521 0.79372405725746852934 0.79612054827106382149 0.81837049120692051396 0.82973782073207780208 0.83515689102696499813 0.84115856325324966924 0.88725231297818107912 0.91271199880130904347 nan nan nan nan nan nan nan nan nan nan nan nan nan nan nan nan nan nan nan nan nan nan nan nan nan nan nan nan nan nan nan nan nan nan nan nan nan
0.47261925531052645377 0.49638323387956068133 0.5222765816527330518 0.55683449404231455393 0.58969895508276215512 0.63062854854460581588 0.67096269717190060167 0.70871219729205880977 0.75549190546141875569 0.80861591314956338117 0.80644375582654670431 0.80324453430263276221 0.80274277924160186704 0.80157597908108624285 0.8012638903902299381 0.80586188980454620534 0.80878016560090337794 0.8109123805675395591 0.82407442420408527628 0.86078863037522379553 0.86207862185321337822 0.86875253117496453736 0.86634028531449436272 0.87889336752970947941 nan nan nan nan nan nan nan nan nan nan nan nan nan nan nan nan nan nan nan nan nan nan nan nan nan nan nan nan nan nan nan nan nan nan nan nan nan nan
0.50110293063497857169 0.52069657308867633994 0.54176812151325925981 0.56560461509023152171 0.59819233627451529056 0.63267410231221943295 0.68479252542651158908 0.72706990609779686974 0.76594856942422084867 0.82364129101831551338 0.84757991328349047144 0.82304453851967829259 0.82292895964748713489 0.82045820120267920483 0.81790973210626227718 0.81724322251931169614 0.82175428231218050623 0.82702552912821702957 0.8427872525772853729 0.87995146599019991029 0.89720378238942177784 0.89007076464466694521 0.89290235424596398062 0.91250574503242354307 nan nan nan nan nan nan nan nan nan nan nan nan nan nan nan nan nan nan nan nan nan nan nan nan nan nan nan nan nan nan nan nan nan nan nan nan nan nan
0.53054988816777270966 0.55055404106727978686 0.57232161281178628442 0.59916746318708080654 0.6163570882398503592 0.65183826077598550075 0.70563528405904918372 0.76617682738583103852 0.80433850896673997344 0.84281046036501117147 0.83482624669848426446 0.8348140130097981837 0.83265101063757618327 0.83158985890251957418 0.82980206166954884051 0.83178047985836645051 0.83693488234094626232 0.84125412008754441029 0.8527744817967165547 0.88563210292570659909 0.9554335915167697646 0.94661840030971988735 0.92019523025639804459 0.92668438206272540913 nan nan nan nan nan nan nan nan nan nan nan nan nan nan nan nan nan nan nan nan nan nan nan nan nan nan nan nan nan nan nan nan nan nan nan nan nan nan
0.53677822994250390387 0.56087597765016117268 0.58494788269086350763 0.61421624215217007769 0.63952297764588705853 0.67126906440427502876 0.70493606650692708371 0.76245011793064665362 0.81193474510512986253 0.84987626821578676761 0.85413492916387012688 0.84694562796113792569 0.84050860018338291457 0.84060192969508040761 0.84072125728399960121 0.84732546102326322668 0.85531117963311786845 0.86256250553254631974 0.87438741955700038933 0.88969232649420804115 0.9943860006137101859 1.0519395176439891859 nan nan nan nan nan nan nan nan nan nan nan nan nan nan nan nan nan nan nan nan nan nan nan nan nan nan nan nan nan nan nan nan nan nan nan nan nan nan nan nan
0.52658714254020277945 0.55209868217044066885 0.58092397816068130911 0.62635423540001189391 0.64609864753776868884 0.6866957147748082857 0.72950520811348606998 0.76590219345102572568 0.80052679869959109116 0.84380792101892121426 0.87853889174821953034 0.86257626177124091527 0.85746384405785458505 0.859861945868285793 0.86098714587252689334 0.86736477083008978184 0.89106526133162922143 0.9315155111448011338 0.89911039171435358508 0.9061724018060403063 0.94487708401402514813 nan nan nan nan nan nan nan nan nan nan nan nan nan nan nan nan nan nan nan nan nan nan nan nan nan nan nan nan nan nan nan nan nan nan nan nan nan nan nan nan nan
0.55815180417264420587 0.57684036204509436807 0.58820573052161484462 0.61543541924487343842 0.65570886581346210509 0.68831192230976911972 0.7136119451725615459 0.71913869190152845956 0.76228912683292915364 0.83033409806854707735 0.93517448531510849463 0.92375933202391369292 0.91009242564930137309 0.90312577711283081872 0.92879354671951597222 0.97359357017135117474 1.0268825333367259667 0.99511299467940028673 0.91901614056772085171 0.933190726932621617 nan nan nan nan nan nan nan nan nan nan nan nan nan nan nan nan nan nan nan nan nan nan nan nan nan nan nan nan nan nan nan nan nan nan nan nan nan nan nan nan nan nan
0.55277779298372731187 0.59051915330363147216 0.62966308791573866177 0.66070791576116172372 0.68591671639789453252 0.70197593333921470826 0.72886316578814513978 0.75271274908495422462 0.78880334420418163344 0.83773443615865450518 0.92317811807218153053 0.98361326711480601137 0.99138316443790341914 1.0022444884976842161 0.99827801220433887153 nan nan nan 0.9690104442038223187 nan nan nan nan nan nan nan nan nan nan nan nan nan nan nan nan nan nan nan nan nan nan nan nan nan nan nan nan nan nan nan nan nan nan nan nan nan nan nan nan nan nan nan
0.57136252326799219503 0.58675135595878413763 0.63826879812172432338 0.68062027046017092857 0.69484977807709091824 0.7099091159079776725 0.74066079554894215242 0.77460352501247642376 0.81734556355982757037 0.85514166964213578215 0.96288281675096976109 1.0611554883808802519 nan nan nan nan nan nan nan nan nan nan nan nan nan nan nan nan nan nan nan nan nan nan nan nan nan nan nan nan nan nan nan nan nan nan nan nan nan nan nan nan nan nan nan nan nan nan nan nan nan nan
0.60172341952903951601 0.60485826655960628351 0.62786368302717343592 0.66384562720434348027 0.70476590541206507456 0.72978443565238670931 0.75353758481160637572 0.79510487979332689079 0.84235689911422573228 0.87554798568421565719 0.92946746588304052228 nan nan nan nan nan nan nan nan nan nan nan nan nan nan nan nan nan nan nan nan nan nan nan nan nan nan nan nan nan nan nan nan nan nan nan nan nan nan nan nan nan nan nan nan nan nan nan nan nan nan nan
