results/rofental/snowdepth_month_2020-02-01T0000_2020-02-29T2300.asc
ncols        322
nrows        225
xllcorner    622802.488000000012
yllcorner    5178049.378999999724
cellsize     100.000000000000
[rows 168 to 195 of 225, columns 63 to 125 of 322]
nan nan nan nan nan nan nan nan nan nan nan nan nan nan nan nan nan nan nan nan nan nan nan nan nan nan nan nan 1.7926984144668436372 1.7134032196763586686 1.6691246776712576061 1.6483571454951322366 1.6954166270353192569 1.708065114819443675 1.6527322892279927569 1.4910187131107910385 1.4748271109018604719 1.5058759890268649251 1.5102522651316401259 1.4390324130064175989 1.4050855669086439459 1.4155460922087670372 1.4198857502302195677 1.402693297538589734 1.3661986293613184174 1.360082038864102838 1.3666220603161316482 1.345956512243247305 1.3089400276928488953 1.2940937620805341712 1.2861472067004096065 1.2840945847633864485 1.2884477084387255807 1.2809199428805053689 1.2679591590944550017 1.2599488277957822113 1.2529113811706913406 1.2448230430816382697 1.2540587465308909998 1.2764807457971172333 1.2877508347658594978 1.3568662203204764349 1.4174975058768299885
nan nan nan nan nan nan nan nan nan nan nan nan nan nan nan nan nan nan nan nan nan nan nan nan nan nan nan nan 1.8296808464896303636 1.7238796872195183418 1.5750466231110267223 1.5916057455599417203 1.6239533913885315641 1.6578547555629037369 1.6715447732602120023 1.6209939556501966607 1.507446920549432301 1.468082965679782026 1.4823143382283381353 1.4997408205638953493 1.4709252013907632151 1.4125418148325552536 1.3949913932509989678 1.4129583749229148726 1.3901021536166628945 1.3614626546814039276 1.3445149217868010982 1.3307035345851501162 1.3142668780034743037 1.3083621124074853448 1.3069430994358242071 1.3054795159284289241 1.299442455351297987 1.2895292770404482852 1.2873063428120177232 1.2827042112920121752 1.2916336194478008625 1.3261418506494790925 1.3535942223284997965 1.3590962516883760003 1.3494765094143437167 1.4002736198893941388 1.447425554260153735
nan nan nan nan nan nan nan nan nan nan nan nan nan nan nan nan nan nan nan nan nan nan nan nan nan nan nan 1.5921866604874508333 1.7052607412172733348 1.6111073568156082381 1.5452982461275583947 1.5507631481544392749 1.5900395471223180976 1.6255467740803402066 1.6401065159010437267 1.6331655308811474647 1.579276050479422322 1.5033542142436506772 1.4574685542920520209 1.504165576572398022 1.4969022753024492367 1.4209159973230138796 1.3747518489985270929 1.4038035649278859385 1.4145696719108593609 1.4016014417322992802 1.3722334584621525 1.3532916645541757106 1.3355262097758011652 1.3223726853016588567 1.3137873164203544007 1.3053464472244593608 1.3013959049955468039 1.3044334850831416084 1.3128097729008472161 1.3461454400847006063 1.3805267802943970157 1.3989095760414800296 1.4045448618090308202 1.4087833885086162855 1.4126877527144050539 1.4569862061080518512 1.4995123727819534842
nan nan nan nan nan nan nan nan nan nan nan nan nan nan nan nan nan nan nan nan nan nan nan nan nan nan nan 1.6398809661445084007 1.5930672190285606327 1.625194102098493909 1.6131263120768259967 1.5787202707543013247 1.5808146912440730336 1.6017584812364462632 1.6424309925975686397 1.6559143749737559315 1.6348918503332152685 1.5781670437455594946 1.5340638983901901948 1.5176153488574311012 1.5096856762366022142 1.4375897374682515828 1.4041436414539238964 1.4126419285704105988 1.4359386374905633854 1.4384623162307641486 1.4150618323180936819 1.3941093033961244885 1.3785335381611889538 1.3637374145606067088 1.3526497873663818616 1.3326022049313579476 1.3522237485575050453 1.3923449759315666974 1.41909360581877797 1.4245776371007337069 1.4353675578895088716 1.4369994873904554655 1.4420052282784940889 1.4452590514048198056 1.4674341161211279516 1.4816026182272949985 nan
nan nan nan nan nan nan nan nan nan nan nan nan nan nan nan nan nan nan nan nan nan nan nan nan nan nan nan nan 1.7463138357809326884 1.665828054230042321 1.6666877472443173414 1.6434382536363716376 1.6090018445655740464 1.5800806357823882209 1.6014376022632463847 1.6263836174388239808 1.6308021266031496044 1.6274687366002693611 1.5932474184475422518 1.5456723466407200629 1.5560896944842037559 1.5123736292559404326 1.4567652404256909993 1.4387398889937568214 1.4417128691803406948 1.4324396240196621832 1.3960764211817440206 1.3885954029439764312 1.4028910839357511264 1.4168812876915215515 1.4524367435689351513 1.4667607362260981496 1.477816597847785296 1.4768810214764709343 1.4756485651797244252 1.472919237398148562 1.4811257426382358204 1.4761288527639073731 1.4735016752069336476 1.4698191568262861662 1.5211917625349451466 1.4532727071795170648 nan
nan nan nan nan nan nan nan nan nan nan nan nan nan nan nan nan nan nan nan nan nan nan nan nan nan nan nan nan nan 1.7534269580948411704 1.7035856480041182692 1.6805403248610548683 1.6485696352435554868 1.6173359483801381664 1.5765926644727890071 1.5766668117921678327 1.5821435791887967781 1.5861032223223483495 1.5481929746149976079 1.5070816353583247338 1.5269227530940263637 1.5028185879377453649 1.4871299748854107659 1.4709789969158806322 1.4611260001972956601 1.4447676136310052541 1.4387891094372515788 1.461018058327560043 1.4843212626484587613 1.496094098572972042 1.5150851034459882349 1.5104684968734038986 1.4938491376690596901 1.4988546376757190259 1.5069063233857409312 1.5082711649876574533 1.5105285954119163083 1.504985273256927325 1.5195223092264567022 1.5368079395615541483 1.4684319026328871427 nan nan
nan nan nan nan nan nan nan nan nan nan nan nan nan nan nan nan nan nan nan nan nan nan nan nan nan nan nan nan nan nan 1.7739017665016083569 1.7388209037194934936 1.7035876580032200955 1.6765446400591610399 1.6410177034035315913 1.5810166465350568021 1.5705826122949846368 1.566610442057745578 1.5613199051469490719 1.5725304978659944144 1.5822867907402338172 1.5790926063218544417 1.5697312738904385387 1.5600240761693282554 1.5450266677148658534 1.5437220674517682095 1.5441178991240098739 1.5419014832850628238 1.5354834190248842773 1.5241190693922244126 1.5166277083319081864 1.5168763196647834235 1.5210667693177057913 1.5378628641807994271 1.5457587459090764703 1.554618632206161255 1.560544758380257413 1.5690562660060523026 nan nan nan nan nan
nan nan nan nan nan nan nan nan nan nan nan nan nan nan nan nan nan nan nan nan nan nan nan nan nan nan nan nan nan nan nan nan nan nan nan 1.6183548390454793875 1.6099971868413578413 1.6090226017150992543 1.6204487344388216474 1.6342810055630572208 1.638170286887323357 1.6377077316964996356 1.6410352202461440108 1.6245752966539439566 1.5994161814885470285 1.5795543428480061099 1.554932735167441793 1.5285640544559080389 1.5289788870253107067 1.5178027875643698152 1.5306033054393408666 1.5433926081996203195 1.5713439706894178904 nan nan nan nan nan nan nan nan nan nan
nan nan nan nan nan nan nan nan nan nan nan nan nan nan nan nan nan nan nan nan nan nan nan nan nan nan nan nan nan nan nan nan nan nan nan nan nan nan nan nan nan nan nan nan nan nan 1.5139734356600877963 1.5230650231227051972 1.5352287020407879847 1.5435872423435141876 1.5601935467046870176 1.5854725311061563797 1.5621797059210855707 nan nan nan nan nan nan nan nan nan nan
nan nan nan nan nan nan nan nan nan nan nan nan nan nan nan nan nan nan nan nan nan nan nan nan nan nan nan nan nan nan nan nan nan nan nan nan nan nan nan nan nan nan nan nan nan nan nan 1.5343813625209985485 1.5720064276883563004 1.5557016612710417025 1.5616561834655471319 nan nan nan nan nan nan nan nan nan nan nan nan
nan nan nan nan nan nan nan nan nan nan nan nan nan nan nan nan nan nan nan nan nan nan nan nan nan nan nan nan nan nan nan nan nan nan nan nan nan nan nan nan nan nan nan nan nan nan nan nan nan nan nan nan nan nan nan nan nan nan nan nan nan nan nan
nan nan nan nan nan nan nan nan nan nan nan nan nan nan nan nan nan nan nan nan nan nan nan nan nan nan nan nan nan nan nan nan nan nan nan nan nan nan nan nan nan nan nan nan nan nan nan nan nan nan nan nan nan nan nan nan nan nan nan nan nan nan nan
nan nan nan nan nan nan nan nan nan nan nan nan nan nan nan nan nan nan nan nan nan nan nan nan nan nan nan nan nan nan nan nan nan nan nan nan nan nan nan nan nan nan nan nan nan nan nan nan nan nan nan nan nan nan nan nan nan nan nan nan nan nan nan
nan nan nan nan nan nan nan nan nan nan nan nan nan nan nan nan nan nan nan nan nan nan nan nan nan nan nan nan nan nan nan nan nan nan nan nan nan nan nan nan nan nan nan nan nan nan nan nan nan nan nan nan nan nan nan nan nan nan nan nan nan nan nan
nan nan nan nan nan nan nan nan nan nan nan nan nan nan nan nan nan nan nan nan nan nan nan nan nan nan nan nan nan nan nan nan nan nan nan nan nan nan nan nan nan nan nan nan nan nan nan nan nan nan nan nan nan nan nan nan nan nan nan nan nan nan nan
nan nan nan nan nan nan nan nan nan nan nan nan nan nan nan nan nan nan nan nan nan nan nan nan nan nan nan nan nan nan nan nan nan nan nan nan nan nan nan nan nan nan nan nan nan nan nan nan nan nan nan nan nan nan nan nan nan nan nan nan nan nan nan
nan nan nan nan nan nan nan nan nan nan nan nan nan nan nan nan nan nan nan nan nan nan nan nan nan nan nan nan nan nan nan nan nan nan nan nan nan nan nan nan nan nan nan nan nan nan nan nan nan nan nan nan nan nan nan nan nan nan nan nan nan nan nan
nan nan nan nan nan nan nan nan nan nan nan nan nan nan nan nan nan nan nan nan nan nan nan nan nan nan nan nan nan nan nan nan nan nan nan nan nan nan nan nan nan nan nan nan nan nan nan nan nan nan nan nan nan nan nan nan nan nan nan nan nan nan nan
nan nan nan nan nan nan nan nan nan nan nan nan nan nan nan nan nan nan nan nan nan nan nan nan nan nan nan nan nan nan nan nan nan nan nan nan nan nan nan nan nan nan nan nan nan nan nan nan nan nan nan nan nan nan nan nan nan nan nan nan nan nan nan
nan nan nan nan nan nan nan nan nan nan nan nan nan nan nan nan nan nan nan nan nan nan nan nan nan nan nan nan nan nan nan nan nan nan nan nan nan nan nan nan nan nan nan nan nan nan nan nan nan nan nan nan nan nan nan nan nan nan nan nan nan nan nan
nan nan nan nan nan nan nan nan nan nan nan nan nan nan nan nan nan nan nan nan nan nan nan nan nan nan nan nan nan nan nan nan nan nan nan nan nan nan nan nan nan nan nan nan nan nan nan nan nan nan nan nan nan nan nan nan nan nan nan nan nan nan nan
nan nan nan nan nan nan nan nan nan nan nan nan nan nan nan nan nan nan nan nan nan nan nan nan nan nan nan nan nan nan nan nan nan nan nan nan nan nan nan nan nan nan nan nan nan nan nan nan nan nan nan nan nan nan nan nan nan nan nan nan nan nan nan
nan nan nan nan nan nan nan nan nan nan nan nan nan nan nan nan nan nan nan nan nan nan nan nan nan nan nan nan nan nan nan nan nan nan nan nan nan nan nan nan nan nan nan nan nan nan nan nan nan nan nan nan nan nan nan nan nan nan nan nan nan nan nan
nan nan nan nan nan nan nan nan nan nan nan nan nan nan nan nan nan nan nan nan nan nan nan nan nan nan nan nan nan nan nan nan nan nan nan nan nan nan nan nan nan nan nan nan nan nan nan nan nan nan nan nan nan nan nan nan nan nan nan nan nan nan nan
nan nan nan nan nan nan nan nan nan nan nan nan nan nan nan nan nan nan nan nan nan nan nan nan nan nan nan nan nan nan nan nan nan nan nan nan nan nan nan nan nan nan nan nan nan nan nan nan nan nan nan nan nan nan nan nan nan nan nan nan nan nan nan
nan nan nan nan nan nan nan nan nan nan nan nan nan nan nan nan nan nan nan nan nan nan nan nan nan nan nan nan nan nan nan nan nan nan nan nan nan nan nan nan nan nan nan nan nan nan nan nan nan nan nan nan nan nan nan nan nan nan nan nan nan nan nan
nan nan nan nan nan nan nan nan nan nan nan nan nan nan nan nan nan nan nan nan nan nan nan nan nan nan nan nan nan nan nan nan nan nan nan nan nan nan nan nan nan nan nan nan nan nan nan nan nan nan nan nan nan nan nan nan nan nan nan nan nan nan nan
nan nan nan nan nan nan nan nan nan nan nan nan nan nan nan nan nan nan nan nan nan nan nan nan nan nan nan nan nan nan nan nan nan nan nan nan nan nan nan nan nan nan nan nan nan nan nan nan nan nan nan nan nan nan nan nan nan nan nan nan nan nan nan
