results/rofental/snowmelt_month_2020-01-01T0000_2020-01-31T2300.asc
ncols        322
nrows        225
xllcorner    622802.488000000012
yllcorner    5178049.378999999724
cellsize     100.000000000000
[rows 132 to 164 of 225, columns 75 to 149 of 322]
nan nan nan nan nan nan nan nan nan nan nan nan nan nan nan nan nan nan nan nan nan nan nan nan nan nan nan nan nan nan nan nan nan nan nan nan nan nan nan nan nan nan nan nan nan nan 0 0 nan 0 1.2996063564411290958 0 0 0 0.049363113415787127081 0.29566077969570359052 2.3873469159147417962 5.6202177161620685553 5.6524429386623946669 4.6152077027997568948 4.9767821205180364785 5.7853464281543436343 3.774900104270359158 2.5227340695359248279 3.65583926246235702 4.8156928117185548999 3.1313413650949333267 2.7171362568262393822 3.398193478140429491 3.4228732627539693034 2.6846850449482171364 3.0312715547088648904 5.7288772428630014844 25.2606810075540551 30.431347939216784937
nan nan nan nan nan nan nan nan nan nan nan nan nan nan nan nan nan nan nan nan nan nan nan nan nan nan nan nan nan nan nan nan nan nan nan nan nan nan nan nan nan nan nan nan nan 0 0 0 0.025258751883034866875 3.889875425374262452 7.0848969000265880069 2.2880458952177580301 0.38415667610465675796 0.030773709220246449336 0.71542062342541412612 1.0876057050211414001 2.7773836511792131532 3.7245059748334283789 4.6354316990588655401 4.8011151842570205517 3.3694502758423454658 2.1309509975118499092 2.1965961038330710231 2.6002190013890880138 2.6226752303918727804 3.7861453966214986266 5.2973739972746098914 5.3166613337769428327 5.1719730456885697478 5.6454346278810367821 6.8794418174302105484 19.654551346435308545 19.851852452858377518 24.643471779744395178 28.112067530083987066
nan nan nan nan nan nan nan nan nan nan nan nan nan nan nan nan nan nan nan nan nan nan nan nan nan nan nan nan nan nan nan nan nan nan nan nan nan nan nan nan nan nan nan nan 0 0 0.60182319389126148756 5.3189386887109764146 5.1411806447267753839 8.8523564749857719391 10.674980664780251871 5.7606161107952074119 5.4267268818254246199 3.4564801527753155064 5.1709441774703321926 3.6053259862594440044 3.4383246690433098003 2.9641491410592930578 2.0896203500093037952 1.8694239293152303816 2.2688666244615034451 1.9233054656730981247 1.0420125296546420834 1.094664912657062672 2.0219700913812697074 3.1590087145502754318 2.1987889272033109833 1.9824656920230026014 9.4589780576464281836 20.979211624282793736 30.367263776020593014 31.683429772555516735 32.302221482288942411 38.169016649932125063 32.899811296714752018
nan nan nan nan nan nan nan nan nan nan nan nan nan nan nan nan nan nan nan nan nan nan nan nan nan nan nan nan nan nan nan nan nan nan nan nan nan nan nan nan nan nan nan 0 0 0.96596395537626489336 4.037110996375267824 4.2281610570216932032 2.7686887564930575678 2.9648480337246563288 5.4145923314632913304 6.0382055626495265699 5.13168881095449958 3.0121463006301092413 0.94056964001169940381 0.27132825632794543846 0 0.0096437110052784696251 0.43132372057321777259 0.82173945760740796374 0.94525610606809062908 1.284657794863555802 1.746163865618307165 1.8460710896835128558 1.7624496203863571075 2.3376243857630889522 9.7498916494247325204 15.761640707225218705 19.457587761914851399 23.514986502078254915 31.973929678168900637 33.10722724779905235 28.007901596632887475 26.396209629822859455 17.248925282449519614
nan nan nan nan nan nan nan nan nan nan nan nan nan nan nan nan nan nan nan nan nan nan nan nan nan nan nan nan nan nan nan nan nan nan nan nan nan nan nan nan nan nan 0.23408660107120521365 2.2091520097493675401 0.50358045237644899483 0.46383111729100540144 0 0 0 0 0 0 0.0067018681047527383157 0.068126936236881624476 0 0 0 0 0 0.032702139936159869971 0.30475096936122486602 0.69948869251762813004 1.1852358058659391293 1.7726616172608531397 5.9085737877913491189 12.168321963215445791 19.241359385683026062 20.657421439488377501 27.764502573362619842 25.084072306820832665 27.584373916777796154 25.017387211506914468 13.93328625087125161 6.8809438373340023887 1.5686831522126780669
nan nan nan nan nan nan nan nan nan nan nan nan nan nan nan nan nan nan nan nan nan nan nan nan nan nan nan nan nan nan nan nan nan nan nan nan nan nan nan nan nan nan 0.1164566093384766382 0.81854362861755947112 0 0 0 0 0 0 0 0.21218340454494721836 0.32429841028816430715 0.34059299924767216794 0.34731492076735248631 0.27223629085155998109 0 0 0 0.35795467670970237961 0.4723474781125850952 0.61334731553618293542 1.1254871385729188216 8.1401418305257031705 15.42995259416306375 14.947150674423896888 21.597186815619991762 24.724906590718433108 25.836900161942697451 20.38490826997845673 13.354399448615128065 10.540090699380153083 4.7633615489635410256 1.4209207956759497549 0.82303862672814354084
nan nan nan nan nan nan nan nan nan nan nan nan nan nan nan nan nan nan nan nan nan nan nan nan nan nan nan nan nan nan nan nan nan nan nan nan nan nan nan nan nan 0 0.19764331379907496 0.3808093273578377902 0 0 0 0 0 0 0 0.20693457666089060121 0.52057611932976421976 0.43409462982458146829 0.30839914121979705719 0.45774005001009854254 0.6384018342062484086 0.27981562305257245971 0.29211544878393858049 0.67296960914674186505 0.87028974351568766377 6.4826937672460260842 9.4913020500840925564 8.520200065517178345 10.45327073105980098 13.777884493965988355 15.791287186599397785 19.604829320419209893 15.494623384297044666 10.772051986371408816 6.1066044920269551 3.20962703721082665 0.82157444973936999411 0.76394797626778243593 0.73771583958925024405
nan nan nan nan nan nan nan nan nan nan nan nan nan nan nan nan nan nan nan nan nan nan nan nan nan nan nan nan nan nan nan nan nan nan nan nan nan nan nan nan 0 0 0 0 0 0.3648382145540858823 0.36318710624917882601 0.13362341090627366524 0.44986688128698293365 0 0 0 0 0.0010915773428100852653 0.33743476484312096009 0.79621318065322255197 2.5465166227083058104 4.3344966739350425655 1.6617803091347065347 8.7000587302809986312 11.11069955046696478 14.344544238593400109 13.29656965002387814 12.259444968745695448 10.906407983176865883 9.6226058493950468176 7.856923730479818957 9.1118868932800438643 10.022187965254591546 6.8592371527797082464 1.0446253991594214305 0.68986418406786220725 0.6873842677602691742 0.60060635268886064519 0.47078963396517925499
nan nan nan nan nan nan nan nan nan nan nan nan nan nan nan nan nan nan nan nan nan nan nan nan nan nan nan nan nan nan nan nan nan nan nan nan nan nan nan 0 0 0 0 0 0.10937643652566866881 0.37838118070652937419 0.26793177783935767655 0.20572459804355053281 0.51451888583766414165 2.2406694924225782906 2.5396082776831079286 0.34124013330599295424 0 0.01712285686343437488 0.59716150192074313185 0.75263990204793573824 3.5920488768295086857 9.7969022287414144756 10.21586749902679081 10.955220876572795419 13.532731495002325417 14.89537614117269726 17.621712186590194449 17.755349332518871819 17.574804868821775727 13.920618294797668213 8.8943923963359186047 4.2302794654918907113 1.8958940633202696624 0.56497736730429048979 0.50223014086183215277 0.50794685647962944941 0.40442149572010227532 0.18296092975352271082 0.079433705873818830079
nan nan nan nan nan nan nan nan nan nan nan nan nan nan nan nan nan nan nan nan nan nan nan nan nan nan nan nan nan nan nan nan nan nan nan nan nan nan 0 0 0 0 0 0 0 0 0 0 0 0.029973989864831601659 0.33985927914198632571 0.98170626018594564499 1.4089323871617329687 0.44739369434657344504 0.13401865131087759009 2.5525926040071804657 5.563705496673176043 8.177810330362099478 13.922778055412386777 8.4526152023377569833 13.050536459448483839 18.58793041734663376 21.559400023641249078 19.401330837981163313 17.95721283500380494 9.8888265596078124275 2.9782829902465457472 0.34660888344555490503 0.43511670766603605109 0.36288211106586854005 0.33901491547001005866 0.23688629183727472061 0.10191819942773241991 0.031942432405411315399 0.0019744773868450378636
nan nan nan nan nan nan nan nan nan nan nan nan nan nan nan nan nan nan nan nan nan nan nan nan nan nan nan nan nan nan nan nan nan nan nan nan nan 0.073080043956645954206 4.1179094858947591362 4.8977942120909894186 2.7913265557852851018 0 0 0 0 0.094649696328406696111 0.37125386828246104143 0.58259229689362690419 0.45615957326063261146 0.42206936375816428431 1.2296748420198888585 2.2396158216472366043 7.6725073847032279062 9.800170424254856627 6.7455942923372651521 7.1489823286457419016 9.6030153901327111043 7.1218319828315976849 9.8114063684285373057 16.680242767083338862 15.309558351725085501 11.732473128801945705 8.480697235370957543 3.1640104276330980326 0.35317852377988628865 0.37325698508416388366 0.19294769064017902593 0.22894422981803919104 0.22635085421676004458 0.20237619164960296558 0.10762365824047660789 0.045393425990519237212 0.0075537941248530904997 0 0
nan nan nan nan nan nan nan nan nan nan nan nan nan nan nan nan nan nan nan nan nan nan nan nan nan nan nan nan nan nan nan nan nan nan nan nan 0.57074389127671798505 1.79743967546781791 5.7373101407608473323 7.1088846548943163128 9.3285134729219922889 5.9041553465494640562 0 0 0 0.2205342994988248595 0.41266071071667903558 0.48786015219906686546 0.91598185362036710355 1.4642926411927776886 6.8271178866363309012 11.481174028382229224 10.975473047869792609 9.2550032789177514303 6.646577521092210894 8.5046572744353774453 10.449646069762522416 14.647802000600336214 13.948183044506558659 13.411175730839961062 11.28175200989883642 5.6317863107544656742 1.5216586941634746566 0.16575360622348819795 0.074164431084659712679 0.1114761010613195269 0.12315525762790117958 0.12867255176442049525 0.11513475209309516345 0.064689595697189558599 0.01993668020407064756 0 0 0 0
nan nan nan nan nan nan nan nan nan nan nan nan nan nan nan nan nan nan nan nan nan nan nan nan nan nan nan nan nan nan nan nan nan 0 0 2.9045723195561130581 2.5604197339813241641 1.3148668832496792636 2.0722753832451576983 3.2796172995877075351 5.8467829781424400792 11.060104382620048469 7.5133783680184302867 0.025180027697170186823 0 0 0 0 0 0 0 1.7600199671523941714 4.8861040890611917575 9.29738467843454508 12.123769691094929968 13.515322893185745201 13.739106287844325749 15.750414608314097009 14.02572407953689293 9.8704577407777964737 4.4609740354223292869 0.66141232355664736353 0.14884674641212033985 0.16120329098987795646 0.072304698164539729643 0.075507012603200307499 0.073920549285739822754 0.061991484557644763176 0.030652985897827635803 0 0 0 0 0 0
nan nan nan nan nan nan nan nan nan nan nan nan nan nan nan nan nan nan nan nan nan nan nan nan nan nan nan nan nan nan nan nan 1.703116333615606548 2.5049336286251211448 1.2675118709120765104 4.0020445254099357157 4.154887499034383147 0.34259036341903387202 0 0.20646468652062119342 1.916575562359581042 6.8505467248058335983 13.38849177803037982 10.555640557834447435 1.857568016793729182 0 0 0 0 0 0 0.088267529014058293546 1.7201241030321492431 5.1214928974806719353 10.391225527335832268 17.606658618008172112 22.235702637539574766 14.422076873517402973 4.3582059440031244435 0.61831480381725290041 0.065849209424365784393 0.10768647269299574942 0.14829757313190569668 0.048020482883758833226 0.055977216794085564444 0.049441904318825967424 0.04065854931108995457 0.0049905666691629881407 0 0 0 0 0 0 0
nan nan nan nan nan nan nan nan nan nan nan nan nan nan nan nan nan nan nan nan nan nan nan nan nan nan nan nan nan nan nan nan 2.975251636928644583 4.3535333238320363947 3.0944681411371384172 1.7401436207660214706 4.5270276662527839662 5.0975665438687931541 3.5901897632387758108 1.1103489730916402678 0.87598522654233013096 1.3759047161349804433 4.695869236555545001 27.965481569568872544 30.248363024371727192 22.334632930582490218 17.088119060064876464 10.865623487041165873 2.929714520247041154 0.39430440144207984376 0.021834649747857471508 0 0.14534439136281090965 1.3985592048580128832 4.8931380847261340961 9.4572137974271903715 5.0859159601697490061 0.88229546601571107178 0.241739931293892929 0.19391157908365119766 0.027417325018750028642 0.069386834884343981389 0.025672507626807925668 0.023933579811790391817 0.024998979117995614313 0.011044440548919162715 0 0 0 0 0 0 0 0 0
nan nan nan nan nan nan nan nan nan nan nan nan nan nan nan nan nan nan nan nan nan nan nan nan nan nan nan nan nan nan nan nan 0 0 0.86281749703833710008 0.661295184847527584 0.16382540850162144452 0.038679733586209331941 0.10655797167616748444 0.028560781256923569588 0 0.0025696539948689739626 0.83099681117492307791 4.3950255085024982904 15.089206397616989008 22.567415947719329239 23.696019639720375949 17.877608345512634003 18.716852130402589438 10.899087971367032779 15.442678283332551104 14.427727490128148702 13.153154950135393264 11.820118296929292612 5.4756531272280781764 0.31118522716134322526 0.027258975037824314386 0.11439559463089811475 0.15716908446463342952 0.01013864195814738467 0.044608333957472379172 0.0046524321269975476428 0.015445427273870635659 0.0026651642358436074785 0 0 0 0 0 0 0 0 0 0 0
nan nan nan nan nan nan nan nan nan nan nan nan nan nan nan nan nan nan nan nan nan nan nan nan nan nan nan nan nan nan nan 0 0 0 0 0 0 0 0 0 0 0 0 0 0 1.1351903587682612429 8.5259338378942839398 17.951236196385195854 30.937939209301585919 27.148937014484214814 21.160458118259640514 18.737303858079613406 16.13646906915177226 6.3673755856882463533 0.41676424686256058338 0.015752219576308134491 0.024653954390247888318 0.084076764902680387048 0.0049432832986549962717 0.054293596792041903809 0 0 0 0 0 0 0 0 0 0 0 0 0 0 0
nan nan nan nan nan nan nan nan nan nan nan nan nan nan nan nan nan nan nan nan nan nan nan nan nan nan nan nan nan nan nan 0 0 0 0 0 0 0 0 0 0 0.028522494753580117377 0 0 0.048030994187079852076 0.061155456036106267681 0.1431043276000245057 0.77463554616784202622 2.6566599493594464931 11.21036282385585281 16.259041265062151638 11.415004275144756463 2.1108265271065707047 0.18802517462941797932 0.031089243526281427205 0.086035813810692612913 0.1586456718915484343 0.030920110656960281964 0.057221990825610198617 0 0 0 0 0 0 0 0 0 0 0 0 0 0 0 0
nan nan nan nan nan nan nan nan nan nan nan nan nan nan nan nan nan nan nan nan nan nan nan nan nan nan nan nan nan nan 0 0 0 0 0 0 0 0 0 0 0 0 0 0.035028335334719433447 1.8260690381784996372 5.573254730046098615 11.457434785742368177 13.775430328914445965 8.8515774657289671978 3.5990498735642395545 1.1345949924639464612 0.23783386557616867374 0.015346304496698956119 0.017479804550531191643 0.042639557242203772469 0.069994869644381160767 0 0.069961867053702928021 0.041504150850388818461 0 0 0 0 0 0 0 0 0 0 0 0 0 0 0 0
nan nan nan nan nan nan nan nan nan nan nan nan nan nan nan nan nan nan nan nan nan nan nan nan nan nan nan nan nan 0 0 0 0 0 0 0 0 0 0 0 0 0 0 0 0.093757759698745571364 0.10802392729972330743 1.2357568123476232458 3.1179235685829120861 3.6318817021500633402 5.6545074057484567831 1.6313908575799689338 0.62929710503164792978 0.68797521916320514279 0.71260912886294835999 0.75763038589246378685 0.092696369224104319118 0.053843271201090794897 0.035312361501776877437 0 0 0 0 0 0 0 0 0 0 0 0 0 0 0 0 0
nan nan nan nan nan nan nan nan nan nan nan nan nan nan nan nan nan nan nan nan nan nan nan nan nan nan nan nan nan nan 0 0 0 0 0 0 0 0 0 0 0 0 0 0 0 0 0.10967134753349237763 0.66456754362244985224 4.7785750716621384626 1.3148414234444221194 0.87128958471961082122 0.68815849683998020492 0.66179078921364553612 0.73969122048675639558 1.0015590358510138014 0.82212481738636755679 0.34847741066040660574 0 0 0 0 0 0 0 0 0 0 0 0 0 0 0 0 0 0
nan nan nan nan nan nan nan nan nan nan nan nan nan nan nan nan nan nan nan nan nan nan nan nan nan nan nan nan nan 0 0 0 0 0 0 0 0 0 0 0 0 0 0 0 0 0 0.24346513572991546059 1.4276046263943380499 1.0506258610892271754 0.71853191304776609094 0.77791185037874044372 0.77605325905688393728 0.60005972197864010376 0.82154302212431429275 1.3651311750708425841 0 0 0 0 0 0 0 0 0 0 0 0 0 0 0 0 0 0 0 0.10082773303510064733
nan nan nan nan nan nan nan nan nan nan nan nan nan nan nan nan nan nan nan nan nan nan nan nan nan nan nan nan nan 0 0 0 0 0 0 0 0 0 0.62151190064775618804 8.0704676068029073122 3.4117651353504756528 1.9218136256601252576 1.2336577556696846081 0.35624357732428180157 0.38990155634188072842 1.326717615672858841 1.7303141652289293351 2.5418660777294190822 0.84192440488396036447 0.90597143967971416334 0.82453048491651481644 0.53968363459569324014 0.61333011438507689661 0.84360222401439100004 0.10642377436833067028 0 0 0 0 0 0 0 0 0 0 0 0 0 0 0 0 0 0 0 0
nan nan nan nan nan nan nan nan nan nan nan nan nan nan nan nan nan nan nan nan nan nan nan nan nan nan nan nan nan 0 0 0 0 0 0 0 0 0.89692303648003979255 8.6840551345221257407 11.643222157536891714 7.5964712156757396855 2.0782255152775359619 1.9485457808923625223 2.6717836473564440247 1.9872796209693117664 1.8166870026614976297 3.6004073294372460623 1.4608066898821394641 1.0136126338619197984 0.97541871209167818613 0.86409012078963809422 0.84039493179688284918 0.6827892151930480269 0.19758003916699590219 0 0 0 0 0 0 0 0 0 0 0 0 0 0 0 1.0372134830659940352 1.2058523857737886154 0 0 0 0
nan nan nan nan nan nan nan nan nan nan nan nan nan nan nan nan nan nan nan nan nan nan nan nan nan nan nan nan nan 0 0 0 0 0 0 1.5751608001698831352 1.4531940381775607651 4.1001754657686717565 5.91827830232380947 11.659507801667157167 16.99972524044923361 10.471739991847119455 3.2052014275648845754 0.31488449311440452894 0.16237013109107362174 2.8417101597977110217 2.6901514994412436543 1.011929142050545849 0.87176448853830912356 0.77762421371989443042 0.92938856879093001417 0.91406726269122084982 0.43221031810436816301 0 0 0 0 0 0 0 0 0 0 0 0 0 0 0 0 0 0 0 0 0 0
nan nan nan nan nan nan nan nan nan nan nan nan nan nan nan nan nan nan nan nan nan nan nan nan nan nan nan nan 0 0 0 0.055143110403680861697 0.46416887663818795495 1.5051048424277966298 0.85015030659721968487 0 0.64135115271647147317 0.49133309620526410821 1.0300682169289168133 2.4987757897917126648 7.2826018805606445028 7.9619529106306634603 6.4724840379960131287 3.9532636366763189706 6.2714721864003193375 3.0941921006365924463 1.4003557886268305221 0.75844673928935302243 0.78033321393551324796 0.74187188860442931926 0.97147127201796812379 1.1319884469175098829 0.40488458123259102317 0 0 0 0 0 0 0 0 0 0 0 0 0 0 0 0 0 0 0 0 0 0
nan nan nan nan nan nan nan nan nan nan nan nan nan nan nan nan nan nan nan nan nan nan nan nan nan nan nan 0.25373257103725849193 0.6220045322174454494 0.18385164166444159517 0 0 0 0 0 0.22252645054352154785 0 0 0 0 0.99419474039376010133 2.6024748507810722131 3.4338181806190415379 7.4795206218896090888 7.3404104973549149094 3.8098797063099021365 0.49496917307650001305 0.50765357703617608465 0.56521809494181896039 0.7541987660540627747 0.96018935526442228401 0.79511680378368887467 0.0089102990839403962975 0 0 0 0 0 0 0 0.039074852510780459791 1.7858639617773586217 0 0 0 0 0 0 0 0 0 0.06161706556051124023 0.81078901604123854163 1.1273494797877861018 1.413321390378232012
nan nan nan nan nan nan nan nan nan nan nan nan nan nan nan nan nan nan nan nan nan nan nan nan nan 0 0.42125343969501805041 2.0839742111379426781 1.6433652168908401414 0.71178090172126684543 0 0 0 0 0 0.26276557533143901635 0 0 0 0 0 0.13029798794751906721 4.2962679438150859212 7.2055807299997427506 3.8929165844785762474 0.90883158375522676842 0.52716638874380383761 0.46765975882188748347 0.53429633080194938177 0.73818610132957618308 0.75104749167679651922 0.001861127535698052721 0 0 0 0 0 0 0 0 0 0 0.055228408515741241047 0 0 0 0 0 0 0 0 0 0 0.10338577595974429713 0.98422401829951133845
nan nan nan nan nan nan nan nan nan nan nan nan nan nan nan nan nan nan nan nan nan nan nan nan 0 0.090969703188411951689 1.452931942368989926 1.7507297538822335081 1.9395259389622685475 1.2984223430938750532 0.60539962689719040156 0.0063464713443332904097 0 0 0 0 0.15955100955646686622 0 0 0 0 2.3805466411713593899 3.2636910565629002612 1.3756718749803988899 0.96716955129141812808 0.73132816260852073764 0.58931762905626361437 0.38290603460259597934 0.39613717683849858364 0.46019934662590816776 0.12018718630468844255 0 0 0 0 0 0 0 0 0 0 0 0 0 0 0.4444625931968362309 0 0 0 0 0 0.0082950288550765298445 0 0 0
nan nan nan nan nan nan nan nan nan nan nan nan nan nan nan nan nan nan nan nan nan nan 0 0.48172594338065044539 1.9849764098853195371 1.4470984713995413973 1.2270401043429897125 1.1619515162975364575 1.5688706199364805816 1.4156428980177404586 0.9386332614625120252 0.48103692856266022648 1.2643877592391685738 2.7424660706190095993 0 0 0 0 0 0 0 0 0.056548778459168683175 0.79629973013613430943 1.4055202984471166783 0.36490277626893041774 0.22906845309670037514 0.15441971817296915037 0.26567117141311036299 0.076718115452052204617 0 0 0.030802583787980383767 0.45752422524949787341 0 0 0 0 0 0 0 0 0 0 3.5699253432554773902 4.2038259058048685901 1.9629497511724163239 1.2813729706365972749 2.3700203087053974826 0 0 0 0 0 0.31990622733618412354
nan nan nan nan nan nan nan nan nan nan nan nan nan nan nan nan nan nan nan nan 0 0 0 0.036975706403016450619 0.20080858238121435111 0.85952200957563285044 1.1660286096457401772 0.96200190225350135087 0.96455965650413499901 1.3475550480814773024 1.4523680682561184163 6.8527460426508017832 6.3646860476213582558 12.881293088260228785 16.615460314349245863 3.3923311333188728156 0 0 0 0 0 0 0 0 0 0 0 0.0049112046292776661768 0.078752607306840916035 0.047144978046696796314 0 0.0013316752319184133393 0.046910941189959573516 0.60461151698701809387 1.2639882453062316614 0.2164049219861552964 0 0 0 0 0 0 0 0 0.29028034692189685906 0.96459904433741061602 3.4651517909376279292 2.5076656135218167165 1.8325573654733964268 1.9417568934769586786 1.3074543931767266258 0 0 0 0
nan nan nan nan nan nan nan nan nan nan nan nan nan nan 0 0 0 0 0 0 0 0 0 0 0 0.76397190054121810743 1.2729828446631894501 1.1864410658669064524 4.5470544199836719912 2.8255608766052939806 3.4826296635418536596 4.5782795044390871553 6.9796171567243074918 7.7409455444400778745 15.475411924550042997 20.287060597192226652 11.27939398412840255 3.9440561280970474201 4.7844367756634236244 3.3948560727106418256 2.2212349687769439299 2.7472968325003028767 0.94902615743136808923 0.087510430074445658133 0 0 0.037559959406718634867 0 0 0 0 0 0 0 0 0 0 0 0 0 0 0 0 0 0 0.90119663079286127516 4.1382457719617073977 2.9729305290222640679 0.51419372209460822987 0.46688540678027334874 1.5762071526687981837 1.8721856192404526809 0.82289722280718735625 0.42350145985301146379 0
nan nan nan nan nan nan nan nan nan nan nan nan nan nan 0 0 0 0 0 0 0 0 0 0 0 0 0 1.3439598310498732658 4.2297811551105031214 5.1736131205582021053 3.7868992893603934391 2.5044889995052259657 3.0939729893269163341 3.2020704261264438806 3.74990525634092009 9.8327607441547186795 11.236292267728158478 3.5816551502216444902 2.5490580245724241415 4.0387603230305222368 9.5878000329492110154 8.6938887750476432359 3.3985882802036520012 0.5847095964862691897 0.1596190042629794803 0.28422972065056861801 0.1257742976711170857 0.1292532815197408036 0.10703986735329888702 0 0 0 0 0 0 0 0 0 0 0 0 0 0 0 0 0 0.18212118729494738978 0.11255465118132895741 1.0678896104266717426 0.63843861666413981304 0.72841806693919608495 1.0663078669888783612 1.6841291514159690834 1.5214026230777779602 1.2451950836363665509
