results/rofental/snowdepth_dates_2020-04-11T1200.asc
ncols        322
nrows        225
xllcorner    622802.488000000012
yllcorner    5178049.378999999724
cellsize     100.000000000000
[rows 140 to 167 of 225, columns 62 to 123 of 322]
nan nan nan nan nan nan nan nan nan nan nan nan nan nan nan nan nan nan nan nan nan nan nan nan nan nan nan nan nan nan nan nan nan nan nan nan nan nan nan nan nan nan nan nan nan nan nan nan nan nan nan nan 1.544059301829757036 1.4845157221935112446 1.3519898532092162746 1.2559444769285086352 1.1825803939994796732 1.1428567300644905114 1.0905363563093888324 1.0856589488839722968 1.0993589641124834611 1.0715074883440618425
nan nan nan nan nan nan nan nan nan nan nan nan nan nan nan nan nan nan nan nan nan nan nan nan nan nan nan nan nan nan nan nan nan nan nan nan nan nan nan nan nan nan nan nan nan nan nan nan nan nan nan 1.4783535935631655356 1.3757003997786467764 1.3970488894637655974 1.2988087492681450463 1.2011633050312751081 1.2263973776717913555 1.2050247534803006921 1.1808349896940728563 1.1684177538115583239 1.1669859132838347193 1.164589048211575717
nan nan nan nan nan nan nan nan nan nan nan nan nan nan nan nan nan nan nan nan nan nan nan nan nan nan nan nan nan nan nan nan nan nan nan nan nan nan nan nan nan nan nan nan nan nan nan nan nan nan 1.2897250217046565268 1.083837634975224784 1.051825071873637274 1.0417734639780378281 1.2960477142097410752 1.3189594695664830226 1.2236475500677366224 1.156020664060273262 1.0957864259302010357 1.0672533784885309682 1.049996876783380273 1.0567347867670688899
nan nan nan nan nan nan nan nan nan nan nan nan nan nan nan nan nan nan nan nan nan nan nan nan nan nan nan nan nan nan nan nan nan nan nan nan nan nan nan nan nan nan nan nan nan nan nan nan nan 1.1928520015959316325 1.1635049698909258886 0.995694354641477819 0.93649549153072375596 0.8806788225886454935 0.89764766405435780783 1.241723696552178513 1.3736875796915541947 1.1859325362576718099 1.0811937557044770664 1.049018251133009727 1.0389460974209647759 1.0115398072761898618
nan nan nan nan nan nan nan nan nan nan nan nan nan nan nan nan nan nan nan nan nan nan nan nan nan nan nan nan nan nan nan nan nan nan nan nan nan nan nan nan nan nan nan nan nan nan 1.4571845426802700896 1.2723245887356655626 1.0596319026090008641 1.0828077398140241172 1.114501831406534027 1.0247127952737300483 0.94927860306582489969 0.88457088233648972775 0.80606847047916985183 0.86909496408461850425 1.1315057190312136637 1.2756456988162678812 1.2427689453230150729 1.1583760376713745366 1.1265073188449303832 1.1361961933753028653
nan nan nan nan nan nan nan nan nan nan nan nan nan nan nan nan nan nan nan nan nan nan nan nan nan nan nan nan nan nan nan nan nan nan nan nan nan nan nan nan nan nan nan nan nan 1.0467026103315073549 1.0489744194596291038 1.1251949822400866275 0.98696855636746194662 0.95659999000888729093 1.0943969665695179039 1.1314959494584908573 1.0606218982347681568 0.94664903768767472148 0.8211980591720380307 0.76308193635336518668 0.78778281728120036487 0.97631366140236319762 1.1666524722401327985 1.2634090466273406594 1.2821523351858943318 1.2491198464092709841
nan nan nan nan nan nan nan nan nan nan nan nan nan nan nan nan nan nan nan nan nan nan nan nan nan nan nan nan nan nan nan nan nan nan nan nan nan nan nan nan nan nan nan nan nan 0.98705816503226018188 0.9797743836980716825 0.98941395692654743321 1.0323123135509812975 0.91473589297276836074 0.90879867053399432386 0.92153023740573947187 1.0027346491318074317 0.97425353682104287589 0.93757843831097020804 0.83226447883047316445 0.71529724587583398687 0.73108883006215019673 0.79866491960862795452 0.83600684400785596484 0.89247579480482253089 0.99588889250151158006
nan nan nan nan nan nan nan nan nan nan nan nan nan nan nan nan nan nan nan nan nan nan nan nan nan nan nan nan nan nan nan nan nan nan nan nan nan nan nan nan nan nan nan nan nan 1.1797709668431577423 1.1023988888028102284 1.032096214815160673 1.034284248679423035 1.0377627881276034749 1.0527166032648520577 1.0348300221392552345 1.0554075888963960761 1.0557320729280579297 1.0461080422200985662 1.0366582055690858333 0.92149404475389151692 0.77941226676679464802 0.71633269870300253501 0.71740612777752255091 0.78491113611606044831 0.77023854626779231225
nan nan nan nan nan nan nan nan nan nan nan nan nan nan nan nan nan nan nan nan nan nan nan nan nan nan nan nan nan nan nan nan nan nan nan nan nan nan nan nan nan nan nan nan 1.4978251358584335762 1.3169525541210878039 1.1568399294706479541 1.1414619656984115181 1.1681908033740175945 1.1592933671414107355 1.1466296703035081528 1.1420478798695816725 1.1461901844772874881 1.1448843690079875124 1.1270251765324150739 1.1164056770452701617 1.104013994311622282 1.0706409810814547789 0.98710840864879934031 0.8261267958094381525 0.74670901152327884276 0.64003297958813953894
nan nan nan nan nan nan nan nan nan nan nan nan nan nan nan nan nan nan nan nan nan nan nan nan nan nan nan nan nan nan nan nan nan nan nan nan nan nan nan nan nan nan nan nan 1.5189955061561435379 1.429730510735113036 1.2520591658622710618 1.1839076690749086307 1.1814333531303007341 1.1763834815943581269 1.1708888237450376657 1.1687136967317914849 1.1473471180637817568 1.1147781689930034155 1.0926136853968260176 1.0904843281114011688 1.0779010802587181139 1.0518611127082380108 1.0349580467374330794 1.0186978273756190916 0.97697557770868859173 0.90624972320893260047
nan nan nan nan nan nan nan nan nan nan nan nan nan nan nan nan nan nan nan nan nan nan nan nan nan nan nan nan nan nan nan nan nan nan nan nan nan nan nan nan nan nan nan 1.5502902006339822627 1.4370280345350079365 1.3308515850550524107 1.3337676705150935952 1.2720809230266143519 1.2285044795074735458 1.2252685989445404324 1.2231526823285301386 1.2332796609328753323 1.2180456650151838538 1.1883989470662383869 1.15140658891645975 1.1099763146670087455 1.0564771753579984548 0.97479124693707475124 0.86352768571414373344 0.79682261313073587949 0.74730789806318687063 0.77435230467530180576
nan nan nan nan nan nan nan nan nan nan nan nan nan nan nan nan nan nan nan nan nan nan nan nan nan nan nan nan nan nan nan nan nan nan nan nan nan nan nan nan nan nan 1.5444883317772086784 1.5043451582845028813 1.4373064121640530821 1.4608732765107417251 1.4413701609242202117 1.4140843241502039085 1.4041140299964016691 1.3914863284633138818 1.3464807592962038107 1.3335845513080288871 1.3373165462515599344 1.3138201537845626277 1.2584608654700246699 1.1929775495986449929 1.105682725496411889 1.0353363502650705374 1.0123210304373269075 0.94913171893723635719 0.85084230585009890113 0.8153536620463760487
nan nan nan nan nan nan nan nan nan nan nan nan nan nan nan nan nan nan nan nan nan nan nan nan nan nan nan nan nan nan nan nan nan nan nan nan nan nan nan nan nan nan nan 1.4682447967545380063 1.4361524346119143303 1.4431396239797307235 1.4245070859606498992 1.3994829168190792146 1.4232663969250847202 1.4509730149381747655 1.4633155969901670002 1.4710454611447552065 1.4208667311324785221 1.3919144373036520523 1.3663332077596137548 1.3270740756260468451 1.2452853987649732392 1.1656826336866505933 1.0631500971202290096 1.0150286853591028446 0.70154266549661792318 0.60420347892982906313
nan nan nan nan nan nan nan nan nan nan nan nan nan nan nan nan nan nan nan nan nan nan nan nan nan nan nan nan nan nan nan nan nan nan nan nan nan nan nan nan nan nan 1.6064192123276697099 1.5237332864851855785 1.5133005112157422722 1.5061379024804220084 1.4845112599271819143 1.4589132066145000799 1.4726793018562955861 1.5042649351113634992 1.526610062678364077 1.5508231170933561849 1.5506765805843838457 1.5413572835918516457 1.470094852137226793 1.3246100618879101951 1.2198950074025640689 1.1453503295535063522 1.0526460725097759319 0.81091109672334893421 0.75904936635154052205 0.73227797651050186012
nan nan nan nan nan nan nan nan nan nan nan nan nan nan nan nan nan nan nan nan nan nan nan nan nan nan nan nan nan nan nan nan nan nan nan nan nan nan nan nan nan nan 1.6644640070309124624 1.6063272014925387143 1.5330029509712688185 1.511913267267844585 1.5121587817655772756 1.5073639663965958668 1.5177768589749540684 1.5596051052683972404 1.4082991497768517775 1.0629743726414857541 0.9585018628985547684 1.0450643118044349311 1.0832869069444781562 1.0640637071194576357 1.0740935252945025269 1.0381707655164726933 0.7684468619871964723 0.70033837447747093741 0.66407229233632514287 0.75306235302584412228
nan nan nan nan nan nan nan nan nan nan nan nan nan nan nan nan nan nan nan nan nan nan nan nan nan nan nan nan nan nan nan nan nan nan nan nan nan nan nan nan nan nan 1.6760188628342129746 1.6677487312112244666 1.6348785153064331332 1.5437221618218861519 1.4894422226561256917 1.5134442015799289827 1.4649598922005240276 1.236017554236564342 1.1207263611183404528 0.99261978393069505433 0.94861353951786064886 0.98950862463536992664 1.0814685587854113713 1.0697184171873519443 1.0253361239804097416 0.89691116260297742979 0.72577684147446541729 0.67105649702214864583 0.70745563444238235284 0.74158670311100460815
nan nan nan nan nan nan nan nan nan nan nan nan nan nan nan nan nan nan nan nan nan nan nan nan nan nan nan nan nan nan nan nan nan nan nan nan nan nan nan nan nan nan 1.5688952176173596165 1.5837340255057659189 1.5546646900969030014 1.5390400900711886933 1.5127168106270691972 1.2870239453714875655 1.1076889439199160137 1.0988782685693059271 1.070298200542603162 0.99941640418560628856 0.93567982139497662963 0.87935750471124984884 0.78930157074547113716 0.8815047091527602463 0.95982778886530062401 0.94835486959376580351 0.8841604122404848054 0.80145556139734885903 0.85761314850173953062 0.86904574571302684038
nan nan nan nan nan nan nan nan nan nan nan nan nan nan nan nan nan nan nan nan nan nan nan nan nan nan nan nan nan nan nan nan nan nan nan nan nan nan nan nan nan 1.3446515312439275558 1.331635061594918179 1.3747593365195029946 1.2639536118357321826 1.1837908506208716375 1.1203502713750432829 1.1062402335737309134 1.1633882133980546492 1.1751335192762550896 1.1348793275392994317 1.05535869166699392 0.84221686274369311764 0.77742172318972824208 0.77237731797295394731 0.79273802419779348938 0.82675619767353691891 0.84921407136591720022 0.84871480815013455867 0.83383298248506299011 0.87025333601896304181 0.86901220450935645623
nan nan nan nan nan nan nan nan nan nan nan nan nan nan nan nan nan nan nan nan nan nan nan nan nan nan nan nan nan nan nan nan nan nan nan nan nan nan nan nan 1.2066995445100716644 1.2301545203650718907 1.2583403801693873181 1.364986451263008771 1.3649064648306938885 1.3177078700192823568 1.256589772625420931 1.1904969760730339523 1.2097201443790610575 1.233365303927133505 1.2105320319257018014 1.1128112471036779585 1.0368711032822535145 0.90539674579277362731 0.82045810740469193867 0.81136532573086561637 0.82290646335086203855 0.81299935794138655787 0.77697956514921995286 0.87779223190635125018 0.88008315848410800797 0.87612436673316085312
nan nan nan nan nan nan nan nan nan nan nan nan nan nan nan nan nan nan nan nan nan nan nan nan nan nan nan nan nan nan nan nan nan nan nan nan nan nan 1.4822883312541319523 1.1947204578654315732 1.1321294310651355275 1.1461653060371777002 1.175452939411608444 1.2679709154764962076 1.4049755199753182211 1.4559924596739772795 1.3955725870042936521 1.2829555437786934746 1.2098655113146115081 1.200911901335032228 1.2414775203471792864 1.1502713691888259984 1.1113975276398719849 1.0201634223000688451 0.90988806113760167804 0.85062675548933230907 0.8122736675236268411 0.79339998476405604322 0.85019798148606362531 0.87444445886589972083 0.876411290751652583 0.87621556358671515152
nan nan nan nan nan nan nan nan nan nan nan nan nan nan nan nan nan nan nan nan nan nan nan nan nan nan nan nan nan nan nan nan nan nan nan nan nan 1.3299902657413842366 1.2403449186115318437 1.1207884473509046597 1.1081572927573184462 1.1022890405341818632 1.1216348255922090615 1.1431182058405147117 1.1791969821352104031 1.3200120929521554913 1.4739392844476115751 1.4261117124770141817 1.258180973676283898 1.175197925768599827 1.0647382518957870801 1.0476559469878028441 1.0734781832085751319 1.0065842441850612055 0.86479425118934349914 0.85488500778320641871 0.90220963100192863582 0.85902230692206860141 0.85831353858573811166 0.86474420930854101197 0.87840449794041464138 0.88232597838039272808
nan nan nan nan nan nan nan nan nan nan nan nan nan nan nan nan nan nan nan nan nan nan nan nan nan nan nan nan nan nan nan nan nan nan nan 1.436434861686939124 1.1246038339936708095 1.1221059256752909938 1.125270567386544851 1.0972482968436931827 1.0957998991630206742 1.0784406184311290389 1.0849149838743821217 1.1014347282440382081 1.1184957786423956883 1.0852251098225726977 1.0982490820662713649 1.4357883440783081319 1.4826098607618458658 1.3245992098431993433 1.2348002143810525855 1.1459438430181871915 1.0846283168869081948 1.1227794413772642645 1.147587271950515575 1.0006522119638490143 0.9242769018998231445 0.84549010733433749287 0.87440380024324126929 0.89800068032693947107 0.90543405473629434699 0.89885322299746872599
nan nan nan nan nan nan nan nan nan nan nan nan nan nan nan nan nan nan nan nan nan nan nan nan nan nan nan nan nan nan nan nan nan 1.5578441192438026164 1.4444976611362001506 1.2475116451711496524 1.1722967014154965781 1.15138592239877946 1.1056994628934571079 1.0736331664963589816 1.0734984397757720842 1.0731557625983569881 1.0593440990973093108 1.0567595234378648339 1.0610961241978542624 1.0554508349630031816 0.98645599169843845022 0.78475831005716156774 0.95303304701196278614 1.1248249093292888023 1.202419284324029336 1.2170789255426979203 1.2941585768630281539 1.2917196443227001446 1.2131563930221083147 1.0982072649123695296 1.027799613135891077 0.95238557106277887954 0.96464999120096817098 0.93163569056480854957 0.92555086071095837852 0.92035698122715448033
nan nan nan nan nan nan nan nan nan nan nan nan nan nan nan nan nan nan nan nan nan nan nan nan nan nan nan 1.7676310451169079396 1.663788921369946161 1.619881527290464529 1.573256715157518304 1.5088955580625820208 1.4108890907212714438 1.3415941342034363171 1.3326011471445213807 1.2874574565392216119 1.1909460179009643266 1.1703224921111949897 1.084633637661105432 1.0444952689004218804 1.0418887099469114066 1.0585208401498924502 1.0830363393676250006 1.07263965166957842 1.0614371947714988931 0.88915459371203364736 0.86647489809171107655 0.76332133550060798921 0.70578651603432551731 0.77680848304924055014 0.90014867031530432229 0.84041799317564569449 0.855754480294265929 0.88453605963397063938 0.91753339169957137678 0.9520689065119062322 0.97427315074446863008 0.97075376902181809147 0.93807950898010272756 0.91455963255044947502 0.91770789721841405928 0.92836210150498599258
nan nan nan nan nan nan nan nan nan nan nan nan nan nan nan nan nan nan nan nan nan nan nan nan nan nan nan 1.697645377109365139 1.5697476934377172508 1.5332924710537174651 1.4427718915684311085 1.4173151854510246395 1.3851062653884882447 1.348170935071453469 1.3099112156392498374 1.3209924622941908723 1.2546131504943782708 1.2145575462555249224 1.1326400250012955695 1.1520241073078434368 1.1063041593878313318 1.0467230716581890082 0.90457395675700036364 0.92410573368386894622 0.95045650415311444537 0.91948205962993845297 0.90220807859181428867 0.88007628103266988262 0.75675749510860379488 0.73376938709954320217 0.85864148119681893423 0.87114274321812068536 0.82055040977818194392 0.82076014164600896716 0.80144920813156694805 0.85394723851434983786 0.89009022068646415082 0.91362258814630670223 0.89185711201628581346 0.88316842373680648492 0.8803057932835017807 0.88658244214134385164
nan nan nan nan nan nan nan nan nan nan nan nan nan nan nan nan nan nan nan nan nan nan nan nan nan nan nan 1.7436556256855704206 1.6898685719168256014 1.6285592892637330564 1.5463205934832238153 1.4614919409286182272 1.4226970643344611922 1.3849572540888908101 1.3115112948123928138 1.2860308942234981444 1.3192589973200672393 1.3093761263021730379 1.2007373955088564976 1.1490468092920449461 1.0035978951741033605 0.9542473539193062626 0.90796954523977135842 0.88444468763002515033 0.89683350754824031625 0.88651192269117440325 0.85083161363911918862 0.83764368752213180791 0.7562188560753622113 0.71839683356120975777 0.75575906353973854035 0.78722911335542811173 0.75815820522129429015 0.74411475380156488768 0.76715045430922024217 0.89303196410598495447 0.92588310986500210742 0.88994449556168941928 0.8710178111924622435 0.85527979095972250789 0.83888693731774321982 0.84357189218470418623
nan nan nan nan nan nan nan nan nan nan nan nan nan nan nan nan nan nan nan nan nan nan nan nan nan nan nan 1.7076687978451365879 1.7370408982511713614 1.6766264049594314933 1.5818037780624540911 1.5505571979890766521 1.4785047256060039889 1.3632410828602550268 1.3020688276289544838 1.2418797571502162569 1.2883018639139847128 1.3406170953948688407 1.2449829317665170869 0.99626036726375755137 0.99847887168969029492 1.0104323329581430535 0.98533339681771647811 0.94734088681363859408 0.93384864644528664535 0.89577424786303705417 0.88863670193435839728 0.86429121086929872053 0.80335289007605992229 0.7556278133979310585 0.75122012379229752277 0.79610498104182592094 0.83322255818350532408 0.87701801121421518737 0.90249560718870491804 0.88787711286651438414 0.8752927088164406122 0.87167567212232843765 0.85810828116134985066 0.8340675980128371414 0.81792767906505048359 0.83302732203820928358
nan nan nan nan nan nan nan nan nan nan nan nan nan nan nan nan nan nan nan nan nan nan nan nan nan nan nan nan 1.5992183636585575179 1.5085144859123755801 1.3948902654277199886 1.4002347578621496815 1.526135078705143977 1.5575576753953968012 1.4384712947238627034 1.2989683196664059128 1.219699625259509812 1.247399162654895699 1.283859335548151126 1.0550781882443509563 0.99786197648782604119 1.0430398960995290736 1.0596295689219974445 1.0490884156755861945 1.0484897583585617298 1.0104449729261997248 0.98559599705951894677 0.99996487183913873587 0.9531468122998075776 0.93007370720353454985 0.92499687095702320949 0.94337814932743246921 0.95308120441796517763 0.91468430137996126206 0.88153501728303984564 0.86863951695958097066 0.86546330950089911394 0.8608530818382380545 0.84469614305177787017 0.8225749099549842791 0.83982542079673050406 0.9302696259756388919
