results/rofental/snowdepth_month_2020-03-01T0000_2020-03-31T2300.asc
ncols        322
nrows        225
xllcorner    622802.488000000012
yllcorner    5178049.378999999724
cellsize     100.000000000000
[rows 140 to 167 of 225, columns 62 to 123 of 322]
nan nan nan nan nan nan nan nan nan nan nan nan nan nan nan nan nan nan nan nan nan nan nan nan nan nan nan nan nan nan nan nan nan nan nan nan nan nan nan nan nan nan nan nan nan nan nan nan nan nan nan nan 1.8219789511261492709 1.7751414191053702663 1.6627085436848250133 1.5791391867287880579 1.5335848439758144046 1.5027731104407124896 1.4708237311333571817 1.465900079958454727 1.4669420726373187946 1.4464781168079574591
nan nan nan nan nan nan nan nan nan nan nan nan nan nan nan nan nan nan nan nan nan nan nan nan nan nan nan nan nan nan nan nan nan nan nan nan nan nan nan nan nan nan nan nan nan nan nan nan nan nan nan 1.7801975203380926427 1.7003116860676417144 1.7040513163035062583 1.6140127847793888094 1.5439510727377110388 1.5465077197042966795 1.5264465181773829716 1.5106639275259028388 1.5012187382422994553 1.494649748614444551 1.4855332414700159749
nan nan nan nan nan nan nan nan nan nan nan nan nan nan nan nan nan nan nan nan nan nan nan nan nan nan nan nan nan nan nan nan nan nan nan nan nan nan nan nan nan nan nan nan nan nan nan nan nan nan 1.6332632997345954973 1.4974453998057855042 1.475549457169570422 1.4709124849763171028 1.6060356922616796371 1.613310012383768699 1.5397721485919992901 1.5038704222725174375 1.4654846384692070682 1.444509499134719821 1.4300251369690595293 1.4252572272284800281
nan nan nan nan nan nan nan nan nan nan nan nan nan nan nan nan nan nan nan nan nan nan nan nan nan nan nan nan nan nan nan nan nan nan nan nan nan nan nan nan nan nan nan nan nan nan nan nan nan 1.5639201763668353351 1.5251780310288476361 1.4300992786612627405 1.3972856150415224885 1.3724865229600673455 1.3875880320952769242 1.5539152929955983851 1.6395995173036486126 1.5070180548333802495 1.4537168385471861409 1.4312523612554139962 1.4159089443303567446 1.396138288688578033
nan nan nan nan nan nan nan nan nan nan nan nan nan nan nan nan nan nan nan nan nan nan nan nan nan nan nan nan nan nan nan nan nan nan nan nan nan nan nan nan nan nan nan nan nan nan 1.7391168239937175866 1.6013058297422495535 1.4789218883414778638 1.4787689697134704936 1.4857211684993174572 1.4356134932522339742 1.3973301702960765347 1.3631988523843037164 1.3273500050111801674 1.3615483967155908029 1.4841237124134905034 1.5465513072261101168 1.5212139218106697225 1.475138196265144197 1.4537565360671742543 1.449570968741593413
nan nan nan nan nan nan nan nan nan nan nan nan nan nan nan nan nan nan nan nan nan nan nan nan nan nan nan nan nan nan nan nan nan nan nan nan nan nan nan nan nan nan nan nan nan 1.4652481954694662747 1.4658016296644968968 1.4975691203208785218 1.4235290110091265436 1.407078284669288859 1.4680147821263922481 1.4808411929317013556 1.4384552119777429535 1.3813448768096356911 1.3262211162044943435 1.2930647182749246404 1.3082837906508417714 1.395794514413972065 1.4828976825135624651 1.5203057641988491078 1.5234152065665778064 1.50069473352072702
nan nan nan nan nan nan nan nan nan nan nan nan nan nan nan nan nan nan nan nan nan nan nan nan nan nan nan nan nan nan nan nan nan nan nan nan nan nan nan nan nan nan nan nan nan 1.424872327313067899 1.4182631100455087569 1.4165348028956352699 1.4322669335524931267 1.3752486261385123978 1.3648622685868398996 1.3672737968345598514 1.3984225986116538554 1.3827703582278794148 1.3643683316699117825 1.3173997970592734585 1.2558525835882101696 1.2601073001991711653 1.2931068792301900761 1.3103803515677783231 1.3347691971883361983 1.3786996605838663932
nan nan nan nan nan nan nan nan nan nan nan nan nan nan nan nan nan nan nan nan nan nan nan nan nan nan nan nan nan nan nan nan nan nan nan nan nan nan nan nan nan nan nan nan nan 1.5155821290899842424 1.4720826595614526777 1.4351527077549270928 1.4250634625815172818 1.4240079992603047465 1.4255420949932826602 1.414946691993106187 1.4181573157266091911 1.4141971133868844746 1.4045258188951934564 1.3932874721900678772 1.3429075435643242908 1.2795132389528218742 1.2424724155515061152 1.2424856705890880981 1.2720747170925312819 1.2621933432763774441
nan nan nan nan nan nan nan nan nan nan nan nan nan nan nan nan nan nan nan nan nan nan nan nan nan nan nan nan nan nan nan nan nan nan nan nan nan nan nan nan nan nan nan nan 1.7326973148500903754 1.6034573774580347383 1.4930411964611636222 1.4773622862887345608 1.4824585246506238878 1.4740682111302283452 1.4639541618770528508 1.4584168621818327516 1.4562213424485921376 1.4508342706344190542 1.437063954801229837 1.4264495371133920631 1.4140914986388812835 1.3948582431973026718 1.3554739764890104681 1.2853547184700306882 1.2383820656501529633 1.178625901635959039
nan nan nan nan nan nan nan nan nan nan nan nan nan nan nan nan nan nan nan nan nan nan nan nan nan nan nan nan nan nan nan nan nan nan nan nan nan nan nan nan nan nan nan nan 1.7544588951933364207 1.6800982001195712279 1.5375874599064993653 1.4937551426142516853 1.4866388134082084704 1.4802132276871617922 1.4745647520621341098 1.4709092382852813063 1.4580211593744591969 1.4386541058710329288 1.4232511748706493382 1.4151305636588871195 1.4025301757044172923 1.3853663819579593586 1.3703187503393559066 1.3569509675085809075 1.3300966799688771491 1.2903545413574950551
nan nan nan nan nan nan nan nan nan nan nan nan nan nan nan nan nan nan nan nan nan nan nan nan nan nan nan nan nan nan nan nan nan nan nan nan nan nan nan nan nan nan nan 1.7913517866336619022 1.705414770272224656 1.6124750971162435942 1.599984284810550772 1.5503915103923688878 1.5106846083240295098 1.5039541135288130302 1.4997009223022765845 1.5003080230483465396 1.4882078359544972379 1.4703633106255236118 1.4491921107720506789 1.423625379691430437 1.3927851043361614281 1.3474917268850454821 1.2889250335365598499 1.2457446471263688981 1.2144379159990019712 1.2159457890328440044
nan nan nan nan nan nan nan nan nan nan nan nan nan nan nan nan nan nan nan nan nan nan nan nan nan nan nan nan nan nan nan nan nan nan nan nan nan nan nan nan nan nan 1.7997766908215280246 1.7679999583490790815 1.704750776148389324 1.7065701068711187638 1.6809339237804239442 1.6532494736701617288 1.6414348761751198502 1.628115655259634309 1.5930763019722431473 1.5787060817210134545 1.5773797871146313376 1.5508762676192129337 1.5013501294434858924 1.4589747593851911667 1.4096570246046367103 1.3669682091945218883 1.3446920097207126776 1.3047974031537297179 1.2512168111622512523 1.2276872648630199336
nan nan nan nan nan nan nan nan nan nan nan nan nan nan nan nan nan nan nan nan nan nan nan nan nan nan nan nan nan nan nan nan nan nan nan nan nan nan nan nan nan nan nan 1.7463476200653660353 1.7137512581531049172 1.7033327056621505591 1.6798313754642872908 1.655922865118690579 1.6643796405337087929 1.6782542180122754782 1.679916343036473636 1.6832926264765621927 1.6445223647653839372 1.6180806994182295178 1.58788663764449689 1.54542128085713526 1.4693534032199262462 1.4184024518089668465 1.3625765979036559283 1.3270863328435431594 1.2707418982509639527 1.2296633478879637202
nan nan nan nan nan nan nan nan nan nan nan nan nan nan nan nan nan nan nan nan nan nan nan nan nan nan nan nan nan nan nan nan nan nan nan nan nan nan nan nan nan nan 1.8466883298703189453 1.7831058005015023582 1.7633364375357651888 1.747937213825525804 1.7244667988813127124 1.7011403163643483705 1.7076651667682931635 1.7223986195265914567 1.7332097318148034226 1.744766374163758238 1.7359792988427336091 1.7257191755612704132 1.6742096067975744678 1.5570742931575918266 1.4625771995008425286 1.4100054852774097647 1.3546889399129207199 1.3088454926773120945 1.2764771772876628564 1.260628772141249021
nan nan nan nan nan nan nan nan nan nan nan nan nan nan nan nan nan nan nan nan nan nan nan nan nan nan nan nan nan nan nan nan nan nan nan nan nan nan nan nan nan nan 1.8866308994022296108 1.8372228036773570192 1.7845151870597832922 1.760711758612329314 1.7494628344945519771 1.7399333607177258632 1.7422730472764254017 1.7684275392251109782 1.6776464036074540953 1.4385980089145911087 1.381521326615742451 1.4163822962280723239 1.4231654838506522243 1.40192673111940036 1.391147452619104774 1.356783899966200968 1.3036738192939050229 1.2660991833601418222 1.2434082820253602453 1.2658963302055454836
nan nan nan nan nan nan nan nan nan nan nan nan nan nan nan nan nan nan nan nan nan nan nan nan nan nan nan nan nan nan nan nan nan nan nan nan nan nan nan nan nan nan 1.906379240105004147 1.8834564617784135265 1.8509175002801245835 1.7866393724950788702 1.7432109696977102775 1.7535616800524933545 1.7269425304608361227 1.5511640049087658255 1.4540947720923387276 1.3754163404064148057 1.3525160284375807862 1.3673434426651494 1.4067240597782213474 1.3898603196672281168 1.3503544803873601676 1.3269272126587201566 1.2807589308234825776 1.2475925085104582202 1.2502887900528723009 1.2614680980267600763
nan nan nan nan nan nan nan nan nan nan nan nan nan nan nan nan nan nan nan nan nan nan nan nan nan nan nan nan nan nan nan nan nan nan nan nan nan nan nan nan nan nan 1.8510777225006755931 1.8515814751791896953 1.8143095228072241287 1.7876996465902672551 1.763887844017385742 1.5974407504015375459 1.4650017641156041215 1.4421329474637099022 1.413674321624844854 1.3717275759128597645 1.3326802711418377356 1.297193431713294931 1.315720571421410634 1.3415449224922015858 1.3602899765070217697 1.3394574776170862229 1.2932433001530900807 1.2486549686229277967 1.2687277406359314114 1.2747641562519105296
nan nan nan nan nan nan nan nan nan nan nan nan nan nan nan nan nan nan nan nan nan nan nan nan nan nan nan nan nan nan nan nan nan nan nan nan nan nan nan nan nan 1.6958366812519041211 1.6708159891487306403 1.693372283746683582 1.5950395969981416844 1.5296513455449745056 1.4801926934842259964 1.463059844711334323 1.4875588757551345687 1.4809009082448836292 1.442660131031176185 1.3920994034954070617 1.3453894842871585436 1.3117602095767650905 1.2979793592734962804 1.2957648163496486848 1.2953998238217365735 1.2847645010324197923 1.2695337113344997704 1.2571572337592846758 1.2723637382772430282 1.2730706818791641677
nan nan nan nan nan nan nan nan nan nan nan nan nan nan nan nan nan nan nan nan nan nan nan nan nan nan nan nan nan nan nan nan nan nan nan nan nan nan nan nan 1.5828706921554169806 1.5817190957052797984 1.601932413190631399 1.6770491104270661697 1.6677741814381485952 1.6215487612126295858 1.5683883138358902798 1.5175462804984010123 1.5154800399527996735 1.5185345232381188829 1.4881823850143514054 1.4593989676432395086 1.4105060196642027481 1.3518735455454498062 1.3086761771447659175 1.2922932758497207573 1.2807200194579415609 1.2599831682115414377 1.2363572649488967503 1.2727061345324290897 1.274383711260599128 1.2738320403429308492
nan nan nan nan nan nan nan nan nan nan nan nan nan nan nan nan nan nan nan nan nan nan nan nan nan nan nan nan nan nan nan nan nan nan nan nan nan nan 1.7717702967773927281 1.550748046769306665 1.5106378104565345577 1.5171106888932726076 1.5312524213019989006 1.5956986089687605901 1.6937527923815407505 1.7205949583356459076 1.6681404738357064055 1.5802289127268751567 1.5200925176745814227 1.496643189154307052 1.5117227679998710421 1.4862261967454988287 1.4435449451102886353 1.3866769036709145624 1.3341685035327568443 1.2970793296545144457 1.2657446400110123896 1.2467980052100142707 1.2611926438904645931 1.2699846387361424238 1.2706590987196775266 1.2715274398969642622
nan nan nan nan nan nan nan nan nan nan nan nan nan nan nan nan nan nan nan nan nan nan nan nan nan nan nan nan nan nan nan nan nan nan nan nan nan 1.663858584616624281 1.5733323086715815808 1.4944980985719793498 1.4844651172872298517 1.4793757344549864907 1.4890046435586767881 1.4992788050562511071 1.5209562442884776434 1.6182519907722583419 1.7216872686134103709 1.6800789691885287258 1.5488451134617513549 1.4889717183481951945 1.456839526533083351 1.4296935079941228697 1.4250524398412893756 1.3772298487402394596 1.312673023326760946 1.2938630141425548903 1.2938373459604923799 1.2679821868879492808 1.2620191004766641019 1.2632184733173505986 1.2696694657772025217 1.270998085609611028
nan nan nan nan nan nan nan nan nan nan nan nan nan nan nan nan nan nan nan nan nan nan nan nan nan nan nan nan nan nan nan nan nan nan nan 1.7270898419379481226 1.5084822369935764197 1.4914537164052144025 1.4858948685768498255 1.4688691274795160346 1.4654727049082019175 1.4547325798929029439 1.4572173004731463486 1.4647543005719343423 1.4723709854578612699 1.4506441155167570933 1.4517774225388024867 1.6852628341699760206 1.7042710762785358014 1.6306356292047616829 1.5617326818610712813 1.4942593717384216045 1.4391793711393858768 1.4369552692351565959 1.4345679559112844981 1.3416442314425331972 1.298190957954592939 1.2559106517785412205 1.2646037145452089234 1.2725039610460469053 1.2769061028648918121 1.2733059394900028138
nan nan nan nan nan nan nan nan nan nan nan nan nan nan nan nan nan nan nan nan nan nan nan nan nan nan nan nan nan nan nan nan nan 1.8071513489919592832 1.7351874921453889211 1.5848742606082122375 1.5178341409099673776 1.4985494865714468204 1.4655323433123934596 1.4451028531795031551 1.4423070255519534477 1.4411462383355784223 1.432337805841825018 1.4291594893040979741 1.4258418649193695948 1.4186151980830397079 1.3774471907126548675 1.3468786291067973426 1.41303174131647169 1.5090890059197044071 1.5453184157004375976 1.5394339056766486173 1.5684902120741075482 1.553835289003587139 1.4886360686569743983 1.3914534285209188003 1.3329522264761088923 1.2938175387987500553 1.297733860916022719 1.2851819465191827163 1.2820463819944121209 1.2781610219611907464
nan nan nan nan nan nan nan nan nan nan nan nan nan nan nan nan nan nan nan nan nan nan nan nan nan nan nan 2.0245688059141975224 1.9423267465957139155 1.8921723168733270981 1.8475915495406400879 1.7960775257647192404 1.7217763537574426458 1.6677527278742281247 1.6422777417188469951 1.6012544958937986461 1.5257190036112497911 1.5014654180095454716 1.4448946372482649458 1.4194914415955881548 1.4157307523928237547 1.4207220696967708395 1.4341512622600653959 1.4269781008349160523 1.4161323605234210632 1.3877921346143229364 1.3708626946089588206 1.322451784089975213 1.2899980141221485397 1.3183111550349335683 1.3616787573132071998 1.3289790656953583969 1.327659645548233236 1.3272262799413190315 1.3239887089781712248 1.323044483837123142 1.3124395477058565795 1.3029739372054189861 1.2892793772840940303 1.2783485975704396154 1.2776248920120587549 1.2781991546166027174
nan nan nan nan nan nan nan nan nan nan nan nan nan nan nan nan nan nan nan nan nan nan nan nan nan nan nan 1.9881707738242366812 1.8840019249968691373 1.841494493905393437 1.7734598024817800344 1.7350604713509485411 1.7025487614546268578 1.659058146224557051 1.6221115306827049718 1.621506523431294422 1.5667514621653437779 1.5257247177536759075 1.4649300181354294459 1.4728281596773404871 1.4416857009188828176 1.4071207316400335952 1.3979615580865720759 1.4045330093257151205 1.4102420170889613527 1.390583442802172609 1.3753286756237932398 1.3564916161885844925 1.3023132372112800059 1.2890551154800498068 1.3334393390955028291 1.3320706186933688464 1.3014268837275961843 1.2865475906860548427 1.2680009713872615329 1.276194882532554864 1.2814880371924228797 1.2842424366588942597 1.271984573622819914 1.2657140309702499259 1.2634652300643245404 1.2618002083165111848
nan nan nan nan nan nan nan nan nan nan nan nan nan nan nan nan nan nan nan nan nan nan nan nan nan nan nan 2.0120380293081030487 1.956108125874936432 1.8974822940880748945 1.8274931297607279745 1.7644949535717064926 1.725044477220128325 1.6834407126514776554 1.6205735326953936148 1.5934865352348934753 1.6097404283665561753 1.5930433655180864516 1.5088376922272705993 1.4669826136748080891 1.4394921675369074521 1.4135006560234029127 1.3901429299896479463 1.3769062682567643208 1.3753055108544727236 1.3642868992979475529 1.3405322027420492059 1.3246968544683865865 1.287838759283799428 1.2696546670824895298 1.2781965975476039521 1.2785792834938016771 1.2579392263456610213 1.2424892354202483613 1.2447618990327560251 1.2869915628647559114 1.2936553993788741934 1.2741339233764825689 1.2627921463902174182 1.2550326379928244958 1.2482344783100847163 1.2457820373229482325
nan nan nan nan nan nan nan nan nan nan nan nan nan nan nan nan nan nan nan nan nan nan nan nan nan nan nan 1.9922427458131561906 1.9923144799885432743 1.933118829704605135 1.8505743270478454132 1.8156111955949965076 1.7583175614982631263 1.6693326928866742964 1.6220524228989789961 1.5629150690577779947 1.5856449327554236195 1.6153671876051443057 1.5393233222866222754 1.4381587985158008625 1.4306431519689017939 1.4324065775730603356 1.415757035278418563 1.3945817194194325417 1.3833893775340333487 1.357345075906956966 1.3457773066798528472 1.3262698415938491969 1.2935752981093335823 1.2714054337518643223 1.2630811346147792218 1.2732565592515430186 1.2807421028339915914 1.2900392181858459928 1.2935093841792471014 1.2841270707791123673 1.2738130613452844919 1.2657564320598038154 1.2576498435399374731 1.2476238414181646252 1.2375759859149635389 1.2366317641453878906
nan nan nan nan nan nan nan nan nan nan nan nan nan nan nan nan nan nan nan nan nan nan nan nan nan nan nan nan 1.9030539919347739808 1.8190645764426287556 1.7340579876561010852 1.7173790897367580133 1.7858871522069441617 1.7962618417312277153 1.7084158946126726253 1.6162245594896791356 1.5500438725084706437 1.5478671202486102842 1.5639311845819217073 1.4652335613497613487 1.4263892896102152719 1.4496792376200822172 1.4557099842630309983 1.4525232743924363366 1.4438986159827871258 1.4138747243456077918 1.3897663436819733818 1.39054796387441848 1.3545330711719982819 1.3363014161633670618 1.3296296630700303876 1.3345017048749721056 1.333847760589757403 1.3043555601143375089 1.2846621377094760152 1.2749608005582611092 1.2677703061586063082 1.2631658592982792921 1.253337476812932616 1.2416816072325838061 1.2372298148258566997 1.2611741468426655999
