results/rofental/snowmelt_month_2020-05-01T0000_2020-05-31T2300.asc
ncols        322
nrows        225
xllcorner    622802.488000000012
yllcorner    5178049.378999999724
cellsize     100.000000000000
[rows 168 to 195 of 225, columns 63 to 125 of 322]
nan nan nan nan nan nan nan nan nan nan nan nan nan nan nan nan nan nan nan nan nan nan nan nan nan nan nan nan 39.186415300566117992 76.69004164271130719 100.74515505520926695 98.161450156768935926 64.652014079838849625 44.96753673245742533 66.415122575912704406 153.04642731128987521 158.56529243656206063 120.09896075917755809 119.62925904196612237 150.1810702361464962 159.3525672442674761 161.15791831907441178 156.68071590764483858 156.23793263687406352 216.15694636272871776 222.30984149189578147 216.58399844791856026 225.86829671944005327 243.37659613334921005 251.3092709873218098 253.16137270574586182 249.50663125082229499 249.73581234693727993 254.43253121038657127 260.27649264701341281 270.51011343525294706 276.52635329778621553 282.72904179722860363 273.48534414797296677 252.42935705253057677 222.82702871404211464 166.93802765956101553 117.75161147457932032
nan nan nan nan nan nan nan nan nan nan nan nan nan nan nan nan nan nan nan nan nan nan nan nan nan nan nan nan 22.937271546850102055 60.328031321900233763 116.74979178589892115 113.28560603251972339 98.186583490125173057 78.349701788391627133 51.790370083771009035 87.495023576989424896 148.65662224373639333 141.78727891109161874 131.85499132944372036 133.11892133100275259 137.24288511751558417 162.21135368613468586 167.05137927038339285 193.1332436686195706 208.17681472543668519 223.36533030999558491 226.70813641234144598 232.04396201613843687 241.63137743920790967 244.88291268917964771 245.1646785539683151 246.7835528380267931 250.43306197542716518 256.5694469203680228 262.79779733182192558 269.19992964279100534 262.19654353956326531 238.24072787736659507 204.40142862580492533 191.07345314204420106 186.46997922496839806 157.74145425897043538 122.22808228676755959
nan nan nan nan nan nan nan nan nan nan nan nan nan nan nan nan nan nan nan nan nan nan nan nan nan nan nan 96.618022276947328919 52.331284529483227175 86.747240089461314483 127.53045833272020104 126.19993451461057532 112.334388769993339 91.608090388472319887 76.942346007259487806 69.212890835633842812 105.37511530742440868 139.03623611336880117 151.68523293554653719 132.9570910703397999 123.59009337509050397 155.63702999353628798 225.46033597392451497 204.62016367383324678 195.92757894147510456 202.82928043511142846 214.94394572537646582 224.33616117503268583 234.1966024199681442 242.15100951169256405 246.20385866604414105 254.23255590726631681 259.58552947553073409 266.07261928395166706 264.33169310988040479 240.48868654935290579 208.58446628120907462 184.60928915914010418 175.3839103623601261 159.93073402058996635 151.63717832932871943 86.409383241754255778 59.085030237426344968
nan nan nan nan nan nan nan nan nan nan nan nan nan nan nan nan nan nan nan nan nan nan nan nan nan nan nan 80.912490159471829543 87.783731855556595747 103.49459075718077372 112.78827916026919809 128.29944225239762545 119.73784008098974141 102.06793605133808001 81.633212839261673821 64.005678417885562226 67.109423085625223848 102.37211920866946002 139.52601408319299026 129.23020390664345314 114.46983503898947276 149.55354087625451598 225.73232666405715463 207.76970735824042436 192.23388457717095434 186.70718743430683162 194.8701548710978102 204.17241754643467289 211.66537295906655913 223.31551059825301309 231.59650419583903158 253.95003743696372567 250.97826450480079075 222.62924013697434589 206.73022742680097963 189.98920660400401061 171.57593424324517173 163.88939889378897874 146.90422877782876299 104.47454832579178685 93.008225443810317756 96.136573388598762335 nan
nan nan nan nan nan nan nan nan nan nan nan nan nan nan nan nan nan nan nan nan nan nan nan nan nan nan nan nan 49.541359279436591123 112.37632926576432624 105.77961815763464415 110.29368909455159553 113.19993895713919585 112.35108755705195449 106.47230709004168148 86.871304002127885724 73.813725575535769963 68.853444595013073126 96.437076283555001055 117.72055520883534996 97.698856168713192005 116.54408211778790871 155.17328348070881816 160.10669438179715485 152.67343156958452255 148.61460776391308514 207.72426777580406565 214.35119643008599155 211.4153792176306581 206.16684479780104766 181.32703694097449443 158.05116506027337664 134.82949307945779083 130.66961829501963166 100.9674296449363311 101.83770748302659115 91.761075674306994188 96.214684955808991162 102.52761570856185358 106.35119603985872061 64.311069561427089525 115.40218628027315617 nan
nan nan nan nan nan nan nan nan nan nan nan nan nan nan nan nan nan nan nan nan nan nan nan nan nan nan nan nan nan 41.618905567860899453 104.96772760671771607 103.61010912201970768 98.455000222883100491 105.73410686851941875 117.5811036984869844 108.45189772906351777 103.38978327769986265 99.031049960908120511 113.30992749108790463 132.19418896000138375 113.39076426677451082 125.49674670091535233 162.22445993681498067 169.42172731999124835 159.02882305182100708 147.36084700204366982 209.70542219116211413 191.47082917478147124 172.72479315979524017 118.18570640316643505 91.381048718906185968 98.198265792605852198 114.67001061976009169 103.93173521716876451 85.594553386954927987 84.057748558174381515 78.312020144591912185 80.523973367822279101 55.0818562681753221 63.677929912758138187 109.86479552083167732 nan nan
nan nan nan nan nan nan nan nan nan nan nan nan nan nan nan nan nan nan nan nan nan nan nan nan nan nan nan nan nan nan 18.814180673671874189 40.979066883961920098 60.590655356914780327 70.225857347848872791 84.332214069957004199 109.50847587255543658 109.4512660116498779 106.06879412782598138 112.01409382847053564 113.8643871011170603 93.849074982752924257 90.395493791126028782 108.78627600407062914 117.68546375656374892 109.26695203550599444 92.788986739849448782 88.613802450618962325 88.893335357367291749 93.400252936376901403 107.06754281326023204 113.55075572293466735 112.85751665041428282 98.703238954142278772 76.224547584222491992 68.169708549313796198 56.791257503089717318 43.5256274068547242 40.33316949296730769 nan nan nan nan nan
nan nan nan nan nan nan nan nan nan nan nan nan nan nan nan nan nan nan nan nan nan nan nan nan nan nan nan nan nan nan nan nan nan nan nan 95.218104864696044842 94.757869362150330517 90.239809811877933043 83.066118055660197683 69.312140073994271461 54.174767789312475941 37.961796742285329742 24.71645745789475157 40.136907476738841183 61.914856762735162476 77.019986260629295316 95.213412935462940823 113.33681841450199101 111.55373457626569689 121.62535573902387398 112.9813857807506281 86.003051438445666577 60.573752189188198258 nan nan nan nan nan nan nan nan nan nan
nan nan nan nan nan nan nan nan nan nan nan nan nan nan nan nan nan nan nan nan nan nan nan nan nan nan nan nan nan nan nan nan nan nan nan nan nan nan nan nan nan nan nan nan nan nan 123.96533821525127905 123.3258547285098814 112.3483270754085197 108.42763294970718846 86.973772866388770808 69.29686950256470368 91.883286974727454322 nan nan nan nan nan nan nan nan nan nan
nan nan nan nan nan nan nan nan nan nan nan nan nan nan nan nan nan nan nan nan nan nan nan nan nan nan nan nan nan nan nan nan nan nan nan nan nan nan nan nan nan nan nan nan nan nan nan 116.66079847053093488 89.53922730935397567 101.69935351665692735 102.73656384532792174 nan nan nan nan nan nan nan nan nan nan nan nan
nan nan nan nan nan nan nan nan nan nan nan nan nan nan nan nan nan nan nan nan nan nan nan nan nan nan nan nan nan nan nan nan nan nan nan nan nan nan nan nan nan nan nan nan nan nan nan nan nan nan nan nan nan nan nan nan nan nan nan nan nan nan nan
nan nan nan nan nan nan nan nan nan nan nan nan nan nan nan nan nan nan nan nan nan nan nan nan nan nan nan nan nan nan nan nan nan nan nan nan nan nan nan nan nan nan nan nan nan nan nan nan nan nan nan nan nan nan nan nan nan nan nan nan nan nan nan
nan nan nan nan nan nan nan nan nan nan nan nan nan nan nan nan nan nan nan nan nan nan nan nan nan nan nan nan nan nan nan nan nan nan nan nan nan nan nan nan nan nan nan nan nan nan nan nan nan nan nan nan nan nan nan nan nan nan nan nan nan nan nan
nan nan nan nan nan nan nan nan nan nan nan nan nan nan nan nan nan nan nan nan nan nan nan nan nan nan nan nan nan nan nan nan nan nan nan nan nan nan nan nan nan nan nan nan nan nan nan nan nan nan nan nan nan nan nan nan nan nan nan nan nan nan nan
nan nan nan nan nan nan nan nan nan nan nan nan nan nan nan nan nan nan nan nan nan nan nan nan nan nan nan nan nan nan nan nan nan nan nan nan nan nan nan nan nan nan nan nan nan nan nan nan nan nan nan nan nan nan nan nan nan nan nan nan nan nan nan
nan nan nan nan nan nan nan nan nan nan nan nan nan nan nan nan nan nan nan nan nan nan nan nan nan nan nan nan nan nan nan nan nan nan nan nan nan nan nan nan nan nan nan nan nan nan nan nan nan nan nan nan nan nan nan nan nan nan nan nan nan nan nan
nan nan nan nan nan nan nan nan nan nan nan nan nan nan nan nan nan nan nan nan nan nan nan nan nan nan nan nan nan nan nan nan nan nan nan nan nan nan nan nan nan nan nan nan nan nan nan nan nan nan nan nan nan nan nan nan nan nan nan nan nan nan nan
nan nan nan nan nan nan nan nan nan nan nan nan nan nan nan nan nan nan nan nan nan nan nan nan nan nan nan nan nan nan nan nan nan nan nan nan nan nan nan nan nan nan nan nan nan nan nan nan nan nan nan nan nan nan nan nan nan nan nan nan nan nan nan
nan nan nan nan nan nan nan nan nan nan nan nan nan nan nan nan nan nan nan nan nan nan nan nan nan nan nan nan nan nan nan nan nan nan nan nan nan nan nan nan nan nan nan nan nan nan nan nan nan nan nan nan nan nan nan nan nan nan nan nan nan nan nan
nan nan nan nan nan nan nan nan nan nan nan nan nan nan nan nan nan nan nan nan nan nan nan nan nan nan nan nan nan nan nan nan nan nan nan nan nan nan nan nan nan nan nan nan nan nan nan nan nan nan nan nan nan nan nan nan nan nan nan nan nan nan nan
nan nan nan nan nan nan nan nan nan nan nan nan nan nan nan nan nan nan nan nan nan nan nan nan nan nan nan nan nan nan nan nan nan nan nan nan nan nan nan nan nan nan nan nan nan nan nan nan nan nan nan nan nan nan nan nan nan nan nan nan nan nan nan
nan nan nan nan nan nan nan nan nan nan nan nan nan nan nan nan nan nan nan nan nan nan nan nan nan nan nan nan nan nan nan nan nan nan nan nan nan nan nan nan nan nan nan nan nan nan nan nan nan nan nan nan nan nan nan nan nan nan nan nan nan nan nan
nan nan nan nan nan nan nan nan nan nan nan nan nan nan nan nan nan nan nan nan nan nan nan nan nan nan nan nan nan nan nan nan nan nan nan nan nan nan nan nan nan nan nan nan nan nan nan nan nan nan nan nan nan nan nan nan nan nan nan nan nan nan nan
nan nan nan nan nan nan nan nan nan nan nan nan nan nan nan nan nan nan nan nan nan nan nan nan nan nan nan nan nan nan nan nan nan nan nan nan nan nan nan nan nan nan nan nan nan nan nan nan nan nan nan nan nan nan nan nan nan nan nan nan nan nan nan
nan nan nan nan nan nan nan nan nan nan nan nan nan nan nan nan nan nan nan nan nan nan nan nan nan nan nan nan nan nan nan nan nan nan nan nan nan nan nan nan nan nan nan nan nan nan nan nan nan nan nan nan nan nan nan nan nan nan nan nan nan nan nan
nan nan nan nan nan nan nan nan nan nan nan nan nan nan nan nan nan nan nan nan nan nan nan nan nan nan nan nan nan nan nan nan nan nan nan nan nan nan nan nan nan nan nan nan nan nan nan nan nan nan nan nan nan nan nan nan nan nan nan nan nan nan nan
nan nan nan nan nan nan nan nan nan nan nan nan nan nan nan nan nan nan nan nan nan nan nan nan nan nan nan nan nan nan nan nan nan nan nan nan nan nan nan nan nan nan nan nan nan nan nan nan nan nan nan nan nan nan nan nan nan nan nan nan nan nan nan
nan nan nan nan nan nan nan nan nan nan nan nan nan nan nan nan nan nan nan nan nan nan nan nan nan nan nan nan nan nan nan nan nan nan nan nan nan nan nan nan nan nan nan nan nan nan nan nan nan nan nan nan nan nan nan nan nan nan nan nan nan nan nan
