results/rofental/snowmelt_month_2019-11-01T0000_2019-11-30T2300.asc
ncols        322
nrows        225
xllcorner    622802.488000000012
yllcorner    5178049.378999999724
cellsize     100.000000000000
[rows 87 to 115 of 225, columns 192 to 255 of 322]
0.32644603606730926426 0.53676467120398774213 1.2180466792597979264 2.9122128903168444936 2.823216803427085253 2.9523165071527270875 3.4708880752852380169 4.0159963724003562291 5.0784025948175690601 7.3077827275908742166 6.6609772130641813348 4.9800937591960439121 4.6933304411891691998 4.0375251105936635909 3.8404867595583276341 3.0039442081004055218 2.2411086383990306281 2.1419670073709444758 3.71765739149563057 8.9184416474839895983 12.378818677540722959 9.8961008463680197877 7.7281463949889364073 12.938938628400302733 12.367326651789730008 10.467616960133181436 9.3141752945131788266 8.5007264350622726568 8.254102644030250957 nan nan nan nan nan nan nan nan nan nan nan nan nan nan nan nan nan nan nan nan nan nan nan nan nan nan nan nan nan nan nan nan nan nan nan
2.3715339902887588863 2.5705792234669195828 2.7999459543189955113 3.4693414649893976609 2.8029468487657518416 2.7211067568485574064 3.3244401615113465809 3.6379836778921355034 4.1136974541385900039 8.7935893565381544335 8.2309644025524608679 5.1350450026925233971 5.3067214135573044231 5.6383837355770278776 7.8465983294420196259 9.7751799746776129041 10.00516986349584414 7.414159020799409916 5.9759028270767018398 9.3683367240398744968 19.744657217104023772 18.841378107379732398 14.947203073999087763 15.644095666449739923 14.204221862943866128 13.097821465256769713 14.345156843034931882 15.322209541540352973 16.212087357785815556 15.360645980363688778 nan nan nan nan nan nan nan nan nan nan nan nan nan nan nan nan nan nan nan nan nan nan nan nan nan nan nan nan nan nan nan nan nan nan
3.5842389424329006431 4.2114730423568591533 3.6811803208179560976 3.0795561645868625433 3.2168715209075591233 2.7157497278172404442 3.4479637402985616745 3.4463080529254361828 3.3203414607373931133 6.8677476433021880098 10.108678726585525354 9.4438704725140532048 9.5895264375372182286 11.632959215895620986 15.032928207509415941 13.594540514372738471 11.87563353818428169 11.769728142054885822 9.2329810229741759997 19.038691542540160384 25.989240607446884468 24.350859765909696364 21.395035643832816419 21.404050718729852321 23.034038169539130081 21.745703233966320767 21.592985780658054296 17.658332487744186068 21.406734717773687748 24.549382951014322884 26.693144446483675125 nan nan nan nan nan nan nan nan nan nan nan nan nan nan nan nan nan nan nan nan nan nan nan nan nan nan nan nan nan nan nan nan nan
4.7234473577850559778 3.3696698877657045301 3.0280483870967458415 2.9213868972463217233 2.9998373880425472926 3.545000734945908949 3.8973275365194575137 3.732765719568784224 4.0084676916690105131 7.8573310392431334748 14.257017655816877522 11.200348975572168797 11.030429845773779718 12.702687975465362769 15.533024991531002357 14.71428106775706901 13.478685185048169259 14.022480262487929892 19.001644120336671051 23.890192103087965592 28.75976532605799818 30.151886038194518846 28.993223549656839566 29.95963072500133606 32.451035128202725843 32.241786500908972357 33.517627122147246155 26.509006049234358215 29.030274021161464049 35.48511890310015815 32.122345789299529883 nan nan nan nan nan nan nan nan nan nan nan nan nan nan nan nan nan nan nan nan nan nan nan nan nan nan nan nan nan nan nan nan nan
4.4257889861933055187 2.8715252398657442612 3.6464931641276527863 3.7854009538650106315 4.2853190015885287423 5.5232495597206430205 5.9572771619172124602 5.7088507811501996159 6.175658452996820813 8.4536183174309016408 16.655161285645409208 15.390301914918143922 12.539064664406325278 10.735394417584977589 12.13794163576202223 13.720419089562573944 15.19572634318168447 21.09726407988868857 19.044206981071642559 22.996920635049576731 34.475986638131914219 38.491386705076656938 40.31917732610530436 42.854724787836666167 43.688970200242287945 43.864925934721533451 49.906359133818696705 41.479801688543815885 35.829779208592626105 36.699665986824591357 36.509654244837648207 38.087753102618286505 nan nan nan nan nan nan nan nan nan nan nan nan nan nan nan nan nan nan nan nan nan nan nan nan nan nan nan nan nan nan nan nan
3.6586553443332676672 3.4091190547982290759 3.472938226571123721 4.2585457002567705942 6.0649119812031964116 7.0657304753930265662 7.4133184811495596023 7.3058179053745320175 7.4796302256393971675 8.0067295344676789881 13.707752968447659114 20.765649832931451613 18.325979815552297936 17.538400842063467167 20.139484895368589434 27.581121807135403401 27.692828455694844081 27.081918238297003398 26.555312649171163741 25.739674556599076993 36.504726234078120228 40.147975571299930664 45.843695818541192466 50.262706419460776885 51.942905524371539627 47.238021066061072872 53.069135245548075375 52.184687372956524598 46.654408544374021517 46.962466728655748227 47.276732466511717234 41.930153294212743731 36.516448581829628495 nan nan nan nan nan nan nan nan nan nan nan nan nan nan nan nan nan nan nan nan nan nan nan nan nan nan nan nan nan nan nan
4.9392030490663074715 3.8485478389413940725 5.5374497965100051289 7.7411148944179233311 7.485287299228634339 6.7863621653803489764 7.2522607180225131529 9.1342899448725916045 10.73301486952946604 10.740863610832423802 9.536387332434818731 15.861740938255161737 18.407030109744880519 19.486386433938648111 30.257232166689913555 36.127937387706658967 35.033192028295474074 32.941121905605463382 31.105067844685400757 29.092467002425195233 38.786750601591812426 39.942896300127927134 41.371969582410912381 43.993984192651581111 44.908891330844625145 37.821468380056217029 33.553152355488030878 36.428588774346650325 38.974064586720963632 37.385730446573717245 36.266132029184952046 36.101693110353558325 35.27711522257991561 nan nan nan nan nan nan nan nan nan nan nan nan nan nan nan nan nan nan nan nan nan nan nan nan nan nan nan nan nan nan nan
9.3164856483347175953 5.226537007816762781 5.9054321685383648344 6.5995235657934649964 6.329516141391376749 6.7540683101220064799 8.2041379246373278278 9.8114165483899071774 9.8366714737767484422 10.866131869089995732 10.644067859395478948 11.539704863183052552 21.102204778099729054 24.722205566857216041 26.256408972752097952 31.098799274335330978 26.885448655032654131 27.727005665516092137 23.536288474658491054 21.007570113867249262 22.192775059914097824 24.234121333329628811 21.366660196392679438 19.491759871471717958 19.279641899681742245 18.082741753240377136 18.672344673916800417 22.534208809065738421 27.995063604796300183 29.605777313924928507 30.874195587665777651 31.769685966086772311 34.228280255263982212 34.302095001951023789 nan nan nan nan nan nan nan nan nan nan nan nan nan nan nan nan nan nan nan nan nan nan nan nan nan nan nan nan nan nan
15.543082503023473606 7.8946185888223583405 7.5202567478456785466 6.9644451197762968775 6.3706422502394817187 7.1960551991703072261 9.0423302515083907593 8.7702250332389812826 10.158698279077842841 10.768860779766804114 12.934919615901868895 11.640104672470133806 15.896457460841833864 16.593892803809762171 19.041337130285160839 24.153933956738029565 22.107690494079577093 22.42656671168104765 22.321876366833823369 19.559754698137098217 12.757978509533401734 11.920474996869540263 11.324108375477184296 11.769994157002129143 11.658468532123466233 10.665841404707224527 11.604933648969998572 12.615052777526161165 13.598136978760631877 14.287774603497084058 15.80955335732682876 20.143668862427379196 21.635785025052399533 24.631954867021441657 25.129286190565650827 25.931554541431477645 26.298817225316547308 nan nan nan nan nan nan nan nan nan nan nan nan nan nan nan nan nan nan nan nan nan nan nan nan nan nan nan
11.336092582712993249 6.9426544780416010738 5.7154285661687245224 5.8256924489650092625 6.5218996924822940642 7.3192726457833856557 7.9963594802687270047 6.1189456192251299171 5.4210557380848616305 11.130549625901929645 15.616366602167870425 18.058799230159529259 21.66823458436563854 27.314754756180260387 21.106109492785137149 20.478567954973510012 20.80478092070033469 15.269598861929649658 11.308934234755986026 10.003925990597291928 8.2511086862895783867 7.8818639406117405599 8.6026247393305332878 9.6096701279457974465 11.459314179975303105 11.778252401762649981 13.352411107972187665 13.899950839232374733 14.872906206627622083 15.915166789131315994 16.890131997298681199 17.767512863387281641 18.062818679383742193 18.017126898557950909 18.718267659640542178 18.43671170283711902 18.711251491663805524 nan nan nan nan nan nan nan nan nan nan nan nan nan nan nan nan nan nan nan nan nan nan nan nan nan nan nan
7.0541877633998710806 12.765257730538849046 5.7866255086768267901 4.8571965929935130291 5.1146379074784480423 5.5306388699543855836 6.4468862723692508254 7.5411141332490005951 12.168138135051062676 13.530181327102356548 11.306866854834060732 16.275795327055988082 19.514330786457804834 25.719780090135230921 22.280817283057686495 11.214905054253165417 9.5720584305354172727 6.3363739546712727346 6.1930059234917740341 7.0646776571288389945 7.7752284547109402624 8.6305628895341452989 9.3342357231814805374 10.127429602814686405 10.131236320437791321 10.774988080302462023 11.57778375609634125 12.417505876715365432 13.430714459668555705 14.365186590606530359 15.002478355126019238 15.896866994538644491 16.668131373513013216 17.141821493781236541 17.442277653768837098 17.081668358218546899 16.157818897714879114 nan nan nan nan nan nan nan nan nan nan nan nan nan nan nan nan nan nan nan nan nan nan nan nan nan nan nan
4.5998741493432184768 9.72095606238712584 14.731606943821587308 7.4938358521061640971 7.1585835392519188147 6.0736530826225676449 6.9408242885706350478 16.283614337839964037 17.508682964375182678 13.936254680582552012 14.320424640015026796 16.752037247600458869 13.501144900458530884 8.8699020289266776729 8.9821057954099838838 6.7440983574121320387 5.9204631357735104658 6.0582010359217299822 7.4168148246132439283 7.6123534420021279345 7.9097789094667794174 7.9892364322739348736 8.3360382627253049037 8.9908434140201531903 9.4578155308144804536 10.315947080639631395 10.512693901519133632 11.255480129029928449 12.225677447130598452 13.405242188433149408 13.988976250599822748 14.191865923913727698 14.152779879379597361 14.939390328900708838 15.06195604242241437 13.97236517574336645 13.769710721191382063 nan nan nan nan nan nan nan nan nan nan nan nan nan nan nan nan nan nan nan nan nan nan nan nan nan nan nan
6.148650051270118766 6.6978702299917332041 12.619925619633558966 14.139291852380381442 7.6516762983769206485 7.7989457760557883148 12.125146209948800546 15.58494770596842649 19.243386541064289474 21.960219987459659308 17.349222157422296675 12.153430446647993435 9.384847387266681551 7.1969808329841722383 6.2242847795632023633 5.8920175387321886973 5.9739949234580800308 5.3936118748663259836 5.5818482021615265509 6.2705867705428799397 6.9256025520930011297 7.1317039991457864545 7.7620758891907319921 8.287083967745838109 8.3166693300595717631 8.5999396843563324921 8.7368931901002113705 9.4118495287130770066 10.420872047544730066 10.972631466990639737 11.617480329869160016 11.627308644308699925 11.603335694986293802 11.778521627830212282 11.187316892592807704 10.50040630050229673 11.009963811505995679 nan nan nan nan nan nan nan nan nan nan nan nan nan nan nan nan nan nan nan nan nan nan nan nan nan nan nan
3.7238492643242784297 3.6683995694185997927 4.7556426019264037564 10.994130526890344868 14.528079446442163203 15.088079949050312578 17.509687988834016892 16.562554372294940208 12.670834067906380227 10.825241500959627672 7.4026840589408902105 8.1537099293144343903 5.6707323196559276113 4.5805962290942643378 4.6540441867467565729 4.5276701288961627156 3.2198189324303414516 2.9684993472827381211 3.9660252735896910359 5.2661217759757903423 5.5987076384286744712 5.8159795388530950433 6.023288632282130628 6.1069891603163775073 6.8484149978809112369 6.8820257920425920162 6.9806750747074834962 7.2645564368971147218 7.6112096606391954623 7.9239846959448376751 8.8778184755698195119 9.2858637158040959747 9.0892872768465942102 8.9002885218971812264 8.4895835504392955784 8.4668692611622358157 8.870942462375152715 nan nan nan nan nan nan nan nan nan nan nan nan nan nan nan nan nan nan nan nan nan nan nan nan nan nan nan
6.1370057396130794913 4.9628069227887863235 4.5062244937864655014 14.92777787841207271 21.351480282833776414 14.563835822708604439 13.93778816796653075 11.746176653327379924 10.361472792368802587 6.7125294487393851739 4.6944842746778174813 3.8064084873739973958 3.1242860121553461816 2.6539367035274885609 2.41299826580561394 2.0846355058731593779 1.6235474030999970108 1.7689728660488752698 2.3733824115891546391 2.6365389300343551326 3.1598698785061931638 3.6753406314805765476 3.5690044889921961335 3.9183024148924876506 4.6929811083554771045 4.7448184508379673829 4.1025752863521303127 5.6292474856617706891 6.2767734005657125351 6.6372066368041409135 7.1919555039350848702 7.5224151995327757092 7.5589790168424073613 7.1442250948726480075 6.9360878909200422981 7.3469596556708252066 7.9394596699139636797 nan nan nan nan nan nan nan nan nan nan nan nan nan nan nan nan nan nan nan nan nan nan nan nan nan nan nan
4.7057555175876464304 6.5662761902236814748 12.911885675092598547 14.632178133524812225 18.9909982978375389 11.670103649042262717 8.6347435072771485665 8.8816851161149497074 4.6432906777212101801 4.2022515373515592074 2.3172127273891969246 2.0745576017964606486 1.5586895972385679254 1.2498494499872958574 1.1583098439633394694 1.0005485708485732932 0.87000928913445163548 0.87047069826276213256 1.2462727899363106321 1.3673737430128507508 1.588837881902868121 1.7262194476818559785 1.8558224084117802555 2.0304894607960042308 2.3035540087871213544 2.2562703633068212916 2.4929846136888977881 2.8379370495825080312 3.4897713045289786571 4.0133489277499805326 5.259864677366294039 6.0469156578391025647 5.7416936490384395952 4.3015060893255858687 3.978093378033652705 6.044674793436217719 nan nan nan nan nan nan nan nan nan nan nan nan nan nan nan nan nan nan nan nan nan nan nan nan nan nan nan nan
3.9604865296961913046 4.2317321353871220069 8.9204554674815046411 6.8140960177395157871 6.7903431904153350729 10.745257739368678784 7.9772725420990839851 7.8032913683934550519 4.0687774262104214884 3.0385470102070857301 1.8709488894208741172 1.1788770660706866522 0.81368321561822298804 0.64045669811519112535 0.67160789022530198444 0.55177781506824707947 0.42277619815839362349 0.47546259652075861801 0.71526642655608652088 0.84405418088303052482 0.88515714376029874799 0.92987133233807461874 0.92445955112421285271 0.94978222051991945118 1.1094757444578446925 1.3131466356277654572 1.2388250079940685833 1.4061046470091271843 1.7638159241687476619 2.1021833060885395383 2.4793420404809545232 2.8478578792060997849 2.5863206702745613619 2.2041927848668567691 3.0555007531569779999 nan nan nan nan nan nan nan nan nan nan nan nan nan nan nan nan nan nan nan nan nan nan nan nan nan nan nan nan nan
4.3275700508604835193 5.4837385452877018821 3.1044115189863972226 2.2461710833572485768 6.3091294053293820454 12.005305033042164453 9.569826945374110494 4.5168902248563131963 1.8386060339008971631 1.2317687289621970237 0.89221572098262569295 0.81107003686176570856 0.37717731875052140644 0.42203048724576203155 0.51905185928448049903 0.6053942003682654116 0.62586899258691885972 0.54546296904706148556 0.43982032226408196429 0.38952424168419264028 0.49287743943724487972 0.49611217202100005297 0.50536192401898527571 0.50191706662803958761 0.48257744268391977727 0.57886796462725320644 0.53553679095277151312 0.57788619553261266759 0.69951558520023504606 0.90292745190428858049 1.1863185412027059673 1.2136797382452715333 1.0424668444294136194 1.5986710964908357191 nan nan nan nan nan nan nan nan nan nan nan nan nan nan nan nan nan nan nan nan nan nan nan nan nan nan nan nan nan nan
3.3176646645738685493 5.7417988088157416726 7.7531047799095418327 4.2316619168041196275 6.3458190115978343471 5.8124393266414164927 2.8018750179302074343 1.3559476501407616844 0.89239864950490432882 0.60353044407841294205 0.5333826963804294552 0.63316625359260214623 0.51928737245294454006 0.5904397288019962442 0.57874036802258477241 0.62317204917197999148 0.55402757451905182418 0.55834035368036116775 0.57632997551665721137 0.67225009276184699569 0.59038000141608759641 0.63489993869116645442 0.68805106963326712055 0.77652246718344530851 0.79186448597697634 0.76969051763916862541 0.81591407717131847477 0.84595202270247671361 0.76750291096825484782 0.68385145714437611808 0.60214822889557872987 0.6279643542655326538 0.7609013256632648492 nan nan nan nan nan nan nan nan nan nan nan nan nan nan nan nan nan nan nan nan nan nan nan nan nan nan nan nan nan nan nan
2.349867911764832229 4.3761809772173752009 2.7292794530417774368 3.1645715059372783173 2.782330486851170015 2.8384425187323376605 1.4600927275047943521 0.74703758791730590083 0.30983034086973126886 0.4138642516348509659 0.47766493739787629913 0.44149623716863595213 0.93527421129260601695 0.706802404178632937 0.8398182761945931496 0.6641079184302193239 0.6362046270978171103 0.62918911999142856928 0.66817765847416821234 0.58548403006412019778 0.58345765976003083342 0.58378801353243348071 0.58742141405054604242 0.59677727267228053432 0.59515931264886923202 0.58694327210579089193 0.59895532438921939011 0.59986917925422889031 0.62512723646918666454 0.62979452175765049393 0.65731693621636466673 0.81875849297778791058 nan nan nan nan nan nan nan nan nan nan nan nan nan nan nan nan nan nan nan nan nan nan nan nan nan nan nan nan nan nan nan nan
1.6166114432067848483 3.7030588974880322972 2.8741021538676769786 2.3411307014667728232 3.6339463107569316414 2.0806435924339559129 1.7437042152149180296 0.46940862028139351825 0.7005829740053490795 0.66209513483072357509 0.67528764082799985768 0.7641136981897677094 1.0309631056170165397 0.84408304449587145957 1.7159548599210558972 1.7520238731670618737 1.4114137846093912643 1.0762278824138014066 1.0377310389715801442 0.82558633035049111548 0.7140040581407910425 0.71289397756125860717 0.76578213661523708566 0.75055884276050255366 0.76108963118455341679 0.66729493070277090538 0.64998788535552565193 0.64197560817468390937 0.64326170291561746151 0.63676092037673226454 0.61712143143161046765 nan nan nan nan nan nan nan nan nan nan nan nan nan nan nan nan nan nan nan nan nan nan nan nan nan nan nan nan nan nan nan nan nan
3.3669512766702287543 4.7634764825483593143 3.7919961430909028266 4.7263496331044985155 2.6018660257216073006 1.0841508477131094335 0.62379551242928188426 0.76293264593001974827 0.90653701731188152113 1.3239845714762841222 1.3131615297988701307 0.78581930044915604405 0.9864785442152582684 1.7395158828424570618 2.7557742310825243948 2.7746421314593203711 2.5389604081495380505 2.2566758429576010414 1.9326452976660561944 1.7341994841180483622 1.6455168574239356083 1.7263979775398508032 1.6279131189610287489 1.6863812845385104389 1.8357937223934439608 1.9077068392575746714 1.8249954784751840631 1.6493699876737999421 1.6407689877775180065 1.3466334434907603068 nan nan nan nan nan nan nan nan nan nan nan nan nan nan nan nan nan nan nan nan nan nan nan nan nan nan nan nan nan nan nan nan nan nan
12.318492706352349941 8.7143477753351081816 3.7209738983409184065 3.4666520819996895497 2.0701419098215954051 0.73077097218703646053 0.89655724067118691689 1.0806408316714470885 1.9514934559855334761 2.4866518127226759916 2.3694254207414950919 1.4750617271378645423 0.86124223895264262474 2.3652196597220274121 3.4328788082016576944 3.4676746786931125222 3.4673425829696786771 3.4128615322367341633 3.0802454282459126311 2.89907853482675959 2.9388576451427912417 3.0951615961884701989 3.1317815354317066756 3.2513419641194505338 3.5163205615334800491 3.7770595925513275049 3.6767025203648318055 3.6893161611467153449 nan nan nan nan nan nan nan nan nan nan nan nan nan nan nan nan nan nan nan nan nan nan nan nan nan nan nan nan nan nan nan nan nan nan nan nan
6.3685837039018489136 5.8963171056154504157 3.4920960374540630511 1.8236113360932859617 1.3476283013687666568 1.1271301854697028944 1.0560031548277002411 1.6357956963299178366 3.3660891422144141316 3.5881059651553548484 3.2033785729085262339 2.5838365925244244359 1.3627608327355331674 2.9127317284289682142 3.413180462457042097 3.4954170784964806451 3.7937754734728010853 3.4035970499465886263 3.4816823162265255753 3.4183566693718536733 3.7137108660724358344 3.7677837510791358788 3.8186052393723302067 3.3711261553865861096 3.5557346635601199125 3.1716712518870058268 nan nan nan nan nan nan nan nan nan nan nan nan nan nan nan nan nan nan nan nan nan nan nan nan nan nan nan nan nan nan nan nan nan nan nan nan nan nan
4.2241756085415254063 2.4842490466150062289 1.4773123460398831508 1.1741803097437122361 0.88126225009167113988 1.2607029256965331943 1.2047064144664219043 3.0845036313119638116 3.5178497274847173593 3.3286675889028987108 3.4025413531020385349 3.583758619625702746 3.1818669126076493114 3.0580562184044230989 3.4237793298178562651 2.5449043477394530655 2.4231988316703638731 2.2583501178849050284 2.1634891907544027134 2.434203684131157619 3.3597316810331454562 3.96242766998893714 1.9886299271517391407 2.660457515976188958 3.642317273018063517 nan nan nan nan nan nan nan nan nan nan nan nan nan nan nan nan nan nan nan nan nan nan nan nan nan nan nan nan nan nan nan nan nan nan nan nan nan nan nan
3.1701561126827781933 1.4207645174296172907 0.64691108682279563347 0.57532302355454023601 1.035348394219649526 1.3379759240174700086 2.1136857707900245096 3.9180559433526345181 3.3689866494610734016 3.6436667360804078086 3.5155832594401417168 3.3389608437535081009 3.3686659347222307481 3.1898993879780808136 2.7579848767981682833 2.9147129951126973246 1.7178375291252918622 1.3875083787446165218 2.5518315980804255894 3.3413310519348007332 2.65967264590311947 2.1769834652494655103 1.2644441698229309523 2.0719071216312765493 nan nan nan nan nan nan nan nan nan nan nan nan nan nan nan nan nan nan nan nan nan nan nan nan nan nan nan nan nan nan nan nan nan nan nan nan nan nan nan nan
1.1660082660178228142 1.0380691317266124152 0.53483465155181730832 0.93829782320800048101 1.1291378642283071976 2.6479959982915457495 3.8700796501136673911 3.0674372507112348529 3.4635854554795346694 3.4352146473632729773 3.4277603460770018629 3.411571563640136695 3.475120911871980578 2.9057832125889309083 3.1852708300010457165 3.7025871221811308409 1.6342750077189780455 2.7008534285482066473 1.7924867125228081122 1.7841689871353023644 1.6367298067501456771 1.3385679194886033194 nan nan nan nan nan nan nan nan nan nan nan nan nan nan nan nan nan nan nan nan nan nan nan nan nan nan nan nan nan nan nan nan nan nan nan nan nan nan nan nan nan nan
0.6337319946527580905 0.54891189218102776071 0.86584169774977448597 1.0434317827814025836 1.7545121688482760991 3.6637656720222162576 3.3500773971789734595 3.4615084612655415697 3.2269300318473428391 3.4664863522373039473 3.1798125891922874864 3.9639819477600393149 3.6732437435852896002 2.7983127664326445938 3.4123247467948716327 2.3910290269524483442 2.2213116917323239008 1.8440614359078340012 1.5350452311615876422 1.560434216636873872 1.1718737773549281478 0.63648829262601913648 nan nan nan nan nan nan nan nan nan nan nan nan nan nan nan nan nan nan nan nan nan nan nan nan nan nan nan nan nan nan nan nan nan nan nan nan nan nan nan nan nan nan
0.5761558356889554533 0.88260730496361194941 0.96620754630801475304 1.1817482720067402635 2.407476360102926094 3.6492697930255806327 3.0636357627889387878 3.6578418500328959695 2.6208802018003982681 2.171800486780004924 2.3783662678564039261 2.845665539488234419 3.7146637036449767777 3.9061469642514152767 2.1019377647764163619 2.2916128153993158278 2.1955874752939501526 0.80239994372827461167 1.1320794608790105684 1.1848609000260550417 0.87850154485153164607 0.70625379277071442807 nan nan nan nan nan nan nan nan nan nan nan nan nan nan nan nan nan nan nan nan nan nan nan nan nan nan nan nan nan nan nan nan nan nan nan nan nan nan nan nan nan nan
