results/rofental/snowmelt_month_2020-05-01T0000_2020-05-31T2300.asc
ncols        322
nrows        225
xllcorner    622802.488000000012
yllcorner    5178049.378999999724
cellsize     100.000000000000
[rows 56 to 83 of 225, columns 189 to 251 of 322]
nan nan nan nan nan nan nan nan nan nan nan nan nan nan nan nan nan nan nan nan nan nan nan nan nan nan nan nan nan nan nan nan nan nan nan nan nan nan nan nan nan nan nan nan nan nan nan nan nan nan nan nan nan nan nan nan nan nan nan nan nan nan nan
nan nan nan nan nan nan nan nan nan nan nan nan nan nan nan nan nan nan nan nan nan nan nan nan nan nan nan nan nan nan nan nan nan nan nan nan nan nan nan nan nan nan nan nan nan nan nan nan nan nan nan nan nan nan nan nan nan nan nan nan nan nan nan
nan nan nan nan nan nan nan nan nan nan nan nan nan nan nan nan nan nan nan nan nan nan nan nan nan nan nan nan nan nan nan nan nan nan nan nan nan nan nan nan nan nan nan nan nan nan nan nan nan nan nan nan nan nan nan nan nan nan nan nan nan nan nan
nan nan nan nan nan nan nan nan nan nan nan nan 50.80084112119863704 nan nan nan nan nan nan nan nan nan nan nan nan nan nan nan nan nan nan nan nan nan nan nan nan nan nan nan nan nan nan nan nan nan nan nan nan nan nan nan nan nan nan nan nan nan nan nan nan nan nan
nan nan nan nan nan nan nan nan nan nan 40.795496999570076468 63.906805474456966465 99.513548481600125228 90.91949875686398741 50.898587562979095367 nan nan nan nan nan nan nan nan nan nan nan nan nan nan nan nan nan nan nan nan nan nan nan nan nan nan nan nan nan nan nan nan nan nan nan nan nan nan nan nan nan nan nan nan nan nan nan nan
nan nan nan nan nan nan nan nan 110.57436742655060868 98.824138333470799012 90.370446928556589228 90.030532015525551515 106.88330881939695871 125.07204280687558651 137.73619597747219245 96.871986388726426753 nan nan nan nan nan nan nan nan nan nan nan nan nan nan nan nan nan nan nan nan nan nan nan nan nan nan nan nan nan nan nan nan nan nan nan nan nan nan nan nan nan nan nan nan nan nan nan
nan nan nan nan nan nan 24.622465267258093036 85.29132488771894316 117.80391039496048222 125.43862069712321272 133.31220563910682131 142.4191028638914247 132.62250596591522367 115.48036681502662759 157.53566722988921356 187.98090453162313906 178.84818951061177472 121.05090423199823135 nan nan nan nan nan nan nan nan nan nan nan nan nan nan nan nan nan nan nan nan nan nan nan nan nan nan nan nan nan nan nan nan nan nan nan nan nan nan nan nan nan nan nan nan nan
nan nan nan nan nan 61.097641706786788518 47.353310856122419636 96.24455158410519573 124.63145465250296695 136.61661536560947638 143.07837617792390006 152.98103029998000579 156.30261038365182458 136.48045118342258775 151.44885335602992882 194.35751718079214356 220.56718405299687902 226.40977229955728944 195.22040725165430786 89.49083893471386375 nan nan nan nan nan nan nan nan nan nan nan nan nan nan nan nan nan nan nan nan nan nan nan nan nan nan nan nan nan nan nan nan nan nan nan nan nan nan nan nan nan nan nan
nan nan nan nan nan 35.763772801672374158 31.991875644938939871 70.534044145705379947 117.99303422147885101 119.19855720663551324 120.80556368666094613 125.95847371313200824 138.49188593679537007 137.96512049048126869 145.09180921392464825 173.14759262735495327 203.20085212558964827 228.2645613068385444 231.42097780228627357 220.90036247918089884 156.02425045991304842 nan nan nan nan nan nan nan nan nan nan nan nan nan nan nan nan nan nan nan nan nan nan nan nan nan nan nan nan nan nan nan nan nan nan nan nan nan nan nan nan nan nan
130.02864013668406074 72.836096124847188094 nan nan 111.76426421335783346 91.515890368223509199 62.576403599043736392 52.640978987677094381 81.579633148349884664 86.459568757340264256 71.157742710014076692 107.56700849830936306 148.11664203028848874 152.71490186058855443 147.32477410583544497 160.53342867029508056 178.18059915096358736 205.92898183097511833 234.88311718443563336 233.68710883165243786 188.84169723133138064 130.01316554553005744 nan nan nan nan nan nan nan nan nan nan nan nan nan nan nan nan nan nan nan nan nan nan nan nan nan nan nan nan nan nan nan nan nan nan nan nan nan nan nan nan nan
158.12882720636474687 139.45651717435228534 112.66557667996654857 91.891567515104469521 109.20921538383332461 134.13035901557441321 150.62293476253435642 75.981635734230565049 70.439815393540897048 101.74482943468559881 93.431968318878361401 106.99865989826309942 144.14930214920005369 183.3671191439955237 170.18260741993063334 163.73327933831859582 180.32164686358379413 197.25734902990294017 224.71252354693356779 236.01491536324195408 200.73503265441354415 166.35675997563018313 118.72253053679885682 nan nan nan nan nan nan nan nan nan nan nan nan nan nan nan nan nan nan nan nan nan nan nan nan nan nan nan nan nan nan nan nan nan nan nan nan nan nan nan nan
171.54057407336594565 163.05083842184100718 147.44666494940733514 89.682116239528852475 127.8397572407196634 172.77473008602524374 191.08089792559249531 109.79797216593530607 63.120302082698948709 78.375310451931099465 93.363720055676608922 115.03525876123667615 122.74751052786346861 163.63963448086937547 181.20637542203414228 176.23347222696267522 190.95608418886939717 202.98936637837906005 222.2307762856609088 241.05254337096346262 212.80553068409906814 207.97906749601531828 177.36421121609870966 119.69485240526147152 nan nan nan nan nan nan nan nan nan nan nan nan nan nan nan nan nan nan nan nan nan nan nan nan nan nan nan nan nan nan nan nan nan nan nan nan nan nan nan
197.16451839325941364 196.67876440163215079 174.19094601826512303 97.224985066940121214 133.89589806905195246 191.8824227576268413 198.67906495450753823 172.08836481579353972 122.38324385877359646 45.576390930471845309 42.477731763385527586 110.37464925075802569 127.36892025625246561 153.39312717770178551 169.39086611284361084 171.91590736555269814 189.64298387416553737 198.47452784879743604 220.26557483005950644 260.58313568682552841 241.51376869411848247 239.69891364972241377 259.14434639557924811 149.06936797775483683 nan nan nan nan nan nan nan nan nan nan nan nan nan nan nan nan nan nan nan nan nan nan nan nan nan nan nan nan nan nan nan nan nan nan nan nan nan nan nan
220.19801529081422586 209.60197689748579819 171.23430410891225506 138.63410294399869827 150.78079426415305875 214.80628990612441953 209.89590245193053875 185.64111926635823124 185.99134811829270575 169.37717804797861731 35.246536749234806507 31.636025850293446382 81.801088711517706997 133.21751940601291153 163.59655241658626323 176.14099340126983861 198.63610602780721592 203.86492877771206622 229.78803598066548375 252.97222723396529886 269.65415335311843137 195.44510906962293006 218.9573458580971419 208.48424865536836137 nan nan nan nan nan nan nan nan nan nan nan nan nan nan nan nan nan nan nan nan nan nan nan nan nan nan nan nan nan nan nan nan nan nan nan nan nan nan nan
207.54698843479036441 203.11779738501684278 197.41266619928032355 186.15404221056169831 203.61400847667599123 236.09311480937580541 221.06672337808913653 204.06718441847746703 207.85357308710496227 198.73618889299129364 176.74010474733523779 57.273309219073212262 27.304679491024906213 45.665521727925174389 125.8510006460479218 173.30232833761866118 208.65017493678575988 230.28543280265384396 238.37725460192581295 247.46554522855819869 256.85583395502970916 295.90355182199959927 252.59667960339425008 216.72685310143953075 nan nan nan nan nan nan nan nan nan nan nan nan nan nan nan nan nan nan nan nan nan nan nan nan nan nan nan nan nan nan nan nan nan nan nan nan nan nan nan
199.1765629511571376 225.68070980143684778 215.97522481504202574 231.07390042793176121 256.10047485061488715 251.4474529372518532 234.76111819134129632 229.29975555682608501 228.2299885980034162 216.70651975413534274 197.80549089647055894 172.36428496073398264 179.54738361362279875 78.392824881296576223 60.252511174208535749 121.11427853236214958 197.51417832149957121 245.96219844243717034 259.01825473419336276 269.27757872127523342 326.91945582864326525 346.91822922869050672 212.32601833676133651 241.72734891072195751 218.37376034287973425 nan nan nan nan nan nan nan nan nan nan nan nan nan nan nan nan nan nan nan nan nan nan nan nan nan nan nan nan nan nan nan nan nan nan nan nan nan nan
199.86504096297468891 242.30797777605710053 254.58827412617750952 250.44859123330334683 260.08714022207084327 256.40791258491447024 261.7974882827064107 253.11666546027808522 249.02424379566940615 243.55392358705401534 223.72842836630215402 193.98118246967166556 220.52138328866735151 210.69708986883475177 99.156910051909022741 136.98315821108388946 199.35251731264918362 260.83079599270610061 328.16008562803540372 308.83966543236380176 204.48581700833830155 255.76848414280158295 209.46788730148620061 131.49870867608856884 279.58944943068149769 224.89210436033727092 nan nan nan nan nan nan nan nan nan nan nan nan nan nan nan nan nan nan nan nan nan nan nan nan nan nan nan nan nan nan nan nan nan nan nan nan nan
222.26628559733251222 251.79459678351696539 296.54804931641047006 289.91179178986647003 280.76886738348827066 261.84243580523377659 231.72618247853168327 253.12476704238545722 249.88241206122569338 237.91119585711476248 250.1734324452440319 215.63270279129210394 239.53400079304529413 234.72719145995270651 174.4824156556498167 132.29492999398752318 199.91237447904356372 334.50085944711418051 328.50388458867632835 317.59058494160137798 159.77782425462689275 76.712390254365146802 179.28337950884051111 122.22645167456124682 125.91490046763573218 329.58380200637412827 nan nan nan nan nan nan nan nan nan nan nan nan nan nan nan nan nan nan nan nan nan nan nan nan nan nan nan nan nan nan nan nan nan nan nan nan nan
230.2247264255932464 250.92227172241945254 281.13085396232850144 288.70066959612364599 283.98249971459443941 285.2277903197782507 237.34827279589703153 225.89497264901615381 225.0229025314521607 210.4807483507502468 231.20853407633575216 255.22455752968326692 243.96093784965043483 249.98979934376268375 232.8619203638912154 215.90054766745399206 180.33036672557295788 286.27347024549044363 295.14398330760241151 324.45792417603337299 219.49910537738642802 85.941029819066798723 83.016576163722348269 132.04337629298962042 162.16679996012041443 242.26680632536289295 242.07993974479751387 nan nan nan nan nan nan nan nan nan nan nan nan nan nan nan nan nan nan nan nan nan nan nan nan nan nan nan nan nan nan nan nan nan nan nan nan
227.14843940447852333 237.89610012380461512 274.635667862781645 282.30046499040525987 283.54808732118095804 280.86204804421765857 292.86355076297502364 226.79081084182632821 197.90251322701601566 185.27017620365347739 223.42113273024224895 269.26231395238528421 242.99000257148603055 267.37110145596813027 260.50663081599196857 256.92989803699742879 287.75064951394523405 246.88197862551658091 185.4825114882660273 249.36127288443285011 237.35786670710368185 166.68551056318699466 131.7363823350296741 196.41970775092354984 265.78365582534991063 333.32135865667675034 250.44975088924007878 nan nan nan nan nan nan nan nan nan nan nan nan nan nan nan nan nan nan nan nan nan nan nan nan nan nan nan nan nan nan nan nan nan nan nan nan
234.08293044372260283 243.4318018233745704 276.15251091383839821 278.53890030090110486 283.75126267157241955 290.9858768195574612 288.84576206229843365 263.7681201103447961 209.5238536146308661 190.65733056413438362 231.15951487069233394 289.59390454564038464 201.72677452089286021 257.76851451108666424 332.7725117014050511 317.37576919803234432 313.38487140421159438 301.59014101122863849 191.44081792979656598 186.5085490717584662 171.52148920186172631 217.52114861976687621 206.12688614701417578 242.19661579083265224 295.37597159851225115 355.40021458786969788 nan nan nan nan nan nan nan nan nan nan nan nan nan nan nan nan nan nan nan nan nan nan nan nan nan nan nan nan nan nan nan nan nan nan nan nan nan
229.7667155383677482 252.02784619228307861 277.08735575542704055 282.60513646916507469 277.28105243271954805 291.06924358472446102 267.87076775175592047 295.7739960269722701 260.97678132693005182 203.23407005063327802 227.72445105900078488 299.31723131375304092 195.14522224041400023 243.10821924578360154 293.88863126225834321 308.80822139530710047 339.84042858764831863 332.18479755854019686 239.9810030906577083 155.19307002015844432 106.45474944652016802 125.70418768954344557 185.74509118798550844 278.18445222536189476 295.83849041638029576 312.22395443982389907 nan nan nan nan nan nan nan nan nan nan nan nan nan nan nan nan nan nan nan nan nan nan nan nan nan nan nan nan nan nan nan nan nan nan nan nan nan
142.07259051377099013 222.96949986085959949 277.28961559069045961 278.51174366683022754 318.51873541213200269 328.11878516755717783 262.40555435063026835 260.95631746566090214 269.94721725289343794 204.90156738180763796 208.16663464837776587 259.61506721659191044 211.22835927204965856 175.16968596365353505 310.37013849003409405 333.82436877684972387 301.82726735788975247 243.99640033847418863 145.11608953520271825 106.62303133418423329 45.327968712661672157 84.944769506490644062 142.68524677950665591 177.8841822803239836 166.28346125551956902 290.22203531450838909 nan nan nan nan nan nan nan nan nan nan nan nan nan nan nan nan nan nan nan nan nan nan nan nan nan nan nan nan nan nan nan nan nan nan nan nan nan
182.09165554891345096 171.53918067219760246 236.47077169469389446 324.13518270958672929 297.57905001583560534 340.48686088749121836 290.866620371236138 241.61302477591814863 247.31553442519665964 271.35913468053814768 198.32961827516967901 184.33020479626455312 281.17719231442487171 247.89258122157289677 293.44388272251035232 336.76436313097667608 332.01077219835076448 285.86322456488920807 156.63278129138399208 90.622988247768930137 80.08078854587107287 150.95799690079522293 159.48615933741919548 134.27094230941898445 107.49917823844174336 nan nan nan nan nan nan nan nan nan nan nan nan nan nan nan nan nan nan nan nan nan nan nan nan nan nan nan nan nan nan nan nan nan nan nan nan nan nan
216.12951777229790196 196.03680279932657982 190.64409171347685401 309.59009270887878529 338.82125383388381579 339.20473614499758241 343.52972739763146137 261.77556675655029039 214.99617486686648249 240.08617462680004451 170.88547095219672656 148.79518313533978358 150.36365604435269461 311.84040678785623868 301.87164732813226919 302.6619294240337581 309.06475753712715004 272.25348924275726858 132.09204529174144227 83.412385184510583258 133.29679541978069324 108.62514698072178021 58.565087825985557402 99.295766511643293484 133.40187968506180027 nan nan nan nan nan nan nan nan nan nan nan nan nan nan nan nan nan nan nan nan nan nan nan nan nan nan nan nan nan nan nan nan nan nan nan nan nan nan
128.74150242744011052 190.43716171038929019 234.62338842956251028 302.97076099282168116 325.62199092318383009 264.92736817578412456 278.27786704801627593 278.57297193871357877 197.91349660334489613 219.52474496512297719 155.15890005457953293 152.68794768184008603 139.35459357583323481 247.17967320081365301 311.95658386557829544 351.69493904802016004 342.43049697002248877 298.92359142187899579 168.75930845586992746 96.651423314185450408 96.762173097054386517 37.32412091643617913 37.235516070433462232 41.189854655929835303 90.15518476716651719 nan nan nan nan nan nan nan nan nan nan nan nan nan nan nan nan nan nan nan nan nan nan nan nan nan nan nan nan nan nan nan nan nan nan nan nan nan nan
187.59581834614013474 179.49591079997802012 253.23141719190724075 283.20055571726527432 291.10746400115647248 227.35184019525075882 225.95767354670175564 230.05389358089348661 189.53445714575460102 209.1278389002340532 158.6705424877959274 143.27445048795607363 144.84441856726542142 160.96886300644413836 295.18077378786296094 323.56421018927875366 334.24246337368884952 322.40850991750096455 206.65650444637623195 56.40572979464591441 33.317155810490007184 33.860400517645857121 33.667298441271221066 36.449173717413700047 96.027826931906858476 154.04365997526434739 nan nan nan nan nan nan nan nan nan nan nan nan nan nan nan nan nan nan nan nan nan nan nan nan nan nan nan nan nan nan nan nan nan nan nan nan nan
215.32226417515386174 208.08985766060698097 279.24077989615551587 338.71369605695576865 247.81641582870491902 213.38311326847443183 188.9125810825422036 179.1436361383383371 167.78498672317547857 162.75322853780059518 125.59036263200414396 88.155301738109130838 147.31079678459062166 174.2009017732379732 203.86075873638932876 262.64568354676413264 296.82064600852316971 318.82518086193226736 222.37358603710706006 76.143776817150012448 31.804407268048564106 32.149613814393518396 31.811008796195675785 33.366213061495891168 36.709132721163740598 83.864746268030756937 65.393631377027816143 nan nan nan nan nan nan nan nan nan nan nan nan nan nan nan nan nan nan nan nan nan nan nan nan nan nan nan nan nan nan nan nan nan nan nan nan
