results/rofental/snowdepth_month_2020-04-01T0000_2020-04-30T2300.asc
ncols        322
nrows        225
xllcorner    622802.488000000012
yllcorner    5178049.378999999724
cellsize     100.000000000000
[rows 56 to 83 of 225, columns 186 to 247 of 322]
nan nan nan nan nan nan nan nan nan nan nan nan nan nan nan nan nan nan nan nan nan nan nan nan nan nan nan nan nan nan nan nan nan nan nan nan nan nan nan nan nan nan nan nan nan nan nan nan nan nan nan nan nan nan nan nan nan nan nan nan nan nan
nan nan nan nan nan nan nan nan nan nan nan nan nan nan nan nan nan nan nan nan nan nan nan nan nan nan nan nan nan nan nan nan nan nan nan nan nan nan nan nan nan nan nan nan nan nan nan nan nan nan nan nan nan nan nan nan nan nan nan nan nan nan
nan nan nan nan nan nan nan nan nan nan nan nan nan nan nan nan nan nan nan nan nan nan nan nan nan nan nan nan nan nan nan nan nan nan nan nan nan nan nan nan nan nan nan nan nan nan nan nan nan nan nan nan nan nan nan nan nan nan nan nan nan nan
nan nan nan nan nan nan nan nan nan nan nan nan nan nan nan 1.5651350694373511452 nan nan nan nan nan nan nan nan nan nan nan nan nan nan nan nan nan nan nan nan nan nan nan nan nan nan nan nan nan nan nan nan nan nan nan nan nan nan nan nan nan nan nan nan nan nan
nan nan nan nan nan nan nan nan nan nan nan nan nan 1.6523860379291772649 1.511729701252859881 1.3298362864209791745 1.3878160454931995904 1.5225954486829385015 nan nan nan nan nan nan nan nan nan nan nan nan nan nan nan nan nan nan nan nan nan nan nan nan nan nan nan nan nan nan nan nan nan nan nan nan nan nan nan nan nan nan nan nan
nan nan nan nan nan nan nan nan nan nan nan 1.3498403514833618999 1.302914150520432246 1.3193964155669715144 1.3312936734527214266 1.3019807040256128339 1.2215486886711728332 1.2046429631260642257 1.3621169096660501463 nan nan nan nan nan nan nan nan nan nan nan nan nan nan nan nan nan nan nan nan nan nan nan nan nan nan nan nan nan nan nan nan nan nan nan nan nan nan nan nan nan nan nan
nan nan nan nan nan nan nan nan nan 1.73182606314594012 1.37590703660477498 1.1744936960170684337 1.1284931789754149012 1.1133229878918948774 1.1315098006214825421 1.2067842361122953498 1.2595484546800046477 1.1212911255619928408 1.0251415958716423305 1.1408603493847333521 1.3359194633438831179 nan nan nan nan nan nan nan nan nan nan nan nan nan nan nan nan nan nan nan nan nan nan nan nan nan nan nan nan nan nan nan nan nan nan nan nan nan nan nan nan nan
nan nan nan nan nan nan nan nan 1.5833727810498114952 1.55283187772873843 1.319426351963996602 1.2265445881537575534 1.2104782747654811992 1.1889966271190852698 1.1429703333869618564 1.1256722343235427974 1.1962419040532652481 1.168415760529844194 1.0343769701895384472 0.92833564241112198623 0.92144681783254278606 1.1146309648351266919 1.4561666272073270356 nan nan nan nan nan nan nan nan nan nan nan nan nan nan nan nan nan nan nan nan nan nan nan nan nan nan nan nan nan nan nan nan nan nan nan nan nan nan nan
nan nan nan nan nan nan nan nan 1.6835792931162036901 1.6424059811943985121 1.4637755123543871871 1.2956687865691687289 1.3049710630350805918 1.2997601392148336874 1.2857306847647307357 1.2413000326826011399 1.2308867604702751208 1.2204319687846028053 1.1631973736770091499 1.0817970602054549634 0.96739465286626558083 0.90269296037125967835 0.97142710370686558008 1.2103139404973000115 nan nan nan nan nan nan nan nan nan nan nan nan nan nan nan nan nan nan nan nan nan nan nan nan nan nan nan nan nan nan nan nan nan nan nan nan nan nan
1.2398071390291900418 1.2481719519211560421 1.2040155576066626786 1.2732292293281723961 1.5838527785566163253 nan nan 1.2518740123320890589 1.2834382613240078452 1.4846718776253817751 1.5548854485046650353 1.4816827398012240025 1.4775242982543228543 1.4912688717262954086 1.3157005814838109714 1.2016127871909707547 1.1997286503909316835 1.2346690538835898288 1.22121701869355892 1.1787788403516441527 1.0881960390339395772 0.94494512589289436644 0.89846871014798324051 1.0789485447608926361 1.2698682427216947399 nan nan nan nan nan nan nan nan nan nan nan nan nan nan nan nan nan nan nan nan nan nan nan nan nan nan nan nan nan nan nan nan nan nan nan nan nan
0.88277209693971148141 0.94509513217918317274 1.0064254394073330889 1.0523470262047691648 1.1201516432451894545 1.2628181189534379847 1.3075840958421458549 1.1885893732767001119 1.0666555583985806166 1.1026531035388711377 1.4697362914483862451 1.5199956769376414822 1.378044041464433711 1.3405628539564615753 1.303850839586075061 1.2142307984220066519 1.1233632129117285814 1.1879493737200224057 1.2082178463338275609 1.1666177396623311768 1.1188719523861827554 1.0309002792750543431 0.9575005984880740062 1.06620307641992218 1.184093581650177196 1.3143893051731656563 nan nan nan nan nan nan nan nan nan nan nan nan nan nan nan nan nan nan nan nan nan nan nan nan nan nan nan nan nan nan nan nan nan nan nan nan
0.95485513755936679559 1.0061081828900300117 1.0056913774972362496 0.9713850267232275737 0.98458243400716682903 1.0682349363631267192 1.2712632326633812596 1.1329455956970158059 0.99330853425129550516 1.0015311030184590457 1.3530065260243782088 1.5447525660567900108 1.4518741060693423073 1.3536910423992134511 1.3120257953892007219 1.2902109015235407874 1.2226535143746761758 1.1632249120975914902 1.1633566783549642576 1.1272352122130819829 1.0990253071870519364 1.0402070526486051349 0.94695003493974627684 1.0124621993493483352 1.041212590759799772 1.1751741653645235708 1.3028104782525489203 nan nan nan nan nan nan nan nan nan nan nan nan nan nan nan nan nan nan nan nan nan nan nan nan nan nan nan nan nan nan nan nan nan nan nan
0.92109766306157325744 0.91892144950995735542 0.85439787332724703717 0.82169114494561268369 0.84475265998760629138 0.97237684246036359959 1.2451883169767803405 1.1321808900842174062 0.92801112005061858756 0.91335600225425184195 1.0390264837340847937 1.2959293740005726203 1.6059691183763193933 1.5654123738848575442 1.3311489033618488786 1.2924123051538871643 1.2434228090105936548 1.2083985537867669713 1.1786435585070162979 1.1449380651233080908 1.1157816873119039691 1.0274770090482703289 0.83929293464411880432 0.80538895081991657143 0.68968217168838219511 0.87540159834214681389 1.2387749541981067924 nan nan nan nan nan nan nan nan nan nan nan nan nan nan nan nan nan nan nan nan nan nan nan nan nan nan nan nan nan nan nan nan nan nan nan
0.8461597031331424823 0.78546486725306852161 0.82837044312237706478 0.88337100395926559937 0.89164785146572234087 0.94816479497794503573 1.0545041565186334953 1.0600875940575609224 0.87465828187730920718 0.85657834808525679104 0.91889937153058620645 0.93479848422258227103 1.1195952417662922151 1.6035881426923208615 1.5910728387877137724 1.4176854123375111083 1.2971352976002379354 1.2202344314473159148 1.1704418697945235817 1.108868541699346455 1.0733640735294904811 1.0071589305802368663 0.89086251725497866971 0.77910993401507322442 0.60331877766854358214 0.65839973001218676796 1.0033025083825590773 nan nan nan nan nan nan nan nan nan nan nan nan nan nan nan nan nan nan nan nan nan nan nan nan nan nan nan nan nan nan nan nan nan nan nan
0.90008354236759680056 0.85886641717005263175 0.89289807079779248689 0.92628011422319178614 0.79493582085015779271 0.7716692303899076455 0.8425848951599690384 0.82991876907443951072 0.79404455952893537862 0.84470061271859187002 0.86982101691592872417 0.83979968491993650659 0.87926653478010319276 1.0648072545997306904 1.530440582416970452 1.5978741768499622466 1.5149071657314447936 1.2945082639604383878 1.1751616124377062267 1.0417796725359693699 1.0019147205750544849 0.97675751892356010853 0.9661191839006618709 0.96733669528495369594 0.79713489679032445423 0.72988502999656057479 1.0455762109264539195 nan nan nan nan nan nan nan nan nan nan nan nan nan nan nan nan nan nan nan nan nan nan nan nan nan nan nan nan nan nan nan nan nan nan nan
1.0005198276337496921 0.89388654156633617909 0.8045848538428557184 0.86203916689151971475 0.71968350135148762003 0.62069904658480901105 0.64619256522482027005 0.69712997765045714438 0.74372776486083658209 0.77874996467287660451 0.80017504402198302849 0.80289406076623537345 0.82071459049543982189 0.87216696206328270247 0.9789242848366961347 1.0622647966872196257 1.3973882859480559748 1.4334121729713062976 1.2850647482135182376 1.0744337736859463917 0.9432817532067445665 0.90533118369557463723 0.89139104513162870091 0.9380223485506968828 0.88131418159620789066 0.63964848196587931195 0.71337249788617729251 1.2179943825045544958 nan nan nan nan nan nan nan nan nan nan nan nan nan nan nan nan nan nan nan nan nan nan nan nan nan nan nan nan nan nan nan nan nan nan
1.0511426607965455027 0.96519271304549481005 0.90538854867531948223 0.98831924986009656031 0.87487899568369886794 0.72178080102550923325 0.71674498395034402787 0.72279578237687558406 0.70777200191333766721 0.71045340848034199688 0.74330736628333482496 0.74996173184742931372 0.75788089626853549774 0.8415836608758151538 0.9363729768271761289 0.83392937332023142627 0.95694202867537414559 1.3026528341108252196 1.2160394206272227002 1.0898597949390331774 0.92130570866424954524 0.88232694895510788147 0.80452241315816364065 0.62506452986140936812 0.72621095449310946179 0.64433370711741877468 0.5167151209139012602 0.78651811260330684039 1.2041466852136184507 nan nan nan nan nan nan nan nan nan nan nan nan nan nan nan nan nan nan nan nan nan nan nan nan nan nan nan nan nan nan nan nan nan
1.0999315808279337414 1.0017774595212960431 0.89727015416423017147 0.92369867579484787878 0.87099746520818011053 0.79585702728795448824 0.77785168582476760246 0.75512572731968274908 0.72424337014396145129 0.67580715378873723598 0.71034194258304339531 0.70021361139556437259 0.68169293647915574219 0.75053239395584570026 0.88765401847419012071 0.81491870812258715429 0.80414672826236244241 1.0740338604789458898 1.2242745628638507238 1.0750201212974341836 0.87848275207470249981 0.90092032979841252249 0.86743023932035312473 0.53679075409204890512 0.42549744736288064306 0.60399480914030700962 0.51741441564460910474 0.51705071763067123047 0.97930313565147797394 nan nan nan nan nan nan nan nan nan nan nan nan nan nan nan nan nan nan nan nan nan nan nan nan nan nan nan nan nan nan nan nan nan
1.0954679600089265445 1.0426212816528970251 0.95445854623720660648 0.95244398273924846254 0.91802961087220069647 0.84920598335598218576 0.80499935134475053555 0.80820434324973000617 0.78606962585947193212 0.68964255877749869317 0.66554897599302176303 0.66389682008309425232 0.63439778269225566287 0.67259029862259300803 0.82491061968495604795 0.84997311534004849065 0.80793053501610934131 0.84372293798278519272 0.98275140467565846869 1.123013743887932181 0.76664791346427274554 0.79113810358458880323 0.8899702016909772917 0.68117346274655521388 0.45146830251912067888 0.45515146512832421744 0.5502322033286888292 0.5922749113314426106 0.73620774666550992116 1.1814509721008719101 nan nan nan nan nan nan nan nan nan nan nan nan nan nan nan nan nan nan nan nan nan nan nan nan nan nan nan nan nan nan nan nan
1.1376606115378948836 1.0836944584812486791 1.0342605018390051974 1.002984194181025801 0.9643243879440269728 0.85390623140090837762 0.81861374186794277907 0.82502483077359889396 0.8438494694497291615 0.78825171643862979032 0.6692979022972783687 0.61380687614318896195 0.5953707189974816183 0.66921187865461562172 0.85727206920000387225 0.89866622515631744417 0.79017988925654136789 0.81171077110914247044 0.80444495066337096123 0.89597457167977256898 0.70665535785028421589 0.60573628038646976091 0.72898665573484766611 0.72698758939786067845 0.62307823195355771517 0.56721600270920702336 0.67064440662890167921 0.78658443478479156408 0.90044986806562077319 1.1761531070996347204 nan nan nan nan nan nan nan nan nan nan nan nan nan nan nan nan nan nan nan nan nan nan nan nan nan nan nan nan nan nan nan nan
1.2257631112106732729 1.1893290873392461382 1.125057295561610049 0.97722879973441389989 0.93982147439030172542 0.85372868303963922454 0.8221612943716021249 0.81490349468679745826 0.78734858531799234438 0.77690347682183047429 0.7399198472403109017 0.64344776454510688168 0.61590975697728034266 0.68391126737197771579 0.85317460737353323363 1.1108980317428278628 0.93750647713734613919 0.84993731606114109045 0.88431053504931134146 0.90227260049455615398 0.8103981145452099355 0.63531271580032599999 0.63005108619054461805 0.61881954049618903557 0.7175966378258238354 0.69818656397774803146 0.7520982950369650144 0.84905661033496870882 0.93259493576739682652 nan nan nan nan nan nan nan nan nan nan nan nan nan nan nan nan nan nan nan nan nan nan nan nan nan nan nan nan nan nan nan nan nan
1.341757991587538168 1.3143276279198266021 1.1953805718537728886 1.0220037546128410977 0.91917984466267488308 0.85768266349870203591 0.81563506046679079553 0.83933742189411464363 0.77927529157589014996 0.74627522438207560818 0.79892344125468972571 0.74801817226116407156 0.64474691424322561062 0.67912802435879315865 0.81678642443905269399 1.1120581733621139886 0.954913575500546008 0.78902741241960261398 0.81113722862855031082 0.86296346719086602928 0.864796428352424984 0.72479401104675955647 0.58261339350570451323 0.5016933503944307482 0.55762611056475896998 0.66335674393936605586 0.81367875583753079827 0.84204690777785140554 0.84485838508240185263 nan nan nan nan nan nan nan nan nan nan nan nan nan nan nan nan nan nan nan nan nan nan nan nan nan nan nan nan nan nan nan nan nan
1.3045990343565894154 1.2837903426818066954 1.268552356840706663 1.2058098998553297143 1.0323721503228324714 0.85858540209753175798 0.76248232641922186748 0.82369011625529009457 0.84093541585451003773 0.73939120203782071616 0.74419679103777203188 0.76532511531574065611 0.65079603382647666088 0.64257094893307609151 0.73664871778448437478 1.1017787989593459397 1.1856114274392319796 1.0067919218000453974 0.89560511356501371072 0.81059285570133154941 0.71832387144832221537 0.55645777566256415803 0.50185256979877368444 0.41990225766972866239 0.47200158966231575697 0.58237051761386060544 0.63783166089687415301 0.60931637799693205704 0.79634075632482348439 nan nan nan nan nan nan nan nan nan nan nan nan nan nan nan nan nan nan nan nan nan nan nan nan nan nan nan nan nan nan nan nan nan
0.97010958446608286376 0.95130728319798441017 1.0208982559580177529 1.1155938386035504362 1.1557738431265933698 0.99888500494717968881 0.84015392606124150721 0.79635579903346387365 0.86755866306427753543 0.79157482720870830928 0.70861312299619039212 0.73367122460102318637 0.7782283292700648003 0.63176525273749040146 0.59248858671458226599 0.77247596444054067444 1.1029084573322860408 0.99207347326502404172 0.86057383077422933138 0.86202401093133307342 0.80228890287742216092 0.58768188581137259519 0.48634609722894250883 0.47247100538760683497 0.59769694829027530947 0.61599893972303787493 0.56529389990922951359 0.50236453547495463212 nan nan nan nan nan nan nan nan nan nan nan nan nan nan nan nan nan nan nan nan nan nan nan nan nan nan nan nan nan nan nan nan nan nan
1.2487530341641934761 1.1378211963706506005 1.0606489990550131974 1.0417568204499139117 1.1006361036713887547 1.1213818120480565366 0.95207801901509481191 0.86280144609641262754 0.89568056019422093161 0.87989689107273783009 0.75356824210350814575 0.67819340398156091609 0.71572148546562941451 0.58958968670519107391 0.54103827027753104151 0.53745132411259399774 0.88873548475364350097 0.93673441221693809489 0.81583822284938778413 0.83284338530035240122 0.7824855069699194754 0.54944085023892730302 0.48583145364040225544 0.56961215753502481007 0.53880309750597565888 0.45213708036224958819 0.50703226071983165113 0.56507698994795219072 nan nan nan nan nan nan nan nan nan nan nan nan nan nan nan nan nan nan nan nan nan nan nan nan nan nan nan nan nan nan nan nan nan nan
1.1712755955426101817 1.2614827455860786465 1.2817753284817123838 1.2411858620776550222 1.0933322570296746257 0.98746941901091167537 0.95498906655632043172 0.83808186862494160607 0.74359526270320042141 0.77537653446150112124 0.78321367140487740954 0.6497986276334292155 0.67606795744322956132 0.57248267724779411392 0.56266595586004963803 0.53145811302257583986 0.71658215421592230676 0.94259462085415002264 0.8995332698392678461 0.89306542423864487823 0.83219516143133054342 0.62204736658844006492 0.51712866392446055208 0.50341838672317429371 0.38872773050873876688 0.32640816790432525263 0.3941558835754343515 0.48778543768291315885 nan nan nan nan nan nan nan nan nan nan nan nan nan nan nan nan nan nan nan nan nan nan nan nan nan nan nan nan nan nan nan nan nan nan
0.93351637349750138384 0.95194723878547848894 0.98543331303427250667 1.0522154265768235426 1.0830866439444728488 0.87782049308962162293 0.72739317629625643846 0.77947955769096877177 0.67743489788263888673 0.68438021474750954098 0.7001179345065238202 0.63720486392914377216 0.66494327452255486133 0.58383682999531394398 0.5579071778584592245 0.55364374439494390412 0.57390720357171887134 0.80613755740858650256 0.85983381997523244955 0.88706022849997157032 0.87730667003867779385 0.69186029937587234517 0.45844734928425712184 0.37185016254191255447 0.35333423728697316291 0.30334776662016360582 0.33653888634833983851 0.50812586424195904655 0.5973476415089353786 nan nan nan nan nan nan nan nan nan nan nan nan nan nan nan nan nan nan nan nan nan nan nan nan nan nan nan nan nan nan nan nan nan
0.91241467384837338095 0.88463557537497528038 0.93760999911443998478 0.95447923203766205091 0.9978122579205174203 0.98672749828809258599 0.82154188048594067872 0.71581912550453663524 0.65789453439354173003 0.62628335585661332185 0.61609756469281951041 0.5984681510373179858 0.58890345728649495793 0.52972552623580004827 0.46796668695781512559 0.56794484100033859608 0.60738307799419044564 0.65565906774569948645 0.76431332467533685815 0.8316795907520148079 0.87137681591883087151 0.72145348834598566068 0.48494629156389112978 0.36232803956807130286 0.34916822341686371001 0.2868522227154067239 0.29192887824979307787 0.40813873918718696077 0.48425139264096633829 0.46799962739112777044 nan nan nan nan nan nan nan nan nan nan nan nan nan nan nan nan nan nan nan nan nan nan nan nan nan nan nan nan nan nan nan nan
