results/rofental/snowmelt_month_2019-11-01T0000_2019-11-30T2300.asc
ncols        322
nrows        225
xllcorner    622802.488000000012
yllcorner    5178049.378999999724
cellsize     100.000000000000
[rows 116 to 144 of 225, columns 192 to 255 of 322]
0.95368794757791786054 0.89819032218807903778 2.0953350810965325479 3.7847138763126637606 3.6470876909203426841 3.3915305078325963528 2.9863607406978598391 2.9400873871594122022 1.9241534723851450028 1.4413100350184822052 1.840288689250347387 2.452386910382330143 2.7153277885507676181 2.7818698388304250457 3.7018111029178304427 3.8129861511270224383 1.0086399651472259809 0.27657760739505887759 0.52943885344947327898 0.53878385831399056016 0.24505255719578758478 1.0573706823708555191 nan nan nan nan nan nan nan nan nan nan nan nan nan nan nan nan nan nan nan nan nan nan nan nan nan nan nan nan nan nan nan nan nan nan nan nan nan nan nan nan nan nan
1.8396535791752854916 3.2335713445415565914 3.8448576750111214118 3.3014195005420590157 3.4735922797993645794 2.5366517710256641926 2.1928928124109274833 2.4553088921981194304 2.1748495327034449431 1.3044477456337788546 1.3752083714656366809 1.2795439887070161333 1.4963669597807531808 1.8444016486435532709 2.8881463844901027471 3.44744649052908958 1.1508455244820892105 0.070850669803670149327 0.07388999198419625436 0.087520824318951709331 0.087941242128000723932 nan nan nan nan nan nan nan nan nan nan nan nan nan nan nan nan nan nan nan nan nan nan nan nan nan nan nan nan nan nan nan nan nan nan nan nan nan nan nan nan nan nan nan
3.7956869005431124187 3.5156165292809617995 3.4040318928774468965 3.0776975018203076573 2.4933788500364548746 1.758577824538089196 1.50328805901545004 0.87011008695518188283 1.816439066717345785 1.9965737297197407862 1.4743575667290613751 1.2739581746163275433 1.4585077878263472684 1.7945351263486601923 2.0915688375601235727 1.7945583804067708478 1.3844180947472555232 0.0063186577102505728579 0 0 nan nan nan nan nan nan nan nan nan nan nan nan nan nan nan nan nan nan nan nan nan nan nan nan nan nan nan nan nan nan nan nan nan nan nan nan nan nan nan nan nan nan nan nan
3.3324696628061500903 3.4419062865958260922 3.0079159452826074173 2.0780884671562835919 1.5546346037415676999 1.2553530454221293322 0.72735835914948487879 1.3321664533676578213 1.8394042985025864656 1.8677000255610665125 1.5018363621140546904 1.7178742708036049969 1.66746513267311669 1.6707394640736343838 1.6242732363232392778 0.7556274476666275941 0.19808840663772936397 0 0 nan nan nan nan nan nan nan nan nan nan nan nan nan nan nan nan nan nan nan nan nan nan nan nan nan nan nan nan nan nan nan nan nan nan nan nan nan nan nan nan nan nan nan nan nan
2.6523926022320036822 2.3385403972408211892 2.0902353508844444541 1.6410668162455124275 1.1183608807730565093 0.4804539672099896741 0.59560434314176702308 1.338780842095929291 1.8227322140096327008 1.7498490075936288246 1.0825788188149398916 0.96433942981723907995 0.73747227838398354827 0.79868668542226262108 0.37972364580470974182 0.20624862070319358032 0.53192801094654063032 0 0 nan nan nan nan nan nan nan nan nan nan nan nan nan nan nan nan nan nan nan nan nan nan nan nan nan nan nan nan nan nan nan nan nan nan nan nan nan nan nan nan nan nan nan nan nan
1.7763676858377004386 1.4887340745174721945 1.2271287200413514284 0.77401645530319906907 0.53389685634165917616 0.13633625345365363302 0.96716570151724945426 1.3241454287662783873 1.6117882732240411681 2.0234023280380526444 1.159877461530774978 0.58079630290481032429 0.3910332272662232489 0.95475916921851011754 0.84013812609068172499 0 0.086036980681411884264 0 0 nan nan nan nan nan nan nan nan nan nan nan nan nan nan nan nan nan nan nan nan nan nan nan nan nan nan nan nan nan nan nan nan nan nan nan nan nan nan nan nan nan nan nan nan nan
1.8730279187230183258 1.2539098683260292422 0.88578643286680480706 0.28478687727076290592 0.087429605874040292046 0.28003606999151914314 0.65590868403360713668 1.0198215159306323052 1.1422359561793653526 0.76400461171945754923 0.61729060891018705526 0.78624703472768742163 0.70757244335527746948 1.1085369509708167257 1.3699993516793926851 0.26375081315349280242 0.353346186026734288 0.35399190729712309844 0.0036081962513850214525 nan nan nan nan nan nan nan nan nan nan nan nan nan nan nan nan nan nan nan nan nan nan nan nan nan nan nan nan nan nan nan nan nan nan nan nan nan nan nan nan nan nan nan nan nan
1.8180139398492676239 1.0911878637877079345 0.60524478391756109108 0.058203662353969620735 0.10364820785418882299 0.7158843368477901814 0.5333951076924898782 0.30371639113395632048 0.13131706210953050795 0.087968640126990640948 0.24378609805870166127 0.4218183753411146597 0.51734759435591082255 0.71859756837639454652 3.7665419248327185464 7.9055621557004718269 6.0450235016855939918 5.2661331099642705311 1.8039879113250045783 nan nan nan nan nan nan nan nan nan nan nan nan nan nan nan nan nan nan nan nan nan nan nan nan nan nan nan nan nan nan nan nan nan nan nan nan nan nan nan nan nan nan nan nan nan
1.7944430659125201188 0.90202472284727297502 0.07618841552006203055 0 0.012434736709907637936 0.37106108929701814292 0.60568735068984269621 0.67490093570715714577 0.54150935283096579553 0.53460399957382020997 0.44179390982210814398 0.54875061417890058646 1.0274869775713277864 0.92250328146664006823 1.2119354279384306761 4.1593520096477485382 4.2646952050175448434 2.4997122444420645238 1.0943844031391301019 nan nan nan nan nan nan nan nan nan nan nan nan nan nan nan nan nan nan nan nan nan nan nan nan nan nan nan nan nan nan nan nan nan nan nan nan nan nan nan nan nan nan nan nan nan
1.3940476903075136317 0.97691484035842335309 0.24002215385780412138 0.17814412641030216711 0.24261405442933065002 0.007932428705663815624 0.033680275905019922689 0.027680171926057657583 0.073199561836438761797 0.22179591910487866935 0.3644700133090584826 0.45285839880569644933 0.52683093075678111283 0.32669994765499754674 0.45178164837660322872 1.0008708631139728862 2.2079286036920118264 1.0105275777929862979 1.7254620776617897171 nan nan nan nan nan nan nan nan nan nan nan nan nan nan nan nan nan nan nan nan nan nan nan nan nan nan nan nan nan nan nan nan nan nan nan nan nan nan nan nan nan nan nan nan nan
1.0996264465996949955 0.89946236201610640926 0.40682878985031400987 0 0 0 0 0 0.092539182737385927702 0.24795178225240091519 0.33323775300706282021 0.23378842032033236853 0 0 0 0 1.3908596802861210584 3.5265602772819510946 nan nan nan nan nan nan nan nan nan nan nan nan nan nan nan nan nan nan nan nan nan nan nan nan nan nan nan nan nan nan nan nan nan nan nan nan nan nan nan nan nan nan nan nan nan nan
1.2965918467836168304 0.62183175354809661073 0.76481682955791185918 0 0 0 0 0 0.11177123460429702617 0.29263475724602955319 0.26736862812362294228 0.10546178816010175205 0.065469345178533602803 0 0 0 0 0 nan nan nan nan nan nan nan nan nan nan nan nan nan nan nan nan nan nan nan nan nan nan nan nan nan nan nan nan nan nan nan nan nan nan nan nan nan nan nan nan nan nan nan nan nan nan
0.73997698472007034098 0 0 0 0.014646215390736190554 0 0 0.023758862601293985473 0.12331698380098544965 0.16841374154538663044 0.14418592075737179936 0.2387063448419933509 0.50295570635256092729 0 0 0 0 0.23438090271716222057 nan nan nan nan nan nan nan nan nan nan nan nan nan nan nan nan nan nan nan nan nan nan nan nan nan nan nan nan nan nan nan nan nan nan nan nan nan nan nan nan nan nan nan nan nan nan
1.887807576247309882 0.90997061325464578818 0.33255430752268066996 0 0 0 0.069583957674342000743 0.11743718457145255196 0.12361473094046207533 0.072571027089383649544 0.004508012539323639177 0 0.21510349907148523796 0.24051461654663233714 0 0 nan nan nan nan nan nan nan nan nan nan nan nan nan nan nan nan nan nan nan nan nan nan nan nan nan nan nan nan nan nan nan nan nan nan nan nan nan nan nan nan nan nan nan nan nan nan nan nan
1.2330887589985692898 1.5499667602700815117 1.7407329032106244604 0.068965945451851931591 0 0 0 0 0 0 0 0 0 0.046610123428473398954 0 nan nan nan nan nan nan nan nan nan nan nan nan nan nan nan nan nan nan nan nan nan nan nan nan nan nan nan nan nan nan nan nan nan nan nan nan nan nan nan nan nan nan nan nan nan nan nan nan nan
4.1209938110170494241 8.0339309847997295577 7.1898341083270524976 1.1044234400707673149 0 0 0 0 0 0 0 0 0 0 nan nan nan nan nan nan nan nan nan nan nan nan nan nan nan nan nan nan nan nan nan nan nan nan nan nan nan nan nan nan nan nan nan nan nan nan nan nan nan nan nan nan nan nan nan nan nan nan nan nan
2.2886929154009192366 2.0568051953754582506 1.4873095284267914273 0.90164193102433132232 0 0 0 0 0 nan nan nan 0 nan nan nan nan nan nan nan nan nan nan nan nan nan nan nan nan nan nan nan nan nan nan nan nan nan nan nan nan nan nan nan nan nan nan nan nan nan nan nan nan nan nan nan nan nan nan nan nan nan nan nan
1.1812999726728268257 0.51965623376443337289 0.28544101009458716645 0.1040032796288637984 0 0 nan nan nan nan nan nan nan nan nan nan nan nan nan nan nan nan nan nan nan nan nan nan nan nan nan nan nan nan nan nan nan nan nan nan nan nan nan nan nan nan nan nan nan nan nan nan nan nan nan nan nan nan nan nan nan nan nan nan
0.88682174209712949509 0.18479992312621715267 0 0 0 nan nan nan nan nan nan nan nan nan nan nan nan nan nan nan nan nan nan nan nan nan nan nan nan nan nan nan nan nan nan nan nan nan nan nan nan nan nan nan nan nan nan nan nan nan nan nan nan nan nan nan nan nan nan nan nan nan nan nan
0.38948934244027666463 0.0054195504187056304721 0 0 0.092728466732218739477 nan nan nan nan nan nan nan nan nan nan nan nan nan nan nan nan nan nan nan nan nan nan nan nan nan nan nan nan nan nan nan nan nan nan nan nan nan nan nan nan nan nan nan nan nan nan nan nan nan nan nan nan nan nan nan nan nan nan nan
4.4054556742469941355 6.9187435214817991636 5.8876880435810923231 2.3898107459445223633 0 nan nan nan nan nan nan nan nan nan nan nan nan nan nan nan nan nan nan nan nan nan nan nan nan nan nan nan nan nan nan nan nan nan nan nan nan nan nan nan nan nan nan nan nan nan nan nan nan nan nan nan nan nan nan nan nan nan nan nan
3.651893276689046175 5.2529856169438593483 2.7692937239694535023 0.54982992287796705888 0 0 nan nan nan nan nan nan nan nan nan nan nan nan nan nan nan nan nan nan nan nan nan nan nan nan nan nan nan nan nan nan nan nan nan nan nan nan nan nan nan nan nan nan nan nan nan nan nan nan nan nan nan nan nan nan nan nan nan nan
0.62399397233701603405 2.4317507505696203118 3.7493558354155429591 3.6326454948922939359 2.6765626714177388479 0.036002397829387501604 nan nan nan nan nan nan nan nan nan nan nan nan nan nan nan nan nan nan nan nan nan nan nan nan nan nan nan nan nan nan nan nan nan nan nan nan nan nan nan nan nan nan nan nan nan nan nan nan nan nan nan nan nan nan nan nan nan nan
0.21217017689813894021 0.61628275219423811482 0.98449865653850432423 0.29212571869245640421 0 0 nan nan nan nan nan nan nan nan nan nan nan nan nan nan nan nan nan nan nan nan nan nan nan nan nan nan nan nan nan nan nan nan nan nan nan nan nan nan nan nan nan nan nan nan nan nan nan nan nan nan nan nan nan nan nan nan nan nan
0 0 0.25741586017563661271 0.0019700139038688049484 0 0 nan nan nan nan nan nan nan nan nan nan nan nan nan nan nan nan nan nan nan nan nan nan nan nan nan nan nan nan nan nan nan nan nan nan nan nan nan nan nan nan nan nan nan nan nan nan nan nan nan nan nan nan nan nan nan nan nan nan
0 0 0.46343979346896319038 1.1795829409562970103 0.094563681822349116013 0.006314698564691068744 0 nan nan nan nan nan nan nan nan nan nan nan nan nan nan nan nan nan nan nan nan nan nan nan nan nan nan nan nan nan nan nan nan nan nan nan nan nan nan nan nan nan nan nan nan nan nan nan nan nan nan nan nan nan nan nan nan nan
0 0 0 0.73582076835249254909 0.92405971033244205248 1.0141049063567559863 nan nan nan nan nan nan nan nan nan nan nan nan nan nan nan nan nan nan nan nan nan nan nan nan nan nan nan nan nan nan nan nan nan nan nan nan nan nan nan nan nan nan nan nan nan nan nan nan nan nan nan nan nan nan nan nan nan nan
0 0 0 0 0 1.3494233884239676957 nan nan nan nan nan nan nan nan nan nan nan nan nan nan nan nan nan nan nan nan nan nan nan nan nan nan nan nan nan nan nan nan nan nan nan nan nan nan nan nan nan nan nan nan nan nan nan nan nan nan nan nan nan nan nan nan nan nan
0 0 0 0.0060359602084676397885 nan nan nan nan nan nan nan nan nan nan nan nan nan nan nan nan nan nan nan nan nan nan nan nan nan nan nan nan nan nan nan nan nan nan nan nan nan nan nan nan nan nan nan nan nan nan nan nan nan nan nan nan nan nan nan nan nan nan nan nan
