results/rofental/snowdepth_month_2020-06-01T0000_2020-06-30T2300.asc
ncols        322
nrows        225
xllcorner    622802.488000000012
yllcorner    5178049.378999999724
cellsize     100.000000000000
[rows 174 to 202 of 225, columns 128 to 191 of 322]
nan nan nan nan nan nan nan nan nan nan nan nan nan 0.0237249353783675343 0.021106879979741335202 0.020818443288997200147 0.01960572750526710234 0.016754785019783353245 0.013527268428931734159 0.012397725354246684135 0.012310211686274300999 0.013944934620937913042 0.013911272879934124397 0.012560242933670388507 0.013529273302490200936 0.015033775808973302499 0.015871533023521226802 0.019435601936712711135 0.076421538766193383707 0.057200960505481283913 0.056461562499023495998 0.048797403017964632865 0.18258688274376644323 0.49062880339048087208 0.80413037839154843933 0.95144992311673781682 1.0387763434523420436 1.0094477692109566913 1.0055372304219316604 0.84445772955733777732 0.99100396346263353031 1.2210121286718489397 1.0977004265359537882 1.1075775399816205624 1.0772263149854359732 1.0273689879290675009 0.97345196150949919733 0.93986222442045475045 0.93512781391049604185 0.87957126908410476762 1.0387752491036164049 1.6759119065678775851 1.5534747350173752078 nan nan nan nan nan nan nan nan nan nan nan
nan nan nan nan nan nan nan nan nan nan nan nan nan 0.023732223574888473838 0.018096913447540764058 0.019342781992448484368 0.016594741965704224579 0.012685963454188185079 0.011980263129726375151 0.012347853103510773518 0.01359767747470906965 0.014397196128970293771 0.014592625519035659631 0.013127293531177128272 0.01394549168643701223 0.015954034002222245575 0.019344284163207617344 0.029734400939509457451 0.16351379984528904843 0.15384283067718765303 0.11025042939673392051 0.1012429362686998735 0.076777543807276041332 0.4293880586703175406 1.2262724312134511973 1.426655482552858567 1.0665865998114028024 1.0604762468203268178 1.1639707706733040116 1.1110187295827762544 1.0677085753311688077 1.385657589463505035 1.3438937164752318143 1.334409819283184806 1.2506930706228003292 1.1305652867340749701 1.0906703675499456185 1.0371600173095758546 1.0132909910784053675 0.97476261141247910746 0.99353698157150027725 1.1740964773360376139 nan nan nan nan nan nan nan nan nan nan nan nan
nan nan nan nan nan nan nan nan nan nan nan nan nan nan 0.017872273594257255536 0.017804081627245268993 0.015797913694425385484 0.012312239541503108842 0.012395472464944897947 0.013990255945089718342 0.014459651677628467675 0.015156170801518221644 0.015276089419469163905 0.014195218582059965229 0.014785726121038476888 0.017042621240279304251 0.028775592959814848271 0.079984980802815575096 0.19501951477288864689 0.19454697887230021358 0.15892467542864768815 0.062329334729523136471 0.049575232216496976922 0.21553794100275480705 0.69411960943855655071 1.2844217426215476241 1.1391616182017283432 1.0922475583622950346 1.1883351241863708836 1.2296943577877383902 1.1188025540061050656 1.2904163631601854867 1.2033469475733378218 1.1797193269178603003 1.1732874545989884218 1.2317859133410291594 1.2475758199000508419 1.224851060076639131 1.1602684006402235184 1.1386570120161982889 1.0791222253087047189 nan nan nan nan nan nan nan nan nan nan nan nan nan
nan nan nan nan nan nan nan nan nan nan nan nan nan nan nan 0.018537447649961281276 0.016580743003586983358 0.013021784237881429622 0.012957658318220993329 0.014471509432606995821 0.015348150375993435679 0.016008412376109174696 0.016493314430411864374 0.016476450946453044533 0.017385917744562696952 0.020355825881809511829 0.024969210250879527585 0.03637001720268970284 0.045703679186520240751 0.074127299624496351127 0.10481464693384598408 0.13279696166144522307 0.13129884822822893153 0.51361200610773949382 0.49781141113589233438 1.0464438036918461972 1.3597295598464755884 1.2052733943317195386 1.1862656669362707795 1.21038618948957577 1.1435840399180992044 1.422646802582336889 1.3383759644593360427 1.3521446175143996271 1.3110571603004279595 1.2402334145835889334 1.2557227654078519929 1.2724438909827249233 1.2655665583078521408 1.0157916924492591537 nan nan nan nan nan nan nan nan nan nan nan nan nan nan
nan nan nan nan nan nan nan nan nan nan nan nan nan nan nan 0.017064453902739622898 0.015429821265816828432 0.013047102364526235244 0.012899597518329440626 0.014022725615667547966 0.015529707512571148953 0.017622548582353986246 0.019231595507977098519 0.019030411065777665114 0.018360587559281660308 0.024759336687268138077 0.026038786653776166413 0.023565606367042902375 0.027221646196920967764 0.036509692669539531296 0.14972491953970523682 0.30863097180417414789 0.27766623015240643468 0.86644028165569653144 1.0356059153699133102 1.1719037829321048427 1.3868006781997719301 1.2836056020182506909 1.2706717269343767995 1.2855836498020936087 1.2281785453564841859 1.7294696673203113768 1.6708644054577759253 1.6878683628518003079 1.674822703098576504 1.6597752359248434395 1.445645678275113255 1.3051155081800787094 1.2745872657302639297 1.4779592380956974029 nan nan nan nan nan nan nan nan nan nan nan nan nan nan
nan nan nan nan nan nan nan nan nan nan nan nan nan nan nan nan 0.013705338713337761325 0.012795849505055353207 0.013049726029830243518 0.015086216693909016567 0.016859198256667574933 0.019115789170325431928 0.026907559643958647855 0.024575187180737659287 0.018283704490355334044 0.020350077511401148261 0.02298195119918567883 0.022546218964061379153 0.024794543208502647924 0.025738594787465429725 0.048537231887838226674 0.24345408360706827233 0.036491788345898078239 0.034747454841398447978 0.45778073811575298313 1.0739322623340550322 1.4494639455866027422 1.5731080023006698276 1.4359836122909395151 1.201225316574713986 1.3098372716607336042 1.803564983593771931 1.7947575857328594839 1.8192771702912153842 1.9761558995969312758 1.9535103490599163845 1.8135229891731980967 1.5786785265517588872 1.3763376014952495296 nan nan nan nan nan nan nan nan nan nan nan nan nan nan nan
nan nan nan nan nan nan nan nan nan nan nan nan nan nan nan nan 0.012954625094089750742 0.014062216704994780214 0.015057035287431177681 0.015992960017136268608 0.018691853138500306303 0.021140839174179606313 0.023679913943754037076 0.028494247465045034057 0.019617554986183116661 0.01907567946714481058 0.020832473338541612068 0.020893471102431403902 0.023544478799471701275 0.02678629082358954458 0.078947889648266530993 0.36096548511600851095 0.49981237744126616462 0.056498060997621141199 0.033093491082064295516 0.12525388378989313343 1.3604968590119799199 1.6362624175350555245 1.5636229465356192847 1.4969617265570431819 1.4538083864167388182 1.9483927373673586292 2.0461699718632662126 2.118565784660813911 1.9917386352616968104 1.6738334408741659676 1.6990697671265615476 1.7152181099715868573 nan nan nan nan nan nan nan nan nan nan nan nan nan nan nan nan
nan nan nan nan nan nan nan nan nan nan nan nan nan nan nan nan nan nan 0.017926840648722942861 0.017902277293553717219 0.019779749299193082751 0.025620964796042516171 0.063103145551257414092 0.13384016356777431178 0.028094516954605224662 0.021263049118445172952 0.022845697042742245386 0.042773360239673832717 0.045129733281969064418 0.079558607969532693649 0.10062171837260083795 0.59460701625189071873 0.74116197140890072159 0.65390236261481304858 0.38399594849392554297 0.40585227897434833499 1.2122769371020682971 1.6809093870502640478 1.7223729820695181658 1.6294660071534334822 1.4978112218381505194 1.9602361938205894454 2.1908691792424330735 nan 1.7544189794252336156 1.4826005500700296658 nan nan nan nan nan nan nan nan nan nan nan nan nan nan nan nan nan nan
nan nan nan nan nan nan nan nan nan nan nan nan nan nan nan nan nan nan 0.02211514515429823316 0.024139049281512531264 0.023010885714034128718 0.029630265189394735387 0.065508162486769092037 0.13982592594171652789 0.14544820260796603728 0.043914440528326680047 0.036629724329571476671 0.31817849669892467324 0.68765495204288862308 1.0851853158142457101 1.2121507480215953922 0.97957458516267037485 0.77300258051388792691 0.6325748209322891169 0.68649642708769631483 0.44225090632923969025 0.64727128566542713184 1.4369595555341041493 1.7074760513421056718 1.7478880387156563447 1.7900290723474860943 1.7781238792232989532 nan nan nan nan nan nan nan nan nan nan nan nan nan nan nan nan nan nan nan nan nan nan
nan nan nan nan nan nan nan nan nan nan nan nan nan nan nan nan nan nan 0.13430824987717185359 0.13809511268178686905 0.10470385384400365814 0.074021003096769372176 0.14697372609471090477 0.12650210391835126078 0.17508089556690076272 0.1386680471343739729 0.30605522489314412882 1.0253133890964385433 1.5082794085840383058 1.55598592906054356 1.4613051846985112281 1.0992103871122347325 0.99701598079612263614 0.77293195981508477921 0.89280054996030489001 0.85670341913710623682 0.93793154685146873373 1.1852618779240835512 1.4981515720762152988 1.5661777350175334345 1.5156969387482186473 1.6391633606723996497 nan nan nan nan nan nan nan nan nan nan nan nan nan nan nan nan nan nan nan nan nan nan
nan nan nan nan nan nan nan nan nan nan nan nan nan nan nan nan nan nan 0.43227558975012481124 0.34265380435532150072 0.25935846180445459863 0.2453882670241777364 0.15167243951114131595 0.078683352388739108418 0.14786857663585636913 0.095741679366455431643 0.028572963466544212818 0.17294184533107251345 1.3957188299252718533 1.6917283576454227312 1.2029892224027112224 0.90264608270674850932 1.1984811315063947923 1.4024707700931382526 1.4894129651704073325 1.336753681087917478 1.3213237385100078392 1.2364725258234323668 1.3647222063072648179 1.4238017766952018039 1.4620362331624012775 1.9526622376015103644 nan nan nan nan nan nan nan nan nan nan nan nan nan nan nan nan nan nan nan nan nan nan
nan nan nan nan nan nan nan nan nan nan nan nan nan nan nan nan nan nan nan 0.73036219890569653579 0.31197533831775597912 0.21945978437806554218 0.15869940934558426915 0.06880193594607660057 0.10022720236513567305 0.05058884118717612427 0.027802177925483076426 0.032783905213744503337 0.31741555100775525888 1.6780530999921030588 1.2607036954225194769 1.1975348326553569844 1.3412076139911288664 1.7965158668809904086 1.7135996676669280614 1.5665720611174869248 1.4760080604661216519 1.332119687187595547 1.38483166217110365 1.5384066199742452152 1.3915294043706796234 nan nan nan nan nan nan nan nan nan nan nan nan nan nan nan nan nan nan nan nan nan nan nan
nan nan nan nan nan nan nan nan nan nan nan nan nan nan nan nan nan nan nan 0.18496926733135560239 0.16284706431982143293 0.24106726158889196787 0.28226498625293816591 0.15561204937818939875 0.11882922510602490773 0.066381972588333101881 0.084144556125590214135 0.043666022760641624856 0.4453875923559333927 1.7867897853257275198 1.623256394158414162 1.4776717333034314894 1.5367293001314998868 1.8882589256459494376 1.7622684450027714664 1.6669154240638317521 1.6066884805554420002 1.4980680429092432249 1.5225931714145697349 1.7076900996708832547 1.7189771206474784293 nan nan nan nan nan nan nan nan nan nan nan nan nan nan nan nan nan nan nan nan nan nan nan
nan nan nan nan nan nan nan nan nan nan nan nan nan nan nan nan nan nan 0.23766734182413204457 0.17524282521532763557 0.23563428675619621511 0.26759918255219933281 0.28793538559559062051 0.21526829620924528563 0.1655411248444570993 0.2576738408803492808 0.87396396242836671409 1.1599288276835559852 0.806122682093224463 1.4317782946171901948 1.8464664653035014474 1.739512695031316003 1.8813546962518734595 1.8327615495322719941 1.74093704030298424 1.8777912400095753132 1.7776897921519072554 1.6181243030810068539 1.6317752789515027612 1.6711342458115336918 nan nan nan nan nan nan nan nan nan nan nan nan nan nan nan nan nan nan nan nan nan nan nan nan
nan nan nan nan nan nan nan nan nan nan nan nan nan nan nan nan nan 0.30889091559910442086 0.11422948085488239534 0.17481146046167675423 0.21024731274237018486 0.27682692086738791559 0.26963265611106723707 0.26287192783260482365 0.27983217076014471614 0.15019010083527478683 0.27171551120021825154 0.3841992390394727841 0.29844737779383961884 0.40032499428740003777 0.65554733908550100185 1.153683863873635751 1.1644608913043028586 1.6642154476179120692 1.706004643241278762 1.916448950900197179 1.9006799867639863066 1.7602578116678708753 1.6428011794807877433 nan nan nan nan nan nan nan nan nan nan nan nan nan nan nan nan nan nan nan nan nan nan nan nan nan
nan nan nan nan nan nan nan nan nan nan nan nan nan nan nan 0.96352768893321760757 0.22540500796726020694 0.19225443662807267797 0.26537455270002135999 0.28360141435086849704 0.23324272631666817523 0.32663333414592515824 0.33605412288790104114 0.32822453519810568245 0.37689918882773337794 0.17878876304613749992 0.39752888934463403992 0.28150526958790844656 0.50243905063900973218 1.2617598558091069894 1.0799695524355117371 0.59209924413280645705 0.5470512079753103718 nan nan nan nan nan nan nan nan nan nan nan nan nan nan nan nan nan nan nan nan nan nan nan nan nan nan nan nan nan nan nan
nan nan nan nan nan nan nan nan nan nan nan nan nan nan 1.0622135375171577465 0.60847155546980291607 0.26520804488117283304 0.31813431596076768848 0.40498445055839016327 0.43477245790178387086 0.31969791115857476571 0.29965140674018153621 0.32770094551692413587 0.35487494500870686576 0.41750324025724278032 0.10418126463057084119 0.5038237534955463115 1.0120606255747119917 0.49213567034092742247 0.45842085206261762309 1.3564553687951701466 nan nan nan nan nan nan nan nan nan nan nan nan nan nan nan nan nan nan nan nan nan nan nan nan nan nan nan nan nan nan nan nan nan
nan nan nan nan nan nan nan nan nan nan nan nan nan nan 0.9451651878641881277 0.38786077775532734613 0.55130691121556407719 0.5755979822315121508 0.48428854358304745942 0.53282234576890219468 0.46591908432754958191 0.3083690125374120572 0.20913936812596231607 0.30582766279027717715 0.48947707359098857616 0.44163529531656747773 0.39743885072127743685 0.84512766063123478943 0.66023308164783744978 0.69458111954842349789 nan nan nan nan nan nan nan nan nan nan nan nan nan nan nan nan nan nan nan nan nan nan nan nan nan nan nan nan nan nan nan nan nan nan
nan nan nan nan nan nan nan nan nan nan nan nan nan nan 0.89664561621799676594 0.84159324565350934755 1.0418763677205871154 0.96718498207429015601 0.72338810804398090415 0.6601463204990276612 0.79175202484187245933 1.0203983397495632879 1.0170080850082512391 0.87490812745091472991 0.74700305117971355084 0.83504151498646628227 0.26137431410363143325 nan nan nan nan nan nan nan nan nan nan nan nan nan nan nan nan nan nan nan nan nan nan nan nan nan nan nan nan nan nan nan nan nan nan nan nan nan
nan nan nan nan nan nan nan nan nan nan nan nan nan nan nan 1.343910655591016301 1.4731039181194731658 1.2866371905869411485 1.0558474970068421062 0.94193965774697796522 0.93208401518806149877 0.98960834792607821342 1.332689995148824913 1.5064172775757047607 1.0066990263167068242 nan nan nan nan nan nan nan nan nan nan nan nan nan nan nan nan nan nan nan nan nan nan nan nan nan nan nan nan nan nan nan nan nan nan nan nan nan nan nan
nan nan nan nan nan nan nan nan nan nan nan nan nan nan nan nan nan 1.5809982974148746315 1.6231716321996303432 1.4636949660583518096 1.5447826161211923868 1.4773378525940272787 nan nan nan nan nan nan nan nan nan nan nan nan nan nan nan nan nan nan nan nan nan nan nan nan nan nan nan nan nan nan nan nan nan nan nan nan nan nan nan nan nan nan
nan nan nan nan nan nan nan nan nan nan nan nan nan nan nan nan nan nan nan nan nan nan nan nan nan nan nan nan nan nan nan nan nan nan nan nan nan nan nan nan nan nan nan nan nan nan nan nan nan nan nan nan nan nan nan nan nan nan nan nan nan nan nan nan
nan nan nan nan nan nan nan nan nan nan nan nan nan nan nan nan nan nan nan nan nan nan nan nan nan nan nan nan nan nan nan nan nan nan nan nan nan nan nan nan nan nan nan nan nan nan nan nan nan nan nan nan nan nan nan nan nan nan nan nan nan nan nan nan
nan nan nan nan nan nan nan nan nan nan nan nan nan nan nan nan nan nan nan nan nan nan nan nan nan nan nan nan nan nan nan nan nan nan nan nan nan nan nan nan nan nan nan nan nan nan nan nan nan nan nan nan nan nan nan nan nan nan nan nan nan nan nan nan
nan nan nan nan nan nan nan nan nan nan nan nan nan nan nan nan nan nan nan nan nan nan nan nan nan nan nan nan nan nan nan nan nan nan nan nan nan nan nan nan nan nan nan nan nan nan nan nan nan nan nan nan nan nan nan nan nan nan nan nan nan nan nan nan
nan nan nan nan nan nan nan nan nan nan nan nan nan nan nan nan nan nan nan nan nan nan nan nan nan nan nan nan nan nan nan nan nan nan nan nan nan nan nan nan nan nan nan nan nan nan nan nan nan nan nan nan nan nan nan nan nan nan nan nan nan nan nan nan
nan nan nan nan nan nan nan nan nan nan nan nan nan nan nan nan nan nan nan nan nan nan nan nan nan nan nan nan nan nan nan nan nan nan nan nan nan nan nan nan nan nan nan nan nan nan nan nan nan nan nan nan nan nan nan nan nan nan nan nan nan nan nan nan
nan nan nan nan nan nan nan nan nan nan nan nan nan nan nan nan nan nan nan nan nan nan nan nan nan nan nan nan nan nan nan nan nan nan nan nan nan nan nan nan nan nan nan nan nan nan nan nan nan nan nan nan nan nan nan nan nan nan nan nan nan nan nan nan
nan nan nan nan nan nan nan nan nan nan nan nan nan nan nan nan nan nan nan nan nan nan nan nan nan nan nan nan nan nan nan nan nan nan nan nan nan nan nan nan nan nan nan nan nan nan nan nan nan nan nan nan nan nan nan nan nan nan nan nan nan nan nan nan
