results/rofental/snowmelt_month_2020-04-01T0000_2020-04-30T2300.asc
ncols        322
nrows        225
xllcorner    622802.488000000012
yllcorner    5178049.378999999724
cellsize     100.000000000000
[rows 168 to 195 of 225, columns 126 to 188 of 322]
89.223003681509581497 148.4597494645114466 184.48426037954851608 232.46490286346397625 223.22173736459188831 141.67846017486326105 187.90943894840819439 276.50008140391616962 327.07619692436719561 278.41973658503815159 250.60015770234079469 260.10064050907845967 268.06879260971692247 265.87823800721707812 254.63654248457740437 208.81603111826231611 213.82540009760899125 202.97100783515870148 160.46801454611255622 160.57115952401051118 162.50088081258510897 183.36586458135170119 148.27273196027277891 224.47562534863749306 236.789985820308857 251.77629574465225915 253.65095131230447123 221.8327906991775933 199.35140992856150888 194.09376594506045421 197.76028931253702581 222.96810540386658772 221.41935295993332034 190.50382143010048708 117.99097654923511413 138.83138827952345196 133.98198817667088178 155.03392341321097092 184.05910041607731387 164.06279672046932205 95.095796894886973405 78.755748580632698008 90.826353869109851757 90.385713124050127476 100.48744168875602156 104.33557080502845338 90.422905020946387822 92.98965885442513013 104.11281004966814123 111.09954656020873642 137.81772444158181656 156.6848227690229578 95.153384204196115093 9.9582380698551133946 nan nan nan nan nan nan nan nan nan
50.798425666457440286 102.68707450671506365 162.74438494100667185 219.31196627121548204 279.76140412451701422 nan nan 204.72985847789746572 239.50575460847946374 226.16905914877949613 190.19328713877484915 210.6582012543354665 229.10518387481280911 259.44552227377727149 277.92010998970187075 254.39009793955233363 249.1693377527052462 245.99950705032426868 266.67740039152096188 254.11533836986697565 180.43312259075784709 207.49816580345756734 221.41982824783482897 255.76710316121602773 262.15897891421820987 260.81270274409649801 236.70962638501896436 213.63847937859122794 210.97545848068213559 196.99512474256022188 195.22357836657411667 213.26129702885233996 194.31079354119913205 215.51995833104874123 234.60072265315972118 177.8819706633928206 159.58034988485076155 137.7232411960794991 136.34668005113334743 122.73182316440913553 99.778016218842580543 89.6776655393555302 90.279480146319073697 96.326380284790744213 111.1016920192115407 113.2096749548754957 100.92445327781349818 94.261276639372439945 98.151530052273614046 93.784606317122836572 116.24924930539063439 150.82601596638357933 165.65528367418565381 102.09934365184361127 nan nan nan nan nan nan nan nan nan
25.901047776115351695 94.010267805803337637 141.12848475557825623 191.20361909632399033 nan nan nan nan nan nan 206.81174149686748365 231.62865487346959981 235.75868965745530659 232.36682778686105166 242.59929440904170406 245.45214169015343941 244.64810638768835815 222.42166145311495029 231.79233470798635608 265.24523422914228377 313.62772296408905959 340.10177545243362829 338.79997575563703549 266.55581698293224235 266.62911377481350428 259.06617068311550156 219.73029637626800081 202.39655242269509472 206.7716102872660997 197.02823913421175916 189.26055418718948431 191.79522282507792852 190.86925487574293925 207.5666775150069725 218.9495354852538469 160.19014225798144935 131.86381780915709783 107.54179290762344579 100.3771880385506563 93.123565314662656078 84.40670620257614587 83.014529892764997498 96.942352497346760742 104.33536053979349845 92.054574287041191383 77.976147889303234706 85.462985426064363992 94.02749603065997519 104.86765147246158847 97.416511897539621145 119.77646302836886605 140.87194437224366084 125.4223445740555718 73.374300707363687479 nan nan nan nan nan nan nan nan nan
78.631054868669139069 nan nan nan nan nan nan nan nan nan 215.3475183280793317 246.27220020441967563 305.52970038114261797 304.78644839819730805 304.4028113610706896 314.70479134740196514 323.68855549808500882 303.43670061700083806 323.09095995124494038 317.80727032918326813 317.01432143504700889 324.55139302448714034 337.55193873914168989 341.05190950889146961 310.8856181090982318 312.43604896895578804 212.08584848325946837 201.95825900694407551 204.96534747134396071 195.09827765252691734 182.90086724149625752 186.61090431339320617 166.87282740305880679 176.3379596140611909 187.16465741981528481 149.18239542133494524 133.36673188415554137 73.901764657359123589 62.694136851095223051 64.204737589874326886 74.802391682962124264 86.991798763867024036 87.424954244190885788 70.037864349423415433 67.738139366196108426 80.634810258319845389 84.027292409572865495 93.029333536552627493 114.39708527168649255 116.62731230434064855 119.09679666108715423 186.25704695458603055 233.77643210570309407 232.87218753261879556 79.364554858956196881 nan nan nan nan nan nan nan nan
nan nan nan nan nan nan nan nan nan nan nan 248.5827061982344901 324.20706669183454096 337.64686488789328678 326.53705527328185099 320.26803850364956361 309.17721075822669263 305.30569729462769146 305.37571659357564613 314.67054775301858172 329.5220880818991418 343.10417354497718634 342.44616077592468173 352.20755312076704513 299.0029083298231285 289.31180742411521578 283.43131600025498074 271.02510758669234292 202.87518769188804413 188.9394447481940631 170.03269338797335308 187.97145994340135644 164.67191401705983367 150.87081244253249679 173.67963228134345854 183.30234624069714755 116.37372451447691901 82.831546231971429961 67.645318438756319779 57.234026971385041804 63.531203293229729923 65.370944449747341309 52.635789858665823715 68.795927834201322071 88.308973165658201765 94.596164814695342216 90.754100242203577409 83.749171099945868946 88.197364343504204953 103.33894886921666512 117.67573093048154931 133.67214834295842252 158.92226051088053396 156.54828634019176548 53.078160917349563874 nan nan nan nan nan nan nan nan
nan nan nan nan nan nan nan nan nan nan nan nan nan 310.82569143397824973 324.64292987371050003 338.35468777849945354 343.72618201496408119 343.93684827585116182 327.17274944332388031 335.0037546238108348 340.2205769058388114 344.12299619174109466 333.82446973548275082 297.27995628165467679 269.01520169119254433 280.46273806852980215 281.50471680945150865 270.93709798533899402 264.5300360002708544 246.14735050353590395 160.75572423846625725 173.23458800883824438 183.53225437815211762 176.26815627930369601 156.18570355757387347 162.41454492307261148 108.44780330845117078 81.663402672512972913 72.902840706374902879 84.818293948186919806 81.428261238044072456 66.904018583103848528 45.706544232223038193 73.8167988566609381 84.053786619933092084 92.630162117256986676 88.914235804478209957 82.21712194424716813 77.773290833950255774 86.895415537232281622 107.26774773393803741 128.45210170359237623 100.11861294577805381 95.850667819256798907 86.318052299983619946 21.823723916466160944 nan nan nan nan nan nan nan
nan nan nan nan nan nan nan nan nan nan nan nan nan nan nan 328.57727286949017298 325.81489475056446281 332.29273395992987616 337.04595135234922054 333.1373630615509569 344.46458300321211254 322.17425083518526208 284.64970982040205172 256.06309035785085371 265.62345836721004844 290.31322955043310685 287.7459960226341309 271.73168781109774272 262.42322845689909627 243.46008168643032832 206.10449682825284867 222.06523084929716561 194.60510513590608639 205.14760655508789 174.92771498269044628 133.28432488883439078 74.12486046740718848 66.646349523713851681 65.058905203100451331 73.692296586534027369 78.099239513426908843 109.43370900225970388 89.127552215716676187 61.79783828334255702 74.738587650653798278 74.333078374169616609 78.862631190738767373 87.090711751309157762 96.164779811129889708 101.12049724970081854 101.97969992104142989 117.11392552331795969 114.02889639083346651 62.316251269833045967 98.025703329119863838 nan nan nan nan nan nan nan nan
nan nan nan nan nan nan nan nan nan nan nan nan nan nan nan 298.86416995254779749 318.3783371980564425 321.81424902795492926 325.39627739850141097 322.72357737869009497 338.40517419750290173 292.64234065212042424 268.90801621427010559 266.33802255842738305 265.13625706949426331 289.12353272513337288 286.25314910223175957 261.79289224858081297 242.22252208810249385 223.78339122590341503 188.70041695565677742 200.2280666620206091 220.9314146056870527 193.06509179365932027 207.11657235241597164 153.31892953538522306 36.809481508536869399 20.186500104462755445 69.290073086930277668 71.641769514777607242 63.286262200901241215 74.412365031186951114 84.125577432211542828 44.448887378721238406 49.189065912568764816 50.947193002264000938 62.493906124825798543 75.851968336184185659 80.004657690693548489 88.514321447771351359 93.837976568797685673 105.50849709116896236 134.23255207150231172 152.89235183759674896 nan nan nan nan nan nan nan nan nan
nan nan nan nan nan nan nan nan nan nan nan nan nan nan nan nan 311.14333673476687636 303.63761713957484289 299.34071696422972764 317.57214553347603214 292.09503534941342195 266.35471844999869973 268.25148374358212777 263.84325875409035689 258.70576740945409711 275.72627682814652417 279.20086781135108822 254.83963426174645406 221.62010763385444534 210.56952400638658673 189.42712395020083704 198.3583212448657207 213.65482543862114539 245.20302814187803619 216.44403614016414394 203.11030900139567734 122.08671331085010081 48.140994326480679888 66.586533971158630152 76.233559168890124624 66.461098328422650638 62.671140468542340329 84.294259398956853602 64.715839290359483016 75.750963629817249512 80.229969975520546654 77.670009890041853851 67.201247286421235572 64.134500426914627269 65.659894566390917703 78.296629474096405943 91.295014745275935297 152.36138358717678898 nan nan nan nan nan nan nan nan nan nan
nan nan nan nan nan nan nan nan nan nan nan nan nan nan nan nan nan 264.87170048917641907 261.99597143949716838 282.32864142992650613 284.05989346352970415 271.09554811663963392 264.3319170795861055 257.22277341110213911 243.97660234729582385 243.70901741915923822 243.74973617589353125 239.95465768224514136 235.25406344575256412 234.75866519125091259 238.60222790065003551 236.09676164275717269 233.05127875848265262 227.95393750044559056 239.25560620355983588 139.76220879516705509 160.5906491062880832 81.763636748932512432 42.839243234638018976 67.443901138289945152 71.818019076558343272 71.328322258098552311 85.341297483582565064 49.87296455506513837 60.03646474398648536 56.848469736184298995 61.927051880275008955 71.748748319945548246 69.708654602274876311 67.686429611038988696 71.769547412466437208 119.11799266662178809 nan nan nan nan nan nan nan nan nan nan nan
nan nan nan nan nan nan nan nan nan nan nan nan nan nan nan nan nan 279.55969845396691653 271.59060821755343795 289.83631278373422901 300.78201334886631457 288.93777726932802352 269.58752887377767138 242.15264746440959698 222.22503487707663794 230.2621309782900596 250.6224853569062816 232.16633830334910726 243.92048670507477937 269.50061658381491725 267.27537707134501943 252.79878328201561999 223.02259479745779913 197.80195944788977158 223.28228837512736504 89.936626384679186685 88.485276782566188558 77.394049667327223574 46.223559776760453133 60.616417462177693665 65.277469642240149028 64.319235931128901029 78.485935465114465615 29.381375559542433962 34.059900301807985556 31.508661277544636192 31.841927894022035161 33.545962169980036549 47.259805725872283233 68.647292424713413084 76.415573913202337053 73.915405763159128583 nan nan nan nan nan nan nan nan nan nan nan
nan nan nan nan nan nan nan nan nan nan nan nan nan nan nan nan nan nan 294.68620123111679732 299.5486500663582774 297.62006048167233985 273.28440329544167753 255.98105311729403866 229.88837246129278924 203.11709888099611021 219.48252261209495373 269.79697636736636923 263.6132778868647506 265.91510878301829734 283.5990146364543989 280.06763637573357073 284.0781227063189931 261.97412800611834882 219.46757315045863379 308.0809940693467297 292.36299549737361758 168.60983922613874597 97.061805390057088516 46.940411057361856706 46.285865974599225581 68.294316931047745811 80.77801885109460045 96.559193361995980354 24.083764736622228497 23.258957464207810517 15.555980861000916704 2.4621639992159072285 6.3828838582513558464 23.692340549598476684 54.460992348250904627 92.89146737816724908 nan nan nan nan nan nan nan nan nan nan nan nan
nan nan nan nan nan nan nan nan nan nan nan nan nan nan nan nan nan nan 294.4852978856679897 269.14234268854818311 265.55549651760821916 267.04832709693971537 239.01725256407721076 226.53995457007394521 225.41947660322193769 216.78221355303710993 265.71379447243390359 299.47933179185912422 300.22646554436005317 301.8287296032813174 288.62625670896574093 283.04079672351645058 251.75157404825961294 201.32544584166538471 158.13497899899917343 267.70031489160601268 342.88439162933354964 234.26318603493979253 83.458087081288340414 43.766270118271911826 53.944789737947012043 62.952238363209119143 84.568595606347713556 7.8822668423695665396 0.14986442609049330232 0 16.951058219195001442 61.980629124696413612 46.331183951597289195 43.465745072977213681 nan nan nan nan nan nan nan nan nan nan nan nan nan
nan nan nan nan nan nan nan nan nan nan nan nan nan nan nan nan nan nan nan nan 232.11139655786399771 248.86372914756427122 242.57566063458776284 215.89886440982428439 199.36849066448624512 186.49713238602197407 227.61126794219865133 274.25551513776912316 258.03961749006117543 238.69918450292004763 241.96356013745412383 247.35800896472181876 253.3957994287274289 138.39738637592881787 122.4316266533434856 144.14422691801641463 204.19915416795430474 228.49200652321047755 111.86450389888727841 42.318622852251486677 35.419352809376043467 47.892165776526496757 88.655388463674754007 18.475037718566863276 0 nan 65.680989477850516778 94.973450122042521571 nan nan nan nan nan nan nan nan nan nan nan nan nan nan nan
nan nan nan nan nan nan nan nan nan nan nan nan nan nan nan nan nan nan nan nan 198.84692521613976623 203.82889684164140931 229.61146365064632846 221.31950737548436337 206.53963151070004756 191.53520246974233032 192.81239909301004332 222.15601032771476753 238.95325732824963438 164.24699755189118378 103.91467014195129082 47.773817874442116249 29.259752686089452567 81.23451960268636185 131.00917818722919606 154.86708455973499099 155.0175480626512865 229.95956173826473901 169.68108048572611324 86.459347371802238058 45.680551819448538708 40.853993900223045443 53.270668492693701523 75.744960283836036297 nan nan nan nan nan nan nan nan nan nan nan nan nan nan nan nan nan nan nan
nan nan nan nan nan nan nan nan nan nan nan nan nan nan nan nan nan nan nan nan 155.40349976330992376 162.63848572288549121 182.87690879525379728 201.59708048057950691 192.90447937883357099 202.02911798804009891 192.42796144986124318 200.97033564360435776 173.99620566207232741 74.272521007180003494 4.3260541239413079495 6.1968484335591158541 20.283683801743116248 83.081505531969540357 103.87542119757964088 139.95416817385233799 133.16881190223810449 161.75571420257602995 133.14356910061653139 130.25010752152459759 85.366584355493614567 86.258763455351271432 110.74097709742817131 103.49679781374814524 nan nan nan nan nan nan nan nan nan nan nan nan nan nan nan nan nan nan nan
nan nan nan nan nan nan nan nan nan nan nan nan nan nan nan nan nan nan nan nan 108.4705690840176544 133.32196285719891193 157.22941973187386111 172.35555303412618855 201.05550526560270441 221.89478423925373818 208.14058212931317371 224.19210400331522237 288.08680219738033657 241.10640191881486771 40.102194898948020807 11.304093771433965543 89.593741059763019052 128.23982739903075867 73.500272888237176971 43.64342277376197643 41.083896668856560552 90.753462404436874067 98.660466063105673129 122.68869310874548262 110.63981998116845773 111.78831907866383233 117.91279505942702599 45.578239805034947096 nan nan nan nan nan nan nan nan nan nan nan nan nan nan nan nan nan nan nan
nan nan nan nan nan nan nan nan nan nan nan nan nan nan nan nan nan nan nan nan nan 91.990202749608926069 164.57236712943335988 191.25925485107646296 208.0402952611941032 229.43760916923261561 226.22328245076266739 240.89851309037598526 317.87108777423264883 345.06830455706972316 223.35857612874164602 48.033425219667769568 86.166522107917657536 72.960246688121202396 63.368455026005669595 11.571471999287732402 29.970461937774246053 75.115803102699516103 73.852287383841783708 107.86952583616925949 107.96638575127342108 93.341673267637645495 133.4486623774490397 nan nan nan nan nan nan nan nan nan nan nan nan nan nan nan nan nan nan nan nan
nan nan nan nan nan nan nan nan nan nan nan nan nan nan nan nan nan nan nan nan nan 209.04011770963111871 207.22814889259544202 195.40958640456474882 188.9466883740089429 214.01519861000844003 225.80595975898575034 240.46806645429506943 242.58908230085722835 280.15733073269620945 207.20743840315395801 29.583133866953271962 36.532404185784315587 49.123865304015765787 72.261156114172493403 13.872834149999937026 38.68740900497056856 63.36382731123044465 56.459888181024588505 83.448588100863744899 88.5585227350878057 67.447335361710571533 77.237626203386454904 nan nan nan nan nan nan nan nan nan nan nan nan nan nan nan nan nan nan nan nan
nan nan nan nan nan nan nan nan nan nan nan nan nan nan nan nan nan nan nan nan 200.5231716312861181 212.54029173242759043 202.4706508747387943 200.75781516694161155 197.70822694118004392 209.87188167164771357 220.13219201894619914 198.6735496536016683 115.95320832437565173 78.592191292661055968 171.85313850886819864 96.723108817079960886 14.185187279701683138 30.752942384199378978 24.397871273173400652 43.756849733518002665 53.815846087791271657 14.487338223839623552 33.31215205727166051 67.136256415825471322 76.257516436587138742 79.577236805179495605 nan nan nan nan nan nan nan nan nan nan nan nan nan nan nan nan nan nan nan nan nan
nan nan nan nan nan nan nan nan nan nan nan nan nan nan nan nan nan nan nan 200.86552701283034139 229.09754027640053664 218.72840938259594168 215.38061404651136854 206.34096480929335371 207.03555778554019184 207.54433103909971692 204.95711849888598977 239.42513735717867007 244.52258677926627684 212.51170540677480858 251.51819714463317723 279.17502285325946332 232.68503491295902563 174.43025815722788252 181.92226695996666308 92.167538774165208793 77.860027249916697656 17.771368073408282839 20.668192039391279025 46.406855282908452409 81.226863550830117333 nan nan nan nan nan nan nan nan nan nan nan nan nan nan nan nan nan nan nan nan nan nan
nan nan nan nan nan nan nan nan nan nan nan nan nan nan nan nan nan 128.72253459152506139 231.42469589762822579 223.93941371363726489 207.67666216415969416 207.02931461064116547 217.54754811396708192 202.93318731433976154 200.67084738024215085 199.77478370196143942 193.61634558327691025 245.08158466075019533 190.83140680836112324 231.15532600019557208 204.61501453634068071 121.39821222676901868 176.06739168345623625 261.650396049704284 274.14216040597654001 nan nan nan nan nan nan nan nan nan nan nan nan nan nan nan nan nan nan nan nan nan nan nan nan nan nan nan nan
nan nan nan nan nan nan nan nan nan nan nan nan nan nan nan nan 128.7507240631983052 198.33905263657862861 226.82972270090243683 207.25286704536165416 193.62866544951023684 190.19089253159916098 210.2521295029181374 214.78419584164564071 208.92652724984247925 204.56971355950031466 196.38802987959192592 264.66201071601665262 174.2814133747563119 117.19739172338810818 214.38144714711859251 228.96575555651804734 126.36925920621914088 nan nan nan nan nan nan nan nan nan nan nan nan nan nan nan nan nan nan nan nan nan nan nan nan nan nan nan nan nan nan
nan nan nan nan nan nan nan nan nan nan nan nan nan nan nan nan 169.28921226872279249 223.14035444027047106 179.34720946574316258 174.99728701805926789 190.45334446641348336 183.25266512572835609 196.43874612222174392 223.23664533509005992 237.66123153269074919 220.17941622268551782 195.33649389698646814 178.18434372022366574 201.56909719221627597 154.62342443147051085 185.76901781149322801 227.18285315031130267 nan nan nan nan nan nan nan nan nan nan nan nan nan nan nan nan nan nan nan nan nan nan nan nan nan nan nan nan nan nan nan
nan nan nan nan nan nan nan nan nan nan nan nan nan nan nan nan 169.76987062616862545 143.06633665780356068 106.02390381195607461 116.35205232733002845 160.44732683758317648 169.4165601729636137 140.61690896316261501 97.908618060658298532 100.92202470849132112 105.13309153823701081 122.34520298866956978 123.14660005672364207 242.03670981842117271 nan nan nan nan nan nan nan nan nan nan nan nan nan nan nan nan nan nan nan nan nan nan nan nan nan nan nan nan nan nan nan nan nan nan
nan nan nan nan nan nan nan nan nan nan nan nan nan nan nan nan nan 72.965857842899694674 25.686574004830188045 48.56803360528547131 113.58331240713154386 130.50874307463038804 103.33746705570992219 91.858574778150739348 34.748815956212141032 22.662015636315373968 105.44031900352611331 nan nan nan nan nan nan nan nan nan nan nan nan nan nan nan nan nan nan nan nan nan nan nan nan nan nan nan nan nan nan nan nan nan nan nan nan
nan nan nan nan nan nan nan nan nan nan nan nan nan nan nan nan nan nan nan 20.19576657299025868 16.73424980011873231 25.361251388627117365 14.401464352940148927 30.552195091659086756 nan nan nan nan nan nan nan nan nan nan nan nan nan nan nan nan nan nan nan nan nan nan nan nan nan nan nan nan nan nan nan nan nan nan nan nan nan nan nan
nan nan nan nan nan nan nan nan nan nan nan nan nan nan nan nan nan nan nan nan nan nan nan nan nan nan nan nan nan nan nan nan nan nan nan nan nan nan nan nan nan nan nan nan nan nan nan nan nan nan nan nan nan nan nan nan nan nan nan nan nan nan nan
