results/rofental/snowmelt_month_2020-07-01T0000_2020-07-31T2300.asc
ncols        322
nrows        225
xllcorner    622802.488000000012
yllcorner    5178049.378999999724
cellsize     100.000000000000
[rows 168 to 195 of 225, columns 128 to 191 of 322]
17.572180541957077793 10.111731936019427991 56.03657080987172634 258.26711311079236566 259.52993286386691807 11.121609990192219186 9.3780161605290270899 8.9361339074269299232 7.9611353746697259837 6.6536213307175753329 5.873099247261270861 4.8514987164901359762 4.1862004419364868824 3.9683719602851765806 3.3493249263695217266 3.2237668154953196265 2.7461745942985142932 2.2973781837208120393 1.8911155929176926005 1.4562807526630683341 0.97845019977536007438 0.40722499657171873366 0.084886827771888329064 0.010386918079449162719 0.0024258370746236168798 0.0023676157276936050239 0.0030292665052269142009 0.0036577924176585691757 0.004091693983186799749 0.0041584060511359469473 0.0058325735800716623294 0.0090104361654155668004 0.039357509108047486479 0.13422877147511502738 0.30961835629021000615 0.39125371563127941954 0.44033765162878202304 0.78723865074844001644 2.1027308537001272448 4.5839191146895776896 6.7436098320607857914 7.63122000990488214 7.592926209736821086 8.7584068155662109234 63.473630605665732674 60.528454986300928908 26.418670548645557972 9.9162427115955082968 9.6997319495332305905 12.449939196511142114 186.35167281348338975 448.17204613724732098 nan nan nan nan nan nan nan nan nan nan nan nan
100.37441196196485294 11.296343318371386388 12.627400303176177232 nan nan 39.361487875944632719 8.5596615489430707413 7.962186214843255172 27.123305502720548077 6.1541302476899080176 5.0163814687255010583 3.9127469602017597161 3.3086919818858233633 3.0612945519084142632 2.8123426465647964889 2.6322361693060312149 2.0600882990782438675 1.8027799393387708982 1.5704414059734663756 0.99344282210184797766 0.49095694442510978694 0.10148197386968688116 0.016802758485246104686 0.0030570325544338832445 0.0026364547344828238341 0.0032421743211826928657 0.0040214593581255377031 0.0051457053277792694224 0.0058090552058819812029 0.0058379647070069175946 0.0080557182942111674878 0.01868572454616883316 0.045362085482398853409 0.15775676953888362331 0.31924279632944713159 0.48727382479902558998 0.54783975880627788779 1.3270085892211263001 3.4140445543623867408 5.9892752330844709618 10.874473032084578605 13.958000181108126014 8.165732092305820089 9.0844607901281353435 42.490619623143118133 71.832772162014308037 51.092385180167674719 67.572323580915750085 10.783949371317017807 13.725353800751443956 22.969867772434135134 302.57414091955479307 nan nan nan nan nan nan nan nan nan nan nan nan
234.36334267195286429 132.94869320289816983 nan nan nan nan nan nan 6.5061008349162223752 5.101448497783106717 4.0179301444621255968 3.3139285179104560619 2.8064267620424536709 2.5103231610915051064 2.3537820124840029834 2.1507510483877010365 1.8125338794077281435 1.4543293837059416695 0.73063875286126789277 0.36092611569292420981 0.10020496509477719305 0.019367309873864702041 0.0038529066082031346828 0.0027943468281121852312 0.0033458726105602167034 0.0046401474480765262515 0.0057074494717312858338 0.0070291061408250419748 0.0075070361889282115342 0.0079169998538308940933 0.013806662871632216852 0.030326818957570309682 0.079228725236703725909 0.185877413333903313 0.41962772077087201472 0.71266593389201515762 1.182515494682491175 2.741562604096570599 5.4574027245045497736 46.390228041714152596 22.4818703156137083 8.2904557194100672035 43.875382967298598658 108.3014977138841175 106.53551329916905388 89.094682321437360883 38.212134026649074769 68.403747588081017739 11.885280571882084644 14.049897879357688524 129.12439982239118308 378.74643025057764589 nan nan nan nan nan nan nan nan nan nan nan nan
nan nan nan nan nan nan nan nan 5.3529648420939821563 4.0469304273832724661 2.5741368500968540012 2.0507576210173561471 1.7401349882301926364 1.4668831927317844688 1.235879271053468953 1.2034057496049384017 0.80250071286714075303 0.56335829925545333197 0.3140675756773572691 0.094498324595179594709 0.021183493022893736674 0.0046948456556275995274 0.0037284767731780828551 0.0031537299183378515906 0.004752200696934150842 0.006005643104829481646 0.0075726948823144251202 0.011500778026959724079 0.010887258169942869157 0.010239316135010403941 0.030392967532252776475 0.065390254942851264164 0.15387261586753697706 0.293441455202398227 0.54330604510254398853 1.6791785968051353706 13.104025345633594668 58.235740191902323204 71.565616028171845642 57.853637435828488833 55.77800714386243186 108.78385650193534673 144.37120778162801571 123.68044335225870611 126.50141921448094706 103.58720693835664406 21.583217184768450636 20.469048347168229185 15.121137084298966968 14.818062684648809935 18.846734725779981545 26.686275238722345193 443.06433808659977558 nan nan nan nan nan nan nan nan nan nan nan
nan nan nan nan nan nan nan nan nan 2.7473760057891607467 1.4276536618374828791 0.88950090076421550744 0.77235065576660244524 0.67321049908524377425 0.68879407506287015917 0.56059079496546282417 0.43769533396570037276 0.23332480354245507814 0.061148734827905767975 0.017966858487360275881 0.0045771670881927292024 0.0037343994662270658599 0.0037945977582667213615 0.0042448735526498908299 0.005903825361657315772 0.0086049719995955151891 0.01311858487670192544 0.01764080061899567925 0.020956250425958833361 0.023148443507674025532 0.053798205204763117904 0.17739771150906288866 0.28497743418377685654 0.3946177454767261783 0.88822404913936381377 2.8735829071642982058 46.34048097114659015 126.43490813151160523 127.29090531618599869 127.47548706878481539 176.1692050199546884 146.9067554683149126 108.79408104733877849 100.13825752588830653 122.11759940237816124 130.60286504797468865 108.03854451818619964 61.649386973727075656 28.221948013930393984 15.435356059722906252 19.21882694162886196 43.837019424139526791 449.14480309446116735 nan nan nan nan nan nan nan nan nan nan nan
nan nan nan nan nan nan nan nan nan nan nan 0.53090749468545272993 0.4039743228689940957 0.30662906625370223157 0.25474902710100100212 0.19768275396113507703 0.12109347569223495589 0.029728104046270836108 0.012317925226962242805 0.0041559713703317466629 0.0035870561883954822993 0.0037776500930007230264 0.0043492363826278081576 0.0052794371255700904555 0.006549153448930982932 0.012906884519094427577 0.018530240493851796169 0.024978141740064851994 0.032088419333025287872 0.041738847418892319197 0.1311867028983526029 0.26917831012043502703 0.44345812560847125416 0.66612568340415279078 1.9992033589555213702 4.4129503501989972847 81.894912735528549774 73.331502131978993475 96.684733917330362374 144.99536093476132237 249.49098436130276468 152.28933626168932847 134.01096718586046563 115.92525393109950471 128.5415628187951711 137.93190475501907599 148.98826269045395065 123.69168474421917381 72.195294131189214681 17.937330631498493716 146.62057927768171339 332.42451915707079024 418.86176928616657733 345.59050538031135602 nan nan nan nan nan nan nan nan nan nan
nan nan nan nan nan nan nan nan nan nan nan nan nan 0.11669651341820096169 0.034049959028809882733 0.025095385433482834264 0.015187320407298962599 0.0051498923533732712809 0.0032961387830547665342 0.0030039337224223010975 0.0032466500219260978864 0.0043350263143103395444 0.0050783688111512657187 0.0056201660967921266213 0.0072363095204469813151 0.016708161046596836652 0.024340209389378683613 0.032277284963766091075 0.060871997059814955677 0.12766362788160839914 0.20554008926254677125 0.33148335173239212859 0.5495130458673385121 1.2934777169761442206 19.91995766329537787 93.036420336969243294 135.81766817660246716 125.03712214304870542 124.54172565988585575 50.713049204723844809 119.25722489096628465 230.54904327485738236 170.62085792668875683 176.62600565386765084 162.04110119919690192 138.03270326934313061 113.24545931577877411 96.228202712471158975 94.848646842430568427 71.902641232712056762 155.27562770392125913 446.4691200922179064 434.86887741113361017 nan nan nan nan nan nan nan nan nan nan nan
nan nan nan nan nan nan nan nan nan nan nan nan nan 0.0254176257181546357 0.0095430587859258418637 0.0067052339877022547332 0.0027958021105440227297 0.0020348852934005444773 0.002056368375540581963 0.0026024690540474388831 0.0036713687465119923536 0.0047639750156053695812 0.005606277696758135351 0.006168936490563188893 0.007875889205817219671 0.021365844916406900172 0.031902338670599043879 0.047864655765856703451 0.17152461342386043919 0.26029316361922838485 0.35836936924865397947 0.47801624286296612309 0.65562370959286397909 2.1256581022071316944 230.83032441361280007 326.12508950290958865 151.43750254220029205 150.18344067396253649 201.23609781980326261 177.38725933271902591 157.9024513609976168 312.49883548658544896 290.2300958176077188 287.43306104789576239 248.29860214987169797 187.76784898026392057 170.57874413762121435 143.56844519170181229 130.41709394089320995 115.26973210817619986 136.69944222098135356 251.44561680447304752 nan nan nan nan nan nan nan nan nan nan nan nan
nan nan nan nan nan nan nan nan nan nan nan nan nan nan 0.0021687696480047376213 0.0020665816757717701997 0.001677176786986875898 0.0013129929183030336799 0.0017512414987030317307 0.0029031560922058376358 0.0039908284626363347072 0.0051725957377495648815 0.0060699573283899245849 0.0068721758720166285089 0.011509011746123200964 0.026444765244407242993 0.05149858364952456663 0.13725649698581671165 0.33829771297377192463 0.46255906509456889975 0.56117533779380324166 0.66523865366934142873 0.79999178635147483174 2.9081019206612954697 7.609039529326947715 262.96949383680498613 190.00530221720660506 168.16542942402409722 214.22443111039905261 233.9276912284264256 183.87334878943113381 268.29479315762000624 225.88066381209159772 216.39831667033962503 211.60821258450863525 237.06915331026593208 245.39735521573362576 230.38644885751773472 200.17744869054752144 194.36192639418470662 170.71305256301053532 nan nan nan nan nan nan nan nan nan nan nan nan nan
nan nan nan nan nan nan nan nan nan nan nan nan nan nan nan 0.0015302333002315956448 0.0013114457119193572918 0.0011681919661943682837 0.0018251552760301422828 0.0030643335935361558017 0.0043567593582607751918 0.0055983394119579633214 0.0067219716800688174285 0.010356867993172789305 0.019840745906348603717 0.041143921903695659936 0.10113308465551525128 0.24394750685155786041 0.45487658224313376465 0.58568605950877239419 0.72297412192563936806 0.86728207194297335381 1.2642550887965993134 4.4516954168216402721 7.7871377137603685625 147.67234092922296895 298.18962013817372281 222.28134294191158915 214.62913981546762443 226.63590925571975276 195.93817914597860863 332.72056279756725417 289.6610382758096307 295.96067451926734293 275.78767198893444856 241.15438368429391858 248.64998058868232533 256.02941592977367691 253.57748740868893833 143.51369481799926575 nan nan nan nan nan nan nan nan nan nan nan nan nan nan
nan nan nan nan nan nan nan nan nan nan nan nan nan nan nan 0.0010496916596192313632 0.0010131318990042065958 0.0011245921067403236073 0.0018064456717810869774 0.0030956425843718560383 0.0045648090563873222961 0.0056756987892057041145 0.013502453389862778543 0.020960816987851273174 0.02869498675834596807 0.0816159444651044369 0.17847519408410406072 0.32029533433819024069 0.49760782363521577354 0.66998162320811704973 0.9177824467801048991 1.4077451474658491115 2.0805261541634458844 58.467967603390896159 143.376507220698727 205.02111423716704053 313.56774177166494155 260.66564388840760103 255.15147800161963687 262.66396703389659706 237.35730718035904374 477.22641157600207862 444.1617443869517956 453.18146006570873396 446.0776567290362209 437.95826408731471702 340.98342185761413248 272.91095117347606447 258.75820057911755612 354.67027737530389686 nan nan nan nan nan nan nan nan nan nan nan nan nan nan
nan nan nan nan nan nan nan nan nan nan nan nan nan nan nan nan 0.00068430564478018048903 0.0010508181414735514279 0.0018425167803746101899 0.0033729189997293287581 0.0051473309624852376515 0.012643821791218111394 0.026052088610955446979 0.036614166568294033433 0.037721228809949367 0.11979006435382877349 0.24584535106010413363 0.35193551036652193087 0.54018574927723705947 0.70070339476226184416 1.0524559158057118502 1.808643130985790215 3.0710476770421943904 4.7171615666764834529 9.1704275992951416185 161.06040771785220045 341.5362088844453865 392.03640054500948509 324.86616115382008729 222.24744490284751919 266.02619253726197712 472.22462773552013005 473.1810421566889886 468.07815264322312032 361.84679548690166939 366.72863708540540983 411.80250176043551846 406.344130594812043 301.94751904643953822 nan nan nan nan nan nan nan nan nan nan nan nan nan nan nan
nan nan nan nan nan nan nan nan nan nan nan nan nan nan nan nan 0.00059124622370994577448 0.0013007614547506539046 0.0024500145988493489402 0.0038734916227604028818 0.0085168344721901802219 0.024213768921161688691 0.041445378436508195641 0.073805607162160780099 0.076165166528831346193 0.13790176824204666839 0.22893145402811698741 0.36078415190855572803 0.56141722731537879731 0.78517669175023485639 1.2695274172817883063 2.7357298664814320155 4.1929776571476047309 5.4056853586238462483 6.4586101346303879112 10.068655826238535056 287.92590547817070501 426.36573307491789819 387.75430291070335898 355.39852691650554561 368.84713658873619124 415.58223552393712907 327.04749709926699097 298.17057466655774078 350.73649598754292356 427.07344360345786072 436.06598142982289801 433.9144175900609639 nan nan nan nan nan nan nan nan nan nan nan nan nan nan nan nan
nan nan nan nan nan nan nan nan nan nan nan nan nan nan nan nan nan nan 0.0034775938236526688155 0.0044352886754039557576 0.017389422081090011307 0.042739625759499355606 0.11114876800289184844 0.15639725973402693326 0.15779727194551562697 0.17607455665908058884 0.27182537303785037075 0.536581695044569984 0.76337236312984257935 1.1338953449536832707 1.7108393790163447523 3.840507414809080089 5.9074593155566264002 6.5390657872019861685 7.5209078867663272661 10.214208061936590255 217.78566051534298254 482.49201863938139923 490.18769775059047333 452.89794450923557179 395.69307916741445297 361.0951227170616562 227.25109579674474958 nan 398.67738551205025033 405.19707709659957118 nan nan nan nan nan nan nan nan nan nan nan nan nan nan nan nan nan nan
nan nan nan nan nan nan nan nan nan nan nan nan nan nan nan nan nan nan 0.0079202613966671848306 0.020208431476354510314 0.033304031036245927699 0.1087341784770644304 0.22542258138767637399 0.29205717646855111624 0.32616556819203534889 0.31830545828164424904 0.40400289096384944809 0.82576260095459308452 1.7487727982313838737 159.70514165765024472 217.65395499816204961 107.16573186541387486 18.071790066768013361 7.236064640141566251 9.2766913587653583306 11.341448266125633282 14.824878949064522971 356.62353793589079487 493.2358729646230131 481.39143261435043541 447.68124037281194205 412.75375261558946249 nan nan nan nan nan nan nan nan nan nan nan nan nan nan nan nan nan nan nan nan nan nan
nan nan nan nan nan nan nan nan nan nan nan nan nan nan nan nan nan nan 0.036826902973672408226 0.088822990333871310042 0.17012593249686222552 0.25617621152988701017 0.41253463120025463118 0.4398712399322227129 0.48252428418485782124 0.49048664610494696614 0.66722443240844298007 143.6978369892334797 384.23961980104110125 404.17467222558462936 346.24394985935344948 168.67489545364432502 124.07431345712326731 15.423465426761989505 76.257362144083970179 69.194905348303748838 107.35529874889867585 239.07362458301579977 391.96854833230645454 428.05465025621083441 411.2957398855276665 415.35775687311809179 nan nan nan nan nan nan nan nan nan nan nan nan nan nan nan nan nan nan nan nan nan nan
nan nan nan nan nan nan nan nan nan nan nan nan nan nan nan nan nan nan 0.29110879108561354967 0.36995692547010250451 0.3973056096115288871 0.53334586252994686806 0.59335254476479049046 0.57078046684999494964 0.65454849106061807618 0.71277180040465681898 0.89231689598048002932 2.4927280916735279348 323.70330953303721344 482.03289429686299172 230.70168570277533604 85.5551133047928829 212.62354398396982447 315.67753241411503495 360.40706502557344493 287.19253415974628751 270.46921738081033482 261.72257966538927576 324.86148641294641948 355.96252403665073416 383.69006753576695701 337.97069622305792791 nan nan nan nan nan nan nan nan nan nan nan nan nan nan nan nan nan nan nan nan nan nan
nan nan nan nan nan nan nan nan nan nan nan nan nan nan nan nan nan nan nan 2.9299507207895518768 0.72123738156820671463 0.79872132879704160757 0.76746778116134151126 0.71639315212693177592 0.82107708081742114548 0.89057126281612886132 1.2469617692558894184 2.3751908012204570042 7.8578165922226341777 442.43494336245134946 257.91809353756434575 218.26206824483801938 289.3527789675036388 498.55482322877475099 477.99634351285669709 420.48091026823726679 374.34360952533108957 305.5847467149538943 333.71559448776207546 415.1844254020610947 350.99959673438922891 nan nan nan nan nan nan nan nan nan nan nan nan nan nan nan nan nan nan nan nan nan nan nan
nan nan nan nan nan nan nan nan nan nan nan nan nan nan nan nan nan nan nan 1.0197444881147543772 0.97428573593261091901 1.0836046305343229879 1.0842615630078284994 0.98010832183561369391 1.0909310407313350666 1.1906129890609264965 1.7953531225610557254 3.3879025042914503452 8.1296401998260598987 407.80970184285376945 434.3178476400221939 345.54328668369771549 385.16929491551439924 408.5507231312575982 465.62464681756995333 476.87167689829431083 444.062247092779387 388.58768383458851758 405.87398901836297682 492.51954826895951101 419.89205166543064252 nan nan nan nan nan nan nan nan nan nan nan nan nan nan nan nan nan nan nan nan nan nan nan
nan nan nan nan nan nan nan nan nan nan nan nan nan nan nan nan nan nan 1.3932088788106327115 1.2829754262080037552 1.3934340829841929121 1.4879915637948888385 1.4475823984873232853 1.4044307571629521814 1.4582352333904600172 1.5740678130529472956 74.317311052431790586 209.70001581113965017 63.915642594568822688 356.21945823858186486 401.47245115779497837 427.90518514642116088 390.54846040262538054 419.89356095777435485 472.09505854303506567 415.83338918744459534 469.53609474526547274 450.10143822830963245 465.14785434850330148 491.69025906895711842 nan nan nan nan nan nan nan nan nan nan nan nan nan nan nan nan nan nan nan nan nan nan nan nan
nan nan nan nan nan nan nan nan nan nan nan nan nan nan nan nan nan 2.1026348246312625001 1.5663337961256866837 1.6426484432692476378 1.7496086814883589078 1.8698091032518975307 1.8155237950623266396 1.8129549720395239376 1.9231130751026173087 2.1180777047814096647 4.5938666473563785075 7.5488997066388474622 11.214865322844040918 13.700062162144979183 15.322586952743812105 236.44770707780236307 242.72427888102347993 467.57651525973108164 466.63108969600887121 402.53054676219034036 408.03014299590972769 459.23988936435887354 476.41926789428845268 nan nan nan nan nan nan nan nan nan nan nan nan nan nan nan nan nan nan nan nan nan nan nan nan nan
nan nan nan nan nan nan nan nan nan nan nan nan nan nan nan 135.90024497712957441 2.9457634745789373909 2.1766056273964329293 2.0237598661928641874 2.1632269454074988246 2.1421538926738330488 2.3026139510065184446 2.2887437426417096553 2.3028341147369304487 2.542427895336249577 2.7683456907182755202 5.540407184980682409 7.6847310169801401614 10.531141607678165428 246.32146811381079488 199.10262679080091175 16.732250949432405207 17.30556585164403316 nan nan nan nan nan nan nan nan nan nan nan nan nan nan nan nan nan nan nan nan nan nan nan nan nan nan nan nan nan nan nan
nan nan nan nan nan nan nan nan nan nan nan nan nan nan 177.10015140470915185 4.4722715930913654603 3.0931024424753328361 2.5947428737651558883 2.6901981967084451774 2.8277260664857091221 2.707532307791646442 2.7226874892059922395 2.7447414739504414349 2.8833907656299326838 3.2040709777547728976 3.5978321547387723811 5.7052412063724116109 137.36809678730887185 11.428326989286661686 13.220426333344686753 330.712516461925361 nan nan nan nan nan nan nan nan nan nan nan nan nan nan nan nan nan nan nan nan nan nan nan nan nan nan nan nan nan nan nan nan nan
nan nan nan nan nan nan nan nan nan nan nan nan nan nan 144.54604108812739582 4.2707090797276388017 3.7633149402745162959 3.6120118388293156464 3.4736635146873720004 3.537611931655940456 3.4466213722914798012 3.2278154031363608389 3.0794681074049088387 3.3917302053219615665 4.0734487248303139495 4.7775946318355977382 6.0866655212499454208 69.968537463837833457 11.368751639087347982 14.16654121356615903 nan nan nan nan nan nan nan nan nan nan nan nan nan nan nan nan nan nan nan nan nan nan nan nan nan nan nan nan nan nan nan nan nan nan
nan nan nan nan nan nan nan nan nan nan nan nan nan nan 117.81753284364152989 71.608249261764015614 157.31597743934494815 121.56596183216136353 11.302529856672284936 4.5889128746054117514 37.397486112997057717 137.73076639290428602 134.86360360574283845 67.081157131706930841 5.9398193787858817316 51.898760827699803144 7.4581644602661762988 nan nan nan nan nan nan nan nan nan nan nan nan nan nan nan nan nan nan nan nan nan nan nan nan nan nan nan nan nan nan nan nan nan nan nan nan nan
nan nan nan nan nan nan nan nan nan nan nan nan nan nan nan 298.50047604004748791 367.09163626165781125 271.8946727321544472 162.25230342293497188 105.19261310724785119 96.053028870621574242 120.61786391613161129 285.15271776579930929 385.29741281049740564 141.61187461923802289 nan nan nan nan nan nan nan nan nan nan nan nan nan nan nan nan nan nan nan nan nan nan nan nan nan nan nan nan nan nan nan nan nan nan nan nan nan nan nan
nan nan nan nan nan nan nan nan nan nan nan nan nan nan nan nan nan 419.40572346776951917 452.36969017352600986 359.38412902805345084 401.66349478262833372 363.64041249474615825 nan nan nan nan nan nan nan nan nan nan nan nan nan nan nan nan nan nan nan nan nan nan nan nan nan nan nan nan nan nan nan nan nan nan nan nan nan nan nan nan nan nan
nan nan nan nan nan nan nan nan nan nan nan nan nan nan nan nan nan nan nan nan nan nan nan nan nan nan nan nan nan nan nan nan nan nan nan nan nan nan nan nan nan nan nan nan nan nan nan nan nan nan nan nan nan nan nan nan nan nan nan nan nan nan nan nan
