results/rofental/snowdepth_month_2020-05-01T0000_2020-05-31T2300.asc
ncols        322
nrows        225
xllcorner    622802.488000000012
yllcorner    5178049.378999999724
cellsize     100.000000000000
[rows 54 to 80 of 225, columns 186 to 247 of 322]
nan nan nan nan nan nan nan nan nan nan nan nan nan nan nan nan nan nan nan nan nan nan nan nan nan nan nan nan nan nan nan nan nan nan nan nan nan nan nan nan nan nan nan nan nan nan nan nan nan nan nan nan nan nan nan nan nan nan nan nan nan nan
nan nan nan nan nan nan nan nan nan nan nan nan nan nan nan nan nan nan nan nan nan nan nan nan nan nan nan nan nan nan nan nan nan nan nan nan nan nan nan nan nan nan nan nan nan nan nan nan nan nan nan nan nan nan nan nan nan nan nan nan nan nan
nan nan nan nan nan nan nan nan nan nan nan nan nan nan nan nan nan nan nan nan nan nan nan nan nan nan nan nan nan nan nan nan nan nan nan nan nan nan nan nan nan nan nan nan nan nan nan nan nan nan nan nan nan nan nan nan nan nan nan nan nan nan
nan nan nan nan nan nan nan nan nan nan nan nan nan nan nan nan nan nan nan nan nan nan nan nan nan nan nan nan nan nan nan nan nan nan nan nan nan nan nan nan nan nan nan nan nan nan nan nan nan nan nan nan nan nan nan nan nan nan nan nan nan nan
nan nan nan nan nan nan nan nan nan nan nan nan nan nan nan nan nan nan nan nan nan nan nan nan nan nan nan nan nan nan nan nan nan nan nan nan nan nan nan nan nan nan nan nan nan nan nan nan nan nan nan nan nan nan nan nan nan nan nan nan nan nan
nan nan nan nan nan nan nan nan nan nan nan nan nan nan nan 1.7577844060237615142 nan nan nan nan nan nan nan nan nan nan nan nan nan nan nan nan nan nan nan nan nan nan nan nan nan nan nan nan nan nan nan nan nan nan nan nan nan nan nan nan nan nan nan nan nan nan
nan nan nan nan nan nan nan nan nan nan nan nan nan 1.8639400217245405411 1.7083042298423627425 1.4835463270700230964 1.539595344068284577 1.7046001056326693934 nan nan nan nan nan nan nan nan nan nan nan nan nan nan nan nan nan nan nan nan nan nan nan nan nan nan nan nan nan nan nan nan nan nan nan nan nan nan nan nan nan nan nan nan
nan nan nan nan nan nan nan nan nan nan nan 1.4928957954949959586 1.4722428298389036438 1.5019530203280411218 1.5031347868773170529 1.4387358919038781835 1.3117357992809453027 1.2634562537623506007 1.4874569064494698178 nan nan nan nan nan nan nan nan nan nan nan nan nan nan nan nan nan nan nan nan nan nan nan nan nan nan nan nan nan nan nan nan nan nan nan nan nan nan nan nan nan nan nan
nan nan nan nan nan nan nan nan nan 1.9697546055828327738 1.5958078936483912624 1.293162720813346489 1.2147545193396436236 1.1770013208508929292 1.1790686844096014418 1.2814668653346610316 1.3688169027498127139 1.1265400584588001198 0.94776560957003530561 1.0985651450889133418 1.4151071312245264711 nan nan nan nan nan nan nan nan nan nan nan nan nan nan nan nan nan nan nan nan nan nan nan nan nan nan nan nan nan nan nan nan nan nan nan nan nan nan nan nan nan
nan nan nan nan nan nan nan nan 1.8210028543027818593 1.7944780156801838356 1.4958074897005517734 1.3333323024082690544 1.2902478156003311938 1.2427060116276473778 1.1675947028602857714 1.1384820796118473307 1.2565893032870718571 1.1906153212253651752 0.94481203411455139118 0.76589253425149117493 0.74064306547159264316 1.0281605192260305781 1.5734979422597679122 nan nan nan nan nan nan nan nan nan nan nan nan nan nan nan nan nan nan nan nan nan nan nan nan nan nan nan nan nan nan nan nan nan nan nan nan nan nan nan
nan nan nan nan nan nan nan nan 1.9273676223834015353 1.8804701641876073737 1.6593700537307767284 1.4184006020672954573 1.4195066818314612256 1.407082586968067206 1.3769103159644329182 1.3004953325685975063 1.2883174500523320027 1.2584791969219515373 1.1359580261800075185 0.9774766695805521266 0.78315498873717503958 0.69021834616004884566 0.80426738932066488275 1.2271899072903482697 nan nan nan nan nan nan nan nan nan nan nan nan nan nan nan nan nan nan nan nan nan nan nan nan nan nan nan nan nan nan nan nan nan nan nan nan nan nan
1.3532618497035355798 1.3694469701524700778 1.306895585379379332 1.4138934554360949036 1.7846471996812149907 nan nan 1.4412709576315827498 1.5066379621400629585 1.7068509076026938676 1.7589654252640067877 1.6465166515900313549 1.6295729587798748472 1.6585008247428252304 1.4420210644268862676 1.2381339296697577712 1.2222276991906400045 1.2682914536471925349 1.2232112313110028445 1.1380747161044750815 0.97749750157831727382 0.73983187946140382962 0.68291708790855376598 1.0081393131477871528 1.3441068488130587522 nan nan nan nan nan nan nan nan nan nan nan nan nan nan nan nan nan nan nan nan nan nan nan nan nan nan nan nan nan nan nan nan nan nan nan nan nan
0.83459504974472009664 0.92942383587024246516 1.0201042759649909808 1.1047204064521176647 1.2294025783752164926 1.4471936945900090166 1.5268330431562833205 1.3685457766194979445 1.1284278079829512809 1.1362646948966030891 1.6532820080193861845 1.6974086110161983321 1.522059342464727516 1.4964219249820824853 1.4304905028417376212 1.2598988661175321013 1.0742830705466519525 1.1722098783556837986 1.2047897147702031351 1.1235961557516085385 1.0321746258939894503 0.8716607661974681287 0.75060151709154632194 0.96702852151300455752 1.1758147625615356091 1.401848088147102489 nan nan nan nan nan nan nan nan nan nan nan nan nan nan nan nan nan nan nan nan nan nan nan nan nan nan nan nan nan nan nan nan nan nan nan nan
0.88229277598282496164 0.97647397135196145612 1.0056166859664665836 0.97732667575009990468 1.0161562094382177168 1.1520028138200322232 1.4825763575244894632 1.2201497096553950428 0.96223810771064854919 0.91896639907343913301 1.4914402349871676012 1.7320716750623070812 1.6240413976402443552 1.5065468950466101017 1.4246450938340553538 1.3828361818638630343 1.2334329958923953008 1.1231320547894283468 1.1323601507041589631 1.0612812935574853501 1.0029461794675937902 0.8897708147537199963 0.72934203249360529675 0.87672192433134121803 0.92483338518456836841 1.1431929793540054341 1.3850665850292886994 nan nan nan nan nan nan nan nan nan nan nan nan nan nan nan nan nan nan nan nan nan nan nan nan nan nan nan nan nan nan nan nan nan nan nan
0.82580596789807936275 0.86523988259526118938 0.72807870989409861906 0.67052606734824116153 0.701664359775197366 0.91469023734481591514 1.4029571553454172061 1.2032051748139724889 0.83488325079989256228 0.79005958177990143199 1.0020664275364317142 1.4044688794946398325 1.8001243382216771671 1.7632976012101799768 1.4519118857808590572 1.3780959599288948869 1.2742434581070363198 1.2041302222327028293 1.1576104187881006702 1.0832307864652395146 1.0311228414732285241 0.88520605718592759725 0.57191040536526216442 0.56743001134230808269 0.33544199659929702095 0.61279657110461582814 1.2690143313605823927 nan nan nan nan nan nan nan nan nan nan nan nan nan nan nan nan nan nan nan nan nan nan nan nan nan nan nan nan nan nan nan nan nan nan nan
0.71611405529586058538 0.56305850513412680769 0.60695509741805586668 0.69658191457009288605 0.7276864053934508636 0.88764133818867008152 1.094221221279266576 1.0789531327218164769 0.71944328918787237015 0.68587984586799211062 0.82193988147381202847 0.84205605340948552762 1.1064989290750597561 1.8058488100868876902 1.7882975652118378029 1.5602121801214925423 1.3735883629020724239 1.2305423323492152843 1.1486181647655404614 1.0266083938086645322 0.97308406516177337053 0.84924255266506598616 0.6604074037015682519 0.48451980468107286315 0.21605528235056681297 0.27188757383422945679 0.89028432591242512295 nan nan nan nan nan nan nan nan nan nan nan nan nan nan nan nan nan nan nan nan nan nan nan nan nan nan nan nan nan nan nan nan nan nan nan
0.70211047847711982595 0.61152105438354265043 0.67550013401786768164 0.78271554646747221184 0.62315185656708194095 0.60892555549299343109 0.73207829650341571526 0.6809266246135059486 0.55262696359991858586 0.64627765819888549625 0.72132932764348633992 0.67144672222253376503 0.74135270556531795982 1.0285635733542308756 1.7086929824468952699 1.7951896685758639283 1.6903243572435804332 1.3748667160888750072 1.1601430033135773368 0.93718086449287918427 0.85370981601910655989 0.79568776967578347392 0.7623202844550691637 0.74287178361089012402 0.42275349758268138123 0.32979455498755189113 0.92163298536800752903 nan nan nan nan nan nan nan nan nan nan nan nan nan nan nan nan nan nan nan nan nan nan nan nan nan nan nan nan nan nan nan nan nan nan nan
0.86098091401568532799 0.66686107778240411026 0.55442328786047079259 0.7279085727188235877 0.48680283271755647734 0.30471715394749576689 0.33784832060880048976 0.38913882260893351006 0.45637016456998891201 0.53579478833419391659 0.57867761391663963266 0.58136498400130864894 0.62685883241969930779 0.73538691988697224566 0.93369662193036428999 1.0220906358826304938 1.5490438587079760069 1.5945399583558674816 1.3696715238787917635 0.99277788306483660818 0.75218187026907423753 0.66427304430173916838 0.62504737520083586411 0.66255461235067991677 0.55656830400481116516 0.24341387537837094746 0.30475800024780391739 1.1729987539272541675 nan nan nan nan nan nan nan nan nan nan nan nan nan nan nan nan nan nan nan nan nan nan nan nan nan nan nan nan nan nan nan nan nan nan
0.96683202438378490484 0.79799561564868737307 0.68374141433202384466 0.88373406534403975421 0.66359109706618113478 0.35101517860545455862 0.34756569806655079891 0.37730012272267876572 0.37524138209226098883 0.38785283952711946398 0.45516382666565474713 0.47253102768499100073 0.48948377107080714987 0.64178078651151604372 0.83292219722430893558 0.64393514664966466921 0.82192187398064109338 1.4319102257600531125 1.2724398175318145654 1.0117402411919376171 0.69244556238616683519 0.58770964650881796221 0.47467409898378043476 0.22826844961630674002 0.33991663643738301293 0.2303956851999579003 0.095209803586434396672 0.38063606936164656735 1.1432765974326557501 nan nan nan nan nan nan nan nan nan nan nan nan nan nan nan nan nan nan nan nan nan nan nan nan nan nan nan nan nan nan nan nan nan
1.0937695139985210702 0.88709823502697759956 0.68997884542010989861 0.76528805646642938942 0.63810788647165583853 0.45205292275410846603 0.439796310939468027 0.41277246936224493146 0.37743158634220058678 0.30467240445434151663 0.36318727849630561 0.3607064794485703163 0.33664029437752512885 0.47116038184513786558 0.72604465576996624065 0.5787693141597046731 0.57409279972466675801 1.0437216726287183999 1.2876515576499030225 0.99258456277328566131 0.57440409398169045563 0.61231668736628663829 0.58675013242557194637 0.13930921848957164566 0.032720846471126337207 0.16442872214823309185 0.081074906884654490691 0.085364445118476253715 0.69984450585858815064 nan nan nan nan nan nan nan nan nan nan nan nan nan nan nan nan nan nan nan nan nan nan nan nan nan nan nan nan nan nan nan nan nan
1.090437408857963808 0.99717236803823083857 0.7905480097743290413 0.78732265651841448761 0.6936586271404565629 0.55214301434733226159 0.48463500565942385645 0.49856484730955041851 0.45889639647184882199 0.30855152673338015479 0.28908615873811205343 0.28972525053703390707 0.26015137040236341326 0.30946820716070100321 0.56665129396672497819 0.61486766645121115893 0.5556556642449230754 0.6417850327019183343 0.85439654156958499964 1.0830804148591197666 0.41323109114403328013 0.43327911064227325744 0.5955173305437033715 0.23845061821817661873 0.044889446185063484884 0.040981013232551363745 0.090197690639107416799 0.12973213907912223286 0.27723851168940616407 1.0849222021043658515 nan nan nan nan nan nan nan nan nan nan nan nan nan nan nan nan nan nan nan nan nan nan nan nan nan nan nan nan nan nan nan nan
1.1540234476493438365 1.0605990872215085297 0.95925999134773254351 0.84984267975184024646 0.77588076342243872396 0.5647764328302127268 0.51416828271490888635 0.51954310424166838533 0.54604911703980107962 0.44615235704442529618 0.28322180131755048116 0.2218785239079615057 0.19511861565144872355 0.27618065784908540916 0.57680275918981693817 0.68926964839876070368 0.49857473704802429681 0.54420006689782185472 0.54245115019724776673 0.68072398453676208341 0.32107473967566751982 0.18607361326720078809 0.31005294553586487671 0.26425352894501058509 0.13611199944902047099 0.089724843288970762556 0.18464733910603114975 0.32221809244555221774 0.48551800977015246996 1.0669826276544036592 nan nan nan nan nan nan nan nan nan nan nan nan nan nan nan nan nan nan nan nan nan nan nan nan nan nan nan nan nan nan nan nan
1.3016086405566700268 1.2297750039804453692 1.1132278616957722583 0.80292076521368493935 0.74435589630874843259 0.55984717668680261671 0.51879312825889234428 0.50513358175928191329 0.45180927646272661669 0.41722374429660769035 0.35728564313207461511 0.23674210034801956848 0.1976657664863028796 0.28497366164315979242 0.52982088612760902535 1.024906708000935085 0.70840064433556448886 0.53960223394285233844 0.61422169486354982748 0.63867351054610776995 0.43333118235990863987 0.1889788394448142228 0.17749557414084743412 0.14306594665116015297 0.22018851132163919093 0.19679106024573203571 0.2682004769381042264 0.38428112844589984443 0.54266377522898501251 nan nan nan nan nan nan nan nan nan nan nan nan nan nan nan nan nan nan nan nan nan nan nan nan nan nan nan nan nan nan nan nan nan
1.4733300431275253572 1.434652511527580554 1.2617525762935790645 0.90623925946484662486 0.69975979212362970916 0.56407964046274683412 0.49875361832397280271 0.54414047236039531086 0.42290853818302359679 0.36130727922526661988 0.42323978011037816094 0.34318746775036468311 0.21843071595991497835 0.27775267481917986778 0.46631759911480452629 1.0408424023150313342 0.7611992472127596665 0.4264310199360135667 0.46543711718250097009 0.53407560268434584039 0.49911001944769745053 0.27550456510633353213 0.12394509714429040315 0.065551823359412522696 0.084733062408834894375 0.16284117012903770449 0.3352403272834205139 0.38640999614309073928 0.44645119606377547949 nan nan nan nan nan nan nan nan nan nan nan nan nan nan nan nan nan nan nan nan nan nan nan nan nan nan nan nan nan nan nan nan nan
1.4326970169088175666 1.4091562943746127612 1.3743783820516224381 1.2498031535039810791 0.93056776834187482361 0.56477703536807777329 0.39225642706743168997 0.48927843241250290607 0.50959054457443331287 0.34395128899204274742 0.33926792780704911889 0.36013513870635688319 0.21788916045472062066 0.23202523056115467726 0.34964217314304102402 0.99281180002638058646 1.1546095749080802495 0.7712462021031909476 0.5898763524143542103 0.43249825210931536201 0.29340376172949156341 0.11070904778740478513 0.068431436939921999607 0.013107157126709650941 0.045578227668054666077 0.10258853992512326214 0.15016384107889330091 0.13460505013271142905 0.39980119092446148032 nan nan nan nan nan nan nan nan nan nan nan nan nan nan nan nan nan nan nan nan nan nan nan nan nan nan nan nan nan nan nan nan nan
0.94262563701676660433 0.91353900497153606164 0.99530592091514813458 1.1014353008998700734 1.1505761688228588469 0.81008581335942309032 0.49507317847083998075 0.4357052891058323385 0.53875593044507286145 0.40693059580663715202 0.29552111589052570961 0.3043747583208931129 0.35932124940110560241 0.20930006802867712201 0.18914577852447461703 0.39808333400605111496 0.99831482541690164112 0.78274913161501136205 0.51802968508192015484 0.49848175787722742713 0.37656431392260159008 0.12313220898286440785 0.054067824213895228358 0.044059884753265242396 0.10839286488344039572 0.12443220724097231455 0.092648535314491867187 0.065716490009653988347 nan nan nan nan nan nan nan nan nan nan nan nan nan nan nan nan nan nan nan nan nan nan nan nan nan nan nan nan nan nan nan nan nan nan
1.3639259014040983065 1.1843475480256711041 1.023707690372570589 0.95945655928309225846 1.0536249623697926392 1.0788416683913129024 0.69268533578505886439 0.53028855788333628674 0.57381351868886154577 0.53960765468370541775 0.33910223733277544689 0.2332515866526430337 0.29375429693670568332 0.15535218856086888128 0.1218228096484740286 0.12636135021664754441 0.62787085409260678937 0.69880680526774430206 0.42730003595658538895 0.43839897245958520111 0.34244589864073460284 0.093665320245766445217 0.047997037291274656512 0.090028050714234905683 0.068420570197927396694 0.023350900459541620857 0.059660151008585383947 0.09275642067839434679 nan nan nan nan nan nan nan nan nan nan nan nan nan nan nan nan nan nan nan nan nan nan nan nan nan nan nan nan nan nan nan nan nan nan
