results/rofental/snowmelt_month_2020-09-01T0000_2020-09-30T2300.asc
ncols        322
nrows        225
xllcorner    622802.488000000012
yllcorner    5178049.378999999724
cellsize     100.000000000000
[rows 140 to 167 of 225, columns 63 to 125 of 322]
nan nan nan nan nan nan nan nan nan nan nan nan nan nan nan nan nan nan nan nan nan nan nan nan nan nan nan nan nan nan nan nan nan nan nan nan nan nan nan nan nan nan nan nan nan nan nan nan nan nan nan 10.203817915645570835 11.320185496422478622 15.347863103735623014 19.557368513155516609 21.717920757122971764 17.010062315713717851 16.12981271862797783 16.270329921390530359 16.287616256757516453 15.523346473079904229 14.478792986874138293 14.194502263312273271
nan nan nan nan nan nan nan nan nan nan nan nan nan nan nan nan nan nan nan nan nan nan nan nan nan nan nan nan nan nan nan nan nan nan nan nan nan nan nan nan nan nan nan nan nan nan nan nan nan nan 9.8036640436742050753 11.65289563279714713 13.036309289188137583 17.037950391240503478 21.683388368683012004 16.611121301024894592 16.720793083327713191 16.143296923788671648 16.289395258775591913 16.100493312891501319 15.213368541088422958 14.371753516285952657 14.079640815296899703
nan nan nan nan nan nan nan nan nan nan nan nan nan nan nan nan nan nan nan nan nan nan nan nan nan nan nan nan nan nan nan nan nan nan nan nan nan nan nan nan nan nan nan nan nan nan nan nan nan 10.831756988943686437 18.170149108385974301 20.109567876177493417 22.001154229219942238 18.761367025915628659 20.234587939963972758 17.029087253090523291 16.37311345983546218 16.529933264518891889 16.018616571097492596 15.19334645066108358 14.537283236314094026 14.319227652523890626 12.700157193756245633
nan nan nan nan nan nan nan nan nan nan nan nan nan nan nan nan nan nan nan nan nan nan nan nan nan nan nan nan nan nan nan nan nan nan nan nan nan nan nan nan nan nan nan nan nan nan nan nan 13.79145893505500986 18.600955628084374638 17.003532113079415922 16.651613886622499194 16.675827734345297415 16.65167062943534404 21.951150872382246604 21.488740602460858042 16.480929040507167116 16.20643750386136972 15.219180107807817492 14.602121708822807022 14.407996792139153186 12.499970972568457128 12.141915909393164341
nan nan nan nan nan nan nan nan nan nan nan nan nan nan nan nan nan nan nan nan nan nan nan nan nan nan nan nan nan nan nan nan nan nan nan nan nan nan nan nan nan nan nan nan nan 15.033920205862651542 15.96849676174662136 20.147983881688851682 21.25258451461928999 23.08960240978136369 16.73415921257215544 17.302046379415209287 16.864694115414341269 16.54936568376526651 17.222057996441641592 16.951356979605687769 16.867621787776162279 16.577221746158073756 15.364355858869975791 14.864145933362491903 14.471120557440306342 12.804902017660371172 12.523254833072792636
nan nan nan nan nan nan nan nan nan nan nan nan nan nan nan nan nan nan nan nan nan nan nan nan nan nan nan nan nan nan nan nan nan nan nan nan nan nan nan nan nan nan nan nan 22.400296360750900249 21.749485823111587735 21.208259699185177283 17.138288293468601609 16.859311044668526591 17.200995535852740659 16.819308572677464042 17.19061715842190452 16.080478279371977379 15.497215962911884191 15.075406251328866247 15.481994345879000363 16.187965006245420341 16.277725917792526644 15.966491121012488463 15.400617142938997972 14.593901596511219765 14.369940061879596271 12.541372171424011839
nan nan nan nan nan nan nan nan nan nan nan nan nan nan nan nan nan nan nan nan nan nan nan nan nan nan nan nan nan nan nan nan nan nan nan nan nan nan nan nan nan nan nan nan 17.146617313270620997 17.124118647177485997 16.764464628570468818 16.77566724422171518 17.23954381363878241 16.811549755689441099 16.391098483333220059 16.124120045207273932 15.390634541219331055 15.182915779388247657 14.679103552789491971 12.624510313448478627 12.710721201337609187 14.494966254027843888 14.723315475011256481 14.58364906357185653 14.489631845088370099 14.3845429196945922 12.655572207540926044
nan nan nan nan nan nan nan nan nan nan nan nan nan nan nan nan nan nan nan nan nan nan nan nan nan nan nan nan nan nan nan nan nan nan nan nan nan nan nan nan nan nan nan nan 17.688369939018194543 17.050059284702239637 17.094426268989536766 17.225685522446049447 16.848360722180096616 16.591783479921112132 16.095605832236536514 15.774913764933387483 15.359777215300033149 15.124211009946833428 14.940823049434804659 12.879640691260895835 12.379688924855146936 12.287451997830023842 12.289452636132056185 12.357841773544405939 12.36321605112708788 12.351238490068102038 12.082121438402143809
nan nan nan nan nan nan nan nan nan nan nan nan nan nan nan nan nan nan nan nan nan nan nan nan nan nan nan nan nan nan nan nan nan nan nan nan nan nan nan nan nan nan nan 20.922254825928199296 17.64583693096296102 16.968908595138408657 17.261650021960154078 17.389930784113612816 17.055666268481296299 16.721586148501664582 16.390071245761536289 16.112321386736677908 15.610287119419638202 15.166137501597996007 15.111910729017502319 14.805318115766349152 13.186149599522734022 12.466064734607748221 12.452823261448816794 12.284303354636877614 12.057548575935815194 11.757939220638013111 11.638298422667565646
nan nan nan nan nan nan nan nan nan nan nan nan nan nan nan nan nan nan nan nan nan nan nan nan nan nan nan nan nan nan nan nan nan nan nan nan nan nan nan nan nan nan nan 18.647044437377640946 22.2840672757275442 17.501107450486642847 17.210427362040608301 17.259817919791569096 17.339569217921429356 16.973886333002685234 16.717748075569026867 16.334676574499052748 15.737332972116249152 15.216864160711089937 15.189811904055277481 14.912257793138865125 13.283288491086297611 13.217679598945530017 12.925250709950192984 12.447135875290291196 12.257635150019984493 11.723611122687017883 13.027402776306933774
nan nan nan nan nan nan nan nan nan nan nan nan nan nan nan nan nan nan nan nan nan nan nan nan nan nan nan nan nan nan nan nan nan nan nan nan nan nan nan nan nan nan 15.111300276437274803 18.001323131606348227 23.516181349389722044 18.022221315749877846 17.417806290345421161 17.093479056619081291 17.154805051190102461 17.367366686219479988 17.351456782837299642 16.908962383200957902 16.299504834043968771 15.575675259866452294 15.343609746127265581 15.038263211489237392 12.948743112681411205 12.70059153850879774 12.495154530348370869 12.193548172764037574 11.88887181615221067 13.268647990612970844 13.128004174497169387
nan nan nan nan nan nan nan nan nan nan nan nan nan nan nan nan nan nan nan nan nan nan nan nan nan nan nan nan nan nan nan nan nan nan nan nan nan nan nan nan nan 13.054165975807237032 13.938502477151535786 18.955308679670686445 21.034883750412703307 23.313749940264326455 18.012676339121199476 18.331343320318627121 18.205050293298246089 17.639773792147497744 17.417222018541526296 17.184056171048197825 17.256369196480754624 16.593521729524976394 15.635599918669871755 15.201445657621437846 13.325714854735858594 12.777469457175349987 12.562928301102749273 12.167694196647513394 11.784085553129722612 11.640521430604840347 13.219802609606643884
nan nan nan nan nan nan nan nan nan nan nan nan nan nan nan nan nan nan nan nan nan nan nan nan nan nan nan nan nan nan nan nan nan nan nan nan nan nan nan nan nan nan 14.97427869752869789 18.703921265133455876 19.932314545220908286 22.058820827448606394 23.828459049558933458 23.872544036385161093 23.886636789567660344 17.86030200098685583 24.013838280827620508 18.446930774298255784 17.660783564510769139 17.346096472261795185 16.977641445649020113 15.638388162610267429 13.639077959234993997 13.581071370340410454 12.680693492845586334 12.203288648879521361 11.853640660567345222 13.426880660033990722 13.403024355779239229
nan nan nan nan nan nan nan nan nan nan nan nan nan nan nan nan nan nan nan nan nan nan nan nan nan nan nan nan nan nan nan nan nan nan nan nan nan nan nan nan nan 9.8424269192395197337 14.658614159183800396 17.236514177067142839 17.924131137280610915 19.735119310383641533 22.200495680970032453 22.212314802891285126 21.964528281739056581 21.058874943966287674 19.879612766432860127 20.815025575367737787 21.617972031511008879 23.386605422253492037 17.449991268270519384 16.523678871519681621 15.370211545262653985 13.596061930093291892 12.64885020392159376 12.240251735656892507 11.905428599673209433 11.944343556009037854 11.829102965298153194
nan nan nan nan nan nan nan nan nan nan nan nan nan nan nan nan nan nan nan nan nan nan nan nan nan nan nan nan nan nan nan nan nan nan nan nan nan nan nan nan nan 7.5532684865036499033 10.898266806611509594 15.62631958386985076 16.605570374068783224 17.976474734457827509 19.099059203817045471 19.468367464217138263 17.193679424155984492 17.495606425346824864 23.395079262922394037 18.466368956650715205 17.915522108196849871 18.604159284911013117 17.54019638869662856 16.503785363287605037 13.843453442733128611 12.991886127968712117 12.590831870872927212 12.159463157024177349 12.152335355998514999 12.083303653029359381 11.95920598203399976
nan nan nan nan nan nan nan nan nan nan nan nan nan nan nan nan nan nan nan nan nan nan nan nan nan nan nan nan nan nan nan nan nan nan nan nan nan nan nan nan nan 6.0210729166321108607 7.7497389232181772556 9.9475473342403617494 13.82953544538561097 16.738418503717799268 16.808101954472803641 15.814844081147946042 17.195864666197444137 23.54143354817745859 18.473339193068525788 17.981208906386616064 17.765273485625634464 17.557297346563384366 17.150488038332483143 15.811312378927521394 13.786483014829308047 12.960068056801562264 12.488855478718686953 12.327041132240202259 12.251944744247731833 12.222739340953772569 12.135739109174542349
nan nan nan nan nan nan nan nan nan nan nan nan nan nan nan nan nan nan nan nan nan nan nan nan nan nan nan nan nan nan nan nan nan nan nan nan nan nan nan nan nan 6.132226328479727151 6.7973941658307897029 9.3502083944303819862 12.465149695743178881 13.729723208813256363 15.857773633604139718 19.642227644869180381 23.460213102395336193 19.010734907589000642 17.881460150644183926 17.820058126657443154 17.207390373016536955 17.022327611684293203 16.407163352426792358 15.779826880794962207 13.867951599628604242 13.418784247724781622 12.467977625095405969 12.438398700776090777 12.439040557547036414 12.853129156658448906 12.761699013380175316
nan nan nan nan nan nan nan nan nan nan nan nan nan nan nan nan nan nan nan nan nan nan nan nan nan nan nan nan nan nan nan nan nan nan nan nan nan nan nan nan 7.0130138845477612008 7.8836623217828432075 8.8604782113280666778 12.742358226777659169 15.606726962199338971 18.470982654825824909 20.786238261184891485 21.580579268055203102 23.857012591874951823 18.921391682240091825 17.988450475084597713 17.333508259690191267 16.603348064904814407 16.084522743528019362 15.850094567003095491 14.007094788153480636 13.903390897602246667 12.861359879140016105 12.581651102201600878 13.132891051321768927 13.098019248512134283 13.043076932132024126 12.901081782838883072
nan nan nan nan nan nan nan nan nan nan nan nan nan nan nan nan nan nan nan nan nan nan nan nan nan nan nan nan nan nan nan nan nan nan nan nan nan nan nan 9.7558401501022604663 9.6955362538946712192 9.9123221942220496317 10.522434994620748938 12.873871623418150278 15.944487868639114936 18.795168336889563676 20.898348402011492908 22.078728788920479076 23.666437750037967902 18.648284304351470553 18.277579433320514823 17.730649794452343571 16.797905458488255448 15.98308872157738314 14.21199440148756743 13.976794353354762279 14.000574773006416507 12.756857335630979122 13.353437785925876824 13.314525910222135607 13.258196415474126084 13.183845946839300112 13.051681335390645344
nan nan nan nan nan nan nan nan nan nan nan nan nan nan nan nan nan nan nan nan nan nan nan nan nan nan nan nan nan nan nan nan nan nan nan nan nan 9.8802230108835491507 12.384023962095541904 13.66995617526570328 13.193532758534544769 12.801437133435753069 12.775608295108963119 13.20561147725268647 14.531747801295077593 17.509046725676924439 20.456413476007210051 22.699288014044306294 24.484588587318004471 25.283373155744769178 19.169122890836071349 18.076862001911219835 17.328409645029946518 16.067725418083377065 14.152602878088829996 14.011254590640787043 13.504670071067719661 13.411454758253553265 13.456531594810250851 13.43779896322431 13.390515035062819038 13.625892015756150499 13.142326278026127184
nan nan nan nan nan nan nan nan nan nan nan nan nan nan nan nan nan nan nan nan nan nan nan nan nan nan nan nan nan nan nan nan nan nan nan nan 11.617871776383376314 12.867098817100192321 16.246294033099086818 16.341813806312565305 16.311059388133102743 15.776218679922262567 15.526326134562630443 15.681662676472839735 16.17314968465896996 15.709468996382865313 18.079899531627521725 22.79694912952864172 25.387481579020697353 25.782079324220269712 19.242768536187952577 18.169953523061096234 17.37997957062762211 16.036644275529901904 14.034790923665111606 14.00945872591203134 13.633378639351739992 13.610433758286143657 13.605803834618729553 13.929924194563035655 13.877117791470196195 13.745980318321231906 13.274743485094369078
nan nan nan nan nan nan nan nan nan nan nan nan nan nan nan nan nan nan nan nan nan nan nan nan nan nan nan nan nan nan nan nan nan nan 13.45496934555064783 15.031882812595007692 16.175599001240929198 17.554828938138580696 18.650783541578366709 18.589693467448338282 18.813153735902389485 18.414976874194618262 18.037147855449319422 17.837311240959930814 18.492051358035439534 19.929735099134546772 17.855997066131262585 18.530138396600982276 22.732551162580563187 25.010370286643833992 19.01151942709334719 18.543548086431908217 17.729145993868911546 17.24887115899198875 14.451214523431039183 14.004820837538783707 13.617477785847336591 13.731394520303135565 14.087410359623298461 14.034238224521061511 13.971637050978864991 13.542310820638396862 13.750175498349930692
nan nan nan nan nan nan nan nan nan nan nan nan nan nan nan nan nan nan nan nan nan nan nan nan nan nan nan nan nan nan nan nan 11.869854626054966218 12.434470122652911073 15.023325313677039716 17.039711754856579518 17.796161593559290282 19.923673626189440711 20.860166498515660294 20.941452225123317277 20.667902601407508456 20.734039332065353989 20.577250033565427145 20.433019436496628884 21.06730805851336541 22.636871634597945047 24.507108385100544012 23.197248713820613375 23.355290686615017393 24.092660992038759105 25.549105852870482636 19.001228402967992537 18.951068967497608497 18.125456777149775434 16.627123200622818899 14.181538083881777723 14.059254546678090492 14.153728423119323665 14.133103776569118537 14.055562894435183807 14.055060075169148348 13.9690085224573739 13.833514872964553177
nan nan nan nan nan nan nan nan nan nan nan nan nan nan nan nan nan nan nan nan nan nan nan nan nan nan 1.5805024391188202681 3.3677595477738209162 5.632679236495103936 7.9711488291487198055 9.5319480796526896427 11.585770217672884286 12.623114711174205027 14.208425926213923418 16.079548719824494185 18.106942913242651372 19.247306288129891527 22.361159941840323739 23.565363358665880611 23.519066337325536864 22.987057651474213316 22.235604758936148073 22.219403644679601939 22.438743301407480857 23.845895955719420556 24.942399815838150801 26.311748812225722816 19.982758091731003702 19.514916960371284205 26.001830765091927589 19.602651865566013356 18.871576545339141973 18.384361535565574286 17.755498365071524347 16.729335120126879843 14.27230472975030473 14.142101897304376834 14.141693752382202831 14.146467610877271781 14.037646591976725929 14.040345466584282619 13.974369274368863003 13.886854525283716555
nan nan nan nan nan nan nan nan nan nan nan nan nan nan nan nan nan nan nan nan nan nan nan nan nan nan 1.6517715251098472606 4.501645483170576334 6.3395694701022735629 9.6147290446509572348 10.904309362732259814 12.155252444434527348 13.624292872633956719 15.43885009346588788 16.745123686065564783 18.363761390797279205 20.312282773866940033 23.617632862522579984 23.515126062356131342 23.639988403083442847 24.160322515564001122 24.229912052668524325 23.80971154561234826 23.935814206126753589 25.071563907818838146 25.938991843145384308 19.404009024924228299 19.127256693791125031 18.983039259430576351 19.665272890503963765 19.051994012713258542 18.613738606764922423 18.022245920590211909 17.097733283371145063 16.435349509254731259 14.333891069151370345 14.203415260299967926 14.093810263131562266 14.05602638810164251 13.995848834102448066 13.958223677401653262 13.946107816536622792 13.855531620349015753
nan nan nan nan nan nan nan nan nan nan nan nan nan nan nan nan nan nan nan nan nan nan nan nan nan nan 1.5561334903485033454 3.1779903622949579045 5.4535833836524165719 8.4289186117167993473 10.670065244835955198 12.569636118403396452 14.079640316898467844 16.102315615367920998 17.808028569853981082 18.46358838460222529 20.3666123249470985 23.11293371769814442 23.570271693658366274 24.115909193692402823 24.861117639524458411 25.204897182398781297 25.368407354741535187 25.619886277154023446 26.160803639533259712 19.661008595959984291 19.039357279370445752 18.789674160165695582 18.626629819177757952 18.744598749374990376 18.490520899062623528 17.841382950049769818 17.042330823110837912 16.483035263215498389 15.079749023082424486 14.741472808146058426 14.47752799039098548 14.225639288897097501 14.098278107119639913 13.974124218513924944 13.932535190230357358 13.856047916972570988 13.830038622517990987
nan nan nan nan nan nan nan nan nan nan nan nan nan nan nan nan nan nan nan nan nan nan nan nan nan nan 1.7004931262443327977 2.1500106038637984973 3.9791531521858880538 7.4335604923766824825 9.4042382747741779525 11.328306584948419911 14.955748264262487268 17.718166672623571145 18.837948501651361255 19.190368558640194863 20.184605465784645872 22.114822866948184554 24.457833391130542111 24.885316178684089294 25.140840731517393181 25.390360894152237847 25.818617200296170466 26.10626223562295678 19.633085223289576504 19.238860934615416909 18.611486673591439711 18.395852169397993947 18.187384302528787572 18.045312948148094279 17.891899773052912792 17.489899302022323013 16.986741955744339094 16.741833787488907603 16.561838108392635149 15.121675971473219846 14.662125383471471096 14.472288318113015748 14.284956689585477818 14.057574900943118124 13.881510430501267095 13.967679699635027646 14.429688365423956498
nan nan nan nan nan nan nan nan nan nan nan nan nan nan nan nan nan nan nan nan nan nan nan nan nan nan nan 2.7902328881751738976 5.8866488533211578371 9.8337434585690779443 11.036899981748543809 11.318060283617061401 11.708966881993504217 16.014393900723192132 19.198478185028477583 20.993173910378892799 20.931918304453780877 22.00169278086156055 24.468356530836050666 25.418603667236862265 25.215908994261216236 25.399086297845265392 25.799108873447679002 26.216221531540973899 19.559046834514163038 19.167564532376694331 18.692568273922308464 18.618088317918459751 18.402510013219895768 18.29684857914277174 18.148012108430027212 17.868036653457114227 17.414376348857022236 17.027303091596159845 16.786344039879079304 15.18315233612210946 15.063843709454481257 14.630998582048018619 14.422778266818271575 14.116926790642216005 14.278783297621910009 14.951482008646209465 17.679052225586133318
