results/rofental/snowmelt_month_2020-04-01T0000_2020-04-30T2300.asc
ncols        322
nrows        225
xllcorner    622802.488000000012
yllcorner    5178049.378999999724
cellsize     100.000000000000
[rows 168 to 195 of 225, columns 63 to 125 of 322]
nan nan nan nan nan nan nan nan nan nan nan nan nan nan nan nan nan nan nan nan nan nan nan nan nan nan nan nan 34.826011845953729562 68.298171646971042037 94.29364988052283536 86.703475067552233213 42.953888205784991783 20.130468283326194978 41.95457881088513119 140.45848476386763082 138.90041196647544552 136.72143410561338328 125.96963644810600158 171.19977004565564016 189.4490263065301292 190.02420409762601139 180.22776274383960526 180.50537742916037587 198.22488293200950693 198.51552091715024062 184.38613783966167148 192.36919780439305327 215.3419579754086044 226.1436523596157997 226.15821131632142738 280.15153466333225651 272.29521105836937522 273.62090028291123645 279.98714849689997664 290.69866465369017305 294.03912488277143211 297.28406284922402847 263.88121915887614932 226.2301702750581569 190.2265626396951177 126.52543409065107483 75.400960875308115305
nan nan nan nan nan nan nan nan nan nan nan nan nan nan nan nan nan nan nan nan nan nan nan nan nan nan nan nan 19.023606579743510991 53.101797619203381373 121.50367939628817737 111.24687678594172269 87.824304522741883261 60.397424662377297011 28.781406544861670938 50.987391720460429667 128.21606149711826106 172.3557842679897476 148.05431934807086236 141.18757038294518225 153.02025175226785336 191.79463542270593734 196.24675092636360318 169.09686730595370818 182.2607785336486188 199.314526307748622 200.89563928714494523 204.37036617819609319 212.31544084744942325 212.62988561727760839 209.72805184455455674 272.81678251851116102 274.45703982467637161 279.88050170865062682 284.0867615221638971 286.64202009865863374 265.86912659936166392 216.67296083706682452 162.66122076254242756 148.49167986157496557 152.75144303564181314 128.66283664164942024 93.251080129268089536
nan nan nan nan nan nan nan nan nan nan nan nan nan nan nan nan nan nan nan nan nan nan nan nan nan nan nan 126.58381790712323323 61.137906545931372193 91.9068827380809239 131.25401057004708605 128.49848004666850443 104.22863400364038 77.505488391178602114 55.436989905220002584 40.844143305925662446 70.387845186474351067 163.9731410672090135 175.89748403410189326 143.3086704843472603 134.36681489493591357 179.75579671094376977 211.1332201387593841 178.74339791270435285 161.72697203807672395 167.78625166062704466 181.89702997162879683 190.72469295899455233 199.41519732099146722 207.4217672764492022 276.33296095278438997 286.01723356624654571 290.4968229086196061 295.49575255176591781 278.44251385238953844 234.12560685301764352 180.50355406285063964 144.57647832241656261 136.11671525424966944 123.49781979289571154 126.02692079673776959 88.405267214858241687 61.764551348201592873
nan nan nan nan nan nan nan nan nan nan nan nan nan nan nan nan nan nan nan nan nan nan nan nan nan nan nan 100.34591041875430051 101.69793161272211535 100.74293363051924644 102.47278932938256446 123.5177931986166584 112.24214651623040595 88.729751994367887846 58.404435559548069534 33.99185643131751533 34.007694456184111687 100.68530198036806667 146.3899712791099148 138.97549077053463407 123.94493740044698882 168.46485045357673016 202.07418380162599192 179.59194719663423712 156.23700872605508039 145.13358623349455456 152.63380232419785898 161.01145905991893414 167.3405174842756935 178.58818756403846351 251.33127858795174348 278.09054844021073905 262.69943727970962755 212.25532531824345028 182.33496808830608416 155.46279597630859826 135.14880256533743363 126.99130315455428786 112.29788456321176682 102.70188064136769412 103.59238792240036275 129.41544420303833363 nan
nan nan nan nan nan nan nan nan nan nan nan nan nan nan nan nan nan nan nan nan nan nan nan nan nan nan nan nan 35.61456492648407135 101.5874698649619603 86.643313799368968375 90.906720465816590604 99.920928728956738496 101.8735811342354225 89.637537402873064707 63.551063053940545444 43.071833918728145818 52.851477927930062606 86.760947632722249523 121.32734444723350009 95.782948897137714539 112.16901089773841704 162.63981674447293813 170.78712579881138822 159.9513466530496828 156.52804113080082971 174.68381312283534612 176.53785056517222074 167.02779610249265829 153.17756109379840268 165.76265521614206477 123.30551042414026597 95.805209400088543248 89.250694696070056011 84.271358355327478762 90.127768782934282399 78.600179412545472246 91.586535796191512304 105.75649196443114874 119.80622479912919687 37.958984221865023301 131.3765878524291395 nan
nan nan nan nan nan nan nan nan nan nan nan nan nan nan nan nan nan nan nan nan nan nan nan nan nan nan nan nan nan 21.672395390417079852 72.837244103993185718 78.651354467908788592 76.819381376597462463 89.022475655932836958 105.47590258661695373 93.29559086948054869 123.92677074809977 110.9715899987912735 128.06332806137569946 151.6796626229760534 121.53058945725888407 130.72964325205649061 169.36265119160060522 181.23098344547273086 168.4629473202085137 156.04407941302287099 166.52735213576798401 138.973016026742755 111.93871800456781784 82.586563836995608767 45.336836566613165189 55.149826929219358362 119.64424358070921528 101.02351050407902733 74.990271735929226793 41.15483191578542943 37.96814443672036532 40.286427701031861659 20.817734011416057172 43.09458170694838941 128.44885937032944412 nan nan
nan nan nan nan nan nan nan nan nan nan nan nan nan nan nan nan nan nan nan nan nan nan nan nan nan nan nan nan nan nan 1.4227867097779345329 16.150242064131113295 34.007314124126637012 43.95256533542085009 61.701548159308693187 90.865754084348481001 133.68257158280320596 125.0942307884059943 121.93710251028066693 114.29180339424914337 83.241558732732102044 66.348544572538187936 79.49569369277480746 83.171941410547063356 84.901364771865118541 58.940778636623448961 48.320081176677760482 49.75261568640512877 56.200854511208149233 77.535524041268061524 89.820292156829381724 81.945715479944880144 59.484425161220499945 37.454116086949284181 32.377178983061384088 23.388125954121385064 12.150207905328088032 12.712536984048675492 nan nan nan nan nan
nan nan nan nan nan nan nan nan nan nan nan nan nan nan nan nan nan nan nan nan nan nan nan nan nan nan nan nan nan nan nan nan nan nan nan 68.920947916289108548 105.11801914781860035 91.749202915910714751 69.633970680832021571 46.441553559750389013 27.788624991166336997 7.8835246320110305973 0.88030540283396407908 9.2907742469466239044 30.421162106425988725 47.878163456983415358 73.771550707449634388 99.186370636384253885 95.448552843687039626 110.4013934992522934 92.075198266562409799 51.139036056257289431 26.271227167001654834 nan nan nan nan nan nan nan nan nan nan
nan nan nan nan nan nan nan nan nan nan nan nan nan nan nan nan nan nan nan nan nan nan nan nan nan nan nan nan nan nan nan nan nan nan nan nan nan nan nan nan nan nan nan nan nan nan 131.17321089894517172 122.14517905881277215 103.71397172576243406 94.495985245258381724 62.519823793053248551 46.058783239743867455 97.663366328290919682 nan nan nan nan nan nan nan nan nan nan
nan nan nan nan nan nan nan nan nan nan nan nan nan nan nan nan nan nan nan nan nan nan nan nan nan nan nan nan nan nan nan nan nan nan nan nan nan nan nan nan nan nan nan nan nan nan nan 118.45130987428341029 75.97289896187857039 97.439734165055625681 107.78874308077294586 nan nan nan nan nan nan nan nan nan nan nan nan
nan nan nan nan nan nan nan nan nan nan nan nan nan nan nan nan nan nan nan nan nan nan nan nan nan nan nan nan nan nan nan nan nan nan nan nan nan nan nan nan nan nan nan nan nan nan nan nan nan nan nan nan nan nan nan nan nan nan nan nan nan nan nan
nan nan nan nan nan nan nan nan nan nan nan nan nan nan nan nan nan nan nan nan nan nan nan nan nan nan nan nan nan nan nan nan nan nan nan nan nan nan nan nan nan nan nan nan nan nan nan nan nan nan nan nan nan nan nan nan nan nan nan nan nan nan nan
nan nan nan nan nan nan nan nan nan nan nan nan nan nan nan nan nan nan nan nan nan nan nan nan nan nan nan nan nan nan nan nan nan nan nan nan nan nan nan nan nan nan nan nan nan nan nan nan nan nan nan nan nan nan nan nan nan nan nan nan nan nan nan
nan nan nan nan nan nan nan nan nan nan nan nan nan nan nan nan nan nan nan nan nan nan nan nan nan nan nan nan nan nan nan nan nan nan nan nan nan nan nan nan nan nan nan nan nan nan nan nan nan nan nan nan nan nan nan nan nan nan nan nan nan nan nan
nan nan nan nan nan nan nan nan nan nan nan nan nan nan nan nan nan nan nan nan nan nan nan nan nan nan nan nan nan nan nan nan nan nan nan nan nan nan nan nan nan nan nan nan nan nan nan nan nan nan nan nan nan nan nan nan nan nan nan nan nan nan nan
nan nan nan nan nan nan nan nan nan nan nan nan nan nan nan nan nan nan nan nan nan nan nan nan nan nan nan nan nan nan nan nan nan nan nan nan nan nan nan nan nan nan nan nan nan nan nan nan nan nan nan nan nan nan nan nan nan nan nan nan nan nan nan
nan nan nan nan nan nan nan nan nan nan nan nan nan nan nan nan nan nan nan nan nan nan nan nan nan nan nan nan nan nan nan nan nan nan nan nan nan nan nan nan nan nan nan nan nan nan nan nan nan nan nan nan nan nan nan nan nan nan nan nan nan nan nan
nan nan nan nan nan nan nan nan nan nan nan nan nan nan nan nan nan nan nan nan nan nan nan nan nan nan nan nan nan nan nan nan nan nan nan nan nan nan nan nan nan nan nan nan nan nan nan nan nan nan nan nan nan nan nan nan nan nan nan nan nan nan nan
nan nan nan nan nan nan nan nan nan nan nan nan nan nan nan nan nan nan nan nan nan nan nan nan nan nan nan nan nan nan nan nan nan nan nan nan nan nan nan nan nan nan nan nan nan nan nan nan nan nan nan nan nan nan nan nan nan nan nan nan nan nan nan
nan nan nan nan nan nan nan nan nan nan nan nan nan nan nan nan nan nan nan nan nan nan nan nan nan nan nan nan nan nan nan nan nan nan nan nan nan nan nan nan nan nan nan nan nan nan nan nan nan nan nan nan nan nan nan nan nan nan nan nan nan nan nan
nan nan nan nan nan nan nan nan nan nan nan nan nan nan nan nan nan nan nan nan nan nan nan nan nan nan nan nan nan nan nan nan nan nan nan nan nan nan nan nan nan nan nan nan nan nan nan nan nan nan nan nan nan nan nan nan nan nan nan nan nan nan nan
nan nan nan nan nan nan nan nan nan nan nan nan nan nan nan nan nan nan nan nan nan nan nan nan nan nan nan nan nan nan nan nan nan nan nan nan nan nan nan nan nan nan nan nan nan nan nan nan nan nan nan nan nan nan nan nan nan nan nan nan nan nan nan
nan nan nan nan nan nan nan nan nan nan nan nan nan nan nan nan nan nan nan nan nan nan nan nan nan nan nan nan nan nan nan nan nan nan nan nan nan nan nan nan nan nan nan nan nan nan nan nan nan nan nan nan nan nan nan nan nan nan nan nan nan nan nan
nan nan nan nan nan nan nan nan nan nan nan nan nan nan nan nan nan nan nan nan nan nan nan nan nan nan nan nan nan nan nan nan nan nan nan nan nan nan nan nan nan nan nan nan nan nan nan nan nan nan nan nan nan nan nan nan nan nan nan nan nan nan nan
nan nan nan nan nan nan nan nan nan nan nan nan nan nan nan nan nan nan nan nan nan nan nan nan nan nan nan nan nan nan nan nan nan nan nan nan nan nan nan nan nan nan nan nan nan nan nan nan nan nan nan nan nan nan nan nan nan nan nan nan nan nan nan
nan nan nan nan nan nan nan nan nan nan nan nan nan nan nan nan nan nan nan nan nan nan nan nan nan nan nan nan nan nan nan nan nan nan nan nan nan nan nan nan nan nan nan nan nan nan nan nan nan nan nan nan nan nan nan nan nan nan nan nan nan nan nan
nan nan nan nan nan nan nan nan nan nan nan nan nan nan nan nan nan nan nan nan nan nan nan nan nan nan nan nan nan nan nan nan nan nan nan nan nan nan nan nan nan nan nan nan nan nan nan nan nan nan nan nan nan nan nan nan nan nan nan nan nan nan nan
nan nan nan nan nan nan nan nan nan nan nan nan nan nan nan nan nan nan nan nan nan nan nan nan nan nan nan nan nan nan nan nan nan nan nan nan nan nan nan nan nan nan nan nan nan nan nan nan nan nan nan nan nan nan nan nan nan nan nan nan nan nan nan
