results/rofental/snowmelt_month_2019-10-01T0000_2019-10-31T2300.asc
ncols        322
nrows        225
xllcorner    622802.488000000012
yllcorner    5178049.378999999724
cellsize     100.000000000000
[rows 56 to 83 of 225, columns 189 to 251 of 322]
nan nan nan nan nan nan nan nan nan nan nan nan nan nan nan nan nan nan nan nan nan nan nan nan nan nan nan nan nan nan nan nan nan nan nan nan nan nan nan nan nan nan nan nan nan nan nan nan nan nan nan nan nan nan nan nan nan nan nan nan nan nan nan
nan nan nan nan nan nan nan nan nan nan nan nan nan nan nan nan nan nan nan nan nan nan nan nan nan nan nan nan nan nan nan nan nan nan nan nan nan nan nan nan nan nan nan nan nan nan nan nan nan nan nan nan nan nan nan nan nan nan nan nan nan nan nan
nan nan nan nan nan nan nan nan nan nan nan nan nan nan nan nan nan nan nan nan nan nan nan nan nan nan nan nan nan nan nan nan nan nan nan nan nan nan nan nan nan nan nan nan nan nan nan nan nan nan nan nan nan nan nan nan nan nan nan nan nan nan nan
nan nan nan nan nan nan nan nan nan nan nan nan 30.119030965723919024 nan nan nan nan nan nan nan nan nan nan nan nan nan nan nan nan nan nan nan nan nan nan nan nan nan nan nan nan nan nan nan nan nan nan nan nan nan nan nan nan nan nan nan nan nan nan nan nan nan nan
nan nan nan nan nan nan nan nan nan nan 17.496552825964037936 40.271759834431563263 59.788741362864087137 52.490380206776791283 35.144474768323291869 nan nan nan nan nan nan nan nan nan nan nan nan nan nan nan nan nan nan nan nan nan nan nan nan nan nan nan nan nan nan nan nan nan nan nan nan nan nan nan nan nan nan nan nan nan nan nan nan
nan nan nan nan nan nan nan nan 59.603034374076038659 61.882343547567742803 60.905250074400129279 60.426382089825061428 58.633214256206343862 59.427652638638527094 56.639722120615843437 51.256958894116614545 nan nan nan nan nan nan nan nan nan nan nan nan nan nan nan nan nan nan nan nan nan nan nan nan nan nan nan nan nan nan nan nan nan nan nan nan nan nan nan nan nan nan nan nan nan nan nan
nan nan nan nan nan nan 8.9818558704714988039 60.403950300919674987 62.570605772902140984 65.340819725394453599 63.113876277585440278 61.838709999961785968 59.439484617914366993 56.664645682569883434 56.288474983167908761 55.610179009968788932 53.270011894802557606 50.118583079714106532 nan nan nan nan nan nan nan nan nan nan nan nan nan nan nan nan nan nan nan nan nan nan nan nan nan nan nan nan nan nan nan nan nan nan nan nan nan nan nan nan nan nan nan nan nan
nan nan nan nan nan 33.235563245695068701 39.185289333450199933 60.037013039231013067 59.894665601213787909 57.815660321735997229 58.926764469320055184 59.736155623974063644 58.106079169720715072 55.714981927800060646 53.64089137086820358 53.640439331720948246 55.876762573918533406 56.019646612755771287 53.201345697326296147 39.284208963428071115 nan nan nan nan nan nan nan nan nan nan nan nan nan nan nan nan nan nan nan nan nan nan nan nan nan nan nan nan nan nan nan nan nan nan nan nan nan nan nan nan nan nan nan
nan nan nan nan nan 17.580407656173392184 22.518061841766435549 43.554395427275878205 57.388306789265300267 56.674233188265539241 55.778190330361390181 53.755279848894353734 55.811488851967141045 53.556411483102969839 52.456590753312326569 50.986097238246927077 50.90381883336142721 54.032669150613052977 56.109414731927088837 55.681098027712629062 55.477977465989837924 nan nan nan nan nan nan nan nan nan nan nan nan nan nan nan nan nan nan nan nan nan nan nan nan nan nan nan nan nan nan nan nan nan nan nan nan nan nan nan nan nan nan
61.706313437774788611 24.963148951763830752 nan nan 64.680560545682183715 63.463234242022451781 45.440648397870845088 31.40135701976084448 37.867609689615257196 37.351686692175157134 37.858858071304410942 54.378864219275470759 55.096145775405027223 53.507143680031404642 51.619215935446405297 50.800366303180901184 49.935165801255678275 50.727605843211193815 53.662813758083480309 56.012583013897206285 54.348081459171233121 52.550962864837174493 nan nan nan nan nan nan nan nan nan nan nan nan nan nan nan nan nan nan nan nan nan nan nan nan nan nan nan nan nan nan nan nan nan nan nan nan nan nan nan nan nan
65.554452461213855941 65.892616621935090393 63.719759008584048843 63.20667215239338077 64.833329807213402773 65.964106812088061815 65.346941123134300256 43.055025588068922104 34.48947001396194878 52.681788133995787859 57.093737358425883599 53.103126366029052008 53.681870026124258288 52.512057540091340968 51.644829039970950646 50.721959156769322874 49.727231962600363602 49.451176082367553022 50.494800100787351482 52.586171410456145736 53.589181177611223461 52.061720364278393447 49.563894475360271485 nan nan nan nan nan nan nan nan nan nan nan nan nan nan nan nan nan nan nan nan nan nan nan nan nan nan nan nan nan nan nan nan nan nan nan nan nan nan nan nan
63.592673226829084854 65.221254711275960858 65.843329436090002105 61.355377615214294451 64.009773468933431673 62.902865641978898736 63.197892696970029647 55.80097543043870445 32.586515594477127422 44.760261565573436826 55.38914560413687127 52.985893327209531378 50.949990993594830968 50.980507893555738974 51.153341228839458665 50.616006448655134875 49.519655391557868995 48.924776160290157634 48.9626055674888363 51.43522075492405321 52.742921334149095003 51.992657565116928708 49.067826637680553858 46.403451581783073721 nan nan nan nan nan nan nan nan nan nan nan nan nan nan nan nan nan nan nan nan nan nan nan nan nan nan nan nan nan nan nan nan nan nan nan nan nan nan nan
61.960024873269617274 62.349959279852733118 63.442852156419199616 59.271407529931124714 60.898311468415755598 61.011535701275512622 62.623448453394068736 63.150486393153499876 59.219026450534187234 23.120481467192483649 29.031287164699605796 48.4238170844286131 51.988431516105109154 50.370160634923472287 50.419643905273929363 49.768857666090717373 48.276845619388772946 47.788777271178410899 47.969450095892504748 52.768894012540094707 53.10472513722864818 54.324065739989372048 51.066908253741772228 46.12116622536793642 nan nan nan nan nan nan nan nan nan nan nan nan nan nan nan nan nan nan nan nan nan nan nan nan nan nan nan nan nan nan nan nan nan nan nan nan nan nan nan
56.207930241670261751 58.686784266063476423 60.870664268441593947 59.085438765768152791 57.052432653852513056 58.249377745546205176 59.950845951230782305 61.46985021266249305 62.673523332125533614 62.479456516537346999 23.992059145316869007 24.07960909312714648 42.175035810145963922 45.672167080093039715 50.360689305261871596 49.152957494436215313 48.252795221438745443 46.838450397157195937 46.653832115594369156 48.257886470438997151 48.809993207773615609 47.885458625470874949 50.385924119261702003 46.989179277535058077 nan nan nan nan nan nan nan nan nan nan nan nan nan nan nan nan nan nan nan nan nan nan nan nan nan nan nan nan nan nan nan nan nan nan nan nan nan nan nan
54.475283499670261733 59.607037681562950127 60.020481587752790631 58.999336838080012058 58.183564878424419931 58.09916294431262429 58.756203244138987429 58.951021724040742811 61.273655348201288007 61.473927253146484873 60.456883325334544566 33.054505403439542022 23.394026556784591975 34.116455862848987124 49.211044353978920185 48.2006844733405444 45.96175775690084464 46.218803562886371594 45.082173289318951959 42.976899367221342629 41.086034776291121773 44.840968684669256561 46.11519202787361138 42.901210828202884784 nan nan nan nan nan nan nan nan nan nan nan nan nan nan nan nan nan nan nan nan nan nan nan nan nan nan nan nan nan nan nan nan nan nan nan nan nan nan nan
55.199713641326219715 55.255750009063554273 54.762395018028797722 55.375138693433463288 55.430135373387159348 56.416372914718351694 57.974032504910631758 58.506038168431622637 59.49858839987842174 60.454219922252839581 60.699016399817892875 59.002836707246999026 56.464938107440062254 49.987604712508712623 45.079805549726415848 48.019619247408414253 45.961819156501100281 44.873103553278028244 43.542955027814485902 42.190889070838274222 40.499512919259011312 41.569411218766106231 43.17110799107697261 43.381308342635300335 37.29685290206737136 nan nan nan nan nan nan nan nan nan nan nan nan nan nan nan nan nan nan nan nan nan nan nan nan nan nan nan nan nan nan nan nan nan nan nan nan nan nan
47.701961908813679258 49.057516411054642447 49.088964322824431008 50.368242165167927737 51.788248273887340645 52.710010703200936177 53.492696182367808433 54.514720450569818411 56.16687578602398645 57.582609863762641567 58.879396045407638383 56.732358409717200232 59.770114147865243126 55.521474003960243238 52.007333052101714088 47.549894728402350097 44.05133254464624315 42.700009530507777811 42.119959098893914984 43.605818532193140413 40.87064984730271533 40.549197998494015849 40.639011473907501681 40.569160196723473177 39.811707594474128769 36.2844203420040472 nan nan nan nan nan nan nan nan nan nan nan nan nan nan nan nan nan nan nan nan nan nan nan nan nan nan nan nan nan nan nan nan nan nan nan nan nan
47.549516563649056877 46.310692753337384886 46.360906525207660422 47.848104236406697964 48.661659995835996995 49.595002206373926867 50.272192198087445547 51.055345703333713914 52.74170625810194224 53.559583445619118436 55.544790495333103308 55.79941227279932292 55.968411888985059477 56.775218454945836299 50.647002454993732101 46.288431519922220048 42.800796949059638052 40.788392138231586159 40.219961271063930042 39.576373743332815991 36.516055703154478351 33.496486187670882373 35.510962393836308593 35.98072582227070626 37.817845239371798982 35.864025067049851714 nan nan nan nan nan nan nan nan nan nan nan nan nan nan nan nan nan nan nan nan nan nan nan nan nan nan nan nan nan nan nan nan nan nan nan nan nan
44.557311587046221746 42.795509163791869867 44.050576109123639412 45.361920682400224791 45.706493657829611266 45.554249126017261062 46.787397598317568281 47.69823211308286659 49.101016958907607091 50.702593207170977507 52.326876349740402361 51.852964510816129007 52.03612134203845585 52.231286094179210977 51.350350061691045767 45.06905947690589187 41.156591146620471022 43.235494978937154542 40.428080780461961297 36.547047609861124329 31.963676211526664162 29.450417259543794302 29.845177195528059144 31.450884958348073184 34.587213811430231658 36.002910702259150355 33.804959834237983785 nan nan nan nan nan nan nan nan nan nan nan nan nan nan nan nan nan nan nan nan nan nan nan nan nan nan nan nan nan nan nan nan nan nan nan nan
41.984386357948082491 41.619450945088892979 42.300369245827589282 43.077328493873480397 42.924564697560604998 42.065169097656749386 42.881032351735001384 44.095753204998537456 44.086739299464760222 44.71730076637894058 47.137080081280302579 48.158056425598203987 48.31577669294370736 48.598385808351153514 47.108591883673412326 46.036096132313680585 41.370723659705895159 40.369884024806857781 34.578788342132114053 32.056836139523497309 28.971659115541406493 27.220941032301904983 26.985153083295006837 29.174545969368576692 31.573201298766289113 34.69453452740128796 33.708796784366441557 nan nan nan nan nan nan nan nan nan nan nan nan nan nan nan nan nan nan nan nan nan nan nan nan nan nan nan nan nan nan nan nan nan nan nan nan
41.888099127192361948 41.052991396678926606 40.85831818089383205 41.231940363066861721 41.382141900784866095 41.549160202518173435 41.576000870471489179 41.911770448540401901 41.671062703257589988 41.685153492922054852 44.190433075247369743 45.217813568487834175 42.994531293855374088 42.511376376104934138 42.672594002382318479 41.253231995831569634 37.89676309021982803 35.564029330031623033 30.511636989679857379 27.889128378381329298 25.987709396232478554 25.777870282966205195 25.975249622755249845 27.68854282307536252 30.458778427421787427 34.875266655478085909 nan nan nan nan nan nan nan nan nan nan nan nan nan nan nan nan nan nan nan nan nan nan nan nan nan nan nan nan nan nan nan nan nan nan nan nan nan
41.237418338120775729 39.515988579242964818 39.679605113803368965 39.654817783026395261 39.699307298363031293 40.851825008055477895 40.521415185526471703 39.357988916309338379 39.65259630395011925 39.345039670329960302 42.0198241334421283 43.770476166479106439 42.3791892282136331 40.634916694770701895 41.520124401752219967 39.838870390960266832 36.258083583299580255 32.126198823004244787 28.195991242218855888 25.441282321233995134 24.718647307492258136 24.970341560068806785 25.121616582596956846 26.990461871110454695 30.700298717129037129 36.40007081085555285 nan nan nan nan nan nan nan nan nan nan nan nan nan nan nan nan nan nan nan nan nan nan nan nan nan nan nan nan nan nan nan nan nan nan nan nan nan
40.949524273712206934 38.963139408698303612 37.992167909423102401 40.188771285333032779 39.126995364234190333 38.088968080810857941 39.102280885319963488 38.56403130382050648 37.951901814576928018 38.974274560796096978 39.685198567693333871 43.322732844356195869 40.900624641584826691 38.066316482453544268 36.60644643264791398 36.082849589134582402 34.103601483105030923 28.583849100187578074 24.842556756490743908 23.74574659152712286 23.35349416614309348 23.520824146180252967 24.278606564213969676 26.986914913950020178 29.804762810743955725 32.975259942231971877 nan nan nan nan nan nan nan nan nan nan nan nan nan nan nan nan nan nan nan nan nan nan nan nan nan nan nan nan nan nan nan nan nan nan nan nan nan
41.289420015208349923 39.286896716118882011 36.085761445589092489 37.27972158973545902 38.893097225681167117 36.583725027613688496 37.165723224237318334 37.025035661295717659 35.974965089751705705 36.598517561285817123 38.975291530040252042 41.047076562469229088 43.721027221712837729 38.295779593874179625 36.808732461042652062 35.364077727882559543 31.032811398304907868 25.765576303077036613 23.569800289368760815 22.63067659326703307 22.353136124296703713 22.550408459596450683 23.972425764998021691 25.292236889708654246 26.402634857278233227 nan nan nan nan nan nan nan nan nan nan nan nan nan nan nan nan nan nan nan nan nan nan nan nan nan nan nan nan nan nan nan nan nan nan nan nan nan nan
41.364858721421747134 39.318667472246531247 37.055484036045321261 35.427363904313224907 36.451246229599320259 35.175757319636318243 34.617982961752126414 35.683939731959519293 34.471222366590744457 36.853608113299856086 36.430511812960965301 38.194255783389969849 41.418209035828368769 39.540496225877831193 36.115215253316819144 33.008843941881423234 28.161155899769568123 24.356690456533140576 22.418830795359202313 22.144190684194949625 22.031458352913237064 22.404713542447410646 23.24853193599648904 24.015352611242860803 24.747600702244955784 nan nan nan nan nan nan nan nan nan nan nan nan nan nan nan nan nan nan nan nan nan nan nan nan nan nan nan nan nan nan nan nan nan nan nan nan nan nan
41.098551831220540009 40.948180938211365287 37.034696864350152623 35.613137358132370025 37.065221545420726557 37.234722032839712824 35.585612757954010021 33.978458833838573128 33.218136069687005829 34.551281923053707601 32.335000827287963432 33.994644383003254973 35.623900148754522377 38.339118531429058123 33.932788138852025384 30.136070730904886972 26.587377395271822422 23.207298577847648602 22.007001967385928509 21.800919573781865068 22.089409162913856477 22.598300692255484989 23.106909524225567765 23.066448082262589026 23.340075753930275226 nan nan nan nan nan nan nan nan nan nan nan nan nan nan nan nan nan nan nan nan nan nan nan nan nan nan nan nan nan nan nan nan nan nan nan nan nan nan
43.110325358337163948 40.852980369858435949 38.591174569703291297 38.883111021891018311 37.265243864098422932 35.024689350055815851 33.426114285012154426 32.257827575823064592 31.319800023511017883 30.929701533512510281 29.881579070160508849 30.138641056853941791 31.771160230992123275 32.147287170401575906 32.542196109272175875 28.91522903505310893 24.964910946733226638 22.655307835664384442 21.346072785397002036 21.598312280262209839 22.385294381020489851 22.474581850318330112 22.578869318162219315 22.990818463205137334 22.519451667719401655 22.362128053697734487 nan nan nan nan nan nan nan nan nan nan nan nan nan nan nan nan nan nan nan nan nan nan nan nan nan nan nan nan nan nan nan nan nan nan nan nan nan
43.3915200242992114 38.969260101882483127 35.575007656973596681 37.351196451423426481 35.003135282748338852 32.628283042113316981 30.415432356660407009 29.040315573498954649 28.628009549106039344 27.977254702130160524 27.253312260807643241 26.849329187366176797 28.213047078367633702 29.192329541632808798 28.093834599622319104 26.348266012063071173 24.04208102736396313 22.393022137979219366 21.672106094052761449 21.448952304517437284 21.638220031997427384 21.510382708525529694 20.971460945285596011 21.911103219069200776 22.30347799834995115 21.64970884453137856 20.275076762891035997 nan nan nan nan nan nan nan nan nan nan nan nan nan nan nan nan nan nan nan nan nan nan nan nan nan nan nan nan nan nan nan nan nan nan nan nan
