results/rofental/snowdepth_month_2020-01-01T0000_2020-01-31T2300.asc
ncols        322
nrows        225
xllcorner    622802.488000000012
yllcorner    5178049.378999999724
cellsize     100.000000000000
[rows 168 to 195 of 225, columns 124 to 185 of 322]
1.0850625563684066499 1.1401614615574540146 1.155709013789895101 1.1310744131619125952 1.0984287836486905654 1.0486066546987051762 1.0587698415840822719 1.1163730954376680504 1.0852421626687005496 0.97855629209035743798 0.9393349120413860831 0.9568172431922805643 0.97183987657207560051 0.97079886946667148795 0.9706917819346548848 0.97182067562972573871 0.98624414367313217866 1.0111323477024927175 1.0246151688780666955 1.0430907240917894896 1.0538072130705475882 1.0672891704896600995 1.0796293928586933042 1.0842090434076303573 1.0835160412302806687 1.0644946040845735258 1.0494673596567889451 1.0427066438158745232 1.0444700389372822968 1.055338258946566965 1.0682951979310004731 1.0732113039713206959 1.0721141828392086737 1.0651231023929506048 1.0667909837961322417 1.0746853621748608809 1.1022875281795443403 1.1092947468150926582 1.1270195505252389445 1.1275731499560781579 1.1250843865863084936 1.1338056681917636492 1.1598909262967747047 1.1825392999735364619 1.1989397439033351311 1.2053043555403526454 1.2075879094696089222 1.2167423109285320226 1.2309902654815183531 1.2345315787606050417 1.2337854306394904214 1.2356136500461005756 1.2345011674113768319 1.2369418642778222672 1.2888229279949099393 1.4715276048106828988 nan nan nan nan nan nan
1.1254224810215363028 1.1678304696830170695 1.1957858230438154212 1.1734063383451085461 1.1268814656703181054 1.0595156159562961751 1.0056195652639661198 nan nan 1.0296234515323281489 0.98801665977671704333 0.99040545505303767548 1.0121918938498966067 0.98127068209852030822 0.94835125719185731086 0.93688376932677752684 0.93851271793034418689 0.95642274828507767293 0.97384623193532104946 0.98791159096796954397 1.0000952743092554886 1.0192944425912613404 1.0352817010943373699 1.0340135991756156386 1.0232093884086923552 1.0011409372245902993 1.0007735455976993766 1.0083113280660638278 1.0223632096860559848 1.0385631853713075401 1.0471690189699143225 1.0563209627238518973 1.0575851190654521616 1.0538227162150310967 1.0607800750838047854 1.0663609764982193706 1.0768658231687318061 1.092400871235301274 1.112323267272920857 1.1293733269413308573 1.1341342572801020872 1.1432996700773445653 1.1672056190496220562 1.1892542288980549881 1.2015696168128426891 1.2049822541173682566 1.2065723234645875372 1.2159186023418657729 1.2277641080661576556 1.2353485650513333916 1.2366311108223129178 1.2431744707087191149 1.2431393556717380555 1.2434224584406350367 1.2654483207744946505 1.3304804460542560829 nan nan nan nan nan nan
1.1763105215267271042 1.2109920423627242858 1.2124771652369310537 1.1826750531443805947 1.1461640939763499958 1.0899718808733922515 nan nan nan nan nan nan 0.96485851119064158787 0.91439515646288049844 0.90591148192830994734 0.90930983053580638487 0.91271717919272365993 0.92163259874032787966 0.93533844393407317153 0.9539387386844158101 0.96681584148566668269 0.96766028707567652845 0.94660925037454957121 0.93022583181139550934 0.95142290506328308641 0.95408739423480826147 0.96433742954049794793 0.97862773503584055135 1.0033454382206559163 1.0208693164118420871 1.0291492573509701813 1.0391399971086079379 1.0431165643448174762 1.044045039431793942 1.0533717656502514792 1.0604319636871863963 1.072402048265726604 1.0884958502064223662 1.1146953124855754069 1.1349852193789935484 1.1404810345669862404 1.1559683177216248939 1.1787871496883119971 1.1968224210898081861 1.2003380210377381232 1.2029870067449588422 1.2155254664065586745 1.2305469193105618153 1.235752237772151263 1.2358551102754855577 1.2349926689668755397 1.2444126876464405296 1.2456576641197687483 1.2467703565606349514 1.2848205299550825575 1.37676612315449165 nan nan nan nan nan nan
1.1962104010309260183 nan 1.1863928403265666667 nan nan nan nan nan nan nan nan nan 0.9130098737024107125 0.86620657720657012746 0.83102728525942570759 0.83400568715262179964 0.83874489932542517501 0.83949562866243976345 0.84757958901003704888 0.87006803292361889479 0.86783439525890204713 0.87928066506656343826 0.89336953315518774499 0.89647687080755045219 0.89921857877571143014 0.91529839853643046865 0.93925411942154524159 0.95407713842581953756 0.98041322596283531077 1.000149006266378926 1.0103122038124920934 1.0217852840529162428 1.0292663456581143677 1.0322534697910994428 1.0518171556378619336 1.064364223532294762 1.0760409335667868724 1.0872985905681860075 1.1090884344418101559 1.1417042924024334294 1.1528248205906521662 1.1722501433629284318 1.1903323798035896353 1.198764328446468852 1.2042122754900734805 1.2157445578587113832 1.2285304557940404102 1.2329039245396298252 1.2368494879473646009 1.2359899984776550053 1.2328512825538513464 1.2398533440876084999 1.2476207824842451277 1.2389901802638758621 1.2331310086626672273 1.2550652293069004539 1.3804997112305510409 nan nan nan nan nan
1.1708653781821427575 nan nan nan nan nan nan nan nan nan nan nan nan 0.8234486285348608936 0.77983169698518317592 0.76633113992342039023 0.77867077045491006615 0.7954809615597413508 0.81307954831153472774 0.82111461552114306528 0.8337516970550210571 0.83726499560100142716 0.83492623701099699662 0.84152155853488463944 0.85921268123343341738 0.87828147167679593288 0.91352188792499333658 0.93455254632184059371 0.95666705289039133397 0.97684611777679930533 0.99001413446091424131 1.0051350974247439396 1.0182647111984570731 1.0210299243685438952 1.0459011885896181138 1.0688818414063236961 1.0771818654990401587 1.0853865698427476172 1.1124983758940660827 1.1409523823293066247 1.1613203296286096489 1.1849323133379379147 1.1997241064953532153 1.2058010319045946446 1.2314994504979093204 1.2237634134650441364 1.2243253452281752658 1.2282185188045715574 1.2349148887285257281 1.2386112182560606865 1.243017515162048614 1.2453911562071262598 1.2494887664476479472 1.2560509782558262337 1.2643729874592060103 1.2859840073541159988 1.4341700194921054301 nan nan nan nan nan
nan nan nan nan nan nan nan nan nan nan nan nan nan nan nan 0.75605362709740886462 0.74152781400459411021 0.72667937475454691398 0.73306524871827183354 0.74842615262969069967 0.76866411793398758956 0.77339013742311923938 0.78306282280226091608 0.80306455468605186798 0.83236585693250397799 0.86923055140072713609 0.89705876217228008862 0.91393117767400533502 0.9354292573955811374 0.95803353665996671129 0.9746397343977190042 0.99201863388851196923 1.0104892738046169498 1.0194832711170529471 1.0359595341107532551 1.0577823160055861429 1.0766759346101311134 1.0889408972130940612 1.1158480995442989769 1.145353444857904357 1.1699239786513173645 1.182855784503487051 1.1937205306612226341 1.2076424900922000383 1.2763207063227341997 1.2237539317353496315 1.2267921808814719054 1.2293965776623010377 1.2347737418360773543 1.2414721264194694683 1.2482941724214702273 1.2522163655665683457 1.2535047625603241706 1.2580870239602226501 1.2774754790552806938 1.3433454471265628971 1.3907124001223118981 1.5017068183371271584 nan nan nan nan
nan nan nan nan nan nan nan nan nan nan nan nan nan nan nan nan nan 0.7091059490900243345 0.69893856482625493776 0.71082251899589699029 0.7228870487432857983 0.73794721696152076884 0.74947381304118254608 0.78667959586868196897 0.82442355755779028748 0.85755785585341515187 0.87667636017214545241 0.89019061520961662026 0.91285162981500278523 0.94050901000754971726 0.96012274286351417807 0.97955066953592295764 1.0049230952205905343 1.0184924414087883626 1.0278040015025717846 1.0413582847135394172 1.0634804373163206925 1.0940884537149535571 1.1267627909653608054 1.1644817638746656208 1.2026206547895099686 1.1949635069262467546 1.2022705409400591403 1.1947569372146913391 1.2168723854713829891 1.2663874249791695625 1.2380547185299595192 1.2413406420093529015 1.2406459586639411175 1.2426720449358332754 1.2444731794848429285 1.2486777323792486172 1.2546805073899827132 1.2623676394387435273 1.2757512396445165326 1.4138921343315304924 1.3858351808450191101 nan nan nan nan nan
nan nan nan nan nan nan nan nan nan nan nan nan nan nan nan nan nan 0.70120696146770022938 0.68564107245358574261 0.69708286591509238672 0.69011994585843494665 0.68675791058958080004 0.73287656275661294814 0.77604831104324645263 0.80982129954344306277 0.83646634054852331275 0.85764847964378998491 0.87124536002235219989 0.89611759680054525745 0.92712940637756391382 0.95297160163260230537 0.97356746928487880588 1.0050931923248713762 1.0203938468994453448 1.0323835866704051956 1.0405437925826162004 1.0473982005749984392 1.0837074083880093855 1.1914228117105167826 1.2755779337117616468 1.2116765883828681805 1.20751919758560744 1.2379551095248153558 1.2293304024516469308 1.2288886068348485736 1.3047899873656290115 1.3006219156275498072 1.300131803587731838 1.2824287515203782739 1.2648048350931344608 1.2509655612598311603 1.2535411356888854773 1.2604500977672257189 1.2683680978381175475 1.275941599728054765 1.2939284156519721414 nan nan nan nan nan nan
nan nan nan nan nan nan nan nan nan nan nan nan nan nan nan nan nan nan 0.67975569116799117175 0.68476808803696509464 0.69183025254995811348 0.70193165729184681112 0.73531699379041470799 0.77111083565862881262 0.79617117909910017914 0.8213719496515906604 0.84380757180933474437 0.86008772788172438428 0.88499818267865471011 0.91690846396952829789 0.94722759783090326735 0.97176970221583902632 1.0033066536242700728 1.0190851476130020625 1.0304593438829636742 1.0391266086692936277 1.0370685440638023334 1.0715589751058358647 1.1228014489487352368 1.2412183548211828121 1.2205614566451898906 1.2182980339187163832 1.2456434221745515956 1.2614849521571034341 1.2406006327182272919 1.2865846766281452407 1.2749252536606214825 1.2726720008655452165 1.2729152884989416439 1.2869814213915766743 1.2907499810955389563 1.2993659636702219462 1.2969772243555306446 1.2986688203734733094 1.272889445043695833 nan nan nan nan nan nan nan
nan nan nan nan nan nan nan nan nan nan nan nan nan nan nan nan nan nan nan 0.69003194626504671394 0.69735938532443786375 0.70518174911507336411 0.7270252829388118565 0.75844443173688047555 0.78650835587250078618 0.81155190782999131471 0.83561519446604637373 0.85858273915046612323 0.88418109712389347798 0.91300287430934945476 0.93705134160807379562 0.96540917061426700929 0.98947870378340552211 1.0072685866343922267 1.0232109391355317385 1.03795163670183066 1.0453750783663404711 1.0825086219177222358 1.1102188374736985388 1.1882036084555687161 1.266877439130495997 1.2473858021546915253 1.2452580257422773968 1.2635480192966548341 1.2536881394701366865 1.3187693248539762436 1.3098771392846471073 1.3131037949906876339 1.3107263068220236235 1.3034130514135500167 1.3085602445293427198 1.3158721216727338188 1.3167271171460657175 1.2754518628946653891 nan nan nan nan nan nan nan nan
nan nan nan nan nan nan nan nan nan nan nan nan nan nan nan nan nan nan nan 0.67367984856877261013 0.6854089556649396453 0.69484167226821946795 0.71280063073637056625 0.74343993921524975654 0.77626701022213795422 0.80765243020602428548 0.83533622482132907638 0.85718404378615320471 0.87658506762065269147 0.90878883736081628175 0.93293524997531263043 0.95268524782014940566 0.97707183680208531396 0.99930549525776768416 1.0213593995672094472 1.0411336894914033913 1.0502729959648287039 1.0972039792088819077 1.1456374586136142124 1.2046020810235782417 1.2721781480152143384 1.2609981611026921389 1.2675732089559266225 1.2808111556410166632 1.274158547946250053 1.3684801219427207286 1.3626217614497315722 1.3701604645182425823 1.3728803307540526912 1.3710113097377887303 1.3546487234301669567 1.321918984448965162 1.3193788390652696485 1.3252916284703051275 nan nan nan nan nan nan nan nan
nan nan nan nan nan nan nan nan nan nan nan nan nan nan nan nan nan nan nan nan 0.67183191729760238786 0.68810074501706708361 0.70972533197556419982 0.74560505584967295967 0.77634234719808759007 0.80733864693139578694 0.83856377709250118357 0.85809789426905946907 0.86713948619286818076 0.89679489393001665665 0.92457025510519907918 0.94244576950518321734 0.96899259300560813823 0.99097357864837809505 1.01373984489924851 1.0388112362560757429 1.0457166159345714362 1.0453883067185631983 1.091304180685877423 1.1826117141688596845 1.2805251531068051474 1.2925188849024169535 1.274184328820116896 1.2652353146351047464 1.259159015764236722 1.3964581818954853176 1.4009990010790795978 1.4069984728315541034 1.4295901371557913073 1.4305220725537883819 1.4003051510622457343 1.3490451618940362266 1.3048727045020207527 nan nan nan nan nan nan nan nan nan
nan nan nan nan nan nan nan nan nan nan nan nan nan nan nan nan nan nan nan nan 0.67894328284942606633 0.70308294847093721902 0.72527669769033376035 0.74914730127194451015 0.78026171429369972632 0.81024434767252351275 0.83503584125726448839 0.85697774291809547531 0.86711801783570485735 0.88274275400215385101 0.90777621718576451126 0.93336752294502034477 0.96185721913824917539 0.98683826629506965489 1.0106758914539031302 1.0420837304719570149 1.0606855812590889609 1.0653667848698746834 1.038834039654997099 1.0741086339985799203 1.2289067186767528295 1.3069570125880871636 1.2999774246056379212 1.3015599415563565699 1.2910176872127463454 1.4177343452789241685 1.4334052875842178132 1.4589756833258082924 1.4434123545220074458 1.3578497991668108114 1.3702471959582904759 1.3744602151415155067 nan nan nan nan nan nan nan nan nan nan
nan nan nan nan nan nan nan nan nan nan nan nan nan nan nan nan nan nan nan nan nan nan 0.74140143416969117585 0.76093367160151292872 0.78522337708883949148 0.8166035345901370146 0.84303128975885532892 0.86514133303342299897 0.87532067825243065062 0.886278018268045642 0.91007489239148764426 0.94293187605616335389 0.96631379472322709301 0.98662657093765915306 1.0118940731034158365 1.0561837467208734509 1.07472117173321835 1.0850424007242649438 1.0896507440530815991 1.1004912897056498 1.1958524303491571139 1.3209567411117266733 1.3401118024842777476 1.3370401209621731731 1.3015811461208721678 1.4244993826588228103 1.4868896888675238177 nan 1.3555751969415568148 1.302708580587383036 nan nan nan nan nan nan nan nan nan nan nan nan
nan nan nan nan nan nan nan nan nan nan nan nan nan nan nan nan nan nan nan nan nan nan 0.75576407576722437476 0.77821710396433929624 0.79797327289090802527 0.8212323542106376717 0.84624714871326611743 0.86766120859529283216 0.88479693573977225007 0.89568041569131384705 0.91158265647731295811 0.94763152206394740684 0.98021933813953754377 1.0568754849339390134 1.1235562155290275133 1.1192910777321603 1.0987830297306986349 1.0947689905517021813 1.1125575850348066176 1.1112241118891896807 1.1250848277892895322 1.2532771059357146193 1.3380952728634791793 1.3594488080395159546 1.3778971916465903025 1.3980682636445080913 nan nan nan nan nan nan nan nan nan nan nan nan nan nan nan nan
nan nan nan nan nan nan nan nan nan nan nan nan nan nan nan nan nan nan nan nan nan nan 0.77716508231408876206 0.79553436783345654604 0.81476149235881856203 0.83362347734049235815 0.85543068937079458358 0.87039464559947610223 0.88836313401217137375 0.90246494036835667174 0.92319105628474884551 0.99771898222913857346 1.122452807633198324 1.167269695133560603 1.1858668486604466707 1.1442623568850867066 1.1348350504860040822 1.1356464432959219035 1.156293348124290965 1.1588331770501139051 1.1610077980251136687 1.1976995752502137549 1.2792959054482635484 1.3111082046898183684 1.297312929996571107 1.3138238036069840309 nan nan nan nan nan nan nan nan nan nan nan nan nan nan nan nan
nan nan nan nan nan nan nan nan nan nan nan nan nan nan nan nan nan nan nan nan nan nan 0.80248188425829547477 0.81559439494889096611 0.82972520747417877196 0.84832634841185861063 0.85958003302409291546 0.87054420947303001732 0.8897322626090460318 0.90349454293875364197 0.90742157154606184477 0.94718663607312358899 1.1431841950190078094 1.2295149950209243173 1.1495780100515740063 1.129965936521265979 1.171486462830486408 1.2216838295877454623 1.2547821072710139134 1.2519603570528592407 1.2179287898553443625 1.2100548607380707811 1.2457078239114967033 1.2675075341826043118 1.2822703832764721366 1.3952208431113055642 nan nan nan nan nan nan nan nan nan nan nan nan nan nan nan nan
nan nan nan nan nan nan nan nan nan nan nan nan nan nan nan nan nan nan nan nan nan nan nan 0.88043649869397033747 0.84330129906165129938 0.85406980865889803312 0.8632397921140716468 0.8735851921507109541 0.89081818665937617663 0.90510464587878070031 0.90814779200569684114 0.91779242232625790621 0.97976524914445317638 1.2169863829566271995 1.1682912472270523541 1.1766288100965378582 1.2015114696940505379 1.2903449321340128009 1.2956218445159346508 1.2816119452298608827 1.2574934490562270639 1.2325508043991502127 1.2502678676115965839 1.299501939346874746 1.2609447458397360364 nan nan nan nan nan nan nan nan nan nan nan nan nan nan nan nan nan
nan nan nan nan nan nan nan nan nan nan nan nan nan nan nan nan nan nan nan nan nan nan nan 0.83168476725516715664 0.84502839319206757285 0.86080748610872337423 0.87460419161715008407 0.88318998775956791825 0.8967818168836350079 0.9096644507339003427 0.93200108270984038938 0.95236610604651428247 0.99112984007196613945 1.2517716819146402774 1.2250895834436799081 1.2165879214167416578 1.2368258329217487468 1.3225804254465260978 1.3131675645820024556 1.3052279770024295402 1.2956268641680066533 1.2839174027894688646 1.2873622798022941183 1.347340860609153923 1.3274907953072097033 nan nan nan nan nan nan nan nan nan nan nan nan nan nan nan nan nan
nan nan nan nan nan nan nan nan nan nan nan nan nan nan nan nan nan nan nan nan nan nan 0.83441588875025907157 0.8406023081207223413 0.85606555548664831079 0.8693550176174862365 0.88111675406806266864 0.89248493234267645136 0.90448460139599851093 0.92042248719085262287 0.99928637982112877847 1.0718073295945647061 1.0375684736965198329 1.1849982547974546865 1.2770517500079365814 1.2639939090440626135 1.3183193798187904378 1.3197450612193750707 1.3145441558228163625 1.3437311790635675379 1.3328437567032478395 1.3147001009759833323 1.3192636451725134883 1.3293016156934103211 nan nan nan nan nan nan nan nan nan nan nan nan nan nan nan nan nan nan
nan nan nan nan nan nan nan nan nan nan nan nan nan nan nan nan nan nan nan nan nan 0.84438641122372348757 0.83714633353197098753 0.85074660114029054814 0.86424619616844644554 0.87747755818577488629 0.88870560985194824166 0.90089565651032976756 0.9149922603954108169 0.92438199735267201351 0.95754366696720794039 0.97531950677287060358 0.9814170041608225592 0.98327445057302842457 1.0495459110227360888 1.1578709763723002979 1.1765242655404115624 1.2814044777892996674 1.3109750202705134914 1.3570978247203744349 1.3580630204352375223 1.3403178797848336323 1.3136951788200188496 nan nan nan nan nan nan nan nan nan nan nan nan nan nan nan nan nan nan nan
nan nan nan nan nan nan nan nan nan nan nan nan nan nan nan nan nan nan nan 0.94558240579305230522 0.83974486950043447653 0.84273891777367437861 0.8625274947432730599 0.87248078258053463063 0.87481260419920947591 0.89192155088328162194 0.90375697987549852286 0.91276199297132820654 0.93183401898294571097 0.9354817723651632777 0.96498694225453318651 0.98169473919368421821 1.0060103051853350742 1.1464587149150538004 1.1326887636134272963 1.0425995963569623104 1.0477582143106396462 nan nan nan nan nan nan nan nan nan nan nan nan nan nan nan nan nan nan nan nan nan nan nan nan nan
nan nan nan nan nan nan nan nan nan nan nan nan nan nan nan nan nan nan 0.99112979190967120946 0.906081626712075483 0.8749189795865967012 0.88060308479127658021 0.90415140834763840783 0.9121254637340183713 0.90068872860008997172 0.90281199493662012134 0.91730722934042197014 0.93383293177622617165 0.9526363823283942045 0.94260648735570440326 0.98216533055403665298 1.0796494058509051861 1.0063100164910105949 1.0175613534552361283 1.1636524440389957036 nan nan nan nan nan nan nan nan nan nan nan nan nan nan nan nan nan nan nan nan nan nan nan nan nan nan nan
nan nan nan nan nan nan nan nan nan nan nan nan nan nan nan nan nan nan 0.96600195100772801027 0.90149551407973527173 0.93318810646800109954 0.94495471187283597292 0.94322673942969603722 0.94906835403871858681 0.95039614326820420764 0.92933654724892234 0.92862844556108903316 0.94399000394204157782 0.98770741724993860178 0.97102929509515423234 0.96555345116758306556 1.066566753381859245 1.0471534144239467157 1.0192713703270597225 nan nan nan nan nan nan nan nan nan nan nan nan nan nan nan nan nan nan nan nan nan nan nan nan nan nan nan nan
nan nan nan nan nan nan nan nan nan nan nan nan nan nan nan nan nan nan 0.97172436557887442721 0.9758606930064332996 1.0011853689368017672 0.99288913835537684349 0.98132498511236887495 0.98302741329705167761 0.99319643578202132517 1.0214904643680986496 1.0333779430969467494 1.0243624186526218978 1.0256628228999868924 1.034091452691420443 0.95275432418031336113 nan nan nan nan nan nan nan nan nan nan nan nan nan nan nan nan nan nan nan nan nan nan nan nan nan nan nan nan nan nan nan
nan nan nan nan nan nan nan nan nan nan nan nan nan nan nan nan nan nan nan 1.0720186837260832213 1.0904486504527457491 1.0545605024715065667 1.0355524839347021171 1.0336781403566062121 1.0174377153063840495 1.0374426305029376127 1.0952973679844497656 1.1290757625133218678 1.046937029125259544 nan nan nan nan nan nan nan nan nan nan nan nan nan nan nan nan nan nan nan nan nan nan nan nan nan nan nan nan nan nan nan nan nan
nan nan nan nan nan nan nan nan nan nan nan nan nan nan nan nan nan nan nan nan nan 1.1222751771963654921 1.1296186883127263823 1.1129932896985779145 1.1330470821778475532 1.1351120435435546607 nan nan nan nan nan nan nan nan nan nan nan nan nan nan nan nan nan nan nan nan nan nan nan nan nan nan nan nan nan nan nan nan nan nan nan nan
nan nan nan nan nan nan nan nan nan nan nan nan nan nan nan nan nan nan nan nan nan nan nan nan nan nan nan nan nan nan nan nan nan nan nan nan nan nan nan nan nan nan nan nan nan nan nan nan nan nan nan nan nan nan nan nan nan nan nan nan nan nan
