results/rofental/snowdepth_month_2019-12-01T0000_2019-12-31T2300.asc
ncols        322
nrows        225
xllcorner    622802.488000000012
yllcorner    5178049.378999999724
cellsize     100.000000000000
[rows 168 to 195 of 225, columns 62 to 123 of 322]
nan nan nan nan nan nan nan nan nan nan nan nan nan nan nan nan nan nan nan nan nan nan nan nan nan nan nan nan nan 1.5049811468079725696 1.4335610562679763635 1.3898487119344695717 1.3681328623810571354 1.4127077683084399151 1.4233869662031628511 1.3750360460471509061 1.2153587573685558088 1.2053660060377628938 1.2352680986161042043 1.2406148807736649964 1.1688050189779415344 1.1378152009064548267 1.1531397343346407869 1.1590081183996141512 1.1447018907236734542 1.1102780045471882797 1.1050467787143372078 1.1125195240814953479 1.096786978372334298 1.0625201975959395195 1.0518474122254930503 1.0455122024704195383 1.0423231646013990659 1.0472758963350206063 1.0399204393283389969 1.0259598599320931545 1.0185460218553636924 1.0117453350295846359 1.0048490717370506253 1.0172195450802785643 1.045824456228288124 1.0610454951960175407
nan nan nan nan nan nan nan nan nan nan nan nan nan nan nan nan nan nan nan nan nan nan nan nan nan nan nan nan nan 1.5341188855581469053 1.4429800156141867618 1.2960081459370598189 1.3129940667971466972 1.3453323582419223214 1.3797791384273156989 1.3927219991526884613 1.3472519849499065003 1.2396242129089882766 1.1963388238216150494 1.21363761214191479 1.2340033641268233211 1.2070317064554820785 1.1506922241180010946 1.1365787547463275242 1.1552967474960009753 1.1345400845488298192 1.1076883634894059139 1.0965829890900737897 1.0839262139518555106 1.0694923354375545088 1.0645538169842019283 1.0644460355588192257 1.064425733441760169 1.0584710234721961264 1.0474355766301273185 1.0462649536513615178 1.043125504563191086 1.0551625833391706788 1.0968175972862106438 1.1305293248994725541 1.1392661521350162523 1.1313205809593291917
nan nan nan nan nan nan nan nan nan nan nan nan nan nan nan nan nan nan nan nan nan nan nan nan nan nan nan nan 1.3134678268623116715 1.4268458152715817189 1.3365766245511296884 1.2659163232453030101 1.2702276519079032102 1.3113061885477867996 1.3489847645098687057 1.3648376980253174029 1.3593649002815879623 1.3097957034021912026 1.2355511021776930392 1.187415034830813676 1.2396682753159282697 1.2348621092580498448 1.1604096261378904487 1.1169739281392514485 1.1475831471026345376 1.1582358144275188838 1.147474970017612117 1.1240201008683925465 1.1067259388876917736 1.0909439330436823123 1.0784895440858499605 1.0718033543632841109 1.0623330400642791993 1.0573161421687498063 1.061645554827922 1.0746680079649701955 1.1139750605178804221 1.1553182689196310751 1.1779642236613796502 1.1867157451569867455 1.1944334868222108437 1.1997719348851600962
nan nan nan nan nan nan nan nan nan nan nan nan nan nan nan nan nan nan nan nan nan nan nan nan nan nan nan nan 1.3608441017809440599 1.3181257847682339435 1.3469059528066273934 1.3330142532688802337 1.297029066259976382 1.3029127273309664137 1.3256242325603921905 1.3674345433432155694 1.3801326470099917199 1.3620742182791478747 1.3124682720478502151 1.2686750447310943812 1.2537436301998106103 1.2492415450242910779 1.1778354488330515792 1.1441268237247439465 1.1550306324390704482 1.1810841018697832983 1.1863805283640820321 1.1674528509737887028 1.1476442988978279303 1.1335778936359612867 1.1203909660595228193 1.1085518891161916244 1.0865254152225292117 1.1117176717213721471 1.1597197099264080489 1.1931889353749480787 1.2020858643450569314 1.2150695698182920612 1.2189503647372501582 1.2264353652570629816 1.2326525263311089997 1.2536914031905750377
nan nan nan nan nan nan nan nan nan nan nan nan nan nan nan nan nan nan nan nan nan nan nan nan nan nan nan nan nan 1.4597731114546312892 1.3833354780386750704 1.3874516598527735223 1.3653351411030358875 1.3323596650275513209 1.3054191162063333298 1.329577590919925445 1.3546804783330894661 1.3590158867187633884 1.3576864097544028009 1.3271287019821802478 1.2835038751746834507 1.2968662312227761113 1.2553168251734980743 1.1961672806266800961 1.1797575766551322562 1.1868502045158175751 1.1817694582985203144 1.149667795822256311 1.1431478680718527574 1.1584690040373573083 1.1742947439662794196 1.2153688178115986673 1.2348205733971171494 1.2486118250209707892 1.250319066164060855 1.2515580663252161564 1.251503732117233314 1.2606480189968494177 1.2585532179885761117 1.258899375018525113 1.2584126505983848077 1.3006465757376923786
nan nan nan nan nan nan nan nan nan nan nan nan nan nan nan nan nan nan nan nan nan nan nan nan nan nan nan nan nan nan 1.4644544317486383189 1.4263754539833750634 1.4015073492923921794 1.3737458279538339312 1.3442303261266790315 1.3042460927103289858 1.3072390520662411362 1.316664917421209946 1.32212110152282869 1.2862374214225709146 1.2464543374454124525 1.2689225586381343014 1.2419788282600834339 1.226873775304664127 1.2123733363035829047 1.2066496637765542488 1.1936742729895881698 1.1878146988575428722 1.2152326262277828306 1.2436901249186298468 1.2585181468356265722 1.2794229417894471545 1.2771835358519312287 1.2638577333323410823 1.2718103882045057595 1.2814641821689274348 1.2847157434523097663 1.2890264363872210307 1.2870157023995867362 1.3007879096140033681 1.3146259978114440692 1.2578124685241736103
nan nan nan nan nan nan nan nan nan nan nan nan nan nan nan nan nan nan nan nan nan nan nan nan nan nan nan nan nan nan nan 1.4843687357239971902 1.4538526294872189393 1.4236710259181073468 1.3993997796641044484 1.3686025934502445978 1.3131158040953678778 1.3060457425539515608 1.3038911612862464917 1.2995474618699098812 1.3109609923273615184 1.3212530877192310008 1.320916254514419963 1.3182816790685318864 1.3107628330124905247 1.2945897577576137571 1.2954818022399099409 1.2991288265855027717 1.2983223140789621475 1.2940600344809614075 1.285056994037537148 1.2797019917287610902 1.2838569991039379126 1.2920768814253686951 1.3077227662750208204 1.3158065938896621461 1.3251847330182855433 1.3328467125513294711 1.3411689450066572871 nan nan nan
nan nan nan nan nan nan nan nan nan nan nan nan nan nan nan nan nan nan nan nan nan nan nan nan nan nan nan nan nan nan nan nan nan nan nan nan 1.3491512118716690871 1.3440338165211316301 1.3436286602165261606 1.3542411235841447237 1.3676625742789720874 1.3725984690555250722 1.3748675476499063741 1.3797336637055888087 1.3660476794884763851 1.3441699270560292234 1.3277580207688572944 1.3066583962217246384 1.2858164801933513743 1.2879804071979492619 1.2800587371270277792 1.2949406396136060593 1.3103253334232689564 1.3361721428094162079 nan nan nan nan nan nan nan nan
nan nan nan nan nan nan nan nan nan nan nan nan nan nan nan nan nan nan nan nan nan nan nan nan nan nan nan nan nan nan nan nan nan nan nan nan nan nan nan nan nan nan nan nan nan nan nan 1.2707690429000308985 1.2805920470213374429 1.2946513260106402576 1.3051143211528701826 1.3228560214961839758 1.3456310683363605918 1.3271206333991329984 nan nan nan nan nan nan nan nan
nan nan nan nan nan nan nan nan nan nan nan nan nan nan nan nan nan nan nan nan nan nan nan nan nan nan nan nan nan nan nan nan nan nan nan nan nan nan nan nan nan nan nan nan nan nan nan nan 1.2917914784738069311 1.3274387559613809451 1.3153053859246826018 1.3233207227609655732 nan nan nan nan nan nan nan nan nan nan
nan nan nan nan nan nan nan nan nan nan nan nan nan nan nan nan nan nan nan nan nan nan nan nan nan nan nan nan nan nan nan nan nan nan nan nan nan nan nan nan nan nan nan nan nan nan nan nan nan nan nan nan nan nan nan nan nan nan nan nan nan nan
nan nan nan nan nan nan nan nan nan nan nan nan nan nan nan nan nan nan nan nan nan nan nan nan nan nan nan nan nan nan nan nan nan nan nan nan nan nan nan nan nan nan nan nan nan nan nan nan nan nan nan nan nan nan nan nan nan nan nan nan nan nan
nan nan nan nan nan nan nan nan nan nan nan nan nan nan nan nan nan nan nan nan nan nan nan nan nan nan nan nan nan nan nan nan nan nan nan nan nan nan nan nan nan nan nan nan nan nan nan nan nan nan nan nan nan nan nan nan nan nan nan nan nan nan
nan nan nan nan nan nan nan nan nan nan nan nan nan nan nan nan nan nan nan nan nan nan nan nan nan nan nan nan nan nan nan nan nan nan nan nan nan nan nan nan nan nan nan nan nan nan nan nan nan nan nan nan nan nan nan nan nan nan nan nan nan nan
nan nan nan nan nan nan nan nan nan nan nan nan nan nan nan nan nan nan nan nan nan nan nan nan nan nan nan nan nan nan nan nan nan nan nan nan nan nan nan nan nan nan nan nan nan nan nan nan nan nan nan nan nan nan nan nan nan nan nan nan nan nan
nan nan nan nan nan nan nan nan nan nan nan nan nan nan nan nan nan nan nan nan nan nan nan nan nan nan nan nan nan nan nan nan nan nan nan nan nan nan nan nan nan nan nan nan nan nan nan nan nan nan nan nan nan nan nan nan nan nan nan nan nan nan
nan nan nan nan nan nan nan nan nan nan nan nan nan nan nan nan nan nan nan nan nan nan nan nan nan nan nan nan nan nan nan nan nan nan nan nan nan nan nan nan nan nan nan nan nan nan nan nan nan nan nan nan nan nan nan nan nan nan nan nan nan nan
nan nan nan nan nan nan nan nan nan nan nan nan nan nan nan nan nan nan nan nan nan nan nan nan nan nan nan nan nan nan nan nan nan nan nan nan nan nan nan nan nan nan nan nan nan nan nan nan nan nan nan nan nan nan nan nan nan nan nan nan nan nan
nan nan nan nan nan nan nan nan nan nan nan nan nan nan nan nan nan nan nan nan nan nan nan nan nan nan nan nan nan nan nan nan nan nan nan nan nan nan nan nan nan nan nan nan nan nan nan nan nan nan nan nan nan nan nan nan nan nan nan nan nan nan
nan nan nan nan nan nan nan nan nan nan nan nan nan nan nan nan nan nan nan nan nan nan nan nan nan nan nan nan nan nan nan nan nan nan nan nan nan nan nan nan nan nan nan nan nan nan nan nan nan nan nan nan nan nan nan nan nan nan nan nan nan nan
nan nan nan nan nan nan nan nan nan nan nan nan nan nan nan nan nan nan nan nan nan nan nan nan nan nan nan nan nan nan nan nan nan nan nan nan nan nan nan nan nan nan nan nan nan nan nan nan nan nan nan nan nan nan nan nan nan nan nan nan nan nan
nan nan nan nan nan nan nan nan nan nan nan nan nan nan nan nan nan nan nan nan nan nan nan nan nan nan nan nan nan nan nan nan nan nan nan nan nan nan nan nan nan nan nan nan nan nan nan nan nan nan nan nan nan nan nan nan nan nan nan nan nan nan
nan nan nan nan nan nan nan nan nan nan nan nan nan nan nan nan nan nan nan nan nan nan nan nan nan nan nan nan nan nan nan nan nan nan nan nan nan nan nan nan nan nan nan nan nan nan nan nan nan nan nan nan nan nan nan nan nan nan nan nan nan nan
nan nan nan nan nan nan nan nan nan nan nan nan nan nan nan nan nan nan nan nan nan nan nan nan nan nan nan nan nan nan nan nan nan nan nan nan nan nan nan nan nan nan nan nan nan nan nan nan nan nan nan nan nan nan nan nan nan nan nan nan nan nan
nan nan nan nan nan nan nan nan nan nan nan nan nan nan nan nan nan nan nan nan nan nan nan nan nan nan nan nan nan nan nan nan nan nan nan nan nan nan nan nan nan nan nan nan nan nan nan nan nan nan nan nan nan nan nan nan nan nan nan nan nan nan
nan nan nan nan nan nan nan nan nan nan nan nan nan nan nan nan nan nan nan nan nan nan nan nan nan nan nan nan nan nan nan nan nan nan nan nan nan nan nan nan nan nan nan nan nan nan nan nan nan nan nan nan nan nan nan nan nan nan nan nan nan nan
nan nan nan nan nan nan nan nan nan nan nan nan nan nan nan nan nan nan nan nan nan nan nan nan nan nan nan nan nan nan nan nan nan nan nan nan nan nan nan nan nan nan nan nan nan nan nan nan nan nan nan nan nan nan nan nan nan nan nan nan nan nan
nan nan nan nan nan nan nan nan nan nan nan nan nan nan nan nan nan nan nan nan nan nan nan nan nan nan nan nan nan nan nan nan nan nan nan nan nan nan nan nan nan nan nan nan nan nan nan nan nan nan nan nan nan nan nan nan nan nan nan nan nan nan
