results/rofental/snowmelt_month_2020-05-01T0000_2020-05-31T2300.asc
ncols        322
nrows        225
xllcorner    622802.488000000012
yllcorner    5178049.378999999724
cellsize     100.000000000000
[rows 112 to 139 of 225, columns 189 to 251 of 322]
15.947688392401015989 13.403452685613514106 11.54805492927442323 10.474012423956347462 12.064295575220844725 103.37478584889058197 141.43245434291074503 115.096522064722663 167.80666644800857057 199.03096227112916949 262.13997654298492535 375.70604011169723435 408.77472831466656089 403.42319151356929297 403.89493628393853442 314.59970917680396951 189.57915942209865534 269.4741862829494039 376.85064409817590558 307.12026920029632038 293.13581443636394397 358.94198881978672944 359.91600864225665646 389.46903798249650208 320.13862921854655497 262.44791514134004728 314.20870266301017182 nan nan nan nan nan nan nan nan nan nan nan nan nan nan nan nan nan nan nan nan nan nan nan nan nan nan nan nan nan nan nan nan nan nan nan nan
13.62494185377152256 11.690894641104932816 10.790240668019034587 12.561018801883655271 13.140625209799637219 82.312569775650743509 200.88700948151119974 217.5935361193948836 290.97501860169410293 324.12770156449653314 316.24977115342431944 353.54827540259236685 371.44698357758255725 398.50586067376502797 391.86472793401156878 345.13005547770035264 203.86501451664503293 191.22899015435544356 348.20317770914124367 316.76931065936105369 358.88461235128431781 369.98475663394719959 355.7158132571008764 327.83548277611555477 291.42848031684593479 nan nan nan nan nan nan nan nan nan nan nan nan nan nan nan nan nan nan nan nan nan nan nan nan nan nan nan nan nan nan nan nan nan nan nan nan nan nan
11.561528797758681364 10.669383636566442064 12.48998355912138436 68.122050389993532349 91.970549766688989735 168.37531142418330887 223.62922403253486436 243.02137251607285862 254.42799605652754735 319.64101739382124379 367.62400624656169157 383.72308752490965844 347.2020395547035605 330.90994908712303868 388.1069522340618505 356.42730503366146877 241.05603681426256912 172.59206507449425771 266.56645224398414484 339.65449025906997349 353.45794605557466639 362.13270508800701464 386.79545025881884612 328.17603398903906964 260.84064877661035098 nan nan nan nan nan nan nan nan nan nan nan nan nan nan nan nan nan nan nan nan nan nan nan nan nan nan nan nan nan nan nan nan nan nan nan nan nan nan
10.76467084628797366 11.946639876338549513 13.632533192139506539 64.290005011093697362 110.8622200347469402 195.95982211008018226 178.29819598271558334 140.41437293868844449 183.57871558029356152 251.44459485296951584 326.86149335464824617 380.36062662005491575 376.45955849935319293 370.62994673632556442 392.64021480516237261 367.35735652942946672 347.56350818787359458 221.96553969576129361 235.08488866223211744 351.96314599323193306 258.52038573479291017 319.06763837120820426 368.44263914823801542 351.78956103493970886 233.50952495733187675 nan nan nan nan nan nan nan nan nan nan nan nan nan nan nan nan nan nan nan nan nan nan nan nan nan nan nan nan nan nan nan nan nan nan nan nan nan nan
143.55669627202723859 79.007902324032315278 101.58988272508557316 181.92143285303399125 252.93434956791980994 268.68480906509756778 307.77949820363869549 322.71330083710807912 228.093696481690273 151.85005884891870664 208.03048340757086976 341.22708483168747762 311.69653811427201617 324.87992975800210615 360.49201770116309262 395.1672362784063921 394.79849226468877532 337.91828510360306836 345.95703126752283652 291.83499916187719236 173.05006445319540376 226.63924135928851911 251.43251843531390932 284.77162614744054281 239.79046557586954691 nan nan nan nan nan nan nan nan nan nan nan nan nan nan nan nan nan nan nan nan nan nan nan nan nan nan nan nan nan nan nan nan nan nan nan nan nan nan
181.09886827797819819 197.66672809379520004 170.06776873404399453 302.12908934356306645 319.71713999144685658 320.44116440579512073 368.53512234567358519 388.41877360282416021 363.03994024712756072 336.6238639993060815 374.14847553373448363 373.50426443020899114 288.32971065483826578 297.1711607180184842 290.08270831205504692 317.81745766129330377 347.30704709642810712 386.79294578697329143 364.85127525780603719 306.76117330258637139 116.83450850464754467 111.46092642682046403 166.87578622615214385 197.31882710376586942 nan nan nan nan nan nan nan nan nan nan nan nan nan nan nan nan nan nan nan nan nan nan nan nan nan nan nan nan nan nan nan nan nan nan nan nan nan nan nan
226.06470050410223394 274.53988404955316582 289.12894909472129257 323.4093152914753091 348.26053436823610809 358.84001702658713384 382.818504455079335 381.91026499052475174 323.53685901651437007 302.06428043980798748 256.95838034104548342 319.60270900769717173 324.99563961892141606 298.99162170125771354 286.26791403433207961 296.56596845063245382 329.88589325306674027 334.74702244232452131 321.9034604014950105 315.11244930818907051 201.09104675089298553 87.557629051612337889 136.26874327582626734 nan nan nan nan nan nan nan nan nan nan nan nan nan nan nan nan nan nan nan nan nan nan nan nan nan nan nan nan nan nan nan nan nan nan nan nan nan nan nan nan
254.63238282820111635 313.74132277074528474 348.59498083620604802 368.16965649849203146 377.28370704072335684 386.42901362057017423 369.42073486138320959 315.86905538358138301 317.02348686337160188 292.16626282942837634 307.47380476752061895 331.779710050703045 336.38234853305272054 313.14753927656221322 310.84464258881672549 309.96797619868283391 337.53929248947883934 332.30255021266447102 286.64303104320367765 236.24138433129354553 210.50709657993584756 113.00391795429138142 nan nan nan nan nan nan nan nan nan nan nan nan nan nan nan nan nan nan nan nan nan nan nan nan nan nan nan nan nan nan nan nan nan nan nan nan nan nan nan nan nan
291.96036204201840292 341.23557991698100977 382.19150449240220269 377.17758605138851635 385.49138396508453752 340.85634123813650831 323.05061342275217839 295.89005642510772986 247.35841537526604839 271.18858858234369791 299.45019391362183114 328.74513607966383688 331.0698904699768832 287.34968657627655375 280.93447322825505807 262.65467380348917459 288.10676838206347838 243.72659553936856014 241.41057835831156808 269.04875851226421446 198.68460439658724681 110.69567229288304588 nan nan nan nan nan nan nan nan nan nan nan nan nan nan nan nan nan nan nan nan nan nan nan nan nan nan nan nan nan nan nan nan nan nan nan nan nan nan nan nan nan
319.11978930714900571 366.74075801042448575 379.55692594048844057 366.93511417607135172 322.18919581848933831 311.54840220181893073 301.15840573711568595 268.87772767362065451 201.95136959170085333 291.38623499975670939 291.80393114925703912 323.81236550324541668 347.60420742327590915 302.7212639400887042 266.72430485422552238 239.16347984827987716 289.11375811923494439 272.41759474134101993 219.62690342598278903 225.15146654013400962 195.65107268579296829 83.881432770204881422 nan nan nan nan nan nan nan nan nan nan nan nan nan nan nan nan nan nan nan nan nan nan nan nan nan nan nan nan nan nan nan nan nan nan nan nan nan nan nan nan nan
264.59909058610071497 316.11681708982820282 352.63801938364792932 349.47093083690663207 310.31255134847367572 292.05966307983021579 236.55308270401869208 222.23231192220819707 192.41217962606421565 277.31904973636352452 274.30120775401678657 306.82041475768858163 304.35902086597906191 272.71409870977123546 280.50403990357324346 276.98984608770575733 298.22563441386745353 287.1903836886958743 247.59975128081211437 237.36001876593087445 215.11726491095265601 142.06373437942713167 nan nan nan nan nan nan nan nan nan nan nan nan nan nan nan nan nan nan nan nan nan nan nan nan nan nan nan nan nan nan nan nan nan nan nan nan nan nan nan nan nan
263.36361888180761071 278.90147817162892352 314.57542792734386694 340.22161607903859704 310.67046593390062981 274.29092353086906542 227.95427138374228093 228.0162935235728412 228.60725611780264899 260.75187062433707297 234.14578370714903599 226.26623090007137762 228.03542558627643189 239.16670214784741688 252.85822661790481902 270.78823000350729444 284.74677440593563915 334.28210758878913111 325.02121292146733822 318.97649146504591045 284.62543937523787463 209.29665167719355168 nan nan nan nan nan nan nan nan nan nan nan nan nan nan nan nan nan nan nan nan nan nan nan nan nan nan nan nan nan nan nan nan nan nan nan nan nan nan nan nan nan
288.49635803870182826 320.46340138005905374 364.04039447219651038 341.88899723971962885 290.62461836636737189 231.08818952687821024 178.09815027042972702 165.09215102727262092 226.53798789220948606 266.81684947355165605 275.66963191186738413 273.00386770355646604 268.22382250717339502 257.95613638521905386 261.62522058433461325 301.36570357565051381 296.30684137563730474 307.8173608241724537 345.59648494051378975 327.27052241076870587 288.06136950001234709 214.81012039419880466 nan nan nan nan nan nan nan nan nan nan nan nan nan nan nan nan nan nan nan nan nan nan nan nan nan nan nan nan nan nan nan nan nan nan nan nan nan nan nan nan nan
294.11815168158767619 344.73093550987158551 351.39941254185794151 316.97683370919122581 288.39808256063315639 246.36045990696078434 233.8017801501590327 213.40796153327008255 180.58357710814507868 205.53778831966701546 220.58466468494924584 234.44196571742759261 247.24187146134502768 248.73884011873025202 258.61891613861115502 277.70906525816019439 279.87385848440356995 273.87720800280982303 303.13875291807005397 301.97217899772505234 259.27069131660465473 183.66176978929610186 nan nan nan nan nan nan nan nan nan nan nan nan nan nan nan nan nan nan nan nan nan nan nan nan nan nan nan nan nan nan nan nan nan nan nan nan nan nan nan nan nan
275.50771590840952285 348.7276647624489101 337.44021998865002843 302.81613335386100516 282.23982701257727967 256.99362988834855059 130.97493204818511003 189.55409548414604615 183.95796741159472276 187.63471698197798787 209.5238566540656393 234.22233023164827159 245.17466995907827254 246.34596013885516186 252.35191119410677629 225.15505655662309437 167.95999505012318309 206.69070381104305056 222.87493709713760381 286.58196925998669258 297.96532388747647246 nan nan nan nan nan nan nan nan nan nan nan nan nan nan nan nan nan nan nan nan nan nan nan nan nan nan nan nan nan nan nan nan nan nan nan nan nan nan nan nan nan nan
280.18396612412323066 334.67625381840389309 361.63796571256892776 311.45291112667092648 296.30372865014396666 277.98677135624825496 127.92323084157422386 92.780479869032859597 179.24837622945156568 187.7634777443055043 206.26496793763965343 233.62105453087488627 248.50104111987593569 247.2259288901144032 252.59496333501869003 241.61882199071735045 173.8739829573830491 167.70312093250672092 206.31939057456887099 236.303688030422677 205.45099265912668329 nan nan nan nan nan nan nan nan nan nan nan nan nan nan nan nan nan nan nan nan nan nan nan nan nan nan nan nan nan nan nan nan nan nan nan nan nan nan nan nan nan nan
367.46520679174886936 368.25170260076561135 331.56976061589762139 278.82530752608903413 216.94116846290981471 164.64532532435003986 127.90736274341300316 143.30633287313617075 150.97832676817796482 205.88481871061097195 215.01704895865867684 230.63237579492300711 239.61764929229460108 240.29952944626737121 259.78339144944521877 261.46981895994360912 219.68970517175640111 137.15657064976014112 171.92772225306541145 197.98248773782464127 191.22677130974534521 nan nan nan nan nan nan nan nan nan nan nan nan nan nan nan nan nan nan nan nan nan nan nan nan nan nan nan nan nan nan nan nan nan nan nan nan nan nan nan nan nan nan
367.99354736169459557 333.53673075683178695 326.48123160451496005 314.52615693972495592 282.18296063051622014 192.52397415467157771 125.64358773437176353 120.00539751522980225 198.04956915546367213 222.68907950714591948 225.94088135253525707 239.46055606566412166 241.63170858798375207 243.42702884556001663 244.13696042447392642 254.76772013852686882 247.76566522786305313 141.15107926617116618 94.602480524649692484 nan nan nan nan nan nan nan nan nan nan nan nan nan nan nan nan nan nan nan nan nan nan nan nan nan nan nan nan nan nan nan nan nan nan nan nan nan nan nan nan nan nan nan nan
370.90848746350201282 355.19093755801173984 318.34505778542961707 293.46508225369109368 295.56169232604418085 284.98364820854845902 181.57549809870056379 104.42126681667259902 172.94137838393797324 202.49957749915452609 200.21571566170678125 217.90696116180558306 229.04625625898148655 219.29966960205834425 191.15400521743447371 219.09206980417914679 230.61127413747848891 186.09180553759873078 nan nan nan nan nan nan nan nan nan nan nan nan nan nan nan nan nan nan nan nan nan nan nan nan nan nan nan nan nan nan nan nan nan nan nan nan nan nan nan nan nan nan nan nan nan
317.50534115964882176 349.22215325474871861 336.44910221098564307 344.73606210579094977 336.97151538914221192 333.87940115876540403 281.15876369846830585 102.41647130006906252 134.73167054511498009 158.53130449565171034 176.41425461326178947 168.71309742701348 114.35398564069767247 83.863652234525403628 127.66562250519007193 190.82636140049876872 214.11780044111560528 nan nan nan nan nan nan nan nan nan nan nan nan nan nan nan nan nan nan nan nan nan nan nan nan nan nan nan nan nan nan nan nan nan nan nan nan nan nan nan nan nan nan nan nan nan nan
314.00569228498841312 317.66477669862155153 332.42967071630346254 337.25961714547690917 333.8891685293261844 303.64564185062545221 269.7738181556032373 189.58571353539787196 124.8822273832007852 119.92014828687372585 116.13069959668820275 132.03276374585703934 nan nan nan 196.31419934102507341 nan nan nan nan nan nan nan nan nan nan nan nan nan nan nan nan nan nan nan nan nan nan nan nan nan nan nan nan nan nan nan nan nan nan nan nan nan nan nan nan nan nan nan nan nan nan nan
311.2666395495802476 329.20799165198445735 337.21078207933453541 323.05665040308440439 286.18650249314515577 256.75048921312134098 241.96439561020739006 176.24550348404517308 66.173229248304338057 nan nan nan nan nan nan nan nan nan nan nan nan nan nan nan nan nan nan nan nan nan nan nan nan nan nan nan nan nan nan nan nan nan nan nan nan nan nan nan nan nan nan nan nan nan nan nan nan nan nan nan nan nan nan
357.2105364607489264 327.39133287894759405 316.09666764512201098 300.88514022602475961 261.87524419027772637 229.57881126814976369 216.18834868123639126 206.28103600891373048 nan nan nan nan nan nan nan nan nan nan nan nan nan nan nan nan nan nan nan nan nan nan nan nan nan nan nan nan nan nan nan nan nan nan nan nan nan nan nan nan nan nan nan nan nan nan nan nan nan nan nan nan nan nan nan
337.55085034900929486 330.05889127469458799 299.04958120606403327 274.3663414497510189 240.08262790673302334 216.81280791657576401 216.61236134380141038 205.79636622581995198 nan nan nan nan nan nan nan nan nan nan nan nan nan nan nan nan nan nan nan nan nan nan nan nan nan nan nan nan nan nan nan nan nan nan nan nan nan nan nan nan nan nan nan nan nan nan nan nan nan nan nan nan nan nan nan
329.15333655442248073 342.42288442223332368 340.08579154502808706 340.02976772573299513 330.24503062026985845 303.43126499725246958 282.20227417022169902 195.72275378020688663 nan nan nan nan nan nan nan nan nan nan nan nan nan nan nan nan nan nan nan nan nan nan nan nan nan nan nan nan nan nan nan nan nan nan nan nan nan nan nan nan nan nan nan nan nan nan nan nan nan nan nan nan nan nan nan
317.46090168848411395 323.38837118545188787 339.20232889240179475 350.85062532999421592 342.86262354934382302 308.41544980096921336 257.7371092611750214 215.32378746348123855 69.898889398794622707 nan nan nan nan nan nan nan nan nan nan nan nan nan nan nan nan nan nan nan nan nan nan nan nan nan nan nan nan nan nan nan nan nan nan nan nan nan nan nan nan nan nan nan nan nan nan nan nan nan nan nan nan nan nan
301.42070216174516872 297.01945423809269187 281.93755574572747946 305.20724045717372519 335.71657885905744934 318.38556992901294507 289.37168048907398088 270.97185499466087322 150.45659886235301883 nan nan nan nan nan nan nan nan nan nan nan nan nan nan nan nan nan nan nan nan nan nan nan nan nan nan nan nan nan nan nan nan nan nan nan nan nan nan nan nan nan nan nan nan nan nan nan nan nan nan nan nan nan nan
290.29219965153680505 288.61610581604799108 280.95009694965602876 280.24829891305324736 311.00287465833395117 299.3078827178671304 262.86200059904416548 233.86619115729877194 127.36465425787997674 nan nan nan nan nan nan nan nan nan nan nan nan nan nan nan nan nan nan nan nan nan nan nan nan nan nan nan nan nan nan nan nan nan nan nan nan nan nan nan nan nan nan nan nan nan nan nan nan nan nan nan nan nan nan
