results/rofental/snowdepth_month_2020-08-01T0000_2020-08-31T2300.asc
ncols        322
nrows        225
xllcorner    622802.488000000012
yllcorner    5178049.378999999724
cellsize     100.000000000000
[rows 112 to 139 of 225, columns 186 to 247 of 322]
0.0017032901266553308536 0.00066268114680324147203 1.1801505201597797866e-05 0 0 0 0 0 0 0 1.0942565070186906909e-05 0.00051248576766384635987 0.0024290025946254426188 0.0051341220559661827211 0.0082205707568627876813 0.0084300989561300818109 0.0082177013027256405608 0.0077195705209383846945 0.0066093069872636646053 0.0068996597540307066238 0.0098799868143653601926 0.012053654805317632476 0.01319330871535068922 0.014465855539639683319 0.013785508720194178736 0.012514154803896416004 0.012297934452317556622 0.014070327599371004745 0.017311838875793177095 0.016012679313762628874 nan nan nan nan nan nan nan nan nan nan nan nan nan nan nan nan nan nan nan nan nan nan nan nan nan nan nan nan nan nan nan nan
0.00036497765918660037736 1.1273818973676129291e-05 0 0 0 0 0 0 0 1.1978330270251649311e-05 0.00037763207021500897007 0.0025576697734030003246 0.005106717184973247857 0.0074348926547137530671 0.0090202000805441572007 0.0091719616053657863214 0.0091054733000054590558 0.0091331146672035783129 0.0082476492898212461213 0.0081090381842314259581 0.0094922301340003359393 0.012046761179759626903 0.0151072662780069953 0.014671910506796960114 0.01342026788264737841 0.013093715920523298774 0.013797771403380546321 0.017035393493545540611 nan nan nan nan nan nan nan nan nan nan nan nan nan nan nan nan nan nan nan nan nan nan nan nan nan nan nan nan nan nan nan nan nan nan
1.2461104361197412936e-05 1.2022252246786769794e-05 0 0 0 0 0 0 1.2088655016995729859e-05 0.00040575208696187747837 0.0017966012449665055145 0.0041316804193357739919 0.0068345641602774133069 0.0090268156322334397457 0.0099689117745524399861 0.009682706364274809227 0.0094842403020226860588 0.0096247996401266112942 0.0091139503628304748689 0.0089734049285269540386 0.0091755051974459315989 0.011717775064452717187 0.015514864156609938298 0.01470490396725593861 0.013104597534377541296 0.013321440670415815241 0.015480963551722242907 0.02166568639605560842 nan nan nan nan nan nan nan nan nan nan nan nan nan nan nan nan nan nan nan nan nan nan nan nan nan nan nan nan nan nan nan nan nan nan
1.2269163226146973344e-05 0 0 0 0 0 0 1.1554326116972644478e-05 0.00032108811307058438911 0.0010674415225287482711 0.0023727805238974676236 0.0046152927089174100236 0.0075304480562453776291 0.0095475293335042111381 0.01070283671243303647 0.010511455904446466783 0.010765552787432446785 0.010327183450569718884 0.0097539531616487613191 0.0098246206275274580028 0.0096761897806461986959 0.011368686306200699587 0.015150406926274338423 0.015947460772678372781 0.014532362076773549381 0.014609372286398291177 0.016139192304210566581 0.023973565716701200623 nan nan nan nan nan nan nan nan nan nan nan nan nan nan nan nan nan nan nan nan nan nan nan nan nan nan nan nan nan nan nan nan nan nan
0 0 0 0 0 0 1.1233888493722955117e-05 0.00040299415079847548385 0.0012268098763943012432 0.0029817627908304503853 0.0049594736773517127462 0.0060263083277980588476 0.00741144807824888497 0.0087734632956023260453 0.011183833130745370055 0.011748331819277294322 0.011637327389613363535 0.010977022644665856629 0.01054814765506565527 0.010568725758460571426 0.010771462972313215062 0.012096487065819902865 0.016076230808511102199 0.019060010459542101047 0.016901828839933664972 0.017148838759634323775 0.020382996390624609495 0.024213887130438562639 nan nan nan nan nan nan nan nan nan nan nan nan nan nan nan nan nan nan nan nan nan nan nan nan nan nan nan nan nan nan nan nan nan nan
0 0 0 1.6742179760996011047e-06 1.5278337783706247023e-06 0 0.00077152387957881330034 0.0020454278985259856556 0.0033357097111877654326 0.0056195573463455996202 0.0072875902354616398093 0.0085129263661238279565 0.0096267036793645961723 0.010652010202228695546 0.011416765503101698048 0.012839159267338414588 0.012318945289262986376 0.012053481454591896682 0.011747181101455448846 0.011541898620156650079 0.011702535361765645239 0.012998282018563182133 0.016475715920369799622 0.023247616247086842767 0.023319422451425181331 0.021685008573926689568 0.028412066838590589041 nan nan nan nan nan nan nan nan nan nan nan nan nan nan nan nan nan nan nan nan nan nan nan nan nan nan nan nan nan nan nan nan nan nan nan
0 0 1.7300279536850341109e-06 1.1946784713068095136e-05 0.00025242411651283871857 0.00081938094568192868569 0.0026402989427913641993 0.0043571221325151765144 0.0059776514509839789521 0.0076543920569323601819 0.0088282986147536785665 0.010379217012051725547 0.0110810316089523693 0.012436380724723545416 0.01289358275544476122 0.013088142328560531738 0.013199355573948801101 0.01314158350062156512 0.012738443090066853616 0.012273415487954991709 0.012731080011154465026 0.01463095879115111804 0.017524915051474101307 0.023791844165287252127 0.033461682090652970778 0.033960923423307101676 nan nan nan nan nan nan nan nan nan nan nan nan nan nan nan nan nan nan nan nan nan nan nan nan nan nan nan nan nan nan nan nan nan nan nan nan
0 1.2474585206824210363e-05 1.174637403713036392e-05 0.00036773145101329582233 0.001303904178153472487 0.0034415562090238153124 0.0051843751535041995501 0.0066581135297809736565 0.0078285783722825460357 0.0092166375379101640741 0.010648452802824724325 0.011251992064701205054 0.012582855128215452573 0.013462822487150308964 0.013413546546747864147 0.013361021227922924293 0.013812951167550347256 0.01367294854008451431 0.013434320309614391012 0.013052760724121046168 0.013767361672701256339 0.016186622078822973658 0.020734080388264321954 0.025452344035857495802 0.053135792783733599987 nan nan nan nan nan nan nan nan nan nan nan nan nan nan nan nan nan nan nan nan nan nan nan nan nan nan nan nan nan nan nan nan nan nan nan nan nan
0 0.00017378015503318258728 0.00052746305125696702886 0.001301229188930872133 0.0038663917119089842925 0.0062922338030852349722 0.0076906080044558669181 0.0083609265045276534578 0.0094675644196345817849 0.010702353723292357818 0.011499414192643692134 0.013293939588399059787 0.014105432996643775534 0.014067526304331695597 0.013606916686477657855 0.013655870662765218215 0.014446689445214178429 0.014347167071026780891 0.014471096293695896728 0.014104730323860132507 0.016137169709691850245 0.019605537115818548466 0.021283676276339393713 0.036803625227931430208 0.1655126129458180384 nan nan nan nan nan nan nan nan nan nan nan nan nan nan nan nan nan nan nan nan nan nan nan nan nan nan nan nan nan nan nan nan nan nan nan nan nan
0 0.00016729425664146875216 0.0014013381938196771241 0.0034728199398646368914 0.0063075734458188431261 0.0082115236223745703692 0.0092048350251979597914 0.010125097461949733244 0.010854596816823731259 0.011801738726768451829 0.012879747881530670059 0.016382159711782039863 0.014695825908267720616 0.014455761138944863559 0.013845704626648105279 0.013789843714388560006 0.014730323647864571046 0.0155682610264817195 0.015988658704322901427 0.015607901508362923351 0.017654231813373052334 0.021787095756447716344 0.024928753472665463736 0.048477093459496523042 0.64791790330395315767 nan nan nan nan nan nan nan nan nan nan nan nan nan nan nan nan nan nan nan nan nan nan nan nan nan nan nan nan nan nan nan nan nan nan nan nan nan
1.1847282874691705292e-05 0.00051124659310114028022 0.0022856525047100207347 0.0045412821186343980961 0.0075132926180420337575 0.0087688671252730936156 0.010318662511731694492 0.011096831916656635722 0.01200384514746800392 0.013445540789326084277 0.015858527014931060595 0.017878966998422726048 0.015149288070452919877 0.015005944062485336576 0.014177880904289508202 0.014490677455658497463 0.016079764091966038814 0.016544176045663640251 0.016629891668348353168 0.017038729758131195696 0.018506293255291666328 0.024169057732331338667 0.034625721422064145716 0.064538461351976689206 0.12281577767642290477 nan nan nan nan nan nan nan nan nan nan nan nan nan nan nan nan nan nan nan nan nan nan nan nan nan nan nan nan nan nan nan nan nan nan nan nan nan
0.00037259035541335468016 0.0011933571632467153325 0.0032213498178424540032 0.0057742210626129152409 0.0078701092540410643589 0.0090236055353291860087 0.010939518814581560696 0.012072434015787275943 0.013078978258548942457 0.015718590209074470576 0.018456166662595127614 0.01751822245705804762 0.015896940425916470524 0.015860034488320903096 0.015769761318378244103 0.017163913545700723584 0.017773913216307769131 0.017814164691386535216 0.017676965471943476699 0.018468608049239589042 0.018755233916560073992 0.019686613012883696222 0.022189422351711583781 0.038993507060517830498 0.092772269834742224215 nan nan nan nan nan nan nan nan nan nan nan nan nan nan nan nan nan nan nan nan nan nan nan nan nan nan nan nan nan nan nan nan nan nan nan nan nan
0.00074821791757943487394 0.0020525680776015938281 0.0038840462810052385489 0.0068485362773981510107 0.0083253807243786250719 0.0099723881585600630817 0.011598346626385210023 0.012811666839941372731 0.015178854398806991208 0.018989558244658501923 0.019995320133874266294 0.01781766316051130658 0.016665889713842911568 0.016158513686876201099 0.017050493532517245476 0.017780893400323877218 0.018299210882500582809 0.018264261970739943675 0.017968580476538081186 0.01860399305112457255 0.019673210289344773838 0.019345013905455493014 0.020579999624309709694 0.036739523119518412153 0.080583467223231522447 nan nan nan nan nan nan nan nan nan nan nan nan nan nan nan nan nan nan nan nan nan nan nan nan nan nan nan nan nan nan nan nan nan nan nan nan nan
0.001372868761165471109 0.0029212832369532371925 0.0047698537092713483646 0.0074069056971513948587 0.0090361316748562015011 0.010751681591798102622 0.012360473681170481425 0.013701986888156996933 0.016865451537223827977 0.02011465049271646266 0.019324829177365377558 0.018971915650193349467 0.017996667400526415032 0.017887000567241545523 0.018243599532075514824 0.018568345998927933416 0.018833422504972666817 0.018552517720227184456 0.018332438570485068419 0.01919344763596637915 0.020052581017340170844 0.020425423581177801907 0.020312983658908295714 0.039106436085314236206 0.080313629891114360349 nan nan nan nan nan nan nan nan nan nan nan nan nan nan nan nan nan nan nan nan nan nan nan nan nan nan nan nan nan nan nan nan nan nan nan nan nan
0.0015179060530777499505 0.0031305396652135893988 0.0049372083357617137928 0.007602192174147215549 0.0096065847988196801516 0.011549639450803258003 0.013059638494899855621 0.015098105786342226262 0.018046068084157967232 0.024049637850902153002 0.020216993791203795999 0.019620258089553949121 0.019307576968306223303 0.019123149930061523333 0.019013529720274622431 0.019154273239293629488 0.019138739809032405403 0.01885592747985950432 0.019123342218561111688 0.026385914800296932786 0.021347369820780899563 0.021778803070555050742 0.021713603920379354051 0.035129717601774829161 nan nan nan nan nan nan nan nan nan nan nan nan nan nan nan nan nan nan nan nan nan nan nan nan nan nan nan nan nan nan nan nan nan nan nan nan nan nan
0.0032977731006534755087 0.0044977660487793402061 0.006093932780789986306 0.0078240660603471050977 0.010143466763082375354 0.011753500963253688677 0.013651379669524005625 0.015834696016522077644 0.017779105542596221334 0.027277964451966164178 0.028773244191561388183 0.020493540287853290877 0.020251278074034487903 0.019866239703940864747 0.019561099015061585854 0.019383751932938866197 0.019336933160598195058 0.019217997147834495197 0.02006655351452435801 0.029269437347604166516 0.031658124820615057837 0.024438506165629939049 0.02458230789607274841 0.042659810050095114953 nan nan nan nan nan nan nan nan nan nan nan nan nan nan nan nan nan nan nan nan nan nan nan nan nan nan nan nan nan nan nan nan nan nan nan nan nan nan
0.0054003143262293887977 0.0066124321260932067412 0.0077936489746753224647 0.0095099459124660615933 0.01059340288307091503 0.012253926975534221167 0.014489566076662347208 0.018003717660840978104 0.019853982973918746918 0.032414114015429519589 0.028236185197005343045 0.022685828583433466366 0.020524965558125843335 0.02016432492509891497 0.019714807271460417504 0.019543371315451460446 0.019528198434716807774 0.019534666781218994885 0.020307902357908351465 0.024113233158788084654 0.038727142764489734528 0.036254819243568534026 0.039065675614342022792 0.058520616601331815199 nan nan nan nan nan nan nan nan nan nan nan nan nan nan nan nan nan nan nan nan nan nan nan nan nan nan nan nan nan nan nan nan nan nan nan nan nan nan
0.0061838170700365792734 0.0076091934977118658515 0.0087770194186422654387 0.010246905249756993461 0.011550427631757799116 0.012832991704785181794 0.014701284900039123318 0.017453769945904563932 0.020349539883729721168 0.032788818408747942568 0.031402322863055900926 0.022999594566609549151 0.020412460744763223641 0.020071155486914273036 0.019658475784315839613 0.019602790702205750289 0.019569546785080087908 0.01987355595223253002 0.020891045972583351109 0.023761290799072201652 0.044210434922231388322 0.2948970200611575887 nan nan nan nan nan nan nan nan nan nan nan nan nan nan nan nan nan nan nan nan nan nan nan nan nan nan nan nan nan nan nan nan nan nan nan nan nan nan nan nan
0.0050019783890316539196 0.0068284844705146490601 0.0088673059572478927365 0.01085937420745040384 0.011951999255999030611 0.013191778664071458771 0.015604140784165134587 0.017467171507540936448 0.019576531834246475167 0.023578337349858934785 0.0341242245286900725 0.029609129696052380321 0.020656741855201714297 0.020396132983086515816 0.019960485142646346157 0.01964385968869719612 0.019786333918788596986 0.023082900391769713838 0.023631910629820243597 0.032243181066944959223 0.052100838912983803153 nan nan nan nan nan nan nan nan nan nan nan nan nan nan nan nan nan nan nan nan nan nan nan nan nan nan nan nan nan nan nan nan nan nan nan nan nan nan nan nan nan
0.0069550963728644416006 0.008109177490267011415 0.0091491309109056409565 0.010567844347922031312 0.012136399014059563381 0.013421656366689313153 0.015274916456170069962 0.015972530247678237703 0.01717063041104611304 0.019791879303917830207 0.036360269294642026672 0.033168085473861928791 0.030227204232000745576 0.022821975650091738674 0.020630919004131231115 0.029715250909632357629 0.28402587861118361312 0.036334151705566607171 0.033372698916099903521 0.038055812836018505785 nan nan nan nan nan nan nan nan nan nan nan nan nan nan nan nan nan nan nan nan nan nan nan nan nan nan nan nan nan nan nan nan nan nan nan nan nan nan nan nan nan nan
0.0067061591277122701779 0.0086167280628001458737 0.010471289030984404222 0.011839676101890409671 0.012801726445402637766 0.013796094539945858923 0.015056951672001921833 0.015673665888029198606 0.017049929428352924438 0.019550196871790787717 0.034682503798472291701 0.037533005044781665716 0.035210382088368324949 0.034026047485413379867 0.034675696482757173422 nan nan nan 0.037858257821006040256 nan nan nan nan nan nan nan nan nan nan nan nan nan nan nan nan nan nan nan nan nan nan nan nan nan nan nan nan nan nan nan nan nan nan nan nan nan nan nan nan nan nan nan
0.0066656133188492915076 0.008798469776700913389 0.01102333504647406634 0.012609138981923048717 0.013133675310163309136 0.013901457117457098611 0.014828333071738815374 0.016097934652206196543 0.017677215588466022034 0.02008275132593174625 0.036795567550157885772 0.41557040788727822589 nan nan nan nan nan nan nan nan nan nan nan nan nan nan nan nan nan nan nan nan nan nan nan nan nan nan nan nan nan nan nan nan nan nan nan nan nan nan nan nan nan nan nan nan nan nan nan nan nan nan
0.0083628470476505983866 0.0094659037224226177248 0.011115457790086579956 0.012318355266575676046 0.013297583845039180964 0.014231429709501581052 0.015014451111269441416 0.016698360310359067205 0.019131730222801596186 0.021086855770616110689 0.040530024750073917472 nan nan nan nan nan nan nan nan nan nan nan nan nan nan nan nan nan nan nan nan nan nan nan nan nan nan nan nan nan nan nan nan nan nan nan nan nan nan nan nan nan nan nan nan nan nan nan nan nan nan nan
0.010315323766553242263 0.010552563871336621826 0.011667376661494558918 0.012573479638380126791 0.013352398148688594121 0.014566687572023782546 0.015640004021057168915 0.018115686282306451421 0.019967600150016848182 0.030726554796262645769 0.040492052824352434137 nan nan nan nan nan nan nan nan nan nan nan nan nan nan nan nan nan nan nan nan nan nan nan nan nan nan nan nan nan nan nan nan nan nan nan nan nan nan nan nan nan nan nan nan nan nan nan nan nan nan nan
0.01108639509024090912 0.011901961309467823727 0.012273922824603190895 0.012909197159679777073 0.013400216559529035468 0.014228367637969212625 0.015098013901010450682 0.016133674375174367893 0.01760769046435672544 0.019781555734960650644 0.037665939882033060149 nan nan nan nan nan nan nan nan nan nan nan nan nan nan nan nan nan nan nan nan nan nan nan nan nan nan nan nan nan nan nan nan nan nan nan nan nan nan nan nan nan nan nan nan nan nan nan nan nan nan nan
0.011690482332190915704 0.012486145268107019801 0.013129386489798387447 0.013324264132039666253 0.013786844654988044193 0.014206193592596422226 0.014618315718192834846 0.015325208795441495543 0.016894879596106707198 0.019548368549062094396 0.0368120741724742781 0.81071841083954565566 nan nan nan nan nan nan nan nan nan nan nan nan nan nan nan nan nan nan nan nan nan nan nan nan nan nan nan nan nan nan nan nan nan nan nan nan nan nan nan nan nan nan nan nan nan nan nan nan nan nan
0.012150162178456987844 0.012743607437126797111 0.013821647320726715424 0.013917574295864021047 0.014249224954714661065 0.014958447026314020123 0.01521851919498923289 0.015297030926653751651 0.016261241613045863269 0.017849556493383589989 0.020749497334242843899 0.050957430162032531229 nan nan nan nan nan nan nan nan nan nan nan nan nan nan nan nan nan nan nan nan nan nan nan nan nan nan nan nan nan nan nan nan nan nan nan nan nan nan nan nan nan nan nan nan nan nan nan nan nan nan
0.01256732525816774311 0.013004606914213930405 0.014046026766487883231 0.014468715010680843411 0.014904458122395174494 0.015462882459577864322 0.015662207506453543204 0.015678014462016658104 0.016211719480762009499 0.0179100436443976746 0.021195114388974319042 0.095985044220734172526 nan nan nan nan nan nan nan nan nan nan nan nan nan nan nan nan nan nan nan nan nan nan nan nan nan nan nan nan nan nan nan nan nan nan nan nan nan nan nan nan nan nan nan nan nan nan nan nan nan nan
