results/rofental/snowdepth_month_2020-03-01T0000_2020-03-31T2300.asc
ncols        322
nrows        225
xllcorner    622802.488000000012
yllcorner    5178049.378999999724
cellsize     100.000000000000
[rows 112 to 139 of 225, columns 186 to 247 of 322]
0.9490877762824410091 0.91476724172832724058 0.871455612311960226 0.83137908919956138298 0.78792718319192545096 0.80748359062336405589 0.81366566842803134119 0.92300801622188288764 0.99269122017967892369 1.006887895609070549 1.0223999259040792431 1.0943082588493679985 1.1538635956678633399 1.2150271572127202546 1.3172743368956687515 1.3296219948231140506 1.3314162693558868611 1.3239566961627504682 1.276422390132909479 1.21980430969549003 1.290838288733067607 1.3887938771212942068 1.4363898073406295985 1.4542397555123711683 1.4123288438994725524 1.376643635835111068 1.3972133083667026554 1.432127521489260813 1.4828944213834516219 1.4462946070054880643 nan nan nan nan nan nan nan nan nan nan nan nan nan nan nan nan nan nan nan nan nan nan nan nan nan nan nan nan nan nan nan nan
0.84769518294717383089 0.81785123886895849665 0.80098901192208493693 0.81645697514707393783 0.80760326677966565168 0.84048938970228626033 0.93520189567339828685 0.94086331551906743353 1.0077630761870322029 1.0717702261961161714 1.1037360807548557418 1.1943611092002135443 1.2427302844925356418 1.2732423812320583512 1.3213706981396566853 1.3334159970896681813 1.3470387915326225148 1.3547592413088960228 1.3164282839566421313 1.2458018476570047461 1.249570201492953947 1.3604712106597351973 1.4571275572131912046 1.4173071266549912561 1.411877043422969269 1.4291273136459068382 1.4344281076771381311 1.4881038654342768623 nan nan nan nan nan nan nan nan nan nan nan nan nan nan nan nan nan nan nan nan nan nan nan nan nan nan nan nan nan nan nan nan nan nan
0.88865350253107910916 0.85775063182601263279 0.77640557399320520027 0.78605227569222058115 0.81526291591999300312 0.92822262165170488224 0.98396688595048920067 1.0111726736468198418 1.0502262858842192905 1.112854045655415014 1.1584669790649602117 1.2045065393411493737 1.2668992101931928485 1.3268712319092694774 1.3496215881496922417 1.3335061201830344935 1.3287088364739167989 1.350760848455392571 1.3377246194615446395 1.2840250273518460933 1.2446210636838945796 1.3168489608081894726 1.4448952967961892213 1.4284378202098615418 1.4074433122996201639 1.4249127496873030818 1.4560311927805713594 1.5431137204506568672 nan nan nan nan nan nan nan nan nan nan nan nan nan nan nan nan nan nan nan nan nan nan nan nan nan nan nan nan nan nan nan nan nan nan
0.81516967164914866384 0.83117769345172842765 0.81420135115883274235 0.8357429692575387703 0.90803470338436864662 0.94915306081259775972 1.0028636891599194136 1.044855405689465222 1.0934863716566705083 1.1231377276505354335 1.1387839755820925447 1.1754466106877317078 1.2432880226904632348 1.3182563352740628293 1.3729976580314506851 1.3828562593128852498 1.3901530261501908736 1.3718498734799291494 1.3586538528013436533 1.3494869889514808925 1.2904625581345960939 1.3002167638131438832 1.4514017807856607334 1.5069270118876805231 1.4778646599244085191 1.4629607408363611842 1.4728238602086871634 1.5689253081038683213 nan nan nan nan nan nan nan nan nan nan nan nan nan nan nan nan nan nan nan nan nan nan nan nan nan nan nan nan nan nan nan nan nan nan
0.76075143723051241729 0.74297399986042345077 0.88619376815096584377 0.97473083492202139411 0.98381355891684230119 1.0105834665148676343 1.0726470759823276691 1.1223088531689431324 1.1639016892383331481 1.2162681621905970797 1.2526749294740473495 1.2301229679402403416 1.2246804328533833495 1.2653121397907391987 1.4060296419603472984 1.4325331084230892298 1.4216923882628091924 1.3985464369935269868 1.3841543442955466237 1.3857187265918011754 1.3626864042611985806 1.3717435793392176446 1.5043149775193922491 1.5654034604239837059 1.5350911172517025527 1.5357162889362865332 1.5603880737517032973 1.5664317486991288231 nan nan nan nan nan nan nan nan nan nan nan nan nan nan nan nan nan nan nan nan nan nan nan nan nan nan nan nan nan nan nan nan nan nan
0.78554519101769892941 0.93683236474395470417 0.96905746059014485905 1.026902903106668985 1.049221609887468043 1.0646800987462099464 1.1534462888013281567 1.1984365991858341172 1.2261067547744946005 1.2796047788421009983 1.318371483516171061 1.3534389765274872364 1.3771733220876818393 1.3748850960361482798 1.3984098942955489608 1.4573257792725449189 1.4529127015649903054 1.4554987720406420415 1.4456664805149890274 1.4321065542393305314 1.4036938886176322239 1.3989554910063231041 1.4977831129322767278 1.6244091423757562875 1.6243074509860411236 1.6189654772904533697 1.6439558247771137722 nan nan nan nan nan nan nan nan nan nan nan nan nan nan nan nan nan nan nan nan nan nan nan nan nan nan nan nan nan nan nan nan nan nan nan
0.90469919365622519791 0.98463461712571342943 1.0221779896059233206 1.0739007360645416167 1.1106963760360450966 1.1482500078639961139 1.2080001908220014961 1.2546879329957274507 1.2813281263034199675 1.3189482292332677105 1.3560998904743575277 1.3980077068522933637 1.419208934348835216 1.462462356078745529 1.4437155747781142967 1.4398612680148208387 1.4666683357392431564 1.4751431389255160731 1.465945212518994234 1.4513099034157854739 1.4464552776057357786 1.4702966636569074765 1.5093283453155557083 1.6378331985445579999 1.6941181167048680045 1.6938534835564178493 nan nan nan nan nan nan nan nan nan nan nan nan nan nan nan nan nan nan nan nan nan nan nan nan nan nan nan nan nan nan nan nan nan nan nan nan
0.92328603294740052565 1.0327410862017196713 1.0618115991051151337 1.1121767803120865548 1.1677328794300361192 1.2322115617893816264 1.2727666152033256797 1.300521230169937148 1.325633468656084224 1.3674829168398194845 1.4037782904885558466 1.4234578459049469501 1.4554986701314818198 1.4609185506010669009 1.4409445939575460383 1.4452931629098002553 1.4708522527268457214 1.469450911269230442 1.4723131505446089839 1.4656233010841310804 1.4676690193307226906 1.5225873012439317122 1.601709197824038533 1.6616915968139467363 1.7548736144582759433 nan nan nan nan nan nan nan nan nan nan nan nan nan nan nan nan nan nan nan nan nan nan nan nan nan nan nan nan nan nan nan nan nan nan nan nan nan
0.95361612309312970837 1.0738672973930076804 1.123884630711419419 1.1578897963667289517 1.2356259515676411009 1.2946327314735175396 1.3331685059284372752 1.3483780301585519545 1.3723473621622486185 1.4014853793725108311 1.4357199005911731593 1.4877566578391205887 1.5035029355701141629 1.4770061989833078719 1.4536853880608011647 1.4644974658057208217 1.5063739776359994504 1.5137108899811795304 1.526456157386735013 1.5138379905199845776 1.5517202785519241814 1.6002613313963780506 1.6056196640175992574 1.6868974021332747704 1.8166153708366896691 nan nan nan nan nan nan nan nan nan nan nan nan nan nan nan nan nan nan nan nan nan nan nan nan nan nan nan nan nan nan nan nan nan nan nan nan nan
0.9445427600935328849 1.0237560756991030964 1.1601492496435275026 1.2156865893115538224 1.2825968815790758093 1.3430422942999102887 1.3754053228474869552 1.3976539630543138859 1.4126160914745489183 1.4413058283174526863 1.4709180386421103481 1.5534391833142153772 1.4999825003121238787 1.4908075091908588039 1.471393270946610432 1.4641440696746865768 1.5141213903275900776 1.5490390309295505311 1.5651052113868455518 1.5370927023060163563 1.5620046227403978634 1.6557365613779095881 1.66383924569401076 1.7135618052059007344 1.8739892291657618273 nan nan nan nan nan nan nan nan nan nan nan nan nan nan nan nan nan nan nan nan nan nan nan nan nan nan nan nan nan nan nan nan nan nan nan nan nan
1.0505133806931734597 1.0780044826074701714 1.1460501076065172654 1.2063089672254276863 1.2822900894754338808 1.32989097770003184 1.3909636393688686873 1.4251740699249222377 1.4468597857393128425 1.4969300600384554123 1.5460537654909387584 1.5724179033434708685 1.5139562096235952282 1.5176044680787874608 1.510627243542834286 1.5245426217301893956 1.5586939744283849762 1.558166132648694413 1.565600421846701229 1.555562515524510081 1.5626368672947759109 1.6549190245659615162 1.6767092675580346217 1.7129026379350094089 1.8039995344814672151 nan nan nan nan nan nan nan nan nan nan nan nan nan nan nan nan nan nan nan nan nan nan nan nan nan nan nan nan nan nan nan nan nan nan nan nan nan
1.0820629558044287943 1.1219185377832572303 1.1734476994809810435 1.2267241168487514891 1.2711032415408412 1.3127577383684063683 1.4037229465743716883 1.4455726173726517469 1.478969245525677545 1.5439935766420911367 1.5918257183799018328 1.5564481272771408804 1.5497041827924875612 1.5693421951875536902 1.5814407459571280246 1.5970553185753022518 1.6021009364865721469 1.5968499423176159002 1.5916732302085174755 1.5924485702438124779 1.5212689103029932713 1.4919436522214066798 1.5526266851541488112 1.6047559463761131848 1.716718615317312624 nan nan nan nan nan nan nan nan nan nan nan nan nan nan nan nan nan nan nan nan nan nan nan nan nan nan nan nan nan nan nan nan nan nan nan nan nan
1.1023550939065056564 1.1398103784269244532 1.1848567479069063157 1.2615788410577772893 1.3097346677931027692 1.3555638223839867607 1.4173921036768246662 1.4689676505212649893 1.5336344025042552008 1.6215069521448344236 1.6368140932244930053 1.5809085251485854862 1.5662124262952263898 1.5663892989892056473 1.5813787441435298575 1.5912501543115147307 1.6063752642954343131 1.6044986136376404584 1.5821654172546240069 1.5985745222658298559 1.5996912439135919648 1.5461934523106075634 1.5653596455459455328 1.6428816292810617394 1.7307149171330797888 nan nan nan nan nan nan nan nan nan nan nan nan nan nan nan nan nan nan nan nan nan nan nan nan nan nan nan nan nan nan nan nan nan nan nan nan nan
1.1303921751812351371 1.1686505576243491067 1.2078403937603476859 1.2778553167429522741 1.3378024275961681866 1.3917571847557865805 1.4446698703085902871 1.4873174603127383708 1.5610236408866544622 1.6160573346123559002 1.6176257901652852933 1.6391502398276402985 1.6282127995607960091 1.6288164195931953415 1.6299917674216168884 1.6278508037395535979 1.6295046185455173138 1.624504619095562763 1.6216712802965920215 1.6416859187713612744 1.6578996998200175028 1.6400370811117499503 1.6219808863602762639 1.6942173539913572 1.7352934603940832758 nan nan nan nan nan nan nan nan nan nan nan nan nan nan nan nan nan nan nan nan nan nan nan nan nan nan nan nan nan nan nan nan nan nan nan nan nan
1.1102644446861980043 1.1558693716373138471 1.1987929849152034745 1.2771216522902646417 1.3488370115879761979 1.4214216635728138538 1.4747562664297910739 1.513919006823226221 1.577633701111799347 1.6779135125835020759 1.6687597674701752926 1.6662683991437201581 1.6691124046792891189 1.6620374573237328697 1.6505805382205214205 1.646288793017788965 1.6472144688544585467 1.6524208927498333921 1.6762025385367940178 1.7365381985002277254 1.7259847901968798922 1.7261861232478685757 1.6747648283706919603 1.6484810870286410456 nan nan nan nan nan nan nan nan nan nan nan nan nan nan nan nan nan nan nan nan nan nan nan nan nan nan nan nan nan nan nan nan nan nan nan nan nan nan
1.2273899809364827718 1.24406515781335969 1.2513814991945189092 1.2922295536229710944 1.3526564215873759789 1.4083044163597662202 1.4819095523548813098 1.5315953855994957067 1.5809432095374933436 1.7045038070453604195 1.7320160812201548239 1.6957807547484218258 1.6942197649226460321 1.6834591321296310529 1.6683382843472380763 1.6582980040755790352 1.6658341286548969951 1.6734628050961246615 1.685785934875327019 1.7644064203789451284 1.7807884821759505378 1.7622820456685166501 1.7456654631523280674 1.7720909338839492264 nan nan nan nan nan nan nan nan nan nan nan nan nan nan nan nan nan nan nan nan nan nan nan nan nan nan nan nan nan nan nan nan nan nan nan nan nan nan
1.2961604592211593001 1.3225881287726592994 1.3512206833232984771 1.3808916580372441185 1.3894180820527946008 1.4395864204886605897 1.5200258814935196927 1.6175943554480507469 1.6618651753444175778 1.7275775803667829944 1.696011074925137585 1.701814738004619576 1.6949478648545790449 1.689582371686650264 1.6819675775798648143 1.681844721031080292 1.689669190078682659 1.6870326930480559202 1.6855084174667787078 1.7505469410479304049 1.8439994826448191656 1.8246214388391466255 1.8043831523824069851 1.785755443192297065 nan nan nan nan nan nan nan nan nan nan nan nan nan nan nan nan nan nan nan nan nan nan nan nan nan nan nan nan nan nan nan nan nan nan nan nan nan nan
1.2753565310355201579 1.3294410557401961093 1.3578319225237549528 1.4049153711801387612 1.4413278288750968059 1.4639547747857453164 1.4890608495405275313 1.5756103417537186129 1.6490662378371023777 1.7338115628458978801 1.7427805047871183231 1.7147927280116188609 1.6988266525850992394 1.6970911089618865297 1.6963546925254102682 1.7043311126435598535 1.7147093129551722601 1.723877260824501878 1.7233497016892000975 1.7317170218398258985 1.8825740783963273994 1.9344801606315287223 nan nan nan nan nan nan nan nan nan nan nan nan nan nan nan nan nan nan nan nan nan nan nan nan nan nan nan nan nan nan nan nan nan nan nan nan nan nan nan nan
1.1721166292635267769 1.2405730564042201092 1.333437840337473812 1.4181099980870151001 1.4366110576839707935 1.487521089736640878 1.5379720941667744949 1.5654071002861684736 1.6018698314570369856 1.6953788039300539126 1.7772170031194560735 1.749523166650874817 1.7387371753839147015 1.7417427381015087029 1.7372168883002137019 1.741494637622007291 1.7697774417320684126 1.812652383218893215 1.7800734436360545754 1.7624932533888184594 1.8298800421742653644 nan nan nan nan nan nan nan nan nan nan nan nan nan nan nan nan nan nan nan nan nan nan nan nan nan nan nan nan nan nan nan nan nan nan nan nan nan nan nan nan nan
1.3325598744577777932 1.3419709179868246629 1.3321622278834355235 1.3780559190645345069 1.4433933804357226283 1.4740598658483172745 1.4795886125241377584 1.4662775791515096913 1.5126368225506596765 1.6418762260998944758 1.8280323809014631387 1.8225574179002681507 1.806728459663726527 1.7956923949603258439 1.8158888699850572745 1.8606325694921452829 1.918060207320819277 1.8927269108207647186 1.8171971556623132127 1.8068809221588328917 nan nan nan nan nan nan nan nan nan nan nan nan nan nan nan nan nan nan nan nan nan nan nan nan nan nan nan nan nan nan nan nan nan nan nan nan nan nan nan nan nan nan
1.2660418992083861678 1.3685908114845051209 1.4423178241824337054 1.4834125244063465221 1.5007154861039961879 1.4994957968792546055 1.5219372605848120461 1.5460567003803298292 1.5900312477006091072 1.6592523559871390493 1.8068592322813912254 1.882926073039080217 1.8886925615437610837 1.8975074225530541572 1.8966910477531311319 nan nan nan 1.8521033084526854484 nan nan nan nan nan nan nan nan nan nan nan nan nan nan nan nan nan nan nan nan nan nan nan nan nan nan nan nan nan nan nan nan nan nan nan nan nan nan nan nan nan nan nan
1.3043388101073420948 1.3427607696229908463 1.4445876021781103304 1.5030244115086131007 1.5044211776161469096 1.5095006302998776881 1.5524177814155100119 1.6133186573351805393 1.6598401164863347823 1.7087634835110132592 1.8555598988369124136 1.9620613064350045374 nan nan nan nan nan nan nan nan nan nan nan nan nan nan nan nan nan nan nan nan nan nan nan nan nan nan nan nan nan nan nan nan nan nan nan nan nan nan nan nan nan nan nan nan nan nan nan nan nan nan
1.3906953293084494128 1.3729896012660531834 1.3986153956000582088 1.4526734843287993915 1.518676740841289563 1.5514693205122405129 1.5849115617599192074 1.6439507224816654052 1.7096738058135474425 1.7539573511436883368 1.8191560335368752721 nan nan nan nan nan nan nan nan nan nan nan nan nan nan nan nan nan nan nan nan nan nan nan nan nan nan nan nan nan nan nan nan nan nan nan nan nan nan nan nan nan nan nan nan nan nan nan nan nan nan nan
1.4600492733716297078 1.4436443289792604272 1.4642088588616164468 1.4917431584328995076 1.5245994993131481987 1.5800978909496565805 1.6197144544826322932 1.6837451989416740705 1.7410533649626820374 1.7775886832802927362 1.8172832725669127996 nan nan nan nan nan nan nan nan nan nan nan nan nan nan nan nan nan nan nan nan nan nan nan nan nan nan nan nan nan nan nan nan nan nan nan nan nan nan nan nan nan nan nan nan nan nan nan nan nan nan nan
1.4794765234259663611 1.5058745479055271055 1.5007028618556921273 1.5187896771181288447 1.5169607313407145188 1.5325598590014253286 1.5268959044132097702 1.5446930014238731133 1.6125111920393950804 1.6936806844811640449 1.8839404893361484383 nan nan nan nan nan nan nan nan nan nan nan nan nan nan nan nan nan nan nan nan nan nan nan nan nan nan nan nan nan nan nan nan nan nan nan nan nan nan nan nan nan nan nan nan nan nan nan nan nan nan nan
1.4722000869475271312 1.5219585955006078581 1.5455983212490478351 1.5464965041288381009 1.5578901463856753562 1.5516279479355186144 1.5332767591084546233 1.5526476307787870912 1.6305748224884093478 1.7309327471844486723 1.8657292093168169611 2.0547454257032824465 nan nan nan nan nan nan nan nan nan nan nan nan nan nan nan nan nan nan nan nan nan nan nan nan nan nan nan nan nan nan nan nan nan nan nan nan nan nan nan nan nan nan nan nan nan nan nan nan nan nan
1.4790614985746142196 1.5162643181147212879 1.5662640556621043597 1.5758598220924295852 1.5999291337589627293 1.6296155003274030992 1.6234431318963564728 1.5918239333896024856 1.6163273266347546464 1.6819201455837764492 1.7517426046784263516 1.9551825371138085163 nan nan nan nan nan nan nan nan nan nan nan nan nan nan nan nan nan nan nan nan nan nan nan nan nan nan nan nan nan nan nan nan nan nan nan nan nan nan nan nan nan nan nan nan nan nan nan nan nan nan
1.504640198283310415 1.5170993522504427897 1.5671355789730230246 1.6024832707894578476 1.6270296982979945977 1.6480709885651270152 1.6640873264087401306 1.6545560640621670423 1.6665145681011044321 1.7449268875629944109 1.8294015964111998152 2.0558176301223718418 nan nan nan nan nan nan nan nan nan nan nan nan nan nan nan nan nan nan nan nan nan nan nan nan nan nan nan nan nan nan nan nan nan nan nan nan nan nan nan nan nan nan nan nan nan nan nan nan nan nan
