results/rofental/snowdepth_month_2020-07-01T0000_2020-07-31T2300.asc
ncols        322
nrows        225
xllcorner    622802.488000000012
yllcorner    5178049.378999999724
cellsize     100.000000000000
[rows 150 to 179 of 225, columns 134 to 200 of 322]
0 0 0 0 0 0 0 0 0 0 0 0 1.8659220939623653677e-06 0.014764492328326148107 0.028094804707701238888 0.00091521687824953131419 0.00094059529402644448393 4.9200808594576458011e-06 2.9150849975993789357e-09 0 0 0 0 0 0 0 0 0 0 0 0 0 0 0 0 0 0 2.271188167963828793e-05 2.5519349261593510535e-05 2.7458597335337545336e-05 2.819627924919043094e-05 2.8823852950522222142e-05 3.101932608832945709e-05 7.0023123119239985774e-05 0.00029874727892087752854 0.00044918786582348851476 0.00062570865899923722598 0.079915142525560700637 0.021100915374197573571 0.010981485666660115164 0.017933211688077280166 0.018802573606725870442 0.026717675127516837125 0.023244508817985353594 0.0026913308880158648591 0.001108151982123873041 0.00091596523900300762765 0.0011862797138554670787 0.12112836180880047487 nan nan nan nan nan nan nan nan
0 0 0 0 0 0 0 0 0 0 1.8002452693000367857e-06 0.0014259870763255995743 0.016277583936603955833 0.046922539290644743604 0.020519112493245377643 0.0086525156783315172043 0.0051039036257202472294 0.011254333083332434748 2.0467924668211816852e-07 0 0 0 0 0 0 0 0 0 0 0 0 0 0 0 0 0 1.314646505843622316e-05 2.4318855982300987222e-05 2.5321973860388669985e-05 2.6795631218978602678e-05 2.8534320961402886806e-05 2.9755559389204406986e-05 3.1702263994678659049e-05 7.073328809486864187e-05 0.0002881501032807696084 0.00043278665348793656084 0.00050138885669192537111 0.0007243692294657454395 0.11775224504435941042 0.29898534058228060095 0.17992054760351258724 0.06224011520648439072 0.024407501330162399006 0.13563055413481156508 0.11083610508634303415 0.07091975693292414118 0.045491248935623077032 nan nan nan nan nan nan nan nan nan nan
0 0 0 0 0 0 0 0 0.014909800289268701837 0.035014831178844796344 0.058159890294672493549 0.07388623523329855558 0.040255429798624092763 0.0059163642497939506262 1.7004069326194560369e-05 1.3868381840762674656e-05 0.0064704825364280153452 0.0065435661571775476791 4.2517911959087359737e-09 0 0 0 0 0 0 0 0 0 0 0 0 0 0 0 0 0 1.7398926450404526416e-05 2.4766973199742177973e-05 2.8065523104471987094e-05 2.7255064874242929476e-05 2.7891503459454265946e-05 2.9851683249572200936e-05 3.1972788360075061543e-05 6.0007458444237368907e-05 0.00022736983762386398476 0.00045672222437728943537 0.0004772707839112943465 0.00056863477314971031407 0.00065734244126110696806 0.00075668161478293076861 0.082290451503826939073 0.42330535231479821112 0.27319814070858650101 0.76626063289335977213 0.81736899339417901089 0.5427733461152081107 nan nan nan nan nan nan nan nan nan nan nan
0 0 0 0.00068379776982907037632 0 0 0 0.0030258834401724922503 0.022399975252761245015 0.12454077299257040878 0.29928370466661197158 0.18779974337446242449 0.067678681244627100777 0.0012550346249980848939 1.5321244810562353297e-05 9.563285811497525843e-06 8.4586651939815750835e-06 2.4233061402668500928e-06 0 0 0 0 0 0 0 0 0 0 0 0 0 0 0 0 0 0 2.1295704896849944262e-05 2.5430481467819835231e-05 3.01533611873573267e-05 3.0864067562742490973e-05 2.9599384414421843047e-05 3.0090459736520653992e-05 3.1922499343242858303e-05 3.3601572144629219315e-05 0.00026900766468095332461 0.00050763236554497411304 0.00051819810326023531093 0.00052613318068862261877 0.00061407726584778560795 0.00062714275300361456075 0.0006998130678675296059 0.06321551840799335964 0.87599374429420440169 1.2681090409418029896 0.92521535666512710883 nan nan nan nan nan nan nan nan nan nan nan nan
0 0 0 0.00022833539411599149864 0.0028060568477897025047 0.006506749733686583749 0 3.4080423197162261894e-06 0.0012101052372824998033 0.046815466919409569335 0.035322221746945554888 0.024703770579811296093 0.062395085120766788367 0.00045708676437495302956 1.5052192950911783226e-05 7.7621174241421561347e-06 2.1031695796887939714e-06 0 0 0 0 0 0 0 0 0 0 0 0 0 0 0 0 0 0 0 2.0847274594467249869e-05 2.6182392429821373559e-05 3.0072852647667192136e-05 3.1081565608976697212e-05 3.0479206911646020698e-05 3.1394424905390093069e-05 3.5172552033258041931e-05 8.6693721476367396439e-05 0.0003708598291731992529 0.00054209316322152473113 0.00059608350572045321752 0.00059937787960006976007 0.00065829213445683443847 0.00069947364148168704023 0.00073599912965215173819 0.00080693037692515002818 0.0010424157288159638379 0.0091212168295446358068 nan nan nan nan nan nan nan nan nan nan nan nan nan
0 0 2.0082361865163071036e-06 0.010938360038219923157 0.0084352406314706293577 0.0062947768048326616444 0.016725892394376232208 0.023494988384141678173 0.017285808565997977382 0.010694812354295937795 3.9093126962284679635e-05 3.1944406672694147678e-05 0.017770037898007257776 0.0093304113152892012573 1.1833450840165676094e-05 4.5711541715264219203e-06 2.5146903317704991101e-08 0 0 0 0 0 0 0 0 0 0 0 0 0 0 0 0 0 0 0 2.4333722702923356578e-05 2.5314211933678640055e-05 3.1377962357907320337e-05 3.2975938249689261015e-05 3.187863588660989672e-05 3.2518154977661823529e-05 3.6755438283517866333e-05 0.00010509696311195635516 0.00032538943468761368774 0.00053569312685388054476 0.00060846411624575571803 0.00062765762046287964029 0.00067542550420097264511 0.00078369334544661371691 0.00082223582445500810641 0.0008698461199321070713 0.0010147476261584151367 0.0015246457709647664568 0.67012872299433856593 nan nan nan nan nan nan nan nan nan nan nan nan
0 0.015921778507796406632 0.054828381890074079363 0.13426665921873542908 0.079444110181557642258 0.01119972348797157978 0.011940299720351252311 0.051267902037875942578 0.10015263421741035788 0.13277294263042463407 0.0022138966420486376994 3.4469349073438047403e-05 0.0028988640239399287267 0.014109070248130741246 1.0106258548605543958e-05 6.8564305542380753298e-06 6.4808864311179953726e-07 0 0 0 0 0 0 0 0 0 0 0 0 0 0 0 0 0 0 0 2.002949049118053296e-05 2.4352612684078632027e-05 2.8113366512810847401e-05 3.6896947811812677933e-05 0.00045336215340112130103 3.400899682942715895e-05 3.6733816422690651388e-05 0.00011696885622840642253 0.00033900264188797520418 0.0005288483177554935237 0.00061263587788590182295 0.0006429961428537683734 0.00066753975652696410058 0.00082886419344486126932 0.00088210208661409529596 0.00096267921739200525231 0.0011542022023189593347 0.01166026808369692927 nan nan nan nan nan nan nan nan nan nan nan nan nan
0 0.0016338732245360886031 0.07020156586409535826 0.21861080312535238757 0.12818594884807760215 0.10341808595667127679 0.079458218056529889006 0.11344142106647510382 0.13071502728370887336 0.099408601085820183507 0.013358024136781198807 0.003816527493572958226 0.0009487003372862191572 1.8025211381848261474e-05 8.9663852336617075789e-06 2.9617931242524960784e-06 4.0125223846502822339e-08 0 0 0 0 0 0 0 0 0 0 0 0 0 0 0 0 0 0 0 1.940876939000330483e-05 2.3429000506544776431e-05 2.5611593167034664843e-05 2.9514180822405164172e-05 3.9865875912213418896e-05 0.0050316777857611419411 0.0013485147294405284719 0.00015226589846149298207 0.00035802302380094511245 0.00054027641978160760236 0.00064160168252718505037 0.00068940627114004568356 0.00071757315343140028446 0.0038804255607449529217 0.021096036684083854101 0.022974237332065359368 0.029226791837602173613 nan nan nan nan nan nan nan nan nan nan nan nan nan nan
2.3683466516350644109e-06 6.3993814701452746195e-06 1.5122618943276299245e-05 0.00078284015263853899431 0.058183830434858974101 0.10600487942097416849 0.16909562390491497674 0.11713349071166870297 0.066759569465384679954 0.082297018035599092678 0.062514433846147313134 0.015443776553905047902 2.0167568066105485915e-05 4.5122424597689963745e-06 3.4940284787584375015e-08 0 0 0 0 0 0 0 0 0 0 0 0 0 0 0 0 0 0 0 0 0 1.8577775205243267842e-05 2.2909951360396217223e-05 2.4923308431362252777e-05 2.7308133023361480995e-05 2.9282839833923279675e-05 3.8268670273017543e-05 0.039675619430210494476 0.25426202684823434597 0.19608031852005236573 0.020884929655949652227 0.0014841104287161425209 0.013841289997301027895 0.013160812233916565836 0.046128720198909733963 0.053566583881231859265 0.030547369055656047043 0.0073278382411136643373 nan nan nan nan nan nan nan nan nan nan nan nan nan nan
0.00063369746964096708083 0.00092986269269543231353 3.039557584909513953e-05 3.9053486454798975601e-05 0.051669054081306668713 0.44601858799950255818 0.33120792891308042938 0.17541494211729347086 0.066067377496665413705 0.086304893133041876707 0.058502993384633356078 0.033203742063127178463 0.010138419205265137429 6.2809803488153005026e-06 0 0 0 0 0 0 0 0 0 0 0 0 0 0 0 0 0 0 0 0 0 0 2.3115530018534759276e-05 2.4961082631030500771e-05 2.441865886768351457e-05 2.5913537863843782853e-05 2.8176044419866100055e-05 2.9636291640974183253e-05 3.424761031665435779e-05 0.00012087161005377355862 0.015346583639236039548 0.19666832014297552789 0.077204038538969399497 0.04641590856539907356 0.029725102372865682548 0.026364070823481942224 0.045033082909342263267 0.03563379013063830425 0.059077741675911107921 nan nan nan nan nan nan nan nan nan nan nan nan nan nan
0.035948508219069905123 0.044258615219486985293 0.054016218653396799732 0.032111222900156215221 0.027790192177037036092 0.057547645064076023702 0.056586370351535339451 0.10277530657952033133 0.056357702315475120824 0.030975364400668895654 0.069839001174550455198 0.0083795352652165436269 1.2891524631062992393e-05 1.077449443575007834e-06 2.6055729089274650303e-08 0 0 0 0 0 0 0 0 0 0 0 0 0 0 0 0 0 0 0 0 0 2.6562705080937538016e-05 2.9284940553369403577e-05 2.7811921720285638643e-05 2.7107060386346391715e-05 2.8339501988142738926e-05 3.3152979716150746191e-05 3.4808691895147901335e-05 3.96258362360992408e-05 0.0002460791553754815373 0.00065930958921374329274 0.030088845729735191892 0.078247742083350724229 0.11310752585491247457 0.14777028270805228627 0.14965773545101412889 0.091524428246410355348 nan nan nan nan nan nan nan nan nan nan nan nan nan nan nan
0.051263683466270179578 0.056863083939929032207 0.063847614927014115227 0.091512035333128252668 0.054537295842288592562 0.00099720504010434793396 8.1310067435692046111e-05 0.0056543112581058721511 0.026741540299607065995 4.9556168635825455432e-05 0.0072100725380045433549 0.069840493837813155675 0.077420750879934635558 2.9404680285609866509e-06 2.8312540709853186376e-06 0 0 0 0 0 0 0 0 0 0 0 0 0 0 0 0 0 0 0 0 1.3246886668513725151e-05 2.689490678772337031e-05 2.889141790683493266e-05 2.9701055581217998991e-05 2.9628073421351367231e-05 2.9541997006842062306e-05 3.4592461146770079022e-05 4.4479587272124057021e-05 4.560526119659833442e-05 0.00012919123014217481164 0.00040014887676938459783 0.00058970631787727968275 0.00070561864424302175609 0.0059642360180512154003 0.3359431038822731086 0.54399690651765031379 nan nan nan nan nan nan nan nan nan nan nan nan nan nan nan nan
0.043350860807940996833 0.064875623340172175468 0.088318889596824073918 0.1298630226629852169 0.41715567841138578853 0.019132608977575182863 0.0012704202605080883778 5.620100696692450717e-05 5.0349687090019708388e-05 3.4993817153012568414e-05 2.3593004916253743688e-05 2.4059864124117484011e-05 0.018452200293214614246 7.8633417249591334248e-06 6.3336254998060107989e-07 7.7534674350710017926e-05 0 0 0 0 0 0 0 0 0 0 0 0 0 0 0 0 0 0 0 1.6968768351224510453e-05 2.9360855954079743561e-05 3.1923704534313802363e-05 3.1382958692818773946e-05 3.1563053143107884253e-05 3.1153585110055077216e-05 3.4422944358080582192e-05 4.792538540716138472e-05 6.6835321137442070907e-05 0.00015935872834180970299 0.00037061443247191793631 0.00058546322837593897052 0.00067412663923463933199 0.00081700601278827348229 0.0011029623431275110794 0.0017287396648906672332 0.45394516929867512189 nan nan nan nan nan nan nan nan nan nan nan nan nan nan nan
0.11681648070342859347 0.11768165968449384451 0.16428618732033856142 0.23687757145582633012 0.82643849939416014205 0.23251608424688813281 0.027820002507359598704 2.6236690929235090931e-05 2.081011356677333124e-05 2.6253498250131952996e-05 2.6684494506193223712e-05 1.4783229185072050809e-05 2.8991610136302518549e-06 3.0265258422183815725e-08 1.5505071306085928519e-08 0 0 0 0 0 0 0 0 0 0 0 0 0 0 0 0 0 0 0 0 1.8307487534457110161e-05 2.8260862602020822175e-05 2.9970386576975213412e-05 3.3248257602053800938e-05 3.7409667634113392726e-05 3.6284650357082871462e-05 3.4535027748308330978e-05 4.2761780805824787318e-05 6.7740646759353740215e-05 0.00015617321545255565506 0.00038686957813789153585 0.00064432572974920958222 0.00071388637662805497133 0.00085676688421003940454 0.0027149699526745263087 0.0088568885902232802332 nan nan nan nan nan nan nan nan nan nan nan nan nan nan nan nan
0.85383294223766958986 0.72090831998944471248 0.52939204240996184936 0.42323598274320478607 0.57738083893258862478 0.4329978868848829987 0.075093055237687486581 2.307849592291770304e-05 1.517832227996859577e-05 1.5141835365642163506e-05 1.9285883295263370858e-05 7.6184514621267672614e-06 2.2620478353532861439e-08 0 0 0 0 0 0 0 0 0 0 0 0 0 0 0 0 0 0 0 0 0 0 0 2.7694387009197925459e-05 3.3007111209098270006e-05 3.7445895064895706793e-05 4.1488280484649415537e-05 4.20405752222543678e-05 3.7600381517906770578e-05 4.008688843510716188e-05 5.62324865712963764e-05 0.00015287796125622923069 0.0013919012633911011061 0.00099151748443420165656 0.00074914758512563536449 0.0012060488616073292492 0.02063882981639550418 0.10122782349636073873 nan nan nan nan nan nan nan nan nan nan nan nan nan nan nan nan
0.17499513536691838067 0.19024005290418780079 0.12195074169443405332 0.015331251490182969469 0.0032236538006073477136 0.13303674688238847912 0.29444111588661986412 0.0259291378789797064 9.5857329487876720918e-06 7.0181834548133933561e-06 7.5915613261107309012e-06 4.2118448991800618245e-06 0 0 0 0 0 0 0 0 0 0 0 0 0 0 0 0 0 0 0 0 0 0 0 1.979308510274842796e-05 2.8562727143268576386e-05 3.3153949674786339539e-05 3.9398874465441658917e-05 4.2846170726023327874e-05 4.4849508874411179863e-05 4.6027262974361069306e-05 4.5785611434694199187e-05 6.3332167727247925919e-05 0.0001621104763079397903 0.0018750608603924597603 0.0031626347341139624328 0.0018686902673743636429 0.0038225772302436212234 0.0036050242491881328774 nan nan nan nan nan nan nan nan nan nan nan nan nan nan nan nan nan
0.0004397762876904963837 0.02479134793468806483 0.0012732421136572578176 5.6128557958494242129e-05 5.832706533937832968e-05 8.0258089579759140882e-05 0.03761780737835714733 0.01766348159719483002 6.9220141668573768076e-06 3.0858820172942065773e-06 1.5551645228007572107e-06 5.5626019808898251475e-07 6.8202535450449836015e-09 0 0 0 0 0 0 0 0 0 0 0 0 0 0 0 0 0 0 0 0 0 0 2.4501940962705344798e-05 2.6365089016228533897e-05 3.3381705739992051591e-05 5.0513667779562585543e-05 5.4130300249990551977e-05 5.704977160212982792e-05 5.8174233049531199995e-05 5.4359392971788646979e-05 7.7863272402638948307e-05 0.031672906400647307668 0.011964171088549364896 0.01730559863334349413 0.036905376381979347611 0.0097096554460945807413 nan nan nan nan nan nan nan nan nan nan nan nan nan nan nan nan nan nan
6.2966521392973087354e-05 0.00165775996133563021 0.00011496588191916526801 4.048011137684858591e-05 3.1644279564436573039e-05 3.273069805339581459e-05 2.5316375948499269996e-05 2.0195992871821619765e-05 6.8736191394450427608e-06 3.4305549804287900841e-06 8.3719602407722704668e-07 1.7962455546358589908e-08 0 0 0 0 0 0 0 0 0 0 0 0 0 0 0 0 0 0 0 0 0 0 1.330958696898660001e-05 3.4042277610360958896e-05 3.020522293997336322e-05 4.5481012987991291342e-05 0.0044108596041736785817 0.0030657112979679129738 0.00030423478109531387759 7.221790087942923193e-05 5.7911600182543023158e-05 8.6750463840543632407e-05 0.17408140032259972196 0.67979329789192322053 0.59322543978462594083 nan nan nan nan nan nan nan nan nan nan nan nan nan nan nan nan nan nan nan nan
4.4658644226312241515e-05 8.0188108879341752646e-05 7.4030014203564872854e-05 2.8898735565333188161e-05 2.2867440784421769401e-05 1.6904985090260881754e-05 9.8342933619600711556e-06 1.1306337177455994401e-05 2.5292085379570868936e-06 2.5337634521870072728e-06 1.8124167005101491832e-08 0 0 0 0 0 0 0 0 0 0 0 0 0 0 0 0 0 0 0 0 0 0 1.8801963160374748469e-06 3.1635625820292307721e-05 4.3516501357219257613e-05 4.2407165053464069518e-05 5.6784580849739953125e-05 0.0037563482387789970743 0.0033001348940310030154 0.00056508766523709764561 8.1451427734173523156e-05 7.4177151042470053604e-05 8.1023999599872208849e-05 0.040712618425327889993 0.75922588175570016045 nan nan nan nan nan nan nan nan nan nan nan nan nan nan nan nan nan nan nan nan nan
5.6288752861795570293e-05 4.5909853824417598295e-05 0.00078045676828997158272 3.1770882089979986533e-05 2.0799146817070621738e-05 6.0091148713983681061e-06 1.6522919026279801668e-06 8.8145922654149975025e-07 2.1780987617518319837e-08 1.6328210130096101193e-08 0 0 0 0 0 0 0 0 0 0 0 0 0 0 0 0 0 0 0 0 0 0 0 1.7762832825990300482e-05 7.2503802576627722032e-05 0.00014112860545785325429 4.8932871303085404772e-05 6.0470912716046230863e-05 0.0014003502022358555248 0.0048616830834958772029 0.0020290768397504071151 0.0043001104587047896469 9.027999289410575405e-05 0.00010186512090176380791 0.000341303968315231378 0.10750882443266246424 nan nan nan nan nan nan nan nan nan nan nan nan nan nan nan nan nan nan nan nan nan
nan nan 5.2568859752445169656e-05 2.1011261078723309761e-05 8.3025769553128332765e-06 2.0023486968525076533e-06 2.2414041241663024098e-08 1.1102151918735994445e-08 0 0 0 0 0 0 0 0 0 0 0 0 0 0 0 0 0 0 0 0 0 0 0 0 3.2797186748603609016e-06 0.0018040704904357805945 0.00042925621109581523719 5.1791583915431393861e-05 0.0015753030265929332705 0.012785391876265430125 0.012121476595989010699 0.0078769578489453415115 0.0011281080053279902813 0.0043566547707709502718 0.00011308043030124783463 0.00011874268676558015067 0.016876519838610857388 0.18327982547388582679 nan nan nan nan nan nan nan nan nan nan nan nan nan nan nan nan nan nan nan nan nan
nan nan 4.3100650995142230292e-05 8.9071266200493720951e-06 6.2664301665456052257e-09 0 0 0 0 0 0 0 0 0 0 0 0 0 0 0 0 0 0 0 0 0 0 0 0 0 0.00021403647627546161015 0.0037704101895673827055 0.0053908087930473825092 0.0031309596962602668883 0.0028111226422649852191 0.013261540604102407467 0.025149651429840613054 0.017423191734967872352 0.018309673335717955439 0.011280799598654200205 0.00033718237165737913272 0.00029266948890568862457 0.00014244042878573974151 0.00010613649680243164651 0.000133767547108927954 0.00047060204742920252454 0.40493339996718991092 nan nan nan nan nan nan nan nan nan nan nan nan nan nan nan nan nan nan nan nan
nan nan nan 3.7780801504233497681e-08 0 0 0 0 0 0 0 0 0 0 0 0 0 0 0 0 0 0 0 0 0 0 0 0 0 0 0.0021677472162723006657 0.019747190946554107199 0.019346562631296235213 0.01927209166651118466 0.038736853996598652472 0.026101208260111762732 0.012725233873236568849 0.010301762230849827867 0.016875829848423049007 0.019777213514148954399 0.012366509265481219829 0.003237040935551592849 0.00057730384098990806911 0.00015598130730560446212 0.00018648454888128045896 0.0011701467230513257906 0.56769694115862046058 nan nan nan nan nan nan nan nan nan nan nan nan nan nan nan nan nan nan nan nan
nan nan nan nan nan 0 0 0 0 0 0 0 0 0 0 0 0 0 0 0 0 0 0 0 0 0 0 0 0 1.8711902887490050844e-06 0.007325291433913889462 0.0054873754404752388136 0.0099561327331738110752 0.025705122537876153727 0.080858137377971525672 0.028059126969455699951 0.020823959468798138722 0.014850511387262742974 0.0189206845643145119 0.022257993891487155153 0.026493661755634643346 0.017096138911365587471 0.0046774161267867141525 0.00018543197237166447701 0.024254867838149278547 0.14183132706202966622 0.34158343492623238769 1.1667425729787352928 nan nan nan nan nan nan nan nan nan nan nan nan nan nan nan nan nan nan nan
nan nan nan nan nan nan nan 0 0 0 0 0 0 0 0 0 0 0 0 0 0 0 0 0 0 0 0 0 0.00047142169021588268326 0.010019485110699282923 0.022573424740876178035 0.01842852164552499783 0.018054399272433914458 0.0019563091031253258129 0.016011583424437515755 0.068053195477027442206 0.035598563287096762764 0.038124816445195705561 0.031911278915308087523 0.022044744680366483436 0.013840687271207678666 0.0091434342157337995111 0.0088556597466082683651 0.004484134477216046924 0.028258790287919798023 0.55330025541209382212 0.37536522526417748225 nan nan nan nan nan nan nan nan nan nan nan nan nan nan nan nan nan nan nan nan
nan nan nan nan nan nan nan 0 0 0 0 0 0 0 0 0 0 0 0 0 0 0 0 0 0 0 0 0 0.076070957242100764595 0.14767407362416021255 0.02825630989446645952 0.027649168834301896674 0.050952927212335796803 0.038653085857621748145 0.030430706398447641275 0.13053001567258837312 0.11129580509265742105 0.10887423287606914912 0.079525734308605627865 0.043501866512983870805 0.03545317620647889939 0.024102762468786204098 0.019185284008131030936 0.013685218441239557774 0.020345168468711500448 0.097349248000253366109 nan nan nan nan nan nan nan nan nan nan nan nan nan nan nan nan nan nan nan nan nan
nan nan nan nan nan nan nan nan 0 0 0 0 0 0 0 0 0 0 0 0 0 0 0 0 0 0 0 0 2.5655582042053101687e-05 0.09210258732857720676 0.045513184563912394143 0.034947357694619131385 0.057946288366255253865 0.070374704472194293814 0.04212755254780779085 0.093939198087184302977 0.06419826076786185054 0.058855735706214759584 0.055905658881843685315 0.071743084878218649214 0.077376751765468987365 0.067416248993090788222 0.049030095686897937068 0.04575640921950342721 0.032100847678551341913 nan nan nan nan nan nan nan nan nan nan nan nan nan nan nan nan nan nan nan nan nan nan
nan nan nan nan nan nan nan nan nan 0 0 0 0 0 0 0 0 0 0 0 0 0 0 0 0 0 0 2.7355285461961943285e-06 2.2179774147975317086e-05 0.026770777017728186048 0.11926648154897515064 0.062715017775271678091 0.058178399033083111336 0.064920866604742069605 0.048251395173451797072 0.1475841153711912046 0.10996997381605420896 0.11584747745290380205 0.099356911476747161727 0.073995783909639650799 0.078647619227114107243 0.083446624586377360355 0.081034452333261522416 0.022553003215972988044 nan nan nan nan nan nan nan nan nan nan nan nan nan nan nan nan nan nan nan nan nan nan nan
nan nan nan nan nan nan nan nan nan 0 0 0 0 0 0 0 0 0 0 0 0 0 0 0 0 0 0 0.0039087016430230320588 0.026175913845766975857 0.053424504395416773372 0.13226688755140483811 0.088850023722988766273 0.084224897043676749675 0.089907312419319401764 0.07375132445321906649 0.34520634805478700446 0.27750040865541003576 0.29586877858263621599 0.28284583197215346084 0.26622082747112596479 0.1542323387357008857 0.095395660596703207856 0.083949367442570060893 0.16090150455158155895 nan nan nan nan nan nan nan nan nan nan nan nan nan nan nan nan nan nan nan nan nan nan nan
nan nan nan nan nan nan nan nan nan nan 0 0 0 0 0 0 0 0 0 0 0 0 0 0 0 0 0 2.6559865617044784876e-06 3.1431875059793076919e-05 0.032332608817085481401 0.15632510661272930319 0.20566086405589042996 0.13646322398420135391 0.061989454586647160794 0.092640032411585485073 0.64855343229062134558 0.62784312243958806388 0.66838243831962917962 1.0645449037909597845 1.0315097999379485572 0.7686681594467706935 0.23546196949079148397 0.11308572758289367477 nan nan nan nan nan nan nan nan nan nan nan nan nan nan nan nan nan nan nan nan nan nan nan nan
