results/rofental/snowdepth_month_2020-04-01T0000_2020-04-30T2300.asc
ncols        322
nrows        225
xllcorner    622802.488000000012
yllcorner    5178049.378999999724
cellsize     100.000000000000
[rows 112 to 139 of 225, columns 186 to 247 of 322]
0.3547819743850597618 0.16272112381043762896 0.13606615245258141256 0.11238590268104090009 0.090705912404514685288 0.11882409293286609608 0.13846846806349499825 0.4080955994278746557 0.56572422432405977677 0.64044797731005553842 0.60517610962359136284 0.69619883209527833046 0.75144584967774696871 0.8358952737338116723 1.0325274420402672515 1.0728549622852459056 1.0889988759934274842 1.0868038963716175616 0.92966970488882394452 0.71715270214921877923 0.83946446348386338787 1.0651264035025636012 1.1778571264045050171 1.2066236562185344017 1.0704402843338807205 0.98553186230408285073 1.0913363092487029515 1.149661298013213262 1.2550474623862628576 1.1661199688292742671 nan nan nan nan nan nan nan nan nan nan nan nan nan nan nan nan nan nan nan nan nan nan nan nan nan nan nan nan nan nan nan nan
0.21792287044634878201 0.19642590091380235373 0.091519809971430096662 0.11406146354640543661 0.11911564615370602571 0.19023421824972278071 0.40977641458242447525 0.3702769410868856359 0.52592493241734017406 0.75463371791013533763 0.77751500160945230533 0.89951164096191782438 0.9405990379125130918 0.925877620824467229 0.98960689373586874229 1.0176651649877861416 1.0613259727766262142 1.0989868885442866109 0.98323439428407044538 0.73809800536197767151 0.70562335593170000259 0.96755196411375532506 1.1545451812803737557 1.0373732143221456869 1.0460472886973173345 1.1231629024198175326 1.1353860722193658273 1.2116240745360575826 nan nan nan nan nan nan nan nan nan nan nan nan nan nan nan nan nan nan nan nan nan nan nan nan nan nan nan nan nan nan nan nan nan nan
0.30507422485388546729 0.27721267949884975668 0.090614856011613398312 0.10466016326554983262 0.15395509859914269235 0.39653333080152031176 0.51041466658993961403 0.54389654393734820914 0.6966908130660356413 0.79235688081641975078 0.82068885534403257509 0.84159395446706264377 0.93245067205759712969 1.0111105334075840556 1.0257268899973939202 0.97297500101952705265 0.95088015898087008271 1.0347777314738251242 0.99970134939248744832 0.80077693266296789965 0.67757425093436074448 0.82412923727212239466 1.0797838630677707439 1.0383650612560741955 0.97957849347803882534 1.0448999967856027471 1.120041060804744637 1.2747656426679652153 nan nan nan nan nan nan nan nan nan nan nan nan nan nan nan nan nan nan nan nan nan nan nan nan nan nan nan nan nan nan nan nan nan nan
0.22363582978391408074 0.26582793644003804845 0.25880576965406865142 0.17532399258958530908 0.34966947428758077265 0.38409867148172438522 0.49534280518779771896 0.56973310152373857207 0.74256940824100126086 0.71979024551249470854 0.65801740260929286741 0.70124714819800548771 0.80845773954758182178 0.93999118633193357031 1.0546768925671718975 1.0811656038378927303 1.0922962266059759173 1.0501950770203993812 1.0159661458950297597 0.98014118233659630608 0.76639463385458095335 0.76686339165101879978 1.0817297797675233806 1.2494125655335628355 1.1910169356698101506 1.108237071504458271 1.0722225024098892554 1.2950733398764529003 nan nan nan nan nan nan nan nan nan nan nan nan nan nan nan nan nan nan nan nan nan nan nan nan nan nan nan nan nan nan nan nan nan nan
0.19345637587372643829 0.16580886285773999145 0.43034171105511326294 0.66089942156081249447 0.52620245192317727234 0.55345784533531328098 0.68813705784947931665 0.83201708972202781389 0.86530971940240419826 0.93399824947972809319 0.94527185874201069549 0.78171096333005618551 0.65552420432511970816 0.73876841221730971121 1.1114657801334169029 1.169649240652846478 1.1420543755502632344 1.091326403268923384 1.0476050576197684094 1.0502129439621250562 0.96224898999616037543 0.95115740749035637691 1.2069450615876604616 1.3718674692365264711 1.3237605049099079313 1.3021538567932873232 1.2305972556058466516 1.2605746412742695473 nan nan nan nan nan nan nan nan nan nan nan nan nan nan nan nan nan nan nan nan nan nan nan nan nan nan nan nan nan nan nan nan nan nan
0.23816016755752267287 0.57346565255024906094 0.64729709350946484925 0.72082314554868742729 0.74755378077577983031 0.66781523619867344532 0.90628657976467985602 0.94743863937108607765 0.95170613896673295073 1.0160877148161251426 1.0691001448912254013 1.1130870912772306003 1.117931308672641677 1.0244712693089936817 1.0406318679078587763 1.1837042084272200171 1.1886723615999303938 1.2135573550951890276 1.1816862771325926662 1.1317521853671521637 1.0302261093829356842 0.97280012582782326991 1.1474838991164981739 1.4493205603919316893 1.4511300655185122022 1.4099118611058087946 1.3970169947976571745 nan nan nan nan nan nan nan nan nan nan nan nan nan nan nan nan nan nan nan nan nan nan nan nan nan nan nan nan nan nan nan nan nan nan nan
0.50996469951007095123 0.66846377551739433187 0.69766154850475725624 0.79054057025568424955 0.85984547985468695597 0.89011609105837641298 0.9504791411930646472 1.0032084537125163237 1.0034410965393243398 1.0375579267920675974 1.0855073541862778619 1.1419167997664985137 1.1591785108182932618 1.227111005248794573 1.1145749553884543026 1.1027848872414907078 1.1744991167541287691 1.2029968172204101862 1.1828938387750362882 1.1305665256198982327 1.1053582113329312175 1.1047344683168700552 1.1081616609920743599 1.3809678414731965113 1.5128255667460654976 1.4890854434462206246 nan nan nan nan nan nan nan nan nan nan nan nan nan nan nan nan nan nan nan nan nan nan nan nan nan nan nan nan nan nan nan nan nan nan nan nan
0.55684102875295138357 0.71244745123701469502 0.73705450865184152232 0.83052612765153865926 0.92758245226314872678 0.99994285917330438807 1.0256137451671436533 1.0320690171316029282 1.0416387339188797334 1.0988908345411041445 1.1292057612759578422 1.1369685990713407353 1.1644287020115178244 1.1399811417472933694 1.0760815555363327789 1.0787743397534985679 1.137279653348191033 1.1375551066012181689 1.15441386753912556 1.1195950246091157521 1.1037777237835910693 1.1845860141254178632 1.2881158371979013477 1.3586506296713269926 1.5398239133117757049 nan nan nan nan nan nan nan nan nan nan nan nan nan nan nan nan nan nan nan nan nan nan nan nan nan nan nan nan nan nan nan nan nan nan nan nan nan
0.58999699313928777311 0.76236294035524065915 0.84203849507616412851 0.89337132570875121829 0.99013630359951043669 1.0603285641641928549 1.0946876631621986764 1.0842133303290732993 1.0946751013485402915 1.1103970265182718791 1.1680314064641987848 1.2416708770931670358 1.2219103036890557323 1.145112004537539141 1.0811318526437110332 1.0936898855280114962 1.1933608832238256081 1.2110915892903046931 1.2477773300027930059 1.2129543776491895635 1.2683713460762016112 1.2850095951789000104 1.2306163836911174769 1.361619615730357058 1.5750877276851376063 nan nan nan nan nan nan nan nan nan nan nan nan nan nan nan nan nan nan nan nan nan nan nan nan nan nan nan nan nan nan nan nan nan nan nan nan nan
0.46495132549955298096 0.59950156935223419818 0.87062223054952969648 0.94714332632489384167 1.0162532091838551995 1.09159403899485552 1.1295985785463964479 1.144151314288828214 1.1322711502958613394 1.1600423710304528235 1.1900536951970162036 1.3242622820851721599 1.1675484423873871975 1.1522421475600295171 1.094427250715972022 1.0480954714938675032 1.172521569082778381 1.2523030718392120786 1.2928488420167250084 1.1987456036843469054 1.2098418696526309635 1.3528310715964200206 1.3232988522925783759 1.3667527088521156386 1.6359835238880198194 nan nan nan nan nan nan nan nan nan nan nan nan nan nan nan nan nan nan nan nan nan nan nan nan nan nan nan nan nan nan nan nan nan nan nan nan nan
0.70385926863017211907 0.69380858703219416839 0.78885512171484573063 0.85349902811869526875 0.94256527016471791658 1.0011835952449681386 1.1039749485423460129 1.1495656475099063076 1.1664981290082798715 1.2477196846607183645 1.2822090708176430152 1.3151163467457593903 1.1729082963443429044 1.1905227442675225813 1.1617572374383227096 1.1793601174031993484 1.2392465580030265215 1.2219053436038385119 1.2349562950451553611 1.1786405269188315881 1.1595066212570837028 1.2915115847707230312 1.2972729047144546666 1.313996417189968513 1.4906394838288186122 nan nan nan nan nan nan nan nan nan nan nan nan nan nan nan nan nan nan nan nan nan nan nan nan nan nan nan nan nan nan nan nan nan nan nan nan nan
0.7185713989507834798 0.74609154228128027331 0.81542202127458196514 0.84883197385158570825 0.87262497445738906876 0.93611082487410757214 1.0909499804077915641 1.1490087457959448081 1.1900593076149943439 1.2711276047588597748 1.3009470226196844234 1.2450051523625951244 1.2332101640719377311 1.2927167056696615699 1.3232051458687938972 1.3233892222561141061 1.3059291156727914629 1.2812478536573361776 1.2572531455603412898 1.222787626813458095 0.99580076128649952505 0.88069670942545186243 0.97413536201511630175 1.0432914554709515897 1.2861078763071076558 nan nan nan nan nan nan nan nan nan nan nan nan nan nan nan nan nan nan nan nan nan nan nan nan nan nan nan nan nan nan nan nan nan nan nan nan nan
0.71511660159198342512 0.76586168760704764757 0.80137058581618836328 0.8943107913406215248 0.95042540469134162429 1.0057478546375950845 1.0828388977167462404 1.1673911861280570346 1.2601481764729054458 1.378521436891515517 1.3818548131308430182 1.272361737245030433 1.229712735540104962 1.2229456382687338145 1.2426930260181467958 1.2470272215594013776 1.2689950017844664476 1.257935931533693763 1.1790911421484191468 1.1965015962116529735 1.1575168557058532759 0.98761271557086516282 1.011919965097921148 1.1331842616983072158 1.3090737807318686414 nan nan nan nan nan nan nan nan nan nan nan nan nan nan nan nan nan nan nan nan nan nan nan nan nan nan nan nan nan nan nan nan nan nan nan nan nan
0.74153095063384533159 0.79007873922648830245 0.81690928555192021676 0.9036266763858696871 0.98782291314804970828 1.0508176118652761133 1.1102985902215327663 1.1634885415453402047 1.2463406832521630729 1.2786588345463274496 1.3050792312220829139 1.3768229722615799027 1.3577077202315073201 1.3458840987209579332 1.3244603052952892419 1.2996507961278025434 1.2898444548409409016 1.2759889261646144565 1.2527692283907834181 1.2554474365128882596 1.2763601056053626159 1.1928980892272582626 1.1339466668937074889 1.2486859725016248301 1.3295796620088566886 nan nan nan nan nan nan nan nan nan nan nan nan nan nan nan nan nan nan nan nan nan nan nan nan nan nan nan nan nan nan nan nan nan nan nan nan nan
0.61297084426171999372 0.70087894679014384192 0.75759107083203580668 0.87194409479168810684 0.98743885387774654738 1.0836229583292225076 1.1442035161172394719 1.169919234660920182 1.2346977792940683205 1.4129141726258167555 1.3855752170322155337 1.3958834954754082425 1.4036894112001758739 1.3711600656904692208 1.3275977068535753656 1.3015962120182551498 1.2993608525110278418 1.3099627155190243233 1.3649085957914590672 1.4812946397007371591 1.4243568319550059531 1.4003691150183861236 1.2081666115296376685 1.1047159649925373248 nan nan nan nan nan nan nan nan nan nan nan nan nan nan nan nan nan nan nan nan nan nan nan nan nan nan nan nan nan nan nan nan nan nan nan nan nan nan
0.92641491431499112252 0.8952011797440020402 0.85599222385024109627 0.88249871510793465035 0.95999461005885777798 1.023177555303093067 1.1261922481819022224 1.1591803680107761743 1.2023784230368554926 1.4398613368629238352 1.4935417323991075911 1.4174524039340774539 1.4089711934282607153 1.37907478757620372 1.3295029996043878917 1.2976233235044112302 1.3104513968492641496 1.3202968909222418947 1.3254327611984157986 1.4858032813497383806 1.5038056905079706382 1.4431436000744666259 1.3720823613481685221 1.3973453646277038676 nan nan nan nan nan nan nan nan nan nan nan nan nan nan nan nan nan nan nan nan nan nan nan nan nan nan nan nan nan nan nan nan nan nan nan nan nan nan
1.0411699935973015574 1.0531888574103298595 1.0671989416081326674 1.0587771930903950857 1.0131059640482311668 1.0705994575859409945 1.1870585177404204824 1.3237314439426035584 1.3530740032974011289 1.4323557032687039836 1.3730132778429537943 1.3829115674790704027 1.3682860951122641779 1.3539280354124245687 1.3303786316410286528 1.3222572461031461 1.3301854714568717153 1.3009371514028424954 1.2688713263766642214 1.3952209603267933247 1.5780856063638888376 1.5276356906703505434 1.4610407087017156513 1.3995762630019557005 nan nan nan nan nan nan nan nan nan nan nan nan nan nan nan nan nan nan nan nan nan nan nan nan nan nan nan nan nan nan nan nan nan nan nan nan nan nan
0.93125202580231747351 1.0097406259316739074 1.0224877909399656684 1.0717587456027053427 1.1027477126522700068 1.0868391678130924216 1.0792211327962173417 1.1833313117219705912 1.2709974740836589291 1.4285898964248675558 1.4491594954114213056 1.3806312813508736514 1.336929030058986223 1.3348618296584193743 1.3247645769888671818 1.3332316743355729916 1.3468965104609569305 1.3528094276243352034 1.3119211166846171945 1.3136046292528342772 1.6021857697488532946 1.689917312206422606 nan nan nan nan nan nan nan nan nan nan nan nan nan nan nan nan nan nan nan nan nan nan nan nan nan nan nan nan nan nan nan nan nan nan nan nan nan nan nan nan
0.6119474875811615755 0.7458012429296888568 0.94264438383108839492 1.0613198586002476898 1.0543422655037888447 1.1139134105518468942 1.1547956250801458822 1.1341444853360180822 1.1446618167155120371 1.2990551223974913242 1.4902197286612117733 1.439399754120733288 1.4067571521140029844 1.4149418558126765078 1.3945026343153836823 1.3859678391387206808 1.4350169211722523244 1.5029230539707358894 1.4196744605312294762 1.3559108539455602127 1.4532472829772575817 nan nan nan nan nan nan nan nan nan nan nan nan nan nan nan nan nan nan nan nan nan nan nan nan nan nan nan nan nan nan nan nan nan nan nan nan nan nan nan nan nan
1.0402759345950434167 0.99197328126064576725 0.88948335422136670658 0.93589602962785189977 1.0411533565745070273 1.0532234478152282531 0.98945287167007434093 0.91912892518039235323 0.91409043873758311083 1.1563839166248741641 1.5369620395418615022 1.5486526754265006467 1.5183037051491452551 1.4917198806311029458 1.5328190389752482936 1.6274740715696733862 1.6948896327478322199 1.6271214401151974371 1.4791779688619381972 1.4107655746530378682 nan nan nan nan nan nan nan nan nan nan nan nan nan nan nan nan nan nan nan nan nan nan nan nan nan nan nan nan nan nan nan nan nan nan nan nan nan nan nan nan nan nan
0.82090202322826089087 1.0247322433387220375 1.1388265441990135241 1.166064152985786917 1.1390471134453696855 1.0828971570367058597 1.0698318114444600457 1.0794926939395133036 1.1068924885192825691 1.1877707464702267348 1.45791975734246404 1.6101735324503896329 1.6282569474614998484 1.647160714081538524 1.6269857072088191874 nan nan nan 1.4825842276332599212 nan nan nan nan nan nan nan nan nan nan nan nan nan nan nan nan nan nan nan nan nan nan nan nan nan nan nan nan nan nan nan nan nan nan nan nan nan nan nan nan nan nan nan
0.86216359149304588883 0.94275257556171232487 1.1018188857786568313 1.1604043933933481103 1.1150415666541393378 1.0816526689128687089 1.1338244868871627524 1.2313560885721057669 1.2526215960169451158 1.2912746203084373153 1.5226431052092637142 1.6987038242396588217 nan nan nan nan nan nan nan nan nan nan nan nan nan nan nan nan nan nan nan nan nan nan nan nan nan nan nan nan nan nan nan nan nan nan nan nan nan nan nan nan nan nan nan nan nan nan nan nan nan nan
1.0693950349523626553 0.96743706456722411424 0.96289883772643469761 1.0271337941741560673 1.1271342676105025049 1.157451500981998338 1.1970325159805721427 1.2592347624509518944 1.3330756755404749025 1.3654017574433143789 1.4198719690251633274 nan nan nan nan nan nan nan nan nan nan nan nan nan nan nan nan nan nan nan nan nan nan nan nan nan nan nan nan nan nan nan nan nan nan nan nan nan nan nan nan nan nan nan nan nan nan nan nan nan nan nan
1.199079588296040999 1.1000524596430714119 1.0897239956876996203 1.0949189897358724277 1.1233664880521050389 1.2085463804745997241 1.2562914903697761648 1.311399341098972382 1.3669668480816863365 1.375766410644758686 1.4042321957818288958 nan nan nan nan nan nan nan nan nan nan nan nan nan nan nan nan nan nan nan nan nan nan nan nan nan nan nan nan nan nan nan nan nan nan nan nan nan nan nan nan nan nan nan nan nan nan nan nan nan nan nan
1.1925483268202905496 1.2013085302432935375 1.1413347748958106997 1.130799510230544147 1.0852070430831781689 1.0740044330003870598 0.97621907526005047284 0.95886681074239210609 1.0367205902874929713 1.1559698688266673017 1.5064413851291202917 nan nan nan nan nan nan nan nan nan nan nan nan nan nan nan nan nan nan nan nan nan nan nan nan nan nan nan nan nan nan nan nan nan nan nan nan nan nan nan nan nan nan nan nan nan nan nan nan nan nan nan
1.1336920246112092148 1.201444095895815245 1.2093120062425093408 1.1728354762684876089 1.1576521372405548238 1.0987631102687296369 0.98511668920252537518 0.97986222165901959436 1.0967488586524101191 1.2521354026296218631 1.4473718893393274776 1.7756962453898283982 nan nan nan nan nan nan nan nan nan nan nan nan nan nan nan nan nan nan nan nan nan nan nan nan nan nan nan nan nan nan nan nan nan nan nan nan nan nan nan nan nan nan nan nan nan nan nan nan nan nan
1.115130537950334233 1.1574316207382027155 1.2290897520475274618 1.2160052313113749456 1.2390849396085070744 1.2575326207925592303 1.1906574241453602436 1.0577700617208714018 1.0612988065548309979 1.1223359597340862859 1.2035133166498603874 1.5681480409242458673 nan nan nan nan nan nan nan nan nan nan nan nan nan nan nan nan nan nan nan nan nan nan nan nan nan nan nan nan nan nan nan nan nan nan nan nan nan nan nan nan nan nan nan nan nan nan nan nan nan nan
1.1374233656081778054 1.1270077900174251262 1.2026218340236995985 1.2502056924306257368 1.2658018307356404542 1.2635564474584706218 1.2668202289446723885 1.1907632412557953572 1.1789119955242262083 1.2765194556200414322 1.3748641140223605284 1.7290816095818928311 nan nan nan nan nan nan nan nan nan nan nan nan nan nan nan nan nan nan nan nan nan nan nan nan nan nan nan nan nan nan nan nan nan nan nan nan nan nan nan nan nan nan nan nan nan nan nan nan nan nan
