results/rofental/snowdepth_month_2020-02-01T0000_2020-02-29T2300.asc
ncols        322
nrows        225
xllcorner    622802.488000000012
yllcorner    5178049.378999999724
cellsize     100.000000000000
[rows 168 to 195 of 225, columns 126 to 188 of 322]
1.4354975071106155227 1.4113252649217606915 1.376452112147056317 1.323548665433292415 1.3367780737496224308 1.4029883611580054037 1.3678325058723059815 1.2500170856410124376 1.2069634820656480745 1.22716178361101802 1.2443004300718880639 1.2438413095899840677 1.2455112827483161286 1.2492307545832730398 1.2694265524749550611 1.3048065991853539103 1.3260915647142510476 1.3537675218843325808 1.3700533354061377178 1.3906058291208298616 1.4098328975277665265 1.4177235555656948485 1.4180432810564858048 1.395994111882656874 1.3783975686863636501 1.3687220150947487785 1.3679130757453628053 1.3834407592751158944 1.4013025641188556758 1.4065878603357893084 1.4032959050657707323 1.3912131421436650935 1.3918846300967888663 1.4024075497995018846 1.4399189939133565375 1.4460261689933664453 1.4657207460672849741 1.4629977678363197402 1.4561227959827029999 1.4662465204202579372 1.5003217862077016242 1.5279430661640625022 1.5462440891355191397 1.5522592021402483731 1.5526186018615331097 1.5617582975152095592 1.5778157102267296175 1.5794530347486841482 1.5750838611538389156 1.5739284507254573953 1.5688477002474705557 1.5682741128776565009 1.6371132785070658944 1.8398984686493666807 nan nan nan nan nan nan nan nan nan
1.4813473753933903421 1.4549862424407011829 1.4029871370522335461 1.3312734040614804254 1.274219190957120329 nan nan 1.2955414698125091721 1.2494515275457838133 1.2522947143141180959 1.277176816499054457 1.2447902179308683035 1.2107910849623084726 1.1978331038476466297 1.2019014913920591514 1.2270668325221645301 1.2522305393690360553 1.2738325790701396922 1.2909616171730751155 1.3199572356347999413 1.3440735384490516413 1.3444253590918131547 1.3338177886371078706 1.3081970873369250796 1.308791601835937124 1.3161253870945919253 1.3355022060133336925 1.3589340238392955129 1.3696125156469982631 1.3813666794765222523 1.3816811551365650867 1.3746822050860736386 1.3835464777165460415 1.3905518554052076485 1.4025492073941832061 1.4203615405938840865 1.4442828046557349975 1.4640710750839802667 1.4683904221350245756 1.4784651818552680957 1.5079369922848726571 1.534839563940001872 1.5482725826002081693 1.5506034996373390111 1.5498285560590328025 1.5592410519298665061 1.5724401436289827672 1.5796892598354956849 1.5783334505522208513 1.5840636483074999052 1.5801755560397241496 1.5766584960471461407 1.6043109866817311104 1.6872270369809871937 nan nan nan nan nan nan nan nan nan
1.5015207344456966698 1.4642059559540172575 1.4202945484072453386 1.3593916498168718832 nan nan nan nan nan nan 1.2150470647342808128 1.161033826311487438 1.1509124090661428941 1.1561675046788246757 1.1621268821989221287 1.175736521146979463 1.1960787152299756642 1.2233806312785464598 1.2429622512171132342 1.2476647830459111077 1.2295444359030607284 1.2175336689122928657 1.2358032484662848649 1.2384374750393269959 1.2528682404832383046 1.2723659469291683788 1.3083804820423603488 1.3325200909712002773 1.3428549410899837113 1.3557243652687436253 1.3603311117244936135 1.3610136895344946417 1.3726026232211436806 1.3813615318931009579 1.3951515163709220513 1.4140421878656099786 1.4463453775439305549 1.4709760830916323027 1.4770325332468525747 1.4949091868773001224 1.5225922095761998953 1.5436553954859930649 1.5447931732928805726 1.5466307000470520538 1.5605933315198485811 1.5786213494677077129 1.5825672662295657833 1.5796148293790825967 1.5753562816352595366 1.5848046574601644121 1.5829303704706105815 1.5806101237242999868 1.6307364491383868899 1.736135964524248454 nan nan nan nan nan nan nan nan nan
1.4692292171747400875 nan nan nan nan nan nan nan nan nan 1.1487365117675782944 1.0954931286683662339 1.0533336575034486504 1.0573889986829234644 1.0647731640154705079 1.0690196548391828202 1.0820423559281786563 1.1129201311570366961 1.1168517601223253433 1.132741310204874452 1.1524677403128302799 1.1606217912329974684 1.1663903114022808882 1.1869983487641517783 1.2185404962208801205 1.2382678430583264895 1.2744902831611206739 1.3014389726953365933 1.314732213625390278 1.3299455969835825009 1.3399499962048011525 1.3438285978538595522 1.3694102343458172122 1.3844857492564315304 1.3977962148283096244 1.4103716661149390266 1.4365783224265100682 1.4792273016697685684 1.4923415077719830446 1.5153587278460156629 1.5362867463560130332 1.5444554597197346357 1.5487642961668317554 1.5631161980126866418 1.5779032708077365132 1.5809246192659780483 1.5832689964484558676 1.5790906114019085393 1.5713084106863017819 1.5770642395810121617 1.5845185636224425885 1.566878765890889369 1.5561659817794155636 1.5845828540775928062 1.7371305825883687213 nan nan nan nan nan nan nan nan
nan nan nan nan nan nan nan nan nan nan nan 1.0370971572957523588 0.98550064074734822217 0.97055455712040239469 0.98557807613579018202 1.0059514813378076514 1.0306178335058933104 1.0445358841281613405 1.0637079951324339699 1.0711784119193852316 1.074217970956968804 1.0848737198660749481 1.1085876813024444498 1.1334368830000185469 1.1802360510728593379 1.209259631027804538 1.239429050574911706 1.2668802549375699495 1.2848320585354517931 1.3051454776422755089 1.3229805521250843636 1.3262006939277728446 1.3588765382762098 1.3880334396027598221 1.3967118318528701781 1.4057011786334445702 1.4392596294266237766 1.4762924248429225571 1.5014441440342687351 1.5305609296221471816 1.5475030714606705651 1.5534614429698976323 1.5811123314280410845 1.5728911469147675017 1.570809003060667397 1.5735170430051543811 1.5793797862155138922 1.5819367680325475689 1.5847567652198470967 1.5843201512250411067 1.5869167743265657489 1.5923943958588699932 1.5995586132242680666 1.6266632767083908373 1.7955951704478734232 nan nan nan nan nan nan nan nan
nan nan nan nan nan nan nan nan nan nan nan nan nan 0.94734618948812532313 0.93327561375171319558 0.91935233942140770491 0.93042024985436877493 0.95174136767719408336 0.97766608190517223509 0.98781791137088292842 1.0035443051939461068 1.0299072879969608518 1.0670109250818573532 1.116079282247530946 1.1551965444553615736 1.1787086804020094899 1.2082288041915492105 1.2385571545467408683 1.2610861152933190432 1.2847684885279619937 1.3099839323674118408 1.3214762976637595138 1.3414565747417159791 1.369656061312770623 1.3937158636998692174 1.4078501783042749462 1.4424958946495687329 1.4805218351032614077 1.5105640571714025189 1.5252238176942802816 1.5376759548603617933 1.5540350933387341303 1.6275285208048588803 1.5715085610645831427 1.5729661361884077486 1.5739936718607721033 1.5783179205307975579 1.584720284946935065 1.5915699522085711148 1.5936853216843969161 1.5926325502458373862 1.5950023425198904814 1.6192216105721941588 1.6950161895021120806 1.7483784403134428054 1.8691234304908361796 nan nan nan nan nan nan nan
nan nan nan nan nan nan nan nan nan nan nan nan nan nan nan 0.88941373548467195231 0.88111985229402423059 0.89610404157400813663 0.91439684190996262103 0.93594951261200420856 0.95356444760605363342 1.0007960203023251733 1.0514108145025886643 1.0975382753165556782 1.1245871102808246977 1.1439050132848382901 1.1756050505790833771 1.2122787471960523309 1.2386870901541875423 1.2658548908767479624 1.2998765886990295559 1.3169828337115727646 1.3268796851484796484 1.3441700264826519362 1.3733010477794522775 1.4131523441226292448 1.4558503606715742507 1.5019059624726518454 1.544305157758221414 1.5373679071445986999 1.5452057402776906425 1.5353846668118793506 1.5619329675927962064 1.6148243102304769003 1.5847951295089537371 1.5875246133638487578 1.5852145106685482379 1.5856392049493730489 1.5852906110239282089 1.5885862665915284619 1.5946558441392773009 1.6018091902670836824 1.6183245608317866626 1.7725126321774220539 1.7436156211196074395 nan nan nan nan nan nan nan nan
nan nan nan nan nan nan nan nan nan nan nan nan nan nan nan 0.8730403203464254247 0.85734209937635585952 0.87171438846095794517 0.86878161816964794006 0.8686847086608685542 0.92438174394638705778 0.98202994019577016793 1.028888907308223688 1.0659000495101664807 1.0962031842382433666 1.115910525094256478 1.1499871368370404578 1.1918182436109130418 1.2265165563697990603 1.2552708539776591401 1.2971478629360613244 1.316482280157615703 1.3310579591728728399 1.340130954228103688 1.3488738741815557987 1.3968908159028978755 1.5246062214600557549 1.6192735668743809541 1.5512839938181208765 1.5483207453242826546 1.5810921881513535503 1.5729159159066503637 1.5732226821725625587 1.6550299193688968735 1.6497714806481833527 1.6486012248304415806 1.6289959328573784259 1.6087033303180580113 1.5940889549797010449 1.5954376284229139227 1.6019869267583659589 1.6103667371571326328 1.6186468164830551952 1.6378414266439822455 nan nan nan nan nan nan nan nan nan
nan nan nan nan nan nan nan nan nan nan nan nan nan nan nan nan 0.84496243077524435527 0.85190738867632243014 0.86337477130943240944 0.8784818811775648717 0.92297479878181931667 0.97173078663431633473 1.0072615216567821772 1.0429739146529302118 1.074630263890313131 1.0979682038908680219 1.1315293754789561564 1.1752169792599009845 1.2168810981116069403 1.2495475228577195281 1.291242297730815336 1.3115378790577334467 1.3258352641479025369 1.3357887892693980358 1.3328322905392262498 1.3756861561992912435 1.4456853920955410331 1.5803740193837640948 1.5583313996472374363 1.5571924050077641244 1.5873946618629779515 1.6050957617876271399 1.5846847485791435428 1.6351201169933409219 1.6217189490850392186 1.6189787718669985672 1.6186723835930942883 1.6326202261037499053 1.635981109340002293 1.643925209897638462 1.6406052473085779297 1.6431920025312256595 1.6124675792490508197 nan nan nan nan nan nan nan nan nan nan
nan nan nan nan nan nan nan nan nan nan nan nan nan nan nan nan nan 0.85530693975086347081 0.86700860729087847467 0.87911396233554295332 0.90984362980265864884 0.95247861972901715077 0.99140522407279385586 1.0270709025436177697 1.0614582596386064051 1.0934458525576205012 1.1282986634170535378 1.1674753067949557028 1.2001347494841378971 1.2369849189688260083 1.268795993821843382 1.2918336104335566006 1.3128323858584833861 1.3323841996440477509 1.3416947939298022874 1.3898132961352531733 1.4247197532636706185 1.5205401664308246801 1.6066905141873082385 1.5859010990679638375 1.5852459826020361966 1.6052914517600718192 1.5969216189080590595 1.6690235576196452705 1.6590657305480882577 1.6628159090553777943 1.6594390960731169038 1.6503251574637487487 1.654225625279382772 1.6607571347954759311 1.6618720722050039917 1.6181156781310706005 nan nan nan nan nan nan nan nan nan nan nan
nan nan nan nan nan nan nan nan nan nan nan nan nan nan nan nan nan 0.83400594535882166536 0.85037169041854465679 0.8643049425905999783 0.88962295872773444749 0.93092022321377576599 0.97533209418299182669 1.0195823003606545587 1.0588401627064931709 1.089123901045188525 1.1153829364136056412 1.1593624958875246023 1.1913947401227586997 1.2168465493238165287 1.2493217064945436601 1.2786280651985215684 1.308531531883037724 1.3355004522785247634 1.3458842721741368642 1.4100181859404212759 1.4684623097449727158 1.535606983153433136 1.6106323428367033124 1.599192717874889258 1.6071503499873691645 1.6225511000970300746 1.6166740966065251683 1.7216036972653765424 1.7147402658782788798 1.722735247449127538 1.7243976483317846604 1.7219804886671323807 1.7029943575443891035 1.6681329367632866667 1.6646711734379928682 1.6713055258374600598 nan nan nan nan nan nan nan nan nan nan nan
nan nan nan nan nan nan nan nan nan nan nan nan nan nan nan nan nan nan 0.83164952475572417878 0.85376784122068938299 0.88358028450016679045 0.93096158048599231272 0.97346249617786617669 1.0170782192591401039 1.0609316635323835509 1.0879143531553243651 1.100030719885846775 1.1401499047050538405 1.1773702097493339291 1.2014776736219725528 1.2369637538137312482 1.2660174459660926694 1.2957692810615710766 1.3299918221128217422 1.3351996445807847724 1.3343519661016294275 1.3971101285420255422 1.5088520774810145753 1.6177028036796732291 1.632070206114097255 1.6127179614989335388 1.6039482256839001639 1.5991527677931118845 1.7511108975696250134 1.7558392025283284799 1.7609236606268392489 1.7882233582385493875 1.7887526563841218419 1.7535958172028280888 1.6967761816102888695 1.6489528484473607861 nan nan nan nan nan nan nan nan nan nan nan nan
nan nan nan nan nan nan nan nan nan nan nan nan nan nan nan nan nan nan 0.83667135616884458216 0.87066147002302374247 0.90123031142408294158 0.93353682199433440925 0.97764050196597485076 1.0189380876499589679 1.0531048983206019454 1.0840762440443523218 1.0978055342567625274 1.1191923684821016849 1.1535160494086795779 1.1868933949861519839 1.2268461771729504139 1.2600638697185500003 1.2923885169547335572 1.3344662197358418965 1.3581168230875830805 1.3574070218006704103 1.3228405891434882324 1.37120879357374581 1.5598128898141045973 1.6465228954895365643 1.6392467011335714044 1.6424231826413260293 1.6319651721039949432 1.7768760783395867175 1.7947705947250847114 1.8259069722851908324 1.8067306697512948155 1.709099609292436206 1.7207470531347102138 1.7250140551989381343 nan nan nan nan nan nan nan nan nan nan nan nan nan
nan nan nan nan nan nan nan nan nan nan nan nan nan nan nan nan nan nan nan nan 0.92186604779201686277 0.94784760644182841638 0.98195699799665037144 1.0254725700749984796 1.0624747513625005801 1.0936541922355693668 1.1076173791659367218 1.1217441817422779682 1.1549965021665833387 1.2002824261818512142 1.2319509451969725689 1.2614629484662023273 1.2943787232753261041 1.3497424226028973404 1.3745392348442362351 1.3878105520780263937 1.3922204997310558827 1.4039805159299356685 1.5202629384147308134 1.6601845006320301579 1.6823056952476427295 1.6797224045164862449 1.6447204465532689888 1.7849914046526691447 1.8627918118809494441 nan 1.7080058602888184005 1.6470042142085448145 nan nan nan nan nan nan nan nan nan nan nan nan nan nan nan
nan nan nan nan nan nan nan nan nan nan nan nan nan nan nan nan nan nan nan nan 0.94206116645429383016 0.97194706909251826765 0.99793257097521814725 1.0300666336606183471 1.0647415814083740493 1.0950754840753955666 1.119161858495406392 1.1339311173726294157 1.1556355794364183698 1.2068251505775815513 1.2501366905889192971 1.3352899050347826204 1.4125383258554438104 1.4147387573122776061 1.3980357723680567616 1.3966245908044203627 1.4204257730440787988 1.4159109848405162513 1.4367081418581106877 1.5845427843594908079 1.6797594248029465991 1.7038001975840573188 1.7276824744599752481 1.7571934865068272735 nan nan nan nan nan nan nan nan nan nan nan nan nan nan nan nan nan nan nan
nan nan nan nan nan nan nan nan nan nan nan nan nan nan nan nan nan nan nan nan 0.97006718142791903414 0.99490710034247387128 1.0206927896474380368 1.045518219607817656 1.0758407785570074378 1.0968808748874636638 1.1222421100902411073 1.1417457797132912756 1.1709007019126587146 1.2626785058733445144 1.4019556919916751347 1.4560350459693596203 1.4813387909086843663 1.440918299582506501 1.4347145907539815557 1.4382229404099919901 1.4657359581845492702 1.4733400931402325096 1.4780351642124824885 1.5204011607960370434 1.6131821217105084543 1.6517582391210954285 1.6418574361792279692 1.6635453442195398122 nan nan nan nan nan nan nan nan nan nan nan nan nan nan nan nan nan nan nan
nan nan nan nan nan nan nan nan nan nan nan nan nan nan nan nan nan nan nan nan 1.0026104439076293229 1.0211563199466457963 1.0403975430169973837 1.0650054148223369044 1.0797311500705919496 1.095105112976608952 1.122293381779047472 1.1409432622691340065 1.1460661829839711157 1.199389627680779391 1.4259093543088732225 1.5282025331612814067 1.4433490131901416387 1.4250443206280258845 1.4713212012291543296 1.5288032822162771485 1.5697938851044408448 1.5713176395967938248 1.5385700431654716347 1.5318885526652601392 1.5747086697105734387 1.6036249187804272331 1.6230527887860741743 1.7506118954365692542 nan nan nan nan nan nan nan nan nan nan nan nan nan nan nan nan nan nan nan
nan nan nan nan nan nan nan nan nan nan nan nan nan nan nan nan nan nan nan nan nan 1.0925493104975381176 1.0562517480934725533 1.070717249094234047 1.0833940859103814436 1.0977625130751320626 1.1217277877960987187 1.1411921187505436048 1.1442872481691508391 1.1596792074213011503 1.2435728203394063041 1.5145260794169066454 1.4616886829747339771 1.4730206352615240473 1.5028804455409505714 1.6072612172685087906 1.6160703847526027843 1.6038546726760465333 1.5802993136827847565 1.5562828795555883055 1.5789828343443021996 1.6367643562200526741 1.5983836334114698285 nan nan nan nan nan nan nan nan nan nan nan nan nan nan nan nan nan nan nan nan
nan nan nan nan nan nan nan nan nan nan nan nan nan nan nan nan nan nan nan nan nan 1.0367254817877924467 1.056222986387007623 1.0784908331460190123 1.0981574817742860706 1.1100807965554875256 1.1285414477580806292 1.1467762838653099422 1.1778279481338049806 1.2049593071976232306 1.2560673500013948001 1.5525230153854601145 1.5244001337773411819 1.5148729355540304642 1.5428471497835358761 1.6471712590862919168 1.6368935632993684148 1.630252551063379407 1.6214773279302019393 1.6104055453352605909 1.618167682367509963 1.6875976464970916524 1.6703225213583317021 nan nan nan nan nan nan nan nan nan nan nan nan nan nan nan nan nan nan nan nan
nan nan nan nan nan nan nan nan nan nan nan nan nan nan nan nan nan nan nan nan 1.0389270651412805258 1.0479337135327142505 1.0697748722079056805 1.0885776641273339216 1.1057873849998531846 1.1215957139022583178 1.1381029349875770862 1.1612141793554571212 1.2548375697408484797 1.3395695457379099835 1.3092679554336903447 1.4782860385673992631 1.5847580590347893903 1.5698585569304193132 1.640125354610264985 1.6437286861365263402 1.6384163728299996343 1.6753090675848780755 1.6628884217451114225 1.6444479018935755921 1.6524936178592193325 1.6685997333016304722 nan nan nan nan nan nan nan nan nan nan nan nan nan nan nan nan nan nan nan nan nan
nan nan nan nan nan nan nan nan nan nan nan nan nan nan nan nan nan nan nan 1.0472633280153933466 1.0403086806737305015 1.0600256759387007843 1.0790846159158233863 1.0981967827647516334 1.1145381177860820276 1.1319076737382318676 1.1516087157208894087 1.1642111940936548109 1.2087314656943635161 1.2333355375311028101 1.2485309818031349316 1.2575301902512299179 1.3308232863977544902 1.4557126240957105612 1.4800443433090078038 1.5994357763445310461 1.634500838866692396 1.6913889952240814818 1.6929243082800939924 1.67274215645682367 1.6477864458261857195 nan nan nan nan nan nan nan nan nan nan nan nan nan nan nan nan nan nan nan nan nan nan
nan nan nan nan nan nan nan nan nan nan nan nan nan nan nan nan nan 1.1557811509971833708 1.040016693619973065 1.0448919461324364111 1.0710362454055890602 1.0857700131790115616 1.0923636712270494709 1.1155141474193370765 1.1323732590896486983 1.146825438940761277 1.1720228844736888529 1.1772489143031961145 1.2178759384560260415 1.238371780756390983 1.2728767848920001793 1.4326219868603451424 1.4220718733533435074 1.324969882954513567 1.3328840318926460373 nan nan nan nan nan nan nan nan nan nan nan nan nan nan nan nan nan nan nan nan nan nan nan nan nan nan nan nan
nan nan nan nan nan nan nan nan nan nan nan nan nan nan nan nan 1.2080250280120150563 1.1117445854644738557 1.0775173400032960203 1.0889032284684383445 1.1181118577038848816 1.13003612521651986 1.1222740902824477338 1.1284738453773708322 1.1480502056869650307 1.1704532475575952777 1.1949077665704708195 1.1861321975533662965 1.2362450412811485378 1.3494634383191692617 1.274006714635686599 1.291347746685208131 1.4565509079092753275 nan nan nan nan nan nan nan nan nan nan nan nan nan nan nan nan nan nan nan nan nan nan nan nan nan nan nan nan nan nan
nan nan nan nan nan nan nan nan nan nan nan nan nan nan nan nan 1.1804423927068017353 1.1083387959537538414 1.1457606105265927265 1.1622439605951813135 1.1623755321243880445 1.1720086069127879647 1.1763771063277732587 1.1594395656425511287 1.1647834358117328257 1.1840529608918508586 1.2341409011728987632 1.2202118479279160379 1.2175054746312605758 1.3337929628281612882 1.316495305681479655 1.2945130652662186765 nan nan nan nan nan nan nan nan nan nan nan nan nan nan nan nan nan nan nan nan nan nan nan nan nan nan nan nan nan nan nan
nan nan nan nan nan nan nan nan nan nan nan nan nan nan nan nan 1.1889927027212658928 1.1958593919860234234 1.2258860750135525119 1.2189723422808809161 1.2088966586742126985 1.2128721949800354007 1.2275993533117133261 1.2618135057550821099 1.278419946937971341 1.2734802363396391378 1.2754956675180888492 1.289699550264881811 1.205777747318502735 nan nan nan nan nan nan nan nan nan nan nan nan nan nan nan nan nan nan nan nan nan nan nan nan nan nan nan nan nan nan nan nan nan nan
nan nan nan nan nan nan nan nan nan nan nan nan nan nan nan nan nan 1.3046904110180288505 1.3271354641096502203 1.289292752505723838 1.2713638732621528327 1.270487055949739652 1.2586949228154449276 1.282552091671181671 1.3473399428220931284 1.3888086259929779409 1.3023379293600625406 nan nan nan nan nan nan nan nan nan nan nan nan nan nan nan nan nan nan nan nan nan nan nan nan nan nan nan nan nan nan nan nan nan nan nan nan
nan nan nan nan nan nan nan nan nan nan nan nan nan nan nan nan nan nan nan 1.3681000464524672999 1.3784174783325262581 1.3610940596919514078 1.3862436596894045504 1.392202884864771173 nan nan nan nan nan nan nan nan nan nan nan nan nan nan nan nan nan nan nan nan nan nan nan nan nan nan nan nan nan nan nan nan nan nan nan nan nan nan nan
nan nan nan nan nan nan nan nan nan nan nan nan nan nan nan nan nan nan nan nan nan nan nan nan nan nan nan nan nan nan nan nan nan nan nan nan nan nan nan nan nan nan nan nan nan nan nan nan nan nan nan nan nan nan nan nan nan nan nan nan nan nan nan
