results/rofental/snowdepth_month_2020-01-01T0000_2020-01-31T2300.asc
ncols        322
nrows        225
xllcorner    622802.488000000012
yllcorner    5178049.378999999724
cellsize     100.000000000000
[rows 112 to 139 of 225, columns 186 to 247 of 322]
0.74425517575835442585 0.73937025805331579864 0.71607855077202631211 0.69905317133921363038 0.68583263231857483078 0.69640322476354110659 0.69399606356977028288 0.72292954476566062549 0.75579098306643244243 0.77927758469756736037 0.80582568480963145952 0.85103225036823493266 0.89893323985901329998 0.94003733762567176502 0.99314784344027495777 1.0019067350574135666 1.0054139658717828887 1.004549089506018511 0.99502880804170901197 0.99683359690714079537 1.0413281952937651909 1.0844127181805134352 1.111602482545109849 1.1276280951937194263 1.1211504925865236615 1.1067927648532480678 1.1084297869311221518 1.1339968517920606672 1.1671180995051131379 1.1536581076115512978 nan nan nan nan nan nan nan nan nan nan nan nan nan nan nan nan nan nan nan nan nan nan nan nan nan nan nan nan nan nan nan nan
0.69396248069360855215 0.68067022149735045833 0.67554397800948440267 0.69014432147680238039 0.69327787716856958955 0.69572437012695198533 0.72530890459878427645 0.74181972948989671757 0.77539982658895933998 0.80977316481936734149 0.84047788662814271188 0.89906973028204140164 0.93901565526441366227 0.9742390502514067796 1.0065244073252228585 1.0159461532348832424 1.0229511589696660412 1.0289448823780595887 1.0170335096139517805 1.0159775912330641923 1.0309155250313981611 1.0778787263124767204 1.1325100371039369396 1.1259080331013113785 1.1235711118558804333 1.12275731409643309 1.1329920893369380686 1.170354456594647985 nan nan nan nan nan nan nan nan nan nan nan nan nan nan nan nan nan nan nan nan nan nan nan nan nan nan nan nan nan nan nan nan nan nan
0.71175690359015719721 0.69316834067588328772 0.66885888689021189002 0.68199857876282721225 0.68883723517310602169 0.72168219324484272903 0.74704484458032338612 0.7704855371213523707 0.80140491278849868007 0.83951397192726373575 0.88125953678052126872 0.92161033428311101012 0.96336297008881954795 1.0032585655500894095 1.0247568301890026543 1.0255504015728360567 1.0296972923842278025 1.0362624130389630484 1.033309068840623457 1.0329485699304989943 1.0323039149233075307 1.0698466680972504861 1.1344598989646690335 1.1335439070890767077 1.1235954590149614951 1.1290300458417918961 1.1539900560655911299 1.2085730396739942094 nan nan nan nan nan nan nan nan nan nan nan nan nan nan nan nan nan nan nan nan nan nan nan nan nan nan nan nan nan nan nan nan nan nan
0.66964017940056663747 0.67864546269270265011 0.6715335648007849656 0.68590950710338893792 0.7136150228481792368 0.73873133916417133005 0.76589762394796712108 0.79385276079821076589 0.8302675488185742303 0.86524793528528842756 0.8948074972097366242 0.92922998063812611846 0.97220049358212778934 1.0119789277177300146 1.0402258552445942108 1.0471155852319353752 1.0556030348076859138 1.0530217845650111652 1.048008069828813893 1.0518043967405357186 1.0508012423522323786 1.0688159866473336823 1.1352768664161840828 1.161677211526872977 1.1423481151960976909 1.1459410439013950622 1.1726322336838215232 1.2299052877882898915 nan nan nan nan nan nan nan nan nan nan nan nan nan nan nan nan nan nan nan nan nan nan nan nan nan nan nan nan nan nan nan nan nan nan
0.62919944362022439677 0.64331082343596124318 0.69305715049635463476 0.72348424241154118963 0.74102065910559644646 0.76144336552840530263 0.79562858600301689105 0.83209830448899280153 0.86529714992441342236 0.90146384571377013994 0.93630937041339024063 0.95563612781065232493 0.97950898043460277176 1.0060941759007528962 1.0574861534030226551 1.0745065013203389803 1.075288526621530405 1.0680090354946016884 1.0650836410136781396 1.0691073472538958899 1.0703148449007691134 1.0895930912511544442 1.1620376712126614382 1.1983539182519888922 1.1799551872449931533 1.1853598481871070458 1.2206382855888593397 1.2335561604237994526 nan nan nan nan nan nan nan nan nan nan nan nan nan nan nan nan nan nan nan nan nan nan nan nan nan nan nan nan nan nan nan nan nan nan
0.65707785629996118271 0.7049706930720385234 0.7234241079525128848 0.75204379480233674027 0.76971489746847976399 0.78836292776936101045 0.84208748259609311759 0.87632577805518263592 0.90367498192244977151 0.94361296525632276655 0.97227163207788380728 1.0009621458226123369 1.0242490362129252901 1.0429536816536058019 1.0638953338228469558 1.0940454043622376279 1.093553350941571578 1.0952046596679467783 1.0939511127836358817 1.0933177018516149204 1.0928522367266650939 1.1074862505900371357 1.1681023438182016605 1.240061212499722787 1.2441905536341106853 1.2449997647046400218 1.269670838118950762 nan nan nan nan nan nan nan nan nan nan nan nan nan nan nan nan nan nan nan nan nan nan nan nan nan nan nan nan nan nan nan nan nan nan nan
0.69558779536601667015 0.72846001430503837248 0.75238602511070740153 0.78084172516986194434 0.80365473682513222098 0.83864501763659904388 0.88162509729021465432 0.91576433139741475475 0.94482978186405808252 0.97602138415478778555 1.0038577969625424036 1.0348103034071356454 1.0542125945540823384 1.0844546788356819178 1.0897548743473428612 1.0939408245248816165 1.1069120104248104663 1.1128189735008189309 1.1121271548571902699 1.1094551068426143914 1.1156180532413997319 1.1439814653637656594 1.1862099859715156125 1.2547477742047081772 1.2921741594833309197 1.2965665867582587545 nan nan nan nan nan nan nan nan nan nan nan nan nan nan nan nan nan nan nan nan nan nan nan nan nan nan nan nan nan nan nan nan nan nan nan nan
0.70835405001682694159 0.75620525568832996921 0.7802142399871456746 0.80961088582090101617 0.84603324193692686084 0.89155123782917655717 0.92518835445510683169 0.9529642364990524861 0.97834698472050229956 1.0092898821699827216 1.0385945423438831536 1.0569715703383908423 1.084812890130759655 1.0989170197648447935 1.0964794447093781926 1.1016711039705009423 1.1183086014287813015 1.1198166160383036249 1.122900029245196718 1.1227628663258979458 1.1347529799860176514 1.1755867319985457975 1.2339587735424502046 1.27765968026378407 1.3405430389477004383 nan nan nan nan nan nan nan nan nan nan nan nan nan nan nan nan nan nan nan nan nan nan nan nan nan nan nan nan nan nan nan nan nan nan nan nan nan
0.72535326126431620697 0.78363910896907118531 0.81578209304311610772 0.84359347452430688552 0.89494731364581792121 0.93739658127645819619 0.96872927173225342745 0.98742701828771928252 1.0107818662817162902 1.0370674968046773579 1.0605269879305032621 1.0975738210084058366 1.117781673449069979 1.1145413926570775232 1.107686129455779378 1.1149350717355424045 1.1401863524074480338 1.145320544826688991 1.1535895417250949802 1.1498424072237640736 1.1817032266275304675 1.2269960640178863009 1.2476766847316727027 1.2979991118350753254 1.3908729867669025193 nan nan nan nan nan nan nan nan nan nan nan nan nan nan nan nan nan nan nan nan nan nan nan nan nan nan nan nan nan nan nan nan nan nan nan nan nan
0.73787460176018881963 0.78329880602118373556 0.84436853882434026453 0.88659899382100959553 0.93369559450683892177 0.97581149832922176035 1.0009571005521795684 1.0211057799259912748 1.0406549448654662804 1.0638567986947089494 1.0893878484803620754 1.1447739738765907447 1.1274915582741076303 1.1269779758849260975 1.1210427046110698068 1.1236903733677754413 1.1504216797817139462 1.1688610686145277651 1.1794179838244809311 1.1758652491870771328 1.2021168029415933987 1.2620691619004118511 1.2800239237558668215 1.3180984036781029367 1.4367496536488353343 nan nan nan nan nan nan nan nan nan nan nan nan nan nan nan nan nan nan nan nan nan nan nan nan nan nan nan nan nan nan nan nan nan nan nan nan nan
0.77898068796413411086 0.81240720704187208145 0.85903589337738883724 0.90330093681137579864 0.95113393119464750836 0.9821861709855290723 1.0196667976409230505 1.0445095046176549047 1.0657088640337277763 1.100306414034762037 1.1417062352203506403 1.1662706449491742067 1.1405845433300829672 1.1439653743036442002 1.1428248778791116891 1.1544582453183100945 1.1766707020045195087 1.1834178001385646795 1.1899810527750263045 1.196474141777694955 1.2125126470056304395 1.2721531707695450386 1.2947897896266471474 1.3259559040956689913 1.3785676787847245262 nan nan nan nan nan nan nan nan nan nan nan nan nan nan nan nan nan nan nan nan nan nan nan nan nan nan nan nan nan nan nan nan nan nan nan nan nan
0.8039303148548648803 0.83846301457394989409 0.87691426194647636994 0.92271495089706656589 0.95768746798885084903 0.98415928991769030532 1.034723397720491711 1.0636217864147790024 1.0916440882837314952 1.1389214772611266913 1.1801928139334079138 1.1656899670369103017 1.1601940129963947967 1.1690821313280512772 1.1756331981715835155 1.1919223630592179486 1.2032105126564527353 1.2065925105181845023 1.2084479587316816485 1.2195206061998655755 1.2060770806179734738 1.2002846387615297985 1.2433772747659992408 1.2815111972339752189 1.3393127477088122568 nan nan nan nan nan nan nan nan nan nan nan nan nan nan nan nan nan nan nan nan nan nan nan nan nan nan nan nan nan nan nan nan nan nan nan nan nan
0.82412919135500628531 0.85582874760012839221 0.89099133439295297165 0.94358259417984968742 0.97413823858127157607 1.0083331058989111195 1.0486756437039002066 1.0843795341678517108 1.1293585705627440241 1.1919179226322345055 1.2096018980243536944 1.1818379567240213657 1.1776721747746126123 1.1795978507707898242 1.1912484105336538232 1.2027105663590544893 1.2144702910829745512 1.2180424928603457158 1.2156573282729883356 1.2306980873352333372 1.2432517829676388299 1.2349277320029357075 1.2463614355079442042 1.2972419240518171524 1.3439198217805645719 nan nan nan nan nan nan nan nan nan nan nan nan nan nan nan nan nan nan nan nan nan nan nan nan nan nan nan nan nan nan nan nan nan nan nan nan nan
0.84342653307389259254 0.87480482999133024613 0.91103953920663438559 0.95651508388239803171 0.99301888049310882423 1.0318921668973439765 1.0690699583895839631 1.1045209999668486045 1.1581723930380345422 1.2059956603106056772 1.2082167039863509483 1.2138244669448425839 1.2073801917756556978 1.2112807916923533647 1.2190491245265944187 1.2254156896538048738 1.2317497304276359138 1.2323540227760125809 1.2346667024049169381 1.2560976272467931913 1.2706865686567705431 1.276243718345943412 1.2781533446849508984 1.318844839704443217 1.3463114222786671803 nan nan nan nan nan nan nan nan nan nan nan nan nan nan nan nan nan nan nan nan nan nan nan nan nan nan nan nan nan nan nan nan nan nan nan nan nan
0.85374614192331654827 0.88749650576790162226 0.91865797826915962521 0.96365136253887229145 1.0047456690179068506 1.0515259339992240051 1.0917214035478397527 1.1281386272611788613 1.1753591502577154237 1.2361779806435939655 1.2357721263547416513 1.234124598411879381 1.2369522754913926388 1.2380632140605962732 1.2385208202443560577 1.2427682773524557636 1.246351787727746574 1.2501469726834251173 1.2634615006469192 1.3018583637600449343 1.3026005006260976682 1.3097882925728578929 1.3074324472594462954 1.3064787394876413718 nan nan nan nan nan nan nan nan nan nan nan nan nan nan nan nan nan nan nan nan nan nan nan nan nan nan nan nan nan nan nan nan nan nan nan nan nan nan
0.89379074016630111199 0.91941990709021659267 0.94481629086578544641 0.97682313526205821752 1.0152523291256463356 1.0537543725176488074 1.105099452640719182 1.1482448184873224051 1.1877847298646331264 1.2545129186697072665 1.2769297359854039353 1.2564508434829717576 1.2587065652421247641 1.2572885840884358011 1.2554727332348984969 1.2555966741970767675 1.2614927691917996455 1.2674394449089287917 1.2805971733544108115 1.3237966866680470623 1.3389141829958237651 1.3326013751393308571 1.3347629537253935528 1.3550484729327429978 nan nan nan nan nan nan nan nan nan nan nan nan nan nan nan nan nan nan nan nan nan nan nan nan nan nan nan nan nan nan nan nan nan nan nan nan nan nan
0.93404588188566628482 0.95918989441965429865 0.9860018400082701806 1.0176328779725543061 1.0388016846652192715 1.0747136501721372692 1.128160791102133631 1.1920422001707910997 1.2297941374074081722 1.2759719333443393374 1.2652565394935835208 1.2689528952037787413 1.2680376512663908972 1.2685820195064034799 1.268221404758939741 1.2720269298782262979 1.2790778789594390297 1.284437920480928863 1.2932179573581594756 1.3262564964865415362 1.388599656292018647 1.379078883851924342 1.3668389511389871238 1.3687039902488464804 nan nan nan nan nan nan nan nan nan nan nan nan nan nan nan nan nan nan nan nan nan nan nan nan nan nan nan nan nan nan nan nan nan nan nan nan nan nan
0.94233073345977591551 0.974817922688994698 1.0024619122926998749 1.0364935800908035013 1.0658417100139752076 1.0952177884475300385 1.1257853288230281752 1.1846679249873219852 1.235827350256745838 1.2844876362460162511 1.2908403977644777871 1.2821208967162180947 1.2784735943054723606 1.2798809404322430971 1.2830905417338569485 1.2899443338251961322 1.2973477776947972551 1.3059804500455991505 1.317556257570544842 1.326643923841342998 1.4217671671313303339 1.4658812758609658378 nan nan nan nan nan nan nan nan nan nan nan nan nan nan nan nan nan nan nan nan nan nan nan nan nan nan nan nan nan nan nan nan nan nan nan nan nan nan nan nan
0.92645907267021188058 0.96122093380422257702 0.99959487562782967096 1.0516331048386597935 1.0735118709669806414 1.1125413282463076925 1.1546625423596266202 1.1879954680702915493 1.2213396524249315878 1.274252988193783187 1.3159228186523981297 1.3022401634855325092 1.300068180799682338 1.303781894996508095 1.3050527076430407103 1.3089413761723034391 1.3265455065767590703 1.362993108148737198 1.3440077921409760986 1.3470719826747874492 1.3890215665709544357 nan nan nan nan nan nan nan nan nan nan nan nan nan nan nan nan nan nan nan nan nan nan nan nan nan nan nan nan nan nan nan nan nan nan nan nan nan nan nan nan nan
0.97212836362681109836 0.99472152105594902061 1.0123773384138201603 1.0463371759932809102 1.0843886635833293042 1.1152780530050205865 1.1364299613774477837 1.1380019344764533695 1.1799197951536166684 1.2558517147453431839 1.3610496803970446589 1.3547453369748756469 1.3448596257627920547 1.3400176353299171339 1.3572006901036874904 1.3933241689770572425 1.4411052869750726746 1.4221052638615008235 1.3669792578311046327 1.3758696336398665849 nan nan nan nan nan nan nan nan nan nan nan nan nan nan nan nan nan nan nan nan nan nan nan nan nan nan nan nan nan nan nan nan nan nan nan nan nan nan nan nan nan nan
0.96770009180179350494 1.0118514998522250004 1.0580447128804741919 1.0927601714547903189 1.1172533421088841621 1.1321141199303057512 1.1582843696835387615 1.1803770627315282038 1.2164065681514055761 1.2651737030943279727 1.3524442520197166306 1.4049556408674850339 1.4106679023456201172 1.4198238827213025548 1.4213740533509708897 nan nan nan 1.4054900799541751866 nan nan nan nan nan nan nan nan nan nan nan nan nan nan nan nan nan nan nan nan nan nan nan nan nan nan nan nan nan nan nan nan nan nan nan nan nan nan nan nan nan nan nan
0.98519146793130041306 1.010635389243352833 1.0690876756506477729 1.1134274609743952666 1.1274441586619108335 1.1423744426932436191 1.1731545028352208249 1.2091947487065137778 1.2509328690877115076 1.2893099529860394536 1.3879207342114383561 1.4702009379654921162 nan nan nan nan nan nan nan nan nan nan nan nan nan nan nan nan nan nan nan nan nan nan nan nan nan nan nan nan nan nan nan nan nan nan nan nan nan nan nan nan nan nan nan nan nan nan nan nan nan nan
1.0244958135497013174 1.0359466737317455376 1.0596085890687045872 1.0979042029163259553 1.1396869553220452254 1.1655544350890134631 1.1894271146001706985 1.233308356868399347 1.2805857962766038494 1.3159537656468733857 1.3677655663824404009 nan nan nan nan nan nan nan nan nan nan nan nan nan nan nan nan nan nan nan nan nan nan nan nan nan nan nan nan nan nan nan nan nan nan nan nan nan nan nan nan nan nan nan nan nan nan nan nan nan nan nan
1.062260283354610424 1.0699372651591554373 1.0928084454960396155 1.1205590589804415025 1.1472767347117411862 1.1824071519080081583 1.2116453835985907528 1.2613925050450611742 1.3029587500929089572 1.3359934063061764675 1.3704454336877527343 nan nan nan nan nan nan nan nan nan nan nan nan nan nan nan nan nan nan nan nan nan nan nan nan nan nan nan nan nan nan nan nan nan nan nan nan nan nan nan nan nan nan nan nan nan nan nan nan nan nan nan
1.0825361152137324972 1.107123074729053247 1.1179108944665412384 1.1398183035151419062 1.1507545300861516946 1.1700909931053165014 1.185069993303885072 1.2050865821267735534 1.2538636875934385806 1.3066311612158392208 1.4188765125237907672 nan nan nan nan nan nan nan nan nan nan nan nan nan nan nan nan nan nan nan nan nan nan nan nan nan nan nan nan nan nan nan nan nan nan nan nan nan nan nan nan nan nan nan nan nan nan nan nan nan nan nan
1.0896288356017742593 1.1236787160041992184 1.1464198768704878528 1.1584538907351957793 1.1748337292011910016 1.1841119780300324305 1.1906649727373663783 1.2111579018376246175 1.2618814470256780602 1.3232040504983695328 1.4149729509371646863 1.5496998380606765711 nan nan nan nan nan nan nan nan nan nan nan nan nan nan nan nan nan nan nan nan nan nan nan nan nan nan nan nan nan nan nan nan nan nan nan nan nan nan nan nan nan nan nan nan nan nan nan nan nan nan
1.1030083546244435766 1.1307995714149237099 1.1639538886011238095 1.1773410060925766363 1.1964316098277025802 1.221663215726961349 1.2323351268033204686 1.2346720355470115482 1.2561205243758264416 1.3044693376628793136 1.351451838134524186 1.4844595824009627627 nan nan nan nan nan nan nan nan nan nan nan nan nan nan nan nan nan nan nan nan nan nan nan nan nan nan nan nan nan nan nan nan nan nan nan nan nan nan nan nan nan nan nan nan nan nan nan nan nan nan
1.1247304008339849002 1.140971750969663745 1.1724349204109645317 1.195709896057265631 1.2177414747687402841 1.2398941438061024112 1.2564815573003655924 1.2665903015712989266 1.2824226835211696152 1.3332976847280302302 1.3950661340943679711 1.5544187928399006982 nan nan nan nan nan nan nan nan nan nan nan nan nan nan nan nan nan nan nan nan nan nan nan nan nan nan nan nan nan nan nan nan nan nan nan nan nan nan nan nan nan nan nan nan nan nan nan nan nan nan
