results/rofental/snowmelt_month_2020-07-01T0000_2020-07-31T2300.asc
ncols        322
nrows        225
xllcorner    622802.488000000012
yllcorner    5178049.378999999724
cellsize     100.000000000000
[rows 112 to 139 of 225, columns 192 to 255 of 322]
0 0 0.30032076878329305725 1.0029754655692539878 1.8542992738916974638 3.118214533131165922 3.2925876342159465793 3.3942427594862474294 4.2945072918744173762 4.5777190976877442097 4.4966602655337091221 4.2381180599989365376 3.6759604583430354197 3.8812981688086658494 6.0683973226520873112 8.0204077287985757749 9.2663209543714781802 10.139166086811576051 9.4036287693767111051 7.6437963286523267215 6.9894842788755671137 8.6994172300493435301 10.920675793980308299 9.0255610446109013623 nan nan nan nan nan nan nan nan nan nan nan nan nan nan nan nan nan nan nan nan nan nan nan nan nan nan nan nan nan nan nan nan nan nan nan nan nan nan nan nan
0 0.23877364655998190024 1.1457269681603174938 2.2661617804075917526 3.0990956470212118745 3.3210513664246281706 3.4010511489359327442 4.4420528903626559369 5.8951228506325588086 6.1590886755886922188 6.1675298557223268148 6.2080736067083392982 5.4973341856475697043 5.4296886023827815038 6.6075211830841169558 9.5041479788366949322 11.149153829342589361 11.011867219774066129 10.63489375995881403 9.711701222336277084 10.289697243643953328 11.836635071328718283 nan nan nan nan nan nan nan nan nan nan nan nan nan nan nan nan nan nan nan nan nan nan nan nan nan nan nan nan nan nan nan nan nan nan nan nan nan nan nan nan nan nan
0.56612570155207508904 1.271043338590237104 2.3067969076992147492 3.0986482648283004693 3.2619255825742685673 3.3475745429562997479 4.6444597597862067317 6.6232341499529852058 8.0480111350092702338 8.0037558258419636559 7.8803091748966744845 8.0091192579929018081 7.3964889909549373925 7.0617145984704263739 7.285896069107979045 10.379401126279963918 11.564648114510319488 11.236361457874357583 10.694170551183727724 10.663578277790580984 11.429782616080977675 13.641434608525146999 nan nan nan nan nan nan nan nan nan nan nan nan nan nan nan nan nan nan nan nan nan nan nan nan nan nan nan nan nan nan nan nan nan nan nan nan nan nan nan nan nan nan
1.3892497833854591249 2.3789710966145896087 3.0742169453125876011 3.2018331976807301587 3.2553980153486521409 3.7091235992409363753 6.0772152397189591611 8.729238043238925826 10.365965532772388968 10.323817164104610811 10.628668852856074878 10.187348924518062177 9.4645430356236079916 9.526172287486414092 9.3772225979339651758 10.450604592887140498 11.663713642469005549 12.111369583069484079 11.375050385712109247 11.394057682189066227 12.291311898206521036 16.191289295955833438 nan nan nan nan nan nan nan nan nan nan nan nan nan nan nan nan nan nan nan nan nan nan nan nan nan nan nan nan nan nan nan nan nan nan nan nan nan nan nan nan nan nan
2.7239651799794701859 3.1084350485784510987 3.2344911434484822088 3.3231823491569598694 4.4263391721504934395 5.639854171544698147 7.070692015721426138 9.4287189709948098226 10.844661029756405668 10.914478398241568513 10.878444462373570545 10.762166428007830632 10.64850228641835983 10.604372321241374522 10.558170118854246056 10.784205590764019078 12.393120198958209599 73.191092587838483041 12.95887857570061108 13.1009094495070606 15.318664348409287257 17.21425503367071741 nan nan nan nan nan nan nan nan nan nan nan nan nan nan nan nan nan nan nan nan nan nan nan nan nan nan nan nan nan nan nan nan nan nan nan nan nan nan nan nan nan nan
3.1824693645739237091 3.2795873792343659403 3.3200207146461813146 5.3754883988541770634 7.0268956589019406778 9.2753163017562076931 10.693815294056276954 10.844205023168010271 11.006671073293048835 11.254794377622703294 11.120753839763962034 11.032924128277601383 10.945945642970350775 10.894542490016675629 10.852174795584359046 11.20070861456131972 12.986439371891789207 240.60888889955069203 260.01531284673859545 148.67403647629714669 105.57174628037057573 nan nan nan nan nan nan nan nan nan nan nan nan nan nan nan nan nan nan nan nan nan nan nan nan nan nan nan nan nan nan nan nan nan nan nan nan nan nan nan nan nan nan nan
3.2855021552578658195 4.2738570186500366432 6.0663923651272675386 8.4490021885203479002 10.707511057126742671 10.872505396455020232 10.997163550106956009 11.268602403583628302 11.436550116170238311 11.499073541106385576 11.479938547616781008 11.457206491706623197 11.322220391753083035 11.188356678261856203 11.262676496915362989 12.169384570187245842 14.067699920199148167 84.795387685941548739 402.26492867951850485 283.99193759039485485 nan nan nan nan nan nan nan nan nan nan nan nan nan nan nan nan nan nan nan nan nan nan nan nan nan nan nan nan nan nan nan nan nan nan nan nan nan nan nan nan nan nan nan nan
5.1802288732509174096 6.9967739527926839926 9.4012507096836461784 10.843467730065720289 11.032349483331469031 11.151534240088730954 11.427381930538903276 11.751342286034672568 11.74652857223773772 11.717091199319902728 11.888351985446030668 11.799759201231534433 11.687661673601377643 11.579010637658203819 11.84842843521819411 13.28480682479596986 18.196356683587254111 98.941313262292752029 380.90719181357576417 nan nan nan nan nan nan nan nan nan nan nan nan nan nan nan nan nan nan nan nan nan nan nan nan nan nan nan nan nan nan nan nan nan nan nan nan nan nan nan nan nan nan nan nan nan
8.7764728533234279695 10.821070498107248525 10.9554112126809855 11.138666740050902959 11.253800656046212936 11.747010931719122695 12.097398969120508383 12.1267561475326211 11.990924699759357708 12.00198181096950556 12.287831087079997161 12.212336762810915403 12.253131625325641707 12.134252654021890905 13.192817292344678037 17.107595517518507933 20.939470364850404138 139.81569731239645193 425.62559943348151137 nan nan nan nan nan nan nan nan nan nan nan nan nan nan nan nan nan nan nan nan nan nan nan nan nan nan nan nan nan nan nan nan nan nan nan nan nan nan nan nan nan nan nan nan nan
11.019387822789656894 11.137912080552919036 11.242790225819556227 11.389533254168913601 11.73316807679355378 13.079554598575588997 12.511558640562276068 12.397301822074821231 12.151448986079603998 12.190832090836771329 12.572645620196761129 12.869346505978446871 13.091742970517760369 13.08343431628655118 14.667097478878650563 32.182759391275901351 53.652336632135487093 169.52484650502236718 378.5549496244977945 nan nan nan nan nan nan nan nan nan nan nan nan nan nan nan nan nan nan nan nan nan nan nan nan nan nan nan nan nan nan nan nan nan nan nan nan nan nan nan nan nan nan nan nan nan
11.29012837672816616 11.375470968251550019 11.539103819107644711 11.959173273702660367 13.137755833439376474 26.889093722824839006 12.956054804801079072 12.811267023530174214 12.448627446385698292 12.609591250119809303 13.325179830725829788 13.596488745285126853 13.656993021765986285 14.051027556071002067 15.914985096955675203 23.190553560011100132 29.027879509809437764 113.88442895881502182 392.87459948610859328 nan nan nan nan nan nan nan nan nan nan nan nan nan nan nan nan nan nan nan nan nan nan nan nan nan nan nan nan nan nan nan nan nan nan nan nan nan nan nan nan nan nan nan nan nan
11.479756809860724331 11.6808481739698653 11.921334530036931554 13.215139693287378364 15.277468152285774039 14.282632116890361829 13.48227235710473515 13.420050620838148703 13.352548786641289524 13.892091340326224724 14.352524533430637277 14.460861539965863543 14.415198593166921981 15.542691391242422938 16.914052071622627693 19.316819032016244506 25.337165129185112988 32.254492371649533311 135.90764444007456291 nan nan nan nan nan nan nan nan nan nan nan nan nan nan nan nan nan nan nan nan nan nan nan nan nan nan nan nan nan nan nan nan nan nan nan nan nan nan nan nan nan nan nan nan nan
11.704018424661819964 11.885103758018024322 12.973181356320171886 77.630916308406000326 133.85529663232509279 14.948641946377273726 14.130988429973314169 13.838922357261230545 14.143981514335512983 14.628283092109439778 15.267867847212150068 15.321851855380964835 15.086957062781605643 16.235493055207854241 18.177245828289713359 18.82010831246008209 22.702757977928573752 31.225786064762935723 114.32450817681019828 nan nan nan nan nan nan nan nan nan nan nan nan nan nan nan nan nan nan nan nan nan nan nan nan nan nan nan nan nan nan nan nan nan nan nan nan nan nan nan nan nan nan nan nan nan
11.88777490238535961 12.379415488034188897 14.398750136686235379 18.549430628332242321 17.508257270442822318 75.583921641051375673 15.563324606102113989 15.005369706546046515 15.413776128599490534 15.997403605855490483 16.462056170446576431 16.16574194875911985 16.127247635825305849 17.619608635631315963 19.12197918937870611 20.635999332409870277 22.479738737259364001 31.880353689320411803 210.32896405153928754 nan nan nan nan nan nan nan nan nan nan nan nan nan nan nan nan nan nan nan nan nan nan nan nan nan nan nan nan nan nan nan nan nan nan nan nan nan nan nan nan nan nan nan nan nan
12.197874870063673214 13.213960712264187336 15.899879869037880198 188.76022038361335831 77.226397862604400757 88.261331499733330475 62.604918225270814958 17.062778976225235539 16.927349338976014792 17.20814167801385608 17.279418263550432755 17.055936649891730639 17.613822282993059076 176.30025210242888534 79.451484509345149831 42.509514896014145791 24.917720632287743143 30.517358591226066977 nan nan nan nan nan nan nan nan nan nan nan nan nan nan nan nan nan nan nan nan nan nan nan nan nan nan nan nan nan nan nan nan nan nan nan nan nan nan nan nan nan nan nan nan nan nan
12.586657651168447813 13.910235608857691503 16.802738429668142572 207.60086824041522391 319.51835988226508789 123.19472226758860245 89.275827595370230938 29.07992805546725279 18.268259595237658743 18.01302244888924875 18.017331315396145186 18.065511281979112823 19.834207964701256799 188.9996777291544845 223.98890031558653391 118.89044195753730548 39.41618332563785998 124.64435196185941379 nan nan nan nan nan nan nan nan nan nan nan nan nan nan nan nan nan nan nan nan nan nan nan nan nan nan nan nan nan nan nan nan nan nan nan nan nan nan nan nan nan nan nan nan nan nan
13.049511378097003345 15.809857530934570136 99.097020552789345516 234.88451472520827679 168.47320449555803634 135.52690980422661937 36.77730124760645225 20.186399289516433697 19.201808392335493636 18.882270544422489422 18.978366586789604753 19.248667308505453377 21.375391193549074131 55.5810063610525944 335.22206845589835211 236.05810850762171071 176.18561309886396771 179.5566207406831154 nan nan nan nan nan nan nan nan nan nan nan nan nan nan nan nan nan nan nan nan nan nan nan nan nan nan nan nan nan nan nan nan nan nan nan nan nan nan nan nan nan nan nan nan nan nan
13.377920855106031794 16.154808097783014631 21.191018221406256572 247.10891080180380186 263.7644214710217625 77.607344349960683871 21.719547734289307073 20.841525070795306362 19.816808970592742156 19.83389287919514743 20.036140250302032939 20.953063312086790404 23.342710419292856727 26.680004287999974366 355.99474450098858824 427.44040021911234817 nan nan nan nan nan nan nan nan nan nan nan nan nan nan nan nan nan nan nan nan nan nan nan nan nan nan nan nan nan nan nan nan nan nan nan nan nan nan nan nan nan nan nan nan nan nan nan nan
14.02255219502847261 16.382874385961361696 20.349667013600861054 29.536138399427734669 336.48023515812542428 167.52165542993469671 65.813524156227728668 68.032852277462211532 21.918032089687496722 21.2201810961269004 24.009886880242422791 137.55058570583619826 58.180452600551724629 42.424194933938942143 198.37827840748602171 nan nan nan nan nan nan nan nan nan nan nan nan nan nan nan nan nan nan nan nan nan nan nan nan nan nan nan nan nan nan nan nan nan nan nan nan nan nan nan nan nan nan nan nan nan nan nan nan nan
14.031714671862138388 14.849237646594454887 16.931740730788696681 22.311598073844820078 369.06476337025867451 309.39708650307159132 223.88542927406237482 157.51095579115511214 184.51857948162046341 359.06820285462555375 407.30538661580936832 367.31025676506124 170.7704338532017232 117.76955470033912832 nan nan nan nan nan nan nan nan nan nan nan nan nan nan nan nan nan nan nan nan nan nan nan nan nan nan nan nan nan nan nan nan nan nan nan nan nan nan nan nan nan nan nan nan nan nan nan nan nan nan
14.066670691471289345 14.711747652399427722 16.738339521591075965 22.03351857807301073 159.6055763907588414 371.2162325626371171 375.35709175590062614 385.25069049354266326 350.88301201142519403 nan nan nan 171.86817445181526409 nan nan nan nan nan nan nan nan nan nan nan nan nan nan nan nan nan nan nan nan nan nan nan nan nan nan nan nan nan nan nan nan nan nan nan nan nan nan nan nan nan nan nan nan nan nan nan nan nan nan nan
14.048408894591753793 15.192512176443772276 18.122571153312687642 23.131572261636897281 229.65139256646870081 416.1271875961658111 nan nan nan nan nan nan nan nan nan nan nan nan nan nan nan nan nan nan nan nan nan nan nan nan nan nan nan nan nan nan nan nan nan nan nan nan nan nan nan nan nan nan nan nan nan nan nan nan nan nan nan nan nan nan nan nan nan nan
14.267942866937152857 16.024059779868895959 20.042591191333851697 38.086606571788877318 129.37706601906174342 nan nan nan nan nan nan nan nan nan nan nan nan nan nan nan nan nan nan nan nan nan nan nan nan nan nan nan nan nan nan nan nan nan nan nan nan nan nan nan nan nan nan nan nan nan nan nan nan nan nan nan nan nan nan nan nan nan nan nan
14.763761345914739209 17.326779772824760784 22.362639702015279397 56.540719937012454466 122.7384364308417446 nan nan nan nan nan nan nan nan nan nan nan nan nan nan nan nan nan nan nan nan nan nan nan nan nan nan nan nan nan nan nan nan nan nan nan nan nan nan nan nan nan nan nan nan nan nan nan nan nan nan nan nan nan nan nan nan nan nan nan
14.749847130629003544 16.015043300086933442 19.319179090652742303 24.360273073661371512 177.37183473986976878 nan nan nan nan nan nan nan nan nan nan nan nan nan nan nan nan nan nan nan nan nan nan nan nan nan nan nan nan nan nan nan nan nan nan nan nan nan nan nan nan nan nan nan nan nan nan nan nan nan nan nan nan nan nan nan nan nan nan nan
14.582976881178444373 15.386856136871971401 17.577084694135471921 23.562367422200111378 117.74631325064135012 353.66093086261088274 nan nan nan nan nan nan nan nan nan nan nan nan nan nan nan nan nan nan nan nan nan nan nan nan nan nan nan nan nan nan nan nan nan nan nan nan nan nan nan nan nan nan nan nan nan nan nan nan nan nan nan nan nan nan nan nan nan nan
15.054674649485670912 15.464827217704691265 16.865005925688880239 21.58125112113780375 28.635497983231143593 347.47084791944928384 nan nan nan nan nan nan nan nan nan nan nan nan nan nan nan nan nan nan nan nan nan nan nan nan nan nan nan nan nan nan nan nan nan nan nan nan nan nan nan nan nan nan nan nan nan nan nan nan nan nan nan nan nan nan nan nan nan nan
15.479819021846395799 15.925237674187229686 16.840613118216690935 21.731616457372538775 29.521615055267012906 441.59161493952331057 nan nan nan nan nan nan nan nan nan nan nan nan nan nan nan nan nan nan nan nan nan nan nan nan nan nan nan nan nan nan nan nan nan nan nan nan nan nan nan nan nan nan nan nan nan nan nan nan nan nan nan nan nan nan nan nan nan nan
