results/rofental/snowdepth_month_2019-12-01T0000_2019-12-31T2300.asc
ncols        322
nrows        225
xllcorner    622802.488000000012
yllcorner    5178049.378999999724
cellsize     100.000000000000
[rows 56 to 83 of 225, columns 186 to 247 of 322]
nan nan nan nan nan nan nan nan nan nan nan nan nan nan nan nan nan nan nan nan nan nan nan nan nan nan nan nan nan nan nan nan nan nan nan nan nan nan nan nan nan nan nan nan nan nan nan nan nan nan nan nan nan nan nan nan nan nan nan nan nan nan
nan nan nan nan nan nan nan nan nan nan nan nan nan nan nan nan nan nan nan nan nan nan nan nan nan nan nan nan nan nan nan nan nan nan nan nan nan nan nan nan nan nan nan nan nan nan nan nan nan nan nan nan nan nan nan nan nan nan nan nan nan nan
nan nan nan nan nan nan nan nan nan nan nan nan nan nan nan nan nan nan nan nan nan nan nan nan nan nan nan nan nan nan nan nan nan nan nan nan nan nan nan nan nan nan nan nan nan nan nan nan nan nan nan nan nan nan nan nan nan nan nan nan nan nan
nan nan nan nan nan nan nan nan nan nan nan nan nan nan nan 1.3589723221311094115 nan nan nan nan nan nan nan nan nan nan nan nan nan nan nan nan nan nan nan nan nan nan nan nan nan nan nan nan nan nan nan nan nan nan nan nan nan nan nan nan nan nan nan nan nan nan
nan nan nan nan nan nan nan nan nan nan nan nan nan 1.4343943836999051289 1.3553494351912778182 1.2331166236143877857 1.2416509641525355079 1.303592810437637084 nan nan nan nan nan nan nan nan nan nan nan nan nan nan nan nan nan nan nan nan nan nan nan nan nan nan nan nan nan nan nan nan nan nan nan nan nan nan nan nan nan nan nan nan
nan nan nan nan nan nan nan nan nan nan nan 1.3046724101913003135 1.2691600843385604236 1.2571376639809308529 1.2414851156432678003 1.22441185307128797 1.2024962854056473471 1.1825790658655213061 1.1941791242069375034 nan nan nan nan nan nan nan nan nan nan nan nan nan nan nan nan nan nan nan nan nan nan nan nan nan nan nan nan nan nan nan nan nan nan nan nan nan nan nan nan nan nan nan
nan nan nan nan nan nan nan nan nan 1.4895050694667428814 1.2943492676020396104 1.2352014684548831003 1.2120435446374715482 1.1997850456512766382 1.1961974518055225047 1.2003510813336157881 1.1957246106747079217 1.1667422694705773534 1.1468200725666537476 1.1587743265323207087 1.1839168988615575984 nan nan nan nan nan nan nan nan nan nan nan nan nan nan nan nan nan nan nan nan nan nan nan nan nan nan nan nan nan nan nan nan nan nan nan nan nan nan nan nan nan
nan nan nan nan nan nan nan nan 1.4462711596068829056 1.4069150090770010664 1.2636869727603661229 1.2283790777158551943 1.2141222594556282388 1.2030163565787881375 1.1896549521953740935 1.179576970987850526 1.17590951472279448 1.1605420931310750365 1.1405768988137614528 1.1241408127690628582 1.126157377011845373 1.1586300003777825207 1.2424237413597778446 nan nan nan nan nan nan nan nan nan nan nan nan nan nan nan nan nan nan nan nan nan nan nan nan nan nan nan nan nan nan nan nan nan nan nan nan nan nan nan
nan nan nan nan nan nan nan nan 1.4826389108616437884 1.4443456911083476513 1.3344485185808150352 1.2340203399174392018 1.2221209735082392278 1.2134275839243755524 1.2031187524235618103 1.1893446984287583401 1.1758572383222531954 1.1629861505176282144 1.1478623963691401144 1.1381143710260006596 1.1278128569506875589 1.1241404835651234162 1.1500272091513636941 1.1942071504962241679 nan nan nan nan nan nan nan nan nan nan nan nan nan nan nan nan nan nan nan nan nan nan nan nan nan nan nan nan nan nan nan nan nan nan nan nan nan nan
1.1840041351806258607 1.1980103908773693799 1.2068704371419436416 1.2343661607850373585 1.41608974539398913 nan nan 1.2786111090167124882 1.2706921570137446054 1.3539266194509409491 1.3796635243479375976 1.3284134375768115177 1.3152524546698325381 1.3113391712190123339 1.2083119810163123198 1.1793237174923134614 1.168450967898317483 1.1633653779499844028 1.1553076192980018533 1.1473156754300533056 1.1380051101782615586 1.125116246033939893 1.1255845217172639749 1.1686454226207749763 1.1877648361288066781 nan nan nan nan nan nan nan nan nan nan nan nan nan nan nan nan nan nan nan nan nan nan nan nan nan nan nan nan nan nan nan nan nan nan nan nan nan
1.1050843697667231957 1.1308346363979724369 1.1608704639587092977 1.1859274514519679844 1.2240698685286512948 1.2579080471328887292 1.2655531487151197023 1.2329397275028777248 1.2077324986782858041 1.2181918363296710961 1.334867966936621686 1.352843318952103191 1.2639825959720103477 1.2255978369025519736 1.2033630853976491348 1.1781685941372379567 1.1575449588839279436 1.1576342548180662551 1.1559613772344723426 1.1462433156704592285 1.1387597546370498147 1.1316991101313376156 1.1263239287887287787 1.1615760313563807671 1.1725161532028662847 1.1799968666100784098 nan nan nan nan nan nan nan nan nan nan nan nan nan nan nan nan nan nan nan nan nan nan nan nan nan nan nan nan nan nan nan nan nan nan nan nan
1.1088324858253766347 1.1296586116709916858 1.14535036351980124 1.1480537102530938842 1.1661286448322385478 1.2013714943471685004 1.2316533469510719812 1.2005051529258836673 1.1778780885285091706 1.1894826771986632963 1.2663504470324853379 1.3705692987578907971 1.306865420959707258 1.2290542969176561083 1.2022946489687484917 1.1840059286837205654 1.166994265050802948 1.1567826777126080096 1.1500612549695969911 1.1402506067014903657 1.1342586950410107338 1.1283249542761824014 1.1181225017628855234 1.1464869905966146302 1.14995764067753381 1.1614986472136721307 1.1683805487976897108 nan nan nan nan nan nan nan nan nan nan nan nan nan nan nan nan nan nan nan nan nan nan nan nan nan nan nan nan nan nan nan nan nan nan nan
1.0924388536984654952 1.0987111607742010566 1.0913630775956502106 1.0974525406333608402 1.1162245105563075587 1.1643985354112325048 1.2081605500383034713 1.179492483774280176 1.1447839120073153296 1.152943671091726463 1.1970677498921737936 1.2379780286371784292 1.3933942071664573437 1.3588165805117224938 1.209930005039721479 1.1869469727233628031 1.1725102902669151117 1.160984289742954978 1.1505312303834078769 1.1409987113563808681 1.1349399616465656315 1.1210999130636614129 1.0859336063681510609 1.0768272583427578315 1.057450932930311005 1.1076370311306089622 1.159437865210934282 nan nan nan nan nan nan nan nan nan nan nan nan nan nan nan nan nan nan nan nan nan nan nan nan nan nan nan nan nan nan nan nan nan nan nan
1.0631126839303450815 1.0584066588026459499 1.0777853467373976759 1.0981213246769438996 1.1106917221232777138 1.1351187842721675025 1.1464836076945077448 1.143655238108264971 1.1159451984838386629 1.1232591012526358387 1.1480011878847999895 1.1642319919607471146 1.2094895360639488224 1.3831567872760275328 1.3591646199770310854 1.236643827732719636 1.1855809755635913216 1.1619032937157911523 1.1505662065163444474 1.1351143376674133201 1.1252756760610496123 1.1070022850109064727 1.0806736827943055346 1.0510948707509601974 1.0137859194059806178 1.0374848228844881781 1.1103476486514332056 nan nan nan nan nan nan nan nan nan nan nan nan nan nan nan nan nan nan nan nan nan nan nan nan nan nan nan nan nan nan nan nan nan nan nan
1.0570905998283934846 1.0579060173295620206 1.0722585673878328727 1.0931350192192283988 1.0627285744582546378 1.0548274389850675892 1.0738384495445363331 1.0740771596200751059 1.0836086951127215094 1.1050947647812692232 1.1174774489485190809 1.1214815613825783736 1.1452408319026012862 1.1944740204056378818 1.3319934978506224876 1.3542059716812253622 1.288344052354712943 1.1807107395137701467 1.1464068555977537933 1.1236183109795487844 1.1031344122487503068 1.0896827633272743174 1.0799034919207852745 1.0736860748382475172 1.0434463808142251384 1.0303898278288243784 1.1041405807223947377 nan nan nan nan nan nan nan nan nan nan nan nan nan nan nan nan nan nan nan nan nan nan nan nan nan nan nan nan nan nan nan nan nan nan nan
1.056817106314735577 1.0505592817519853188 1.044480249160411045 1.0473842831295161471 1.0186762213655875531 0.99842239168957758189 1.0035248722167955382 1.0310831269442841673 1.0531069582506034088 1.0687527672894763242 1.0816427297644506389 1.094381991546804489 1.1097983014420667036 1.1333488376965656919 1.161143731983826477 1.1781241635338171037 1.2166997452045882344 1.2178198484617426267 1.1653828481548571538 1.1190055939071736901 1.0826372565979855978 1.0642662159205000805 1.0569424165332093057 1.0603864022237596831 1.0510497126942615065 1.0077911715604639387 1.0227303856824132566 1.1099292518863341783 nan nan nan nan nan nan nan nan nan nan nan nan nan nan nan nan nan nan nan nan nan nan nan nan nan nan nan nan nan nan nan nan nan nan
1.0558950699200981838 1.0474200445983183894 1.0422589815725231688 1.0521148234785389075 1.0269247406376376119 1.0030820650548351036 1.0098573575387488344 1.0197985664470814449 1.0232348879170545253 1.032425488595106966 1.0499014488032791803 1.0626746888503666444 1.0769273279225408668 1.1098504671522995135 1.1335915452012026439 1.1179059804560866898 1.1487919770729262403 1.1907777509659689397 1.1513515593740488718 1.1124450596585782058 1.067294310415066505 1.0495895889009418944 1.0241025728998365274 0.9922432371828791009 1.0027500286909560856 0.99784435208249866456 0.98991012783559895194 1.0258133120898169643 1.0972440852113898302 nan nan nan nan nan nan nan nan nan nan nan nan nan nan nan nan nan nan nan nan nan nan nan nan nan nan nan nan nan nan nan nan nan
1.0554684431050844751 1.0436766871759115549 1.0293001834660908678 1.0264205540592354904 1.0095356205837993091 0.99893076927420232369 1.0047631968684349602 1.007229851120454045 1.0059187492756578308 1.0017899780471408722 1.0227781209410711227 1.0285334215833681348 1.0383317901292135055 1.0690485667464026953 1.102244614530593525 1.0955798836116017458 1.098567875981371289 1.1393037762541851077 1.1480137220056652048 1.0978291377948625751 1.0526909108363018408 1.041922392466742453 1.0098055427890852975 0.96502763782658118608 0.95521302843894995149 0.98223421551362266602 0.98182012202976898241 0.99040828808836300912 1.0516020463621407188 nan nan nan nan nan nan nan nan nan nan nan nan nan nan nan nan nan nan nan nan nan nan nan nan nan nan nan nan nan nan nan nan nan
1.0518616249655519113 1.0409985078534118585 1.0281757674604659059 1.0185193039453568353 1.0060511956588458204 0.99790980887498692553 0.99598026699645925142 1.0024702130976859138 1.0015865406635400259 0.98648066681003376832 0.98746834429629415375 0.99752816492066254117 1.0006592752301559646 1.0291957184126943048 1.0748295801230538515 1.0860204572180509608 1.0787170114758641848 1.0784977724904731833 1.0892281377779302609 1.0960385106393877308 1.0006628876314800358 0.9980547327006381586 0.99448013438960880528 0.96692651969045650961 0.94804694607081463342 0.95605814776162179047 0.97434439352356538855 0.99375085670238805235 1.0155595184010639542 1.0834880679495146882 nan nan nan nan nan nan nan nan nan nan nan nan nan nan nan nan nan nan nan nan nan nan nan nan nan nan nan nan nan nan nan nan
1.0544869365714988341 1.0419664323766772984 1.0293645635167989472 1.0193105700492097743 1.0083776981911070081 0.98915776049941583903 0.98854802919653694815 0.99361629403410223205 0.99845827809810128173 0.99242239544955435093 0.97009343882717447016 0.96328714591762309993 0.96760421234246740685 1.0069321428093607196 1.0689329136557261801 1.0771748669236365092 1.0529265220761883093 1.0481249196406805524 1.0366193626676345474 1.01957012277520076 0.98355668655967853908 0.96590301038680481671 0.9683986677362500517 0.9638419520459790002 0.95777268970255646785 0.95789689167308922357 0.97945785727155498801 1.0027285733290154379 1.030823246471888277 1.0894251010220548093 nan nan nan nan nan nan nan nan nan nan nan nan nan nan nan nan nan nan nan nan nan nan nan nan nan nan nan nan nan nan nan nan
1.0682531397617602842 1.056203685140411741 1.0379124557765011527 1.0127239423131835228 0.99757587702473027313 0.98019554134668918088 0.97982667000763490339 0.98274786829238791608 0.97816938028932209903 0.97384050657985243848 0.96843189179691036017 0.95155803100432934105 0.95369198156004508782 0.99226949070412118203 1.0538296792899486398 1.1009384369942716297 1.0676862477250226302 1.0421150911482657264 1.0266170431773062877 1.0070100949581697325 0.98134532026468435095 0.95927730674493150165 0.95203937685485762188 0.9491930572708237035 0.96090119698189369046 0.96604760465156347404 0.98525884250281725585 1.0096432158545851632 1.0498689615190885949 nan nan nan nan nan nan nan nan nan nan nan nan nan nan nan nan nan nan nan nan nan nan nan nan nan nan nan nan nan nan nan nan nan
1.09259650434945077 1.0826835461912063252 1.0516431027096551087 1.0083565463001176177 0.98824838007141768692 0.9747556433069539672 0.97237475339457535295 0.97712488689966292554 0.96329675046781915171 0.95364263564994944389 0.96628865032190891515 0.96016194481465999555 0.94822567004382307676 0.97413832076184891928 1.0372162034429988076 1.0965810753680700351 1.058839747311687729 1.016567764951877173 0.99591640169735440313 0.98970675622785253545 0.97935630533129480746 0.95821359292045182876 0.9388623955872454907 0.93125983508219256635 0.94253814695388571376 0.95783504824809362344 0.99411935019886676912 1.0153216285959709708 1.0429783030943651223 nan nan nan nan nan nan nan nan nan nan nan nan nan nan nan nan nan nan nan nan nan nan nan nan nan nan nan nan nan nan nan nan nan
1.1034294803146507125 1.0877186492349046887 1.0649415526748340355 1.0381683379470822981 0.99867731191756026199 0.97166344380130631464 0.95519378864168957843 0.96344089928725795691 0.96384762706179349934 0.94155073747398965178 0.94505622501437014371 0.95271776371306948761 0.94494441146189500635 0.95816397625811744465 1.0052933233943657232 1.0865600724793063048 1.0879964697735597934 1.0461509441833192202 1.0031050050316585587 0.97847555307055933405 0.95592864832449464529 0.92994838185368344785 0.92116338826846566601 0.91605896028686728538 0.92506658600376967527 0.94904608023912251369 0.98127477930537443385 0.99718908862891308953 1.0222379270402410789 nan nan nan nan nan nan nan nan nan nan nan nan nan nan nan nan nan nan nan nan nan nan nan nan nan nan nan nan nan nan nan nan nan
1.0468087217614783224 1.0356401472197476199 1.0304312222364844231 1.0249658403968409104 1.017410810950829525 0.98705520073278529836 0.96369841709099346438 0.94934514827487903599 0.95967032464676960135 0.94338655704125584656 0.93170590367120120767 0.93761794905451822935 0.95771908146673578877 0.95531700400986885313 0.96492707444695369201 1.0231698591825717504 1.0752639100786389736 1.0372762844001359728 0.9873368662710169108 0.97476328118283772639 0.95325655041011803092 0.92373849764035986798 0.91288805690558394446 0.91212134732902494516 0.92685741326094972514 0.9535464214122111315 0.97056573343680618837 0.9802453865224345364 nan nan nan nan nan nan nan nan nan nan nan nan nan nan nan nan nan nan nan nan nan nan nan nan nan nan nan nan nan nan nan nan nan nan
1.080235417850665236 1.0517046087476902283 1.0324424086654830912 1.0225161720347137884 1.0114237158064753874 1.0031869472625829509 0.97273866862174340753 0.95620276568635553804 0.96003053886707101494 0.95532108189719500135 0.93072694558796675857 0.92906637602801522835 0.9473025524935316799 0.94360752670773262452 0.95182739011921257966 0.96645712581478515624 1.0214479268701015524 1.0066666092536922239 0.97723080343341806042 0.9655026994785141925 0.94438546486954721981 0.91368616260556634323 0.90689943190956467944 0.91311936156153539201 0.92889248272934810124 0.93684498496320633976 0.9568101074409041118 0.97404869996884146932 nan nan nan nan nan nan nan nan nan nan nan nan nan nan nan nan nan nan nan nan nan nan nan nan nan nan nan nan nan nan nan nan nan nan
1.0650526158931181708 1.0671790653950865568 1.061375744180086178 1.0496865431657831369 1.018008708000520679 0.98486094255133893594 0.9724806188141453811 0.94935671305088820127 0.92437903970813029009 0.92572926059738691595 0.92800762074501175203 0.92446164857090251665 0.93537071170717278612 0.93330479035785596231 0.94452754036549180228 0.9532113664805894615 0.97824445461981757166 0.99334929129532811842 0.98006152908848487293 0.96622152510074876819 0.94148542501968079943 0.91286046115527941236 0.90426243968383113181 0.90882726744644470873 0.91555908582926737171 0.91478279132881423763 0.93806160106064040427 0.95690136243124002124 nan nan nan nan nan nan nan nan nan nan nan nan nan nan nan nan nan nan nan nan nan nan nan nan nan nan nan nan nan nan nan nan nan nan
1.0262249278484409931 1.02370600637203224 1.0236031422796498802 1.022138643186878193 1.0096392675436431929 0.96242873458402622422 0.92248877714843957598 0.92572240153040685762 0.90994953827161839666 0.91310675096287363672 0.9166456398103177694 0.91942597709863294053 0.92600655385168417766 0.92654707357649079835 0.93347828136550892175 0.94616417641118044646 0.95352951419297493629 0.973765703503336022 0.97292836445740649154 0.96214290563037774273 0.94304955743032170545 0.91665260122939873355 0.8985096524530707951 0.89434633070682378886 0.90222655313947086597 0.90275399863289140789 0.92008268418386585097 0.94896713590490477941 0.95153332877416418878 nan nan nan nan nan nan nan nan nan nan nan nan nan nan nan nan nan nan nan nan nan nan nan nan nan nan nan nan nan nan nan nan nan
1.0096324342214086922 0.99983177131224576506 1.0036047077877041644 0.99725590074653946981 0.9863171981636955632 0.96679906799851311749 0.93109611629325250703 0.90570468278471083501 0.90109011384052040139 0.90146084729098407973 0.90381514302541587913 0.90846272153148255324 0.91073096833352418233 0.91153871234753547359 0.91362264049875840932 0.93498224079973368816 0.94753989141875094582 0.95161827312414160041 0.95698312901973814348 0.95395776259048770118 0.94204535762573704538 0.91580400083246793486 0.89536656364325428736 0.88749785692729210584 0.89215166074784213457 0.89114454104995544093 0.90326264459847882549 0.92906465666275395154 0.92834359369028329745 0.92179253631102886501 nan nan nan nan nan nan nan nan nan nan nan nan nan nan nan nan nan nan nan nan nan nan nan nan nan nan nan nan nan nan nan nan
