results/rofental/snowdepth_month_2019-12-01T0000_2019-12-31T2300.asc
ncols        322
nrows        225
xllcorner    622802.488000000012
yllcorner    5178049.378999999724
cellsize     100.000000000000
[rows 112 to 139 of 225, columns 186 to 247 of 322]
0.72763841574148879765 0.71479555454349341659 0.69412138341354800986 0.67375284177746475045 0.65981139601880789414 0.65603300032546252307 0.64928110638346792083 0.67502758376636007309 0.70541847552739456173 0.72841869394130787096 0.75395643894000163865 0.7973847040757421345 0.84311925699993661709 0.88326768392162002819 0.93386460427613271484 0.94191702353777739809 0.9445289687897329145 0.94287925021921858981 0.93278022800288928895 0.93506501348520598693 0.98274333294052285126 1.0248807010208871304 1.0526090474170539668 1.0685122441279708561 1.0602040626317670302 1.0437869440389651032 1.0454720821725815849 1.0718888654803779836 1.1038749718115929976 1.0883271289388820602 nan nan nan nan nan nan nan nan nan nan nan nan nan nan nan nan nan nan nan nan nan nan nan nan nan nan nan nan nan nan nan nan
0.69147778211456700781 0.67629827122881058798 0.66226490753778644027 0.65751349230689215553 0.65273156002194476777 0.65131942646162388488 0.67792757688014770867 0.69343055065516623348 0.72499595236243996599 0.75767160892327889421 0.78794393064656864656 0.84306502400008986875 0.88243098101597572391 0.91851665209665600553 0.94953205372115689897 0.95835373206641616406 0.96444083322441354067 0.96971813166258979955 0.95667555046242114258 0.9559574817120148893 0.9759894068330473571 1.0231921432064794431 1.0776159999872310102 1.070846828744071777 1.0660270807773575275 1.0639617589791334762 1.0752175427490229254 1.1134574920829696243 nan nan nan nan nan nan nan nan nan nan nan nan nan nan nan nan nan nan nan nan nan nan nan nan nan nan nan nan nan nan nan nan nan nan
0.68650527424363905205 0.67043925773165546911 0.64319000510204837884 0.64543264088862628558 0.64700051527774193882 0.67563555019969712134 0.69902377320072084377 0.7214243459194693564 0.75065607423808367038 0.78714691994028440636 0.82784344444855106904 0.86692163239710995359 0.90906010779103718633 0.94878406595504871657 0.97051275674105175195 0.9703878684976829927 0.97324918676909166759 0.97956289283552810954 0.97549776833665824416 0.97509578714259792509 0.97795350085991461508 1.0209991228678119146 1.083875557850197513 1.081456986296419176 1.0699265670431712394 1.074623966635365635 1.1018003095743631459 1.157534181110746685 nan nan nan nan nan nan nan nan nan nan nan nan nan nan nan nan nan nan nan nan nan nan nan nan nan nan nan nan nan nan nan nan nan nan
0.65784467384292655279 0.65162165680022132719 0.64548641337319134781 0.64502996356475261752 0.66900396528996852741 0.69240953529932602883 0.7180216916142790895 0.7445495960755693643 0.77940060336586725054 0.81343949195622233805 0.84236018460902784 0.87604890944481728088 0.9206211843531258987 0.96026515302300263777 0.98865083207613091432 0.99495734013673042817 1.0027821681743720461 0.99929190198340067663 0.9927898178299401355 0.99646818520564128807 0.99652966698157663394 1.0213751752767654679 1.0873023897474409782 1.1140700207721940806 1.0937052660855239861 1.0969481109950454112 1.1259694232542061254 1.1847892473915784262 nan nan nan nan nan nan nan nan nan nan nan nan nan nan nan nan nan nan nan nan nan nan nan nan nan nan nan nan nan nan nan nan nan nan
0.63306023885946083318 0.62666605250393470072 0.65110876839401954363 0.67854186219158219018 0.69532675126234588792 0.71506207265700394426 0.74751345646866051986 0.78257535605244099575 0.81482374734632345703 0.84995907652213253947 0.8835603439103939527 0.90375952543795590177 0.92889576016000052761 0.95654792583091530211 1.0084075328002057859 1.0259882234071004969 1.0259826929301607557 1.0171225714181859612 1.0133016596119845953 1.0170120796033252919 1.0182568213300671189 1.0419584599504392308 1.1184918988389493943 1.1574409672568366503 1.1387744680001434805 1.1440222031279221326 1.1793605164972491561 1.1932406093995351348 nan nan nan nan nan nan nan nan nan nan nan nan nan nan nan nan nan nan nan nan nan nan nan nan nan nan nan nan nan nan nan nan nan nan
0.63051244702652309293 0.66164575272400438788 0.67920119459532080075 0.70579096017046849543 0.72322232772059180661 0.74218464147854001922 0.79305287256795697903 0.82624288412450141994 0.85339956661059857002 0.89211273926126577472 0.92169945409403930547 0.95176392839147960778 0.9763809038063655521 0.99591526564891519335 1.0171327521732009824 1.0486243803665282748 1.0470171079448127305 1.0477937909050301091 1.0458951008908401459 1.0447455705774959522 1.0447069518299325619 1.0639154547797260442 1.1306559380031473427 1.2064509680482102816 1.2111796480354932726 1.2117796994741025784 1.2350054251360140789 nan nan nan nan nan nan nan nan nan nan nan nan nan nan nan nan nan nan nan nan nan nan nan nan nan nan nan nan nan nan nan nan nan nan nan
0.6548171408996914522 0.68414663261246710935 0.70674236228962761253 0.73420164501445672744 0.75718648028445734166 0.79155492612127409391 0.83294146849839312274 0.86648443964241195214 0.89497703452858157203 0.92739267840750916339 0.9567198983383161659 0.98931780276501568583 1.0100367175883704363 1.0410938098307291888 1.0466402226827407063 1.0517818854735494494 1.0630539531567291256 1.0683911232098859401 1.0671393319278428269 1.0641981199505319289 1.0720261650506068829 1.1054271671910367303 1.1550232483119642346 1.2272617805089534038 1.2674404261049634357 1.2710283030919706793 nan nan nan nan nan nan nan nan nan nan nan nan nan nan nan nan nan nan nan nan nan nan nan nan nan nan nan nan nan nan nan nan nan nan nan nan
0.66821572944451557152 0.7104766317144999288 0.73443138121913331684 0.76342397961970820397 0.79953402491802683105 0.84365591661350236574 0.87647615943910284209 0.90471173903663626437 0.93136932714840225955 0.96413122231263204132 0.99542900161358571776 1.0155982713737023992 1.0441582180240502886 1.0592290615875887827 1.057224831162567602 1.0617540989772578097 1.0784215691046119545 1.0789814370973680457 1.0807732260638529542 1.0810058018582513473 1.0963002608157139672 1.1434034157207602078 1.2084742543967792461 1.2572995620431504094 1.3240900275401101815 nan nan nan nan nan nan nan nan nan nan nan nan nan nan nan nan nan nan nan nan nan nan nan nan nan nan nan nan nan nan nan nan nan nan nan nan nan
0.68620844981273598773 0.7374247397179738428 0.7692132668102776849 0.7977279397798335836 0.84804186446241991426 0.8897277920702663101 0.92226976925976311694 0.94216132855650147615 0.96711293571430712035 0.99593563788394090519 1.0219576790037434577 1.0608710581248153026 1.0815602292558448294 1.0788414792011673526 1.070870216659559393 1.0770034347367665184 1.1032362058623219614 1.1072572308724950574 1.1157533325472333008 1.1128659047451263664 1.1494326219745962803 1.2015880145840101001 1.228666473995838393 1.283842228429465715 1.3819675373318991429 nan nan nan nan nan nan nan nan nan nan nan nan nan nan nan nan nan nan nan nan nan nan nan nan nan nan nan nan nan nan nan nan nan nan nan nan nan
0.69970030338475863729 0.74141813059368455452 0.79788786324693228291 0.84037848682137594736 0.88683619019492132551 0.93021865833464156825 0.95731144697178338632 0.97938932683811597002 1.0011248674735335751 1.0274243525789288345 1.056494724440897981 1.1139846205806003265 1.0958106419089874706 1.0943332355790058585 1.0859837243126657658 1.0872474589336407202 1.115848016356911554 1.1344913136468668391 1.1455778461931180878 1.1437891391074264114 1.1762920933101248533 1.2412198461020382823 1.265235823147224492 1.3096902245980472923 1.4347485375024555676 nan nan nan nan nan nan nan nan nan nan nan nan nan nan nan nan nan nan nan nan nan nan nan nan nan nan nan nan nan nan nan nan nan nan nan nan nan
0.73566544666779243311 0.76906047278901890074 0.8151605384385380848 0.85844966772021058521 0.90740375427871999836 0.93996813356021569064 0.97891273849914428595 1.0062519158943472597 1.0305614293270912718 1.0695976050195077356 1.114109768861563099 1.1402621756867381553 1.1117794450564562059 1.1136411926225440183 1.109363781858285769 1.1220328623906792309 1.145536455190584002 1.1536432131744258633 1.1600013603560161979 1.1686198328179044914 1.1910018325449289733 1.2565316791351186509 1.2848827096675210502 1.322424115222736507 1.3762729394701616048 nan nan nan nan nan nan nan nan nan nan nan nan nan nan nan nan nan nan nan nan nan nan nan nan nan nan nan nan nan nan nan nan nan nan nan nan nan
0.76013040353877359134 0.79535185145158671105 0.83535714974843244818 0.88029121962486744923 0.91756464019912564734 0.94449721780468942622 0.99767842259780403769 1.0294387333779229099 1.0622633251653763597 1.1142651035940911441 1.1571496915655890003 1.1431464445874097713 1.1334722826313763377 1.1403533356109714081 1.1462033531510749107 1.1635903994283867124 1.1759667552231909404 1.1799532071099037012 1.181856384634745627 1.1960435236504216583 1.1912556521565422774 1.1965264897836886959 1.2444446922922611787 1.2878377048275164718 1.3434246007205847828 nan nan nan nan nan nan nan nan nan nan nan nan nan nan nan nan nan nan nan nan nan nan nan nan nan nan nan nan nan nan nan nan nan nan nan nan nan
0.7810921060843022401 0.81467516852811405759 0.85170869292379458582 0.90215202747532885486 0.93410231816976763142 0.97069316894687018848 1.0150825471781279585 1.0544647861618807738 1.105168061873393448 1.1718769158971573674 1.191603708308770937 1.1608319882376880727 1.1534613651801224332 1.1532941179352143024 1.16538866181042855 1.1789855030551132931 1.1918529532672350602 1.1955010298679558112 1.1936071671027683738 1.2093174354005451487 1.2259354523568217754 1.220903467115248775 1.2426683772884166146 1.2990359748964728226 1.3462708098155520275 nan nan nan nan nan nan nan nan nan nan nan nan nan nan nan nan nan nan nan nan nan nan nan nan nan nan nan nan nan nan nan nan nan nan nan nan nan
0.80153249931359393798 0.83436140229162591986 0.87095679990921948121 0.91663487768715690152 0.95527613166775082743 0.99717130750727567268 1.0388749826158687473 1.0792712645845861097 1.1397070597539298298 1.1919685312652554821 1.1915360975480000505 1.1953391752824897853 1.1862614262589803449 1.1892726614297630672 1.1972165729131440948 1.2049479764171118212 1.2124227944158334491 1.2125128706609267226 1.2151621276895585577 1.2382868208761692586 1.2531698831315287723 1.2604266483420374367 1.2668405214545892523 1.318422297902049678 1.3511289795204941555 nan nan nan nan nan nan nan nan nan nan nan nan nan nan nan nan nan nan nan nan nan nan nan nan nan nan nan nan nan nan nan nan nan nan nan nan nan
0.81118164856856134204 0.84569531986360613196 0.87972188215356406094 0.92612857588627783834 0.96945899780497346576 1.0199747471771372087 1.0650718619896426542 1.1076234365924262359 1.1613317955927098257 1.2233717295289074922 1.2218573296118786509 1.218946265496440029 1.2197631524176906215 1.2201459689648483931 1.2208676262149704694 1.2262491970145772413 1.2300451549768132153 1.2328340757693634355 1.246733944889557133 1.2883160908061073169 1.2896919828741642 1.2979973489070084636 1.2974985600798967234 1.3098563201030073433 nan nan nan nan nan nan nan nan nan nan nan nan nan nan nan nan nan nan nan nan nan nan nan nan nan nan nan nan nan nan nan nan nan nan nan nan nan nan
0.85058552475889459554 0.87751354666175385155 0.90595295777715167951 0.94004168278143984683 0.98306633897060324845 1.025727917333099537 1.0825625690534197432 1.1311664968121519781 1.1767932009778063751 1.2440089267972564979 1.2678598532176836855 1.2445590043503140798 1.2454773425407168475 1.2434832919880927093 1.2415229682101538433 1.241652531480214483 1.2470185493586272152 1.2527198179996394956 1.2694147581299124461 1.3139309086906585389 1.3311406700959991234 1.3249792587529223287 1.3286560303546857131 1.3533975567883711477 nan nan nan nan nan nan nan nan nan nan nan nan nan nan nan nan nan nan nan nan nan nan nan nan nan nan nan nan nan nan nan nan nan nan nan nan nan nan
0.89074453437408707135 0.91738041100187939225 0.94650455370455655046 0.98209028831096434331 1.0069035873198595166 1.0489064660362819037 1.1080018350496976254 1.1775100495064425576 1.2212938799901977838 1.2705775390430307237 1.2598198341081834339 1.2608481613697548607 1.25897153756621627 1.2585034652173188174 1.2573074740393950233 1.2601634648934607608 1.2666081969611502345 1.2720094974999007764 1.2845249639199529668 1.3218766259157623821 1.3874757247807205651 1.3785192942781550052 1.3639505941833391933 1.3721750158504655293 nan nan nan nan nan nan nan nan nan nan nan nan nan nan nan nan nan nan nan nan nan nan nan nan nan nan nan nan nan nan nan nan nan nan nan nan nan nan
0.90212122754335488661 0.93541904739041703554 0.96632761733751493249 1.0031577807354983278 1.0365650464633191508 1.0725866585384216112 1.1108912675258002523 1.1759675252210499696 1.2325803160390682578 1.2812031291406948963 1.2867023419031535791 1.2772272321304212195 1.2711907228069987408 1.2717365802361797478 1.2728461197099021351 1.2798714800315955653 1.2877668288754871018 1.2970045839014048283 1.3115580027427495846 1.3272531508394842525 1.425835845655332168 1.474249169817113847 nan nan nan nan nan nan nan nan nan nan nan nan nan nan nan nan nan nan nan nan nan nan nan nan nan nan nan nan nan nan nan nan nan nan nan nan nan nan nan nan
0.89082911964457112131 0.92627657716884082006 0.96670335152637754117 1.0215646105126723331 1.0477352219659594734 1.0918102159863802836 1.1408533825900502023 1.1825763488989133876 1.2227543567104988131 1.2749079644214631468 1.314980476846577373 1.2992855177828397384 1.2939036886036785479 1.2968838323272706692 1.2978955935564129298 1.302731874592500283 1.3227144545375844054 1.3615362880066832485 1.3417627815119328449 1.3498346073991163152 1.3961597078224297075 nan nan nan nan nan nan nan nan nan nan nan nan nan nan nan nan nan nan nan nan nan nan nan nan nan nan nan nan nan nan nan nan nan nan nan nan nan nan nan nan nan
0.93328637340702369496 0.9597721243833527982 0.98001605427547966443 1.0164585261201408706 1.0609056663253380037 1.0978440935073725537 1.1286592502632819546 1.1400359130311890077 1.1858203530429687333 1.259783139473954483 1.3652311052228582877 1.3567478518296056667 1.3450234336842297189 1.3390695231611615679 1.3580929121501503776 1.3973557830924201451 1.4486917180036300579 1.4270986793804940618 1.3682349447302677437 1.3825883502013276427 nan nan nan nan nan nan nan nan nan nan nan nan nan nan nan nan nan nan nan nan nan nan nan nan nan nan nan nan nan nan nan nan nan nan nan nan nan nan nan nan nan nan
0.93128473675380696317 0.97856801229907197648 1.0272126202513058857 1.0657270546737744876 1.0955064646172969489 1.1159425799360023213 1.1472233161991227668 1.1735583687372692641 1.2146541782776163476 1.2703782235909915066 1.3591108457390463915 1.4131493217876853752 1.4188709101189516115 1.4279381488641083031 1.4282715896135955713 nan nan nan 1.4135646755291393362 nan nan nan nan nan nan nan nan nan nan nan nan nan nan nan nan nan nan nan nan nan nan nan nan nan nan nan nan nan nan nan nan nan nan nan nan nan nan nan nan nan nan nan
0.950556836897441082 0.98026414317875065763 1.0419798465680030208 1.090638660047888342 1.1087344861699897081 1.1278301721808710045 1.1617375075361211501 1.2012595005047517205 1.2492512572185390241 1.2942314414354187946 1.3981051422677164275 1.4862520426108598581 nan nan nan nan nan nan nan nan nan nan nan nan nan nan nan nan nan nan nan nan nan nan nan nan nan nan nan nan nan nan nan nan nan nan nan nan nan nan nan nan nan nan nan nan nan nan nan nan nan nan
0.991634328268640175 1.005484504274044566 1.0370261761540497947 1.0784365475037089865 1.1225988065179002273 1.1515956685045907193 1.1790030002449121138 1.2273922473389848875 1.2808145132852266634 1.3223769271452958662 1.3812327045798162839 nan nan nan nan nan nan nan nan nan nan nan nan nan nan nan nan nan nan nan nan nan nan nan nan nan nan nan nan nan nan nan nan nan nan nan nan nan nan nan nan nan nan nan nan nan nan nan nan nan nan nan
1.0319731543322077094 1.0421292499230667694 1.0702949412850857325 1.1021500549155609505 1.1321064416717641077 1.1696029489833148496 1.2028845563860250945 1.2586394914304175341 1.3059725642168120707 1.3457595405071760553 1.3851241816395907236 nan nan nan nan nan nan nan nan nan nan nan nan nan nan nan nan nan nan nan nan nan nan nan nan nan nan nan nan nan nan nan nan nan nan nan nan nan nan nan nan nan nan nan nan nan nan nan nan nan nan nan
1.0554891910065944405 1.0833006072462973979 1.0973782728278647092 1.1232200970767525217 1.1382828300989851211 1.1619375609566049423 1.1856498580007146515 1.214324604069423108 1.2688592931408253506 1.3235057681952209219 1.4366782580757877508 nan nan nan nan nan nan nan nan nan nan nan nan nan nan nan nan nan nan nan nan nan nan nan nan nan nan nan nan nan nan nan nan nan nan nan nan nan nan nan nan nan nan nan nan nan nan nan nan nan nan nan
1.0670693950165144326 1.1031572294394345057 1.1287719892985053072 1.143128472646981697 1.1623900140441589812 1.1764502216248982069 1.1897257323837830967 1.2168652328407583152 1.2710027034944837432 1.3370878544735544935 1.4361168008634142002 1.578838349873543434 nan nan nan nan nan nan nan nan nan nan nan nan nan nan nan nan nan nan nan nan nan nan nan nan nan nan nan nan nan nan nan nan nan nan nan nan nan nan nan nan nan nan nan nan nan nan nan nan nan nan
1.0839095791923329948 1.1141676834251008632 1.1488631499578725315 1.1638260967048588146 1.1847253351406039634 1.2124710390277950722 1.2279310933139999662 1.2362805215837111561 1.2662644721773139711 1.3233032111004339182 1.3761555500814282027 1.5110903390651577727 nan nan nan nan nan nan nan nan nan nan nan nan nan nan nan nan nan nan nan nan nan nan nan nan nan nan nan nan nan nan nan nan nan nan nan nan nan nan nan nan nan nan nan nan nan nan nan nan nan nan
1.1068360226062887719 1.1268274555149917493 1.1605097071513876816 1.1847047337460496763 1.2079292931847438464 1.2324218831617832492 1.2513582531399967124 1.2645378063732322094 1.287092820749794253 1.3475625524604311067 1.4178441620049520022 1.5864116230750777703 nan nan nan nan nan nan nan nan nan nan nan nan nan nan nan nan nan nan nan nan nan nan nan nan nan nan nan nan nan nan nan nan nan nan nan nan nan nan nan nan nan nan nan nan nan nan nan nan nan nan
