results/rofental/snowdepth_month_2020-07-01T0000_2020-07-31T2300.asc
ncols        322
nrows        225
xllcorner    622802.488000000012
yllcorner    5178049.378999999724
cellsize     100.000000000000
[rows 150 to 179 of 225, columns 67 to 133 of 322]
nan nan nan nan nan nan nan nan nan nan nan nan nan nan nan nan nan nan nan nan nan nan nan nan nan nan nan nan nan nan nan nan nan nan nan nan nan nan 0.98978857999732638984 0.77908371691275390969 0.21795746800114534913 0.1440546356991895538 0.065533379773421898684 0.014916977744094582492 0.0093748704568898683781 0.0042741244379200854162 0.0091779882002282191927 0.0059102395302156321075 0.00043706729051236153059 4.0950165595237994595e-05 2.1233049284075476021e-05 4.8340460405263902595e-06 0 0 0 0 0 0 0 0 0 0 0 0 0 0 0
nan nan nan nan nan nan nan nan nan nan nan nan nan nan nan nan nan nan nan nan nan nan nan nan nan nan nan nan nan nan nan nan nan nan nan nan nan 1.0393459949571945966 1.0902044865729896284 0.73216817485126384213 0.67268867975512924851 0.35316267341561674575 0.19535571470361429158 0.15992003680823765888 0.15091490280305258631 0.059279973910357039446 0.053080537021038182166 0.053541074033158796153 0.042192151284100996855 0.018984250721473160117 0.0014943167698180301588 1.0631675784119949639e-05 1.5308989739342880451e-09 0 0 0 0 0 0 0 0 0 0 0 0 0 0
nan nan nan nan nan nan nan nan nan nan nan nan nan nan nan nan nan nan nan nan nan nan nan nan nan nan nan nan nan nan nan nan nan nan nan nan nan nan 0.99132971550927795334 0.61278544492875963723 0.61095586462625484092 0.31994578238181026197 0.17530072719059627828 0.19148175849011442318 0.23549399337845083879 0.23238061435105483721 0.30663199516558403701 0.14781604724593094824 0.11181412207274533943 0.094993994044519303177 0.088112035156279841508 0.039546327880862451598 7.3529032877308514763e-06 0 0 0 0 0 0 0 0 0 0 0 0 0 0
nan nan nan nan nan nan nan nan nan nan nan nan nan nan nan nan nan nan nan nan nan nan nan nan nan nan nan nan nan nan nan nan nan nan nan nan nan 1.4226418443550779003 1.0983389504431078088 0.83487579905284647896 0.84298282099165211534 0.73020451809438535751 0.27572794410027351431 0.30478162936838648633 0.43523603351010803353 0.52219960789632280385 0.70406561817981094809 0.69608299802393014399 0.68928532554063082216 0.45898111836947574904 0.11284866355456944775 0.03856382094710430336 0.0001586768737362139782 1.9053687712169041301e-10 0 0 0 0 0 0 0 0 0 0 0 0 0
nan nan nan nan nan nan nan nan nan nan nan nan nan nan nan nan nan nan nan nan nan nan nan nan nan nan nan nan nan nan nan nan nan nan nan nan nan 1.6843495866236630754 1.4644539651968448979 1.0401126703003156226 0.86870762916895216676 0.82972819180670565054 0.69295623288002761164 0.68828042346218065717 0.92676056772062143096 0.5958622096070291807 0.031947257796816279363 0.00043490614844651195913 0.012505777029954638635 0.0095404762074038501618 0.00014075532080962558572 6.7926760768604213894e-05 4.9395218982445031726e-06 0 0 0 0 0 0 0 0 0 0 0 0 0 0
nan nan nan nan nan nan nan nan nan nan nan nan nan nan nan nan nan nan nan nan nan nan nan nan nan nan nan nan nan nan nan nan nan nan nan nan nan 1.7590577688664896794 1.7168065490766071246 1.5658804340079719442 1.1833052521545019964 0.80351098561021294664 0.76884711605419397973 0.61801780342489021081 0.30644308139218301434 0.092003756557443583386 0.00036057227565973692896 0.0001782596073748155647 0.00015108153690455747406 0.0001924106999664314515 9.4212943380568323439e-05 1.1865267399552657378e-05 1.2086679681743962193e-07 0 0 0 0 0 0 0 0 0 0 0 0 0 0
nan nan nan nan nan nan nan nan nan nan nan nan nan nan nan nan nan nan nan nan nan nan nan nan nan nan nan nan nan nan nan nan nan nan nan nan nan 1.4428728412272506798 1.4564728069506749364 1.3625177211926371434 1.1796619153583793871 1.0138946239646200453 0.32614437742101748396 0.11377903794900333379 0.073370172831210098141 0.025749762069245271667 0.00020050054935099429518 7.6814610670626601633e-05 2.8647412620597708776e-05 1.9055493081956338019e-05 1.3638788171464394437e-05 6.7303810968222047221e-06 1.908790451858568983e-07 0 0 0 0 0 0 0 0 0 0 0 0 0 0
nan nan nan nan nan nan nan nan nan nan nan nan nan nan nan nan nan nan nan nan nan nan nan nan nan nan nan nan nan nan nan nan nan nan nan nan 0.90874271422779318019 0.88226891721019817805 1.0634313922976346145 0.7045725538517461084 0.37221777118002269402 0.1390109022259360394 0.086722165421192570767 0.085965890621372290092 0.088717848653400807613 0.042114622079886900041 0.00019647315552422347823 2.9686708200691534618e-05 1.0309662551988564471e-05 5.4979993083324936272e-06 1.7358826506496386236e-06 1.0489748606637086035e-07 0 0 0 0 0 0 0 0 0 0 0 0 0 0 0
nan nan nan nan nan nan nan nan nan nan nan nan nan nan nan nan nan nan nan nan nan nan nan nan nan nan nan nan nan nan nan nan nan nan nan 0.48204194384936088769 0.61217101314122945865 0.66547844282770007851 0.9339962096655158863 0.82602899882591451775 0.6112039134304417809 0.26375841879798128664 0.066938387169015511891 0.094893032329926449431 0.1199619758631924743 0.083135570829195301612 0.014640396001102147852 0.00010341560339598955748 1.2877632681521832887e-05 1.7411141584344561688e-06 7.7573493974990539448e-08 0 0 0 0 0 0 0 0 0 0 0 0 0 0 0 7.6526173432923823541e-06
nan nan nan nan nan nan nan nan nan nan nan nan nan nan nan nan nan nan nan nan nan nan nan nan nan nan nan nan nan nan nan nan nan 0.96485814402264358236 0.35105452247297197488 0.23743424377931129921 0.28632792922504962663 0.37087449535286409752 0.56831981278411825009 0.82992376396342715239 0.93374056817770767491 0.60026014555549089824 0.20250352781241409694 0.082382477516097174508 0.0792578498703271489 0.10277238124972938593 0.033551269383420664894 0.016185407584153540389 5.9410964969379645591e-05 2.867669155051900363e-06 0 0 0 0 0 0 0 0 0 0 0 0 0 0 0 7.066710583752034587e-09 0.00047107934775960280584
nan nan nan nan nan nan nan nan nan nan nan nan nan nan nan nan nan nan nan nan nan nan nan nan nan nan nan nan nan nan nan nan 0.57217539661321326072 0.62806343289573318689 0.16465904538450437666 0.1360727625459192125 0.12289841327548386984 0.16170963026602994117 0.20327930046024725308 0.26185347871158415334 0.3832327490724180552 0.87244618274397511826 0.72155507200529300782 0.136543600700601786 0.043655860838256822787 0.027955907757243519951 0.0013281717936775945185 0.0081151907778287870471 8.3842790739364179303e-05 1.7991559431082574005e-06 0 0 0 0 0 0 0 0 0 0 0 0 0 0 2.4232433358198211164e-05 0.010854456995849151579 0.029351298115593584676
nan nan nan nan nan nan nan nan nan nan nan nan nan nan nan nan nan nan nan nan nan nan nan nan nan nan nan nan nan nan 0.73344186207593009552 0.197420323635801781 0.22593359704580731617 0.16612088115699799595 0.077737482297574642121 0.075652936150514188407 0.058711131394272926542 0.07095809765528147961 0.085885651225367232176 0.10758428863155007627 0.086624487694622470668 0.064557240722920239406 0.63814097571852612667 0.87453497221165088504 0.25859697881207466263 0.13248150604420119714 0.032351576987262251062 0.0096697517442719798514 0.0096679703098833912056 0.014271038316025261294 3.3196169537746331575e-06 0 0 0 0 0 0 0 0 0 0 0 0 1.3399943571905341316e-07 0.034800799059261006141 0.046143409936080181932 0.04545555794692962559
nan nan nan nan nan nan nan nan nan nan nan nan nan nan nan nan nan nan nan nan nan nan nan nan nan nan nan nan 1.1778842270899494427 0.86144831715864145227 0.47949945955531353414 0.15166448359998424555 0.15983060831060327822 0.0891988423443277334 0.045779653278188170429 0.020460118582532695053 0.020679269003431099277 0.018596998235445538067 0.019939204356578681815 0.033532131730878010634 0.030775386058849826115 0.0064706208428226552609 0.00074840972276941897766 0.018128016207396693837 0.072762335635710842507 0.11884401762088782351 0.077225249386767239046 0.12853687217319059721 0.11417063362861676334 0.070707389245526677812 0.0060268534038804893668 2.5523418310778473255e-06 0 0 0 0 0 0 0 0 0 0 0 8.9419269893995291983e-07 2.1416990037194854273e-05 0.018689716423248754068 0.027827569527368253149
nan nan nan nan nan nan nan nan nan nan nan nan nan nan nan nan nan nan nan nan nan nan 2.175976983286183053 1.9286640528707268416 1.7150182900082058257 1.3986309468184281446 1.1954586372937099359 0.88877409022595488253 0.70840651970381318669 0.69197850300254437617 0.51089575696559696993 0.16624609700026077297 0.18221784110140928914 0.030421996775903771548 0.0065123562576142671188 0.0041480659213300602461 0.0069887435342312004619 0.016046549712245304631 0.017764986145066226364 0.025088902390132533649 0.0014124332768853189741 0.00069079893556764783002 0.00043788071334791467577 0.0002679747052197120334 0.00028969073790797625866 0.00042833975763078224134 0.00019620304174917875843 0.00014337993285578495254 0.00010551304275118672321 6.5132506428353136767e-05 3.6456305684829158978e-05 9.9158429539635282028e-07 0 0 0 0 0 0 0 0 0 0 0 6.6990733492583727274e-06 0.0094298251795855211194 0.06389882009502916016 0.067969451468443173314
nan nan nan nan nan nan nan nan nan nan nan nan nan nan nan nan nan nan nan nan nan nan 2.096605015909387415 1.6821615593894307938 1.513716910187895559 1.0384563142631999533 0.96536805717542084615 0.8328439831024686546 0.73386604897964535787 0.55194054644410650567 0.46115645288474410579 0.26933833754669467275 0.2235338627298360803 0.03055440473372155949 0.032974131082174389096 0.016345895381948857134 0.0033532912932068333761 0.00070229248259256332743 0.00127574917305859248 0.0072841643258038067665 0.0013423073961631977816 0.00046206663491039082691 0.00039216666151687366729 0.00012988288014639405425 9.6959069293813327016e-05 0.00021599416252734561874 0.00016918433267462985327 6.9975614173782205423e-05 4.2533799540107739738e-05 1.0556369014002780696e-05 2.9533704822444827559e-06 1.531085111759015564e-07 0 0 0 0 0 0 0 0 0 1.1440401074901546568e-07 1.9149908111572962428e-06 1.7274533417548474946e-05 0.11896520035591612308 0.55021340591603007386 0.6400455745476075764
nan nan nan nan nan nan nan nan nan nan nan nan nan nan nan nan nan nan nan nan nan nan 2.1870574728697471656 1.9811357433812735174 1.7699860421976569835 1.4009852170528687143 1.0743798890003990465 0.87980140721755428768 0.79944920626378634942 0.54354092429250688845 0.30938662156186164109 0.40549517898470266442 0.35688235743376317544 0.059130740406917160767 0.036092567487815807592 0.01024965390995806816 0.0018887311214639836664 0.00061029195645766610816 0.00054928227696768772061 0.00053309285186099492244 0.00043073465900264899971 0.00031030664358861013291 0.00021591995129704891036 7.3455478581440340367e-05 3.3953546065809003677e-05 7.0186790985960847999e-05 7.0472143690263543917e-05 2.6229836909383861724e-05 8.5272674330854016702e-06 1.7964946308195779378e-06 2.0220640577757098502e-06 7.9283867371884420007e-07 0 0 0 0 0 0 0 0 0 4.0965182297720930098e-06 1.0346345328659304656e-05 2.8359089812102542634e-05 0.025208720558688550717 0.49494615154809801227 0.27421785997365522025
nan nan nan nan nan nan nan nan nan nan nan nan nan nan nan nan nan nan nan nan nan nan 2.0388446067986398802 2.138763585798266309 1.9584120207934050395 1.5426329750241347671 1.3247440899084395038 1.1044258744423274266 0.7272532785131272659 0.35209377570715233441 0.21246983091630608498 0.28072891616505024626 0.39110761247440950505 0.11102485610750865985 0.0070338566385776185239 0.0082182486374621707692 0.0086955315059942268202 0.0041137891604953215341 0.00065782221899687658671 0.00078598163193728911354 0.00033314238084912505336 0.00023606775391537884452 0.00014914862319761524635 3.6977413505701076872e-05 2.5866633309247701489e-05 1.7846900074747459376e-05 2.6613692232550605743e-05 1.4280829943276987835e-05 6.819638399054287144e-06 4.2317558396184283667e-06 2.5710924241474085957e-06 1.2078854551152341495e-06 4.2713341733943828377e-07 0 0 0 0 0 0 0 1.4213375582833487499e-06 1.6290248166224306954e-05 2.2522656649208998736e-05 4.1408862860053122961e-05 0.0001104058307220624394 0.1387599557863028743 0.080995585765619410035
nan nan nan nan nan nan nan nan nan nan nan nan nan nan nan nan nan nan nan nan nan nan nan 1.8607485177840319412 1.5641691563447854829 0.99355836775675265837 0.90085098286753761965 1.1975294558607305628 1.3385177291117469345 0.86859044589481182452 0.27603012287685368964 0.12044512281991488767 0.11557110722550120729 0.16460398767665493369 0.028058060724623880983 0.0043460505639121328747 0.015477265062223164588 0.021907829667091267833 0.014851112900238338382 0.016707571025953136395 0.00038483937946845561988 0.00023781310980356572997 0.00018813020788935720749 8.8814763889954716496e-05 6.9154001897291415097e-05 4.59559129682936599e-05 4.9859356475441950099e-05 3.8700715693254252568e-05 1.0585845603772726006e-05 5.9343416648589401399e-06 4.1186525901609813874e-06 2.0135066213463691961e-06 8.3298761074856309961e-07 2.816459881445652198e-07 0 0 0 5.0183622338439552525e-07 4.0052218244942968428e-06 0.00023806335902826854158 3.3616486045995963388e-05 2.9054681593670450589e-05 3.7519331620996184437e-05 0.015543974902568665972 0.063669305276953608308 0.15601372349016950913 0.00017600709849838473871
nan nan nan nan nan nan nan nan nan nan nan nan nan nan nan nan nan nan nan nan nan nan nan nan 1.6918918698342630957 1.17103274862715101 0.83817669958285012655 0.84055188240394052013 1.1335984065282751487 1.2763942066683655607 1.0238694749382619698 0.068789408761667072967 0.048394580724399838267 0.11718761245938584536 0.11919866576217523491 0.028786614696196276275 0.010296045545973043014 0.0096402173356848353675 0.015591678858997527063 0.013242566661982545922 0.00032749597487124467799 0.00021140390334613130504 0.00018840788124873598572 0.00011842409302066482318 7.3268463417804812268e-05 3.6351785279969351587e-05 2.7335045440222760027e-05 2.4450602373329088582e-05 1.3470494338880497135e-05 9.4492032581658124714e-06 5.8871087589969159969e-06 3.265747979842737648e-06 1.4260681681760108349e-06 6.3055968488363485045e-07 1.6179901055697211449e-07 1.9508248147794892567e-07 1.1280851848769345721e-06 0.0067004577391102330269 0.088929008975801110415 0.076756305419605527773 0.011511731504664344042 0.00025355281471083827675 4.9092323898992645673e-05 0.0033507330817531258069 0.11948550010451308712 0.13117625573976421371 0.00012421367030291505956
nan nan nan nan nan nan nan nan nan nan nan nan nan nan nan nan nan nan nan nan nan nan nan nan 1.8835812058442897854 1.3232302024947422137 0.63340641060481328584 0.63077723941052366019 0.75059253325909025545 0.95337971025635814826 1.1796530771280446803 0.69242067261895035024 0.076964985507220723404 0.04843813411383919576 0.074995083411908414206 0.077010912225539213116 0.058020817850107646307 0.0085952501694132269622 0.0040218965355447514054 0.0063644416369037833808 0.00036428154636655322779 0.00022445896156718047839 0.00018526564735996741231 0.00011761476395481786571 6.8319842327704136055e-05 5.2578252762188197773e-05 4.1491008157696550275e-05 2.8442859870409263812e-05 1.8061307197734754429e-05 1.2900566912884991913e-05 8.6570533242482562182e-06 4.8602157830764614949e-06 4.0007138392969456025e-06 5.0303932884948776734e-06 1.0770044692538110849e-05 1.4608465970170643247e-05 0.00022318836476677644072 0.026043774519965309094 0.1136317925988130223 0.31746961625958342035 0.13302408705906132447 0.012781775139829051544 8.1381650488043799641e-05 0.00011182922485153114168 nan nan 0.0014146279891663008504
nan nan nan nan nan nan nan nan nan nan nan nan nan nan nan nan nan nan nan nan nan nan nan 0.96903652968867637352 1.4878622627438164994 0.94366436891001226339 0.41288413709768473359 0.3901066784141530297 0.59286478884261217814 0.79811065655117974238 0.91606705704932855916 0.86553710489944757356 0.25041953521468668376 0.064160042049653975837 0.030660408921484468697 0.080332326354473057584 0.10375399703505842897 0.018380937845058793745 0.0004024175437461361359 0.0013268076086389289127 0.0032466160881306081916 0.00069429297304866833228 0.00022549884547648754219 0.00015462228984426958198 0.00010012029911743352347 6.7945691419659876085e-05 4.4150465623530694645e-05 3.2963634389315516306e-05 2.0902911857893511694e-05 1.4079945724929665167e-05 1.0032041811260306767e-05 1.4022993542668983136e-05 3.3635419279300229163e-05 0.0013201433200679397843 0.0062439281636612982071 0.022144033889837322349 0.048149764291338791045 0.21053496683152569946 0.4165446548950198502 0.44622711569908124485 0.21536295865056936938 0.079334480600131679351 0.024031008976656730719 nan nan nan nan
nan nan nan nan nan nan nan nan nan nan nan nan nan nan nan nan nan nan nan nan nan nan nan 1.1368166647586359641 0.91900108628344723272 0.72807445151893424029 0.59927575396016286025 0.39913687367048583665 0.48753041147991238446 0.67017559858031305886 0.85393654798945528572 1.0074962303107868333 0.86683661919796251016 0.21875236591719360302 0.079166839619578266429 0.096548352257981764901 0.14147469141070390108 0.031208641774908313371 0.00036477752327394570662 0.00076049076956465544094 0.0065379718471778132047 0.012562825253352958091 0.0039467900604602075207 0.00038506648993207856545 0.00019537053150149607562 0.00012860527674818427119 0.00010760408819672059237 4.0628595971042899668e-05 3.8067620468084578461e-05 7.341478487134711281e-05 8.6895421912774751107e-05 0.0015611396784440925885 0.014634826419091766583 0.025004530897171202419 0.058255268635577991954 0.13230652956135338649 0.19575335660694354045 0.17143202193746151507 nan 0.40569790283193568614 nan nan nan nan nan nan nan
nan nan nan nan nan nan nan nan nan nan nan nan nan nan nan nan nan nan nan nan nan nan nan nan 1.4058305377828781424 0.68433371575681034571 0.70273036115036424665 0.64306040912778794638 0.55899693367972214109 0.52125489842333838642 0.56947848178058380064 0.78003570539812572271 0.81076715740240545838 0.79500324271702393908 0.24121674005678592212 0.13817697940219875186 0.23343044240476612528 0.1348794438628832526 0.025412091779024377491 0.01440947987314170585 0.024818812474946432001 0.030911702815089096147 0.00034807984137954502786 0.00025418694957898260636 0.00023708909718114543432 0.00089886191185449472885 0.0067467229020636131781 0.037517487895230648698 0.087228417131560764819 0.10215541957400910145 0.13997012603980812928 0.14625138368717985338 0.18598414198834845035 0.16676121621392275829 0.14861661799701356146 0.15888602401369061878 0.70641397893253898843 0.20302153296725347631 nan nan nan nan nan nan nan nan nan
nan nan nan nan nan nan nan nan nan nan nan nan nan nan nan nan nan nan nan nan nan nan nan nan nan 1.423860105446153046 0.79586224851936293589 0.74440846554404205282 0.73181662410619174874 0.61862414507918539464 0.42976029314187724761 0.53439601473677944554 0.41624673460090511057 0.47106931426294934573 0.15931822023155889356 0.081323964642917065393 0.15739752450337457512 0.10481638912546699383 0.020969999138496953073 0.0097726795828631321528 0.020488510789435310233 0.036900012572387272392 0.00095455097451767833248 0.011941548067753946297 0.040063778237793813697 0.12060456099190658419 0.22069820069776771576 0.19658057344594012661 0.11383454345225600679 0.15978231254802677253 0.25331883095804130779 0.29450140048647777125 0.33807014289353104486 0.33622672894015326328 0.81646006989068264925 0.8823926862538368221 0.35876161322799399178 nan nan nan nan nan nan nan nan nan nan
nan nan nan nan nan nan nan nan nan nan nan nan nan nan nan nan nan nan nan nan nan nan nan nan nan nan 1.6351155436934350362 1.3634394295511536033 1.1526886344582532029 1.0120664874234424069 0.84074351128102520203 0.5300061894494093595 0.33459832432612995889 0.3696507866093746153 0.16902901113770316122 0.16298538338122112168 0.2655412115397894901 0.28602394005704295799 0.17560848905232218087 0.14968542423233482941 0.16453154212034207249 0.23346732800219668902 0.24706862165102258522 0.24936007060418352577 0.22588102059237141761 0.17604205479567458514 0.15451944691930927234 0.16275664524106850384 0.23035049038770052943 0.41844951515731082514 0.71095705814123599797 0.84149131828998524618 1.0682761250123746777 1.1252598520259955439 nan nan nan nan nan nan nan nan nan nan nan nan nan
nan nan nan nan nan nan nan nan nan nan nan nan nan nan nan nan nan nan nan nan nan nan nan nan nan nan nan nan nan nan nan 0.6933612634577489553 0.54699223649241801581 0.57760986201017650021 0.56232519331121710859 0.71234998160259122013 0.88264788074550504238 1.0362903099354736636 1.1839386697989635611 1.0135897476937745232 0.57156908240248349706 0.38151117356393121627 0.23825885592735124296 0.1571283570582280853 0.16704599673913714253 0.13401783814959891683 0.17312799638669970625 0.35006950992833624214 0.84238623294887926551 nan nan nan nan nan nan nan nan nan nan nan nan nan nan nan nan nan nan
nan nan nan nan nan nan nan nan nan nan nan nan nan nan nan nan nan nan nan nan nan nan nan nan nan nan nan nan nan nan nan nan nan nan nan nan nan nan nan nan nan nan 0.11994319479861569044 0.12779000271681684175 0.17315214509150511635 0.19740589381099846178 0.57307527365223631666 0.89489265812885143703 0.69477288116273849816 nan nan nan nan nan nan nan nan nan nan nan nan nan nan nan nan nan nan
nan nan nan nan nan nan nan nan nan nan nan nan nan nan nan nan nan nan nan nan nan nan nan nan nan nan nan nan nan nan nan nan nan nan nan nan nan nan nan nan nan nan nan 0.15751576308866477305 0.5336547157033222355 0.41699416711411158021 0.55290796312719947547 nan nan nan nan nan nan nan nan nan nan nan nan nan nan nan nan nan nan nan nan
nan nan nan nan nan nan nan nan nan nan nan nan nan nan nan nan nan nan nan nan nan nan nan nan nan nan nan nan nan nan nan nan nan nan nan nan nan nan nan nan nan nan nan nan nan nan nan nan nan nan nan nan nan nan nan nan nan nan nan nan nan nan nan nan nan nan nan
nan nan nan nan nan nan nan nan nan nan nan nan nan nan nan nan nan nan nan nan nan nan nan nan nan nan nan nan nan nan nan nan nan nan nan nan nan nan nan nan nan nan nan nan nan nan nan nan nan nan nan nan nan nan nan nan nan nan nan nan nan nan nan nan nan nan nan
