results/rofental/snowmelt_month_2020-06-01T0000_2020-06-30T2300.asc
ncols        322
nrows        225
xllcorner    622802.488000000012
yllcorner    5178049.378999999724
cellsize     100.000000000000
[rows 140 to 167 of 225, columns 63 to 125 of 322]
nan nan nan nan nan nan nan nan nan nan nan nan nan nan nan nan nan nan nan nan nan nan nan nan nan nan nan nan nan nan nan nan nan nan nan nan nan nan nan nan nan nan nan nan nan nan nan nan nan nan nan 239.59423225353586417 240.62827443859072218 269.33045763462183686 308.85859755975110374 366.2591280082629055 376.22864089301560853 431.66331655664504297 412.9260214457479492 432.23996980245692612 407.32332278470738629 325.83362093415877325 268.71438881696951739
nan nan nan nan nan nan nan nan nan nan nan nan nan nan nan nan nan nan nan nan nan nan nan nan nan nan nan nan nan nan nan nan nan nan nan nan nan nan nan nan nan nan nan nan nan nan nan nan nan nan 254.66090917201586308 272.91162699485022358 249.79807369823072349 278.80054199651556246 356.19188707368914493 357.35865548949254844 381.09761583468150548 432.32529528653020634 446.10752464709378273 443.40198146188407691 443.32416452508601878 409.79424486698286501 295.38078005566501361
nan nan nan nan nan nan nan nan nan nan nan nan nan nan nan nan nan nan nan nan nan nan nan nan nan nan nan nan nan nan nan nan nan nan nan nan nan nan nan nan nan nan nan nan nan nan nan nan nan 257.72711984461795964 301.14116830604609731 314.04352905142667396 354.69180724468543531 301.73954454134570824 308.10458955384638102 358.15917976722602134 419.12500305582489091 418.23471041376586754 395.13442316180510261 375.9232526335281932 371.96825564755118876 358.62648086715893214 219.93706188163469051
nan nan nan nan nan nan nan nan nan nan nan nan nan nan nan nan nan nan nan nan nan nan nan nan nan nan nan nan nan nan nan nan nan nan nan nan nan nan nan nan nan nan nan nan nan nan nan nan 298.85041389062047301 271.60942389944329989 363.34032241095059135 392.48144478456953266 353.32749747811141106 332.49736296114213019 365.68908784346820084 303.65049587532206488 399.48133657565148269 405.00185214081051299 365.17705247967836613 348.98611637991325551 322.4397524478005721 228.22752570658431637 171.5776492114276266
nan nan nan nan nan nan nan nan nan nan nan nan nan nan nan nan nan nan nan nan nan nan nan nan nan nan nan nan nan nan nan nan nan nan nan nan nan nan nan nan nan nan nan nan nan 283.43760217045092986 306.92233626324798479 344.10279175054540701 317.77269739905068491 339.75017988620135156 401.12421636364018696 321.66216097702977095 262.18982837231322947 179.13111820737177027 251.75275577471407473 390.01604242184077975 368.16753526538713004 410.56732965512242117 449.3985480860612256 410.80288488668543323 403.92779900392298487 381.74606286750008621 332.70866196251608926
nan nan nan nan nan nan nan nan nan nan nan nan nan nan nan nan nan nan nan nan nan nan nan nan nan nan nan nan nan nan nan nan nan nan nan nan nan nan nan nan nan nan nan nan 400.69630282282344069 348.47460997518436443 315.07964521407768643 386.8310283327103889 402.93375608119441722 391.62480707254508161 397.44960280354609949 402.25267737478782237 280.20694787600541531 163.27504508909248671 137.88970210621116053 158.67884218228633131 317.4666203795607089 447.69689516686520392 423.17665350109763267 416.74340736344788638 437.94278522237351581 464.00326672427638641 404.25678655088830737
nan nan nan nan nan nan nan nan nan nan nan nan nan nan nan nan nan nan nan nan nan nan nan nan nan nan nan nan nan nan nan nan nan nan nan nan nan nan nan nan nan nan nan nan 412.70869370266404985 394.17319242595704054 400.23723052657140897 402.31153296260259822 295.0197255239351648 301.82248647000915298 291.93724561215952917 349.28379444234337825 289.0949103395554971 241.12354908342854287 146.31069384399705768 108.97953680336833315 109.27353633404460709 154.66096070817735608 175.13027800687856939 211.92349637977099519 287.75694208502244464 389.07649320971046336 338.25230259706194147
nan nan nan nan nan nan nan nan nan nan nan nan nan nan nan nan nan nan nan nan nan nan nan nan nan nan nan nan nan nan nan nan nan nan nan nan nan nan nan nan nan nan nan nan 403.78416342714552911 414.83823887054944635 431.77481322489092008 381.67212520412539334 355.33940836269385954 364.98563894820824771 338.86555255588211821 360.8247555410636096 346.23532618785935711 326.82795271327086084 316.63571011863780313 189.14937531719121466 100.75568853929024726 97.48005142953603297 95.850037635030489014 97.122351311941173435 94.204054087063340717 193.95223930501867926 84.168937286383254559
nan nan nan nan nan nan nan nan nan nan nan nan nan nan nan nan nan nan nan nan nan nan nan nan nan nan nan nan nan nan nan nan nan nan nan nan nan nan nan nan nan nan nan 295.74787736623028422 350.30245731468068016 410.35300379977087459 451.06269712127925686 456.24818073533748475 449.92921968216211326 435.51128285863273959 425.46048638743349102 428.41473793429776151 422.08056360210395042 398.6022086653357519 391.05453068188904808 368.90209380721518073 320.55192491560046619 231.35250541070135455 91.441465326960482685 87.157568191980757888 81.153825631666450136 76.013597921089271381 71.762910943503086969
nan nan nan nan nan nan nan nan nan nan nan nan nan nan nan nan nan nan nan nan nan nan nan nan nan nan nan nan nan nan nan nan nan nan nan nan nan nan nan nan nan nan nan 243.37451818064550935 289.85163180863440857 369.76984030326275388 436.96161534425760919 451.32591262765316742 455.64715839178711576 458.08518885357045747 453.19601953079637724 434.31217680310123797 400.21547635984484259 373.02740500257772283 369.88873140962766684 349.99739117488297779 315.57115214146733706 288.90293783840650121 268.80499027797185363 214.02365846255011661 146.23466506366500539 69.955337114267905463 64.743974239840454743
nan nan nan nan nan nan nan nan nan nan nan nan nan nan nan nan nan nan nan nan nan nan nan nan nan nan nan nan nan nan nan nan nan nan nan nan nan nan nan nan nan nan 236.60595471463904005 258.63812776533376336 324.5688132089528608 350.51048914945488377 390.31882191979053687 424.01181514988689969 437.14356924091543988 448.27526989555059345 438.43897142651280774 440.70203647309381267 458.71181702462655494 428.28623635216592902 388.93261911946967757 339.37833733949491943 258.61788706804878757 140.58610571866358896 82.767786303106035461 75.686508265674632412 70.073918654196745592 66.26441661392880178 62.729238130425926556
nan nan nan nan nan nan nan nan nan nan nan nan nan nan nan nan nan nan nan nan nan nan nan nan nan nan nan nan nan nan nan nan nan nan nan nan nan nan nan nan nan 246.09796002397212078 230.46306631221804651 265.91468250644538784 273.8463423045262175 309.36682341524408457 338.20247594306215433 353.0083332920776229 354.02908311395236751 397.79796434110903647 403.15958927326556704 402.91675839181624497 408.14379778759450801 423.79809100668376232 447.47250243182719487 398.08709470152649601 310.77455856380163368 269.67234218355156372 200.23322418262659994 71.377901271984896425 67.007831641992325444 63.770951550002820341 62.218487507936529823
nan nan nan nan nan nan nan nan nan nan nan nan nan nan nan nan nan nan nan nan nan nan nan nan nan nan nan nan nan nan nan nan nan nan nan nan nan nan nan nan nan nan 243.37695457102901742 287.03966923536899003 282.78913389879966189 314.55313983241177311 347.77828969290828809 344.97965252488671695 326.82121611614400081 329.85014682463963709 307.97974736536235696 355.24264380586970447 368.34842668952290978 374.95880602123725112 370.64001088058608957 391.28146601248533898 453.54538204825809089 331.25090412064821521 276.13027753552034937 71.287221524155896191 64.687225272606809767 72.860018851683520325 90.617919282947269721
nan nan nan nan nan nan nan nan nan nan nan nan nan nan nan nan nan nan nan nan nan nan nan nan nan nan nan nan nan nan nan nan nan nan nan nan nan nan nan nan nan 181.1067229946490329 231.9503119818892003 259.75247664170439066 252.86676170474748915 267.25626728710045654 330.0745379887235913 323.74888677915464541 301.35721781867954405 289.11156052567866936 245.91153574552933492 245.92596046566879409 245.70613873142761463 275.43527824683519611 355.9347173224555263 388.74237255531068058 450.45379393183890215 339.10224995757158695 164.28373398054733912 70.36643530651363676 65.483584083036333823 65.210677729507068534 107.18226694786918074
nan nan nan nan nan nan nan nan nan nan nan nan nan nan nan nan nan nan nan nan nan nan nan nan nan nan nan nan nan nan nan nan nan nan nan nan nan nan nan nan nan 130.05606922210913012 168.25421712804080698 243.76762094148961069 251.46256699675726054 255.60743221881202203 275.54988561889422272 276.34412058731459183 238.23119488349041717 279.65716399784355417 376.27942093906221999 403.13478502183556884 395.10228364654039979 394.76199453341547496 428.90984856039750639 429.10397441120818485 373.69725090494119968 162.76983503518414409 77.054425451959886573 67.872028154328987171 66.610857892859939966 66.110388785950433999 65.192009696231451699
nan nan nan nan nan nan nan nan nan nan nan nan nan nan nan nan nan nan nan nan nan nan nan nan nan nan nan nan nan nan nan nan nan nan nan nan nan nan nan nan nan 116.21139332223363283 120.26895915931913805 146.69788747995951894 214.87020397282083195 260.60520377882625098 266.04843932162015108 284.92801272343996288 298.46675489055854769 333.56356045685305389 358.80842223475565334 296.96394012632879367 331.72214470873410619 429.08035980838877776 410.22455710791865613 351.33653987562723842 259.43786355902312835 124.35814356561321858 72.577056691167825875 67.930235553592240194 67.62755006330598917 66.858552262717950043 66.109467586731895494
nan nan nan nan nan nan nan nan nan nan nan nan nan nan nan nan nan nan nan nan nan nan nan nan nan nan nan nan nan nan nan nan nan nan nan nan nan nan nan nan nan 177.77906604096094156 181.42624557959445042 190.55043614075546543 217.3017476999500559 242.2991557094364623 304.23111097064088426 324.6590912932771289 340.43255570010455813 375.70046990949003884 343.06145445531421956 280.98314260102807793 210.61161114157684437 193.21041020663261634 274.27652763489129484 330.42327776006305839 301.3516190119634075 207.04388605958411063 69.820055350603766442 69.93834045787116338 78.666871357240722773 78.484546439039263532 70.293044692117291561
nan nan nan nan nan nan nan nan nan nan nan nan nan nan nan nan nan nan nan nan nan nan nan nan nan nan nan nan nan nan nan nan nan nan nan nan nan nan nan nan 250.37219766940262389 249.47827851770924212 225.1370012422149216 261.78646227866784102 292.59555609750117355 315.7783123673033856 339.23290892328412838 349.25378625063615345 349.74271511423819447 375.33090727574608536 395.24784733911576495 224.30622937968311703 140.31064058963460184 139.64162436402938283 159.55394921542668385 191.93430050570771073 202.09027548886260206 148.62551460119084368 70.065626867920641985 88.770520151938072217 87.846280035176889101 69.048015570680021824 68.099539683956081149
nan nan nan nan nan nan nan nan nan nan nan nan nan nan nan nan nan nan nan nan nan nan nan nan nan nan nan nan nan nan nan nan nan nan nan nan nan nan nan 289.22793648662303667 271.97777410217537408 269.04632818528119742 243.3644424189834865 257.00664512031397635 278.99627813645707874 311.49078783883953747 369.27341607951939295 354.06466120735706227 343.39084936267084913 359.9735927497451371 402.05774476236365444 405.8757619530285865 263.72431550080210627 177.75700033310693016 153.37882657053845037 170.4426329434658669 149.9449566737068551 72.842046656413700134 105.87952614967321097 72.248937997073497286 71.590411568557513533 70.555683495115786741 69.086422689159576294
nan nan nan nan nan nan nan nan nan nan nan nan nan nan nan nan nan nan nan nan nan nan nan nan nan nan nan nan nan nan nan nan nan nan nan nan nan 257.39229767125573289 301.92005715375478303 308.61866812576369057 301.86773547683833385 295.2305914696374316 282.53661214242816868 262.01825377487915603 246.79069585431926726 277.48237784659767158 324.63899288232960316 361.7127220426843337 365.45430030541206179 357.17019258374000401 392.84931226297948115 403.60114101911500484 404.7293831063945504 268.30303556739784199 192.43685428565331108 159.22030896791605414 88.069791445736541391 74.050775634138759074 74.657883488933293847 74.048761303120286925 73.38149263395609978 72.056450925033459498 70.126885780332912645
nan nan nan nan nan nan nan nan nan nan nan nan nan nan nan nan nan nan nan nan nan nan nan nan nan nan nan nan nan nan nan nan nan nan nan nan 297.94067457903253171 271.13766708873492917 322.29854952000692947 327.22222750395229696 327.67928348417126472 319.61742679442602366 316.442058120601871 311.43038933082829089 300.4726922477884159 245.69197791793033048 263.87310908036192814 342.33301905226875306 387.71424290698030291 384.39231068535008262 423.81770140961242532 407.37035898243703969 413.30708233401639973 222.92586456090623415 186.0232150812478551 238.77178324214665395 78.599815130713409417 76.356857545478021621 76.386283969554838791 76.223546460585623663 75.720321289769316309 73.879973035714883167 71.685829841998156553
nan nan nan nan nan nan nan nan nan nan nan nan nan nan nan nan nan nan nan nan nan nan nan nan nan nan nan nan nan nan nan nan nan nan 289.4099033972740358 320.87047423188965922 309.44526739196709286 311.65538332327349735 342.89717880287048501 344.50712957669350089 349.59398213596983851 342.77993104207678243 340.00837187682094509 332.79410870186887905 339.29311094886423916 356.0931733403235171 266.61235383869876614 231.0148703748057244 309.00326230660044757 344.35283857826198073 389.79185738996824284 406.49585352184686826 415.18364596739701256 414.27117985469163841 363.32461202892795882 269.44011685099167153 78.301002620816817057 78.927742012238937264 95.327942331496231532 107.16757922253927404 102.43827619331051437 91.40278384192342287 104.06520668170024635
nan nan nan nan nan nan nan nan nan nan nan nan nan nan nan nan nan nan nan nan nan nan nan nan nan nan nan nan nan nan nan nan 225.87596182494513641 269.10000777949323947 297.53128199883030902 327.87994711333431042 319.99199314559018603 339.84989632403619453 358.46052487663274633 387.47410301355961337 386.20149962792601173 384.45611243673090485 382.95466843838374871 373.44299359371831315 374.27848347857593581 388.21540889038243449 338.50935940868004081 370.43953277755673525 358.39940001443568462 345.72721818870019206 368.58397954388635753 354.24493274613968197 361.31054435149013671 370.44412630085037108 417.06496609421708399 407.06250279353741917 186.10080543237623374 196.96820845493289198 150.32059743696862597 144.77999653403466596 139.58222088512050618 104.43614822438500767 93.327449382817817991
nan nan nan nan nan nan nan nan nan nan nan nan nan nan nan nan nan nan nan nan nan nan nan nan nan nan 76.282472204213078726 110.25422209022481468 137.58730782412635563 194.28687028041508711 223.33270253209758494 261.7121934634821514 280.45325068639164101 277.71209922991738495 296.12898696940959553 326.88328621779379546 318.1653946267257993 379.03838169415718085 402.30426228977819392 409.47940719050916414 405.38610521353064087 396.9649737631917219 395.84444737442203177 383.27945650939903999 393.042988716136108 394.41436382701340335 310.17836780695279231 193.52340703269342725 250.23243037997940519 375.05557745305179651 294.06114200008659054 298.90974396123010592 326.30065292143592615 344.01223998264373449 363.65590689034956995 289.11859592486848669 218.5555475165260475 181.38231235099539163 147.04932185535670897 150.58146135314353842 161.46922545069224952 132.95229109465913098 93.475795661206277032
nan nan nan nan nan nan nan nan nan nan nan nan nan nan nan nan nan nan nan nan nan nan nan nan nan nan 90.879581947237980444 154.78380385003401898 170.82660221737640427 244.2520408804138583 250.56185147344859843 266.26592773037862116 273.61699315389506637 294.72253215239891233 294.33411038995933495 314.88320966445701288 314.19530546799359172 391.17269097717741033 393.45480266876955966 403.48748125405421661 415.40476176787478835 402.12558272150511129 405.78453035134845095 388.62006631809612145 402.67155316099302809 403.13590966491932477 338.27154472184821543 193.41207129146772559 170.39127656461158722 309.67929902156669186 313.89582558113045252 258.32142706432205159 264.03311239674457056 223.12917326979996346 184.85715386839976304 167.85936458344113476 188.25090842477416686 155.94297718704675049 139.26020397556382591 135.03809378319664347 125.68559040540584704 124.01678492706885493 137.98479181128377036
nan nan nan nan nan nan nan nan nan nan nan nan nan nan nan nan nan nan nan nan nan nan nan nan nan nan 73.676634980695979493 101.61137286128341373 127.93329849308241819 182.7410572096327428 238.71907621325217974 262.63436273188557379 268.05880508730842848 296.75371783651127089 312.83365189002489615 301.32549638171548168 302.42310817590890792 379.89020394892048671 389.31989281073077791 392.46195030058748898 407.97274630488487901 398.54758114519472656 386.8592475562038544 403.98829587552842213 392.55769281249899905 311.08712149384200529 295.36269797639459966 181.14161432559106402 144.93534418868586044 195.56820762174487527 240.51315536369995129 195.80116253456210984 165.83871216547478866 101.84156427419489432 195.09637390561641723 215.66663736311716093 169.6708888678649032 138.93048307364136917 117.25950697781021859 97.855593710162168009 96.544919010622621158 114.06210381856608649 153.69474634412802061
nan nan nan nan nan nan nan nan nan nan nan nan nan nan nan nan nan nan nan nan nan nan nan nan nan nan 104.18408381556638176 75.278296561132535203 97.760218417520349021 160.35614894433780364 202.64871714404881686 232.14612994812895863 275.8291608089493252 306.75887818690358699 324.96254985230712009 315.70806374288298457 301.8476713058313976 353.65003930376138896 397.12838195032497879 399.71798311476169374 401.12275590174948547 407.6193759101811338 417.45730082700720232 411.19143730541640025 341.18256857039040142 330.39824879093998788 298.7719431159239889 215.95397067205308872 167.73066315833094109 166.20112273090876442 216.44391004934007583 243.5349240673367035 187.88889300032101914 198.53809476660421751 182.23061410851883579 169.10215310796178301 155.65260814357898767 134.64778647198153294 102.386375075902464 91.375428114324463991 89.396063239945959822 149.75970706153668743 227.15878297469470226
nan nan nan nan nan nan nan nan nan nan nan nan nan nan nan nan nan nan nan nan nan nan nan nan nan nan nan 123.2720089215957131 158.31315577090518332 242.75035720563050745 257.63394661073755287 220.11006478189958102 191.52578191398481522 260.3079115373869854 321.90578497054849549 349.23127264514863555 352.23345018462651979 331.95639268765683028 384.98667653096146068 409.11195619564711023 397.80816478599302854 392.65379522614824737 399.3698749971296138 396.66937631911815743 419.44082324589703603 394.11160551983897449 398.14766307340551066 345.22633385922546267 321.97626595128235749 316.60102693697479026 334.19754182417233324 339.80197510255595716 227.8278340192434257 183.06150147439481657 169.52310540067969669 160.64473553605182587 147.72230704798613488 124.10782264999232893 94.77346238312000537 91.968219268994175764 205.19916352731743814 337.48254742824912 402.49566700847248057
