results/rofental/snowmelt_month_2020-03-01T0000_2020-03-31T2300.asc
ncols        322
nrows        225
xllcorner    622802.488000000012
yllcorner    5178049.378999999724
cellsize     100.000000000000
[rows 168 to 195 of 225, columns 126 to 188 of 322]
0 2.3394594276873554861 7.0495372383705046104 16.125769756486644013 15.334411970820315929 9.5765327774277597683 11.274851924905522793 27.303065384001339311 40.141055577379056274 28.397685466864793113 20.674744349609341043 21.216543238895809509 23.734215350568742764 24.643791452052539626 20.135170285748689167 12.109545710959611853 10.934911136924881703 10.092070447938866096 12.653018606816534231 13.500854368282185547 13.616406089832706172 36.601960551040178871 48.248646699031112917 65.785424289799664166 73.548175807353217692 78.081502534692234008 71.07335790497776884 48.796280175535038381 37.065067761854386674 35.968194548652235198 38.460281112085887401 46.580604952499463423 46.04103328258855754 36.251585038566446428 23.055321329928549545 33.322908669432422357 30.646987957587459306 40.811035913082953641 55.346813539892139033 43.622570803902974035 14.283909236990737668 10.237726727274631955 15.079132556334917226 16.361338035450383899 19.71408749546883854 21.87173329481156614 16.919120835124925151 18.628041684141834367 23.022916430921242181 25.176016521701765072 32.17946079634972989 44.182425374450382094 19.793578169911825171 0 nan nan nan nan nan nan nan nan nan
0 0 4.0577359662540049001 13.035361360940713737 26.189920837662683084 nan nan 10.384427947789669489 14.625751740470118278 12.223269059213542675 7.5939051612073873443 10.119639573083590633 15.133073595634696673 21.855081611025777732 25.20906329266482615 20.063643901292358862 17.765302451135308814 19.02499809213144033 23.848002611412532303 20.783239301740579208 18.385524693163990406 27.042154023586729039 36.128254944940842108 83.131947329797839075 84.44520286777249396 77.954960989653926617 56.347431422694548075 42.739971284708865085 41.981161429637552374 37.283427207850451168 37.503203766490486259 41.599993733327913503 35.201463571901811633 45.736176430432564644 54.783110460073601189 52.899648567076397399 42.683298296463824784 32.219545166847112228 30.279634810619956653 25.525211332625797667 17.63864250522475885 15.276247922233121557 15.988432751260983622 18.826226086635273305 24.246759726875527718 25.696249760981363153 21.960882575460782817 19.630470563554517582 20.297701060494411252 18.090120093098086329 24.827926761926523369 42.265750942871427753 52.04990239949400177 24.447941768805723228 nan nan nan nan nan nan nan nan nan
0 0 2.1609517354211527085 8.4047276491727291869 nan nan nan nan nan nan 10.255505485818801503 15.22956728897585954 16.22264988198975999 14.379450227584083422 15.621448331916704788 16.418517993204396532 16.507847063707089319 13.507211668569171437 14.86397605907314734 24.778688263104204026 41.870467171233620718 52.679602532815152927 54.369051418327110525 51.209596354710107846 48.602935693934327332 70.250368979255156887 44.629757432929999084 37.840476577822883542 39.88322453824147118 37.010640281653898853 34.064557350505303646 33.177367625359543979 33.308140734356463497 41.549687822024708339 46.723320933755431383 43.214779762779684802 28.979673634759333112 18.486652829756323513 15.798094301010911167 14.482534959861181889 12.897963247733073899 13.291828537161611834 19.76068224332488299 21.74050190123079318 16.708216699906149216 12.113401788959748728 15.489109991434441227 19.888772592019439145 23.106648881158033504 19.394012395036927643 27.027942667744742522 38.379018216644951167 33.226307450046000724 10.796988836915719645 nan nan nan nan nan nan nan nan nan
2.4363974502626937202 nan nan nan nan nan nan nan nan nan 12.656832246725905122 20.542408061480585957 34.144789083245946415 32.988148342207395558 32.803635898783078062 36.068313664073016866 38.310108610444409294 34.441207803910039331 41.797306952023966176 42.764350454810838187 42.898150521631720267 45.731644482643908134 50.583127145308530714 48.935486457248345005 37.022132917759307702 31.024924362163520897 19.511430718541877383 17.687486476365123167 39.524058987011926547 36.074800502644237099 30.753211938003332193 31.505961706535920541 23.587771411293296353 27.701767500775062558 31.883904921811996758 37.191518681988888773 29.901772609453662 6.5297256534799759109 5.5027853620795328382 6.7750837741396319203 9.6345651932015066166 15.058682133056185748 14.945527827807715937 8.21103402246550651 7.901730711187004097 13.497918670493696425 15.985392652644152989 19.657502750013421178 26.799334317847037568 27.319486185629486386 26.989613053277196286 62.946141172254115759 95.957128032868979517 87.586496771836763742 16.368838849523900336 nan nan nan nan nan nan nan nan
nan nan nan nan nan nan nan nan nan nan nan 22.37579718189713418 39.738887465432100043 43.035158131195856868 39.40015400267527923 36.257995907897068832 33.660859697755121545 34.79136531616018857 35.492437137787689494 40.582204530926176744 46.705798421920619035 50.781574650716009955 50.105456232616326417 48.722128692939811856 29.108410215625880824 24.346588250088487371 23.123764953008873135 20.74478462003790824 17.938870805208900094 14.712634767867642793 25.476710228841241701 32.213310839010723896 23.388021213842058899 17.388219706684612476 26.157201998844218593 30.848966579848209335 23.507725236193657281 10.214463248410025287 7.2652351374747929924 5.1786055660578247384 6.473442358021776144 6.8816562202836299988 3.1145591106529471048 8.4523880432878684132 16.44725079345429819 19.495273129352256092 18.890537914206056769 15.59078457185569988 16.167329342951841653 21.603502804437017204 26.426910491507861423 32.112616534446196681 44.041034223380727042 44.487878972186983617 3.5019564686303685797 nan nan nan nan nan nan nan nan
nan nan nan nan nan nan nan nan nan nan nan nan nan 33.321453683707716209 38.774029043495296776 47.338660461827288373 47.449379625496469259 46.757420735635307096 43.458175975329432106 46.977877757509965306 48.30519730376082066 48.447294841036629975 41.972117583375236904 26.648049409442634783 19.54709249214591793 22.111218065624679951 22.470232079574877559 20.362604720377877499 18.817687415588462585 15.158671221640959814 7.8660288888569986909 10.855805463294801783 13.554416696338270398 27.237552621035852951 20.404067910321604273 23.087789365458995405 19.600766981862161487 10.995341758504698859 8.7910526580173424804 14.319006700252167263 13.534151652036189972 7.0692714994086793823 1.8185558900063789611 11.302041937050857356 15.210395892232616788 19.002015752780518909 17.967834961421218054 14.642271045387428074 12.603341606837139111 15.546658179460600024 23.087849152851216417 30.365539269641022457 20.059322380135270691 21.405831977489675921 16.656503791377563317 0.099366697133792439289 nan nan nan nan nan nan nan
nan nan nan nan nan nan nan nan nan nan nan nan nan nan nan 39.81552135659513425 47.627042504969679726 46.759757450859751771 45.959910115791075214 45.123448312403176885 47.354484287211178639 37.063967171041120707 22.865355582094728959 16.103805586328792998 18.950558643337927833 24.966174450897366199 24.200431871810700102 20.108537034384518449 18.169322408860328011 14.026965970293897357 7.0650871081084840597 10.238521659732482405 16.18591364305594027 19.005788356725350496 12.103831781755694408 14.567671115264168691 8.7767716892321754329 6.4777422404998521444 6.2445890306286528926 10.288703842976625324 12.401756073678694037 24.683303958293482339 16.792231397672441773 7.1122671342162595565 11.622653891576826268 11.675737736678078349 13.223485870195917258 16.728189644868265873 20.467931113269735022 21.590247060530217027 21.42671401263779174 26.284704183093207774 27.460834550802466936 7.5001484384491075019 23.999959901169731324 nan nan nan nan nan nan nan nan
nan nan nan nan nan nan nan nan nan nan nan nan nan nan nan 30.627260042231725379 40.726385033920522005 39.072809490798377396 45.243239805426249234 54.313362398369946504 41.668238447607798491 24.581434552418532036 18.698886219958453125 18.649171704037843966 19.111766752129842217 24.447114429944345915 23.34738494719686841 17.65923934216548119 13.529797323622146266 10.308375371507143115 4.1091605413385705603 6.0618734718771607461 9.9037712832876270141 15.854561270705815446 21.369085234624044745 11.220076470104759281 0 0 8.353979578439311382 9.7806369860566935159 6.9901146960266027364 11.26275254953019278 14.696006786049190751 1.6750492932744396324 2.5452667724489987933 3.5078655233821036674 7.5431184250086049659 12.133244489066461469 13.726104389284563112 16.565647844853579329 18.035345687395057723 22.222488916274155457 37.646199633574155996 52.727701415751148772 nan nan nan nan nan nan nan nan nan
nan nan nan nan nan nan nan nan nan nan nan nan nan nan nan nan 34.128996931623611033 34.480075396095301699 32.537102512995097925 33.300016373249498258 23.866457327682685019 17.686513179115252115 18.551594797381795843 18.156167476515364001 17.751267758180372169 20.737235734189166436 21.067488519147133275 15.990612225103927102 9.6090301693894506485 8.4584291352204790115 4.4547776619101142614 5.8084886297115287945 8.5041814796818790967 14.629735163996729241 24.238965622418994883 24.692921251257082815 14.683178900619749285 0.50314484053196872892 2.1431238973435235984 11.525221737647608933 8.1696950732642061865 6.9428844855021543125 14.990487759414467206 8.7384944439563732033 12.51878792461981682 14.408506727998108943 12.974436463649205109 8.9432975910017944443 7.7625769606183743221 8.1494216856824461814 12.411683537594123905 17.3342537658266167 50.462710081242327931 nan nan nan nan nan nan nan nan nan nan
nan nan nan nan nan nan nan nan nan nan nan nan nan nan nan nan nan 22.121008510639175171 33.10893882549559919 21.716238122226801721 21.617998921982209737 18.917417202161804113 17.576797579422375861 16.496959119467682342 13.75435813948273811 13.144189213404002814 13.536684389789538585 12.896331827197776931 12.34054607240597079 12.528021799247415657 12.991683423331123137 12.633561537851830892 12.291691752764876355 10.876778259048098363 16.121717299764199538 19.007703306831253087 26.52837666784419568 4.8981592184073416973 0.025900341504414774174 2.2760243518434446486 10.496025792359521489 10.419189667097640495 14.872474159024898555 3.1625303792373364864 6.0957608458895187198 5.0657682269858135271 6.7915580420938352901 10.436222861705067189 9.9712604016812349528 9.1932921896034223153 10.333800696770202521 29.997050383472370072 nan nan nan nan nan nan nan nan nan nan nan
nan nan nan nan nan nan nan nan nan nan nan nan nan nan nan nan nan 39.177259823074926715 35.183026767929490575 37.429786242997096224 25.482470837268856201 23.314350397360712464 18.819989395891720818 12.436104990470917997 9.0363070275359511641 10.527522143834895374 14.882622843412997682 11.458061538870202511 13.923508337017279857 19.464683740519731714 19.428932800788121682 15.924466940885739774 10.118820503217875739 6.3561993152077782554 15.180696689922076104 6.0842079962340296362 6.2766059599025743054 4.1023480447563116513 0.25599232602563226635 1.4790374960987642261 2.302762212265866637 7.1992886571569680854 11.967474521254970909 0.12323835262492768838 0.23024313332402623899 0.15063132746386109773 0.15790584337600291343 0.29008042804334588372 2.6958579494410255251 9.9014063156167217983 12.424627475624552275 13.018865567659744897 nan nan nan nan nan nan nan nan nan nan nan
nan nan nan nan nan nan nan nan nan nan nan nan nan nan nan nan nan nan 42.647175943025906975 41.268494562835535078 24.503374988499381004 19.334512157462700799 15.190848169765162723 10.140156936560286383 6.0062577754048911416 9.1510137906936090957 19.16546966951118236 17.799796747607970815 18.786811794339850934 23.15984172435252475 22.748204436568734366 23.453408072258909556 17.921948453355248887 10.152967495642648998 32.774670382532015367 52.211997496949727804 29.598345473034900266 8.6667991937027100136 0.23421245797565837243 0.18144436383424125681 3.0495586105015135558 5.3166842062581585182 18.357105178042733229 0.02607048015091562726 0.0064881410219813683352 0 0 0 0 4.7062982574170764138 19.991459297347802249 nan nan nan nan nan nan nan nan nan nan nan nan
nan nan nan nan nan nan nan nan nan nan nan nan nan nan nan nan nan nan 39.849112859716889545 28.5832857037270891 17.105427738565094131 17.661295685656320131 11.80315121562475511 9.6739804052006519441 9.6169884714739524156 9.0851502037221454344 18.163760328392648091 26.900038873611975987 27.24057622158253622 27.64648989494771314 24.248819302205827597 22.276529757864590664 16.786104174438658987 7.4065122642390646135 9.9423319470478510596 41.592970880500949704 74.651588637176075736 49.04511824344203319 5.9145897787910470811 0.18434909178450828438 0.77197027585093458413 1.3588466430925387751 5.9174780560529489648 0 0 0 0 9.4102771250974548423 2.8773723194010960569 2.534329943016191411 nan nan nan nan nan nan nan nan nan nan nan nan nan
nan nan nan nan nan nan nan nan nan nan nan nan nan nan nan nan nan nan nan nan 10.161969277616421437 13.617700443238241803 12.85580490930292541 8.22829953530798619 5.9652605626656356463 4.6748364669722137776 10.188839070469629888 19.880882942559512827 16.978934844492627576 11.37861841686784814 12.836395658116314777 13.766628817581610278 16.828350363787215827 6.3200622824547521006 4.031841010941572101 7.2048424068362164618 20.784372111933070215 31.78732521341762407 12.431067872796949914 0.089607246832504247602 0 0.047518145744573754563 7.8388997281355869973 0 0 nan 13.18739181518819592 23.231406418567001282 nan nan nan nan nan nan nan nan nan nan nan nan nan nan nan
nan nan nan nan nan nan nan nan nan nan nan nan nan nan nan nan nan nan nan nan 5.5352593654007593571 6.3855349970627788281 10.95667321127610272 9.39734169451006629 7.0532145995633772628 5.5402008647299627597 5.8297709845880332225 10.151343068920416712 14.120929236051333433 3.9771839664116006574 0 0 0 0.43486516021065779736 5.4958391045974659406 9.1930529641396212526 9.5799481771457415391 31.002937995906702184 31.942245482221245823 7.43672082005754298 0.16857583856944358125 0 1.3155628339319587194 5.8513749260172138733 nan nan nan nan nan nan nan nan nan nan nan nan nan nan nan nan nan nan nan
nan nan nan nan nan nan nan nan nan nan nan nan nan nan nan nan nan nan nan nan 1.1546302361064217923 2.0501971897065742745 4.1491513127229753266 6.8433143992568803426 5.9022224640302569654 7.1548701352626240535 6.444375353338909207 7.4691547932269823917 4.7365233883268338388 0 0 0 0 0.13387187261404559502 2.4131226068075237734 6.9885438923326566041 6.0712097887059162105 12.218556976708555339 19.300192131769691173 18.389172575302296764 7.3318908295170981404 7.1276363490664929046 14.512569982641551292 16.317443306825477833 nan nan nan nan nan nan nan nan nan nan nan nan nan nan nan nan nan nan nan
nan nan nan nan nan nan nan nan nan nan nan nan nan nan nan nan nan nan nan nan 0 0.086206594774716843732 1.9646273353082182034 3.7444089966745779385 8.1216841834198589822 10.762326659743322921 8.5891956880904256622 11.245779688864523393 27.75769142225947661 19.268632906420513962 0 0 1.8828510748861040369 5.2791931930818201124 0 0 0 1.1810492418974281037 9.3681707434668268775 16.009814149393712057 13.223352301125874675 13.68471114922608578 16.031194726482226542 3.9386161300030777532 nan nan nan nan nan nan nan nan nan nan nan nan nan nan nan nan nan nan nan
nan nan nan nan nan nan nan nan nan nan nan nan nan nan nan nan nan nan nan nan nan 0 3.2644722994180490616 6.7771437739985502802 10.245232471356606752 12.878952716574188386 12.098750358337442279 14.793240087254723392 34.119729094233086641 48.339514584595100644 30.0344310647130186 0.24876058481689969359 1.3760653194824776779 0.14960568474873853217 0 0 0 0.048987961004432735435 4.4817335445849968423 11.888586766198596223 12.186210951920479317 9.1359176600349076836 21.209758342627658578 nan nan nan nan nan nan nan nan nan nan nan nan nan nan nan nan nan nan nan nan
nan nan nan nan nan nan nan nan nan nan nan nan nan nan nan nan nan nan nan nan nan 11.621183450610500287 9.3679607230184753774 8.1183712868244306549 7.3002620936311375388 10.200282654988921394 12.472781925560923355 14.23358996585163716 15.785482404798887757 29.534057880606006563 26.33469239205456347 0 0 0 0.037611865764998746176 0 0 0 1.5101019350393898311 6.1628231793451755394 7.3213617081355231164 3.4738377575873955472 8.2161753773768051445 nan nan nan nan nan nan nan nan nan nan nan nan nan nan nan nan nan nan nan nan
nan nan nan nan nan nan nan nan nan nan nan nan nan nan nan nan nan nan nan nan 9.2894964678938549696 11.367337371443502647 9.1208569431709243247 9.2949843802217824162 8.9646039829554471368 9.9886881549405881486 11.576717896175113154 8.2460193049042587177 0.19057935493204464228 0.63860935631792692391 17.928931979932322349 3.0031336861869228905 0 0 0 0 0 0 0 2.8058622431088484639 4.9642700705128044447 7.1363136322590792204 nan nan nan nan nan nan nan nan nan nan nan nan nan nan nan nan nan nan nan nan nan
nan nan nan nan nan nan nan nan nan nan nan nan nan nan nan nan nan nan nan 11.521881556960360982 15.154556420059211774 12.382390698228901371 11.745139413363048675 10.851781160365467471 10.617333849082003283 9.8069734590060875234 8.9243353910571965315 17.219532857250367641 18.186850821470194717 25.77069903155762276 38.962854961182436853 50.65359704207634195 31.654134648172735922 16.684007545985053866 16.982320351415861381 3.060170951935968553 0.41998453644086430891 0 0 0.18231080500468269112 7.2215693647954042333 nan nan nan nan nan nan nan nan nan nan nan nan nan nan nan nan nan nan nan nan nan nan
nan nan nan nan nan nan nan nan nan nan nan nan nan nan nan nan nan 3.0490703930028755231 19.205123322405643904 16.230519645011426633 10.834865814645214144 10.884652619110315896 12.277401871307770165 10.361902655806012774 9.4660598686003076807 8.6010278829957673707 7.4903558852689355874 18.526401265967169962 19.125587102133494 30.103710763113703308 23.639412266532701778 5.6686068718832647306 15.762998617688959158 44.453697828377791268 49.02322904589473751 nan nan nan nan nan nan nan nan nan nan nan nan nan nan nan nan nan nan nan nan nan nan nan nan nan nan nan nan
nan nan nan nan nan nan nan nan nan nan nan nan nan nan nan nan 2.5305955685383536569 16.3417123160310922 17.578284749049799984 11.977490681786767013 8.6602066682471576797 8.4957636386711108401 11.386743351921898793 12.382752069373792025 10.897568490857560519 9.4188746128049043449 8.1718005112221927533 22.012660918242406893 15.678513766951496677 4.7822188827370846198 26.155454521110581112 29.999550990381045779 7.8801340227472831401 nan nan nan nan nan nan nan nan nan nan nan nan nan nan nan nan nan nan nan nan nan nan nan nan nan nan nan nan nan nan
nan nan nan nan nan nan nan nan nan nan nan nan nan nan nan nan 12.093460986690546477 18.991589814130307445 7.6184858957006937885 6.4565886359259296867 8.6013125929659555169 7.6340569654029222235 9.5884659307612665202 14.200152867616079533 15.558855899675789303 12.275082633731212667 8.0091564983452130377 15.947608786101172385 23.838133335638442389 11.405929027747042426 18.203130505830749541 30.567090667238630886 nan nan nan nan nan nan nan nan nan nan nan nan nan nan nan nan nan nan nan nan nan nan nan nan nan nan nan nan nan nan nan
nan nan nan nan nan nan nan nan nan nan nan nan nan nan nan nan 11.057112838516122366 3.0046601159980719231 0.33039532472842370048 1.3489162102856195879 4.8051403820464244632 5.6388259696000906374 2.2221637713959139226 0 0 3.5795337890949476822 7.8892877474339755395 6.0911623303885997771 35.491945626884621845 nan nan nan nan nan nan nan nan nan nan nan nan nan nan nan nan nan nan nan nan nan nan nan nan nan nan nan nan nan nan nan nan nan nan
nan nan nan nan nan nan nan nan nan nan nan nan nan nan nan nan nan 0 0 0.04429195056324163049 0.84991436643442830334 2.4340266391234424148 3.4857886054902822437 2.0756837548522288905 0 0 4.0641256263465450616 nan nan nan nan nan nan nan nan nan nan nan nan nan nan nan nan nan nan nan nan nan nan nan nan nan nan nan nan nan nan nan nan nan nan nan nan
nan nan nan nan nan nan nan nan nan nan nan nan nan nan nan nan nan nan nan 0 0 0 0 0 nan nan nan nan nan nan nan nan nan nan nan nan nan nan nan nan nan nan nan nan nan nan nan nan nan nan nan nan nan nan nan nan nan nan nan nan nan nan nan
nan nan nan nan nan nan nan nan nan nan nan nan nan nan nan nan nan nan nan nan nan nan nan nan nan nan nan nan nan nan nan nan nan nan nan nan nan nan nan nan nan nan nan nan nan nan nan nan nan nan nan nan nan nan nan nan nan nan nan nan nan nan nan
