results/rofental/snowmelt_month_2020-02-01T0000_2020-02-29T2300.asc
ncols        322
nrows        225
xllcorner    622802.488000000012
yllcorner    5178049.378999999724
cellsize     100.000000000000
[rows 160 to 191 of 225, columns 144 to 215 of 322]
0 0 1.6915785691888736153 1.4329276033832993864 0.71284686154597176611 0.60463483439193665969 1.197318951693276956 1.3963949885158861708 1.1355532962883820858 1.5001628388372905132 4.8398630309299699448 5.3937166336720592241 5.2314091760413816701 4.9100125142686321666 3.7449850281768548577 4.2024372438693493592 3.0380434038445671696 4.7763784004569105335 5.8077580123892644792 5.9604799465845328399 7.8048393133478572992 3.7186665964792915418 2.2218362888655578402 1.3646308058419784892 1.4788278420021372384 1.0200318894187641039 0.30196497160837870721 0.20617812740226287849 0.96521380712586124506 2.4291625886418031222 2.711599222114702723 2.4485748833672702496 3.9423407323176618 6.2462940879798640736 6.2962647483750799893 1.8339856250305330843 0 0 0 0 0 0 nan nan nan nan nan nan nan nan nan nan nan nan nan nan nan nan nan nan nan nan nan nan nan nan nan nan nan nan nan nan
0.66826324947384496689 0.10730409040998588333 0 0.44731309069879160445 0.41033743251950943742 1.291760005604073891 1.8727806235273745106 1.3445457629606951677 1.6071928809523199355 3.0031120222559182231 6.210125113052642476 5.3836491307455638378 5.1536091975680751176 4.5927935618794446526 4.1700615443921495995 5.5929256586990900857 3.1962680777706209412 3.5751772402031889442 5.9559483861456339326 6.6259505474224980048 6.5287748615583698353 3.0272879468393631974 3.2470807368505232304 2.6407988306860974426 1.6410074927762994257 0.81335939500408027669 0.50946363930083915506 0.58842247200184005784 0.57878624559319824527 0.88244901901867678351 1.7267991227596350967 1.5298455338144589799 1.2188685500105505 2.680570707326608737 5.7649769253530820379 7.3908963750734182341 5.8138720610647087739 3.2269052301183558384 0.014670378212139551996 0 0 nan nan nan nan nan nan nan nan nan nan nan nan nan nan nan nan nan nan nan nan nan nan nan nan nan nan nan nan nan nan nan
1.1804274197564383897 1.1660289267512990996 0.80208643120629863343 0.3418648060700266722 0.75252547140596570685 0.77709150354026734764 0.53002528706314555595 0.76431214223493115778 1.6450948699434357891 2.4573274386771464251 4.7746050921686284951 5.2543454593153731125 4.5605877082716128612 3.7808814057503803419 6.4219637177797421757 6.645592130152064847 5.0922299079361375007 3.666007454390659781 4.6880631354541488776 5.2929327622760053984 4.7295442908403027005 1.7045219320407889452 1.8249883180872314981 2.1383178446257851135 1.4947229167641840064 0.65247276166982803858 0.16214309863116166399 0.38576863965677726798 0.60323119447364970114 0.84841172094856609487 1.4916317883787013621 1.7191395386898284947 0.97685132569476296194 0.51987557071899803685 0.6180848917530172848 1.6337867067434159729 2.6366070731130628602 2.9911357271835283811 4.2412411602826658452 4.9102364530286601862 2.3374590249762632332 0 nan nan nan nan nan nan nan nan nan nan nan nan nan nan nan nan nan nan nan nan nan nan nan nan nan nan nan nan nan nan
0.48731885232331284552 1.4298727125606203181 1.8585623086570599583 1.374796424125969585 1.1228534500473537072 0.92205716491150635505 0.94260097404351161909 1.7436009651464816628 2.3665197222104459307 5.7658839653428062277 6.4190915881376406915 5.6948127014874803109 3.9674452487634290776 3.1492685249607612619 5.110974564760502048 6.2077478483550274646 5.3775240051170722921 3.1275759242529086457 2.935353623137767265 3.5884767982489136351 1.2184451953057182649 1.0824424457289529844 1.0394999791687751234 1.6168342464756757515 1.6838222712654369317 1.124053405320356358 0.98890318878177652095 0.97232519419709428909 0.71011721683503203906 0.69991624016244524675 1.1897684522197877754 2.0918556586469607694 1.7434085548686730771 0.89965147374787757251 0.44423364793137548601 0.35510709451742328291 0.62501968278936947954 0.96546272065263649687 0.91121197397904762916 0.48250946314714765473 0.83808651774608178275 nan nan nan nan nan nan nan nan nan nan nan nan nan nan nan nan nan nan nan nan nan nan nan nan nan nan nan nan nan nan nan
0.83716130613574257779 1.2018994551947235205 1.456883998502460198 1.7944872097783761689 1.8330948016893440222 1.7791479140059482944 2.0362088703972176518 3.0581188404559220828 4.2052849470252029462 6.4619021044627320549 6.4033773184966129577 4.8592609975003595579 3.9301820100711903905 6.0728900586990786081 5.8656124366195721009 5.6285011816828482978 5.5240781837417092248 2.8608292371539190135 0.60833470180687931883 1.0051923247054670441 0.89083867656715676198 0.81625516949991205884 0.90159297570112906239 1.6194821051693741865 2.0060480491069361264 1.7448034669245073847 1.2625727891006248704 0.85902989854449884888 0.76459704043049780964 0.7999473444809008793 0.94656932515555414209 1.6828647063939292661 2.3122321446993283622 1.3918034294589161082 0.33681102578778732148 0.066098371086398405305 0.19893578649699902861 0.44169996435903863263 0.43132685759295041894 0 0.10975247298479462454 nan nan nan nan nan nan nan nan nan nan nan nan nan nan nan nan nan nan nan nan nan nan nan nan nan nan nan nan nan nan nan
0.82434806845576025225 0.70412962892868347087 1.1368605580557917811 1.822506352650717254 2.8539772495634618821 3.6245783631461780949 3.8921134136351351884 3.169590110711125952 6.3687940129919118348 7.260472702183475846 6.3625212257072645272 8.0639293498929607296 7.1799406054930994259 6.4131950757312274902 5.4514683879409906453 4.4284667252110532232 4.2613927583838275837 4.985872579852051345 1.0301373096857777689 0.20379150599110409936 0.83194070698332556191 1.2945857939885279109 1.9294677176812631281 1.6868179650044345941 1.2457232733475087638 1.2678990204935025599 1.2170268825674097624 1.0877134682888593975 0.97395248547140600426 0.94642156121831977345 0.83396978762800233476 0.92442757544784814883 1.2779165279299329328 0.86159165380560842618 0.17234505131835481384 0.013004291329654360521 0 0.093380433519070910053 0.16282763249014525764 1.0233859957537132512 nan nan nan nan nan nan nan nan nan nan nan nan nan nan nan nan nan nan nan nan nan nan nan nan nan nan nan nan nan nan nan nan
0.62332459263126716031 0.51172674169658616261 0.54883724842884828998 0.57441414493847664513 0.86821737501096396539 1.7583387706678019757 4.0326224334463329768 6.0846522174211026268 8.8212479960018370662 10.618597279111607889 7.6227294614363643177 5.0066779504398120082 4.5982937281235747307 4.7000882556631147224 4.0748010364217135404 4.2672958064382413568 3.7473555884645919356 1.4160803061755391496 1.3375016899974103701 0.97791431252116511885 0.83449465162426106346 1.5992915859010126134 2.3141819594450656616 1.6539426918369322106 0.80898946205009925059 1.0459105819138447835 1.5498388034740258057 0.93675627440129571877 0.31759584392791639917 0.27954237422320316053 0.28672700534135259209 0.4810177610250546687 0.89623339569367932445 0.23356913374108956294 0 0 0 0 1.1117653199706025724 nan nan nan nan nan nan nan nan nan nan nan nan nan nan nan nan nan nan nan nan nan nan nan nan nan nan nan nan nan nan nan nan nan
1.6284401021082781646 1.9924886602045011053 2.2351296394684792013 0.32841045230462756477 0.57869383453718514776 1.2628614577060179869 2.1981293662239314024 7.0207840147263178565 7.4782027782854338938 8.0462458761227360071 4.0015698551811391681 2.9042376935223082057 2.9551906876138702707 3.7471291370558148515 4.4098600178373228431 3.4879391413789160303 0.82789906294775961193 0.40897266165038143049 0.47842982377210729883 1.1823108476840777925 1.4956531246390509793 2.2553288971470788482 1.9735555993521440854 0.94569613527713070056 0.27319045779421669007 0.50441853678746539913 0.75044840645246879696 0.17907199299947160198 0 0 0.090895891088625183074 0.48650740517159363208 0.98733494200761651172 0.60349676104596750026 0 0 0 nan nan nan nan nan nan nan nan nan nan nan nan nan nan nan nan nan nan nan nan nan nan nan nan nan nan nan nan nan nan nan nan nan nan nan
1.7298015471648637842 1.9186618160809081335 1.9984452236620557919 2.7348609458136627914 3.8136036417481831151 5.5454521658567506037 6.4570617556999669873 6.435298518658091993 8.1963423780114208483 4.8145008295678479726 3.1448030257557357814 3.2218393999751158141 3.699785518985150734 4.1770069090922739008 4.2272275750521535187 2.8408750104323994279 0.65639068239910824953 1.1953458361486783978 1.448054259336650329 2.0701919201163385686 2.8741493714973107565 1.9470211150177616499 0.10172659629645049162 0 0.048667386116857017098 0.13090740155856683824 0.21057568211763710853 0.25804553550919773208 0.024704898733102900743 0.066495941730849217333 0.39863449236956605137 0.53241027439064703142 0.82387127308377683388 1.3722245244669581954 0 0 nan nan nan nan nan nan nan nan nan nan nan nan nan nan nan nan nan nan nan nan nan nan nan nan nan nan nan nan nan nan nan nan nan nan nan nan
2.9292278335835471026 2.636189798150400776 2.7739035938016658456 3.9469227210667394701 5.6509599570935566959 8.2177121291499677369 8.0416062392620784038 9.7588360571859471548 5.971043151170633223 3.911302673137381003 3.9220884180790824836 3.5681757810379273188 3.687439928828329716 3.591009400792128492 2.6294406038217430499 1.8344445537230362753 2.5325670947551581769 2.4607537451221586089 2.1194669764956879376 1.614942900872051279 1.221630154226275522 0.53332185504249207675 0.14512889728723452065 0.061783429389951266542 0.072863438486954965057 0.22385871359687004034 0.41366392466671864092 0.43087458616430285296 0.22183466102829241251 0.093596544476998749795 0.085703458734379650563 0.021739175857944305348 0.19855291627681698197 1.0538933251474833508 0.62699456481467985558 0 nan nan nan nan nan nan nan nan nan nan nan nan nan nan nan nan nan nan nan nan nan nan nan nan nan nan nan nan nan nan nan nan nan nan nan nan
1.9867766044057235675 3.3282428457677841749 6.110046307785909292 8.7710099793828248949 8.6835563966951774262 12.660014063446697108 11.306682895216596307 8.084028762653385769 4.1645783794547899248 3.4791006970495255146 3.6842078757679308509 3.6065297532045494933 3.2400571012592180864 2.4349529627071042626 2.4133840773652415201 1.6846898896124511413 2.0241404047898048368 1.7826687508377654368 1.1149337908386485196 0.65497475908766511488 0.14872127464390610951 0.062507833349656954924 0 0 0.26049457396324426917 0.32620457637595989819 0 0 0 0.08203414602483155571 0.21847876935777102436 0.024422118869022565318 0.27508822048097503199 0.74573461645043570556 0.036585770754329151322 0 nan nan nan nan nan nan nan nan nan nan nan nan nan nan nan nan nan nan nan nan nan nan nan nan nan nan nan nan nan nan nan nan nan nan nan nan
6.6064679452777657076 10.351146364425101609 10.031161834037648717 10.857691426469997964 11.5064060427826238 10.186247176331116648 7.1208491305401899751 5.607893229101494903 3.8816154427283287021 3.5669247690294749731 3.7373728098118808028 3.4431645101756171989 2.7227469407015867375 2.1611253348755745662 1.1451179294105020556 1.0043507287923105764 1.1965199218565649719 1.3821233578680849341 0.92223293358896740735 0 0 0 0 0 0 0 0 0 0 0.053620361748251459122 0.45171400613159667925 0.39544762496578816924 0.26261004465588344559 2.966919257360424389 7.1573290647376239804 4.6767294191883586052 0 nan nan nan nan nan nan nan nan nan nan nan nan nan nan nan nan nan nan nan nan nan nan nan nan nan nan nan nan nan nan nan nan nan nan nan
5.2455586345314593189 9.9157205742886045385 11.834775690903693857 12.461117769531618649 11.388243798607307511 10.093988660735957907 5.8281139536089101583 4.5043715758262967697 4.214918113726422888 3.779897830300563033 3.6045967895535238057 2.8925048632366681112 1.8023363345051639506 2.2354165093738211922 1.0459331504333200247 0.45758947856685616706 1.0007717571542043 0.94648507501890632998 0.46301936812812860556 0 0 0 0 0 0 0 0 0 0 0 0 0.029896080215781061645 0.19227240498590245088 0.35970502333829601493 0.86793800636070628229 0.53665591709678306387 0 nan nan nan nan nan nan nan nan nan nan nan nan nan nan nan nan nan nan nan nan nan nan nan nan nan nan nan nan nan nan nan nan nan nan nan
11.706416733868422853 12.565369522183894802 12.388072243624890234 11.670095554864332144 8.9740796616958622423 5.347717100286778269 3.8147146944749725783 4.138343384882760212 4.1616910221666350012 3.7332520930527355318 3.3611818777296682548 2.5123305062494347695 1.1255992271792354398 1.3187372209463492645 1.8082863984062742535 1.0822879767687771935 0.58084618952736355446 0.50130490834201157924 0.21607424194589339161 0 0 0 0 0 0 0 0 0 0 0 0 0 0.0018492632289618428365 0.17754253128553218466 0 0 0 0 nan nan nan nan nan nan nan nan nan nan nan nan nan nan nan nan nan nan nan nan nan nan nan nan nan nan nan nan nan nan nan nan nan nan
13.254656267292167726 12.531209932478377667 11.808152938776686369 8.1565482267203979205 4.7185336541531199828 3.2509018690309767763 3.8133857250329281641 4.6250280108562513703 4.4481551132872292342 3.6956694692009444125 3.2236316425159641241 2.058810689711924713 0.74912735744894221046 1.064780869352042636 2.3708305440476791226 1.6826124228333343424 0.81197540661556777408 0.080772190878541386128 0 0 0 0 0 0.17428788950056431362 0 0 0 0 0 0 0 0 0 0 0 0 0 nan nan nan nan nan nan nan nan nan nan nan nan nan nan nan nan nan nan nan nan nan nan nan nan nan nan nan nan nan nan nan nan nan nan nan
13.369089780840608839 15.051713506322094815 9.6261665489840737564 5.2780620908249060719 3.794815972882391808 3.8578300812676178388 3.9167103587388907293 4.5120336744634990112 4.2817640363806273029 3.1107614343248530808 2.0925100002133607546 1.1142859172468178031 0.25588145391005318041 0.48565750328155971038 0.95410360093770640866 1.371397236112050777 1.2257616862633891053 0.20637318513637095685 0 0 0 0 0 0 0 0 0 0 0 0 0 0 0 0 0.1092978144749776892 0.80676127115196349937 nan nan nan nan nan nan nan nan nan nan nan nan nan nan nan nan nan nan nan nan nan nan nan nan nan nan nan nan nan nan nan nan nan nan nan nan
8.7002752963876428538 7.9633429435793754436 5.1004886429881723942 3.7281636917950478072 3.8085641339283689 3.7649384425580301183 3.6304129183975595296 3.8823887592119836754 3.7832030057658263544 2.5490464448606919845 1.0990464416139928971 0.81132474548927102642 0.24503000623034268401 0.36228398723896282352 0.72971123488224343134 1.1632910061274224223 1.1908850455963007064 0.88039966011345538455 0.26212181466829731491 0 0 0 0 0 0 0 0 0 0 0 0 0 0 0 0.84832567273841319455 nan nan nan nan nan nan nan nan nan nan nan nan nan nan nan nan nan nan nan nan nan nan nan nan nan nan nan nan nan nan nan nan nan nan nan nan nan
5.1929482469916470322 5.0767312158647435183 4.5137074591314378935 3.9590940306181172659 3.6339404821104541732 3.3872865394211553181 2.6955354096132455588 2.2258584123961977497 1.9715912612389527858 1.7364352778379541498 1.42811731729195035 1.3072869399945490354 1.3734273718687661781 1.2317971430288965351 1.093993785219728565 0.76267906947438102172 0.52690401287498433991 0.56479950942435230843 1.0438797298956439263 0 0 0 0 0 0 0 0 0 0 0 0 0 0 0 nan nan nan nan nan nan nan nan nan nan nan nan nan nan nan nan nan nan nan nan nan nan nan nan nan nan nan nan nan nan nan nan nan nan nan nan nan nan
5.5450866565109366846 5.3707153711270336771 5.3404424411784221505 4.7459959887516367516 3.8038325418780689624 2.4771065369950835411 1.3753170044942819583 1.4931187370375804679 2.1166485865641475606 1.3173636947417075582 1.6685944178226344015 2.6033807174748662128 2.5057910746929850099 1.689959434781002745 0.70680830302422081868 0.17066277077343133817 0.33110042436667325161 0 0 0 0 0 0 0 0 0 0 0 0 0 0 0 0 0 nan nan nan nan nan nan nan nan nan nan nan nan nan nan nan nan nan nan nan nan nan nan nan nan nan nan nan nan nan nan nan nan nan nan nan nan nan nan
6.9043004256373698979 5.9233915153204099724 5.1313953953336985947 3.9013153336383115111 2.934511450087796014 1.5556403468185222572 0.72088546302118983178 1.1665337428103041972 2.7961963025490206292 2.4398176890999758726 2.4059380832211405554 3.0356784622176267163 2.9633179398795381765 2.813917535818339033 1.6845410245834737673 0.39156562732506317026 1.5778800942059358903 3.374034385923204038 1.1087107734241976598 0 0 0 0 0 0 0 0 0 0 0 0 0 0 nan nan nan nan nan nan nan nan nan nan nan nan nan nan nan nan nan nan nan nan nan nan nan nan nan nan nan nan nan nan nan nan nan nan nan nan nan nan nan
5.9990704789093554083 3.8608210584331961179 3.4893203894820454813 3.3274491646992125915 1.8443017994879256083 1.24566502793415812 1.2520077324353804382 1.0965150131822491986 2.5313812305670775338 4.0502284387753872963 3.8204179237288968807 2.957341055501858218 2.1118772092129289852 1.81430934801184085 0.80807822578781385303 0.077842997764147672801 0.17353522480014987872 2.1408541467171176009 7.6755956298799512538 3.3931603355209989381 0 0 0 0 0 0 0 0 0 0 0 0 nan nan nan nan nan nan nan nan nan nan nan nan nan nan nan nan nan nan nan nan nan nan nan nan nan nan nan nan nan nan nan nan nan nan nan nan nan nan nan nan
nan nan 1.7647421491637309554 2.1936546371365066577 1.7976283130316570436 0.88387635229423222594 0.47825210162479270259 0.28657039075445761567 1.0219609693771685155 2.7355381379542178522 1.93458685697592081 0.77857217395408728766 0.81431567564799489656 0 0 0 0 0 0.60988390769720213225 0.74237185786773807195 0 0 0 0 0 0 0 nan 0 0 nan nan nan nan nan nan nan nan nan nan nan nan nan nan nan nan nan nan nan nan nan nan nan nan nan nan nan nan nan nan nan nan nan nan nan nan nan nan nan nan nan nan
nan nan 0.58899618115398832963 0.60004905590871249199 1.1258626939841538395 0.87368150631353747038 0.52244693882212278613 0.28245059138419198463 0.27490512197535987848 0.84928818310123976865 1.0521891684513215992 0 0 0 0 0 0 0 0 0.69211648470546838219 0.76887372938994058558 0 0 0 0 0 nan nan nan nan nan nan nan nan nan nan nan nan nan nan nan nan nan nan nan nan nan nan nan nan nan nan nan nan nan nan nan nan nan nan nan nan nan nan nan nan nan nan nan nan nan nan
nan nan 0 0 0.051235501873170205545 0.26901964479715312351 0.14243283230261727379 0.33944267546513839928 0.20570915022811653294 0.24898191815271047966 0 0 0 0 0 0 0 0 0 0 0.098543960255001811221 0.0090665664840265045021 0 0 0 0 nan nan nan nan nan nan nan nan nan nan nan nan nan nan nan nan nan nan nan nan nan nan nan nan nan nan nan nan nan nan nan nan nan nan nan nan nan nan nan nan nan nan nan nan nan nan
nan nan 0 0 0 0 0.26664232751429328694 0.62521089895173731499 0.34950336450756941398 0.49056078473987102528 2.3630431608169564228 0.76680635691454512859 0 0 0 0 0 0 0 0 0 0 0 0 0 0 nan nan nan nan nan nan nan nan nan nan nan nan nan nan nan nan nan nan nan nan nan nan nan nan nan nan nan nan nan nan nan nan nan nan nan nan nan nan nan nan nan nan nan nan nan nan
nan nan nan 0 0 0.0063398799409544077943 0.34138514275674081144 0.65271423682628104679 0.58313442522528791123 0.70248797760931702694 2.8901150885200115326 6.167081522472326327 0.45108353481470825352 0 0 0 0 0 0 0 0 0 0 0 0 nan nan nan nan nan nan nan nan nan nan nan nan nan nan nan nan nan nan nan nan nan nan nan nan nan nan nan nan nan nan nan nan nan nan nan nan nan nan nan nan nan nan nan nan nan nan nan
nan nan nan 0.15356735281091926648 0.051249605990027521929 0 0 0.18230856560121588839 0.40567430663127490575 0.44631285521313684983 0.45568527879394160607 0.43815044283838050498 0.26557568409893511641 0 0 0 0 0 0 0 0 0 0 0 0 nan nan nan nan nan nan nan nan nan nan nan nan nan nan nan nan nan nan nan nan nan nan nan nan nan nan nan nan nan nan nan nan nan nan nan nan nan nan nan nan nan nan nan nan nan nan nan
nan nan 0 0.019600585025881793466 0 0 0 0.021302152118213530524 0.14550293119223914329 0 0 0 0 0 0 0 0 0 0 0 0 0 0 0 nan nan nan nan nan nan nan nan nan nan nan nan nan nan nan nan nan nan nan nan nan nan nan nan nan nan nan nan nan nan nan nan nan nan nan nan nan nan nan nan nan nan nan nan nan nan nan nan
nan 0 0.059111747578491052879 0 0 0 0 0 0 0.4170293346254321798 0.16444959190852215247 0.40066721818807121691 1.0574744394933563996 2.32074643474657627 0.38253107405457409396 0 0 0 0 0 0 0 0 nan nan nan nan nan nan nan nan nan nan nan nan nan nan nan nan nan nan nan nan nan nan nan nan nan nan nan nan nan nan nan nan nan nan nan nan nan nan nan nan nan nan nan nan nan nan nan nan nan
0 0 0 0 0 0 0 0 0 0.38336270960102863947 0.141804084626197896 0.67396541507767004919 0.16739087428624610521 0 0 1.1799853516372496021 1.5622516947316893443 nan nan nan nan nan nan nan nan nan nan nan nan nan nan nan nan nan nan nan nan nan nan nan nan nan nan nan nan nan nan nan nan nan nan nan nan nan nan nan nan nan nan nan nan nan nan nan nan nan nan nan nan nan nan nan
0 0 0 0 0 0 0 0 0 0.45684692925591019463 0 0 0.21978213808721361322 0.28080429122012667831 0 nan nan nan nan nan nan nan nan nan nan nan nan nan nan nan nan nan nan nan nan nan nan nan nan nan nan nan nan nan nan nan nan nan nan nan nan nan nan nan nan nan nan nan nan nan nan nan nan nan nan nan nan nan nan nan nan nan
0 0 0 0 0 0 0 0 0 0.0021728918814174990291 0.20655826200494875611 0 0 0.44709499927314655388 nan nan nan nan nan nan nan nan nan nan nan nan nan nan nan nan nan nan nan nan nan nan nan nan nan nan nan nan nan nan nan nan nan nan nan nan nan nan nan nan nan nan nan nan nan nan nan nan nan nan nan nan nan nan nan nan nan nan
