results/rofental/snowmelt_month_2020-03-01T0000_2020-03-31T2300.asc
ncols        322
nrows        225
xllcorner    622802.488000000012
yllcorner    5178049.378999999724
cellsize     100.000000000000
[rows 112 to 139 of 225, columns 189 to 251 of 322]
176.48120528490750303 183.12855175713394829 160.05301243463034666 139.59562614623311561 59.002615226292341788 35.794381360773776635 49.752873306767853023 68.007007140427276681 56.816041345788661943 57.925047950703827837 48.627440610622450379 12.36989520535192888 7.4518271556896129582 4.9144353564943283885 5.5085127164327989391 35.44868358122005958 90.599750609202359897 68.999043443909499729 22.147996100770541261 5.5920732199337717105 3.5541144435629861142 30.003710950260696677 43.709727169536407132 17.832933844829582881 12.272178981204140413 2.0222045614957950832 14.376205758966607462 nan nan nan nan nan nan nan nan nan nan nan nan nan nan nan nan nan nan nan nan nan nan nan nan nan nan nan nan nan nan nan nan nan nan nan nan
164.02370776633873106 158.86570672285643013 118.64322508063088435 57.920235972242622324 73.167701952227218953 52.432365816053319918 31.123591060950143827 36.757976714609831959 22.550227536495583536 23.511034939583119296 36.235013869668868836 26.156592948909633378 22.129298058197228727 13.300081241438597601 8.8912339058342801934 26.052205789394406565 90.683743418127150449 101.46327190536605656 45.613886988960267388 15.01785177989067499 40.877846434011644305 38.300100373425976841 15.327019431017314233 16.646619236397313557 8.9513171366763231163 nan nan nan nan nan nan nan nan nan nan nan nan nan nan nan nan nan nan nan nan nan nan nan nan nan nan nan nan nan nan nan nan nan nan nan nan nan nan
163.9344950745555991 133.64418712455218952 64.825730176808789906 43.174684427937478404 47.597946604284679495 45.293278338576470787 31.974023338154907492 39.094021162545899983 43.184235036613422665 32.329398439572983648 23.232021748266529215 23.711508181537883644 36.293792334550694534 41.564486847336581832 24.272204675059811052 27.655397251972345884 78.510904776314632159 110.56298517820727056 80.343527815417289162 33.999317172073673987 45.344757625414466418 54.414309138144020039 35.685911342582556927 26.192335843567615683 5.4591093555740046739 nan nan nan nan nan nan nan nan nan nan nan nan nan nan nan nan nan nan nan nan nan nan nan nan nan nan nan nan nan nan nan nan nan nan nan nan nan nan
121.12902966469971489 78.45259862309944765 72.052804529531414346 56.96744710089342334 51.378875515001091401 44.208838101750743022 59.847743624874169655 83.565105418379246771 83.051481293189212352 66.808805196871475118 42.518571210722271303 22.272798097494550973 16.496580808153368025 16.126260708921151377 25.820233003757380175 28.492525013694542935 37.712277922765871097 92.741484888339641657 99.305017905160056557 32.481603779305508795 6.5843675884978800639 8.0850453530416253045 25.668649763137242559 41.632924212076240167 10.09326414488620216 nan nan nan nan nan nan nan nan nan nan nan nan nan nan nan nan nan nan nan nan nan nan nan nan nan nan nan nan nan nan nan nan nan nan nan nan nan nan
19.032407873116838459 42.892329714708210986 45.153351707778881519 27.853711623039185241 23.548671195149896818 24.600114534954656165 17.119850160588939048 22.985387281690194072 69.023002739605232136 106.19145437777069674 92.678956583158111471 13.879496352784157054 6.2703059479024902956 12.895765209010217944 21.153229808689292923 27.858118451432154927 26.425607262320063739 47.084119410593849864 57.168148879013081398 14.040315340124827515 0 0.033740765539627133596 2.1605890446444457886 21.135864222121465872 19.971059229514484201 nan nan nan nan nan nan nan nan nan nan nan nan nan nan nan nan nan nan nan nan nan nan nan nan nan nan nan nan nan nan nan nan nan nan nan nan nan nan
12.458560802338672246 12.915049641347021492 31.04552741647720282 11.248045799202802897 10.16744771581674911 16.043063922730926407 11.095024242198071818 6.6340857658622347515 4.7027421251870933361 8.194759947287183266 31.450962566151499544 31.511690309400577803 9.7047255267549310531 8.5892941742626334189 3.9219601935012011751 6.7928159822473279661 14.24239777681149377 37.63061907121043248 56.833886533171870781 28.75601161040317777 0 0 0.047906060787378315635 1.3617020508656747513 nan nan nan nan nan nan nan nan nan nan nan nan nan nan nan nan nan nan nan nan nan nan nan nan nan nan nan nan nan nan nan nan nan nan nan nan nan nan nan
9.4429895379000079458 3.9716265149611409413 8.8702257635483370279 11.978096102197191897 8.0299084209499245191 15.108666319661491428 14.10091387307853239 11.022202855578839831 6.6419841511584181148 7.6715061598347942251 2.4037415430139934536 22.53540187195157074 27.403106323917107545 13.989346135083632561 9.4827573322993359284 12.690275090458893459 18.619096540057306299 26.034946779325316868 34.27310324381756601 43.256485398530927 3.0279139723705479348 0 0 nan nan nan nan nan nan nan nan nan nan nan nan nan nan nan nan nan nan nan nan nan nan nan nan nan nan nan nan nan nan nan nan nan nan nan nan nan nan nan nan
10.813733066355055712 4.7792065221519122176 1.7369066224243638885 2.2188419869715270138 11.022962368161255853 15.04066130634549836 10.681607524340622106 10.116137701312315045 12.121763467214771381 13.247923689731173624 20.741030063934648098 33.422461934368485004 33.304527894937685062 24.703861743863892997 24.27381692699285054 21.745351338248500639 25.000405199355320462 32.646071052488665032 24.441069570310848036 17.027612035015465608 11.50027778030330694 0 nan nan nan nan nan nan nan nan nan nan nan nan nan nan nan nan nan nan nan nan nan nan nan nan nan nan nan nan nan nan nan nan nan nan nan nan nan nan nan nan nan
11.445817553578869763 4.2501187105880546824 0.74066463410038985149 0.40445517962907084897 9.1231453334573799907 12.583868638610542945 14.521083556796398284 8.7377967343940952105 3.4961628130114839053 9.1199707340549327483 24.812182895541344152 35.713269523367472402 33.002623765554780277 18.598158376986184237 14.433968309121150142 8.9559625690990749547 13.408142635633739204 10.953371412388678507 16.707834454278323477 31.268510077694468663 16.412027709047560364 0.072253355026228122115 nan nan nan nan nan nan nan nan nan nan nan nan nan nan nan nan nan nan nan nan nan nan nan nan nan nan nan nan nan nan nan nan nan nan nan nan nan nan nan nan nan
11.250997682064012295 6.6205263630470456704 2.0161930914043382224 0.78537388667899432626 1.338163600860046154 12.155533641662289668 11.522287505915814521 12.000630214811334184 0.75128711170775075434 24.606079250890687149 26.833455461924319962 36.012578736966567305 46.197182694418643223 24.068838733390865769 11.426615283247393506 6.0625282007484386781 23.106597262681201954 27.468102105434279991 10.443750998050813195 21.291430374736606268 21.00074223000391882 0 nan nan nan nan nan nan nan nan nan nan nan nan nan nan nan nan nan nan nan nan nan nan nan nan nan nan nan nan nan nan nan nan nan nan nan nan nan nan nan nan nan
34.679111666215689525 23.448121076246515315 16.226305170266780209 6.2020289422892487252 3.8358345458547287166 12.110527351691789733 4.437400037867895719 6.4787995743577591057 8.0935608316562372977 26.004176734323095843 23.13967831523401486 26.08638370473872925 23.947119374043857931 16.197502863822720087 21.309928324136301114 19.076856998864549553 32.334410254875457724 41.927826730005669731 25.998534835707122426 31.100971095086862306 34.744401859609254757 10.822528180234670003 nan nan nan nan nan nan nan nan nan nan nan nan nan nan nan nan nan nan nan nan nan nan nan nan nan nan nan nan nan nan nan nan nan nan nan nan nan nan nan nan nan
39.612487572197295549 40.525895440272762471 32.686107663660131095 10.90123719643877287 7.0186734245088882034 6.6634117337855371943 8.0276505009075425079 9.4769493325251943361 21.105417108913798074 17.786440997985085488 8.2179505551570937172 3.3211404986416099838 5.5946918083129579813 9.8669013032949841602 15.103705400028593075 18.796821100332994803 27.879378393527240121 77.682874182909515071 103.98753149908574756 91.676846285973823569 84.402340279470635664 44.666909296180342892 nan nan nan nan nan nan nan nan nan nan nan nan nan nan nan nan nan nan nan nan nan nan nan nan nan nan nan nan nan nan nan nan nan nan nan nan nan nan nan nan nan
33.795403587966553971 26.665083903152780209 23.579029760249461845 14.821774991020273404 8.6273085626607208809 3.7740031276798231552 2.4050480474756379401 5.1271988305637448136 17.742110422659827407 23.780385130642493152 23.386984102444223765 20.888856469050949727 21.889758749570432883 20.246005924744821414 23.010447463777801147 37.126990482347480338 36.091282373823240448 46.630327712010114283 84.774437047177670479 81.28442114621147141 66.091826894734651887 39.571936794313891994 nan nan nan nan nan nan nan nan nan nan nan nan nan nan nan nan nan nan nan nan nan nan nan nan nan nan nan nan nan nan nan nan nan nan nan nan nan nan nan nan nan
35.115655496866395424 23.55626852506580704 19.115132098072638911 14.076276035079935411 13.130856242559158176 9.934788939021460763 21.011862040762682824 18.170839472925266023 5.0624982210682496486 4.7049359146523581643 6.2350407237149010342 10.834096682177532855 16.799233219490684377 20.579924132151681704 22.85204102008906446 26.016631881213324817 29.646383301207727357 27.630038148631541617 46.130435958460978441 61.525356089333200771 46.891680763781771191 40.045169301276430929 nan nan nan nan nan nan nan nan nan nan nan nan nan nan nan nan nan nan nan nan nan nan nan nan nan nan nan nan nan nan nan nan nan nan nan nan nan nan nan nan nan
43.355812988515928907 27.462252359467377971 16.768509902848201421 12.908234663235154116 16.084948425178602349 13.894271095054884668 1.6473939789858791372 7.298139557814181444 5.2443478184954752663 3.1022780279081851873 7.6079651810571471415 15.11573327080271234 20.364232410418168229 22.231169017032534896 18.859388559465696034 10.536050410915883901 1.1637345580879794316 6.1100036792489103021 11.18097065261177292 52.043241540379902688 75.407339620955113446 nan nan nan nan nan nan nan nan nan nan nan nan nan nan nan nan nan nan nan nan nan nan nan nan nan nan nan nan nan nan nan nan nan nan nan nan nan nan nan nan nan nan
45.222218711424005733 36.199624230591567198 29.943289046455728197 19.571179006374400444 21.860032601790720719 21.628853249255328706 0.8787019281494758971 0.52679561587942291823 5.1829651110137717751 6.4083539503448907482 11.112919529469168722 18.693869009536722814 24.549645632375369786 23.004740957197359563 20.240235163626405068 23.675401791632573634 2.7433026208317579098 2.1116604939998278034 8.3850682574681734138 22.898223169914892594 21.629195340736270481 nan nan nan nan nan nan nan nan nan nan nan nan nan nan nan nan nan nan nan nan nan nan nan nan nan nan nan nan nan nan nan nan nan nan nan nan nan nan nan nan nan nan
15.154254178728752578 29.282868336652267516 25.391428618899940517 13.834965361676021089 4.6473333831302738872 6.5235021273747664239 4.1494740339694917708 18.01877653543088087 14.665800428830124247 16.508586181680946936 18.528822375546866397 21.608118457895137965 23.05658171957761482 22.274752116782281064 28.328081127034415942 38.117493189726815217 17.598996154239110012 0.67188800116209590474 3.4896336576795441431 13.559583290958514112 27.437291821165281647 nan nan nan nan nan nan nan nan nan nan nan nan nan nan nan nan nan nan nan nan nan nan nan nan nan nan nan nan nan nan nan nan nan nan nan nan nan nan nan nan nan nan
15.382893637278275634 16.499931412583787704 26.249564786023704244 35.249237436287060632 25.259341847471645792 19.515470640895578924 11.752119405811091823 8.3341895427269800933 18.666334934510636856 24.59397652401545642 24.533820746869139384 25.722445682130192779 24.160773860939748658 22.095001029172426144 21.916757062159337721 33.960565378075237675 36.055360667500053751 1.6234671460967353696 0.030102815606337311738 nan nan nan nan nan nan nan nan nan nan nan nan nan nan nan nan nan nan nan nan nan nan nan nan nan nan nan nan nan nan nan nan nan nan nan nan nan nan nan nan nan nan nan nan
20.853426823833068227 28.058891567273839485 24.242554723058713506 25.408341110358360737 35.581244741528784914 39.364139412709747035 31.918788549727356241 6.5096087597852188011 11.615640692286529401 15.800512588525593927 13.94932015164719985 16.802730898810590787 16.784537903361080424 10.489845831944020205 5.577344430382050966 17.241815816598116129 32.777755713006961003 20.163558021257898645 nan nan nan nan nan nan nan nan nan nan nan nan nan nan nan nan nan nan nan nan nan nan nan nan nan nan nan nan nan nan nan nan nan nan nan nan nan nan nan nan nan nan nan nan nan
49.205359311981666792 33.040237753523648223 37.943112215437295731 55.93667420757481068 74.600258003630841586 99.38854738693471802 58.759625382533819504 5.5218134682954316261 2.3903464489767727308 3.381300534903597832 5.9533993874833894822 2.4668293107405196984 0 0 0.47219520420686356132 10.772824353345985315 28.190895325084827761 nan nan nan nan nan nan nan nan nan nan nan nan nan nan nan nan nan nan nan nan nan nan nan nan nan nan nan nan nan nan nan nan nan nan nan nan nan nan nan nan nan nan nan nan nan nan
10.324264890913392279 18.976297398831349028 33.790376675684370866 40.837157093976934163 43.556499654383166842 60.168744716271895356 53.549942471785172415 16.059444413677418595 1.3050734018324352537 0.19569471294132545491 0.1164883679811088979 0.93484918430285923741 nan nan nan 18.087699437574837447 nan nan nan nan nan nan nan nan nan nan nan nan nan nan nan nan nan nan nan nan nan nan nan nan nan nan nan nan nan nan nan nan nan nan nan nan nan nan nan nan nan nan nan nan nan nan nan
14.278105520914461835 25.471632321526897158 35.571013119971162553 30.994473977902686102 18.770205042796956008 36.23948100203151057 36.803416195523027454 9.4342470336320651825 0.1518199195928052192 nan nan nan nan nan nan nan nan nan nan nan nan nan nan nan nan nan nan nan nan nan nan nan nan nan nan nan nan nan nan nan nan nan nan nan nan nan nan nan nan nan nan nan nan nan nan nan nan nan nan nan nan nan nan
39.187282360768222134 25.565774446752417504 24.403169719804594706 21.296221289477987426 31.057244057803419679 26.284627567901111433 28.393175936403608262 26.828493713750475536 nan nan nan nan nan nan nan nan nan nan nan nan nan nan nan nan nan nan nan nan nan nan nan nan nan nan nan nan nan nan nan nan nan nan nan nan nan nan nan nan nan nan nan nan nan nan nan nan nan nan nan nan nan nan nan
28.777137831085440212 27.846745443196887493 18.235479133072228564 16.446354659955829902 27.486913256428735508 24.900145378046570244 30.8341252046773171 32.375205437316409984 nan nan nan nan nan nan nan nan nan nan nan nan nan nan nan nan nan nan nan nan nan nan nan nan nan nan nan nan nan nan nan nan nan nan nan nan nan nan nan nan nan nan nan nan nan nan nan nan nan nan nan nan nan nan nan
24.814169390227768019 36.926408933485483033 43.382786802050212316 87.041283715163018542 96.915631189206848717 88.962796691387993064 71.03126281995713498 17.958560488175109526 nan nan nan nan nan nan nan nan nan nan nan nan nan nan nan nan nan nan nan nan nan nan nan nan nan nan nan nan nan nan nan nan nan nan nan nan nan nan nan nan nan nan nan nan nan nan nan nan nan nan nan nan nan nan nan
20.175699428181992801 26.174768780981985117 40.294802887388655677 85.150640622845031658 91.630916309368060979 74.458865657013447503 52.844829184929444921 30.495889054752709058 1.4001449818064617414 nan nan nan nan nan nan nan nan nan nan nan nan nan nan nan nan nan nan nan nan nan nan nan nan nan nan nan nan nan nan nan nan nan nan nan nan nan nan nan nan nan nan nan nan nan nan nan nan nan nan nan nan nan nan
15.241390043613824545 14.117863115320719913 26.022445693914946219 43.486902617294532547 76.548854933823989199 82.68426813680343912 79.383035333018767687 69.918186852231087869 23.491917446910978384 nan nan nan nan nan nan nan nan nan nan nan nan nan nan nan nan nan nan nan nan nan nan nan nan nan nan nan nan nan nan nan nan nan nan nan nan nan nan nan nan nan nan nan nan nan nan nan nan nan nan nan nan nan nan
12.109274318673167059 12.839718445115403611 28.464765171248068043 31.569484210533143909 51.228920061015209342 58.40349065823209429 48.064797078438935785 41.337480252736398256 3.3634515366543946691 nan nan nan nan nan nan nan nan nan nan nan nan nan nan nan nan nan nan nan nan nan nan nan nan nan nan nan nan nan nan nan nan nan nan nan nan nan nan nan nan nan nan nan nan nan nan nan nan nan nan nan nan nan nan
