results/rofental/snowdepth_dates_2020-06-02T1200.asc
ncols        322
nrows        225
xllcorner    622802.488000000012
yllcorner    5178049.378999999724
cellsize     100.000000000000
[rows 160 to 191 of 225, columns 144 to 215 of 322]
1.1177349035449375414 0.92881404244781573531 0.76235296732242996409 0.72688299998216665543 0.80639899463200892527 0.80345689730177038967 0.78324484766731050644 0.69747321301779208191 0.77611252255414231449 0.64411724810537562824 0.27213144413302836622 0.08367787690890965413 0 0 0 0 0 0 0 0 0 0 0.080898682673308047741 0.3960452599979706334 0.41573289015501702082 0.49040177178970711935 0.64939329410166024559 0.73383328881183196302 0.56521542825959114609 0.40424270931161793152 0.38024777488035910178 0.43867653245389232053 0.28450234093743564934 0.13898381961116146321 0.15168374046993879367 0.63425191683025694545 1.0921630090366545307 1.2381271193037819422 1.3159358285332212191 1.3761810821409770078 1.377127639443664453 1.2293760860373896815 nan nan nan nan nan nan nan nan nan nan nan nan nan nan nan nan nan nan nan nan nan nan nan nan nan nan nan nan nan nan
0.91037854524679817647 1.1791732168801631886 1.1931798537576165931 0.8452280433421456296 0.90300698321628281029 0.74637057856012445356 0.62671809899634300933 0.6059707571319032926 0.7257063295424237559 0.43899855471488269387 0.12863498525850106113 0.028692725402461739803 0 0 0 0 0 0 0 0 0 0 0 0.13274529475504387444 0.36819847111721148991 0.52423046186538180269 0.6558572937549252968 0.69539381115794518529 0.6820072647693731227 0.62219241126105340189 0.50525206452223181408 0.53773011026031170001 0.58493306939187994509 0.4247543198262044295 0.18681660394912319445 0.10049078708871933552 0.31881038797353467018 0.48725745119787061688 0.92615758873736120371 1.5038867846515096005 1.5967234578477698115 nan nan nan nan nan nan nan nan nan nan nan nan nan nan nan nan nan nan nan nan nan nan nan nan nan nan nan nan nan nan nan
0.66537246003801908678 0.76744968299956373148 1.0030736327854401502 0.88225739806008962596 0.82763028970265706263 0.90048225307269147422 0.84082475017330449152 0.75994245229650136952 0.7826344023943077044 0.41361641124074122189 0.18299710719668849102 0 0 0 0 0 0 0.0015378421956571018334 0 0 0 0.10756555603695605594 0.19489552611166899299 0.20326704105235154918 0.37064046150849316863 0.56787466219243909471 0.76088665902417607079 0.75843581892955047596 0.69965394882011622268 0.64257608209593897186 0.54741599512630378932 0.52402780091693679232 0.63738011097060964794 0.72882486316750116906 0.70193689295625461 0.53836742500086820495 0.53586336840658033154 0.52657091144151924045 0.47812436378710798657 0.52615584095233303152 0.73639279235132515389 1.4469040210617258868 nan nan nan nan nan nan nan nan nan nan nan nan nan nan nan nan nan nan nan nan nan nan nan nan nan nan nan nan nan nan
0.78669400400505518078 0.71314175034690752142 0.62141040910067590897 0.65630010928144133509 0.70999812566221320864 0.77566401747065327754 0.76221187422862968219 0.63783871110851442232 0.56258776601996973721 0.2585305828750161794 0.045603269952774194707 0 0 0 0 0 0 0.062057666415190872178 0.087407941010471293386 0.03721891794619424515 0.11395176652162822273 0.25269332213112083441 0.4105437943565686254 0.35299734587136122332 0.31014624445729632729 0.48635758576642251771 0.64031641186382026731 0.64896007264434230066 0.69205448621777898577 0.69891139437873284201 0.60210359614091002456 0.49259746764203732328 0.53607342560781889862 0.66571972347384278379 0.82117386215691379192 0.82906487627643821181 0.78146043355339456227 0.73190129641810319772 0.74387631590880176624 0.87496975226998463526 0.91111199486913563295 nan nan nan nan nan nan nan nan nan nan nan nan nan nan nan nan nan nan nan nan nan nan nan nan nan nan nan nan nan nan nan
0.75536874840714807178 0.72336324505135973784 0.59518934317349869723 0.52216135936098906356 0.52485327002547632613 0.53871830793577268892 0.56912054664560352002 0.52557647349543534787 0.30894987997562817217 0.17019374949036686351 0 0 0 0 0 0 0 0.093130390468565554807 0.38997453076433802321 0.25464024732833617781 0.33539248041440372639 0.40474707649138841337 0.50780317094228100139 0.42727994636399269091 0.23319633152127972053 0.36283344426364921853 0.67224713518529977119 0.74643425680877806272 0.76431626823563258988 0.77106451672820808252 0.73357626913004270186 0.53298530646011177403 0.47093522133332699209 0.56936366127795190462 0.82717967225654764896 0.90376219128412049741 0.87255817591332018868 0.82113687989041717064 0.84293271817123205381 1.0290395608257796312 1.1993536395510613346 nan nan nan nan nan nan nan nan nan nan nan nan nan nan nan nan nan nan nan nan nan nan nan nan nan nan nan nan nan nan nan
0.67222207782961151956 0.76416351164752915892 0.65658363279447518046 0.46789709217962832666 0.33904684490810282904 0.35844426839420973074 0.36266713096882036149 0.3563238533085526516 0.20005651694943638041 0.018308442931666606135 0 0 0 0 0 0 0 0 0.27534673015182486999 0.55384766315937761227 0.39283335362418186909 0.3579212004128149438 0.34118646398135493714 0.49776534189244792117 0.48479932775426443081 0.56893697571572565685 0.6727143263093685599 0.69981550725277941183 0.73144092962312434736 0.74428913035545019028 0.75653308303699073889 0.72020151090625927903 0.65095425421730968019 0.71577568833356397526 0.85510289148183482588 0.91543843103710065279 0.92882938704469819591 0.89005529885726342165 0.90151326301610446023 0.8621726730356973345 nan nan nan nan nan nan nan nan nan nan nan nan nan nan nan nan nan nan nan nan nan nan nan nan nan nan nan nan nan nan nan nan
0.59955720982883009551 0.71680114411561945964 0.79198384193188875457 0.69200017871309116302 0.61315834013468073493 0.47326806168954876908 0.17372574057771106304 0.017670494259856475011 0 0 0 0 0 0 0 0 0.008181835359494299062 0.13879001099841833944 0.2711180102211301346 0.41086013085074102325 0.55252205791517261524 0.43889738645791609439 0.36831382111840138549 0.42640305207239986851 0.59712730515955736443 0.66358496040475400957 0.5971636280800691754 0.70356341480107675856 0.85540870565482274301 0.86150949826565148548 0.85591534548992165288 0.81333463490066870705 0.70134534625580058353 0.82984982725028044737 1.1036711484081531687 1.0180192344529930271 1.0621597862679412749 1.1126383237825674399 0.91723014600817298625 nan nan nan nan nan nan nan nan nan nan nan nan nan nan nan nan nan nan nan nan nan nan nan nan nan nan nan nan nan nan nan nan nan
0.59296111850885302452 0.70690366681917726766 0.68852208651428581376 0.68630761317763422369 0.72428490110965260129 0.63896739549022718574 0.42481165728342812349 0 0 0 0 0 0 0 0 0 0.23730425897546214564 0.54149410673148723472 0.58976160683994294232 0.48987263403369607495 0.45957789581342378682 0.36749205614463020808 0.33626407182785877925 0.50705667896050388155 0.76944159538696976774 0.81781392423138599135 0.71852284603190674783 0.85338013955647096243 0.95940199215939925281 0.94175014557292291428 0.9001611801283315728 0.84038556034004763262 0.67927127445396129346 0.77259930433042267595 1.3728215562646515213 1.6446357589420577128 1.6149803193008036573 nan nan nan nan nan nan nan nan nan nan nan nan nan nan nan nan nan nan nan nan nan nan nan nan nan nan nan nan nan nan nan nan nan nan nan
0.59511195846898146122 0.6070196542875190282 0.55376010730877411881 0.42290201906860602765 0.50311634321388409852 0.18756595127601738415 0.036791843540703229876 0 0 0 0.021577378071516210845 0.046896813490127073343 0.027363435168376904622 0 0 0.070594076288494955751 0.46997417296567356448 0.39946025899113113411 0.4672219924955195447 0.36991604172976494391 0.2239853001403709909 0.32756376254614683052 0.74254413695836762876 0.90988297523245509346 0.87867305618201840822 0.88077956688994529788 0.84439171753088182459 0.85042343745903614671 0.93695604642343710555 0.92865092818775152317 0.87474411783114880414 0.83657504124790404987 0.71185577897636909128 0.67566209503717788998 1.0775230444711556554 1.7154852062433869619 nan nan nan nan nan nan nan nan nan nan nan nan nan nan nan nan nan nan nan nan nan nan nan nan nan nan nan nan nan nan nan nan nan nan nan nan
0.20155311343005463676 0.26919288981392186511 0.46752498154821398035 0.29638537080349791619 0.21450101973662766275 0 0 0 0 0 0 0.026043392053046104245 0.033343603201786871371 0 0.01696665179724421782 0 0 0.17350988594966845757 0.32538266774731189335 0.46757164198048284387 0.47715540389351768225 0.58663963644285732624 0.77817937631790878861 0.87067849175883071933 0.88834541274594913673 0.86356147664368065886 0.7991886282293566568 0.81441226560346957619 0.89155190140802331733 0.93349754811536034271 0.91009402069396849733 0.93371776385674254417 0.82179384820139056433 0.717517884965532593 0.72543567003271713922 1.2655460257795512202 nan nan nan nan nan nan nan nan nan nan nan nan nan nan nan nan nan nan nan nan nan nan nan nan nan nan nan nan nan nan nan nan nan nan nan nan
0.31020352589834782053 0.17664021749584235543 0 0 0 0 0 0 0 0 0 0.02648957191779325801 0.056833167014592435307 0.01406266269703420474 0.064840126044321294563 0.026771117876651567835 0.04639143436233465756 0.28112864910626389481 0.48391830131754104416 0.64068874954650367748 0.68863716772676664135 0.79850703698698377586 0.89362693377817692397 0.92343736795535180661 0.86460277248009131945 0.82706251850918399704 0.91070613514110398956 1.004346228784826156 0.98638147464981640322 0.94914933940687362668 0.88091049808745358618 0.92779288136512128027 0.81636979731420156181 0.77541400988538700112 0.95762215532032413101 1.4101889031914005557 nan nan nan nan nan nan nan nan nan nan nan nan nan nan nan nan nan nan nan nan nan nan nan nan nan nan nan nan nan nan nan nan nan nan nan nan
0 0 0 0 0 0 0 0 0 0 0 0.027109789235517416789 0.083641117909759601923 0.055408411189858008949 0.2175524703252596781 0.24364458547328127214 0.23824617653136323514 0.35675340450375431223 0.48860509100693599871 0.83905161134280181745 0.9363007744710005742 0.98435695499464193059 0.96661652350137150513 0.92022764887915520227 0.91843508068704360348 1.013846264679401532 1.057850313782369378 1.010943514174499569 1.0043855582009222349 0.96205705617290515619 0.84116725257933089299 0.83722254725301503697 0.8303599081647776714 0.5251833819178839402 0.29211222308069528797 0.38755447950580101946 1.4191557361982312102 nan nan nan nan nan nan nan nan nan nan nan nan nan nan nan nan nan nan nan nan nan nan nan nan nan nan nan nan nan nan nan nan nan nan nan
0 0 0 0 0 0 0 0 0 0 0 0.059009099884121882229 0.14631044156916539478 0.068461089611663070165 0.28619631741221462917 0.41859017987890384527 0.32881031014798639545 0.31731565719350751653 0.61656353965621191193 0.82685273571772055501 0.95972226567108320783 1.0483981529721384529 1.030058244821112412 1.0283032701846761547 1.1103366810093326933 1.0511277912252363631 0.97548971075416102128 0.95481776535753870583 0.98348814904519621383 1.0062649597823392078 0.98304773815397228365 0.91021213600132644395 0.84756697723969209868 0.7834847989604051266 0.69003136850365442978 0.80971789094251178653 1.5397215588410100295 nan nan nan nan nan nan nan nan nan nan nan nan nan nan nan nan nan nan nan nan nan nan nan nan nan nan nan nan nan nan nan nan nan nan nan
0 0 0 0 0 0 0 0 0 0 0 0 0.24777350741109643861 0.22381986332109499171 0.23545324258789607219 0.29699170965185556215 0.43127487892116056489 0.46435510063361845612 0.69440964930335402627 0.87167991090793051079 0.97053123939826702049 0.93774815675510581059 0.96230023575107748179 1.0465174552437037647 1.2100249779606886413 1.0392722757247707666 1.0042277761189517538 0.97035395350877640119 0.99179648797093955537 1.0157933351162842239 1.0403477920339587737 1.0030413203531691746 0.91327900691640517827 0.81597717179332618365 1.0198799874346358152 1.3211074389027479548 1.4041509959136986296 1.7499977729989273367 nan nan nan nan nan nan nan nan nan nan nan nan nan nan nan nan nan nan nan nan nan nan nan nan nan nan nan nan nan nan nan nan nan nan
0 0 0 0 0 0 0 0 0 0 0 0 0.20760232160322850126 0.17619217357363925469 0.1790658101744038444 0.16904631903550440541 0.35794348648028262438 0.65268247085748887226 0.90323677207224006835 0.98969858259968690462 1.0433494577708712914 1.0061164363823511536 0.99566900944086311753 0.86238953495923853509 0.9764314228469921364 1.1439602185636250642 1.0593424587323774233 1.0661565451296410867 1.0443473534351916943 1.0077974198526544747 0.96590468361729919788 0.94526319769418387651 0.94387036830696735557 0.89705760157200087335 1.0058386209014229529 1.5122641462437915738 1.38429171462883982 nan nan nan nan nan nan nan nan nan nan nan nan nan nan nan nan nan nan nan nan nan nan nan nan nan nan nan nan nan nan nan nan nan nan nan
0 0 0 0 0 0 0 0 0 0 0 0.10261779357782117861 0.3213564622659706993 0.30774872151461130088 0.24324351221622114716 0.24077865513912513618 0.20443524832340997932 0.57836956775601067182 1.1951658897242993795 1.333596511392405759 1.0472369181411842476 1.0363065640786575106 1.1036721672713103448 1.0570537243405611072 1.0226327866287374668 1.2665116409089045568 1.238051551391295968 1.2291468628220716397 1.1615900457001919754 1.0830644364428132498 1.051173268314248066 1.0146950393917379962 1.0005162010969503861 0.96826675852788424148 0.95640920007500929145 1.0652521210201233437 nan nan nan nan nan nan nan nan nan nan nan nan nan nan nan nan nan nan nan nan nan nan nan nan nan nan nan nan nan nan nan nan nan nan nan nan
0 0 0 0 0 0 0 0 0 0 0.085467843764136852691 0.20247780615702334894 0.35022283056985376026 0.34546554760892844715 0.29902088674945337399 0.16691336576311172069 0.16204443135199078641 0.34908831811071372453 0.75284886670576611767 1.1855001498451662734 1.0782606641930967406 1.040933792087800569 1.1120680163065210788 1.1428317620857204595 1.0523805350332033903 1.1776397735284542811 1.1124207044071787731 1.0917353529417916924 1.0941933997354786889 1.1468338065446346263 1.1615248986232513673 1.160875811628221399 1.1114944586499648782 1.090559066530071064 1.0091935436933887615 nan nan nan nan nan nan nan nan nan nan nan nan nan nan nan nan nan nan nan nan nan nan nan nan nan nan nan nan nan nan nan nan nan nan nan nan nan
0 0 0 0 0 0 0 0 0 0 0.036934055319619400748 0.11139819389015516438 0.13614262459544246298 0.17645303956170449444 0.21825252422415733489 0.25610801912216257792 0.25365617260635414665 0.62606305997540112607 0.58186336427125640025 0.99490254197459226937 1.2417352373940486743 1.1221313924669782391 1.1004498705930041424 1.1187987449177303478 1.0668457584915049807 1.2793954162053644552 1.217835981859432648 1.2310906608737308687 1.2016610956544309108 1.149473220804289042 1.1635876397754194578 1.1808661729726179779 1.1751859409033984516 0.95768383577466720258 nan nan nan nan nan nan nan nan nan nan nan nan nan nan nan nan nan nan nan nan nan nan nan nan nan nan nan nan nan nan nan nan nan nan nan nan nan nan
0 0 0 0 0 0 0 0 0 0.017705857240949092468 0.020305179271178527139 0 0.0016458103611530585687 0.096401159338107958452 0.27254246126498926639 0.44643698605822762504 0.40431650559222342967 0.90265681611286430197 0.99778145687650654505 1.0952820895297361581 1.2499334493237577171 1.173162981562491769 1.1625022098677380011 1.1729673708528782772 1.1301516286077657458 1.5327875896484222107 1.4941892346754046539 1.5097688722460229638 1.5038891255128568059 1.4945917310042724502 1.3101190864993377261 1.1972549439638275892 1.1743548782059405333 1.3366529664630029117 nan nan nan nan nan nan nan nan nan nan nan nan nan nan nan nan nan nan nan nan nan nan nan nan nan nan nan nan nan nan nan nan nan nan nan nan nan nan
0 0 0 0 0 0 0.037085597228344820142 0.00068437284230932443445 0 0 0 0 0 0 0.1365194656669767026 0.36948818038701403133 0.031531398120464737556 0 0.52866564010336625223 1.0081159123533118827 1.2996706652220497702 1.4132599997317312202 1.3000366791422355295 1.1014230923041559151 1.200583112847420697 1.5843163383520360021 1.5818864952630966592 1.6058696568566361851 1.7219010259388674022 1.7016803305782062239 1.5932334297802934753 1.4200655406600943831 1.2546178619350307759 nan nan nan nan nan nan nan nan nan nan nan nan nan nan nan nan nan nan nan nan nan nan nan nan nan nan nan nan nan nan nan nan nan nan nan nan nan nan nan
0 0 0 0 0 0 0 0.03409778804510166933 0 0 0 0 0 0 0.17956941849310523174 0.47614995599936993376 0.59897445713031061132 0.13421842663635996651 0 0.20692646281369625472 1.2372011507605171765 1.4529719056286767298 1.400202061949828769 1.3491175207265944103 1.3060932871446873094 1.6915211982960196568 1.7668635600177617917 1.8226680759588860248 1.7094947758183489661 1.4575688991452175891 1.4963830722780873117 1.5114461514701156286 nan nan nan nan nan nan nan nan nan nan nan nan nan nan nan nan nan nan nan nan nan nan nan nan nan nan nan nan nan nan nan nan nan nan nan nan nan nan nan nan
nan nan 0 0 0 0 0.15275158338600033914 0.24796170590184291038 0.020526931195571758437 0 0 0.12035628395617264941 0.1290292779927527389 0.17876580409326592314 0.20485109569286849562 0.68564422294943805358 0.79141536025331471471 0.71075697491047207244 0.46467298211877894332 0.45669285887103616695 1.1135715375564645413 1.481037307849032203 1.5167154798447883834 1.4467998345511428049 1.3300021251531597422 1.6896175218036810772 1.8725587010966153745 nan 1.4928778805729248091 1.2977226318803039007 nan nan nan nan nan nan nan nan nan nan nan nan nan nan nan nan nan nan nan nan nan nan nan nan nan nan nan nan nan nan nan nan nan nan nan nan nan nan nan nan nan nan
nan nan 0 0 0 0.028896988770930887025 0.14839633969735421815 0.24855931668304132032 0.25912152144305278245 0.12385663848155342714 0.099543987269262126927 0.45959760882371747392 0.78430634617684447107 1.0813650554489688815 1.1746303209225978925 0.98353887146158713861 0.79665170329828416396 0.68678526341601120464 0.72446318404404064228 0.46862684780709112919 0.63345068950800254015 1.2809719350891524137 1.4965709243939615547 1.5343939202819496526 1.5494481493376692782 1.5244024015884036771 nan nan nan nan nan nan nan nan nan nan nan nan nan nan nan nan nan nan nan nan nan nan nan nan nan nan nan nan nan nan nan nan nan nan nan nan nan nan nan nan nan nan nan nan nan nan
nan nan 0.24875134897586956284 0.251984518657753509 0.20673648980355030513 0.16000997922820225927 0.24855462361692248763 0.22550169766126101911 0.28926446550083539933 0.25057188272505659388 0.43308527804863383714 1.008969896827038859 1.3642903305817413173 1.3898692773162251157 1.3195065923911499794 1.0418836840514458242 0.95605700230015311369 0.8007808170705694728 0.8739035406794616323 0.82195566869323344328 0.87136244899741432945 1.067471709645944733 1.3244649082570800758 1.376910046624973738 1.3225594470887529486 1.3823902431978525307 nan nan nan nan nan nan nan nan nan nan nan nan nan nan nan nan nan nan nan nan nan nan nan nan nan nan nan nan nan nan nan nan nan nan nan nan nan nan nan nan nan nan nan nan nan nan
nan nan 0.54287623249662586566 0.45263169237495887165 0.37255021814949318415 0.34969943464928221477 0.24303583054064573088 0.15652144507479015534 0.24748617890467969338 0.1846155319143298057 0 0.25073160650814108052 1.2499313849752122785 1.4593097448876144462 1.0855697428674591087 0.866180408981720662 1.1166139282904778973 1.2757558081509314807 1.3358547925665693601 1.2083716944635214396 1.1947100222696653837 1.1131682925560713038 1.2135928117721754838 1.2537565877268990189 1.2782055866198684946 1.6432231814446680573 nan nan nan nan nan nan nan nan nan nan nan nan nan nan nan nan nan nan nan nan nan nan nan nan nan nan nan nan nan nan nan nan nan nan nan nan nan nan nan nan nan nan nan nan nan nan
nan nan nan 0.76763897707015060767 0.40194147919240102995 0.30519733789288799874 0.24473029092245535132 0.13713177352853064828 0.18093810242102872921 0.11830723494316922051 0 0 0.33963270587765870268 1.4303062806774911042 1.12522275491536905 1.1013883394537409277 1.2164695775290019775 1.5664525960085393663 1.504466499892963105 1.387930115004707865 1.3138005931973075757 1.1941818430731998557 1.230667764842499956 1.3485642608384429408 1.204063590772349146 nan nan nan nan nan nan nan nan nan nan nan nan nan nan nan nan nan nan nan nan nan nan nan nan nan nan nan nan nan nan nan nan nan nan nan nan nan nan nan nan nan nan nan nan nan nan nan
nan nan nan 0.23824904616845329897 0.24005751646461231941 0.31821579404418898207 0.36151082961445890618 0.2425129191208067192 0.19944493827008419329 0.13672918858586627366 0.16343515694434160301 0.057929410699463189383 0.45177355556115345037 1.5207895710219534458 1.4134529647154261411 1.3308824987490375236 1.3575726747032144104 1.6242897282580652796 1.5277538786577828933 1.4563578622117996364 1.4137306411962651254 1.3299420651328910381 1.340970681162954925 1.4817698581109972622 1.4647756333991945876 nan nan nan nan nan nan nan nan nan nan nan nan nan nan nan nan nan nan nan nan nan nan nan nan nan nan nan nan nan nan nan nan nan nan nan nan nan nan nan nan nan nan nan nan nan nan nan
nan nan 0.28835710061394687065 0.23316444619654608239 0.29524707603663902233 0.3246423808832408775 0.3481927516230314823 0.29423626854040768608 0.24881657948541918701 0.35862656141418197686 0.86540525727995631922 1.0647762860056173562 0.7291411820541235933 1.2519456970497790937 1.5806254463294120427 1.5031814952226913995 1.6136045570335415533 1.5610095915632062891 1.5028561371049629081 1.6156935115970059158 1.5363898441604377787 1.4217909078747912321 1.42300393322499108 1.4404096277662183923 nan nan nan nan nan nan nan nan nan nan nan nan nan nan nan nan nan nan nan nan nan nan nan nan nan nan nan nan nan nan nan nan nan nan nan nan nan nan nan nan nan nan nan nan nan nan nan nan
nan 0.33334249949475336372 0.16651553491400708507 0.22872035807235172045 0.26286272699732149416 0.32601192103535864275 0.32466426007544824106 0.32670682774059039977 0.34672483465684372783 0.22919846698001072882 0.31328357001044881969 0.39470407724595468757 0.28473392862802848757 0.34571184280770739239 0.58683740871940259787 1.0016171478319118027 1.0003326836448436232 1.4215313004548790765 1.4695100647132823823 1.6395991195785319938 1.6263595334221609967 1.5225396459927029724 1.4196454553948312238 nan nan nan nan nan nan nan nan nan nan nan nan nan nan nan nan nan nan nan nan nan nan nan nan nan nan nan nan nan nan nan nan nan nan nan nan nan nan nan nan nan nan nan nan nan nan nan nan nan
0.22546889380047077656 0.22187008566240395968 0.31040965059015224181 0.32714815434329402866 0.28067688435339988029 0.36855663302989871699 0.38398861304505432779 0.38450503913612449347 0.43307790450867378329 0.24610494814000127839 0.44099162757082893682 0.30107848794399905135 0.48755397911307851722 1.1225681583829840715 0.94360933057339557717 0.50501609774333744429 0.46346945106922876612 nan nan nan nan nan nan nan nan nan nan nan nan nan nan nan nan nan nan nan nan nan nan nan nan nan nan nan nan nan nan nan nan nan nan nan nan nan nan nan nan nan nan nan nan nan nan nan nan nan nan nan nan nan nan nan
0.27797600688960277804 0.34788139595110489921 0.43478355182689609748 0.46070061246712734615 0.35819760292590285822 0.3381878353499479517 0.37150561660834657829 0.40346813458738794989 0.46151245036581417525 0.16595762698288901715 0.54149106574322758423 0.92934288670924702913 0.46700135567570461026 0.42738233967542410552 1.1714231009153506236 nan nan nan nan nan nan nan nan nan nan nan nan nan nan nan nan nan nan nan nan nan nan nan nan nan nan nan nan nan nan nan nan nan nan nan nan nan nan nan nan nan nan nan nan nan nan nan nan nan nan nan nan nan nan nan nan nan
0.54407094237354436395 0.5791588410552899191 0.50322317318434117706 0.54371808000459709298 0.48589886896798034632 0.34123062577176055399 0.2584486747762043124 0.35340807784807132252 0.52188688499487301264 0.49156817665374119564 0.43251623499917357663 0.77143891753512883191 0.62036387485173294376 0.61488355543826955785 nan nan nan nan nan nan nan nan nan nan nan nan nan nan nan nan nan nan nan nan nan nan nan nan nan nan nan nan nan nan nan nan nan nan nan nan nan nan nan nan nan nan nan nan nan nan nan nan nan nan nan nan nan nan nan nan nan nan
