results/rofental/snowmelt_month_2020-06-01T0000_2020-06-30T2300.asc
ncols        322
nrows        225
xllcorner    622802.488000000012
yllcorner    5178049.378999999724
cellsize     100.000000000000
[rows 168 to 195 of 225, columns 126 to 188 of 322]
368.32853462549559254 403.50586658367859627 418.81089454034025721 347.84861860209275619 384.73756024146160826 326.84481778475202418 288.60074388546877344 279.90972793442750799 166.6081399672849841 264.76097829126729266 308.19730813615979059 274.66866704043326308 261.3865826940781858 263.73937333848840581 273.20705456284133561 357.22205975482563645 336.1515997615838387 362.04270944667121057 380.85795394118684953 382.45794740432825165 360.08504198549184139 307.03562569894148737 338.60243096725082523 201.6912882455473266 129.87155412816034072 64.485398382358724234 57.89892857919989666 55.790730496130962024 106.8720935485716268 119.76366675291664876 111.8949701944656141 54.977634100907756931 56.118720973582782108 123.82396615236183379 300.23873213911485891 273.74729202460099486 310.24534270003636038 271.78450710164747761 213.36738745244244342 256.35730767560681898 423.02847007053952666 495.06540199114414236 491.77129796993750688 497.7832801134063061 481.02923973960065496 486.98329316991237192 472.97583328864442365 473.7591642299298087 485.55651374364617823 487.0191106007974895 434.70485860127257638 417.18634012542725031 423.71750108726939743 289.90717467097067583 nan nan nan nan nan nan nan nan nan
280.5550922962127629 331.32227504174204569 393.0333190362247251 380.09780986446850193 339.78989799796471516 nan nan 379.1920935500786527 323.78387593550712609 343.33580833402623966 388.1000425697841365 354.57345910937027611 314.81986378042034858 244.15347038767384902 197.49208183856714527 248.77941570509469216 256.4018529460836362 273.17493750759382465 224.23195169821974559 248.92038966880244288 324.63880790177177005 256.84554031592654155 215.18205483360043218 75.539030170225018423 66.694717203256104199 60.703600868864029394 56.566038050215858846 69.411293863903608781 81.863766809770311284 113.70826440762313325 116.18406145323868373 58.416938449091432517 103.8153873829988072 97.277768925469771943 92.574743990006709282 181.50726206957628506 252.59015603062923105 314.06766159410301498 317.17006010895471491 359.17763329242495729 441.09536822672998824 486.7104113437674755 498.09587182547579687 487.3528779523466028 466.30340215601250975 474.92557816999601528 477.47272528474235287 467.06538678614288074 476.93030371930473166 470.68942282390344189 479.37824907294782406 436.60036659555100869 448.32144694692721032 396.03310585184613046 nan nan nan nan nan nan nan nan nan
261.07154261466024536 296.53836581440054943 346.7875155295275249 367.76787582939937238 nan nan nan nan nan nan 366.30569851576518658 300.1186263895658044 276.85337593770532294 268.07590753330350708 240.9821006291674621 235.14086183732709401 240.82464160402903985 286.14820656102261864 266.96197082613394969 210.80389348925541526 94.258555218301680156 85.138729572234069565 76.129643026988418342 68.097359578907983746 62.65848717677970825 57.565756428572512959 58.35718143473677344 93.407962480641316461 84.336098671624853296 115.7880478690683077 127.64104448210912324 104.34110663578434242 127.51651789059769726 114.23178439282477825 126.10337971623106057 228.51949986070090404 317.08582513031609551 384.34749352225611574 401.40672244437155314 447.22368693011463847 493.26606267901246383 475.99765495025650353 481.29190496313691483 479.05354478946554764 477.67797960934763069 455.87400423634443314 455.03816262258476399 458.777146386945617 479.47193837643590086 469.22020558092430065 480.58166303483159254 460.66976272837808892 437.4626649107529488 376.91891311056701852 nan nan nan nan nan nan nan nan nan
275.02666909290212516 nan nan nan nan nan nan nan nan nan 335.38212735794883201 255.29155786153989993 115.57779513267280436 111.76712419609661708 109.18167199103046983 106.62374435264690931 104.14855797966434636 103.78885637152627908 99.582633865807366647 94.21397836982401941 87.10182527221340365 78.733993899105755077 70.125666327037791348 64.180973104077338576 61.174423131574499735 57.623120673274407011 60.879751860554065956 93.912742881958081398 84.44854255878578897 117.09725058531748232 139.34295963889110226 122.90776032219737601 193.03120169437460163 207.15970714175159628 207.43923169653859873 261.72682179249801493 319.273309214108167 464.55817765820717113 491.85582219423997685 473.91163770802330646 465.10719496226823821 468.7900194695355367 470.78674528565500168 454.17067758373019615 440.52362359648651591 447.96846621171334846 445.49324513618205401 451.73964723452576209 481.85957810526031153 482.03293830077996063 485.67506159785256159 367.45619893483842588 279.7351082641231983 322.76261166814759918 335.04945563407756026 nan nan nan nan nan nan nan nan
nan nan nan nan nan nan nan nan nan nan nan 219.43083156791419697 107.79017503091773733 103.85271470714754116 102.54926880924833199 100.6431907468199114 100.90036669818198334 98.60442770643372512 94.560418493367976112 87.938104236618585219 79.847001069515201266 71.528347097034654212 65.655886539461391749 60.99463078848031472 59.898003288307648972 59.743398325227779821 62.4242825872971423 64.274673495533008349 93.311294732780979189 130.65331117748263523 165.73793822044200397 130.24910197851323801 223.5881579318317165 284.51580102457694466 250.13203148073819193 246.06267372095499013 371.46247943396292612 462.24263609799345431 476.91022861956719225 440.33011326884849268 442.20906907432345179 443.33216939324313444 427.56981690893667292 437.30718145842672584 449.80804762530777907 452.24686334344295346 443.73048716312939632 442.91873095896119139 454.92091148360918851 471.58335052829056622 481.06149405044396872 471.08410136733851914 436.33283136080586928 464.49469397677103188 324.43142424402577717 nan nan nan nan nan nan nan nan
nan nan nan nan nan nan nan nan nan nan nan nan nan 100.39188766833589739 98.174541835610156681 93.995789042655403023 92.207959696068897415 89.687370008438534796 86.611869291521728087 79.83867768379508334 72.357837024363092837 66.464030888837612565 61.965673365810204132 61.055188554419395075 61.782419180822493843 61.750024857392453725 63.737391039533441983 65.617403661156885164 66.366474624652269654 96.457886875121545245 208.94975033361512828 196.68170124026678991 206.2173948228910092 238.48144124731499005 294.63172132375268575 307.05166393823202498 405.56076255816969933 484.07267381936713946 455.36748920332877333 459.69950178221353099 451.31878647904079571 434.64618371147059861 401.2022981370934076 432.53313927826565077 439.11171274946968879 444.99023146810532126 441.42983902364073856 440.18994759013310158 438.82894588810353298 450.01492475542812599 465.76028108063439959 482.94496981723676754 437.88465485274576849 380.98052656492853885 349.31540768186658852 236.01460909208978478 nan nan nan nan nan nan nan
nan nan nan nan nan nan nan nan nan nan nan nan nan nan nan 89.431238365422373704 84.957233720740546801 82.848342270674066867 78.435200412648370616 72.845805879719677023 66.707489456734293753 63.107975017154174679 62.021656589474751797 63.592738962801490743 63.582183894115871681 62.839036096838967183 64.663862434161217152 66.851936690307979916 68.012854880348712072 105.94948206006513658 193.73518471479528102 182.98765198309175162 189.09631433775126652 186.08553002898176487 264.96887679360855827 383.36504238480279128 477.91343297090287479 449.48735458391877273 438.16649867322348655 439.69533629028137511 439.65085260411024137 461.61428541697426908 442.58720630060594203 399.28662043467676313 425.96038485170248578 423.84047784297581529 429.70758887160366157 439.60909872521716579 448.07273212565598897 456.13107245772908982 457.31731852823065765 462.51720790188767296 425.21636698503829166 321.40759222701916542 332.90353096494573037 nan nan nan nan nan nan nan nan
nan nan nan nan nan nan nan nan nan nan nan nan nan nan nan 86.321360196965486011 79.661846051107247035 78.025215716101030239 72.546412318111151762 65.378540173291199267 62.74469227836201668 62.679764052438528665 64.093248289345297053 65.116537110002852273 65.073436056384252879 63.981438006347758574 65.737166176527239259 68.421723472867029159 100.52986373234500661 148.51166592743621209 244.25185990856505214 241.04077664556737659 217.38865431557869101 218.23448956475098726 203.81082294799685428 355.50395557102081057 387.80902278123249971 364.69110276959418115 430.666529746420224 429.69571128257575765 407.9577095807910041 416.06051368790269862 422.1930323279770505 370.07720441059990435 379.98394356875940048 380.83134614824905384 393.82504725188124439 421.72159510225640133 426.26136361982543121 438.56769060026698526 445.91079930974336776 449.53646690664612606 428.86863510473767747 371.67732579862945386 nan nan nan nan nan nan nan nan nan
nan nan nan nan nan nan nan nan nan nan nan nan nan nan nan nan 77.181481760617373311 74.173639131289576198 69.111979409049880019 63.314210008797388696 62.860098134559429184 64.87121306610065119 65.755758210752460968 66.570874810888369666 66.358353439980831467 65.656652356686407757 67.187636213489426495 70.441439242279571431 144.37787454031169432 193.55087630819718925 260.53755208530714071 261.16540992583213665 244.26670447422716848 193.10459915875426873 186.99269517265858553 271.36377847840878985 446.17088190102310818 379.04365795979060749 408.67809431727044966 416.90724790776664577 401.64479327913988982 395.62861559083836482 410.63190997766474766 383.19108488025415227 399.36460056287614862 401.69009265336029557 405.78059536618565062 399.67364391152631242 397.54796909978750818 411.20013148800057934 423.35585724754247394 423.26348556220125374 418.36202073097746279 nan nan nan nan nan nan nan nan nan nan
nan nan nan nan nan nan nan nan nan nan nan nan nan nan nan nan nan 73.195558469625808584 68.548664012972736259 63.964633176149042981 64.10911974759989107 66.314614405182879864 67.750306919757974811 68.367807519492288293 68.254815275473134761 68.419309507115258384 70.243071255514720974 97.484158506000170519 127.04504546623782346 161.77054887118373472 177.95420043844436009 197.51592192811597215 214.68628781483153034 232.11486572857458555 226.91869703946252912 386.37174667775087755 379.96798038704952205 419.3016006413694754 368.78331365254371121 398.24654961374409368 399.37172311614978071 397.31358577986253522 406.29190060787891525 362.05485591463514083 379.45676195988409063 377.78677556436781515 386.18563256660877414 399.64941093127458771 398.3872861161256651 397.8240713894019791 399.47767706910559582 427.08911617850549192 nan nan nan nan nan nan nan nan nan nan nan
nan nan nan nan nan nan nan nan nan nan nan nan nan nan nan nan nan 71.20867762541494983 67.660365822647179357 64.559514202026932139 64.646590370135953663 66.914280464463189446 68.840330308809441817 70.588188884592653949 78.526770711894769761 77.843437506183590813 73.430543778201567306 120.91667072807823047 125.41710221107859979 101.49147790964039473 125.9903699122978793 164.95559532301993499 238.34146615997795493 306.9958622760807998 288.47788702252387338 447.26237340802163089 413.51555243174612997 399.70669616216014219 361.33638524097165146 382.89318585647373538 386.32302854977075413 384.36645574401865133 391.40200461373342478 308.90576831393383372 325.94792539197374026 323.66245585602388246 328.08817127767127886 332.90951426592960161 368.5553304364840983 391.11619776029596096 396.97363794945135851 361.65937759745361291 nan nan nan nan nan nan nan nan nan nan nan
nan nan nan nan nan nan nan nan nan nan nan nan nan nan nan nan nan nan 65.916911143325847888 64.396256264430434157 65.094777814341625799 68.251643601789524496 70.898069839928510305 73.200622066326687332 127.2214445799296243 115.16416888012126662 75.627678864941202619 79.663494572130687743 89.900851785895383728 85.834624724131330709 100.97587531081650525 109.64210336256742551 183.51648347992886556 280.14685500872491275 148.58692891214010956 138.86318501170291029 362.83598894212809682 410.72317491232462316 354.37243415961779647 337.87456096103386471 362.61882776654675808 398.90870885918718614 382.21014525401221817 274.58821259152841776 280.87603530727386669 275.81690551487690755 221.02498541781420727 229.30671476486060101 271.04987798505925412 345.56428633934854133 379.9861770872495299 nan nan nan nan nan nan nan nan nan nan nan nan
nan nan nan nan nan nan nan nan nan nan nan nan nan nan nan nan nan nan 64.818876697694165046 65.789063053693638494 68.073093175612214623 70.02306621131563702 73.563714730557023813 77.551879478375866483 100.37218336609210212 132.14217905638201955 78.824033847071817149 80.720118674046531737 83.810884837256750757 85.821912539022889632 89.663695116807588192 123.16252534829976639 200.8864534931140895 323.5203380049387647 378.32001395432740765 199.42317106278039773 112.72788800778255336 238.27932913425212291 371.82564103744516615 323.37042149396575041 341.85300385537840384 354.43132967392887167 330.20030875442256502 230.21188725967110145 188.18213048556398803 165.70473966285803158 216.02866840868188092 288.14007932231999121 293.87178256571485235 292.07412188017195831 nan nan nan nan nan nan nan nan nan nan nan nan nan
nan nan nan nan nan nan nan nan nan nan nan nan nan nan nan nan nan nan nan nan 71.65080242197157645 73.09212548995313341 76.616552305536217204 109.89873756793124926 180.44304369536112631 220.14835949385272329 129.47024797240828775 83.187577288122952268 91.723024979773285281 172.99335109265740584 179.28584040734949667 200.67699066407595865 212.18211862095571973 409.91685581972558339 456.42818884300044147 428.63749247374022389 334.47608364932693803 331.60932183180830179 390.69639762988111897 291.48900065870248 285.82108823939165632 305.60490090124648077 319.1786626160836704 223.4387680614393048 144.6892037323430884 nan 257.61933419966374004 314.59239635620207309 nan nan nan nan nan nan nan nan nan nan nan nan nan nan nan
nan nan nan nan nan nan nan nan nan nan nan nan nan nan nan nan nan nan nan nan 87.176572531274345579 100.53689085006156745 81.271561992669518304 131.18173866966188257 182.8872608888103457 223.38355124101752835 227.62345389853120992 172.34948944553696037 159.11814362030236225 305.69969296624054778 431.3716293868076832 391.64475103902628916 381.24895552014208988 432.55954116767588857 453.72348999964719951 421.10893529134705204 437.05649832043440028 340.70800700215471579 414.05704839549719054 331.37920843571640717 287.51778298984424964 280.72590604984310403 261.77213730098469568 269.88482284367762531 nan nan nan nan nan nan nan nan nan nan nan nan nan nan nan nan nan nan nan
nan nan nan nan nan nan nan nan nan nan nan nan nan nan nan nan nan nan nan nan 214.53616939135616803 217.75849355437594568 201.12049340474129622 186.84709636688646128 225.23306040065938305 216.9419190265762154 242.62426086910014078 225.20434888573703347 291.49730404313817189 376.23701491080714732 284.02079504135900834 285.18223455306622327 326.69244287474987232 401.44278970847688015 414.47611177783556968 460.68292087382155842 432.98395041888699097 423.88334193058028632 414.59244524707776236 359.98726845214537207 321.49824975653018555 310.43203382513451061 310.2319777205769924 270.97568862469194073 nan nan nan nan nan nan nan nan nan nan nan nan nan nan nan nan nan nan nan
nan nan nan nan nan nan nan nan nan nan nan nan nan nan nan nan nan nan nan nan 328.59649575204923622 298.2501163195730669 269.58524630614078887 264.7175292005800884 227.18370741309109917 192.10505122821254531 228.10056174551556296 202.52837040813668068 96.652942243918417375 234.42723870935188302 321.86014549833595311 263.12141233298882526 366.47308316143363527 421.82432753331966069 388.2767537144723633 349.62097933446665365 335.7278973540780953 364.56176331492275722 372.74444064754499095 354.92763145472821407 337.79363310111813234 327.68891862117675373 317.14886459271576769 207.22568642285253304 nan nan nan nan nan nan nan nan nan nan nan nan nan nan nan nan nan nan nan
nan nan nan nan nan nan nan nan nan nan nan nan nan nan nan nan nan nan nan nan nan 421.51280280773232789 287.23606600217556206 253.58594121048875536 230.64710954435463464 187.87384698841469799 205.1613003119971097 179.71410198050094209 99.567242575822476169 105.76004955029682719 287.89311504056786362 241.38815416627943478 356.42999496108063795 384.63321342428349681 354.49177074942940635 252.42455752698086258 269.93792977169493952 303.60195582404492143 324.31726717166048957 344.65777934865087673 335.98202689841525626 314.04420764881223249 319.03752679624614075 nan nan nan nan nan nan nan nan nan nan nan nan nan nan nan nan nan nan nan nan
nan nan nan nan nan nan nan nan nan nan nan nan nan nan nan nan nan nan nan nan nan 233.27546458707692523 230.90314246895877659 261.4435384918834302 277.85461976822335828 230.63124843619524995 214.83496500271363061 188.87650036770202178 198.69027270764220816 160.76140686745634412 327.05796620903271332 213.13681260419028263 286.67530865242588334 337.55140822852104066 313.24722791240958486 209.92418369542974688 259.23841934686430477 283.81732756911571869 302.34821215565824559 323.4808145884719579 315.23294907541287557 284.81265424217912141 268.34387947001420116 nan nan nan nan nan nan nan nan nan nan nan nan nan nan nan nan nan nan nan nan
nan nan nan nan nan nan nan nan nan nan nan nan nan nan nan nan nan nan nan nan 253.66708493921694867 231.39558808782129518 255.49115815214295822 267.27547055000371756 275.68193233216311455 253.93127220608420203 237.2013962119057453 273.92550362132192276 399.45090395531246941 357.82097129681648084 388.05416102592306515 306.52048766096538657 204.4556388165350711 236.41917281719804578 208.90138375208726984 230.30751402310073672 262.40855861929509274 228.31490222582317529 262.44300710314405478 303.88400666175056131 295.11412201683265266 286.99193019133468852 nan nan nan nan nan nan nan nan nan nan nan nan nan nan nan nan nan nan nan nan nan
nan nan nan nan nan nan nan nan nan nan nan nan nan nan nan nan nan nan nan 275.86673597531381574 207.70162042763590193 231.74339253377482351 245.56593957193280175 270.36491912532835613 269.31040248999204323 269.34597115392318756 276.57601138312679723 226.91468360120518355 270.78114780363540604 311.37976157261959997 277.81893770184956338 298.48498733414999151 391.09943244989648292 332.4894351474796963 331.14035127693199456 267.76075215521768769 268.46642493971296517 217.22184322037185211 223.27834070600377459 270.58649291404321957 290.85824751223663043 nan nan nan nan nan nan nan nan nan nan nan nan nan nan nan nan nan nan nan nan nan nan
nan nan nan nan nan nan nan nan nan nan nan nan nan nan nan nan nan 340.16126015780605485 243.76970020279406981 235.80334399925342836 265.6434883036004635 271.91135994156280731 255.06030536023737909 287.90179314090545404 292.8430592810680082 292.13597574031359727 310.84110904990126301 237.11331438723749443 324.74849531848974493 277.89831720506947477 351.76625777592397526 355.92628114574682741 344.44337309409149839 362.3755760324423818 347.22444526016823829 nan nan nan nan nan nan nan nan nan nan nan nan nan nan nan nan nan nan nan nan nan nan nan nan nan nan nan nan
nan nan nan nan nan nan nan nan nan nan nan nan nan nan nan nan 333.32721741187987163 358.34353402082717821 261.98511259357394465 283.83338686225323499 314.53152160149926431 324.49757484534666219 285.90353242110813881 279.36160879746194041 290.73101359260357412 301.88772544694319322 324.861637211629386 209.85855274951961746 361.66398517207466057 389.92454954653595678 346.4586542468239827 334.57578700971862418 305.09695747145917721 nan nan nan nan nan nan nan nan nan nan nan nan nan nan nan nan nan nan nan nan nan nan nan nan nan nan nan nan nan nan
nan nan nan nan nan nan nan nan nan nan nan nan nan nan nan nan 322.30077517537500853 295.27255720895857394 360.8529969288821917 371.45666650192839597 342.77875516418714597 358.47533908211011067 336.92519347113022832 283.57880805412094105 250.80386951346019941 286.0741007786513137 350.05449821126978804 342.18730547850964285 320.8458896184773721 404.51027279618324428 404.25085409695429917 397.80351369496440839 nan nan nan nan nan nan nan nan nan nan nan nan nan nan nan nan nan nan nan nan nan nan nan nan nan nan nan nan nan nan nan
nan nan nan nan nan nan nan nan nan nan nan nan nan nan nan nan 339.32073412413313918 378.42109147720799456 353.73044331551938058 369.41926560700790105 406.7877851656037933 398.92914361880235674 407.95125684848585479 378.60863160417846984 382.64379897433082078 420.75224240794688058 449.14671791037244475 423.9265691618618348 267.50058328423040166 nan nan nan nan nan nan nan nan nan nan nan nan nan nan nan nan nan nan nan nan nan nan nan nan nan nan nan nan nan nan nan nan nan nan
nan nan nan nan nan nan nan nan nan nan nan nan nan nan nan nan nan 306.79262919525007192 281.25031387105013891 324.76368511136001871 358.7324657735917981 387.47893810809858905 400.749897815169561 396.34739530759304671 330.23042161302925024 284.12076863808641747 380.70886569952216405 nan nan nan nan nan nan nan nan nan nan nan nan nan nan nan nan nan nan nan nan nan nan nan nan nan nan nan nan nan nan nan nan nan nan nan nan
nan nan nan nan nan nan nan nan nan nan nan nan nan nan nan nan nan nan nan 259.00846825297207943 241.06508455293624138 293.74431595050475607 274.29629366377321276 298.92465192041709088 nan nan nan nan nan nan nan nan nan nan nan nan nan nan nan nan nan nan nan nan nan nan nan nan nan nan nan nan nan nan nan nan nan nan nan nan nan nan nan
nan nan nan nan nan nan nan nan nan nan nan nan nan nan nan nan nan nan nan nan nan nan nan nan nan nan nan nan nan nan nan nan nan nan nan nan nan nan nan nan nan nan nan nan nan nan nan nan nan nan nan nan nan nan nan nan nan nan nan nan nan nan nan
