results/rofental/snowmelt_month_2019-10-01T0000_2019-10-31T2300.asc
ncols        322
nrows        225
xllcorner    622802.488000000012
yllcorner    5178049.378999999724
cellsize     100.000000000000
[rows 140 to 167 of 225, columns 63 to 125 of 322]
nan nan nan nan nan nan nan nan nan nan nan nan nan nan nan nan nan nan nan nan nan nan nan nan nan nan nan nan nan nan nan nan nan nan nan nan nan nan nan nan nan nan nan nan nan nan nan nan nan nan nan 25.657043015488138593 35.651451763143910512 54.207726249690907139 64.046080067742110487 64.178983099900790421 61.062929864011799452 60.050686334368485575 58.319912216694433482 57.143214168124238483 55.778632917710076811 53.828935612871475769 52.656783036768132433
nan nan nan nan nan nan nan nan nan nan nan nan nan nan nan nan nan nan nan nan nan nan nan nan nan nan nan nan nan nan nan nan nan nan nan nan nan nan nan nan nan nan nan nan nan nan nan nan nan nan 36.370632204942950239 51.070324604913786004 48.719604544266395862 60.584949310706093684 63.903802949618679463 61.640486252177346671 59.563955099560054407 56.461300380741569427 55.52550226720658344 55.25086239928541687 54.420255011007718338 52.36598191784466394 49.950925737287427353
nan nan nan nan nan nan nan nan nan nan nan nan nan nan nan nan nan nan nan nan nan nan nan nan nan nan nan nan nan nan nan nan nan nan nan nan nan nan nan nan nan nan nan nan nan nan nan nan nan 64.427553641556087882 71.336957731722350218 68.830866527688669976 66.898559425486155305 59.055311811242816589 55.646744594261853933 61.117256743480375292 58.850169195767286112 58.301556345876939247 57.284734616558964149 55.384341979415459889 53.643869008931972076 51.312751910782182563 48.626924838216233127
nan nan nan nan nan nan nan nan nan nan nan nan nan nan nan nan nan nan nan nan nan nan nan nan nan nan nan nan nan nan nan nan nan nan nan nan nan nan nan nan nan nan nan nan nan nan nan nan 69.551308676124946828 69.793918604570308162 69.232745725880860732 67.568915654569721596 67.241080956155968806 66.137021007627723179 62.676007065701256238 47.579320474865085089 58.757709886078416162 56.892662958739620649 55.632224945283731188 54.181692114183398701 51.645968842845753954 48.776564554108340133 47.000798891270243018
nan nan nan nan nan nan nan nan nan nan nan nan nan nan nan nan nan nan nan nan nan nan nan nan nan nan nan nan nan nan nan nan nan nan nan nan nan nan nan nan nan nan nan nan nan 36.086304840037442432 63.562539846110588826 70.190790186361411429 68.666540018708232651 67.01206895336909497 64.758829776976185144 63.77152266289329674 62.73088415598097356 62.612843310994009016 63.95594161243884912 60.411889430723199723 56.571276600106386923 54.554138077474497948 54.462663688706136611 53.046506627112492538 50.563206036744162475 47.796156258308720055 45.056927410264528078
nan nan nan nan nan nan nan nan nan nan nan nan nan nan nan nan nan nan nan nan nan nan nan nan nan nan nan nan nan nan nan nan nan nan nan nan nan nan nan nan nan nan nan nan 68.898067340486292665 68.672197436133998849 68.577672199404815956 69.091499124751194927 67.453934938029462387 63.309180632203165828 61.852056564660053084 60.551632474263108463 58.846203323551563358 59.549064900875194439 60.029776654490390797 59.898630357948263736 58.21086586755809833 55.462187367684180117 52.03388186567117657 49.976216594556369444 50.452734297493542215 48.772989605124621448 45.619516526995660399
nan nan nan nan nan nan nan nan nan nan nan nan nan nan nan nan nan nan nan nan nan nan nan nan nan nan nan nan nan nan nan nan nan nan nan nan nan nan nan nan nan nan nan nan 68.697158553578248075 68.619033252585168725 66.629248694892652338 64.2438510597148138 63.801902833812121685 61.970521029294125981 59.740490730667794139 58.675667710922226661 56.59279501331820228 55.41222756706198993 56.321009067310683349 57.51918772460435747 57.429787413928480078 56.706505372312037139 55.709133216623463625 53.263650775529349346 50.048644683387479404 49.061875642326469915 44.616721487639765087
nan nan nan nan nan nan nan nan nan nan nan nan nan nan nan nan nan nan nan nan nan nan nan nan nan nan nan nan nan nan nan nan nan nan nan nan nan nan nan nan nan nan nan nan 63.052666346655513507 63.99427217651573585 62.935617135859288851 61.554285647326814512 60.155446899330833332 59.137182342068662422 57.832478554466291598 56.642028814706968376 55.498713790404245572 54.267663943327207221 53.273898216710442455 51.825282196770203313 52.457933837602219285 52.17062374059647567 51.774592278801485179 51.002399429863849889 49.975212012088590541 47.836885238165592682 46.098190036976021133
nan nan nan nan nan nan nan nan nan nan nan nan nan nan nan nan nan nan nan nan nan nan nan nan nan nan nan nan nan nan nan nan nan nan nan nan nan nan nan nan nan nan nan 24.171445250997830811 49.137140932922726222 63.12083055169541268 59.7487346348848547 58.482812772071277152 57.104151605942021774 56.457380856628930133 55.105445889087917521 55.092497408914645973 54.223680989458088675 54.011786641783757545 52.988130654918656148 51.126020931497478728 48.908448128470219274 46.840007310534979013 48.05355488853089696 47.973797535749838516 45.948637318863987389 42.531268125088530496 40.307612716741736847
nan nan nan nan nan nan nan nan nan nan nan nan nan nan nan nan nan nan nan nan nan nan nan nan nan nan nan nan nan nan nan nan nan nan nan nan nan nan nan nan nan nan nan 21.441553182539607292 34.427192061129140654 57.531775613985630002 59.565827701061692778 59.867375715442989303 58.43209511046132576 56.710682461746202421 55.650837767803444933 55.113436996796558276 55.919528261286401971 55.11652750074203766 53.817168518210195316 51.75040946070978265 49.242964448470864625 46.523504236276949086 44.539962599502118223 42.811248392986129829 41.585193071328639292 39.283603815309142249 36.101709460993554046
nan nan nan nan nan nan nan nan nan nan nan nan nan nan nan nan nan nan nan nan nan nan nan nan nan nan nan nan nan nan nan nan nan nan nan nan nan nan nan nan nan nan 17.300661026113466789 35.89646323542083195 48.080990839047579755 45.710355751013594272 52.606875781326387198 58.618718132095715134 58.632541738771116968 57.417747768619356918 56.52944179298050642 56.354394047672592194 53.855973345873522362 54.21380861565376108 54.13422429117294854 52.023398621445373635 48.622788147876768505 47.745863778920316634 45.826703508215850036 42.30629661664557517 39.524390878346721934 37.426621841800347568 35.138504319944090071
nan nan nan nan nan nan nan nan nan nan nan nan nan nan nan nan nan nan nan nan nan nan nan nan nan nan nan nan nan nan nan nan nan nan nan nan nan nan nan nan nan 18.927139645703721982 26.548009447330240818 33.1273676392158265 28.162510136984703735 30.164084401213898445 32.863480865880767112 33.873165125356223371 35.949609265487552534 42.043498212911131873 44.374332043642048973 40.938735542937678247 44.015026706572683679 51.200757562516109545 52.675501534885761146 53.155000326138164723 47.363092068445190819 44.2579415961576359 41.997859657864886174 39.907458693822349005 38.010159893684914323 36.121434523982017595 34.677867289620770919
nan nan nan nan nan nan nan nan nan nan nan nan nan nan nan nan nan nan nan nan nan nan nan nan nan nan nan nan nan nan nan nan nan nan nan nan nan nan nan nan nan nan 29.571868916667501281 31.179337687731397466 30.62207626816913475 32.034054526097968107 33.424764553354663121 31.319799288448777475 26.664013409834815604 23.187060778913050285 22.490460649830243511 27.778358450887893127 29.708032980482482088 34.600217350179278242 42.327288753806335819 51.95936723597891671 49.578256693116273368 45.459702343629800225 42.01746709877512842 38.363046356406037773 36.833041441023354423 35.164588932771835061 34.352146187361199736
nan nan nan nan nan nan nan nan nan nan nan nan nan nan nan nan nan nan nan nan nan nan nan nan nan nan nan nan nan nan nan nan nan nan nan nan nan nan nan nan nan 10.422992526889260034 19.69932107232124352 18.715819188069151124 20.106856380602788903 23.279932621112166657 25.662145149526295995 23.589827329225201424 18.056418400980369654 14.544088865910191899 12.494786964538500129 12.378489332308445725 13.876377029041677247 23.605861348704920033 44.270340222862628821 54.664591260227552993 52.661289244510150809 46.152210413767207342 42.411806248508781891 37.760907485691006968 35.802347270846247795 35.363601052142733749 35.14845738342580006
nan nan nan nan nan nan nan nan nan nan nan nan nan nan nan nan nan nan nan nan nan nan nan nan nan nan nan nan nan nan nan nan nan nan nan nan nan nan nan nan nan 5.292992275104552391 8.5327032023588849086 11.963152993398646018 19.044723459164369928 17.81838591582376452 18.114621110844328911 16.39398443781244552 11.055184538928790161 37.394295259230133865 70.750246268464522359 68.194330957958499084 67.089099127117350463 64.133236560112052871 59.890365698114948145 57.838988149788832516 52.183001804015020753 46.001999138009487922 41.457399860071255659 37.687142888365123383 36.540335993635032708 36.291670673380004075 35.672796972746020572
nan nan nan nan nan nan nan nan nan nan nan nan nan nan nan nan nan nan nan nan nan nan nan nan nan nan nan nan nan nan nan nan nan nan nan nan nan nan nan nan nan 4.8908763715176961639 4.5693854686155086497 5.9033802114494529079 14.708410582550051515 20.10558859653642827 18.243596644476447466 28.206928005143421245 66.432156683542672226 71.067086769172902905 67.820949466877721079 67.07530014538109242 65.393888888561349404 62.386280427895087541 59.71088635242712428 56.505430563303505664 49.550614568587917574 45.031281110100373155 40.070896066343344444 37.578392232575794196 37.127248910910651603 36.984506464785503965 36.586447609574392459
nan nan nan nan nan nan nan nan nan nan nan nan nan nan nan nan nan nan nan nan nan nan nan nan nan nan nan nan nan nan nan nan nan nan nan nan nan nan nan nan nan 18.266729350785350761 14.983523581819106596 18.166771600169724366 17.167578365413337593 21.041167176663552851 58.529621380904742978 74.149254665574034107 71.598064427303597768 67.823265629751503525 65.79881634298027393 64.240316936566188133 62.270058679529512347 60.15620549884696544 58.421395468579895294 55.250788608499519228 49.318813241788873825 44.478683002757215093 39.314660393977334252 38.234807367157543467 37.680840165908044526 37.318162198983038991 37.28291308142313909
nan nan nan nan nan nan nan nan nan nan nan nan nan nan nan nan nan nan nan nan nan nan nan nan nan nan nan nan nan nan nan nan nan nan nan nan nan nan nan nan 51.659481209146768776 56.72380420998415218 50.481248663710609037 63.680622301794848283 71.252464468104506068 73.910386296965114639 73.728588549093899474 70.25387542329663404 67.42352751833412583 67.636151651611939428 63.686340287151949724 61.563656356986243168 59.612709592005110437 57.911098893290862577 55.859441938074880341 52.292585342114335845 47.716511648437787585 43.455127634871189457 39.683960463105158567 38.983798701063292924 38.641888422457540742 38.070240504590287856 37.800220078232477761
nan nan nan nan nan nan nan nan nan nan nan nan nan nan nan nan nan nan nan nan nan nan nan nan nan nan nan nan nan nan nan nan nan nan nan nan nan nan nan 68.382901253119115381 70.128563182065704495 65.661949569262333171 50.044503910964138527 47.712829275770168636 52.359518191553235056 59.558890639361948161 65.528164335066989565 63.731340738729805651 59.820865173282271599 60.753710043575722466 60.684470209462112678 61.422792669139312238 59.058000884749155546 57.170964848296414118 54.020854582108853492 50.395790353886681601 46.73619435968721092 41.665212804229824428 40.770665199091951081 40.520203166018788465 39.961463641858010476 39.420193454149703882 38.558836512835036103
nan nan nan nan nan nan nan nan nan nan nan nan nan nan nan nan nan nan nan nan nan nan nan nan nan nan nan nan nan nan nan nan nan nan nan nan nan 28.777240562509142308 72.362447783332200402 75.467274733676262599 74.573801256220477285 73.85534027720429151 62.230844691486467468 40.067851672432574617 30.511373228799858026 37.455662541781649111 52.217326913491156404 60.173060337640322359 62.5240931381123346 55.725136043454590151 56.2226620341586667 59.618526354738598627 59.813784615042024484 57.326458291019406488 54.004857737042016197 49.487457440622485194 45.118556145048856365 42.273507904441984806 42.079663646510134356 41.595647479962565285 41.230760145232018488 40.664423259433050362 39.422972139870495312
nan nan nan nan nan nan nan nan nan nan nan nan nan nan nan nan nan nan nan nan nan nan nan nan nan nan nan nan nan nan nan nan nan nan nan nan 50.135408169926584776 68.201484703175395907 74.427005529083629654 76.252881381265638083 76.850505703458267703 75.116044362097369458 74.36141793089575458 70.913615498786711555 50.446510803259990041 24.752872970657804785 32.256805147770457154 55.167626946336120852 61.346357019782359998 64.542538400692592404 65.298144395453292077 62.91909027911136576 61.695122621437185728 58.171497298842311352 53.915472259419729539 49.31492569296541717 44.825159956062393007 43.614518129745526664 43.256385564223791107 42.813207764371483677 42.527575874964085756 41.672303756270679287 40.488947520218253828
nan nan nan nan nan nan nan nan nan nan nan nan nan nan nan nan nan nan nan nan nan nan nan nan nan nan nan nan nan nan nan nan nan nan 34.133472474263989227 74.889102064188747931 76.717924201124191086 74.610161769080136196 76.19188831816549623 76.308100049687766386 76.531946494514997426 76.51703023954949856 75.302518433831693301 74.895698087777162755 76.659490973826891036 74.29521620506129409 26.345739861094749301 17.798807657536180216 31.17095678821223359 42.297050530074677965 52.831416335810736484 58.742559165290174406 52.514400904801824765 49.00148023415215448 54.860856535652530397 51.764496259467598804 46.118252150273860934 44.946392360380265529 44.523390866108385922 44.283685343272388479 43.668930918859750534 42.63205600756669611 41.15359171450104725
nan nan nan nan nan nan nan nan nan nan nan nan nan nan nan nan nan nan nan nan nan nan nan nan nan nan nan nan nan nan nan nan 14.430630526853219564 33.380774449248860947 62.206545763933192461 73.03131573627426576 74.098749530502558969 75.236630170100895043 75.650343455695860939 75.722800566834749247 75.938135882266337262 75.61553143115652631 75.533741876509509439 75.906021537814737599 75.580713924131217141 74.229658032838358395 73.718307741665697108 73.985174374380136442 56.396366491761504847 46.533805746520052082 43.502431016406802655 32.063708498669548419 31.439551071488246237 41.330719844021039933 53.57791010017285771 53.756829036203967576 47.095299447272445548 47.270846966063466255 46.479587892944678629 46.107861584848755854 45.573397591079597646 44.019258063411022874 42.686178539727357872
nan nan nan nan nan nan nan nan nan nan nan nan nan nan nan nan nan nan nan nan nan nan nan nan nan nan 2.4848721638137045709 7.9887769251747355881 10.119443892926957673 14.452547493524074085 24.492090281615144676 38.691402923605068054 48.247567105305741109 52.731762251344527215 58.743575542604489215 69.781912165553777072 71.901761480837208751 74.635853342397936672 73.484217441438076435 73.801999343680265042 74.801119456100707339 73.921864432256853661 75.333525486341812893 75.286526496123258312 73.623214088095991769 72.399684254336108324 73.103764452242231187 71.478706309376065064 72.469989924231725809 72.859203116048263382 69.814088445969147756 68.713813822191880831 67.391836820489174897 65.065432330783011139 61.717479345769568511 55.574895201361073305 51.566579431971810266 51.422934197442728532 50.09951217504315224 49.214160291906324574 47.750916962830324053 45.70675795425957233 44.535573853843551717
nan nan nan nan nan nan nan nan nan nan nan nan nan nan nan nan nan nan nan nan nan nan nan nan nan nan 8.3443951682301431561 19.779547691854343583 21.956540431365684896 30.782503564185955014 37.624903196827261809 41.517652061148261566 49.836967163472117193 54.450896778360224459 51.873071700590550392 61.331513087824426123 66.278895342956545278 71.604561204532132024 69.401238979989116729 71.906689670146818116 73.997890476502192314 73.669612176770996825 74.426856934960269996 73.691948131733113314 74.051018246629865871 72.950208515431313572 71.729959953484168977 71.158219410054527998 70.417835528345676721 70.404735263737336481 70.13814846619622756 68.00431257398260243 66.339866491202016618 64.314132047713243878 61.478904826472437151 57.728221974925027382 55.313975578061125304 54.491364288989871056 53.592857171060515498 52.494082870952411213 50.548751065107232705 47.916393347798525326 47.142347260560676148
nan nan nan nan nan nan nan nan nan nan nan nan nan nan nan nan nan nan nan nan nan nan nan nan nan nan 3.6246257433328201714 4.7672102482692482184 8.764190947714245894 17.290684890809799867 28.055266679285942644 35.353454077515955589 43.129586225891664242 53.652232762850388781 56.058285767974332714 50.361128915004918838 50.420919337274760608 64.367059202447038047 69.179476917323569296 71.910339486928847919 72.786712341116356129 73.470819142723726713 73.058054411037502973 73.028653215924549613 72.596200807499712937 70.802855506565123278 69.781264169434379596 69.692204305482306381 69.015875596240007894 69.904134707129585991 68.58131693288713393 67.498127857961662812 65.239384137381534856 63.098411407365318837 61.849547632449514367 60.36496830042418793 58.551000429075315878 56.744360611188277232 55.714098737316220422 54.707596717458699231 52.828644652192387809 50.466043555913152829 51.016646683376990268
nan nan nan nan nan nan nan nan nan nan nan nan nan nan nan nan nan nan nan nan nan nan nan nan nan nan 5.6523944627680418051 3.3081176198139896627 6.0033036514628017599 13.491638558521604097 17.099289901970344374 29.061678777345864688 45.772203207071768816 49.252407002055512919 61.439851687775011158 54.036870830680385325 44.816980958416053227 58.76284061796123126 72.031665611021026052 71.79704856078186026 70.614623078492371633 71.893242367839349072 72.560503237171147362 72.626266643595386086 72.337080853407854875 71.372597216544065191 69.290986642104300586 67.673346807657310364 68.603219062076760792 68.427424232918937719 67.437481265029987298 66.052286131953337645 65.849956404080131733 63.706637103468437999 63.970779157247385172 63.163839309651869769 61.666315985362352592 60.061699149954300481 58.427951224783072348 57.003384930082091842 54.644319343370788999 53.653995095250792247 53.317909064839639655
nan nan nan nan nan nan nan nan nan nan nan nan nan nan nan nan nan nan nan nan nan nan nan nan nan nan nan 22.453197678335442333 30.874710678554187382 40.444871165712726224 41.206376250061623523 19.235582395257946331 13.616756498793805008 31.703551164078188407 47.96178007794042486 58.16547077554800893 58.3356918243090945 52.042849630940516192 67.526252641695862167 71.724885688811284012 67.115086740636897389 65.211435888649475601 62.309544390515320345 62.164849298945959788 64.735061208645163333 66.02486079717539269 63.186716930244941182 65.701897514159526281 67.179413220488399361 67.021827637486808271 64.901903434995503517 63.345764967720647576 65.760834114630995373 66.23636629697064393 65.693697174848651343 64.513628324496494315 63.362671344458000533 62.888361090439325096 61.719424587858704001 57.929298948440361983 56.143817015040369256 48.465618083244308423 37.736446456308549102
