results/rofental/snowdepth_month_2020-04-01T0000_2020-04-30T2300.asc
ncols        322
nrows        225
xllcorner    622802.488000000012
yllcorner    5178049.378999999724
cellsize     100.000000000000
[rows 140 to 167 of 225, columns 62 to 123 of 322]
nan nan nan nan nan nan nan nan nan nan nan nan nan nan nan nan nan nan nan nan nan nan nan nan nan nan nan nan nan nan nan nan nan nan nan nan nan nan nan nan nan nan nan nan nan nan nan nan nan nan nan nan 1.5494444136732707928 1.4906483830825518755 1.3568457172118180143 1.2566939691388641087 1.1758819959442257108 1.1340885625519123714 1.0706941725855272374 1.0628898743285788431 1.0817675953244341169 1.0520208121726029038
nan nan nan nan nan nan nan nan nan nan nan nan nan nan nan nan nan nan nan nan nan nan nan nan nan nan nan nan nan nan nan nan nan nan nan nan nan nan nan nan nan nan nan nan nan nan nan nan nan nan nan 1.4781975845710291217 1.3759604700899041863 1.4038281934436040999 1.3035865692806380967 1.1965349437374610542 1.2234950600528839981 1.198865654108362655 1.1679164935573489448 1.1543458968957827082 1.1552203791807091893 1.1545935223435286332
nan nan nan nan nan nan nan nan nan nan nan nan nan nan nan nan nan nan nan nan nan nan nan nan nan nan nan nan nan nan nan nan nan nan nan nan nan nan nan nan nan nan nan nan nan nan nan nan nan nan 1.2924036769334905639 1.0713797225882635278 1.0347660052760276894 1.0180328136694365426 1.2976952461864053046 1.3194247340850411288 1.2211004282853732406 1.1449120144105127128 1.0754864620741642067 1.0445043818921808665 1.0260713593054586745 1.0326197529217571169
nan nan nan nan nan nan nan nan nan nan nan nan nan nan nan nan nan nan nan nan nan nan nan nan nan nan nan nan nan nan nan nan nan nan nan nan nan nan nan nan nan nan nan nan nan nan nan nan nan 1.182173412653408695 1.1662184195094145167 0.97419831924793931499 0.90343661374973927014 0.83645158349512926943 0.84732979027324384358 1.2358715233295294311 1.3781262283658579637 1.1802773383103575267 1.0601917277412671314 1.0229850106175220059 1.0108005555076251536 0.98125472359471888062
nan nan nan nan nan nan nan nan nan nan nan nan nan nan nan nan nan nan nan nan nan nan nan nan nan nan nan nan nan nan nan nan nan nan nan nan nan nan nan nan nan nan nan nan nan nan 1.4538348847835336208 1.2681246086186357402 1.0323168330046079699 1.0709068496729283737 1.1093636228509486941 1.0031105824282751104 0.91258560966951374205 0.83937617204158632145 0.74289510849211437549 0.81844542745045845145 1.1216664259066568832 1.2749815062199798543 1.2375707179847283967 1.1456105575578330313 1.1094803774553692044 1.1181747408048965386
nan nan nan nan nan nan nan nan nan nan nan nan nan nan nan nan nan nan nan nan nan nan nan nan nan nan nan nan nan nan nan nan nan nan nan nan nan nan nan nan nan nan nan nan nan 1.0084786583635596546 1.0246316063075717739 1.1189857332482520125 0.95870964681162329502 0.92085477390334624648 1.0804276726295665156 1.1205319884799394003 1.0405121527150782423 0.90703452562843378537 0.76272968044927957898 0.70044885969042758322 0.73113181636810098407 0.94174359663964857248 1.1551375611801548704 1.2561394578619968776 1.2768220861877834782 1.2396725936346857377
nan nan nan nan nan nan nan nan nan nan nan nan nan nan nan nan nan nan nan nan nan nan nan nan nan nan nan nan nan nan nan nan nan nan nan nan nan nan nan nan nan nan nan nan nan 0.949854550053194302 0.9477351815470594909 0.96170331000354969397 1.0106523510348854877 0.87300232650222597819 0.87050376108108851181 0.88333649792966717484 0.9758397753761186566 0.93622085525051068622 0.89390529159872345044 0.77533038122625774768 0.6464828467498868747 0.66806423356128918911 0.74468274104473086705 0.78550914052594755788 0.84723330108437144847 0.96192504784283217045
nan nan nan nan nan nan nan nan nan nan nan nan nan nan nan nan nan nan nan nan nan nan nan nan nan nan nan nan nan nan nan nan nan nan nan nan nan nan nan nan nan nan nan nan nan 1.1646499006172887913 1.0836600571470109688 1.0025728626992083115 1.0094506448267404064 1.0076079131951636292 1.0254393759010684839 1.0033992008924847994 1.0295262077751776708 1.0278972277901590182 1.0163728902169095747 1.007108222696327493 0.87263939627252795628 0.71558533386652711794 0.64960543747489096766 0.64904205010433757561 0.7265667231161921924 0.71012322451688314473
nan nan nan nan nan nan nan nan nan nan nan nan nan nan nan nan nan nan nan nan nan nan nan nan nan nan nan nan nan nan nan nan nan nan nan nan nan nan nan nan nan nan nan nan 1.5034876108755097501 1.3144938902560323601 1.1437123408067406682 1.1251469596029672893 1.1534283744879225697 1.1424682564177170985 1.1288242174942018092 1.1233056582114284705 1.1289689818591974735 1.126614088885556253 1.1067366769256372638 1.0971879042147922867 1.0831510434379101326 1.0431513604382118832 0.94706294650705502569 0.76634458972088292938 0.68683529481386484949 0.57140952470943695563
nan nan nan nan nan nan nan nan nan nan nan nan nan nan nan nan nan nan nan nan nan nan nan nan nan nan nan nan nan nan nan nan nan nan nan nan nan nan nan nan nan nan nan nan 1.5288038296106860603 1.4362219986724029663 1.2460572355378194409 1.1692933046816729181 1.1673455610342560185 1.1620932165331838704 1.1548277346368824858 1.1530532039680874146 1.1309658045347024125 1.0944202253375623357 1.0696653361449885988 1.0687024195713148433 1.0545713684163633417 1.0244590470102574731 1.0050269182811719659 0.9874324764595849846 0.94033445529683712394 0.86327779607150434416
nan nan nan nan nan nan nan nan nan nan nan nan nan nan nan nan nan nan nan nan nan nan nan nan nan nan nan nan nan nan nan nan nan nan nan nan nan nan nan nan nan nan nan 1.5605001785687335758 1.443642778577372443 1.3324623272222464454 1.3308313706736973892 1.2624759328637946698 1.216495093587913523 1.2136752837857696097 1.208961902152316803 1.2220092782919589336 1.2073552032504710763 1.1755957908535801248 1.1344196854582098144 1.0907184874958562038 1.0325798786780253646 0.94113936401422093603 0.8154543715038005125 0.74286051685024578894 0.68745276196990223738 0.71754159735542710763
nan nan nan nan nan nan nan nan nan nan nan nan nan nan nan nan nan nan nan nan nan nan nan nan nan nan nan nan nan nan nan nan nan nan nan nan nan nan nan nan nan nan 1.5514075022832660711 1.5144986499915149558 1.4428650372712223948 1.4667024613656685084 1.4453064251986986744 1.4128252515501522613 1.4009167625032021842 1.3889319455032913542 1.3379406895675991507 1.3267757903603838443 1.332378641369010408 1.3087354631606586963 1.2512930492141707273 1.1825317281897669286 1.0903679581022125422 1.0106507531882265027 0.98421600636448891564 0.91361818810926498369 0.79811629672387918166 0.75675373622233410575
nan nan nan nan nan nan nan nan nan nan nan nan nan nan nan nan nan nan nan nan nan nan nan nan nan nan nan nan nan nan nan nan nan nan nan nan nan nan nan nan nan nan nan 1.4760232387639178331 1.4368967402636756425 1.4460824431336785079 1.4261765543335662709 1.3941047417778478223 1.4199961156348142044 1.452687457226861989 1.4649720250508633246 1.4766426846363700509 1.4225378519300118096 1.3919680784670824814 1.3669544763322245551 1.3286611160959795885 1.2442571153348962465 1.1546012190055214841 1.0428685739468781524 0.99024967882540348985 0.66829726382353715763 0.55395620836813108667
nan nan nan nan nan nan nan nan nan nan nan nan nan nan nan nan nan nan nan nan nan nan nan nan nan nan nan nan nan nan nan nan nan nan nan nan nan nan nan nan nan nan 1.6212032963443758771 1.5341198695352817882 1.5188563350955308628 1.5141811297751706089 1.4911647570080890368 1.4575355641766609693 1.4724480419263856756 1.5087055384861465246 1.5317959231602877868 1.5582757552517949584 1.5563789198381561274 1.5476700940393692818 1.4786476078985262284 1.3274829577072033704 1.2175298093931330445 1.1364753784934575886 1.0342964649492965012 0.79393281606011956164 0.73112976725581246829 0.68941531079887397038
nan nan nan nan nan nan nan nan nan nan nan nan nan nan nan nan nan nan nan nan nan nan nan nan nan nan nan nan nan nan nan nan nan nan nan nan nan nan nan nan nan nan 1.677755600507850664 1.6209509514554572007 1.5405065766239229852 1.5198991475559981978 1.5202150445199227313 1.5121194155697252892 1.5212104284359422302 1.5673133117484419063 1.4107637221544337969 1.0504645127852783038 0.92502513718062817638 1.0295726380754013363 1.0764434342965580882 1.0532641210851894087 1.0645680016502798715 1.0240757487940383985 0.75169122775905194977 0.67555020951891198155 0.62175749993107687352 0.71299224872038458045
nan nan nan nan nan nan nan nan nan nan nan nan nan nan nan nan nan nan nan nan nan nan nan nan nan nan nan nan nan nan nan nan nan nan nan nan nan nan nan nan nan nan 1.690634494145454747 1.6797560349102080846 1.6473117265757211136 1.5561735276701484931 1.4929580785603335791 1.51804248487693072 1.4634461386266748306 1.2359537302163410288 1.1186698509091661524 0.96550384227335606102 0.90674704746014178625 0.95684244272319307623 1.0675080204966869157 1.054765401716687423 1.0047223078379847738 0.88087410428503332138 0.7056919466536745178 0.63893318608597216013 0.66494285049598345072 0.70120498094699246217
nan nan nan nan nan nan nan nan nan nan nan nan nan nan nan nan nan nan nan nan nan nan nan nan nan nan nan nan nan nan nan nan nan nan nan nan nan nan nan nan nan nan 1.5803360842868254821 1.5994273032780192967 1.5698989592447794017 1.5510860802073422882 1.5203331609044159478 1.2835568024247683283 1.0965828915195414694 1.0928346789958760521 1.0592549378064621823 0.96959228763768812165 0.89612667003607671123 0.82991767714924302712 0.75859371557436627853 0.86373235540365900231 0.95166605258550995838 0.9384678491463654959 0.86513579186515876529 0.75736157568190398681 0.81341965361544577018 0.82518287338536489006
nan nan nan nan nan nan nan nan nan nan nan nan nan nan nan nan nan nan nan nan nan nan nan nan nan nan nan nan nan nan nan nan nan nan nan nan nan nan nan nan nan 1.3441754698507502042 1.3328841191218538942 1.3832073759878875663 1.2682963874191026665 1.1814327103370731997 1.1106561222649302678 1.0937890931529996585 1.1590024953390467566 1.1734239441781029178 1.129086329299313185 1.0364202848815669 0.81382491270421364327 0.73733362235055699418 0.73477428982822801107 0.76013373911682380335 0.80086904723757346147 0.827702896522995335 0.82206719614693268827 0.78918620211936396647 0.82684501668510324013 0.82636865882194143751
nan nan nan nan nan nan nan nan nan nan nan nan nan nan nan nan nan nan nan nan nan nan nan nan nan nan nan nan nan nan nan nan nan nan nan nan nan nan nan nan 1.1918992075910528339 1.2239853103433886439 1.2558460615015289985 1.3709944095847330647 1.3700356879675910093 1.3210194007851570053 1.2551405439842457934 1.1810974153798374786 1.2057941953967299398 1.2326309178646503995 1.2083468299504236398 1.1220229561282493158 1.0344279686595456713 0.88397946673448490884 0.78629925572777603637 0.7781220766337286765 0.79541712470910508337 0.78559840802987801478 0.73145031984057684582 0.83762590750049903399 0.76727923794545671576 0.76277497611770606056
nan nan nan nan nan nan nan nan nan nan nan nan nan nan nan nan nan nan nan nan nan nan nan nan nan nan nan nan nan nan nan nan nan nan nan nan nan nan 1.4799370733091126162 1.1803262777585572518 1.111931942648201721 1.1299284116610901485 1.1651335043104227296 1.2664958307659321957 1.4083243378812948521 1.4630544627823081072 1.398383826998560675 1.2793586319794678641 1.2041727369670058856 1.1965128874688328864 1.2390897209605613583 1.1610746454816831541 1.1198738045270160146 1.0177875493047350286 0.88843975440591949067 0.82387583682373277671 0.78484659339707707471 0.75663843689464416187 0.738833696325420064 0.7642278068192287499 0.76414163753186015171 0.76512933859106091461
nan nan nan nan nan nan nan nan nan nan nan nan nan nan nan nan nan nan nan nan nan nan nan nan nan nan nan nan nan nan nan nan nan nan nan nan nan 1.3188989902211429861 1.2406890913930337383 1.1031450899176722391 1.085766416029788628 1.0792908355967321121 1.1033700089221967211 1.1295633282345323156 1.1708803684800821454 1.3173055064196315112 1.4824737247504511384 1.4320412915549043387 1.256218527327159995 1.1653814378503879468 1.0679997410184667306 1.0485586535569457745 1.0797681442594864176 1.0068796446687686696 0.83949455741406453502 0.82912092895335098852 0.8850141823468172797 0.75209024913252164879 0.7504020750623695557 0.75393574630896387223 0.76863616378907662074 0.77513965643674354045
nan nan nan nan nan nan nan nan nan nan nan nan nan nan nan nan nan nan nan nan nan nan nan nan nan nan nan nan nan nan nan nan nan nan nan 1.4292640381020087492 1.1068047910307841075 1.1077345403170735239 1.114709526302223308 1.0757509497349377892 1.0737843701798996943 1.0517822095199895749 1.0608717481179199549 1.0813778206060602471 1.103486297408547312 1.0655934132525013425 1.0789365591985939918 1.4415293798461592534 1.4944678616731454923 1.3402676717222756775 1.2485492955532022652 1.1544023229112576612 1.0905697836505812148 1.130029932599221576 1.1544713193063396162 0.99490630476935593141 0.91156696964368233438 0.74251003883917077175 0.77021926131340701094 0.79324334465127610549 0.80357871587201712416 0.79821095867675218027
nan nan nan nan nan nan nan nan nan nan nan nan nan nan nan nan nan nan nan nan nan nan nan nan nan nan nan nan nan nan nan nan nan 1.5677333953427063928 1.4432231079709261223 1.2446452211141714184 1.1594392377015920736 1.1418128515169261306 1.0896552809225608094 1.0493152778393026736 1.0480599808283876939 1.0469556997151996391 1.0320590778901208573 1.0303063281352733416 1.0397714708607346257 1.0349793811452214776 0.9539227092384854334 0.75570688191937751554 0.94955297971178120875 1.1327170635760335227 1.2159575834607474487 1.2291627208723343578 1.3063414134028714653 1.3019601368372109018 1.2241528028803252415 1.1054019982369949204 1.0303991664140021989 0.86669856676203860246 0.88041539145197744709 0.836263284584549349 0.83044807583259205863 0.82709208728949124012
nan nan nan nan nan nan nan nan nan nan nan nan nan nan nan nan nan nan nan nan nan nan nan nan nan nan nan 1.7862065865804885867 1.6855781312008286665 1.6386045783408951237 1.5864511195706969549 1.5155913093641377731 1.4108974559643947533 1.340303670791302304 1.3333978804841901677 1.2855259165436851987 1.18169086562540393 1.1648585074606254697 1.0658089760555153891 1.0158825236265598413 1.0115544736780330837 1.0306185552375359826 1.0594772131760625822 1.0489140198794093539 1.0417052135894944165 0.87272127283059464098 0.84937272619297854437 0.73223588987378729342 0.66794526558029032604 0.74589620837254100305 0.89121049855928435868 0.81905878736983450672 0.83479390481827742132 0.8703163735749643859 0.90808475641874886186 0.94711282802295471139 0.90803115090675312615 0.88701595466138527524 0.84786640953810454846 0.81789692215106857276 0.82311976884414450595 0.83891726392969390158
nan nan nan nan nan nan nan nan nan nan nan nan nan nan nan nan nan nan nan nan nan nan nan nan nan nan nan 1.7219774411620465404 1.5842183464649386426 1.5463972718450380572 1.4477379962356244913 1.4216532574751781226 1.3859885948349102147 1.3481938183831332356 1.3076432265029018787 1.3198531757623699345 1.2502916917853230672 1.2125735437850229115 1.1161416063684250766 1.1355155649465984435 1.0855901140851502706 1.0184998638252393821 0.8836060587591503257 0.90646844630969247714 0.94174800665920244125 0.90638913178572777518 0.88749124214805186206 0.86430379259846612516 0.71753626788866609054 0.69002960912947941541 0.83877314554908721789 0.85243361016867047475 0.79449662309255919546 0.79844510628733367241 0.77550545089772582319 0.7628479519192109537 0.79499570221018356353 0.82030894330258385949 0.79382846758710368107 0.78171026149037936559 0.77959871560488913644 0.78855062971285894147
nan nan nan nan nan nan nan nan nan nan nan nan nan nan nan nan nan nan nan nan nan nan nan nan nan nan nan 1.766836332128252085 1.7114281736503256237 1.6484547098573387736 1.5586671117545274345 1.4665801092064418842 1.4243414178662070491 1.3865994088885018609 1.3091849190028241878 1.2811035749102523962 1.3176590427196948063 1.3098046036246153712 1.1887418172961077278 1.1341003960843938358 0.99648796270619244275 0.94005874813857726036 0.88750846996912857723 0.8628320193904720492 0.88104355402332867886 0.87054006007681106194 0.83067241256621793255 0.81597769085518745413 0.71751471146844303384 0.67253371714683929383 0.72024252752949202705 0.76006352199414961568 0.7265325612006028333 0.71087694470422568838 0.64843867907710495135 0.80081406612289107727 0.83702277356369148009 0.79511252583544578254 0.76982058529488617271 0.75000823503891445032 0.73059477636392211597 0.73583363597404460865
nan nan nan nan nan nan nan nan nan nan nan nan nan nan nan nan nan nan nan nan nan nan nan nan nan nan nan 1.7294900141723161813 1.7575205751238280882 1.6977991898180269104 1.59789682977378944 1.5632385666502930377 1.4855895187038641314 1.3645433867293825791 1.2980976187304567038 1.2332109983458956481 1.2840683836322033251 1.3398965075334641206 1.2396263110033571841 0.98747965179543195635 0.9904393198591127101 1.0022851985679803732 0.97527484611835502104 0.93255166847190806845 0.9220824854484713784 0.8799120626350729335 0.87167469361099469971 0.84343029225467947008 0.76958719131504971234 0.71522260446988306093 0.71219000443854907356 0.76575700152464953874 0.80739281430628173641 0.7808887048493440286 0.80713200599273415836 0.7910688697889297627 0.77819025854119927565 0.7736032700467864176 0.75580233824044273927 0.72604804830628899559 0.70557081776209118473 0.72192562453736075501
nan nan nan nan nan nan nan nan nan nan nan nan nan nan nan nan nan nan nan nan nan nan nan nan nan nan nan nan 1.6185562084433200436 1.5240377537015068476 1.3996920061653732592 1.403394549698538496 1.5357916499855632786 1.5722314525881240233 1.441604576772493429 1.2926513513636228581 1.2085985823742284584 1.2415584393308052302 1.2831725499245298927 1.0534715808387953295 0.98663052617685931267 1.0368167772952328054 1.0564284875958822596 1.0437213135788467877 1.0464041908435881556 1.0033589645122269474 0.97646466205060067356 0.99180307950448165499 0.93665063357600364391 0.91008371861918302415 0.9047360058517472936 0.92735397302131405972 0.93883016589509582506 0.82362788075070003657 0.78374591677805915957 0.76980596859191807724 0.76642287013090526493 0.76027755073305669509 0.74033398562488206274 0.71334992729616253371 0.73043611539014274836 0.8438730641906696528
