results/rofental/snowdepth_month_2020-05-01T0000_2020-05-31T2300.asc
ncols        322
nrows        225
xllcorner    622802.488000000012
yllcorner    5178049.378999999724
cellsize     100.000000000000
[rows 162 to 188 of 225, columns 62 to 123 of 322]
nan nan nan nan nan nan nan nan nan nan nan nan nan nan nan nan nan nan nan nan nan nan nan nan nan nan nan nan nan nan nan nan nan 1.7908763509024721028 1.6521528410854013913 1.4362261269557217158 1.2905401152443409796 1.2787605004597064617 1.1832491514930068011 1.105549493938259964 1.099169316385989692 1.0981236701554475399 1.0765130588497946462 1.0786126300325897809 1.1150245539998422384 1.1075246229905140183 0.98020782757748203817 0.71936675426155660684 1.0191575070471676767 1.2531886014472441992 1.3635193224205301998 1.3567797854668894875 1.4502771260829334654 1.4384441351420738098 1.346822941946623331 1.1768039933197451674 1.0504860008162852925 0.65942042673624212679 0.68332017603593064869 0.6031746194295041219 0.59610861661037772841 0.59096254572366335722
nan nan nan nan nan nan nan nan nan nan nan nan nan nan nan nan nan nan nan nan nan nan nan nan nan nan nan 2.0893135580317241384 1.9753733608240295894 1.9100332002654833996 1.83488350474813533 1.7494736359694269545 1.6244454089531141783 1.547241695390125571 1.532444375977586315 1.4660486043922562605 1.3194313053326942597 1.3107333397718525791 1.1337511720474731103 1.0393480545733566611 1.0249332357160403362 1.0558264131031920297 1.105474752626634416 1.1027476960878992429 1.1085746024193137149 0.88962579455078638624 0.85436927115149863265 0.66837723383836289415 0.54066847466566403391 0.6516479362325531266 0.89985139805745695263 0.75595920272329020229 0.77263294088396128334 0.83302624417657888944 0.88407724494194817044 0.93737949284345289946 0.80261255887537374942 0.70957588401870475003 0.64427373331963122549 0.5883874683309823217 0.5978832388324626379 0.62566466403245935002
nan nan nan nan nan nan nan nan nan nan nan nan nan nan nan nan nan nan nan nan nan nan nan nan nan nan nan 2.0308133508440699977 1.8629334359814393451 1.8118032837054189876 1.6783787180146114704 1.6468893004894646914 1.5979963958784355604 1.5469604545227242376 1.4908966223688464581 1.502526515660550066 1.4103103367397749057 1.3626921130788196557 1.1839158822405304594 1.2017121674755828487 1.1325165659330171941 1.0330136008968269223 0.88177052144487555463 0.92209842850810008752 0.9888494301514962892 0.92570095644133076895 0.890821269413730632 0.83632550033319597027 0.57544862279764730228 0.52996850041513998697 0.78578773560529802111 0.80176879748663210101 0.7010300225036505406 0.71413640523949362127 0.66102387278898555589 0.58121486454070581118 0.58800830473352383443 0.62369457810895134742 0.57455568732506168139 0.547928440283020457 0.5432008921577131666 0.54674997421443816137
nan nan nan nan nan nan nan nan nan nan nan nan nan nan nan nan nan nan nan nan nan nan nan nan nan nan nan 2.0755980284195554297 2.0023785193529723969 1.9245411667504772613 1.8073828636271567216 1.6954890069627039928 1.6319905551644944275 1.5883842415571154394 1.4903891665797388555 1.4449634087214799916 1.4907759717079882567 1.4718721777263834571 1.2839418280488095192 1.206077177949599788 1.0435798405451137683 0.96071699388726650159 0.87940748947031099902 0.84971787850441515833 0.88619177559502237962 0.86592088126898780764 0.78167381920122025463 0.75244482792478495359 0.56505721249081619639 0.49186187157882138576 0.58581346796607858263 0.65905483365461003942 0.59509899801329135816 0.55876697316824808226 0.36939248490942644398 0.61560567519455189345 0.66522035316994543308 0.59263426472686453472 0.53905447836493514124 0.49986886200012048409 0.46457529965343546952 0.46829372806025504339
nan nan nan nan nan nan nan nan nan nan nan nan nan nan nan nan nan nan nan nan nan nan nan nan nan nan nan 2.0294929676295030418 2.0600349983262784548 1.9862192584456368483 1.8547742710831249813 1.8045616714086356591 1.7110347784043016262 1.5604939127001622445 1.4620361380508015703 1.373112905807704065 1.4354893292953767592 1.5021708303470622248 1.367228517020021572 1.0268709788099017466 1.0378837144185573127 1.0486274117338156842 1.0105904827860294759 0.94369659794121352192 0.93740269469588755058 0.85012390609641086403 0.83133063367943893507 0.77699569618533703697 0.63871605035998313404 0.55170083255899782237 0.55040785868257491309 0.64179461596288278624 0.69924497782688455061 0.59087117903890473691 0.62140569492815500574 0.5965259918545031681 0.575770390255446185 0.56057355884101545129 0.52305218967892608273 0.46547775728498391734 0.42414961707965054272 0.43935399986037948494
nan nan nan nan nan nan nan nan nan nan nan nan nan nan nan nan nan nan nan nan nan nan nan nan nan nan nan nan 1.9164599567782056866 1.7984289006086873197 1.625715594435358069 1.6186286917283772002 1.7628455527639481648 1.8118427636481930776 1.6432079577323697173 1.4421331298180477543 1.3117761808722250283 1.3744205320559557126 1.4317999692352494367 1.1316322707874100217 1.018613497768690479 1.0937192644768038985 1.1240523088364466897 1.0972966525253569081 1.1062821481787037392 1.0201984742917893367 0.97512413425760979813 0.99084781334892524374 0.89465242743583661689 0.85097299153699912377 0.84256601815205156569 0.8791912194183003626 0.89531799778688525571 0.66077247654448312275 0.5916101640759874325 0.56782924380007704368 0.55778516487007911984 0.54010785799322469369 0.49924160551126256502 0.44589092999811086315 0.45680754754438557264 0.66566796469903355415
nan nan nan nan nan nan nan nan nan nan nan nan nan nan nan nan nan nan nan nan nan nan nan nan nan nan nan nan nan 1.8785358287674862598 1.7144450743100845269 1.6076760551312929692 1.5993537304411105104 1.7342740855457856597 1.7957029321236188668 1.6899630715433291428 1.2769910640918440414 1.2438474623695661148 1.3450397598642720443 1.3678183602672433494 1.1538614972368204104 1.060905638492597447 1.0639195602366315896 1.096296344225976549 1.0793181289261668532 0.95965512074743442028 0.94132342388506240471 0.98872525565873348175 0.93533543702453925128 0.816315146580256501 0.76252159774823058402 0.75141041411561027008 0.61409050963313682736 0.63711547572822535557 0.61959802178467648925 0.58107650462991089491 0.52870501049638896074 0.50571545342224188957 0.47975383214219874395 0.59369061006245549272 0.73506972369157341785 0.86804305602955433852
nan nan nan nan nan nan nan nan nan nan nan nan nan nan nan nan nan nan nan nan nan nan nan nan nan nan nan nan nan 1.9577822555215858014 1.7605894895133893385 1.4597186979189140654 1.4918639242770201925 1.5721945157862466935 1.6599711331950377513 1.7424034316242156262 1.6187506598687069204 1.3129680458829526835 1.195600122917120034 1.276733836585452142 1.3030538402993616653 1.2422417492430832819 1.0546401945443690806 1.0181806086468843109 1.1094552515674231952 1.0325145289880053312 0.93925643437239558775 0.91387009386498008201 0.88238834571624291669 0.83209105821166828854 0.81962760284911584385 0.82461758706017707077 0.65799574090801504767 0.64248609228514752534 0.60973499254732677066 0.5866076894924434626 0.56625003215919111899 0.63837189996192800212 0.82740504534562830941 1.0187588752221070632 1.0717136641211846282 1.0649579071630528304
nan nan nan nan nan nan nan nan nan nan nan nan nan nan nan nan nan nan nan nan nan nan nan nan nan nan nan nan 1.4977677494095866795 1.749356404805383125 1.5723326579069081266 1.3901481877680124111 1.4005126053768184313 1.4972261849830337255 1.592361804698475769 1.6498074880814113108 1.667215428975931113 1.5277368416585717092 1.2556692407773584197 1.1608182665723170146 1.3050224193991166732 1.330998581907027134 1.102725147873103051 0.92733339695624450449 1.061716567491787 1.1208261350545287716 1.0828569998148220854 1.0036812167564601594 0.94906794752900258683 0.89546807383486615173 0.85052783423795508266 0.6595663278032906085 0.61373010254609461356 0.59026968356604403443 0.57033033987141723564 0.6269692651786379356 0.80310062630604506229 1.0015524097032826312 1.1271303607206359931 1.1637052022144314112 1.2173553280558597756 1.2375566458252396096
nan nan nan nan nan nan nan nan nan nan nan nan nan nan nan nan nan nan nan nan nan nan nan nan nan nan nan nan 1.6059073096716749429 1.5433904315618858227 1.5489902042551271233 1.520843145351404635 1.4313911075623035885 1.4656798897254545988 1.5422584661394804773 1.6416076745656857927 1.7051554962901147583 1.6783978831791475095 1.4999684877389733995 1.3243268399961609649 1.3344199172741344483 1.3813521881003734126 1.1555956696324674038 0.97961204179585470442 1.0635499634986471662 1.1592097802848522203 1.192254479377271803 1.1398988646754875109 1.08638356256884272 1.0459728722875178963 0.9883378368743060971 0.78252599139885725688 0.66368121955677805701 0.72819167714172006178 0.93003018944707738225 1.0440996428866875512 1.1273876315703490469 1.2014561724890175931 1.2346284026105713849 1.290534705147283967 1.3490984836758108667 1.3969432421234675434
nan nan nan nan nan nan nan nan nan nan nan nan nan nan nan nan nan nan nan nan nan nan nan nan nan nan nan nan nan 1.8171276838744265802 1.5734783379030594652 1.6020092061252289017 1.5671090192093322102 1.5200373110509874941 1.4892860120109798761 1.5321467611802119801 1.6129088970048433005 1.656879637928513116 1.6462927753607967674 1.5366674138739362387 1.4156432720968015193 1.4906485795540223016 1.3936507216497822093 1.174915477632743066 1.1295339700738928901 1.1677490455580119555 1.1727136425486130999 1.0556928023224476654 1.0328944186439994457 1.0713889366850550822 1.1234077014421006702 1.1453143479552838624 1.2689829324483758999 1.3608714782810695798 1.3769208526752345634 1.3980959643608681375 1.389547010932470128 1.4322058869137799242 1.4076687501136679881 1.3777620385028281902 1.3565901531456074913 1.5869061479971058315
nan nan nan nan nan nan nan nan nan nan nan nan nan nan nan nan nan nan nan nan nan nan nan nan nan nan nan nan nan nan 1.8452316583207326595 1.6615541829863418322 1.6293970170165223976 1.6052804005020702149 1.5501139501447767088 1.471685028855587607 1.5017404984858171435 1.4781305134381395039 1.5042130067458285847 1.4170147894101323693 1.2961418716445516353 1.4060348317660522621 1.3395085445008305669 1.180068639898567362 1.1248943020909292212 1.1593027838744112135 1.1891321517186494994 1.117383947689573942 1.2186491891225226247 1.3149444511530263835 1.4005079994185285486 1.5020444862931516816 1.4775392870773598197 1.3382786385324783041 1.3977756916081598426 1.4734797838468016717 1.5247872492294194391 1.5416907889290403233 1.5366265652864610214 1.6126645768461067565 1.601092810254661547 1.3693771413591500075
nan nan nan nan nan nan nan nan nan nan nan nan nan nan nan nan nan nan nan nan nan nan nan nan nan nan nan nan nan nan nan 1.9187882504893341018 1.835943702860772575 1.7575055742658844959 1.7075476291884774671 1.6337972249852201756 1.507042301160697706 1.4389713068948182251 1.4553999245268907092 1.4429055382448925382 1.4581365447747811626 1.5347850944069663104 1.5526105328078350087 1.4987275376923614445 1.4751623350207527796 1.4667181294537903202 1.5172560369997052376 1.5324303289504579428 1.5285300273168132001 1.5089180585445214344 1.4558436829593464079 1.428835684685095142 1.4407462719362709169 1.4912986535059817861 1.5691568019465909067 1.5990289851152639233 1.6369260734907227217 1.675279020552983944 1.6915047574997394975 nan nan nan
nan nan nan nan nan nan nan nan nan nan nan nan nan nan nan nan nan nan nan nan nan nan nan nan nan nan nan nan nan nan nan nan nan nan nan nan 1.5878785142650504447 1.5442742164918523695 1.5620411103337703551 1.6021666570721415646 1.657591083311621194 1.7053145296293295008 1.7475088416096049571 1.7783728308547903652 1.7311918937362640314 1.6529010991002004438 1.5911436578180786494 1.5142588218864831973 1.4327191399850571774 1.4410277514227576301 1.396922026966046726 1.4466343193858195448 1.5451992725759011726 1.6411558768773748529 nan nan nan nan nan nan nan nan
nan nan nan nan nan nan nan nan nan nan nan nan nan nan nan nan nan nan nan nan nan nan nan nan nan nan nan nan nan nan nan nan nan nan nan nan nan nan nan nan nan nan nan nan nan nan nan 1.3591907822951552198 1.3858981239886765113 1.4408527320159818519 1.4650570584336810587 1.5500423810935610724 1.6246224900677095349 1.5223917700312108447 nan nan nan nan nan nan nan nan
nan nan nan nan nan nan nan nan nan nan nan nan nan nan nan nan nan nan nan nan nan nan nan nan nan nan nan nan nan nan nan nan nan nan nan nan nan nan nan nan nan nan nan nan nan nan nan nan 1.4139166431082101916 1.5451680852810185662 1.4890528665544406905 1.4872189343383686033 nan nan nan nan nan nan nan nan nan nan
nan nan nan nan nan nan nan nan nan nan nan nan nan nan nan nan nan nan nan nan nan nan nan nan nan nan nan nan nan nan nan nan nan nan nan nan nan nan nan nan nan nan nan nan nan nan nan nan nan nan nan nan nan nan nan nan nan nan nan nan nan nan
nan nan nan nan nan nan nan nan nan nan nan nan nan nan nan nan nan nan nan nan nan nan nan nan nan nan nan nan nan nan nan nan nan nan nan nan nan nan nan nan nan nan nan nan nan nan nan nan nan nan nan nan nan nan nan nan nan nan nan nan nan nan
nan nan nan nan nan nan nan nan nan nan nan nan nan nan nan nan nan nan nan nan nan nan nan nan nan nan nan nan nan nan nan nan nan nan nan nan nan nan nan nan nan nan nan nan nan nan nan nan nan nan nan nan nan nan nan nan nan nan nan nan nan nan
nan nan nan nan nan nan nan nan nan nan nan nan nan nan nan nan nan nan nan nan nan nan nan nan nan nan nan nan nan nan nan nan nan nan nan nan nan nan nan nan nan nan nan nan nan nan nan nan nan nan nan nan nan nan nan nan nan nan nan nan nan nan
nan nan nan nan nan nan nan nan nan nan nan nan nan nan nan nan nan nan nan nan nan nan nan nan nan nan nan nan nan nan nan nan nan nan nan nan nan nan nan nan nan nan nan nan nan nan nan nan nan nan nan nan nan nan nan nan nan nan nan nan nan nan
nan nan nan nan nan nan nan nan nan nan nan nan nan nan nan nan nan nan nan nan nan nan nan nan nan nan nan nan nan nan nan nan nan nan nan nan nan nan nan nan nan nan nan nan nan nan nan nan nan nan nan nan nan nan nan nan nan nan nan nan nan nan
nan nan nan nan nan nan nan nan nan nan nan nan nan nan nan nan nan nan nan nan nan nan nan nan nan nan nan nan nan nan nan nan nan nan nan nan nan nan nan nan nan nan nan nan nan nan nan nan nan nan nan nan nan nan nan nan nan nan nan nan nan nan
nan nan nan nan nan nan nan nan nan nan nan nan nan nan nan nan nan nan nan nan nan nan nan nan nan nan nan nan nan nan nan nan nan nan nan nan nan nan nan nan nan nan nan nan nan nan nan nan nan nan nan nan nan nan nan nan nan nan nan nan nan nan
nan nan nan nan nan nan nan nan nan nan nan nan nan nan nan nan nan nan nan nan nan nan nan nan nan nan nan nan nan nan nan nan nan nan nan nan nan nan nan nan nan nan nan nan nan nan nan nan nan nan nan nan nan nan nan nan nan nan nan nan nan nan
nan nan nan nan nan nan nan nan nan nan nan nan nan nan nan nan nan nan nan nan nan nan nan nan nan nan nan nan nan nan nan nan nan nan nan nan nan nan nan nan nan nan nan nan nan nan nan nan nan nan nan nan nan nan nan nan nan nan nan nan nan nan
nan nan nan nan nan nan nan nan nan nan nan nan nan nan nan nan nan nan nan nan nan nan nan nan nan nan nan nan nan nan nan nan nan nan nan nan nan nan nan nan nan nan nan nan nan nan nan nan nan nan nan nan nan nan nan nan nan nan nan nan nan nan
