results/rofental/snowdepth_month_2020-07-01T0000_2020-07-31T2300.asc
ncols        322
nrows        225
xllcorner    622802.488000000012
yllcorner    5178049.378999999724
cellsize     100.000000000000
[rows 120 to 149 of 225, columns 67 to 133 of 322]
nan nan nan nan nan nan nan nan nan nan nan nan nan nan nan nan nan nan nan nan nan nan nan nan nan nan nan nan nan nan nan nan nan nan nan nan nan nan nan nan nan nan nan nan nan nan nan nan nan nan nan nan nan nan nan nan nan nan nan nan nan nan nan nan nan 0.57897442614152527796 0.2579511535873113548
nan nan nan nan nan nan nan nan nan nan nan nan nan nan nan nan nan nan nan nan nan nan nan nan nan nan nan nan nan nan nan nan nan nan nan nan nan nan nan nan nan nan nan nan nan nan nan nan nan nan nan nan nan nan nan nan nan nan nan nan nan nan nan nan 0.81099103445886622232 0.46851728456099839271 0.18083416943883948158
nan nan nan nan nan nan nan nan nan nan nan nan nan nan nan nan nan nan nan nan nan nan nan nan nan nan nan nan nan nan nan nan nan nan nan nan nan nan nan nan nan nan nan nan nan nan nan nan nan nan nan nan nan nan nan nan nan nan nan nan nan nan nan nan 0.8874825510577227794 0.50219693600124737376 0.15737448141891502429
nan nan nan nan nan nan nan nan nan nan nan nan nan nan nan nan nan nan nan nan nan nan nan nan nan nan nan nan nan nan nan nan nan nan nan nan nan nan nan nan nan nan nan nan nan nan nan nan nan nan nan nan nan nan nan nan nan nan nan nan nan nan nan nan 1.1651493283981217974 0.75327759783128855897 0.17551394782492457658
nan nan nan nan nan nan nan nan nan nan nan nan nan nan nan nan nan nan nan nan nan nan nan nan nan nan nan nan nan nan nan nan nan nan nan nan nan nan nan nan nan nan nan nan nan nan nan nan nan nan nan nan nan nan nan nan nan nan nan nan nan nan nan nan 1.244337960612709626 1.3227498832744344348 0.98254453707544320284
nan nan nan nan nan nan nan nan nan nan nan nan nan nan nan nan nan nan nan nan nan nan nan nan nan nan nan nan nan nan nan nan nan nan nan nan nan nan nan nan nan nan nan nan nan nan nan nan nan nan nan nan nan nan nan nan nan nan nan nan nan nan nan nan 0.41232657292051050346 0.19258634504333374537 0.17081940302240999907
nan nan nan nan nan nan nan nan nan nan nan nan nan nan nan nan nan nan nan nan nan nan nan nan nan nan nan nan nan nan nan nan nan nan nan nan nan nan nan nan nan nan nan nan nan nan nan nan nan nan nan nan nan nan nan nan nan nan nan nan nan nan nan 0.26133397709915867635 0.32962384560123964006 0.10661150623407063265 0.014040866202681460961
nan nan nan nan nan nan nan nan nan nan nan nan nan nan nan nan nan nan nan nan nan nan nan nan nan nan nan nan nan nan nan nan nan nan nan nan nan nan nan nan nan nan nan nan nan nan nan nan nan nan nan nan nan nan nan nan nan nan nan nan nan nan nan 0.3575553573125929141 0.13327383766819236866 0.06679211026084641567 0.023863764075398131298
nan nan nan nan nan nan nan nan nan nan nan nan nan nan nan nan nan nan nan nan nan nan nan nan nan nan nan nan nan nan nan nan nan nan nan nan nan nan nan nan nan nan nan nan nan nan nan nan nan nan nan nan nan nan nan nan nan nan nan nan nan nan 0.61577491960035901641 0.19778791293747624569 0.059100104719109390616 0.087796141440584812843 0.043418496583195902161
nan nan nan nan nan nan nan nan nan nan nan nan nan nan nan nan nan nan nan nan nan nan nan nan nan nan nan nan nan nan nan nan nan nan nan nan nan nan nan nan nan nan nan nan nan nan nan nan nan nan nan nan nan nan nan nan nan nan nan nan nan 0.49089838699999233107 0.25724325162349520602 0.092183176751259338078 0.06885497610949252445 0.087928087212777755743 0.068012050460768719296
nan nan nan nan nan nan nan nan nan nan nan nan nan nan nan nan nan nan nan nan nan nan nan nan nan nan nan nan nan nan nan nan nan nan nan nan nan nan nan nan nan nan nan nan nan nan nan nan nan nan nan nan nan nan nan nan nan nan nan 0.95838022951724122223 0.35130869222871963231 0.19434296267657502622 0.079576262137246889239 0.041499274389230331184 0.018218316875760424273 0.027461966348518138809 0.010005390440036206548
nan nan nan nan nan nan nan nan nan nan nan nan nan nan nan nan nan nan nan nan nan nan nan nan nan nan nan nan nan nan nan nan nan nan nan nan nan nan nan nan nan nan nan nan nan nan nan nan nan nan nan nan nan nan nan nan nan nan nan 1.0050054886302546286 0.31419284356311166784 0.083142473193653129715 0.047431915810872644912 0.0030169651195236088168 0.00037556749025291372244 0.00031039128145609934297 0.00026186067406085464888
nan nan nan nan nan nan nan nan nan nan nan nan nan nan nan nan nan nan nan nan nan nan nan nan nan nan nan nan nan nan nan nan nan nan nan nan nan nan nan nan nan nan nan nan nan nan nan nan nan nan nan nan nan nan 0.63090354342565202472 0.66180192679514071585 nan 0.29496541325093200703 0.12684388186650727426 0.7977389499749489854 0.77782669730044784462 0.13230318997912754453 0.011958864292835482898 0.0025179274780529597305 0.000186421950321728221 5.2943059625379277711e-05 3.5757457944209683183e-05
nan nan nan nan nan nan nan nan nan nan nan nan nan nan nan nan nan nan nan nan nan nan nan nan nan nan nan nan nan nan nan nan nan nan nan nan nan nan nan nan nan nan nan nan nan nan nan nan nan nan nan nan nan 0.62323685890382174435 0.55295523621861242258 0.45109433447271496398 0.5887424047379427039 0.093461697752269631834 0.0080187134624474312727 0.13227855435004945428 0.11673608265016996444 0.10041564543648028029 0.00048101355986592643022 0.00023796622893633575472 4.2061866134227676283e-05 1.2088048256415465277e-05 5.4203330485632600057e-06
nan nan nan nan nan nan nan nan nan nan nan nan nan nan nan nan nan nan nan nan nan nan nan nan nan nan nan nan nan nan nan nan nan nan nan nan nan nan nan nan nan nan nan nan nan nan nan nan nan nan nan nan 1.0837946238914766273 0.61047301052658631271 0.2628138951511903576 0.11036840118647953113 0.068247068453360190676 0.00063324611817079082179 0.00043890958991732746588 0.0081418500671967351107 0.00046729101222659402736 0.00033301499966195474353 6.7068177851067724087e-05 2.5818332414837764552e-05 4.875572755303364761e-06 0 0
nan nan nan nan nan nan nan nan nan nan nan nan nan nan nan nan nan nan nan nan nan nan nan nan nan nan nan nan nan nan nan nan nan nan nan nan nan nan nan nan nan nan nan nan nan nan nan nan nan nan nan 1.3416099090955679873 1.1650507338287463543 0.38176291714643223463 0.042781399117273043176 0.0059438007394054586871 0.00052398991354650730889 0.00024306680202293930626 0.00018623323603676839532 0.00013177193994677450345 7.9833926710450489714e-05 3.8025517150708964187e-05 2.3964776935476633438e-05 9.4150862976687219475e-06 4.8499185584615174598e-06 1.0844447464887137103e-06 0
nan nan nan nan nan nan nan nan nan nan nan nan nan nan nan nan nan nan nan nan nan nan nan nan nan nan nan nan nan nan nan nan nan nan nan nan nan nan nan nan nan nan nan nan nan nan nan nan nan nan 0.85224838868964714056 0.30004402895714932242 0.59484650767440028218 0.089129356352378008577 0.036968665431989761183 0.036559951320049098589 0.0047114282675674084774 0.0002547582861122887031 0.00016774268363689264091 0.00012850335103639436932 7.8817404498247466051e-05 2.7222078753482421804e-05 1.5221519285271448911e-05 9.55912674958897677e-06 2.5522023742244237411e-06 1.2241935471870588169e-06 1.6634541319557701991e-09
nan nan nan nan nan nan nan nan nan nan nan nan nan nan nan nan nan nan nan nan nan nan nan nan nan nan nan nan nan nan nan nan nan nan nan nan nan nan nan nan nan nan nan nan nan nan nan nan nan nan 0.78064062848636728287 0.17817453894567272799 0.39536014131557989382 0.13694441745531807375 0.11311949515083548345 0.063221156029676914279 0.0089606438466781485053 0.00054730170948754644153 0.00014132696476141316843 7.7374675479963353638e-05 3.3195654471303333711e-05 1.1065712904954223275e-05 6.489278782047138409e-06 1.4975532418703925976e-06 7.354496024501042258e-07 8.5174333933581872345e-07 5.0015504870616902193e-07
nan nan nan nan nan nan nan nan nan nan nan nan nan nan nan nan nan nan nan nan nan nan nan nan nan nan nan nan nan nan nan nan nan nan nan nan nan nan nan nan nan nan nan nan nan nan nan nan nan 0.90822533136416105926 0.40422676930585565991 0.093331170964316020888 0.15728760695583426932 0.085403734706114231567 0.094690191688563657424 0.11054713433142597523 0.059214926075459042853 0.05295810662672315039 0.00013770379368362238408 5.3190361502567292003e-05 1.1033297233026625965e-05 2.5891479740127047295e-06 1.2966477347594496804e-06 0 0 0 7.8870012236371063451e-09
nan nan nan nan nan nan nan nan nan nan nan nan nan nan nan nan nan nan nan nan nan nan nan nan nan nan nan nan nan nan nan nan nan nan nan nan nan nan nan nan nan nan nan nan nan nan nan nan 0.69856771380236981628 0.74523734526087392904 0.42674982335837507996 0.1008502267748103004 0.071593585953941940581 0.027081512100955433542 0.001054232840336573546 0.0015770181588335304389 0.00027964926210565660154 0.00067121715569582580084 0.0076376983368695305909 0.0055962998395556011466 2.1770963365196236778e-05 2.6699649157018182034e-06 3.0232166132931382352e-07 0 0 0 0
nan nan nan nan nan nan nan nan nan nan nan nan nan nan nan nan nan nan nan nan nan nan nan nan nan nan nan nan nan nan nan nan nan nan nan nan nan nan nan nan nan nan nan nan nan nan nan 1.093681703599070909 1.0347445298602226949 0.64409522021825693638 0.28494791294516896851 0.072146508159877817401 0.048195069579263283277 0.00050248730487453623604 0.00029671511099955776534 0.0002634585231119636827 0.00015203717027855519379 4.7034808738175614491e-05 1.8667077812195237652e-05 1.3630587125643247174e-05 1.5295871938832109087e-05 4.4884288389652506735e-06 0 0 0 0 0
nan nan nan nan nan nan nan nan nan nan nan nan nan nan nan nan nan nan nan nan nan nan nan nan nan nan nan nan nan nan nan nan nan nan nan nan nan nan nan nan nan nan nan nan nan nan 0.9660852643800923456 0.75705839069416525078 0.81388782050159758086 0.52953894100969334247 0.091715412147339775428 0.098974065221835716422 0.058190372757316109753 0.0038860109646677337865 0.0011074951959368474833 0.0013116264062506867178 0.0012420436990835438413 5.8893889373229887962e-05 9.8647909443848224762e-06 4.3750415817208703517e-06 4.6710427796161585588e-07 0 0 0 0 0 0
nan nan nan nan nan nan nan nan nan nan nan nan nan nan nan nan nan nan nan nan nan nan nan nan nan nan nan nan nan nan nan nan nan nan nan nan nan nan nan nan nan nan nan nan nan 0.7720973657272569568 0.17474885192125952371 0.11772922556468860822 0.04225561703806016145 0.35293283708508504937 0.33200840607830317541 0.095893721592403571852 0.006434683126652769071 0.00024177737612771465331 0.00015207942190705579268 8.7030037179729603358e-05 4.345761263716295858e-05 2.1527135821256076196e-05 1.8559631063734592566e-06 0 0 0 0 0 0 0 0
nan nan nan nan nan nan nan nan nan nan nan nan nan nan nan nan nan nan nan nan nan nan nan nan nan nan nan nan nan nan nan nan nan nan nan nan nan nan nan nan nan nan nan nan 0.29207493414908586304 0.41667259270588591358 0.023643075668665625849 0.0017312348590201567713 0.00059395948121360403558 0.00036681601818523370704 0.090952857588653193699 0.32638335629783726821 0.023135859414265783074 0.00016908778225221954544 6.9616308899932697381e-05 3.7785800828669272933e-05 1.4766418846589558385e-05 1.7366121071322749984e-06 0 0 0 0 0 0 0 0 0
nan nan nan nan nan nan nan nan nan nan nan nan nan nan nan nan nan nan nan nan nan nan nan nan nan nan nan nan nan nan nan nan nan nan nan nan nan nan nan nan nan 0.65847221732520666571 0.33019475655454633145 0.068492272799007325457 0.12838147714991485215 0.087267521916987986219 0.0058159500220562529438 0.00029196700502528592433 0.00017150281968311286047 9.4268363931060322248e-05 0.0001738584074767270983 0.031659752286397502274 0.079124594148799479165 0.028352223766470754235 9.8259146347710719601e-05 3.7078981792107749624e-05 1.5468455771149555494e-05 5.8092274536654169717e-06 1.165864877094014114e-07 0 0 0 0 0 0 0 0
nan nan nan nan nan nan nan nan nan nan nan nan nan nan nan nan nan nan nan nan nan nan nan nan nan nan nan nan nan nan nan nan nan nan nan nan nan nan nan nan 0.010388264462432598642 0.060453065888204024492 0.16263917751726389427 0.0069710631634590661601 0.00072373820646409237935 0.023759638751477150931 0.025840277768856997204 0.00031530020228709220798 7.9517559687296065899e-05 3.8223007829988864508e-05 3.483831830242772404e-05 3.7289865130607521382e-05 8.2243811518141197699e-05 0.00088279568394574272662 0.020664121320929946385 0.028027777218406577792 0.0085170085331242838256 1.3668576636023076819e-05 1.4369229587410629996e-06 0 0 0 0 0 0 0 0
nan nan nan nan nan nan nan nan nan nan nan nan nan nan nan nan nan nan nan nan nan nan nan nan nan nan nan nan nan nan nan nan nan nan nan nan nan nan nan nan 0.0015516120410642606723 0.003881190850633733664 0.0026611591573079368227 0.0061149869969628250013 0.00021562810678816537666 0.00017852067914831936117 0.00011733563366681112146 0.00012302052626426461328 3.904753011997320845e-05 2.0637418972922733735e-05 1.1313156448336256771e-05 3.8491005958980038538e-06 4.3414640955002158871e-06 8.6044620324024252163e-06 7.9673122093085517269e-06 5.8122451326300525863e-06 3.8638931569637698885e-06 5.694215594140776104e-06 0 0 0 0 0 0 0 0 0
nan nan nan nan nan nan nan nan nan nan nan nan nan nan nan nan nan nan nan nan nan nan nan nan nan nan nan nan nan nan nan nan nan nan nan nan nan nan nan nan 0.031695341493738260485 0.0098228289210564884854 0.00037866465081181981903 0.00026211235855214961394 0.00015946647506629170574 0.00013079211876376880229 7.3841349999714404927e-05 6.6165685233958782051e-05 3.4545725851355050097e-05 1.8214798086277808717e-05 1.1680533422796529161e-05 1.2000930975588573097e-06 0 0 0 0 0 0 0 0 0 0 0 0 0 0 0
nan nan nan nan nan nan nan nan nan nan nan nan nan nan nan nan nan nan nan nan nan nan nan nan nan nan nan nan nan nan nan nan nan nan nan nan nan nan nan 0.50702811114683643545 0.14259812428498266912 0.022005333136884665246 0.00034764922169762667867 0.00047149461517992824781 0.00018773189236340442464 0.0001492498111927117782 0.00010565564085865526386 8.3946683663505865182e-05 6.0790586351314140456e-05 2.9423183638146399409e-05 2.1051480692649021003e-05 6.6456836783829038276e-06 5.2341771603686704053e-07 0 0 0 0 0 0 0 0 0 0 0 0 0 0
nan nan nan nan nan nan nan nan nan nan nan nan nan nan nan nan nan nan nan nan nan nan nan nan nan nan nan nan nan nan nan nan nan nan nan nan nan nan nan 0.91691803104174096628 0.47226920308052250386 0.086950548190543139326 0.0034585785788757254788 0.0013152982204905092154 0.00065599250997459531212 0.00016180635069103270702 0.00013498392922857877256 9.6062551576412747757e-05 4.8485172735291193267e-05 2.4426775347900449488e-05 1.4509774300917062164e-05 5.2980109526069963608e-06 5.5615759886259155989e-07 0 0 0 0 0 0 0 0 0 0 0 0 0 0
