results/rofental/snowdepth_month_2019-10-01T0000_2019-10-31T2300.asc
ncols        322
nrows        225
xllcorner    622802.488000000012
yllcorner    5178049.378999999724
cellsize     100.000000000000
[rows 54 to 80 of 225, columns 180 to 239 of 322]
nan nan nan nan nan nan nan nan nan nan nan nan nan nan nan nan nan nan nan nan nan nan nan nan nan nan nan nan nan nan nan nan nan nan nan nan nan nan nan nan nan nan nan nan nan nan nan nan nan nan nan nan nan nan nan nan nan nan nan nan
nan nan nan nan nan nan nan nan nan nan nan nan nan nan nan nan nan nan nan nan nan nan nan nan nan nan nan nan nan nan nan nan nan nan nan nan nan nan nan nan nan nan nan nan nan nan nan nan nan nan nan nan nan nan nan nan nan nan nan nan
nan nan nan nan nan nan nan nan nan nan nan nan nan nan nan nan nan nan nan nan nan nan nan nan nan nan nan nan nan nan nan nan nan nan nan nan nan nan nan nan nan nan nan nan nan nan nan nan nan nan nan nan nan nan nan nan nan nan nan nan
nan nan nan nan nan nan nan nan nan nan nan nan nan nan nan nan nan nan nan nan nan nan nan nan nan nan nan nan nan nan nan nan nan nan nan nan nan nan nan nan nan nan nan nan nan nan nan nan nan nan nan nan nan nan nan nan nan nan nan nan
nan nan nan nan nan nan nan nan nan nan nan nan nan nan nan nan nan nan nan nan nan nan nan nan nan nan nan nan nan nan nan nan nan nan nan nan nan nan nan nan nan nan nan nan nan nan nan nan nan nan nan nan nan nan nan nan nan nan nan nan
nan nan nan nan nan nan nan nan nan nan nan nan nan nan nan nan nan nan nan nan nan 0.15010335807113520112 nan nan nan nan nan nan nan nan nan nan nan nan nan nan nan nan nan nan nan nan nan nan nan nan nan nan nan nan nan nan nan nan nan nan nan nan nan nan
nan nan nan nan nan nan nan nan nan nan nan nan nan nan nan nan nan nan nan 0.18023175120010773154 0.13638823824366771986 0.081741791507426775354 0.096139911957296278477 0.12927096287690711951 nan nan nan nan nan nan nan nan nan nan nan nan nan nan nan nan nan nan nan nan nan nan nan nan nan nan nan nan nan nan nan nan nan nan nan nan
nan nan nan nan nan nan nan nan nan nan nan nan nan nan nan nan nan 0.1059348061901418947 0.080684463840639833454 0.080110869813671603534 0.081897198564021611578 0.073679209623219527048 0.063127342974710440315 0.058730489687887195427 0.074909352824600233811 nan nan nan nan nan nan nan nan nan nan nan nan nan nan nan nan nan nan nan nan nan nan nan nan nan nan nan nan nan nan nan nan nan nan nan
nan nan nan nan nan nan nan nan nan nan nan nan nan nan nan 0.19936645244838610558 0.099015793064558196845 0.067940040269662382855 0.060206496773034107184 0.0571798316850832683 0.058023359143008476635 0.061946616613882357627 0.063228832947642088502 0.051770605719082513074 0.046018868692279779609 0.051461326720518278666 0.065197208531191666592 nan nan nan nan nan nan nan nan nan nan nan nan nan nan nan nan nan nan nan nan nan nan nan nan nan nan nan nan nan nan nan nan nan
nan nan nan nan nan nan nan nan nan nan nan nan nan nan 0.16047435089108422201 0.1466055348906663558 0.096958616574199310567 0.071510885562806700277 0.0665707015647407363 0.062858187337138410333 0.057374593595248851718 0.054197445668444116373 0.056007059289464637686 0.052274481504700841261 0.0453979839457500714 0.041209132652096462646 0.041380620451800631532 0.050153731378699530075 0.10098014635769915481 nan nan nan nan nan nan nan nan nan nan nan nan nan nan nan nan nan nan nan nan nan nan nan nan nan nan nan nan nan nan nan
0.10887941762840394611 0.17678954335504662443 nan nan nan nan nan nan nan nan nan nan nan nan 0.1873086775923045455 0.17545228124862041752 0.12590907250782645832 0.090280708201071757646 0.075536988517296121959 0.072093663120788270549 0.068940194603668722428 0.061214192345492329794 0.057479026732722739157 0.054489572136802236213 0.050416206705248267639 0.046681429829282528043 0.042161770893341062039 0.040684722633750385057 0.043989843163607281196 0.055905264860876907607 nan nan nan nan nan nan nan nan nan nan nan nan nan nan nan nan nan nan nan nan nan nan nan nan nan nan nan nan nan nan
0.056981863326915620227 0.061237610757166188735 0.15522419762911007779 0.15637866701627517463 0.12965428455856747858 0.075219493522599670254 0.071236231833895879983 0.07357187311811058672 0.071395948312714799244 0.084787259176328594323 0.1684628954519528099 nan nan 0.077158434878241588528 0.076870292060494380126 0.12892928228938330126 0.1511235562615412531 0.12992462025827908323 0.12666781424139764156 0.12522864614083553669 0.069999954632754476935 0.056697604959716763062 0.054956753605385558203 0.055061510694498633223 0.053479661532024276582 0.050577021277644726438 0.045919777565493161142 0.040473792858346901991 0.039464299049348984527 0.047099143464509787838 0.056502351166847868125 nan nan nan nan nan nan nan nan nan nan nan nan nan nan nan nan nan nan nan nan nan nan nan nan nan nan nan nan nan
0.061759613698951006111 0.056949716738572582486 0.061066947740626244256 0.05564093491411428033 0.052064297205737027074 0.044650096077792682248 0.044286355260947429802 0.047974712978684948272 0.052671549823990512773 0.057557673813675699903 0.064276437794361679368 0.077778300119646454069 0.080332777149328793431 0.066109499421511633277 0.058419317707734758072 0.061409031000422206747 0.12679207315026380654 0.14035170036208677313 0.098516233291017663021 0.078212320031865179004 0.066971715965173247986 0.056907564860221401815 0.050240477702755470535 0.05261431788146285482 0.052343507432416704062 0.049149082989086094464 0.045639150833584003764 0.041244593248105580752 0.038875981131549983139 0.045800775679072369684 0.050385156449423797176 0.056679666620028296142 nan nan nan nan nan nan nan nan nan nan nan nan nan nan nan nan nan nan nan nan nan nan nan nan nan nan nan nan
0.060654662457049680901 0.059875051323321382135 0.056559910905562164884 0.044853369669451928492 0.042234048237340331144 0.042677083770067673896 0.045940895398779539593 0.049424450372949152444 0.050488817472195329783 0.049526118240245858848 0.051631748709546981813 0.058109583534512385117 0.072696161086669056073 0.060646845869587497069 0.05247655704387580583 0.054857161863843109662 0.097702076835959550394 0.14696420288541775512 0.11657479824654641554 0.083422594448571849024 0.068725965159397064963 0.061952258702808904456 0.055599674366161110084 0.051156579648744114619 0.049656912561983984622 0.046104203257999534782 0.042421264420242105198 0.038997614346247246042 0.036025476928366419183 0.041112095241392317135 0.041449985655055116007 0.046213397368733102888 0.050593799565357450154 nan nan nan nan nan nan nan nan nan nan nan nan nan nan nan nan nan nan nan nan nan nan nan nan nan nan nan
0.061986109642219094917 0.065730174690581413821 0.05658453300924397994 0.047149081335480194643 0.041836614621849441131 0.04202428713141240918 0.042192250167113143355 0.042648248505547318998 0.040700966242743046031 0.040747359168208908964 0.043485086146738537172 0.050813017919924929888 0.068754321291799577742 0.057438777378051149303 0.046931544453867796163 0.047078972146946562738 0.054778123167502398849 0.076861133814465909531 0.16373156054408410931 0.14735988278738487711 0.072502035596059472011 0.060933659024501825308 0.057721687816334112109 0.053153969080260168867 0.050015963074831290558 0.045312610514886164648 0.041719757874731921987 0.035982269331136691737 0.029966148140683483703 0.028147011128635882754 0.02429052562573098123 0.031059368320077419823 0.044459762973032335154 nan nan nan nan nan nan nan nan nan nan nan nan nan nan nan nan nan nan nan nan nan nan nan nan nan nan nan
0.059608933351311212123 0.075709254926444619072 0.065148669517928012307 0.047784286480985316281 0.043741258241934220796 0.040938498407659083822 0.038456573494865940732 0.038085677898415430664 0.039601897816983387679 0.041808003695535229938 0.043383048132568699518 0.046132682168315168603 0.048972388015573471709 0.048818920521698359882 0.042184463669178773326 0.04199785673435842831 0.045135703293095935651 0.046910010234320981271 0.059137078937373736831 0.15962372067229149697 0.15269239243485679958 0.091381725576316824577 0.061547816582701343757 0.052535192835153343704 0.048508606620828967348 0.041832550832125628415 0.037170135293978508184 0.032677886362107499973 0.027370916804665246236 0.021740688699118573129 0.015166714373615173064 0.017774799874521251403 0.029876256271533060266 nan nan nan nan nan nan nan nan nan nan nan nan nan nan nan nan nan nan nan nan nan nan nan nan nan nan nan
0.051200774461815083682 0.068697205463002092296 0.059839853755449590178 0.051024262585591825814 0.047022253654122624089 0.042980775714392814579 0.040824270857079673902 0.039876157421129591885 0.041162280644902987659 0.041707215257894163229 0.037692916115379310193 0.036732656866300866794 0.037996092153236481204 0.037706134954139471083 0.03797378708651340945 0.039435051198991086241 0.040504415087444615995 0.039939829546977279051 0.043079571550206141595 0.052717414170067158907 0.13294284646594761723 0.15101397728915560981 0.11749660414360116323 0.059318404919577245871 0.048083858513772094467 0.038715733009229487405 0.031904913566996068175 0.028586323389656605881 0.025595949480304348161 0.023565391242677508066 0.018141218349129819426 0.015753113835289114797 0.027261174394384257019 nan nan nan nan nan nan nan nan nan nan nan nan nan nan nan nan nan nan nan nan nan nan nan nan nan nan nan
0.059563904604540238164 0.070556173420054435486 0.059191545188589184123 0.054511468710232262314 0.050790916014874606943 0.047780919668370037956 0.043072237149164603609 0.038892481016221371048 0.037223268950914094322 0.037010384268143299569 0.032045346325502398199 0.027711959762266934887 0.028631369256235095905 0.031729575562661670174 0.034146856447074817875 0.036075029349765398712 0.037056374272544559401 0.03760299742909375964 0.038421856089268228984 0.040365161547866498792 0.044385657929361478635 0.048382830616451481809 0.077722959440143971066 0.083411365498597331292 0.053940312885740054893 0.036089626871634770955 0.026700564798152144619 0.022727441762450128343 0.021144427841227057124 0.021358936981189569071 0.019005740036125734482 0.010304320025689412896 0.013401896035280856309 0.028734700314003297494 nan nan nan nan nan nan nan nan nan nan nan nan nan nan nan nan nan nan nan nan nan nan nan nan nan nan
0.12532045424035612169 0.13911533514330742811 0.067604169769634125942 0.058506390072011055237 0.052273267522980969291 0.048263925616409041053 0.044022046652051144422 0.039212839891510850587 0.036858361091650533592 0.038195544381634666253 0.032669496690854407661 0.026490396080460297534 0.027367230639125769004 0.028886413100188915865 0.028474123047607515641 0.029136426874631696921 0.031279249961989136208 0.032909870778560557092 0.034575955208201884783 0.038196820611957997549 0.040496580515493714458 0.037983157407140900885 0.041887520616384163463 0.057335289247694556924 0.046878789218437653952 0.03410271332696556551 0.022767265407426934276 0.02013318124249693572 0.01607899263637412729 0.0085335903112738614729 0.0097314542274129396671 0.0078229459241908050338 0.0065331485421701472258 0.011624200881492519066 0.02530370188759606398 nan nan nan nan nan nan nan nan nan nan nan nan nan nan nan nan nan nan nan nan nan nan nan nan nan
0.13942788582591855717 0.15557814295046940023 0.1130442523908836705 0.064606436687544080422 0.058346252318643931911 0.051679045626354926102 0.046613879959476169079 0.039497180461314236599 0.034603146659844992439 0.033501093682530777573 0.029172933773182530004 0.02530495163873524439 0.025749234722429362177 0.025825042892867723643 0.024876770713728377921 0.022770216380833485648 0.025666107665634586149 0.026212932500841633343 0.026767046426300258183 0.031719013696085492093 0.036280857032587439381 0.034296208127260648102 0.034069216245787785347 0.04056330913448254194 0.044443762847768367164 0.030259300594883919294 0.019867360566375537323 0.018472229243873181798 0.013320707153194551869 0.0058047228673074411504 0.0050252320612437601996 0.0063184705773519254587 0.0059114357751451560019 0.0060378434513012786689 0.014118012352087415742 nan nan nan nan nan nan nan nan nan nan nan nan nan nan nan nan nan nan nan nan nan nan nan nan nan
0.061961772691646779809 0.16434942461308330031 0.15590902957479396695 0.11746695060440959235 0.090719470766966195385 0.057012453254510139788 0.044724043471562557883 0.039264595005949580464 0.034914583126457662821 0.032041846418043300193 0.028457618035553775698 0.024924390940270442496 0.023624156752819570892 0.024071993868022393409 0.02285689740175126175 0.01925718701812052791 0.018730396981053245437 0.019747648006441211738 0.019482020644486203187 0.023609536066589883324 0.030219961497108975557 0.031020130009370833896 0.029231677277664510489 0.028240072988284872085 0.028592932303686827145 0.029112981779720790987 0.014120969853351575743 0.010617478403473710677 0.010353236401407112446 0.0061186664201420227702 0.0045918480477060404435 0.0047359543050026582309 0.0054411083622282092886 0.0060620743903881018147 0.0077470960710148539102 0.019173343088736503198 nan nan nan nan nan nan nan nan nan nan nan nan nan nan nan nan nan nan nan nan nan nan nan nan
0.052335676254181222322 0.09395021710726260411 0.1674399948054027254 0.12795118783497763659 0.067600592653037167024 0.054371883335145143601 0.046498616041468418536 0.040702305333013819033 0.035848186091167945355 0.032664395571179005717 0.029077643237936524889 0.023140690810245272135 0.021915882459231161156 0.021889095105816068487 0.021633035768431868595 0.019703934688780313372 0.015453636246241327437 0.013887528681331409372 0.01337666205701015798 0.017723398032244729039 0.028031472022172081865 0.028552000716253252144 0.022953958381923118132 0.021068170517349108645 0.018626012109998420913 0.017172146440230441622 0.0079303076654696769143 0.0061088608369676026741 0.0062663734892670951496 0.0059901742626577219805 0.0052026207030944548668 0.0048378218951862219863 0.0057492295526597996663 0.007203719070472799392 0.010048589289703795807 0.018827935167937688565 nan nan nan nan nan nan nan nan nan nan nan nan nan nan nan nan nan nan nan nan nan nan nan nan
0.065443647458012454976 0.10070748607781360162 0.15841220794962782015 0.11425454868870216218 0.070979527034024533783 0.057233204940780456338 0.052166913814580904984 0.046781726776997191453 0.039072515695532744617 0.031610982694957157069 0.027176198773037212736 0.021086636851374046531 0.020397655211884632015 0.019694106508125020644 0.018394934758048826773 0.017226687666096193036 0.01574954241317718176 0.012151890869828875855 0.010355373397785909428 0.015286888063959171505 0.024061540387354918291 0.033294774800607634946 0.02421909521282312322 0.019505131708644270205 0.017656226779176144304 0.013824504334805176251 0.0082367031997643072594 0.0056173953742137579248 0.0052127556775554773419 0.0049132231758981228728 0.0053943104612786448721 0.0052762152001548968949 0.0059716695479587883488 0.0075648565711681327664 0.011378928190098010209 nan nan nan nan nan nan nan nan nan nan nan nan nan nan nan nan nan nan nan nan nan nan nan nan nan
0.052711386192622999847 0.068970853388884575952 0.1343777360786940489 0.10035249536388565761 0.075167614435727767019 0.06685674374052623381 0.06204223848319973672 0.056718608400277766013 0.044954577430858629061 0.031399551683257295731 0.026324968791759793818 0.020004688503583788889 0.018987459004130048668 0.019225759754003094587 0.016892265530119947997 0.014417804866914907258 0.015217976543560145924 0.012838013966247058609 0.0086990329886138632876 0.012632365043418259873 0.020129737962910169979 0.031742694033085890049 0.022533689400705343014 0.015531499140817233567 0.01174330113235723394 0.010009320886933925979 0.0086184551157799573623 0.0056829142059731481071 0.0045260938684180624172 0.0040251765908875221725 0.0043378820527477015417 0.0047021548889950911393 0.0064265722045213340835 0.0072553316642464289743 0.0093640599832387483303 nan nan nan nan nan nan nan nan nan nan nan nan nan nan nan nan nan nan nan nan nan nan nan nan nan
0.05150023508839875197 0.058986224397522435403 0.10494012088963669549 0.14833478501071420408 0.13407688074304924264 0.097630383565636746912 0.061133929530382116746 0.055865037909354355039 0.050151937331619059202 0.038938379656419483399 0.027796034084811901271 0.020518729931216131424 0.016841919566178951279 0.017734436158049059207 0.016949821324506793296 0.012271769701524404619 0.011446601663894788795 0.011421518523345474891 0.0079918056971404905636 0.0086847066462700760192 0.01563003168681404223 0.029048061790801545795 0.028642299144015320039 0.019750575642350085698 0.012046605629536012022 0.0078036894591032848409 0.0055430205124188140428 0.0041693627820358469122 0.0039364099424855567011 0.0035165605910344676331 0.0035689724283806019411 0.0041720117390284111591 0.0050294195148768254533 0.0052154717049498191747 0.0066575827724487564307 nan nan nan nan nan nan nan nan nan nan nan nan nan nan nan nan nan nan nan nan nan nan nan nan nan
0.065469673244936771317 0.055595687917607335138 0.054269582651854532396 0.066398157969611348861 0.056007905171343790041 0.04742142856019730679 0.041140753971764011665 0.039529853690060276494 0.036712119121452925496 0.035491745986473317853 0.03289576376846739536 0.024151727801709023391 0.018302257208082827605 0.015733045709721813626 0.016267182892903662289 0.012303287829244767895 0.0088586353696300263599 0.0090588308642512316987 0.010337413980243931322 0.0080032925093423655516 0.0080211031301089304874 0.017247354440482174504 0.02541256287543449538 0.017890777775527527682 0.0095579918819773800748 0.0078600820938201261534 0.0056716743251094339784 0.0042425722776470685405 0.0037460434795974148492 0.0035738443990263476201 0.0039254823328514713149 0.0043558408924124743591 0.0042912345438377375376 0.0042369515969148561704 nan nan nan nan nan nan nan nan nan nan nan nan nan nan nan nan nan nan nan nan nan nan nan nan nan nan
0.046385021265337236795 0.043445249258143546489 0.043921162261026797102 0.056753802959751048496 0.093443841882821399025 0.067038220760092429029 0.055008281095213419631 0.04547488551717107641 0.038074923089592108139 0.034271738447221977708 0.031438201557246935047 0.027930035296045825632 0.020697582524340143312 0.016787446165673538395 0.016238859105568957675 0.014021628378311506644 0.0091267562742665259146 0.0074671176584764865566 0.0085705320370666106949 0.0068025869550805782154 0.0065685384283778562586 0.0070425836741488901868 0.015770078121655841524 0.013013424242391090704 0.007614156938171424624 0.0065106298325389782775 0.0051107228869733322893 0.0039082102174186244062 0.0036161578726108946184 0.0038030745611912033545 0.0038126704264031625533 0.0035603605752399323375 0.0038943340228875466223 0.0042034631353717105337 nan nan nan nan nan nan nan nan nan nan nan nan nan nan nan nan nan nan nan nan nan nan nan nan nan nan
