results/rofental/snowmelt_month_2019-11-01T0000_2019-11-30T2300.asc
ncols        322
nrows        225
xllcorner    622802.488000000012
yllcorner    5178049.378999999724
cellsize     100.000000000000
[rows 58 to 86 of 225, columns 192 to 255 of 322]
nan nan nan nan nan nan nan nan nan nan nan nan nan nan nan nan nan nan nan nan nan nan nan nan nan nan nan nan nan nan nan nan nan nan nan nan nan nan nan nan nan nan nan nan nan nan nan nan nan nan nan nan nan nan nan nan nan nan nan nan nan nan nan nan
nan nan nan nan nan nan nan nan nan 0 nan nan nan nan nan nan nan nan nan nan nan nan nan nan nan nan nan nan nan nan nan nan nan nan nan nan nan nan nan nan nan nan nan nan nan nan nan nan nan nan nan nan nan nan nan nan nan nan nan nan nan nan nan nan
nan nan nan nan nan nan nan 0 0.032887921637418410237 0.69571453683013328995 0.013257639785826313625 0 nan nan nan nan nan nan nan nan nan nan nan nan nan nan nan nan nan nan nan nan nan nan nan nan nan nan nan nan nan nan nan nan nan nan nan nan nan nan nan nan nan nan nan nan nan nan nan nan nan nan nan nan
nan nan nan nan nan 1.1946948358023343761 2.5978101455698809907 1.8950065761084140536 1.1598814040813589799 0.93085151933376475419 1.8548403865071423358 1.4870561050078701104 0 nan nan nan nan nan nan nan nan nan nan nan nan nan nan nan nan nan nan nan nan nan nan nan nan nan nan nan nan nan nan nan nan nan nan nan nan nan nan nan nan nan nan nan nan nan nan nan nan nan nan nan
nan nan nan 0 1.8841147378613407604 6.7447570450150209354 7.4893443187605823752 6.2335184257498053029 4.0705734049980115685 1.8911939180293693141 1.145626105440494813 2.6125937820982945148 3.7281999289519389684 1.3817132908790541457 0 nan nan nan nan nan nan nan nan nan nan nan nan nan nan nan nan nan nan nan nan nan nan nan nan nan nan nan nan nan nan nan nan nan nan nan nan nan nan nan nan nan nan nan nan nan nan nan nan nan
nan nan 0.30073399952047397132 0.6845581805897644756 2.5054700421669195975 2.4309862456707138634 1.9723501502510785155 1.9360028094775652008 2.6761988517410628674 2.8373200254249013597 1.6645091359591124291 1.634956264760807354 2.9936780586395506099 4.8736658185941905685 5.1134725267181986297 1.2749651919518460996 0 nan nan nan nan nan nan nan nan nan nan nan nan nan nan nan nan nan nan nan nan nan nan nan nan nan nan nan nan nan nan nan nan nan nan nan nan nan nan nan nan nan nan nan nan nan nan nan
nan nan 0 0.028014886454352835865 0.24810164812756929642 0.60118284555845336037 0.32388434868320847837 0.2839592770007415834 0.28821284046924056099 0.70899775802123232715 0.80445852089162128706 0.75307909698058606018 1.0199064344173929264 1.7995149497665565708 3.5757017344722767938 5.2706170459592422972 3.7819307467252261112 1.0483278414110435151 nan nan nan nan nan nan nan nan nan nan nan nan nan nan nan nan nan nan nan nan nan nan nan nan nan nan nan nan nan nan nan nan nan nan nan nan nan nan nan nan nan nan nan nan nan nan
nan 4.744716184548345872 5.0027625439552991793 0.57402033092572901651 0 0 0 0 0.24652268829755388801 1.1981336440450001124 0.94060313635166337143 0.48171969465968789148 0.45070418651857369063 0.65652353138886310191 1.6345028538712551569 3.8364438193400118848 5.3729970603244652239 2.5284557352451537682 0.60873210657250964584 nan nan nan nan nan nan nan nan nan nan nan nan nan nan nan nan nan nan nan nan nan nan nan nan nan nan nan nan nan nan nan nan nan nan nan nan nan nan nan nan nan nan nan nan nan
3.1682727992218184809 7.268010394241117389 9.916344042991489971 5.2628650320891576797 0.015985500758730723792 0 0.035033673852848230823 0.39402035693772735625 0.46580070613420648806 1.0612995091653631974 1.6197444606484858731 0.78531828740821219004 0.56700421779405496547 0.88439030161045661949 1.3595390727791731855 2.4031960197506707644 3.6533056319621031172 2.4677031243214573308 1.2343251548244220661 0.26272335895357135094 nan nan nan nan nan nan nan nan nan nan nan nan nan nan nan nan nan nan nan nan nan nan nan nan nan nan nan nan nan nan nan nan nan nan nan nan nan nan nan nan nan nan nan nan
3.3711847643215171466 5.2885580673750398617 7.493623983458892468 5.0764266302780702844 0.063540246490995794248 0 0 0.21897389231629010853 0.28768835790417729426 0.19924249467078070097 0.49517577776039034543 1.0451823347305442269 1.1306972785233924128 1.4179250448392242134 1.6747345693036583825 2.2844957701972625763 3.8744494354958338711 3.1529243820294952094 2.7412662797876246046 1.1415028136491918165 0.35049983407034490668 nan nan nan nan nan nan nan nan nan nan nan nan nan nan nan nan nan nan nan nan nan nan nan nan nan nan nan nan nan nan nan nan nan nan nan nan nan nan nan nan nan nan nan
2.3717206266030927964 3.8350541707900971389 7.6149152087067681904 7.8741610079812671685 5.0728270757635751664 0.46697996933645702367 0 0 0 0.24068406162608640964 0.36217293821320445391 0.62011331822298576544 0.8528015645604447581 1.1512845710121271114 1.507490167734590214 2.585574405943998233 7.1843645282882944159 9.3802005834407591323 11.029304832033789197 5.4548901625348165112 0.77088528785992926906 nan nan nan nan nan nan nan nan nan nan nan nan nan nan nan nan nan nan nan nan nan nan nan nan nan nan nan nan nan nan nan nan nan nan nan nan nan nan nan nan nan nan nan
5.6076254912034197986 4.3311746502413743798 7.397625847076103156 8.2251134637679168549 8.7046031634188949511 8.6160257333610505981 2.5177194695357383303 0 0 0 0.041100624565201700211 0.52416000265221907028 0.71845659415263629644 1.7365123278060998757 2.1998482257162654818 2.9729756197874044332 5.5062007938263626272 7.9559002590124565657 12.334630193913598717 10.76418680642623471 4.4272239360681862053 nan nan nan nan nan nan nan nan nan nan nan nan nan nan nan nan nan nan nan nan nan nan nan nan nan nan nan nan nan nan nan nan nan nan nan nan nan nan nan nan nan nan nan
9.7538597584190149803 8.7119348458241940847 7.4659099896769527405 6.7487654436982813522 7.9565962834120815828 9.4247352214108417456 9.3944466782887836587 3.7910057581738660915 0 0 0 0.16543657091180918872 1.036163161845823133 2.2134072754543256956 3.2187465250123037386 3.8182980592926036856 3.6629568659694240473 3.3748263408643026651 6.1011629047742488297 8.0114790084582914176 3.3078958590285005847 nan nan nan nan nan nan nan nan nan nan nan nan nan nan nan nan nan nan nan nan nan nan nan nan nan nan nan nan nan nan nan nan nan nan nan nan nan nan nan nan nan nan nan
12.454452901946730492 9.3339478427585351739 7.8984514938754930569 8.1289428686105260624 8.0339741311911634369 8.2030230454728965128 8.9673250291130894851 9.3308283586279916477 7.1290919878378673502 3.4901584201054860479 0 0 0.28060777211117332586 1.9919116691985063738 4.4706415959749525868 4.8759581639575442225 4.8042529182657176534 3.9458660704345080994 4.831619267798548556 7.3344246111414825862 7.2302823256388837336 0.91771975146681350477 nan nan nan nan nan nan nan nan nan nan nan nan nan nan nan nan nan nan nan nan nan nan nan nan nan nan nan nan nan nan nan nan nan nan nan nan nan nan nan nan nan nan
6.3714494179021698983 6.9183573161955944641 8.2833172852877829939 8.6799601482653976348 8.1776580059676025058 8.4868740190458478168 8.4694822962716695969 7.2495051213302232895 6.2519142147741550986 8.7014658782948597349 4.6963035559472618985 0.53734814312151557569 0.97825471435901567574 2.1068466409291812802 4.3956197077009147023 4.9982159675197932458 6.3898194636345566622 5.4381986761419236487 5.1940840372530194813 3.1497636170918865695 4.3071040979162162898 5.7017637313899713902 1.1071376493194187152 nan nan nan nan nan nan nan nan nan nan nan nan nan nan nan nan nan nan nan nan nan nan nan nan nan nan nan nan nan nan nan nan nan nan nan nan nan nan nan nan nan
4.8867115751928054124 5.4984207211904916335 6.7243193448501505927 8.2012490934187454172 7.8344684295036559618 8.7216552339556052686 9.710149142316478077 8.6117453832669887959 6.0090411760879902658 7.4560500603926183061 8.4737093678602057878 3.0332390099200288169 0.99389400708304387333 2.3092751887489972873 4.0819450989069716584 4.7081666230097649617 5.9471441077815425658 5.2774871468381929773 6.2189207861054027759 2.53512370594160652 3.26032127056719645 3.5127449770642722449 3.4779375066170175046 nan nan nan nan nan nan nan nan nan nan nan nan nan nan nan nan nan nan nan nan nan nan nan nan nan nan nan nan nan nan nan nan nan nan nan nan nan nan nan nan nan
4.2835838923134446077 4.292425899612553053 4.788413782440717803 7.0475202807952630479 8.4129800628372741755 8.6173952186678732801 9.8975645226091568674 9.1280057699503771573 5.8387959871753958296 5.5438521016824973131 7.2803906400448230585 7.2924781622061320974 3.6780265785541681467 1.9241836130761542645 7.5776842135334128159 4.8125291129065184137 3.183521095691294267 2.4225475420217010836 5.0714521168259611983 4.5989280081436554326 2.34911330244375538 2.1217723875378076137 2.8117807245799930627 1.3595192994452942603 nan nan nan nan nan nan nan nan nan nan nan nan nan nan nan nan nan nan nan nan nan nan nan nan nan nan nan nan nan nan nan nan nan nan nan nan nan nan nan nan
3.9837026827610197977 3.9392687092862104237 3.6782029384528556193 4.6939038646006929767 7.186574911475815064 8.7787449133013986113 9.5234475239360687482 7.4656065933062079054 4.3867673717978110659 4.5634723333909859022 6.7922707546225131736 6.4446071905441568717 6.9147450640256744592 6.2364016142766836026 2.4421306566391192128 3.5708244694108470796 2.4368419140033488191 2.4322938113657484038 2.472356130996665069 2.4058308655329279091 1.9499603774039711013 2.3422082820727654351 3.8434509568178047978 1.4174070182033196019 nan nan nan nan nan nan nan nan nan nan nan nan nan nan nan nan nan nan nan nan nan nan nan nan nan nan nan nan nan nan nan nan nan nan nan nan nan nan nan nan
3.8373854796515090015 4.1066916710031629023 4.5717440966290050497 4.8129508270465226616 5.3468586627893284202 6.8709359708344894813 6.435284759780482311 6.8175964589377988645 3.9145144179338950963 1.4426681952181008572 3.4052994620859999841 4.7737639317493991697 6.0002983873363717748 5.5972076834583610605 2.5342453323902933704 2.6792673396498685179 2.7961202394465090038 2.7922045830167134817 2.3984330539992071429 2.1969257567722033642 2.1513880568513825686 2.8872987577011177684 3.908271919970776942 nan nan nan nan nan nan nan nan nan nan nan nan nan nan nan nan nan nan nan nan nan nan nan nan nan nan nan nan nan nan nan nan nan nan nan nan nan nan nan nan nan
3.6217830223646045873 3.7688760993916616826 4.5285986078373881014 5.1119737847531299124 4.39573128131458013 4.7953482613055236072 4.4726152737293647377 6.6844722452986413685 4.4050673864809191116 1.589475296201906751 3.4560677100312657828 5.5273517622955763429 6.018631689376095828 3.1398308567895578669 2.5765741809575533061 2.5734128164521083981 3.2077889848513456705 4.1345247341678215136 3.5392737472675213084 2.7515763276449241026 2.2471758742975085354 2.5975778784060370441 3.1890957767220640129 nan nan nan nan nan nan nan nan nan nan nan nan nan nan nan nan nan nan nan nan nan nan nan nan nan nan nan nan nan nan nan nan nan nan nan nan nan nan nan nan nan
4.1878568463263148303 3.8020017300902124724 3.7333509981842869507 5.1524238877383004009 4.8648471691149985929 4.5505682955423640834 2.4812213027911496077 4.7923275635204563017 5.7202720090079752779 1.4699198296144710962 0.88559503851125442875 2.1028261855825576276 4.9189412702459245352 2.5691912574080641996 2.9938901426766495462 4.4089993669227780515 4.5057066570231123492 5.382411325385251466 4.5156863097664521334 3.3404462526088098961 2.2634503533789080976 2.385113124904028048 2.1660287437073915129 nan nan nan nan nan nan nan nan nan nan nan nan nan nan nan nan nan nan nan nan nan nan nan nan nan nan nan nan nan nan nan nan nan nan nan nan nan nan nan nan nan
2.7886747877991844291 4.1256377277599751707 3.2440663627720089934 4.444683884704678789 3.9529886672636767031 3.7687247807372963315 4.4624254694205491845 3.2032156140109391274 4.8287339179046524507 5.5994991472806816546 1.7697798594042388753 3.0988462834071746066 2.9109124703290807368 2.3435411875357217149 2.7089965282398340563 3.1770558998153193286 4.1009174644346044758 4.0815366232971381777 3.6042143611022923189 3.0846887512290299682 3.3894280282357476253 4.0985158449019012394 nan nan nan nan nan nan nan nan nan nan nan nan nan nan nan nan nan nan nan nan nan nan nan nan nan nan nan nan nan nan nan nan nan nan nan nan nan nan nan nan nan nan
2.0365166353998485071 3.0153184980203033838 2.7741753262167576644 3.0757723604737998713 3.6752574800870392302 2.5415926563816175765 3.2694948645356260997 2.1994695872212060017 3.6271317334903421248 3.6908990336040674585 4.7286241361338383626 4.9582967218126388076 2.4837948898635331396 2.5596291246164737387 2.7525725166840886438 3.5428792657892564932 3.7507533070266911857 3.3754268478143774068 3.8218396170769581843 4.4543894048187118173 4.2939112236538532485 3.9027975319530643361 nan nan nan nan nan nan nan nan nan nan nan nan nan nan nan nan nan nan nan nan nan nan nan nan nan nan nan nan nan nan nan nan nan nan nan nan nan nan nan nan nan nan
2.0736364680290977347 3.5625427033683991773 4.8789550346694356975 4.2944857245825192038 3.7757937165040793559 2.1558455079171703339 2.34053286341288036 2.6445993394046234393 2.9274045285321688148 3.6687985983304240989 2.4228101481479056289 4.8501743343209273718 3.1862501598819576998 2.5290871977294679951 3.0926009255040343149 3.0668089085302021601 3.2588202260388117182 3.8493366007623786018 4.8345461420452053858 6.5378381490216046501 5.3512882155578287424 4.579924695745862806 nan nan nan nan nan nan nan nan nan nan nan nan nan nan nan nan nan nan nan nan nan nan nan nan nan nan nan nan nan nan nan nan nan nan nan nan nan nan nan nan nan nan
5.0875889518534123113 4.4323000289172265198 3.0424868011741867946 2.898628192891956612 2.4920408553015800379 2.2682500911509366759 2.653575114469295837 2.6935715388599561493 2.6841203747322373019 3.1196679890110758926 3.1868780409699604128 2.3832791213378818895 2.3957311729450929683 2.5472129317139842186 2.7754707878559519152 3.2212524102145270177 3.52923009537184873 5.4865169065353684985 4.9746987528389698952 6.483168790135742654 6.0233023627499733266 3.9873116558833072709 3.5648604525353779771 nan nan nan nan nan nan nan nan nan nan nan nan nan nan nan nan nan nan nan nan nan nan nan nan nan nan nan nan nan nan nan nan nan nan nan nan nan nan nan nan nan
3.9389350947061667618 4.0000369571315603778 2.7119094086925259468 2.775444765624599075 2.7164233732612932393 2.8647105881590699816 2.8679129387825161857 3.2078075147391063027 3.8713313900585473171 2.7988096598545508797 2.686034184863190788 2.8492709921634125081 2.7248434196942632468 2.7617208596017106537 3.0385623219545125906 2.1983660361612145095 2.5938401926346839055 4.3286171300450728694 4.6442799173333320084 6.4946387835054375515 6.8867421469297038783 4.9458641805234355715 3.8767615411279616744 3.4230225276545942492 nan nan nan nan nan nan nan nan nan nan nan nan nan nan nan nan nan nan nan nan nan nan nan nan nan nan nan nan nan nan nan nan nan nan nan nan nan nan nan nan
2.0957289972013430912 3.6782152878699507781 2.7313675730945501385 3.1231919311113793825 2.9062376801353484446 2.9740423531514235123 3.0979850070950858409 3.3575069168267615005 5.6336673550993001669 4.7068977189155347673 2.8716853611923114364 2.8677472562977626147 2.8067647044208769991 2.9405081720405283896 3.1837234946439845196 2.3876779836411090585 2.6085815039244391045 3.1779761521627047927 3.429426411571448341 4.6670059411992026455 7.4592414272138274356 4.6491727771778128542 2.8859398547249708322 2.7646493074706772752 2.6669643587739759738 nan nan nan nan nan nan nan nan nan nan nan nan nan nan nan nan nan nan nan nan nan nan nan nan nan nan nan nan nan nan nan nan nan nan nan nan nan nan nan
2.4293684820633636434 2.1490480540843868162 3.178136746448500638 3.8709223825512633077 2.9535842768367555067 3.30007713963598448 3.2600550052646717347 3.5688970715036409942 6.6657493516576051817 7.1684540958478795147 4.7336737136994253561 4.6055812524714543343 4.8053891462083910824 3.96113697327038361 3.033023144460399223 2.3389863800881656175 1.9341742979176799189 2.425355337809320222 3.9377530262123587868 4.1694278931022594747 6.4484329505110515868 6.0436083488216691961 3.7616454569134747388 3.648572281712103571 4.3542493485219102567 4.5375075949995133939 nan nan nan nan nan nan nan nan nan nan nan nan nan nan nan nan nan nan nan nan nan nan nan nan nan nan nan nan nan nan nan nan nan nan nan nan nan nan
1.0124781241654701169 0.76104515919004933622 1.5864860377419651716 3.7050067493600256086 2.8760244965825267904 3.0542934557852019495 3.7061268756736547303 3.9372883750078657705 5.3740788444019162995 7.7704177530768108184 5.7881608461170497293 4.5654359012656309247 4.8360451279142457892 4.6496241145791117333 3.5735977892292738467 2.3515036232080550604 1.7235734225618319915 2.4283907631858863141 4.9515026618942288295 7.4791602123168345884 8.4749360949311007829 7.2860266491957617063 6.3416290739435865476 5.5053122542846733012 5.4108376508362479029 8.3126071356684470004 8.2291814684137509772 6.5833370603151584177 nan nan nan nan nan nan nan nan nan nan nan nan nan nan nan nan nan nan nan nan nan nan nan nan nan nan nan nan nan nan nan nan nan nan nan nan
