results/rofental/snowmelt_month_2020-09-01T0000_2020-09-30T2300.asc
ncols        322
nrows        225
xllcorner    622802.488000000012
yllcorner    5178049.378999999724
cellsize     100.000000000000
[rows 56 to 83 of 225, columns 189 to 251 of 322]
nan nan nan nan nan nan nan nan nan nan nan nan nan nan nan nan nan nan nan nan nan nan nan nan nan nan nan nan nan nan nan nan nan nan nan nan nan nan nan nan nan nan nan nan nan nan nan nan nan nan nan nan nan nan nan nan nan nan nan nan nan nan nan
nan nan nan nan nan nan nan nan nan nan nan nan nan nan nan nan nan nan nan nan nan nan nan nan nan nan nan nan nan nan nan nan nan nan nan nan nan nan nan nan nan nan nan nan nan nan nan nan nan nan nan nan nan nan nan nan nan nan nan nan nan nan nan
nan nan nan nan nan nan nan nan nan nan nan nan nan nan nan nan nan nan nan nan nan nan nan nan nan nan nan nan nan nan nan nan nan nan nan nan nan nan nan nan nan nan nan nan nan nan nan nan nan nan nan nan nan nan nan nan nan nan nan nan nan nan nan
nan nan nan nan nan nan nan nan nan nan nan nan 3.6685269192079310585 nan nan nan nan nan nan nan nan nan nan nan nan nan nan nan nan nan nan nan nan nan nan nan nan nan nan nan nan nan nan nan nan nan nan nan nan nan nan nan nan nan nan nan nan nan nan nan nan nan nan
nan nan nan nan nan nan nan nan nan nan 1.6179660760312024603 2.7364757149071023967 4.522307901149545728 5.1916223899862474767 5.3235070017637049489 nan nan nan nan nan nan nan nan nan nan nan nan nan nan nan nan nan nan nan nan nan nan nan nan nan nan nan nan nan nan nan nan nan nan nan nan nan nan nan nan nan nan nan nan nan nan nan nan
nan nan nan nan nan nan nan nan 1.8603982830659124836 2.4278881441673658692 3.0888703934069727808 4.1101819064978810658 4.9560927819044442444 6.0123430742173926689 8.0509462754411469376 7.6246337208407295449 nan nan nan nan nan nan nan nan nan nan nan nan nan nan nan nan nan nan nan nan nan nan nan nan nan nan nan nan nan nan nan nan nan nan nan nan nan nan nan nan nan nan nan nan nan nan nan
nan nan nan nan nan nan 0.68693323066976075264 2.0808875334424294934 4.3953362155273580925 5.6970382618320192236 6.5626028678603045563 6.7540257577655857801 6.4839048774453704738 6.8195973297709144845 8.8085835697097305541 10.617452757229068894 10.0005039708717689 8.5705859686328835778 nan nan nan nan nan nan nan nan nan nan nan nan nan nan nan nan nan nan nan nan nan nan nan nan nan nan nan nan nan nan nan nan nan nan nan nan nan nan nan nan nan nan nan nan nan
nan nan nan nan nan 0.59866087451254890173 1.2456957610746670628 4.1667187589496483824 5.6125702633129446184 6.1922611586084652657 6.7206338154247386996 7.3890217439637151386 8.0130078524040442289 8.3634935733089985632 9.7234693582458771033 11.002926101914432877 10.042536811506735717 9.9813029535066597475 10.274735475910535598 7.6454875705782825435 nan nan nan nan nan nan nan nan nan nan nan nan nan nan nan nan nan nan nan nan nan nan nan nan nan nan nan nan nan nan nan nan nan nan nan nan nan nan nan nan nan nan nan
nan nan nan nan nan 0.53571411890828790625 1.1744067520550525163 3.5140590195858658618 5.7166397436263078902 5.8879340475990860071 6.4374257053032648557 7.1504484017239624549 7.7873274453157810271 8.7721052335959779356 9.8252499755911628654 10.786457623199707356 9.6359411935291952034 9.9390107050195588556 10.042112407880438241 10.745231809523868804 6.9905996321077443767 nan nan nan nan nan nan nan nan nan nan nan nan nan nan nan nan nan nan nan nan nan nan nan nan nan nan nan nan nan nan nan nan nan nan nan nan nan nan nan nan nan nan
3.7462783110862263314 1.3856402341804523459 nan nan 1.3785216047738391154 2.0014792059441570693 2.1304180336036697696 2.9009551308961452065 4.3513723495724461188 4.9379884010357129043 4.814102470966581393 6.5303859483564830057 8.7005892111886797835 9.4502930104585853854 9.9605256071426122588 10.521906754930061112 10.623621952506521637 9.486813492240422363 9.9343371293433726521 10.042447236273563504 8.6670264758788686521 7.9702704563823534301 nan nan nan nan nan nan nan nan nan nan nan nan nan nan nan nan nan nan nan nan nan nan nan nan nan nan nan nan nan nan nan nan nan nan nan nan nan nan nan nan nan
5.9070093348435017688 3.4873521756735770261 2.0718716912725185786 1.8138980082307181174 3.5819785879121948113 5.1459059730963883084 4.8686593793137822317 3.0009776868363657876 3.4246118703712729037 4.36148618253870346 5.1781264879958630587 7.10202777317479228 9.1332965425161134476 10.714709760003982453 10.419542971546746912 10.351846085159838395 10.462338077453486207 9.3369425294507646385 9.7339129311831129598 10.205301672575609828 9.3237846985513286313 8.8130174329594872518 9.0728002449939779694 nan nan nan nan nan nan nan nan nan nan nan nan nan nan nan nan nan nan nan nan nan nan nan nan nan nan nan nan nan nan nan nan nan nan nan nan nan nan nan nan
7.9982567317617023761 6.7601257897743725067 4.8069714567385117832 3.4423793802594966351 5.8272541485435551678 7.3826494409333420776 7.0844105414285625244 3.3705569029999766784 2.8125982502577513422 3.8893411410190559252 5.7659815846165436426 7.8388512732825228468 9.2889249077084006245 10.36968779771851068 10.517671223283588944 10.400476049092263864 9.1535994330012933062 9.4154034955275811569 9.7247341013673480603 10.24440024240827718 10.000642103974399788 9.9822007389697784419 9.6808713505046597447 9.6365544524051198749 nan nan nan nan nan nan nan nan nan nan nan nan nan nan nan nan nan nan nan nan nan nan nan nan nan nan nan nan nan nan nan nan nan nan nan nan nan nan nan
12.231396526448662598 11.005904498550046711 7.1075938835138030569 4.6413326988893919278 7.2601336560080547144 9.6823149886170796208 9.1688178572498397756 5.7256925140341472513 3.9847659169840339288 3.0593618851790598256 3.8651225996612739166 8.111876994671337826 9.9041506778687828927 10.624345397881620912 10.508116534336876313 10.362527644173878727 9.2080218841843688438 9.3800220636043416533 9.7832547730350007953 10.641678382701076799 11.086691471675186094 11.520131969866994837 10.191405424757745024 9.6008261555889280459 nan nan nan nan nan nan nan nan nan nan nan nan nan nan nan nan nan nan nan nan nan nan nan nan nan nan nan nan nan nan nan nan nan nan nan nan nan nan nan
10.686336811544746794 11.72197119624807371 8.5811665250494915114 8.5040546287350871069 9.8092216156522482606 11.721993469591101444 11.09304325578952799 8.4714134834688490372 7.6553517526406711369 5.5759787813008205859 3.3675796807352829099 4.459233362753512786 7.8655867141935633668 10.314450048997795051 10.679924264502899334 9.1244183592677448047 9.4257920949573890113 9.6706399071636539588 10.261965611256913533 11.338644295689716657 11.732023885384851525 11.734950326319161462 11.676093520625121513 9.6953154735134816633 nan nan nan nan nan nan nan nan nan nan nan nan nan nan nan nan nan nan nan nan nan nan nan nan nan nan nan nan nan nan nan nan nan nan nan nan nan nan nan
10.33213840034260933 11.348061205047809352 11.818149362675249847 11.289744368978682942 11.57703413568127182 11.171317701797622846 9.9344520219625795932 10.886761554685863373 10.763923752880975471 9.079243817994955279 6.4554593528447234974 4.2211915927117944491 4.4567739668725492308 6.020323466836217996 10.183381548618656964 9.5133054851924825357 10.172525191723003957 10.71608546722412747 11.305703052130965602 11.73399985932911882 11.758727227607417731 11.765102726399764066 11.727701287198962987 10.333892891561475835 nan nan nan nan nan nan nan nan nan nan nan nan nan nan nan nan nan nan nan nan nan nan nan nan nan nan nan nan nan nan nan nan nan nan nan nan nan nan nan
12.259469347024163355 11.895951287502093408 11.795644882617180471 11.844050436178186203 11.827553586651632145 11.977486351142863086 11.210087067230029234 10.653828582453165552 10.148654022279524511 11.053822813342730313 9.5750520060820694113 8.0874214147214225079 7.9297649348824412741 6.0697721033797540358 6.8470971045206789896 10.106192828692066144 10.587356774493690281 11.608689729589848127 11.688614737717914593 11.731423985305916347 11.756382386474637514 11.742692507671893765 11.823827833021518074 11.731177648442592698 10.69775885504206947 nan nan nan nan nan nan nan nan nan nan nan nan nan nan nan nan nan nan nan nan nan nan nan nan nan nan nan nan nan nan nan nan nan nan nan nan nan nan
11.980316602288693772 11.76185813858644913 11.848868045508313074 11.923497350771404157 11.761801301379406937 11.675650286895447039 11.698460495237474888 11.776130982086883137 11.424017555770236143 10.946444677893406805 9.2114126707465118216 9.9392763220938551427 10.677721784421446927 9.7383510532246102542 7.4077776541347724049 8.9758611929783551631 11.229548586829594115 11.507603660736586804 11.626666253415832486 11.762351184643520696 11.993898195437775911 11.858368088058380607 11.949455357129975752 11.95271202404141242 11.775790123336994597 11.076074503352902667 nan nan nan nan nan nan nan nan nan nan nan nan nan nan nan nan nan nan nan nan nan nan nan nan nan nan nan nan nan nan nan nan nan nan nan nan nan
11.767155988893765795 11.851688961452177651 11.920618014783451954 11.912948173988111122 11.859064944262133423 11.809238936584561586 11.746309598820756648 11.594825765046030241 11.588973856517778671 11.454214827955755851 11.076045265987451316 9.4812579411831148235 9.8157752201997912067 9.5116676956347099292 8.5246091660369405218 8.5391559970248600564 11.364366967497756988 11.492484778482774388 11.635405589130211723 11.843209553759820096 11.379331048919853586 11.327428858249017907 11.708332457394082127 11.716217815046601203 11.501952850378154736 11.525760243897620327 nan nan nan nan nan nan nan nan nan nan nan nan nan nan nan nan nan nan nan nan nan nan nan nan nan nan nan nan nan nan nan nan nan nan nan nan nan
11.747954669715962694 11.880273339545395217 11.972615272113426244 11.953847222307242504 11.851042858108307598 11.846468413507356132 11.891180405077840021 11.817865160319351858 11.67216895652438069 11.572220681370868789 11.412907261534398273 10.846959682396640545 10.266550038528993838 10.363323782923975713 10.481688383777481022 11.138817345932821468 11.013491580786874735 11.700373241534061108 11.769378656145505602 11.843984559867466899 11.442419613398552514 11.252028548934486452 11.371544348618916942 11.494386139780418787 11.543157758765774545 11.724764861252371162 11.172277306241934269 nan nan nan nan nan nan nan nan nan nan nan nan nan nan nan nan nan nan nan nan nan nan nan nan nan nan nan nan nan nan nan nan nan nan nan nan
11.699299152096743981 11.776611417339848842 11.962472903687675796 12.004528746086906565 11.916217169680301424 11.898017589174079589 11.915122360450848049 12.037954302713574251 12.046594960100003746 11.985596318397305993 11.547368486705964941 11.479213855982678183 10.73787552591553407 11.436609479034759218 11.374462235619365202 11.359779152658363799 11.483299867685849094 11.772998066043255605 11.519816891441323037 11.70075648785869582 11.690532348967574094 11.493825498421267994 11.310870642512711015 11.645105323116792917 12.121622499879631363 11.394844617625196292 10.82123181190940997 nan nan nan nan nan nan nan nan nan nan nan nan nan nan nan nan nan nan nan nan nan nan nan nan nan nan nan nan nan nan nan nan nan nan nan nan
11.676806941842984955 11.7786569376829231 11.949787918329564107 11.992594603844867862 11.938994477432723684 11.978497400275980311 12.08379768164606638 12.100891950996592428 11.996371318300521835 11.798521877562407667 11.713132073552317891 11.368173004388186342 10.196733408841483381 11.311587371999918261 11.304223243354854844 11.401532657758096434 11.63895949096041349 11.623678759613900624 11.488464965891328262 11.55471014805219454 11.384390976741757484 11.976371496822990181 11.866515314922061464 12.133220489728170577 11.882547615557369269 11.231066704573484216 nan nan nan nan nan nan nan nan nan nan nan nan nan nan nan nan nan nan nan nan nan nan nan nan nan nan nan nan nan nan nan nan nan nan nan nan nan
11.496106691788991583 11.760770781555423881 11.962649393220628369 12.030304205072534174 12.010124132712991951 12.093360613099362055 12.052195024731611639 12.049874960972168481 11.926167131668735877 11.659882784479160378 11.80691445174596943 11.328798431923408074 10.17256490925245771 11.211126135776344981 11.506579545810922127 11.560324290047223172 11.700445070786232193 12.099626905102436325 11.610720142266986343 11.248518394648174379 11.667436523434416173 11.690257513716922233 11.685258832349902036 12.304133202559746962 11.550902932391490907 11.070868991052698505 nan nan nan nan nan nan nan nan nan nan nan nan nan nan nan nan nan nan nan nan nan nan nan nan nan nan nan nan nan nan nan nan nan nan nan nan nan
11.430548934156778529 11.642157798905223842 11.924770023406539465 11.989619416603842339 12.04514487227248587 12.039467066149786234 11.94945191520691985 11.858244981644329386 11.802098188615596897 11.571014344192796841 11.657657264423329835 11.398671572482763636 10.596877615658177874 11.067985750588420046 11.351010727056612737 11.544407267080515567 11.884947906784342209 11.555764955109975034 10.903150848132053596 11.518519817406810191 11.330751139739785316 11.249441454511208249 11.501201717402640412 12.159069080575227062 11.872830031232847858 11.091791439578930323 nan nan nan nan nan nan nan nan nan nan nan nan nan nan nan nan nan nan nan nan nan nan nan nan nan nan nan nan nan nan nan nan nan nan nan nan nan
11.350368518081532798 11.47535521522062929 11.721251547940202187 11.901905441070780967 11.972117201739079562 11.988694563003010174 11.830353035498625047 11.636948711055008943 11.534309750686849938 11.706784283795787616 11.688660666562324053 11.712573995132553151 11.101652712251354416 10.992796156587280265 11.236165823926279828 11.569839529078569385 12.100959167808262862 11.821642059514221756 11.375679512451771558 11.191315794385433335 11.194597111375243159 11.190257853463428717 11.656941258175946174 12.028021983873765421 11.932958484518865205 nan nan nan nan nan nan nan nan nan nan nan nan nan nan nan nan nan nan nan nan nan nan nan nan nan nan nan nan nan nan nan nan nan nan nan nan nan nan
11.292004080047124859 11.399487796440292087 11.497922780738509374 11.836753707011530068 11.9029909717540896 11.904109321760012463 11.828265523058140829 11.56383534897713794 11.633185030401243409 11.637221660643003673 11.411389911963645716 11.416312981628713885 11.608786065213447358 11.085925197792116492 11.36130349392139216 11.860087407558463468 12.121952609452135263 11.578770650472035797 11.007346083015038474 11.137946347932043523 11.210758244798840977 11.358092575791497225 11.333350955097113655 11.755107563387330316 12.070308527793567777 nan nan nan nan nan nan nan nan nan nan nan nan nan nan nan nan nan nan nan nan nan nan nan nan nan nan nan nan nan nan nan nan nan nan nan nan nan nan
11.465059588230877452 11.314300216423706757 11.55863486821270314 11.76872279130030563 11.915444683277824467 11.679618428602072555 11.708069974391611012 11.655507384648446489 11.665603989887724623 11.601192893477369594 11.560563899746824745 11.569717866630195857 11.3283846283524543 11.455036898028966519 11.275973585568403124 11.732425080257625538 12.090640896545149729 11.498648472198711445 11.072660255038311305 11.100010499952954746 11.263349019209714541 11.28438442199378855 11.126166574525266029 11.369089208510288813 11.795302060108115327 nan nan nan nan nan nan nan nan nan nan nan nan nan nan nan nan nan nan nan nan nan nan nan nan nan nan nan nan nan nan nan nan nan nan nan nan nan nan
11.328857519317679703 11.284846841335388845 11.578293119724465399 11.380745433314004345 11.645791273812019284 11.504151185059582119 11.614563833343419574 11.666879685109915243 11.654975521578316844 11.650380444821832882 12.066295076292336219 11.5379869022798065 12.136090821850284982 11.975112814106131154 11.510777861911847708 11.847945688120328001 12.016076787982621354 11.592509752010865753 11.093843414172106066 26.866454963646880572 27.105902477932179551 27.303645517432958201 27.229846892456333052 11.093694099994355184 11.599788932083034965 11.625863350359919579 nan nan nan nan nan nan nan nan nan nan nan nan nan nan nan nan nan nan nan nan nan nan nan nan nan nan nan nan nan nan nan nan nan nan nan nan nan
11.268277030650041937 11.30064923426978396 11.609828113520604731 11.561792138683095743 11.443742360506981015 11.493199692862583916 11.455727393209611975 11.518805666900798101 11.555620144716513664 12.040710327070639707 12.054536058698417378 11.891999339813258629 12.149262496229347619 12.267826308929462797 12.178253495996322897 12.132041618363174962 11.972587991753426806 11.658161515582339263 11.132616542008667793 26.782881623892922818 26.878768433225996404 27.054967825731623066 26.961343711592153483 27.230010205399221235 11.385330150749874534 27.855998539359472232 27.64010280032184852 nan nan nan nan nan nan nan nan nan nan nan nan nan nan nan nan nan nan nan nan nan nan nan nan nan nan nan nan nan nan nan nan nan nan nan nan
