results/rofental/snowdepth_month_2020-09-01T0000_2020-09-30T2300.asc
ncols        322
nrows        225
xllcorner    622802.488000000012
yllcorner    5178049.378999999724
cellsize     100.000000000000
[rows 54 to 80 of 225, columns 122 to 182 of 322]
nan nan nan nan nan nan nan nan nan nan nan nan nan nan nan nan nan nan nan nan nan nan nan nan nan nan nan nan nan nan nan nan nan nan nan nan nan nan nan nan nan nan nan nan nan nan nan nan nan nan nan nan nan nan nan nan nan nan nan nan nan
nan nan nan nan nan nan nan nan nan nan nan nan nan nan nan nan nan nan nan nan nan nan nan nan nan nan nan nan nan nan nan nan nan nan nan nan nan nan nan nan nan nan nan nan nan nan nan nan nan nan nan nan nan nan nan nan nan nan nan nan nan
nan nan nan nan nan nan nan nan nan nan nan nan nan nan nan nan nan nan nan nan nan nan nan nan nan nan nan nan nan nan nan nan nan nan nan nan nan nan nan nan nan nan nan nan nan nan nan nan nan nan nan nan nan nan nan nan nan nan nan nan nan
nan nan nan nan nan nan nan nan nan nan nan nan nan nan nan nan nan nan nan nan nan nan nan nan nan nan nan nan nan nan nan nan nan nan nan nan nan nan nan nan nan nan nan nan nan nan nan nan nan nan nan nan nan nan nan nan nan nan nan nan nan
nan nan nan nan nan nan nan nan nan nan nan nan nan nan nan nan nan nan nan nan nan nan nan nan nan nan nan nan nan nan nan nan nan nan nan nan nan nan nan nan nan nan nan nan nan nan nan nan nan nan nan nan nan nan nan nan nan nan nan nan nan
nan nan nan nan nan nan nan nan nan nan nan nan nan nan nan nan nan nan nan nan nan nan nan nan nan nan nan nan nan nan nan nan nan nan nan nan nan nan nan nan nan nan nan nan nan 0.20993043223936766473 0.16446564745118830153 0.21449949063546441819 nan nan nan nan nan nan nan nan nan nan nan nan nan
nan nan nan nan nan nan nan nan nan nan nan nan nan nan nan nan nan nan nan nan nan nan nan nan nan nan nan nan nan nan nan nan nan nan nan nan nan nan nan nan nan nan nan 0.1869455585680117049 0.081963603304578677711 0.075244101624950446294 0.07727442448497084948 0.076176884115655277285 0.21658851540659801449 1.2532323204845809972 nan nan nan nan nan nan nan nan nan nan nan
nan nan nan nan nan nan nan nan nan nan nan nan nan nan nan nan nan nan nan nan nan nan nan nan nan nan nan nan nan nan nan nan nan nan nan nan nan nan nan 0.14393260867502791212 0.082807341171010351299 0.16281775264124337399 0.07527665826948451433 0.068574424796641719748 0.071934545686157758126 0.073584967123888650464 0.074229164339260980676 0.072401821171980712544 0.069737009560783477791 0.17932218759554874321 0.32486709382642531274 0.70724583332150670056 nan nan nan nan nan nan nan nan nan
nan nan nan nan nan nan nan nan nan nan nan nan nan nan nan nan nan nan nan nan nan nan nan nan nan nan nan nan nan nan nan nan nan nan nan nan nan nan 0.062719081110972726978 0.059437150327782940773 0.058426220028251978078 0.058608487062799460854 0.061666982845901746613 0.066159280266285078187 0.070585004275854970612 0.07276003977383781185 0.072134307839384723127 0.070359376441674573166 0.068974669206501706964 0.068137732659511229816 0.13606475984207358487 0.35985315560769509657 nan nan nan nan nan nan nan nan nan
nan nan nan nan nan nan nan nan nan nan nan nan nan nan nan nan nan nan nan nan nan nan nan nan nan nan nan 1.0996473896242950907 1.2325127312848336292 1.3850994721269669352 nan nan nan nan nan nan 0.079033213472401553368 0.061589464925166099996 0.058580430721921324111 0.057088999846678999128 0.056656268052547024971 0.057836256813842343294 0.060513165240875181616 0.063571594170297715531 0.068404383151549397191 0.070423637150050288902 0.06955866685611532263 0.067732412181797388429 0.066120097521464027412 0.065392695552559484962 0.17938734269398187715 0.66069572197683990034 0.46411923003797866949 0.47121470011222710284 nan nan nan nan nan nan nan
nan nan nan nan nan nan nan nan nan nan nan nan nan nan nan nan nan nan nan nan nan nan nan nan nan 1.0469990466799963258 0.27232296254794191581 0.13240238708558155212 0.072892287991530871349 0.06856676384388460388 0.069327147670776523292 0.075526768182823764142 0.90332948806114243823 1.0634752957925721617 0.48939876287681044476 0.070986118714986126688 0.066141816589623925182 0.057030917265731589927 0.056169423672109412837 0.056206019457559035224 0.056114750436509229503 0.056793179549370888248 0.057655167946166555049 0.05957908013983861939 0.062683012366836141083 0.064089107234621855991 0.065066594266118313317 0.063850025064454099533 0.063355525052150210574 0.064813397546247264458 0.24074439723889906606 0.29244392313023626073 0.20757862568890358967 0.17395113226472544432 0.30216413172406203502 0.33242210662382215558 0.38178329563241086841 0.87251019427680398532 1.0944522480452318902 1.9948233724203274786 nan
nan nan nan nan nan nan nan nan nan nan nan nan nan nan nan nan nan nan nan nan nan nan nan 0.17373814567099568618 0.1695066274487710134 0.26661526607837260361 0.072130853120399143763 0.067333699228008594972 0.065391753689528347993 0.063187214807168157193 0.064196183315413227199 0.064953001850390934546 0.065529846340118866332 0.2002557937451257819 0.073529955143551234409 0.058661568926797275081 0.056864222478105040659 0.055088569084323642244 0.054548079729773477076 0.054765964095254020261 0.054887053631302515355 0.054966362079159093723 0.054955410126775502966 0.054626727601328618766 0.057392136726036810379 0.058420788877753031254 0.060872849290865803373 0.061325405030899067527 0.061210548457187007043 0.070402896184427063431 0.2580440105194128364 0.18426600615989716103 0.15254876236732359263 0.080441506481551267038 0.15982678114288756399 0.1991532529126686657 0.30147504210007058933 0.40575764829468774497 0.4057246559352615245 0.40534671625775992032 1.6713426243500146828
nan nan nan nan nan nan nan nan nan nan nan nan nan nan nan nan nan nan nan nan nan nan 0.16259064288432045764 0.071359661588414807776 0.066958100373085846502 0.066693130784415993739 0.064126941652867225363 0.060854205113816069173 0.060078748438466375581 0.060404342359120871686 0.061402279634723375135 0.062157945451338035558 0.061338803085555310135 0.065804799746279382666 0.069441084571304670381 0.057010078711860513734 0.054658743623866211381 0.053655753021557797688 0.05357818527401898151 0.053573712386933411422 0.053691061388145638889 0.053486455115487149814 0.053368355524522938238 0.05286163804761209728 0.054856387932596388513 0.057574913460659439546 0.058846034960021879889 0.058764746381160123945 0.060411365747919790192 0.18079197165588375973 0.30495593606700172051 0.14824415984937949764 0.14032234220446851425 0.082737211733071192032 0.12311732143725426236 0.17063814327340703914 0.27204391658261622977 0.38035288030534769588 0.36573714546073698983 0.37130189843189392862 0.58961083095552713207
nan nan nan nan nan nan nan nan nan nan nan nan nan nan nan nan nan nan nan nan nan 0.62741855193644413546 0.13521095288884218966 0.067652486262366570702 0.065004603915657030444 0.061756815965847026983 0.059561017897607523852 0.058510296699597723336 0.058441589185251240079 0.058870307515301478762 0.059591509173491166718 0.059721310203793558091 0.058876276650517554712 0.057845894739988856781 0.056923284923267224167 0.053418410705531417515 0.052725059701122636846 0.052670128189009859931 0.052777149697645603377 0.052829009647100085012 0.05291962847055305813 0.052690446790052733461 0.052565260190682007446 0.052816336490004153759 0.053632974464592537978 0.055283235840938402261 0.056286994784278079895 0.056197993151968009262 0.062634752274871766109 0.19463547013743839886 0.076568103329769210408 0.077904088419671085886 0.07979675088291375562 0.08038643892069410879 0.081203870281020357202 0.12251599365963269928 0.22503521862159003852 0.32817766206536819196 0.33125174853901279137 0.34687678130970139856 0.30687342660620797741
nan nan nan nan nan nan nan nan nan nan nan nan nan nan nan nan nan nan nan nan 1.299253417454787618 0.14437484124279070796 0.071657279680722066328 0.067169654163326250607 0.063144240551412336715 0.060082585552841363818 0.058528952800306129067 0.057684939729062204017 0.057353901887121035152 0.057394123291368309703 0.057553083973639174165 0.057521634918275832415 0.056709901397951414936 0.054966712051054293642 0.052962374373248577442 0.051494224381365374943 0.051442285962090945894 0.051678226752813589961 0.05181536754309751247 0.051799473132015411148 0.051840455003074097096 0.051695435116906468531 0.051627070805354287331 0.051923170544063874943 0.052878320478662754756 0.053517827151483579606 0.053668179912475785787 0.054540521226305663238 0.067069709151579171014 0.077458094927951484654 0.063348792818407578809 0.06725012410423515663 0.070640141296715128205 0.074070617726072485176 0.077275911277211867256 0.078609851756974422066 0.12648380730821154327 0.27883826196640010275 0.31030185460005033082 0.46626784699557266567 0.22115672589333623677
nan nan nan nan nan nan nan nan nan nan nan nan nan nan nan nan nan nan nan nan 1.5599415307426978128 0.21380427992266939907 0.067711966317015440109 0.065255872035538828313 0.061307596806371912612 0.058361219253482039815 0.057604246410592828409 0.056824873540368199543 0.056345978824814166308 0.05628833354903276659 0.056272334248656775968 0.05556376233723570035 0.054392521372523407186 0.052850625667238498862 0.051393982421461176235 0.050474329044194243821 0.050317910330253373674 0.050337787547800848242 0.049976373728132773844 0.049655399960515538005 0.049735747201577168441 0.05049139640410563179 0.050828762063514880409 0.050815107021000081866 0.051626389795974302055 0.051985689013507155321 0.051759928394149758157 0.053821116815682558399 0.066630209523788050396 0.059995607783516473333 0.060493793971576635682 0.064342544654246713876 0.067807105501046224805 0.071119153967993758991 0.075080598817792026933 0.078277932367138425285 0.080496300443871141028 0.20156955743030319228 0.27450346655143026409 0.7699776927641869273 0.48786270687166433113
nan nan nan nan nan nan nan nan nan nan nan nan nan nan nan nan nan 1.78164791859880145 1.3030437252789284219 1.4640756156144789646 1.6343538727281361478 1.0677354883068672642 0.068853737604249037885 0.062964369962939206737 0.060207760156035489141 0.05755720647189561251 0.056745590957377640973 0.055906285170051847611 0.055337965427748145308 0.055077995618494593466 0.054824018460208956416 0.054008840367235806668 0.052944001689187593362 0.051726263831094868029 0.050494931852158239649 0.049512146827206685029 0.049018980842816022025 0.048427461056428602881 0.04778880582056159454 0.047430917877360492807 0.047990390968061416577 0.049181672263888906449 0.049931027165970143233 0.050000148052386984843 0.050282873286622571662 0.050730136873601533454 0.05094030354999248833 0.053393021667668627561 0.059452469885668345062 0.056060043348931130891 0.059417514360383311134 0.062334339341659404654 0.065689925545530561402 0.070097237577281715226 0.074885240951659437503 0.080142059130810627821 0.12460939947941022943 0.1468123332254090696 0.19985038898047674527 0.61328265309972729291 0.16627244213900019276
nan nan nan nan nan nan nan nan nan nan nan nan nan nan nan nan nan 1.1480405467343617332 0.85102005069726960329 0.65337502730843011189 0.87764071178520508543 1.4946682870224181627 1.0137483940961531381 0.063975405913998834029 0.060022762314935272643 0.057329800463226665563 0.055739912291932140753 0.055034979386389959455 0.054557904453888708685 0.054107674226339920465 0.05355757886213421276 0.052704028889000727187 0.051695047282179842907 0.050401352693919050652 0.049049090504361500531 0.04858578575690494783 0.048218101091612855513 0.047609582834043595589 0.047262643708236691531 0.047283796844468831133 0.047557653613303510487 0.04814209066343001775 0.048567021991169682937 0.048984107058782311306 0.049118951510198266552 0.04952801725912960723 0.050014691347053281956 0.053418010809189703236 0.055090640064633128459 0.05678432130974672698 0.059193876504137502015 0.061241925722406484467 0.061915030178310494213 0.066353782284843482175 0.072758262812986251866 0.078761984017991365503 0.12532900349147405028 0.15528163489158525179 0.20166637212634627718 0.67921443091147326587 0.122916523356303653
nan nan nan nan nan nan nan nan nan nan nan nan nan nan nan nan 1.2227770458515900831 1.2708658612490735251 1.2606610199839762831 0.88314306991776370115 0.32292418073249895549 0.58287471117502731577 0.9321853936147189712 0.069927929668409397057 0.061346504236421850464 0.057783235712069933032 0.054982938572008012434 0.054320403798632288517 0.053727194544979747781 0.053019281370314107205 0.052080662751324349746 0.050940159755109411244 0.050038470268711693345 0.048926209974668642688 0.047883959432405857892 0.047600346719883758484 0.047347722113650569931 0.046903233522009514511 0.046686311665171606466 0.046798079758800230354 0.046758430706290356194 0.046922040885965764223 0.047213945602590914885 0.047571959645598266286 0.047902413558235025504 0.048273442532045379716 0.048690632296500627185 0.050513149289286414512 0.053838338368602418893 0.056893666460784426964 0.058381694619838636617 0.060270113502164164576 0.060422127967443985119 0.06126971598893125176 0.062982877775239656803 0.076950974593421359038 0.16503329986808237817 0.23850740375416018546 0.77080557956626205574 1.3844935192135692237 0.30969846728501010391
nan nan nan nan nan nan nan nan nan nan nan nan nan nan nan 1.4530616125836011143 1.2551389044075100809 1.1889378436060227262 1.2579991777063395109 1.2705168594508478019 1.1344429818923273956 0.72090118865095886846 0.36934671306071076291 0.068517792714045372415 0.06214828062727075636 0.057986742174051968124 0.054363873800996179164 0.053621821081004182596 0.052917813855939785372 0.051899219963524562127 0.050531783505446500881 0.04922996585580263762 0.048481290564228209095 0.047725253432483245863 0.046848243822156798721 0.046482245606014591099 0.046301735995443085714 0.045805205936502356445 0.045874678800091280018 0.046013368437450054282 0.045859923687843751061 0.045557078091576219681 0.04582700740898512648 0.046212361496286859242 0.046899712352225411682 0.04729997374086889611 0.048397390680593919965 0.050598914331702632419 0.052969947822727389553 0.055735716683240142666 0.056092298566325554665 0.058482753192072092774 0.058754475424251419169 0.05913095949439293314 0.074597206508073832243 0.57399985870988012859 0.2451828964141086753 0.35069997965693366915 1.036994309252958546 1.6353578263539580995 0.7416982505395144365
nan nan nan nan nan nan nan nan nan nan nan nan nan nan 0.51280418478005806993 0.37159017303267205534 0.97494038728662124615 1.0190956612540913451 1.0059517842952880873 0.732774930062859986 0.63998802458925363457 0.90943973455959625785 0.8741483586664868799 0.070707057320421984326 0.060965337826116954012 0.057095611821518170437 0.054246278995310752424 0.053093400251169035886 0.052296524087122854552 0.050893339272581342159 0.049398228267361198041 0.048449449053072926596 0.047574733859939634384 0.046369305871851736189 0.045186260824037670358 0.044882378360305993925 0.045226261657569349905 0.045181813367933344738 0.045212280150920984567 0.045483389968435837536 0.045404246767958837683 0.044784934947039174713 0.044855943692348153318 0.045070703762460813391 0.045579515875234843936 0.046196274387662716876 0.047599436346549610366 0.049071466843533695368 0.052128003611200880718 0.054290427370825539155 0.054275635071790569175 0.056062351022377450438 0.056403528929012458626 0.061701956921910806886 0.13098295223362207973 0.15326873493897438805 0.1246711899484423125 0.13059916636232365983 0.30828787988912653706 1.6976147375382997229 1.5558582441195514257
nan nan nan nan nan nan nan nan nan nan nan nan nan 0.31365383803078722424 0.27167262002617620364 0.23192271052017193744 0.34172655284812386567 1.0088449364902523087 0.6539218625165795773 0.54586464970034909161 0.2369811544250932378 0.17598730460339725989 0.1353391925221076042 1.0342870852335206422 0.49689603556456801714 0.060896943803955723429 0.054121589578769481454 0.051991671047697217423 0.050924031204933169203 0.04946727761128891232 0.04826387868177800522 0.047367560189134579052 0.046460939726834647734 0.045332875064591188208 0.044192110317933852581 0.043599084964747195081 0.044085486183609162714 0.044317864334377309044 0.044435437653675233238 0.04446458821467928757 0.044498639289389504969 0.044090528472556997364 0.04407236114716046177 0.044284703300928644765 0.044675061532285606503 0.045413782594309747009 0.046174285245927058907 0.048039854034583516496 0.051159198477322954945 0.052477481465959936735 0.052875939231867626067 0.053608240692511445469 0.055115586836479504851 0.072103893656708634152 0.12866555996406389695 0.07143183922202013536 0.10924865787719009735 0.11732576859663863822 0.23116514424909159753 0.61689428525275125104 1.8306426550951697685
nan nan nan nan nan nan nan nan nan nan nan nan 0.74825006962166640267 0.25894504270951879121 0.21275078348567783015 0.17753312171072177517 0.21149666593861740638 0.78880158774314101944 0.24440644895152160987 0.21162827212384932585 0.16610460611467223191 0.15433077889190466303 0.071845161620501141186 0.06933147420723279053 0.066490880734607252234 0.063166613917423161673 0.056511672323436207277 0.049931229780141785091 0.04914048385303592531 0.048387963064368440247 0.047386265645064137852 0.046357966442331359491 0.044968964347104851964 0.044156348467189368567 0.043470349705538251228 0.04277274003623924431 0.042857677756134332503 0.043282452943482874197 0.043401308989203961353 0.043412288097316106827 0.043527606898119623746 0.043616961065918967433 0.043692896692719362939 0.043654275249626332822 0.044327828115350069449 0.045272253686086269542 0.046123306100172963007 0.047970394610829802939 0.049695454047673143227 0.050708320411050104848 0.051596516758254225288 0.051616386040129413892 0.053602770582981483505 0.058876493477149113853 0.062249404720746512321 0.067485851854453327014 0.070057331418714147153 0.06812991993809246194 0.27247256812424813788 0.75958914763051310626 1.7931802414181230443
nan nan nan nan nan nan nan nan nan nan nan nan 0.9454788471515619408 0.21481174551869278155 0.17418472259050374329 0.15737012367132335866 0.06943012890622855815 0.16484863869704163841 0.070629470616781139802 0.069140241951102715534 0.068235599178110895036 0.067932433026412081256 0.067462228458989387248 0.065110526992980671812 0.061866803470419243216 0.057813518991122456181 0.054314845461674601812 0.050796643322838994083 0.048509423957538211347 0.04778551874017795964 0.047079549389958376404 0.04579091413373345687 0.044383641962628395117 0.043446760178420203158 0.042489414641980915999 0.041307146637821548496 0.041199793415730212587 0.042207223419311733215 0.042413644279032450268 0.042435011161681385206 0.042643273161383207781 0.042971819633718856546 0.043083341887958002958 0.042841341488222203782 0.04388628790535708396 0.045154427869633341486 0.046243374794258759741 0.047626368219744211197 0.048783028307033855786 0.049822581358642328841 0.050403236478775731433 0.051181996245909168464 0.054150935240401931736 0.06067798985250524163 0.064035909061369980511 0.067773023109359814553 0.067672385592601205784 0.065913117381286856489 0.21308982166073001108 0.40142541162213368766 1.6282818317612846037
nan nan nan nan nan nan nan nan nan nan nan nan 1.1958769548151406692 0.19410775244752112578 0.15261982375383073562 0.069999701429485250426 0.067519267649373618245 0.065318136460197198656 0.065137458459122957177 0.063188862620968663797 0.063696186178977334813 0.063713038010409381307 0.06253577059492665402 0.061369712894194045072 0.059414162610660091468 0.056734643990168885652 0.054316887234072186441 0.051908208658876291153 0.049344391166353543388 0.047635919644171284548 0.046236484277767442297 0.045163440426517299786 0.043971806988704530139 0.042768011509493351896 0.041327162862134267374 0.039766553954446282049 0.039309617894771033131 0.04072708089045525004 0.041446867815573364136 0.041592752658952819589 0.041762959778885756779 0.042158748984274151128 0.042262131126206185783 0.04222811420622891998 0.043309692951258242644 0.044710293681186952242 0.04605162399829137998 0.046949200667093078654 0.048394217552015506012 0.049533906423592413693 0.050334053232685228851 0.052656432668487629378 0.054861763358240334121 0.058810586936659102475 0.06179959708177454325 0.064060302155506898547 0.066331867035765865181 0.10770937737172291138 0.19941706518800725312 0.35067145344804873108 1.1498103706064555229
nan nan nan nan nan nan nan nan nan nan nan nan nan 0.77259085396199211893 0.14744337190444459229 0.06838915061984206234 0.06561009186039505614 0.063058327843973319138 0.061611338840404879236 0.060692317685617787337 0.060097524455571392499 0.0605011661263572878 0.059769298214195652752 0.057579984584308220585 0.056192043609156493156 0.054629448999180832414 0.053026203346167977148 0.051019036359146098525 0.048829754309887611619 0.047249780989284409505 0.045705818756454449914 0.044336899027691660524 0.042857721044861026016 0.041590296916229861635 0.040418464386769430152 0.03936254901550613472 0.038846922065921669909 0.039410925313100531042 0.040177468618980360926 0.040627137483609000734 0.040879520896112638007 0.041239365010840967063 0.041488511976024294858 0.041692098604747644675 0.042285249551170162041 0.044083818320786304079 0.045664753287520239156 0.046281930110986829741 0.048085977104071371546 0.048986373334836075255 0.050830727449448685762 0.053522875109603060273 0.056577893232208194274 0.058723949186804763611 0.060351365703675004248 0.062102885389625640811 0.067473318480464936076 0.13387031060596968346 0.29154936550694554587 0.34315569623345026917 0.33943225359122008999
nan nan nan nan nan nan nan nan nan nan nan nan nan 1.0805868597152494814 0.36719562349032525139 0.069356056639146027032 0.06609384713248803167 0.062988130649870813227 0.060931508112603484373 0.05969156259993874114 0.058858040451210180688 0.057958031955832524373 0.057024991641810261755 0.055143930406871696781 0.053041149093962777772 0.05181505394410133164 0.05068154056562622356 0.048838156013635912467 0.046583060648235280476 0.045885980344258968378 0.045174736900013577612 0.043573061417794739514 0.042625714748031492962 0.040571383964405086098 0.039188218123699797291 0.038776561586406486926 0.038157992858377211276 0.037834595430259153337 0.038852987686825136981 0.039673097580223221081 0.039820589614701230874 0.039951715891805746061 0.040348834968530637723 0.040609790879573393063 0.040943811349292903723 0.042487998579333420557 0.044342301801521918914 0.045668390882177063717 0.047338206904581479895 0.047948303115390167317 0.048711919628647064318 0.050204253959044153888 0.054655033425838571437 0.058345745737602816572 0.062215863955301049792 0.06894828630921735757 0.12993242998734511051 0.2596972074058289115 0.21891015557323717511 0.18951768159997725571 0.20645954517992176624
