results/rofental/swe_month_2020-08-01T0000_2020-08-31T2300.asc
ncols        322
nrows        225
xllcorner    622802.488000000012
yllcorner    5178049.378999999724
cellsize     100.000000000000
[rows 116 to 144 of 225, columns 192 to 255 of 322]
0.0026440731091344443597 0.086044364969040901259 0.25788724440807070382 0.63277475874876287776 1.0694857382477367391 1.2954708393488449936 1.5271207326786802039 1.7412519248577520425 2.1659036310596868624 2.2745128183162712787 2.253083709523638678 2.1317905556551259849 2.0551669548358733053 2.0584715127227002363 2.092431553403642841 2.3446765574622667749 3.153579902444120453 3.7600589752000903587 3.3222914276136910061 3.3723813323368481143 4.0240316869655572418 4.7649344764956893528 nan nan nan nan nan nan nan nan nan nan nan nan nan nan nan nan nan nan nan nan nan nan nan nan nan nan nan nan nan nan nan nan nan nan nan nan nan nan nan nan nan nan
0.16191976962013790442 0.43171424949030984264 0.70803695330425364673 1.2107235670348086565 1.5143563523949303828 1.7036032194055508171 1.8886709119537281598 2.065020393483420591 2.203792250485690829 2.4982626869013024873 2.3902613305355639994 2.3352714706281165746 2.2695385256604967417 2.2279453807814535438 2.2594748405245455025 2.5246437521455411535 3.2293876812966799683 4.529652461610250036 4.5401898317426105933 4.2542586619951627824 5.6521312050009173689 nan nan nan nan nan nan nan nan nan nan nan nan nan nan nan nan nan nan nan nan nan nan nan nan nan nan nan nan nan nan nan nan nan nan nan nan nan nan nan nan nan nan nan
0.55844652069655276172 0.93376543169142123269 1.2872269866484129519 1.5754910975704929932 1.7526893229787905426 2.0147218254678325167 2.131764268585026656 2.4080896213102884751 2.5072123182611227854 2.5488301526507912698 2.5683005189675296442 2.5556383407409262176 2.4729167155335058936 2.3756589893351218734 2.4659461797308033226 2.8327132474912177784 3.4338407512288555701 4.6064440627463429934 6.7334243107808031681 6.8573909077490933228 nan nan nan nan nan nan nan nan nan nan nan nan nan nan nan nan nan nan nan nan nan nan nan nan nan nan nan nan nan nan nan nan nan nan nan nan nan nan nan nan nan nan nan nan
1.1146777901605733341 1.4097701112759510877 1.5954957865377719095 1.8217342475972722049 2.0557195896873552421 2.1618655359538170302 2.4325720425926746771 2.6203896449744767949 2.6136570921293427183 2.6036455921617891462 2.6899866520007837956 2.6619586057772894883 2.6146970924275598769 2.5341459275896167647 2.6606714089112140087 3.1529996776577222661 4.0594750751358414931 4.8907112323527206499 11.501753581490055112 nan nan nan nan nan nan nan nan nan nan nan nan nan nan nan nan nan nan nan nan nan nan nan nan nan nan nan nan nan nan nan nan nan nan nan nan nan nan nan nan nan nan nan nan nan
1.5762562324832580796 1.6710232598212797495 1.8681502232481925763 2.0606172400384483723 2.2078566907477905623 2.5694889601343184893 2.724384695637700915 2.7245923149757453885 2.6423187708408555352 2.6531784339681507845 2.7990016863845523787 2.7789523612284310339 2.8007809680393780383 2.7195734777810254279 3.1427499464087174097 3.8267289503162538189 4.1334125947336275431 7.4483348410843275289 41.953346372832278632 nan nan nan nan nan nan nan nan nan nan nan nan nan nan nan nan nan nan nan nan nan nan nan nan nan nan nan nan nan nan nan nan nan nan nan nan nan nan nan nan nan nan nan nan nan
1.8246901710506775451 1.9720176741402546394 2.087072114280562829 2.2656672088876304016 2.4716027369520383594 3.2041880919985548104 2.8436715945332173838 2.7937997198460071679 2.6775881540008774628 2.6675156898735274957 2.8561561370103443203 3.0310155446958844117 3.1173153376570419404 3.0308252787651470683 3.4406379653307372912 4.234628956834249891 4.774754952364681948 10.158461423090809461 220.35580322761194338 nan nan nan nan nan nan nan nan nan nan nan nan nan nan nan nan nan nan nan nan nan nan nan nan nan nan nan nan nan nan nan nan nan nan nan nan nan nan nan nan nan nan nan nan nan
1.9979742713159753809 2.1339160208582947931 2.3044017598553989679 2.5705393449434903452 3.0771549514525506908 3.5028752828353244553 2.9304811156740773193 2.9062004536854026959 2.7313627850477466552 2.7984902877753663475 3.1319314916116742786 3.2377927350179551702 3.2546974339871383997 3.3362308324655014502 3.6153444108028698345 4.643516019859109889 6.9566920065567936504 14.371580300441195277 29.813479947378436208 nan nan nan nan nan nan nan nan nan nan nan nan nan nan nan nan nan nan nan nan nan nan nan nan nan nan nan nan nan nan nan nan nan nan nan nan nan nan nan nan nan nan nan nan nan
2.1041312043288047384 2.3187878791778824272 2.5005924107423878056 3.0388964670802094403 3.6080896526314796269 3.4113120143060036149 3.0857695557171997969 3.0819186903230000318 3.0642105649583784022 3.3664217509388199012 3.4860798173740823458 3.4940319039987381977 3.4660057795016494531 3.6168728512654033658 3.6678421825690956659 3.8385471179873578151 4.2926457496771615041 7.8799931947685859512 21.973809675893576809 nan nan nan nan nan nan nan nan nan nan nan nan nan nan nan nan nan nan nan nan nan nan nan nan nan nan nan nan nan nan nan nan nan nan nan nan nan nan nan nan nan nan nan nan nan
2.2302169111185423667 2.4527398402087290386 2.9249115639893554786 3.7070044319022357193 3.8984767118003467168 3.4647353193432035567 3.2335901298406244386 3.1391671389070148201 3.3279944528721134844 3.4751434580283442344 3.582181031255412762 3.5743720227834647751 3.5127194581528229378 3.6423316544594612765 3.8564811147318147633 3.775800589525309725 3.9743286251431286793 7.3827023803407358926 18.751705784749052697 nan nan nan nan nan nan nan nan nan nan nan nan nan nan nan nan nan nan nan nan nan nan nan nan nan nan nan nan nan nan nan nan nan nan nan nan nan nan nan nan nan nan nan nan nan
2.3781930882917756698 2.6200623193109744413 3.2505642399156795541 3.9184070393703840374 3.7803289734574025971 3.7077948486314795673 3.5012171160902063605 3.4823116564461513711 3.5622015351316225207 3.6324608291688593731 3.6885229242373309688 3.6288834438234878199 3.5778415702878776372 3.7539479301861500282 3.9138269691486904378 3.9692912220130698309 3.9192452464854112826 7.9157674666896475912 18.730805940572718526 nan nan nan nan nan nan nan nan nan nan nan nan nan nan nan nan nan nan nan nan nan nan nan nan nan nan nan nan nan nan nan nan nan nan nan nan nan nan nan nan nan nan nan nan nan
2.4948503059503144286 2.9072306676828998384 3.4971612147467601162 4.7529984001071170496 3.9180950590076935036 3.8186796126673168139 3.776020908027059253 3.7380408720751856499 3.7184589641046401631 3.7499294682203405671 3.7465084274030444611 3.6842286578805572006 3.7352937726649226846 5.1618733027749614806 4.1303909994384930826 4.2073712667402158871 4.194068580375960309 7.0454451726952669333 nan nan nan nan nan nan nan nan nan nan nan nan nan nan nan nan nan nan nan nan nan nan nan nan nan nan nan nan nan nan nan nan nan nan nan nan nan nan nan nan nan nan nan nan nan nan
2.6116336092201413166 3.0436054891597019711 3.430513460026625161 5.352520843944573059 5.674220686637257316 3.967859489618670743 3.9313547979215206496 3.8748126484885583309 3.8239543444621286739 3.7969976118760389028 3.7866856027547703967 3.7580234961976715091 3.8999346509005801131 5.7666688317323453461 6.27549607202733295 4.6596936340645012109 4.6816882002881996527 8.7330479110190140091 nan nan nan nan nan nan nan nan nan nan nan nan nan nan nan nan nan nan nan nan nan nan nan nan nan nan nan nan nan nan nan nan nan nan nan nan nan nan nan nan nan nan nan nan nan nan
2.777165757372458188 3.4846608449891824932 3.8338831646448543466 6.4462788287099783702 5.5669353279330762163 4.3424925160784448863 3.9805116434956526739 3.9151306428063863407 3.8358069260533032008 3.806158623222303472 3.8021680464964053847 3.8019373940264773459 3.9366443178474801456 4.6035453034857720667 7.7973983642459510079 7.2340556048840509717 7.8497325622337896789 12.815244339006822472 nan nan nan nan nan nan nan nan nan nan nan nan nan nan nan nan nan nan nan nan nan nan nan nan nan nan nan nan nan nan nan nan nan nan nan nan nan nan nan nan nan nan nan nan nan nan
2.8251719025164478971 3.3630327855817485627 3.935583860081037777 6.528180652279154117 6.2352668426067809904 4.3995045297233863479 3.9570103899175497197 3.8912664698706471711 3.8089128742846551923 3.7973397522756640043 3.786323076027418022 3.8438608510318332812 4.0422198877946771134 4.5305204187961782836 9.0566569454345824397 87.623566854700840167 nan nan nan nan nan nan nan nan nan nan nan nan nan nan nan nan nan nan nan nan nan nan nan nan nan nan nan nan nan nan nan nan nan nan nan nan nan nan nan nan nan nan nan nan nan nan nan nan
3.0018761104610787172 3.3666676521624143703 3.7764202080689122099 4.5071428769777650558 6.7897852876429434232 5.8708188506340626134 3.9955864855613101305 3.9438139811149031111 3.8544212747302100119 3.7836842915509047991 3.8075514611739667004 4.404723311492605653 4.5107330325347971822 6.408902769995191484 11.066223220943166794 nan nan nan nan nan nan nan nan nan nan nan nan nan nan nan nan nan nan nan nan nan nan nan nan nan nan nan nan nan nan nan nan nan nan nan nan nan nan nan nan nan nan nan nan nan nan nan nan nan
2.938030580884430254 3.0605529514477494146 3.2999554000569819578 3.8017797700775068925 7.237692541947538416 6.5956759218323384175 5.9988740377732190368 4.3483676139075040368 3.9666164072642642324 5.890704713369970591 88.500336480864262967 7.2359229435707002054 6.6399384460114783124 7.6109881878841711966 nan nan nan nan nan nan nan nan nan nan nan nan nan nan nan nan nan nan nan nan nan nan nan nan nan nan nan nan nan nan nan nan nan nan nan nan nan nan nan nan nan nan nan nan nan nan nan nan nan nan
2.8985455637627932646 3.0007036557559336742 3.2730594228737941442 3.7457590259443604985 6.8914062539974692001 7.4858456068473682166 6.9951642717378739178 6.7615023725516616437 6.8918696403667158989 nan nan nan 7.5721952964172531964 nan nan nan nan nan nan nan nan nan nan nan nan nan nan nan nan nan nan nan nan nan nan nan nan nan nan nan nan nan nan nan nan nan nan nan nan nan nan nan nan nan nan nan nan nan nan nan nan nan nan nan
2.8518991525391008679 3.0811478184896805566 3.37607436617563339 3.8508195943294007968 7.3235015976619388667 134.34445174687493818 nan nan nan nan nan nan nan nan nan nan nan nan nan nan nan nan nan nan nan nan nan nan nan nan nan nan nan nan nan nan nan nan nan nan nan nan nan nan nan nan nan nan nan nan nan nan nan nan nan nan nan nan nan nan nan nan nan nan
2.8806471001776690066 3.2041476084964655158 3.6693751434384771493 4.0522347319297660206 8.1736866277442281614 nan nan nan nan nan nan nan nan nan nan nan nan nan nan nan nan nan nan nan nan nan nan nan nan nan nan nan nan nan nan nan nan nan nan nan nan nan nan nan nan nan nan nan nan nan nan nan nan nan nan nan nan nan nan nan nan nan nan nan
2.9950563514667174481 3.4922475450728689417 3.8389787986971875 6.1958221450248247564 8.172069230892535785 nan nan nan nan nan nan nan nan nan nan nan nan nan nan nan nan nan nan nan nan nan nan nan nan nan nan nan nan nan nan nan nan nan nan nan nan nan nan nan nan nan nan nan nan nan nan nan nan nan nan nan nan nan nan nan nan nan nan nan
2.8969243879435864208 3.0902780715973880987 3.3502103200951842688 3.7781869009904078816 7.536517986308835404 nan nan nan nan nan nan nan nan nan nan nan nan nan nan nan nan nan nan nan nan nan nan nan nan nan nan nan nan nan nan nan nan nan nan nan nan nan nan nan nan nan nan nan nan nan nan nan nan nan nan nan nan nan nan nan nan nan nan nan
2.8047083258610321366 2.930094217986105587 3.2295762974321848837 3.7303467582952882786 7.356172047815744186 297.24814407377749603 nan nan nan nan nan nan nan nan nan nan nan nan nan nan nan nan nan nan nan nan nan nan nan nan nan nan nan nan nan nan nan nan nan nan nan nan nan nan nan nan nan nan nan nan nan nan nan nan nan nan nan nan nan nan nan nan nan nan
2.9132546235102712018 2.9252288531436838603 3.1156212124470212821 3.3838473425496928826 3.9546844751593144274 10.574390929867428568 nan nan nan nan nan nan nan nan nan nan nan nan nan nan nan nan nan nan nan nan nan nan nan nan nan nan nan nan nan nan nan nan nan nan nan nan nan nan nan nan nan nan nan nan nan nan nan nan nan nan nan nan nan nan nan nan nan nan
2.9976037064152958322 2.9989441846380562318 3.1038178982089372759 3.3925568650020609951 4.0374062836569555301 22.240273274914407864 nan nan nan nan nan nan nan nan nan nan nan nan nan nan nan nan nan nan nan nan nan nan nan nan nan nan nan nan nan nan nan nan nan nan nan nan nan nan nan nan nan nan nan nan nan nan nan nan nan nan nan nan nan nan nan nan nan nan
3.1303414008430401339 3.1614392060123743811 3.2007745874451565271 3.5928445006988858346 6.9517122471699304143 94.685470302778711016 nan nan nan nan nan nan nan nan nan nan nan nan nan nan nan nan nan nan nan nan nan nan nan nan nan nan nan nan nan nan nan nan nan nan nan nan nan nan nan nan nan nan nan nan nan nan nan nan nan nan nan nan nan nan nan nan nan nan
3.2281621398727455841 3.2570930550653338642 3.2561453457153297641 3.3278625700094845996 6.5674236171882682811 12.648436462457320673 420.17734222892772777 nan nan nan nan nan nan nan nan nan nan nan nan nan nan nan nan nan nan nan nan nan nan nan nan nan nan nan nan nan nan nan nan nan nan nan nan nan nan nan nan nan nan nan nan nan nan nan nan nan nan nan nan nan nan nan nan nan
3.4383655442601481766 3.4701735155459947357 3.4623079837370540623 3.3758214327415552169 3.9694943944817611126 11.432597189973527918 nan nan nan nan nan nan nan nan nan nan nan nan nan nan nan nan nan nan nan nan nan nan nan nan nan nan nan nan nan nan nan nan nan nan nan nan nan nan nan nan nan nan nan nan nan nan nan nan nan nan nan nan nan nan nan nan nan nan
3.6823700041321525411 3.6267056263231296498 3.5662149867326271568 3.7702208359689852735 8.7779019561289839402 14.477772570426765242 nan nan nan nan nan nan nan nan nan nan nan nan nan nan nan nan nan nan nan nan nan nan nan nan nan nan nan nan nan nan nan nan nan nan nan nan nan nan nan nan nan nan nan nan nan nan nan nan nan nan nan nan nan nan nan nan nan nan
3.8221417134136079774 3.7946580612419280598 3.6497740701992253953 6.0622756044800070185 nan nan nan nan nan nan nan nan nan nan nan nan nan nan nan nan nan nan nan nan nan nan nan nan nan nan nan nan nan nan nan nan nan nan nan nan nan nan nan nan nan nan nan nan nan nan nan nan nan nan nan nan nan nan nan nan nan nan nan nan
