results/rofental/swe_month_2020-03-01T0000_2020-03-31T2300.asc
ncols        322
nrows        225
xllcorner    622802.488000000012
yllcorner    5178049.378999999724
cellsize     100.000000000000
[rows 168 to 195 of 225, columns 126 to 188 of 322]
428.25629296177919514 418.40411635825824987 404.56803853467067711 384.33618371172303796 386.91079716625665696 407.03773669757043763 395.66257881301135058 356.53028403139842339 344.07360539694684576 350.36207658364827466 356.54090335690449365 357.10268771867282567 357.98229644176745978 359.98274989122830902 367.33938319898419422 379.92184742297189359 387.56691048037225755 396.96009500128650416 402.34989989723777626 409.68766953282255372 416.63284192738171896 418.95029811524426577 419.54272478861605578 413.43826454168612372 409.52482417363529521 408.43025265740664054 410.23477217477187651 416.50477461400032553 422.68305870044065387 424.53171568679732673 423.89463460456289567 420.19584070218826355 420.15459333958722254 423.19488290800484265 434.55621221520772224 434.91924649572325734 440.68816572497155448 438.97001622520758701 435.96256811428190758 439.88370681535189988 452.18770356443218361 460.52122355539722776 464.8649784340564679 466.45152350312190492 466.52256909930110851 468.92842890562343428 474.19792176998601008 474.9110445990821745 473.79423129908502688 473.54608024409156997 471.59085874241810643 469.67599782948644815 491.56096332405229532 562.96979004154081849 nan nan nan nan nan nan nan nan nan
442.02031897156274454 432.33578083408593784 413.69351859535157701 386.78451597423912744 364.86454231129243908 nan nan 374.35617526350324624 359.28328840484653028 360.81963978902354029 370.3064380242929019 359.44686659020169373 348.22857186540579733 344.63961255929751815 346.45328370933970064 355.11409968687843275 363.62024998732061931 370.8960120586971243 376.65616650687900346 386.80126809545822653 395.18862427040608054 395.64177400817135322 393.27506505518482527 386.25402528283592574 388.28491160209324562 392.655637485760451 400.20072082381318523 408.17395707185443143 411.64181983468762382 415.71183447691907986 416.38477306204561046 414.54470250278586718 417.16737090898402585 417.733429785752719 420.03461667034696347 425.01011436725173098 432.7806746144321437 439.48300187495510727 441.15067585791689453 444.36368022647963016 453.19234028121400115 460.85298760870495016 464.3479859338522715 464.9317608533604016 464.46432363342074723 467.08408359285192546 471.42632674017551153 474.31814506263089015 474.53620986496429168 476.99601829559367161 475.12258148667081059 471.91386913644873857 477.34572175422016471 503.65999994856730382 nan nan nan nan nan nan nan nan nan
446.04891213125091554 433.54211698882346582 419.12383269087683857 396.54147146992437456 nan nan nan nan nan nan 350.01793842638545584 332.24490202345242551 329.94038373985631551 332.4670560206374148 334.82394972556335233 339.5013484452421153 346.2244303297342185 355.74148371560653459 362.43554820137353545 364.02387188256460604 359.6537989287174355 357.99589441213305463 363.19322960136645406 366.02016934932765935 372.07011035381515285 379.02247454149141959 391.48655817162079984 399.2161251019463748 402.49200952036437684 406.89896062101513508 409.12615361485700305 409.7501575964456606 412.6805662523336764 414.26802035540401903 417.57471631288666458 423.22496079568810501 433.70037973930584485 441.90581776834517314 444.21447826418710747 449.12750995983265057 456.87203575660771548 462.57485610474674331 462.02942636343192362 462.94239104478032232 467.96147107565309398 473.72446941674320442 474.52350984905916675 473.70904901444146162 472.84294974955531643 476.51014675193982839 474.96283714077139848 472.99460490961695314 486.85896772905215357 522.34786615670464016 nan nan nan nan nan nan nan nan nan
431.80115528005723036 nan nan nan nan nan nan nan nan nan 328.9810307954035693 312.2844564667715872 300.62363570424111003 302.43183746802333189 305.16926968757064742 307.15089580008213943 311.58856615062995843 321.45511879817667023 324.00668508820405123 329.96240136076045246 336.7269151629156454 340.5709492960170337 343.48803777268949489 350.80040594520602326 361.6216927117867499 368.80586566442963203 380.36720199205512927 388.99968135462154351 392.87856098319861076 398.13978938075257474 402.02095212135628799 403.45118892598480898 411.15772399336481158 415.24149151168728622 418.70793293799363255 421.70688777243992718 429.89276606771744582 444.61453524940480975 448.54632464374930123 454.80522907582792413 460.05537372839847876 461.54581333370572338 463.29833226577829919 468.87745485701725556 473.14868835687116189 473.27358189151556189 473.96554619508265205 472.99566937506386921 470.80944479281521353 472.89974843979672414 475.06189581348172624 466.10917062658575105 460.12500260341840885 467.26274333984241593 521.76849353433260603 nan nan nan nan nan nan nan nan
nan nan nan nan nan nan nan nan nan nan nan 295.39497115486051371 281.97498750838479964 278.36418505821916369 282.80794253640294755 288.57394842579975602 296.16177603983049949 301.19380873155631662 307.65631985972981965 311.55659557157065365 314.08083025325316839 318.1526207888256863 325.93888336266940087 334.40193924112520563 349.60001129888075866 359.17408055910510711 368.53478813480813869 377.31645776777543233 383.13671997873433384 390.04907886810497075 396.00492804056381146 396.74458913943863081 406.83658167849750953 416.01705733646423369 417.84946106172844793 419.95378727083141257 430.16551803844146207 441.92672609024316444 449.61877340181337104 458.30546689758222101 462.58159420785563043 464.54542295870339785 474.42635374394370729 470.58459793158363027 468.85991212195790467 469.52732333434386192 471.91278969706064572 473.91537132180337721 475.38766103724015011 475.16620302267727993 475.61543264599180247 476.28095006161669289 476.74977553707731204 483.67731719683456504 543.02336516359900997 nan nan nan nan nan nan nan nan
nan nan nan nan nan nan nan nan nan nan nan nan nan 270.71655971608038271 267.71873053366931572 265.44638320344853355 269.40303587425222531 275.72512733626859927 283.88396593269163759 287.79819051907315952 293.00477657834187539 301.21154425009837041 312.90147072711329201 328.72298412592408567 341.58712646434781846 348.96127035907875324 358.06279712229502366 367.76852596725092326 375.10960620643407992 382.99168455402968902 391.58311074464091917 394.80739980011043144 400.12876916504092151 408.62474767726416758 416.39316060975215805 420.11335000879057588 430.19294166515669531 441.90218861796950023 450.74432168749814309 454.03708099427200295 457.70089553903801516 463.81955204532880543 489.42955494156075247 468.58654151157884371 468.95317699121960686 469.17871706654221953 471.26598021900178992 474.30343295661936054 477.17651892986350504 477.90305174256224063 476.99635728422379088 476.7092063963483497 484.77174710325624574 507.8017275910403896 524.47730040252326944 568.9060931577929523 nan nan nan nan nan nan nan
nan nan nan nan nan nan nan nan nan nan nan nan nan nan nan 255.95642658323765772 254.93857759083650194 260.02626397629256871 265.89936497673107851 272.33301021952047449 277.67608127576505694 291.69012213869308425 307.99732412950100979 322.93098852190524894 331.43051502378557416 337.32706258733213645 347.12730525125755321 358.88118577451643887 367.41723305528341825 376.35186604947227806 387.62680428736047133 392.44722319664850829 394.43269908620902697 399.3975805890233346 408.91422990142416438 421.28489642071701837 433.84342432232227793 448.20481527422919044 461.71452206963101617 457.58592259250099232 459.65578450083876305 454.8900571553157306 464.21327995763181207 483.41185010729134319 472.65939687255541912 473.85879958844384419 473.37875666677444997 473.69662399305178724 473.68499311466837298 475.04676288329591216 477.19618289616607854 478.94544270594701629 483.10812353696235277 535.12402357909797956 520.53352680401792441 nan nan nan nan nan nan nan nan
nan nan nan nan nan nan nan nan nan nan nan nan nan nan nan 250.43208342481383966 246.83958524547503544 251.7778785929475589 252.55957217634065159 253.25603324184837106 268.29983447405845709 285.85120407843146495 300.71341033293805367 312.38792088088047194 322.0304759901049465 328.08907030221359946 338.66388965325256777 352.0286416480099092 363.25558789327027398 372.63822683721855356 386.01597650097920678 391.75655779125060008 395.73104006993116855 397.73765408739058103 399.37255813041520014 414.32786249625740993 457.38525194719881029 488.7651131735961485 462.64392418058127987 460.73512492027373355 472.0901716587487158 468.28004082828675791 468.04343101370795921 497.31610882890032599 495.73443973601797552 495.41211550413942177 488.4519203625117143 481.51227180905755176 476.54236155408000286 477.17925456459778388 479.4036911534687988 481.4415217410249852 481.2508144986002776 483.03623783614170861 nan nan nan nan nan nan nan nan nan
nan nan nan nan nan nan nan nan nan nan nan nan nan nan nan nan 242.41827354078819212 245.41884753833079458 249.21091483314685888 253.72301952474686004 267.41852993956138107 282.7743829895861154 293.66168142218708681 304.82170388647841719 315.00221271475078311 322.18099917770558704 332.53926663035645106 346.35194617618481061 359.86072560561223099 370.06514353097895764 383.08401558688353816 389.17730804249936227 393.24317220815146356 395.86531249144195499 393.48308062596709078 405.05582319307325179 425.88278547064555823 472.43250991482534573 464.22226557542927594 463.10978150188645941 473.30966601340048783 479.33419354393350886 471.04371319625340675 488.21357264529387976 483.55084374765550592 482.71456393606496249 483.55342064728404239 489.45199586224100585 491.18604529437175188 494.34266490291304308 492.82478770670900303 492.85650176243683518 476.65256228957787243 nan nan nan nan nan nan nan nan nan nan
nan nan nan nan nan nan nan nan nan nan nan nan nan nan nan nan nan 245.99575884226129574 249.60082834889055903 253.83926926600821616 263.1722500901961439 276.39070832327962535 288.41712789017935847 299.597259077657327 310.68261209429601877 320.82545734424701322 331.5817468607570504 343.44323110558957524 353.51142973502032874 364.59090097643587569 374.07683946489760274 381.30923391121609711 387.96253787146434888 394.436220185225352 396.21400685628128713 408.90889155140666844 417.36102022114499732 450.02320080353450749 481.0509002154630025 472.92543363731499539 471.51431945730166717 478.31644117889004519 474.70947816850065237 499.91011338429041189 496.59087359400399464 498.53249249738126991 497.76016364736278774 494.8723080960771199 496.74445310432059841 499.59408343263214647 499.68998045547954234 481.34793988965463996 nan nan nan nan nan nan nan nan nan nan nan
nan nan nan nan nan nan nan nan nan nan nan nan nan nan nan nan nan 239.01168504422366823 244.28160243844624233 248.43190847100353835 256.44318920035800602 269.08089441404911213 282.99649985465322288 297.10293984976482307 309.70320848152402959 319.00704008484262886 326.76445088901664349 340.38729737770870543 349.75490690888756262 356.86881526898952188 366.81716841729598855 376.25919342888892061 386.22453024254531329 395.07725387210916779 396.843290052617931 416.112051764268017 433.36611410806688127 454.97478841405410321 481.13667902238825036 476.72311097151589365 479.14062682158942152 483.93334696102095904 481.03252260312342514 518.35452954971310646 516.35507479228056127 519.75588681557417203 521.03958963367608703 520.50213209515095514 513.6944297342754453 501.02533768617172427 499.66017780463312192 500.7985566028211224 nan nan nan nan nan nan nan nan nan nan nan
nan nan nan nan nan nan nan nan nan nan nan nan nan nan nan nan nan nan 238.34281531239452079 244.93160766181389931 254.41255466398214935 269.06808870455773786 282.22179738685730399 295.99007181031828395 309.97119587720385425 317.96223421049944591 321.06569248295375019 333.09406353322646055 344.33335727772799828 351.38405694810705882 362.35330135454597666 371.32082237389266766 380.86358800389575663 392.13023962309023318 390.93132376327309885 388.366405310696166 406.94612490971911711 444.38743763094191763 482.76532394526236658 487.56946847322399208 479.94319251591940656 476.4186189219679477 473.17184377302288567 527.49529308670310002 529.61501145404838553 532.61738921621406462 542.09476168252513162 542.53119805172354972 530.41222955077432744 510.20869744762546816 491.99977468932036118 nan nan nan nan nan nan nan nan nan nan nan nan
nan nan nan nan nan nan nan nan nan nan nan nan nan nan nan nan nan nan 239.62120120263409717 250.34777451110176116 259.95095002557457065 269.54990293222130049 283.2429586249184581 295.91616358014971411 306.26603265691107936 316.20742956684819092 319.82414413864785274 325.57054440307024379 336.30780027464868454 346.63930793550457565 359.25709716665153337 369.40243080953865729 379.5302319564104323 392.9486810276084725 399.33354248643081519 395.79576000761289833 385.57936240901983638 396.90024367047135456 460.6108977668096145 491.52978051219844247 488.83650198358117223 489.75437650556989411 484.30755745567006443 534.85281145803594427 540.87064854049117457 551.25981327567046719 543.49271296908773365 509.70310587129085889 516.62839898404956784 518.82830457397551527 nan nan nan nan nan nan nan nan nan nan nan nan nan
nan nan nan nan nan nan nan nan nan nan nan nan nan nan nan nan nan nan nan nan 266.29062548159470225 273.73730158464445594 283.88965258090354382 297.39852438327449136 308.95968046445767641 318.97182294258215052 322.72092428604020142 326.50626349227775336 337.02946621246150016 351.71833302128760579 361.61858283285596372 371.1290966316317963 382.01397044622331123 398.03054260270369014 404.72047706305409065 407.97501562211812143 407.20808588679108198 408.97203501251721036 445.90088854358532444 495.59560173541700578 503.50893419756425828 502.14244464343164509 486.49177524339262391 535.06215298895847354 560.37648496076337779 nan 505.43644509895739247 486.49899710005644238 nan nan nan nan nan nan nan nan nan nan nan nan nan nan nan
nan nan nan nan nan nan nan nan nan nan nan nan nan nan nan nan nan nan nan nan 272.31151408978848849 281.21294616040171377 288.42491505649650207 297.79915084318673735 308.5463427302691457 318.38957312411207567 326.02683693625891692 330.34261151657545952 336.88526064225970913 353.39766962199416866 367.76876615733107201 396.7734237176773604 422.19233879483613237 420.45832490156448102 411.75923350775713061 410.71601102093666213 417.29520250343432508 412.52830207368805304 416.26767220553938387 466.92783991816389744 500.99886151565004866 509.62316285781236047 515.11092809253273117 519.72244721820015911 nan nan nan nan nan nan nan nan nan nan nan nan nan nan nan nan nan nan nan
nan nan nan nan nan nan nan nan nan nan nan nan nan nan nan nan nan nan nan nan 280.58397659779745936 287.9925221299690179 295.19257930670255519 302.2336759768486445 311.27510976246213659 317.7730134710159291 325.97994277530705176 332.13486103953340489 341.50288947913816173 371.73430820326115054 418.59393478364330576 435.78717018441813025 443.35826970951626436 427.58583330506905895 424.37444456052395481 425.36895215331429654 433.25735568206550852 433.54655504130130339 431.06957699280332008 443.4777013840454174 475.70110000210053158 487.96919220591081512 481.06236268450658145 484.57271911611695714 nan nan nan nan nan nan nan nan nan nan nan nan nan nan nan nan nan nan nan
nan nan nan nan nan nan nan nan nan nan nan nan nan nan nan nan nan nan nan nan 290.29785293278894187 295.08238695358011228 300.98884724147404768 307.56717945988310703 311.13999324997689655 315.87928465113407128 324.78180952043561547 330.28753241087088099 330.0498650053245342 345.31052968664738501 423.27280709176562823 457.17071044433862426 425.81805838943387243 420.05040167302479404 437.42832699639598104 457.28027962890854496 470.37651321472804966 468.24880776149308304 452.70220903196474183 447.98231385875703836 461.36582517214628751 469.47430547034463189 474.40347930552059097 518.15921888899526948 nan nan nan nan nan nan nan nan nan nan nan nan nan nan nan nan nan nan nan
nan nan nan nan nan nan nan nan nan nan nan nan nan nan nan nan nan nan nan nan nan 317.98357961854588893 303.87883383730047626 307.57312828012015871 311.43293003710823541 315.75192493985650799 323.33370907368384906 329.20602195179009186 328.36440702449561968 331.99104478654049899 355.16641103938809465 448.62446847799799343 431.52992122766073635 436.5680502184644638 446.83146640606412348 482.14939286030846688 484.10106704650183929 477.81541002110941463 467.20187946435908088 456.82456903578321317 463.04899968975951197 481.82032856402713605 464.322475286751569 nan nan nan nan nan nan nan nan nan nan nan nan nan nan nan nan nan nan nan nan
nan nan nan nan nan nan nan nan nan nan nan nan nan nan nan nan nan nan nan nan nan 294.95655162580197839 301.5710120968107617 308.98146986813333115 315.64457709271277963 319.0756117139159187 324.72140792205215121 330.40852050421665353 339.26064343875844997 345.66580473579892896 358.64248661432753806 461.4125206853675536 452.44351345264504971 450.07776041480354934 457.73712754376202838 492.71596942945399178 488.65598016418448424 485.20310349553375318 481.43798456409842856 476.46614267872104165 477.35361161873396441 500.1495843395001657 490.96734047245269039 nan nan nan nan nan nan nan nan nan nan nan nan nan nan nan nan nan nan nan nan
nan nan nan nan nan nan nan nan nan nan nan nan nan nan nan nan nan nan nan nan 294.83442160609621396 297.65233224699574066 305.00851320891422347 311.13838321097369999 317.01696614463486412 322.16968340404997662 327.17561310872093827 335.18804960372574442 366.75671023605576693 393.05964716144336535 376.57816842925615219 433.33546959239441776 472.55731270279517275 467.45410776603193881 488.75061457372015639 488.06139034558475487 487.20344717183581906 500.01686328664948178 495.00699715214443586 488.24043386374830789 488.85045805481701109 491.3839836174694824 nan nan nan nan nan nan nan nan nan nan nan nan nan nan nan nan nan nan nan nan nan
nan nan nan nan nan nan nan nan nan nan nan nan nan nan nan nan nan nan nan 295.71813984714674461 293.63243280884211117 300.43138490068957935 306.77278324317336455 313.16826785672782307 318.7960619264369484 324.73967135919275506 331.09684375862502748 334.32310798491727155 346.61824566348224153 352.36067029842178044 355.5728678028227705 357.68082033391880259 378.89293733828509403 421.31015973868244373 427.46695866419645427 470.71911285493808919 483.85194287427469817 503.63054125741183498 504.3696098350282 497.15332568332951269 485.00685669571311109 nan nan nan nan nan nan nan nan nan nan nan nan nan nan nan nan nan nan nan nan nan nan
nan nan nan nan nan nan nan nan nan nan nan nan nan nan nan nan nan 330.97869450847974804 290.59264820524936113 293.52431393622310907 303.24015353816866991 308.09183472993254327 310.11742844062735003 318.10483962541644587 323.96959484864254364 328.91231772935486788 337.39565558045819671 337.6807981615933727 348.7936384198635551 353.47375478674626947 363.94020182512866768 418.32801069226263735 410.89178131118376314 376.55617431476377988 378.67718940241087466 nan nan nan nan nan nan nan nan nan nan nan nan nan nan nan nan nan nan nan nan nan nan nan nan nan nan nan nan
nan nan nan nan nan nan nan nan nan nan nan nan nan nan nan nan 346.79242521236687935 313.21257987368318254 302.83196928026467276 307.88141955267440153 318.406140256660251 322.38459018849573567 319.38776997405278735 321.29759096355087422 328.20049644304640424 335.94122959652327154 344.10442548510104643 339.25335709700442521 355.23101281855059597 393.23277921036100224 363.70890984784040256 368.13142497553320709 423.94772600403075558 nan nan nan nan nan nan nan nan nan nan nan nan nan nan nan nan nan nan nan nan nan nan nan nan nan nan nan nan nan nan
nan nan nan nan nan nan nan nan nan nan nan nan nan nan nan nan 335.13124216334358607 311.17469465677004337 326.31395997529386932 332.70792492158483356 332.6134412899129984 335.89487866815397865 337.25467959109698768 330.98658072125789431 332.83901337337528048 339.49518937535560781 356.96699241007110004 350.44291581558434245 347.9742060615657806 385.82742068158125903 378.8574678725128706 369.40499856041537896 nan nan nan nan nan nan nan nan nan nan nan nan nan nan nan nan nan nan nan nan nan nan nan nan nan nan nan nan nan nan nan
nan nan nan nan nan nan nan nan nan nan nan nan nan nan nan nan 338.34760730116494187 342.66333661392172871 353.96962781564758416 351.4489762297716311 347.7126158442924293 349.16528626883331299 354.92711669617580128 367.73677224570531052 373.29960751336000158 370.69351421004364511 371.30073314503164283 374.9839661660693082 343.62596690988448245 nan nan nan nan nan nan nan nan nan nan nan nan nan nan nan nan nan nan nan nan nan nan nan nan nan nan nan nan nan nan nan nan nan nan
nan nan nan nan nan nan nan nan nan nan nan nan nan nan nan nan nan 380.76054933246120981 388.11992150300494586 374.63867457506040637 368.33161617977697233 368.56889324644419048 363.96064034696513545 372.50979774804261524 396.37987561186452012 410.42632607655195898 378.78274117273764432 nan nan nan nan nan nan nan nan nan nan nan nan nan nan nan nan nan nan nan nan nan nan nan nan nan nan nan nan nan nan nan nan nan nan nan nan
nan nan nan nan nan nan nan nan nan nan nan nan nan nan nan nan nan nan nan 401.39048548625237345 404.99660171171797174 399.88893145621227632 408.98969553375616215 410.09281241646073113 nan nan nan nan nan nan nan nan nan nan nan nan nan nan nan nan nan nan nan nan nan nan nan nan nan nan nan nan nan nan nan nan nan nan nan nan nan nan nan
nan nan nan nan nan nan nan nan nan nan nan nan nan nan nan nan nan nan nan nan nan nan nan nan nan nan nan nan nan nan nan nan nan nan nan nan nan nan nan nan nan nan nan nan nan nan nan nan nan nan nan nan nan nan nan nan nan nan nan nan nan nan nan
