results/rofental/swe_month_2019-10-01T0000_2019-10-31T2300.asc
ncols        322
nrows        225
xllcorner    622802.488000000012
yllcorner    5178049.378999999724
cellsize     100.000000000000
[rows 168 to 195 of 225, columns 62 to 123 of 322]
nan nan nan nan nan nan nan nan nan nan nan nan nan nan nan nan nan nan nan nan nan nan nan nan nan nan nan nan nan 40.049544448753707115 34.571831218658701346 31.336739348816411876 30.387409061211020145 36.611445005496449312 39.825899505812799362 34.94632729803178961 18.504506549430072226 17.974505177276750345 22.95062961122281564 24.638931388033309844 17.34425324270982216 15.243877323246328714 16.187158265721812711 16.921655798057667397 16.252945473241190655 14.286211160390084984 14.387733597039730427 15.393694634455449943 14.619329888382381455 12.502254050488764037 11.769629762864152411 11.631860030603174749 12.044188191374720631 12.793665910587026957 12.498620534377714364 11.740909135387841644 11.28383688452082545 11.087006575958039178 11.021578599142626942 12.720943514478824099 15.487609456624296556 17.211831392619927783
nan nan nan nan nan nan nan nan nan nan nan nan nan nan nan nan nan nan nan nan nan nan nan nan nan nan nan nan nan 42.87246806743915073 35.73243586336739952 22.000044630816670832 24.755415328230323979 29.142479135262764345 33.491235554843328259 37.426645902336787231 33.343847661215086475 22.972613198011277547 18.280691308647416093 21.41994510597072221 23.901250459147782124 20.862192183321852212 16.123105227109682858 15.536162009812668927 17.439545602328337282 16.440756839804087974 14.850814099989127826 14.434587744826036015 13.942468198526555057 13.297567881787475841 13.330615691823018309 13.616835230833899573 13.895476738128552441 13.737262566614765191 13.195200404634949365 13.467688904811085493 13.454387983167301002 15.14560850942252479 20.370903186032396803 25.393368269660491876 26.646276167674404434 25.18514508528474849
nan nan nan nan nan nan nan nan nan nan nan nan nan nan nan nan nan nan nan nan nan nan nan nan nan nan nan nan 18.553355392318831463 32.481598263709550167 25.643690804347720302 19.071900114649935176 20.528208704001542628 25.636396741945443267 30.49764361007908775 33.355152873533540969 34.87123330321580994 30.746979909479879467 24.281300724606424524 18.384147776818913655 24.4974696434061876 24.286314504163300398 17.062367704486042896 14.444859833425450546 17.178339727133447923 18.534794438875039191 18.218172420871308503 16.856297613078979225 15.945245788513204843 15.121865657475984435 14.571637585774663393 14.336681439532144466 13.864500387372510559 13.792831149206728369 14.377135637648525091 16.214421666261934263 21.077305417661971632 27.001476189145293461 29.999371278184415957 31.315983232518878054 32.488080343620737267 31.98218117685359374
nan nan nan nan nan nan nan nan nan nan nan nan nan nan nan nan nan nan nan nan nan nan nan nan nan nan nan nan 25.412319959359948029 22.70075137512333896 27.459024010326675835 27.21379749608437848 23.49810426308011202 25.037049602711405782 28.534042173157224909 33.7282113657251017 37.093593722164072801 36.332901684771478301 31.446753716193544648 27.524652952530693995 26.039960595178765601 25.999792026974510861 18.682374961877034281 16.450186285267292874 17.926070752937370401 21.308152532059146722 22.775634826751893769 21.248472016323542988 19.784709904660733315 18.808552215435376809 18.2380925871727122 17.29934960523679166 15.911256494753830637 18.322710305180514467 25.734036966224717702 30.461419649489577921 32.165314591496397156 34.008763610478311534 34.570156233715181315 35.582233303475760522 36.181604793468586934 37.393976536421909884
nan nan nan nan nan nan nan nan nan nan nan nan nan nan nan nan nan nan nan nan nan nan nan nan nan nan nan nan nan 39.101837285499662755 31.539522897045394245 33.604895037110040334 32.327200465321574541 28.880198121134235123 26.405413673275212716 29.413676666770626866 32.905198759331746317 35.36235473114960115 37.084411334474324917 33.887763479938136868 29.300758512201273476 31.421443519209955042 28.273527045103197253 21.561126609352413652 20.131704698324558223 21.625613249684800365 21.743439221768920078 19.069529364128250393 18.97777074318178947 21.769632065636248086 24.79687715698860373 30.27105875482290287 33.910883741890955889 36.464979445158476778 37.190104901317134534 37.632360826501219719 37.722907611145522822 38.593845126161866688 38.462592737567590007 38.448060403305561294 38.14983264844632771 40.591589759258695835
nan nan nan nan nan nan nan nan nan nan nan nan nan nan nan nan nan nan nan nan nan nan nan nan nan nan nan nan nan nan 41.011217486966636159 40.782523182705126885 36.749384580053074956 33.492443622614224807 30.095628256305055004 26.367620445640987725 27.571178522166235325 29.833084364464678373 31.26709774120046248 28.470146852799686599 24.608416080329629239 28.172959859125100479 25.832161737904492327 23.67982339146424664 23.602888002242341514 23.608938944603643506 23.104742887177902588 23.569321347418046741 27.875626533174390431 31.691186877717644421 34.862309874186635739 38.131443976323907918 37.924939687416731715 36.624793054505552448 38.19697246707578131 39.37898315944394767 39.571072069486064038 39.950735172020010566 40.103847063718816912 41.285676692122365239 41.179931257770419961 32.505975185039304165
nan nan nan nan nan nan nan nan nan nan nan nan nan nan nan nan nan nan nan nan nan nan nan nan nan nan nan nan nan nan nan 43.835522222008407311 41.636126211632912941 39.173682035898345077 37.196731604978374719 33.888558030626079187 28.696329218587795395 28.646330626238761141 29.434223976094148867 30.090857517333606808 31.91752872674888053 34.2423270764754335 36.109683018099758556 38.338418089189033822 37.998312080135825397 35.097179923056323503 36.102682739427727654 37.823468227523228791 38.10313185185374607 37.842172569395096104 36.687259054759863375 35.647715893779647445 37.376492562665440289 39.162588502497449383 40.438214954076265428 41.257263872894384349 41.959981495402104201 42.82560023490391643 43.210483108516726247 nan nan nan
nan nan nan nan nan nan nan nan nan nan nan nan nan nan nan nan nan nan nan nan nan nan nan nan nan nan nan nan nan nan nan nan nan nan nan nan 32.765470690016464062 33.016676303001538884 34.226424344029830138 36.769282674862481031 39.123255999925355297 40.28974626448209051 42.095209924020934977 42.839226052761254948 41.866517810713588688 39.880271314687277595 38.730440827060036213 36.405235190916528154 34.328232651848992418 34.983640551782286821 34.192542734417550321 37.091923660069312518 39.507289708170887366 41.781498736828496021 nan nan nan nan nan nan nan nan
nan nan nan nan nan nan nan nan nan nan nan nan nan nan nan nan nan nan nan nan nan nan nan nan nan nan nan nan nan nan nan nan nan nan nan nan nan nan nan nan nan nan nan nan nan nan nan 30.773604091955149897 32.66636114777580957 34.804624391560849972 37.064391879635699922 39.511218645584911258 41.201503983129889264 36.921308348639968244 nan nan nan nan nan nan nan nan
nan nan nan nan nan nan nan nan nan nan nan nan nan nan nan nan nan nan nan nan nan nan nan nan nan nan nan nan nan nan nan nan nan nan nan nan nan nan nan nan nan nan nan nan nan nan nan nan 34.005696571767487058 38.175109813446596263 37.169987547040157949 37.201264557075653272 nan nan nan nan nan nan nan nan nan nan
nan nan nan nan nan nan nan nan nan nan nan nan nan nan nan nan nan nan nan nan nan nan nan nan nan nan nan nan nan nan nan nan nan nan nan nan nan nan nan nan nan nan nan nan nan nan nan nan nan nan nan nan nan nan nan nan nan nan nan nan nan nan
nan nan nan nan nan nan nan nan nan nan nan nan nan nan nan nan nan nan nan nan nan nan nan nan nan nan nan nan nan nan nan nan nan nan nan nan nan nan nan nan nan nan nan nan nan nan nan nan nan nan nan nan nan nan nan nan nan nan nan nan nan nan
nan nan nan nan nan nan nan nan nan nan nan nan nan nan nan nan nan nan nan nan nan nan nan nan nan nan nan nan nan nan nan nan nan nan nan nan nan nan nan nan nan nan nan nan nan nan nan nan nan nan nan nan nan nan nan nan nan nan nan nan nan nan
nan nan nan nan nan nan nan nan nan nan nan nan nan nan nan nan nan nan nan nan nan nan nan nan nan nan nan nan nan nan nan nan nan nan nan nan nan nan nan nan nan nan nan nan nan nan nan nan nan nan nan nan nan nan nan nan nan nan nan nan nan nan
nan nan nan nan nan nan nan nan nan nan nan nan nan nan nan nan nan nan nan nan nan nan nan nan nan nan nan nan nan nan nan nan nan nan nan nan nan nan nan nan nan nan nan nan nan nan nan nan nan nan nan nan nan nan nan nan nan nan nan nan nan nan
nan nan nan nan nan nan nan nan nan nan nan nan nan nan nan nan nan nan nan nan nan nan nan nan nan nan nan nan nan nan nan nan nan nan nan nan nan nan nan nan nan nan nan nan nan nan nan nan nan nan nan nan nan nan nan nan nan nan nan nan nan nan
nan nan nan nan nan nan nan nan nan nan nan nan nan nan nan nan nan nan nan nan nan nan nan nan nan nan nan nan nan nan nan nan nan nan nan nan nan nan nan nan nan nan nan nan nan nan nan nan nan nan nan nan nan nan nan nan nan nan nan nan nan nan
nan nan nan nan nan nan nan nan nan nan nan nan nan nan nan nan nan nan nan nan nan nan nan nan nan nan nan nan nan nan nan nan nan nan nan nan nan nan nan nan nan nan nan nan nan nan nan nan nan nan nan nan nan nan nan nan nan nan nan nan nan nan
nan nan nan nan nan nan nan nan nan nan nan nan nan nan nan nan nan nan nan nan nan nan nan nan nan nan nan nan nan nan nan nan nan nan nan nan nan nan nan nan nan nan nan nan nan nan nan nan nan nan nan nan nan nan nan nan nan nan nan nan nan nan
nan nan nan nan nan nan nan nan nan nan nan nan nan nan nan nan nan nan nan nan nan nan nan nan nan nan nan nan nan nan nan nan nan nan nan nan nan nan nan nan nan nan nan nan nan nan nan nan nan nan nan nan nan nan nan nan nan nan nan nan nan nan
nan nan nan nan nan nan nan nan nan nan nan nan nan nan nan nan nan nan nan nan nan nan nan nan nan nan nan nan nan nan nan nan nan nan nan nan nan nan nan nan nan nan nan nan nan nan nan nan nan nan nan nan nan nan nan nan nan nan nan nan nan nan
nan nan nan nan nan nan nan nan nan nan nan nan nan nan nan nan nan nan nan nan nan nan nan nan nan nan nan nan nan nan nan nan nan nan nan nan nan nan nan nan nan nan nan nan nan nan nan nan nan nan nan nan nan nan nan nan nan nan nan nan nan nan
nan nan nan nan nan nan nan nan nan nan nan nan nan nan nan nan nan nan nan nan nan nan nan nan nan nan nan nan nan nan nan nan nan nan nan nan nan nan nan nan nan nan nan nan nan nan nan nan nan nan nan nan nan nan nan nan nan nan nan nan nan nan
nan nan nan nan nan nan nan nan nan nan nan nan nan nan nan nan nan nan nan nan nan nan nan nan nan nan nan nan nan nan nan nan nan nan nan nan nan nan nan nan nan nan nan nan nan nan nan nan nan nan nan nan nan nan nan nan nan nan nan nan nan nan
nan nan nan nan nan nan nan nan nan nan nan nan nan nan nan nan nan nan nan nan nan nan nan nan nan nan nan nan nan nan nan nan nan nan nan nan nan nan nan nan nan nan nan nan nan nan nan nan nan nan nan nan nan nan nan nan nan nan nan nan nan nan
nan nan nan nan nan nan nan nan nan nan nan nan nan nan nan nan nan nan nan nan nan nan nan nan nan nan nan nan nan nan nan nan nan nan nan nan nan nan nan nan nan nan nan nan nan nan nan nan nan nan nan nan nan nan nan nan nan nan nan nan nan nan
nan nan nan nan nan nan nan nan nan nan nan nan nan nan nan nan nan nan nan nan nan nan nan nan nan nan nan nan nan nan nan nan nan nan nan nan nan nan nan nan nan nan nan nan nan nan nan nan nan nan nan nan nan nan nan nan nan nan nan nan nan nan
nan nan nan nan nan nan nan nan nan nan nan nan nan nan nan nan nan nan nan nan nan nan nan nan nan nan nan nan nan nan nan nan nan nan nan nan nan nan nan nan nan nan nan nan nan nan nan nan nan nan nan nan nan nan nan nan nan nan nan nan nan nan
