results/rofental/swe_month_2020-07-01T0000_2020-07-31T2300.asc
ncols        322
nrows        225
xllcorner    622802.488000000012
yllcorner    5178049.378999999724
cellsize     100.000000000000
[rows 120 to 149 of 225, columns 69 to 137 of 322]
nan nan nan nan nan nan nan nan nan nan nan nan nan nan nan nan nan nan nan nan nan nan nan nan nan nan nan nan nan nan nan nan nan nan nan nan nan nan nan nan nan nan nan nan nan nan nan nan nan nan nan nan nan nan nan nan nan nan nan nan nan nan nan 216.11848843701187661 95.44199203930698161 36.617874509654804172 17.821429870848067623 12.996092753733044844 7.3468966496212502193
nan nan nan nan nan nan nan nan nan nan nan nan nan nan nan nan nan nan nan nan nan nan nan nan nan nan nan nan nan nan nan nan nan nan nan nan nan nan nan nan nan nan nan nan nan nan nan nan nan nan nan nan nan nan nan nan nan nan nan nan nan nan 308.27458142926849405 172.78217992830525418 67.173389114401032884 63.80376258903456943 39.190997149378112852 23.444696411418124882 13.159043336455221507
nan nan nan nan nan nan nan nan nan nan nan nan nan nan nan nan nan nan nan nan nan nan nan nan nan nan nan nan nan nan nan nan nan nan nan nan nan nan nan nan nan nan nan nan nan nan nan nan nan nan nan nan nan nan nan nan nan nan nan nan nan nan 338.73971217748191975 186.39383872816620169 58.267323323011083858 63.632696527376346296 53.33612237740636175 39.452725005564715843 27.344004795579849088
nan nan nan nan nan nan nan nan nan nan nan nan nan nan nan nan nan nan nan nan nan nan nan nan nan nan nan nan nan nan nan nan nan nan nan nan nan nan nan nan nan nan nan nan nan nan nan nan nan nan nan nan nan nan nan nan nan nan nan nan nan nan 455.2430297862970292 286.04497397270000647 64.98693360588342216 53.136960464216265621 47.830865555382921173 43.811947515944652309 27.583296243588076635
nan nan nan nan nan nan nan nan nan nan nan nan nan nan nan nan nan nan nan nan nan nan nan nan nan nan nan nan nan nan nan nan nan nan nan nan nan nan nan nan nan nan nan nan nan nan nan nan nan nan nan nan nan nan nan nan nan nan nan nan nan nan 488.65434606432830833 524.15713238237003679 382.42387906239525819 137.66255682396337079 50.20080847351563591 39.248442710881334961 25.258489766199861748
nan nan nan nan nan nan nan nan nan nan nan nan nan nan nan nan nan nan nan nan nan nan nan nan nan nan nan nan nan nan nan nan nan nan nan nan nan nan nan nan nan nan nan nan nan nan nan nan nan nan nan nan nan nan nan nan nan nan nan nan nan nan 149.02368839175554172 68.917817827127180408 61.961612729910555686 231.20531069676974312 306.05803128864073415 169.61979640127620428 57.933862528865603281
nan nan nan nan nan nan nan nan nan nan nan nan nan nan nan nan nan nan nan nan nan nan nan nan nan nan nan nan nan nan nan nan nan nan nan nan nan nan nan nan nan nan nan nan nan nan nan nan nan nan nan nan nan nan nan nan nan nan nan nan nan 94.30517071952353092 120.78349387851301344 37.695662256116143851 4.4830165086810183084 3.1151768269725503835 6.61501898820828238 7.6551552584434023885 21.25351546268362668
nan nan nan nan nan nan nan nan nan nan nan nan nan nan nan nan nan nan nan nan nan nan nan nan nan nan nan nan nan nan nan nan nan nan nan nan nan nan nan nan nan nan nan nan nan nan nan nan nan nan nan nan nan nan nan nan nan nan nan nan nan 131.09430922029733324 47.935495321101200261 23.593847527377633355 8.1118854336584274023 4.8566648089947994649 7.5985183608359774254 5.435397079480105198 0.06606945566049166052
nan nan nan nan nan nan nan nan nan nan nan nan nan nan nan nan nan nan nan nan nan nan nan nan nan nan nan nan nan nan nan nan nan nan nan nan nan nan nan nan nan nan nan nan nan nan nan nan nan nan nan nan nan nan nan nan nan nan nan nan 229.03425886518408561 71.491658752598354454 20.895623761407758678 31.825974654101514716 15.334056907135328984 8.1664071603865835414 6.1986541379295339027 7.9902689726270006432 0.9244133219411947433
nan nan nan nan nan nan nan nan nan nan nan nan nan nan nan nan nan nan nan nan nan nan nan nan nan nan nan nan nan nan nan nan nan nan nan nan nan nan nan nan nan nan nan nan nan nan nan nan nan nan nan nan nan nan nan nan nan nan nan 179.28713366724963407 93.231182356412432455 33.195362732664328576 24.673120508086309854 32.02523722576123788 24.687515407298150194 17.822149466140352558 9.630808393571443915 0.38808422275425180636 0.037802993999679040948
nan nan nan nan nan nan nan nan nan nan nan nan nan nan nan nan nan nan nan nan nan nan nan nan nan nan nan nan nan nan nan nan nan nan nan nan nan nan nan nan nan nan nan nan nan nan nan nan nan nan nan nan nan nan nan nan nan 363.33845545593180759 127.3085454778719452 69.779034889007689912 28.351077232569252828 14.517727586183202249 6.2051259050312044252 9.5752446982734475966 3.3100063888740405282 0.2742043944151713597 0.06510226952802856959 0.46449505299108101442 0.080188764974893717019
nan nan nan nan nan nan nan nan nan nan nan nan nan nan nan nan nan nan nan nan nan nan nan nan nan nan nan nan nan nan nan nan nan nan nan nan nan nan nan nan nan nan nan nan nan nan nan nan nan nan nan nan nan nan nan nan nan 384.50886242794780401 114.67068139581519404 29.623084935060862932 16.673311214722851048 0.88591005269329237137 0.064310366724854961529 0.052763598468868896929 0.044521295435106467142 0.029043322613325574244 0.019387459315891763384 0.010436818184531898926 0.0045133853025473031489
nan nan nan nan nan nan nan nan nan nan nan nan nan nan nan nan nan nan nan nan nan nan nan nan nan nan nan nan nan nan nan nan nan nan nan nan nan nan nan nan nan nan nan nan nan nan nan nan nan nan nan nan 235.50465238762771492 247.98994620787502186 nan 106.00379896427904214 44.406113628068887067 301.89291147326224518 296.29947914745332582 48.578599433879091407 3.9326202174232545161 0.76181484879851035785 0.032423246135905019194 0.0094170036245305906164 0.0063810655226746856514 0.0054794794137567387135 0.0028103995626622695243 0.0003311963979102314215 0
nan nan nan nan nan nan nan nan nan nan nan nan nan nan nan nan nan nan nan nan nan nan nan nan nan nan nan nan nan nan nan nan nan nan nan nan nan nan nan nan nan nan nan nan nan nan nan nan nan nan nan 232.25913345174322444 204.51888848447339342 164.8273783433824633 216.68700741955760236 32.425390681601655274 2.2907104432865903476 47.072367381438262157 42.247456620564946661 36.558905061996782138 0.087530908498261547623 0.042689630869057026974 0.0074888511952308960476 0.0021472394587138507634 0.00096486953057413771956 0.00023510484142064935992 0 0 0
nan nan nan nan nan nan nan nan nan nan nan nan nan nan nan nan nan nan nan nan nan nan nan nan nan nan nan nan nan nan nan nan nan nan nan nan nan nan nan nan nan nan nan nan nan nan nan nan nan nan 416.46716604578085708 226.43914243038264544 93.984246322579650723 38.591269579607114792 23.779963219579837386 0.10815242608266041613 0.07391963510100073298 2.6016359952610002004 0.079455058034244671616 0.056526877951441095727 0.011872108567242058152 0.0045997600166841432628 0.00086695373281641112829 0 0 0 0 0 0
nan nan nan nan nan nan nan nan nan nan nan nan nan nan nan nan nan nan nan nan nan nan nan nan nan nan nan nan nan nan nan nan nan nan nan nan nan nan nan nan nan nan nan nan nan nan nan nan nan 523.38257971306802574 447.9385934509875824 137.96184560081977111 14.528796170676038457 1.8168606591382090443 0.089017575368494708532 0.042034945912924656652 0.032694703308624818716 0.023334040640608847555 0.01412850094058813212 0.006766205474317038733 0.0042563818072400760525 0.0016727599431913960874 0.00086139691023278026644 0.00019250504005062095587 0 0 0 0 0
nan nan nan nan nan nan nan nan nan nan nan nan nan nan nan nan nan nan nan nan nan nan nan nan nan nan nan nan nan nan nan nan nan nan nan nan nan nan nan nan nan nan nan nan nan nan nan nan 315.90752835335064219 106.50682856860048275 219.1400295844033792 31.659970998086947702 12.827951412890675087 12.882477347223542097 1.5059774137747632405 0.043062502139535982493 0.028987514069549701751 0.022626803951252452696 0.013915566324605485593 0.0048511778898069840907 0.0027000895436720775446 0.0016985233064952093805 0.00045174087438399295304 0.00021745109641676949519 2.9392543586511016184e-07 0 0 0 0
nan nan nan nan nan nan nan nan nan nan nan nan nan nan nan nan nan nan nan nan nan nan nan nan nan nan nan nan nan nan nan nan nan nan nan nan nan nan nan nan nan nan nan nan nan nan nan nan 290.4652998083371358 63.255851225482039979 145.08764422153657847 50.307510804199118581 41.547439186581627268 22.85507937252904398 3.0022081372693993906 0.1381021176395564598 0.02457847253193401818 0.013655314459070330355 0.0059106584662627957918 0.0019647918600218844572 0.0011537401615962221847 0.00026531126837245642752 0.00013048585330811964759 0.00015132370320123010262 8.9049174888017107368e-05 0 0 0 0
nan nan nan nan nan nan nan nan nan nan nan nan nan nan nan nan nan nan nan nan nan nan nan nan nan nan nan nan nan nan nan nan nan nan nan nan nan nan nan nan nan nan nan nan nan nan nan 342.07058474931881165 146.28682873755934679 32.724566805824068183 56.997695714422881963 30.753727422093763977 34.60151553387215273 40.966989409028215618 21.465571324189362201 19.218061738041321007 0.02387502071919803473 0.0093572645105479967942 0.0019582421595012483757 0.00045890948188526380904 0.00022975164562158583207 0 0 0 1.3953593476974992687e-06 0 0 0 0
nan nan nan nan nan nan nan nan nan nan nan nan nan nan nan nan nan nan nan nan nan nan nan nan nan nan nan nan nan nan nan nan nan nan nan nan nan nan nan nan nan nan nan nan nan nan 259.38509185289410652 279.60509808871512405 156.2460754407195509 35.856087744496051073 25.451089443933316403 9.3321585471432744185 0.25214962124759476847 0.44241030019072419277 0.047251016851196807333 0.19350759917320894954 2.6599726990387804193 1.9610274680958497129 0.003874306953850839997 0.00047225566971573245323 5.342689660249102943e-05 0 0 0 0 0 0 0 0
nan nan nan nan nan nan nan nan nan nan nan nan nan nan nan nan nan nan nan nan nan nan nan nan nan nan nan nan nan nan nan nan nan nan nan nan nan nan nan nan nan nan nan nan nan 419.34560313219822092 395.6296143986116931 240.30427579395026783 104.13825443854366881 25.634223036167075094 17.021326239633463473 0.084574083483789877502 0.05039298481609218866 0.044513469974574199073 0.026305682548849216446 0.0083344859770108341984 0.0033146432690656780877 0.0024159810116247408714 0.0027144380638933385437 0.00079592939741310602016 0 0 0 0 0 0 0 0 0
nan nan nan nan nan nan nan nan nan nan nan nan nan nan nan nan nan nan nan nan nan nan nan nan nan nan nan nan nan nan nan nan nan nan nan nan nan nan nan nan nan nan nan nan 365.64484938578834772 282.07971138943895539 307.06381325961416451 195.77755227986170894 32.806200408548150449 35.954753650884512695 20.947777713887269613 1.2457604976991152324 0.3211651102036626737 0.40902149032664331108 0.39694085338601542423 0.010369743108722535158 0.0017514357432879899389 0.00077684117110464316093 8.2597249822022574873e-05 0 0 0 0 0 0 0 0 0 0
nan nan nan nan nan nan nan nan nan nan nan nan nan nan nan nan nan nan nan nan nan nan nan nan nan nan nan nan nan nan nan nan nan nan nan nan nan nan nan nan nan nan nan 285.73053373195187987 61.155498784327960493 40.989836111124709817 14.026241199733355813 130.22320649080288035 123.51439014348908074 34.906776698024138739 2.089553804689892047 0.04170360794833325585 0.026348803442561206933 0.01538752203483266523 0.0076735695433331665288 0.0038196362606796657388 0.00032820959071550622876 0 0 0 0 0 0 0 0 0 0 0 0
nan nan nan nan nan nan nan nan nan nan nan nan nan nan nan nan nan nan nan nan nan nan nan nan nan nan nan nan nan nan nan nan nan nan nan nan nan nan nan nan nan nan 104.52918077629519189 150.36613035337774136 7.6931315442719805375 0.40223936147490096937 0.10035015886932124873 0.061783777560129093942 32.954546358633926673 123.39895284879513326 8.0188774067418826519 0.029190415107568604136 0.012289068995303794457 0.0067027060767554024964 0.0026165588482128326019 0.00030728037201091501886 0 0 0 0 0 0 0 0 0 0 0 0 0
nan nan nan nan nan nan nan nan nan nan nan nan nan nan nan nan nan nan nan nan nan nan nan nan nan nan nan nan nan nan nan nan nan nan nan nan nan nan nan 247.53585672657004579 120.55530176125614616 23.308863040113877219 45.430294100908305666 30.91080774613316251 1.8040605113241918733 0.049479529043624889684 0.030021234599442000318 0.016669790753384639698 0.030392004145660650449 11.137521174442815308 28.941859288227341551 10.148772618196518991 0.017330048638343056172 0.0065513518574958863258 0.0027430835555534681391 0.0010300820091037768498 2.0716475160483384214e-05 0 0 0 0 0 0 0 0 0 0 0 0
nan nan nan nan nan nan nan nan nan nan nan nan nan nan nan nan nan nan nan nan nan nan nan nan nan nan nan nan nan nan nan nan nan nan nan nan nan nan 3.1773501331469558018 20.53794538916708845 58.332089600013553365 2.1004818437928354236 0.1211689814056539638 8.1166292033683316021 8.9780700964333775005 0.053353553635973584301 0.014052736815916479912 0.0067852619863318164653 0.0061905617070747891509 0.006613530566660157442 0.014539732669937631068 0.27174259126665245567 7.437005631800579053 10.239269065449882135 3.0519778113746047765 0.0024986623461143993123 0.00025585091337867695753 0 0 0 0 0 0 0 0 0 0 0 0
nan nan nan nan nan nan nan nan nan nan nan nan nan nan nan nan nan nan nan nan nan nan nan nan nan nan nan nan nan nan nan nan nan nan nan nan nan nan 0.38749445481373995248 1.1240326557016551146 0.77674675351411281987 1.9620781806434164363 0.036969650627439808177 0.030992095378639065301 0.020759693091501048995 0.02137385124256470717 0.0069346983497043414302 0.0036611271014790249673 0.0020051122526018030565 0.00068345833703638920933 0.00077110959102858573841 0.0015273773552555247688 0.0014142829516841522695 0.0010318359745077503638 0.00068448247958482674996 0.0010102224998304631162 0 0 0 0 0 0 0 0 0 0 0 0 0
nan nan nan nan nan nan nan nan nan nan nan nan nan nan nan nan nan nan nan nan nan nan nan nan nan nan nan nan nan nan nan nan nan nan nan nan nan nan 11.039929522548110441 3.2679847134444619527 0.062955633063207339095 0.045192709409130026044 0.027660107978141963009 0.022779187315311894002 0.013041655152262751974 0.011671194323556757094 0.006141768019789440626 0.0032262373051807863127 0.0020687361026606857807 0.00021180405658327854275 0 0 0 0 0 0 0 0 0 0 0 0 0 0 0 0 0 0 0
nan nan nan nan nan nan nan nan nan nan nan nan nan nan nan nan nan nan nan nan nan nan nan nan nan nan nan nan nan nan nan nan nan nan nan nan nan 192.34343338569183857 52.935329487191346232 7.6504642204737800526 0.057942951864818452445 0.10946621279778598335 0.032335083710783009414 0.025843997952468285295 0.018692500129099218209 0.014847787043207823915 0.010708745659829070271 0.0052287938420600525713 0.0037252618307657397317 0.001177622909893508759 9.2552449112797099853e-05 0 0 0 0 0 0 0 0 0 0 0 0 0 0 0 0 0 0
nan nan nan nan nan nan nan nan nan nan nan nan nan nan nan nan nan nan nan nan nan nan nan nan nan nan nan nan nan nan nan nan nan nan nan nan nan 355.93757168316392381 178.05390747356264569 31.844099220089187696 1.1020561940541775403 0.39226183881162979272 0.18380073710140695797 0.028017229511522627472 0.023496518348028756079 0.017009592588514799855 0.0085322883844309894974 0.0043429891078327854601 0.0025707277363597297835 0.00093811809453991175291 9.8348022409856293113e-05 0 0 0 0 0 0 0 0 0 0 0 0 0 0 0 0 0 0
