results/rofental/swe_month_2019-11-01T0000_2019-11-30T2300.asc
ncols        322
nrows        225
xllcorner    622802.488000000012
yllcorner    5178049.378999999724
cellsize     100.000000000000
[rows 112 to 139 of 225, columns 189 to 251 of 322]
80.235067903684964108 78.375006840255977636 77.759475031899128794 77.168142770839949662 79.935075939073044538 83.399083036814047887 86.189607605806429547 89.259472429608507582 94.598050053279294502 100.72720015279993788 105.99799509353542248 113.15670478326353532 114.29656003428767974 114.83283464994920564 114.72407766673835283 113.16887071722625535 113.12099400303522145 120.36111658358851173 126.62008032565094595 131.24533188851216892 133.62705645128602328 131.69956694050540591 129.76263496113446649 130.75351005860900955 134.30787809847143421 138.88402911691255781 136.55940182882039835 nan nan nan nan nan nan nan nan nan nan nan nan nan nan nan nan nan nan nan nan nan nan nan nan nan nan nan nan nan nan nan nan nan nan nan nan
78.197047803368462837 77.368436155699484402 77.071959517081580771 79.964785338375506285 81.804146691504172395 85.516878642668729071 89.305836971662301949 93.205008960122853523 100.47152468497039024 105.71017975200241779 110.86230232180039934 115.00121323879463375 116.40243900183681092 117.59832289755728141 118.51989172979344289 116.37904770618105488 116.17021830813283145 119.37472174365713329 125.65481558540822959 134.14382877959434381 132.80322427481445402 133.06308855026162519 133.21162699747526403 134.83843948806566004 140.30973606334487158 nan nan nan nan nan nan nan nan nan nan nan nan nan nan nan nan nan nan nan nan nan nan nan nan nan nan nan nan nan nan nan nan nan nan nan nan nan nan
76.461575188684307136 76.264880858787861939 79.450625752882302777 82.215195277600514601 84.873345091015892194 88.229917849585575595 92.847574067679460086 98.199123372165473711 103.3400364912691316 109.35718622401952871 114.82942654181272246 118.03251807370133974 117.6913121722581792 118.22572116155978961 119.33412197696962664 118.95539081348809418 118.82483113900609339 119.35594558425430023 125.28763230511351878 134.55529022020243701 134.74180718195216855 133.92573818399031893 134.69355747796191736 138.61781766148763495 148.09131323734325747 nan nan nan nan nan nan nan nan nan nan nan nan nan nan nan nan nan nan nan nan nan nan nan nan nan nan nan nan nan nan nan nan nan nan nan nan nan nan
75.91880503759102794 78.507675240635535374 81.258908438318016465 84.259075570490239215 87.349628459388199531 91.724308757107834822 96.14429543469265127 99.907713845900758542 104.17291583169833302 110.77232394727923293 116.0443812660028442 120.67286242238445482 122.10657145453254202 123.07899783280640804 122.65979685426678714 121.41756964963212795 121.9112973112730316 121.85470533488329181 125.21840084897031886 135.00113048187159848 140.79896551688048589 137.23251752800220515 137.7781338015478525 143.07139785755833827 152.62958789836602591 nan nan nan nan nan nan nan nan nan nan nan nan nan nan nan nan nan nan nan nan nan nan nan nan nan nan nan nan nan nan nan nan nan nan nan nan nan nan
79.372838511620841473 81.380763843389956946 83.751369039329148336 87.575828632950120323 92.112117268491374489 96.339172616512882996 100.97711393438346761 105.60257044426190021 108.3748907258321168 111.94190971549998892 115.6838302724996197 123.76429473370927781 126.62775108528832391 126.3761788906062975 125.05306100906229005 124.65084821545717375 125.24228967555208669 124.61316736293377971 127.51661172286753754 141.08901130310636063 148.1073059145928994 145.15950223918414963 146.11478199636206909 151.93386837315335924 153.98237029197127868 nan nan nan nan nan nan nan nan nan nan nan nan nan nan nan nan nan nan nan nan nan nan nan nan nan nan nan nan nan nan nan nan nan nan nan nan nan nan
82.275276471978685322 84.3778471550457283 86.844449305057807464 93.292382667186700473 97.689103089381632117 101.29906071148467106 106.66214584746434468 111.06796241390198077 115.81244989909389176 119.33884492335528194 121.49568239066462638 124.36496121096136847 129.32136464024281963 129.34124966135672707 129.76612817503874453 129.65855471188160664 129.43197106808599983 128.49819302620429085 130.82456724378786816 143.01892482756596792 156.52565897727143351 157.47819199809799784 157.7234439408880462 161.21129520464793927 nan nan nan nan nan nan nan nan nan nan nan nan nan nan nan nan nan nan nan nan nan nan nan nan nan nan nan nan nan nan nan nan nan nan nan nan nan nan nan
85.562352732190191773 88.516061801634961625 93.029463785456741221 98.417543445436052707 103.03811813893955218 106.95640001062935198 111.83752395929560919 116.16772725450566384 121.1212611009937774 124.02381986208573039 128.34546340002839315 128.35777899820359949 129.06297782662193185 131.10079224760488614 132.13968748360949235 132.13593730601354537 131.79052908424958446 132.78546049740668877 137.98985788255833995 147.27676745595459806 159.72220423735947747 165.74822212371276464 166.39290629357356011 nan nan nan nan nan nan nan nan nan nan nan nan nan nan nan nan nan nan nan nan nan nan nan nan nan nan nan nan nan nan nan nan nan nan nan nan nan nan nan nan
89.204558652826221987 93.951370999855171817 99.709765655937673046 104.29916269715248234 108.38067443850887628 112.37696713582064945 117.27135307641127326 121.77788839647918451 124.64427561665284827 128.56622688592435111 130.45404515351887653 129.55850844014506151 130.30559922382360583 133.35499845309323064 133.27006501258196636 133.5137761172882449 133.82080149853851481 136.43749850607392204 145.08151415795722983 156.0560617439603277 163.85415215294145241 176.60506227202961327 nan nan nan nan nan nan nan nan nan nan nan nan nan nan nan nan nan nan nan nan nan nan nan nan nan nan nan nan nan nan nan nan nan nan nan nan nan nan nan nan nan
93.513727547803924267 100.237006975343931 106.14159709797749542 111.14509683497905712 113.92077263632539541 117.42881299879323365 121.51097542628471615 125.31504789384403864 131.49830000316308087 134.6489612170890382 133.58961874064718245 131.78673530453463059 132.62320087443526972 137.58475636552319088 138.29761715217108531 139.91358961623024015 139.47163996749955572 145.84003618613687081 154.4302024457532525 159.24167347481133561 167.22757680107210376 187.63445195348467109 nan nan nan nan nan nan nan nan nan nan nan nan nan nan nan nan nan nan nan nan nan nan nan nan nan nan nan nan nan nan nan nan nan nan nan nan nan nan nan nan nan
99.054371762980423455 105.3818872636305457 111.95950215823336293 116.1398737196956148 119.2688625473893751 122.21102837848583533 125.94869368693085221 130.76890688325909196 139.91327916239470142 136.61598733836160591 136.07604789111439914 134.02180999203761758 133.56608683551755234 139.32569011187652563 142.66584109984808038 144.66880348281083002 144.35486826781954051 149.97788581487884585 160.87944792127083815 164.43299920744192377 170.2218100316682694 199.26260966618229986 nan nan nan nan nan nan nan nan nan nan nan nan nan nan nan nan nan nan nan nan nan nan nan nan nan nan nan nan nan nan nan nan nan nan nan nan nan nan nan nan nan
101.27108219565569414 107.82506503073446424 112.43922594737632892 118.50865669315933815 122.56875562963620041 126.16773120418056919 132.75572649703289585 139.74320851652439046 143.6046639023327316 139.03417621343160704 139.11149156192823284 138.13615227005345787 140.5950825890756164 144.11710401587373553 145.48231913277805916 146.58178195753896489 148.06267766673582287 152.01144629118635976 162.82797797278632856 166.82380386515214354 171.50519349980564243 179.76171821288761521 nan nan nan nan nan nan nan nan nan nan nan nan nan nan nan nan nan nan nan nan nan nan nan nan nan nan nan nan nan nan nan nan nan nan nan nan nan nan nan nan nan
104.1438247674026627 108.9777703835488154 112.15184643503714312 120.73982653328116044 125.5519452934554181 131.34232193923540422 139.73965622102639372 146.14871909560727659 143.81747370918452589 142.10265091907240276 143.18317412822327128 144.27147297931341541 146.94139629571122896 148.83140918587687906 149.5428084788304659 149.93108777069292614 152.27303603164116907 151.0607444461383011 151.40651490902530441 160.18653164794255872 166.87422264466013644 174.23657156058359874 nan nan nan nan nan nan nan nan nan nan nan nan nan nan nan nan nan nan nan nan nan nan nan nan nan nan nan nan nan nan nan nan nan nan nan nan nan nan nan nan nan
106.99998433230220485 110.88953316492545298 116.03902091977136024 122.77439333252948472 129.60873118271902626 137.91981403390676064 148.6811916255398387 151.68955874709797627 146.20079770209378012 145.01019875981731388 144.70605909374543785 146.68171359273353005 148.95976289702846884 151.06478001911074216 151.76218605953911833 151.57706932838246416 153.92797791280102615 156.80353105228411437 155.31523026808736176 159.82413226594655953 168.64298732454554397 174.68187265175254197 nan nan nan nan nan nan nan nan nan nan nan nan nan nan nan nan nan nan nan nan nan nan nan nan nan nan nan nan nan nan nan nan nan nan nan nan nan nan nan nan nan
108.56646031003738528 113.9176482021561867 119.9504150649575962 126.41159361368082159 133.30188980638888552 142.98975265394636835 151.22385918973998287 151.04942994189781302 151.87483841255897232 150.29038616167045461 150.66892927853334072 151.77314764226227339 152.92374202939262773 154.20582603372767494 154.31549610284847063 154.90125996995539026 159.22905988181031489 161.29723727274637213 162.26708248760951392 163.36551323183269346 171.18753037156673713 175.42173368746361461 nan nan nan nan nan nan nan nan nan nan nan nan nan nan nan nan nan nan nan nan nan nan nan nan nan nan nan nan nan nan nan nan nan nan nan nan nan nan nan nan nan
109.58599138389119787 115.46363240329196742 122.97127513806516674 130.61999567079519124 137.54448678038542653 145.99885584583779519 155.89374712365881237 155.70967102444345187 155.35690405593456376 155.50640862488737071 155.38363364264475308 155.41620848088609819 156.35465229183446922 157.00951447256301208 157.57888195022604805 160.17510189459196113 166.97176854347318908 167.27423922207850637 168.46994495049108309 168.00178178021150188 169.86006764067835206 nan nan nan nan nan nan nan nan nan nan nan nan nan nan nan nan nan nan nan nan nan nan nan nan nan nan nan nan nan nan nan nan nan nan nan nan nan nan nan nan nan nan
111.20070433181271596 116.85165334182494234 123.14885270843386422 133.09894795955452196 140.8574671535239986 147.85209966985303254 158.54911587443939425 163.50166548942110012 158.88489173281487865 159.08337971457498838 158.77134949505307304 158.43256346043835947 158.41217620571848101 159.41899530923041084 160.56560865982078212 163.47451199051258186 170.27669839719294487 173.67872423489319544 172.23316869839024434 172.69535354599682364 175.86969767602332126 nan nan nan nan nan nan nan nan nan nan nan nan nan nan nan nan nan nan nan nan nan nan nan nan nan nan nan nan nan nan nan nan nan nan nan nan nan nan nan nan nan nan
117.491056716941074 120.35484565585349515 126.81033195373861133 137.00820579928259235 148.07690194075425438 154.96690047802658796 161.68998318121501256 160.56592071286112855 160.89893087268828253 160.71429611038678331 160.71989018721356501 160.58480307297242007 161.12433500086652316 162.23896160036375136 163.16469121804752263 165.20150309939037925 171.1043238327380891 185.48581701554988399 183.69998327917784309 177.50128987838024841 178.27348129151820899 nan nan nan nan nan nan nan nan nan nan nan nan nan nan nan nan nan nan nan nan nan nan nan nan nan nan nan nan nan nan nan nan nan nan nan nan nan nan nan nan nan nan
120.21549114271181224 124.6768360500065711 130.50430903937211724 136.62292586192000954 147.21441786489336323 156.19086218284095935 162.97795180290225403 164.00891351177352817 163.04444532067594764 162.13694982964756264 162.36192972367138054 162.62676555009457502 164.06227226690288035 165.75341646515059324 167.1094232637525181 169.17728831988841875 171.78140982113816904 193.41865751448725064 206.17501608052856454 nan nan nan nan nan nan nan nan nan nan nan nan nan nan nan nan nan nan nan nan nan nan nan nan nan nan nan nan nan nan nan nan nan nan nan nan nan nan nan nan nan nan nan nan
122.28168457703118577 125.73131667230458675 133.5372144051042369 141.37717488801146715 147.86412207469163604 154.07599397636442973 161.93344331056607643 168.67541001972068671 165.80788358010687489 165.26131126012165851 165.93929535922114837 166.36084727967306662 167.83533459160747725 172.9171409685025651 181.2667521250314735 173.63496552084413338 174.70542020260700156 181.49475729691820902 nan nan nan nan nan nan nan nan nan nan nan nan nan nan nan nan nan nan nan nan nan nan nan nan nan nan nan nan nan nan nan nan nan nan nan nan nan nan nan nan nan nan nan nan nan
119.90595794286596742 127.55894180953178818 133.62094512123462664 138.04793450343785821 138.71348660915160167 147.09212531137009705 159.68284780282829161 180.84661970351959326 178.55816813958685429 175.91340981832286161 174.64732204815896921 180.58306977911021818 190.31159379978311108 201.57684984796358663 193.9520166063610418 177.0998051387645944 179.68557990157972881 nan nan nan nan nan nan nan nan nan nan nan nan nan nan nan nan nan nan nan nan nan nan nan nan nan nan nan nan nan nan nan nan nan nan nan nan nan nan nan nan nan nan nan nan nan nan
128.91003801347326885 133.53290977561448472 136.29174242594561406 141.24051609744117286 145.78223709327733104 152.33887538602496647 161.1352292882936581 177.97244950819026599 191.1797774612849139 193.17986082447072249 195.9299731278517811 194.73590099723750768 nan nan nan 187.51762971995148632 nan nan nan nan nan nan nan nan nan nan nan nan nan nan nan nan nan nan nan nan nan nan nan nan nan nan nan nan nan nan nan nan nan nan nan nan nan nan nan nan nan nan nan nan nan nan nan
132.59740760786746705 135.138452624167968 137.79751049019998277 143.72563084340316664 149.89048292309038857 157.67573876055905657 164.29673597193959722 186.31379310538468985 207.75106904323348544 nan nan nan nan nan nan nan nan nan nan nan nan nan nan nan nan nan nan nan nan nan nan nan nan nan nan nan nan nan nan nan nan nan nan nan nan nan nan nan nan nan nan nan nan nan nan nan nan nan nan nan nan nan nan
129.0271960753604219 137.08388206806000653 141.7865930755891668 146.18404924776791631 153.67304508366652271 162.2819423939762089 167.91130164483976728 177.94551083449846374 nan nan nan nan nan nan nan nan nan nan nan nan nan nan nan nan nan nan nan nan nan nan nan nan nan nan nan nan nan nan nan nan nan nan nan nan nan nan nan nan nan nan nan nan nan nan nan nan nan nan nan nan nan nan nan
133.15342550618393602 138.18230400297591132 144.33479558431159262 149.59010186729418024 158.72787961089892406 165.55781137604165565 170.92523279527176783 177.04680171549966872 nan nan nan nan nan nan nan nan nan nan nan nan nan nan nan nan nan nan nan nan nan nan nan nan nan nan nan nan nan nan nan nan nan nan nan nan nan nan nan nan nan nan nan nan nan nan nan nan nan nan nan nan nan nan nan
136.50359482589942672 138.50564173661138057 142.17316158243815494 145.91499440168996671 150.27135985944551066 159.49182164374099102 168.08375192384909269 191.63026148597455744 nan nan nan nan nan nan nan nan nan nan nan nan nan nan nan nan nan nan nan nan nan nan nan nan nan nan nan nan nan nan nan nan nan nan nan nan nan nan nan nan nan nan nan nan nan nan nan nan nan nan nan nan nan nan nan
139.52144864325578055 142.5087541538368896 144.44147306268666853 146.25430703271686639 150.84516959331094199 159.90986118282776829 169.98895411004340872 190.2367295718676985 225.30846894496789901 nan nan nan nan nan nan nan nan nan nan nan nan nan nan nan nan nan nan nan nan nan nan nan nan nan nan nan nan nan nan nan nan nan nan nan nan nan nan nan nan nan nan nan nan nan nan nan nan nan nan nan nan nan nan
142.56099745426644176 145.8346558272427842 150.32010628022339915 152.80354604603019197 154.02781981056756422 158.95868873551901856 167.9082817030959518 175.40388265467217366 204.53604667155391894 nan nan nan nan nan nan nan nan nan nan nan nan nan nan nan nan nan nan nan nan nan nan nan nan nan nan nan nan nan nan nan nan nan nan nan nan nan nan nan nan nan nan nan nan nan nan nan nan nan nan nan nan nan nan
145.67943680234230897 149.21514490943229703 153.00044242854445997 155.99910054161645689 158.17930007444113016 162.09662500096658277 171.84645004108330113 184.37677033937271176 225.40747590880496887 nan nan nan nan nan nan nan nan nan nan nan nan nan nan nan nan nan nan nan nan nan nan nan nan nan nan nan nan nan nan nan nan nan nan nan nan nan nan nan nan nan nan nan nan nan nan nan nan nan nan nan nan nan nan
