results/rofental/swe_month_2019-11-01T0000_2019-11-30T2300.asc
ncols        322
nrows        225
xllcorner    622802.488000000012
yllcorner    5178049.378999999724
cellsize     100.000000000000
[rows 168 to 195 of 225, columns 63 to 125 of 322]
nan nan nan nan nan nan nan nan nan nan nan nan nan nan nan nan nan nan nan nan nan nan nan nan nan nan nan nan 209.29708430425554866 196.617920104375969 188.30713672422808713 183.1615813360543541 196.9941607562149386 201.67058960026955106 191.55576604858165979 151.00409381831295264 149.87599465299481949 158.97929570854546455 162.05640515480206432 143.07017034276992717 135.14651740414021219 140.69154133895582959 142.95112678526280092 140.07733317474864521 132.27432763753930089 132.04855804650114237 135.12480696048612572 131.79346481467158014 123.38706074298958981 121.48300078852146555 120.65173164346143153 120.40603568358102393 122.77387422328534683 121.42902164230562789 118.17692135852742297 117.07311274453955718 116.27729027955602703 115.71110722542431404 120.92275823068224838 130.1856530861211354 134.56660563788796026 155.17823025503130907 171.56924657027394687
nan nan nan nan nan nan nan nan nan nan nan nan nan nan nan nan nan nan nan nan nan nan nan nan nan nan nan nan 215.23959789051554026 198.84503383615597727 162.84545223106113099 168.88759699149289872 178.88795927980493161 190.10380172722651082 196.11812446226613815 187.21834538516566226 160.57850936460326352 148.47945208815065143 154.80028576603839952 161.9358103133936595 154.90643026334470278 140.41929705796553662 137.73766465395056002 143.72002509407488446 139.62044955353712794 133.3800013337826158 131.40466302141837218 129.02827102333824882 126.11783966588548367 125.64366458286134787 126.27360848666425852 127.13276778350612517 126.12549319328344666 123.78444500650347493 124.68380390996507856 125.25281443021124517 130.13520926817312784 143.70974727679609373 154.30272148964957069 157.09773593152954163 154.51010679627992772 167.67993423115888163 180.35782324017526435
nan nan nan nan nan nan nan nan nan nan nan nan nan nan nan nan nan nan nan nan nan nan nan nan nan nan nan 158.44155434119699066 191.93817813762203173 173.10477704516668496 156.00076122314860072 157.95804235849277575 170.24334348553463769 181.97800761875592457 188.67223869707027006 190.15581539196389826 179.24598541340424163 160.47986308725779736 147.75132010465429744 163.42158585762666689 162.78963763866150316 143.56317280176958207 133.32971747028901177 142.50751901437229208 146.29078970850829933 144.42895141019960192 139.34757644503295637 135.86101535011013652 132.56248312443750592 129.93536128523030015 128.95885828909749193 126.81592544312032089 126.11845186772744398 128.75469808302850083 134.1719764790651368 146.71775334130879287 159.78142288280352545 166.69162924355083533 169.55543264668190773 172.14763314658500803 172.62515822364247242 182.16494736326427528 189.97088778124592068
nan nan nan nan nan nan nan nan nan nan nan nan nan nan nan nan nan nan nan nan nan nan nan nan nan nan nan 174.51337302494087567 166.94503694227418578 177.97877646925550721 175.38489457342956257 166.55875758345348459 168.98688610292762746 176.24176600771372136 189.63389593541879208 194.78896214431051703 192.17396409434974203 181.89602507631900608 171.4845763893376045 167.07180229813590699 166.83283662852250018 149.22762919564721074 141.25411337643933507 144.61700654967896185 152.84668962025142491 155.42476939265114311 151.4984080967442992 147.2242108410961805 144.32416260104869821 141.74485876799758444 138.93230658178345038 134.04576345146347194 142.86462454572850334 158.07693885424217228 169.02190460869678645 172.15528228135602262 175.6594219884976269 176.95312481038476449 179.13591371938863972 180.81577622385842119 184.52929487894763838 185.41485142329798919 nan
nan nan nan nan nan nan nan nan nan nan nan nan nan nan nan nan nan nan nan nan nan nan nan nan nan nan nan nan 204.66679435933906461 188.13844001170292586 191.64257403049293771 186.55363020421128795 177.76815898977028496 171.43000884875493739 179.78580594428365202 187.74939017766195093 190.88820922007326431 192.66509045467614669 186.06540117924814126 175.19118390999634016 180.28709296560953135 170.87590876284346564 155.13560446168494877 151.20672662407022813 154.25020995392691248 153.85328057813435976 146.54137216576197034 145.89138061012624803 151.08690555058467453 156.70882794939100791 170.05391286160073605 176.98651794727589959 181.18545257268942805 182.22420477414942752 182.93776628580602051 183.23627258890181224 185.27788601271009838 185.28434354893846603 185.74658983495871212 185.8220800956498806 193.24136010754239123 178.4440734440373717 nan
nan nan nan nan nan nan nan nan nan nan nan nan nan nan nan nan nan nan nan nan nan nan nan nan nan nan nan nan nan 207.41883426555062897 203.43480121339874245 196.44654883786691357 189.90197834391651099 182.90788434497952153 172.81324847424122026 175.05979434052503052 179.45003028907359521 182.63427934559840082 174.3485721308443317 164.67214423967956805 172.14548461475851582 165.79796541943329657 164.29629105816442802 160.89648103555060743 159.65110898993231103 156.90781631317895517 157.22359944558718325 166.24897217926675808 175.39836041115543708 180.35808300640701418 186.04016409375131502 185.65187943980862428 183.0188613763044998 185.5980850062230445 187.92672307556784972 188.69862831268028458 189.84315401356874986 190.16187254118233341 193.23937649636863512 195.0656663391729353 180.67219321410334487 nan nan
nan nan nan nan nan nan nan nan nan nan nan nan nan nan nan nan nan nan nan nan nan nan nan nan nan nan nan nan nan nan 212.53035148673521348 207.17877185090625858 201.63617547198398938 197.08115817843554396 190.4019599511929357 177.44260430841677589 176.73927279591541151 177.63187027497718873 178.25359678191668422 182.31156434136670441 185.93888244602109694 188.15737184940326188 190.31196392368434545 189.15516427251225196 184.26421669655906044 185.49611369074790446 187.83167145671342269 188.01540617133193223 187.30617291578170125 185.09273944773403286 183.43544601612944689 185.81675413222987459 188.69893756220460546 191.73952716453416656 193.58923117561698746 195.54360160799373602 197.50902068095734876 199.20031547932933336 nan nan nan nan nan
nan nan nan nan nan nan nan nan nan nan nan nan nan nan nan nan nan nan nan nan nan nan nan nan nan nan nan nan nan nan nan nan nan nan nan 187.39422412975011412 187.16130068048963153 188.43186206799387605 192.29037272490387522 196.23507360806792121 197.93173641752179037 199.99766491187472184 201.15146602616817972 198.82814515866471083 194.59616264309417488 191.71721988841477469 186.99597037268893018 182.62149122461408979 183.56551876263296208 181.95516523910256979 186.67014073995952117 191.02360870675860838 196.05921034048273555 nan nan nan nan nan nan nan nan nan nan
nan nan nan nan nan nan nan nan nan nan nan nan nan nan nan nan nan nan nan nan nan nan nan nan nan nan nan nan nan nan nan nan nan nan nan nan nan nan nan nan nan nan nan nan nan nan 177.0830853223786221 180.486217351038988 184.1577041417788223 187.78654976780669017 192.35222862066305538 196.46717278437745335 190.07594136949541053 nan nan nan nan nan nan nan nan nan nan
nan nan nan nan nan nan nan nan nan nan nan nan nan nan nan nan nan nan nan nan nan nan nan nan nan nan nan nan nan nan nan nan nan nan nan nan nan nan nan nan nan nan nan nan nan nan nan 183.25580870788408561 191.42263721006176524 189.14451878058369516 190.00818693027599693 nan nan nan nan nan nan nan nan nan nan nan nan
nan nan nan nan nan nan nan nan nan nan nan nan nan nan nan nan nan nan nan nan nan nan nan nan nan nan nan nan nan nan nan nan nan nan nan nan nan nan nan nan nan nan nan nan nan nan nan nan nan nan nan nan nan nan nan nan nan nan nan nan nan nan nan
nan nan nan nan nan nan nan nan nan nan nan nan nan nan nan nan nan nan nan nan nan nan nan nan nan nan nan nan nan nan nan nan nan nan nan nan nan nan nan nan nan nan nan nan nan nan nan nan nan nan nan nan nan nan nan nan nan nan nan nan nan nan nan
nan nan nan nan nan nan nan nan nan nan nan nan nan nan nan nan nan nan nan nan nan nan nan nan nan nan nan nan nan nan nan nan nan nan nan nan nan nan nan nan nan nan nan nan nan nan nan nan nan nan nan nan nan nan nan nan nan nan nan nan nan nan nan
nan nan nan nan nan nan nan nan nan nan nan nan nan nan nan nan nan nan nan nan nan nan nan nan nan nan nan nan nan nan nan nan nan nan nan nan nan nan nan nan nan nan nan nan nan nan nan nan nan nan nan nan nan nan nan nan nan nan nan nan nan nan nan
nan nan nan nan nan nan nan nan nan nan nan nan nan nan nan nan nan nan nan nan nan nan nan nan nan nan nan nan nan nan nan nan nan nan nan nan nan nan nan nan nan nan nan nan nan nan nan nan nan nan nan nan nan nan nan nan nan nan nan nan nan nan nan
nan nan nan nan nan nan nan nan nan nan nan nan nan nan nan nan nan nan nan nan nan nan nan nan nan nan nan nan nan nan nan nan nan nan nan nan nan nan nan nan nan nan nan nan nan nan nan nan nan nan nan nan nan nan nan nan nan nan nan nan nan nan nan
nan nan nan nan nan nan nan nan nan nan nan nan nan nan nan nan nan nan nan nan nan nan nan nan nan nan nan nan nan nan nan nan nan nan nan nan nan nan nan nan nan nan nan nan nan nan nan nan nan nan nan nan nan nan nan nan nan nan nan nan nan nan nan
nan nan nan nan nan nan nan nan nan nan nan nan nan nan nan nan nan nan nan nan nan nan nan nan nan nan nan nan nan nan nan nan nan nan nan nan nan nan nan nan nan nan nan nan nan nan nan nan nan nan nan nan nan nan nan nan nan nan nan nan nan nan nan
nan nan nan nan nan nan nan nan nan nan nan nan nan nan nan nan nan nan nan nan nan nan nan nan nan nan nan nan nan nan nan nan nan nan nan nan nan nan nan nan nan nan nan nan nan nan nan nan nan nan nan nan nan nan nan nan nan nan nan nan nan nan nan
nan nan nan nan nan nan nan nan nan nan nan nan nan nan nan nan nan nan nan nan nan nan nan nan nan nan nan nan nan nan nan nan nan nan nan nan nan nan nan nan nan nan nan nan nan nan nan nan nan nan nan nan nan nan nan nan nan nan nan nan nan nan nan
nan nan nan nan nan nan nan nan nan nan nan nan nan nan nan nan nan nan nan nan nan nan nan nan nan nan nan nan nan nan nan nan nan nan nan nan nan nan nan nan nan nan nan nan nan nan nan nan nan nan nan nan nan nan nan nan nan nan nan nan nan nan nan
nan nan nan nan nan nan nan nan nan nan nan nan nan nan nan nan nan nan nan nan nan nan nan nan nan nan nan nan nan nan nan nan nan nan nan nan nan nan nan nan nan nan nan nan nan nan nan nan nan nan nan nan nan nan nan nan nan nan nan nan nan nan nan
nan nan nan nan nan nan nan nan nan nan nan nan nan nan nan nan nan nan nan nan nan nan nan nan nan nan nan nan nan nan nan nan nan nan nan nan nan nan nan nan nan nan nan nan nan nan nan nan nan nan nan nan nan nan nan nan nan nan nan nan nan nan nan
nan nan nan nan nan nan nan nan nan nan nan nan nan nan nan nan nan nan nan nan nan nan nan nan nan nan nan nan nan nan nan nan nan nan nan nan nan nan nan nan nan nan nan nan nan nan nan nan nan nan nan nan nan nan nan nan nan nan nan nan nan nan nan
nan nan nan nan nan nan nan nan nan nan nan nan nan nan nan nan nan nan nan nan nan nan nan nan nan nan nan nan nan nan nan nan nan nan nan nan nan nan nan nan nan nan nan nan nan nan nan nan nan nan nan nan nan nan nan nan nan nan nan nan nan nan nan
nan nan nan nan nan nan nan nan nan nan nan nan nan nan nan nan nan nan nan nan nan nan nan nan nan nan nan nan nan nan nan nan nan nan nan nan nan nan nan nan nan nan nan nan nan nan nan nan nan nan nan nan nan nan nan nan nan nan nan nan nan nan nan
nan nan nan nan nan nan nan nan nan nan nan nan nan nan nan nan nan nan nan nan nan nan nan nan nan nan nan nan nan nan nan nan nan nan nan nan nan nan nan nan nan nan nan nan nan nan nan nan nan nan nan nan nan nan nan nan nan nan nan nan nan nan nan
nan nan nan nan nan nan nan nan nan nan nan nan nan nan nan nan nan nan nan nan nan nan nan nan nan nan nan nan nan nan nan nan nan nan nan nan nan nan nan nan nan nan nan nan nan nan nan nan nan nan nan nan nan nan nan nan nan nan nan nan nan nan nan
