results/rofental/swe_month_2020-08-01T0000_2020-08-31T2300.asc
ncols        322
nrows        225
xllcorner    622802.488000000012
yllcorner    5178049.378999999724
cellsize     100.000000000000
[rows 58 to 86 of 225, columns 192 to 255 of 322]
nan nan nan nan nan nan nan nan nan nan nan nan nan nan nan nan nan nan nan nan nan nan nan nan nan nan nan nan nan nan nan nan nan nan nan nan nan nan nan nan nan nan nan nan nan nan nan nan nan nan nan nan nan nan nan nan nan nan nan nan nan nan nan nan
nan nan nan nan nan nan nan nan nan 513.31391687008238023 nan nan nan nan nan nan nan nan nan nan nan nan nan nan nan nan nan nan nan nan nan nan nan nan nan nan nan nan nan nan nan nan nan nan nan nan nan nan nan nan nan nan nan nan nan nan nan nan nan nan nan nan nan nan
nan nan nan nan nan nan nan 645.54318298083126137 492.1457469659675894 243.36806471388646855 221.07117675343548058 411.78502376876446078 nan nan nan nan nan nan nan nan nan nan nan nan nan nan nan nan nan nan nan nan nan nan nan nan nan nan nan nan nan nan nan nan nan nan nan nan nan nan nan nan nan nan nan nan nan nan nan nan nan nan nan nan
nan nan nan nan nan 289.06071763439103961 316.70417426411904671 328.73848602218993165 297.01611619370106609 145.52763087079966908 39.83979332025407416 31.854291672726926521 110.16346698580004215 nan nan nan nan nan nan nan nan nan nan nan nan nan nan nan nan nan nan nan nan nan nan nan nan nan nan nan nan nan nan nan nan nan nan nan nan nan nan nan nan nan nan nan nan nan nan nan nan nan nan nan
nan nan nan 815.52390763721496114 431.46858694524672728 161.65554719423994356 84.698572806229023513 40.118991995788917393 38.428485463766392627 38.220363295682183491 48.128119752233871509 27.952407648419967501 20.800011120018115918 21.911366868250400586 26.185970198247247254 nan nan nan nan nan nan nan nan nan nan nan nan nan nan nan nan nan nan nan nan nan nan nan nan nan nan nan nan nan nan nan nan nan nan nan nan nan nan nan nan nan nan nan nan nan nan nan nan nan
nan nan 670.93600242212505691 649.8680873840962704 293.99568491515987034 114.74182545850057124 40.808683047269013855 38.027177520410667455 34.680697917535312058 31.39042885874559019 29.448140605702658235 23.112043210422353212 16.991737434469030177 13.098382824240463407 13.370436814319038632 19.76096862071126381 64.805456156761110265 nan nan nan nan nan nan nan nan nan nan nan nan nan nan nan nan nan nan nan nan nan nan nan nan nan nan nan nan nan nan nan nan nan nan nan nan nan nan nan nan nan nan nan nan nan nan nan
nan nan 780.33751219983219016 722.3954826891367702 436.29832492430995217 148.95939281324905323 85.74354055037458977 59.500243411422317763 34.556119851068544335 31.227918608782978538 26.677807477666291902 21.465746346466474392 16.167104716116380558 12.919897521957020459 11.673483540527266555 11.831734147991110007 17.875691143758366763 31.12513752240008813 nan nan nan nan nan nan nan nan nan nan nan nan nan nan nan nan nan nan nan nan nan nan nan nan nan nan nan nan nan nan nan nan nan nan nan nan nan nan nan nan nan nan nan nan nan nan
nan 305.90833918470730168 377.70838187516591233 518.06005688844913948 530.23147251015006987 358.29272553425238357 269.24933765126417029 326.64073253746454384 98.215777354260012544 27.550540232414398645 23.095976945311864625 20.137459935142889123 16.700417219202691399 14.110958631007273212 12.001808007428799385 10.77777038803065679 11.212969960361411026 23.453979891522905632 25.763698474609419975 nan nan nan nan nan nan nan nan nan nan nan nan nan nan nan nan nan nan nan nan nan nan nan nan nan nan nan nan nan nan nan nan nan nan nan nan nan nan nan nan nan nan nan nan nan
375.77803817205932546 230.26619271522062604 45.094072780578301263 45.751778957547884374 408.12534218829978272 420.65134414853349654 192.26995011447843353 198.82073183394709304 85.64788793165642744 25.330636892731778431 17.791541566859095269 17.713915605931809694 16.713660334737092228 13.759944880506035148 11.437812971282015795 10.263066971318790976 9.6910256842570063895 20.133076926990320032 21.468839497854624199 20.01447663087654405 nan nan nan nan nan nan nan nan nan nan nan nan nan nan nan nan nan nan nan nan nan nan nan nan nan nan nan nan nan nan nan nan nan nan nan nan nan nan nan nan nan nan nan nan
315.37490305968162829 41.418065876534029712 35.733913504357253998 36.787279772175111248 218.10440451815611596 473.72189060834483598 320.47806407968420217 189.98421073369667056 41.454063857997361708 24.453514671616897402 18.707360188952943503 16.080292542442194303 14.757226642352410551 11.783746293073702915 10.307678767112863127 9.4793821962371982437 6.5693131237248643117 15.158325674425983109 15.064349756862569052 16.02842149425678997 14.874452654648532501 nan nan nan nan nan nan nan nan nan nan nan nan nan nan nan nan nan nan nan nan nan nan nan nan nan nan nan nan nan nan nan nan nan nan nan nan nan nan nan nan nan nan nan
177.97411881297907144 34.774293395395240225 26.062498725965944857 27.926237349551332301 40.389147405197682872 85.395193270928146489 537.78426104126231166 495.97429042638759711 74.250818717442584216 22.877358403175513502 18.129664591360221237 15.724468874059294166 13.510803305457598 10.743809407324608429 9.7904131369567863885 6.7038702224599955315 6.2650382397037969184 6.0968776691430406345 5.6501913621897017492 6.4902936681067311397 12.669574170449910966 nan nan nan nan nan nan nan nan nan nan nan nan nan nan nan nan nan nan nan nan nan nan nan nan nan nan nan nan nan nan nan nan nan nan nan nan nan nan nan nan nan nan nan
28.13015431002092015 24.226498126490849216 16.866374629298952925 19.50666424769951135 28.573248433439946581 32.155219650947103105 40.298761995131364699 544.42903177226833122 521.8146917731968415 181.66088632100846212 20.018315942047369305 14.32950923935727694 11.770686495818704742 9.6394601020622765475 6.6501452740905699912 6.2639226060913628658 5.9188029553902810065 5.4145822661140368126 4.9406482945527017137 5.3092121102232185947 6.8006552834770381821 nan nan nan nan nan nan nan nan nan nan nan nan nan nan nan nan nan nan nan nan nan nan nan nan nan nan nan nan nan nan nan nan nan nan nan nan nan nan nan nan nan nan nan
10.035433694089208601 9.0669752359772814998 9.5301627972730944549 12.811287278975390436 17.963272601143863483 19.408528236632871966 26.082752621677450122 35.678814320001819738 397.68613496649885519 532.8515443180846205 381.25788919385360032 18.314235656583928602 10.454607138670537481 6.226716475034331566 6.0051870218232998866 5.8469841889514064803 5.6030961599555304531 5.3495898769582668208 5.0104676089066142453 4.9192275793261677208 6.2583196797813958057 nan nan nan nan nan nan nan nan nan nan nan nan nan nan nan nan nan nan nan nan nan nan nan nan nan nan nan nan nan nan nan nan nan nan nan nan nan nan nan nan nan nan nan
4.7755164026517764597 5.0839506346373202206 5.4180777107553916849 8.0880184378981443416 9.363764527619084177 10.864044056463963983 14.660213676367979119 22.13285145081023586 28.008376346496667963 28.180957467489978541 214.19166311404615044 211.94735241248883995 13.956990514233211798 5.9668844772198790238 5.5119845124405761894 5.3206496938631397953 5.1662628756650130768 5.1116159081996812574 5.0662805287613545957 4.6471996736342573442 4.7313784739828728121 5.9191495176658124322 nan nan nan nan nan nan nan nan nan nan nan nan nan nan nan nan nan nan nan nan nan nan nan nan nan nan nan nan nan nan nan nan nan nan nan nan nan nan nan nan nan nan
4.6548177528816490067 4.8660376949919470491 4.9767313082770074928 5.0999016307950997273 5.3470618643310059426 5.6088858920609911962 8.0637184548347899948 12.469561049085029936 18.033422424372229642 14.339202654404440196 18.658017354924382403 26.432633313809791531 10.908954813706653653 5.6738047152468613632 5.079717266929834274 4.9707081034779401207 4.8315981352980736929 4.1429257279205069509 4.3557874583542925961 4.1702905932067926287 3.8897719027983796991 4.548015027219852513 5.6147567165687171098 nan nan nan nan nan nan nan nan nan nan nan nan nan nan nan nan nan nan nan nan nan nan nan nan nan nan nan nan nan nan nan nan nan nan nan nan nan nan nan nan nan
4.5427659474633959036 4.6590644771156179971 4.7178880385118437957 4.7177005560081051172 4.9412727638638251904 5.0539343447084394967 5.1294179885968818056 5.7084871744737402111 9.6808665497927677279 8.8688769416179713545 9.5617757409966674942 11.824176185083178581 10.463093178149723173 5.4456532234838279649 4.6948649565976010578 4.8012383217185723439 4.3939190607585887349 3.4403327779267307562 3.1900963485521360852 3.606715568409510464 3.5941791449482654031 3.7132486278283689529 4.6091387596043462693 nan nan nan nan nan nan nan nan nan nan nan nan nan nan nan nan nan nan nan nan nan nan nan nan nan nan nan nan nan nan nan nan nan nan nan nan nan nan nan nan nan
4.3286372905856076443 4.4505405492764094078 4.4520917983260428485 4.3979885823488000796 4.4831845135790473478 4.6272820608409137577 4.7197644473203190785 5.0282236498929888668 5.6366647277861456899 5.8409544110592053201 5.8069860415140288623 5.7589842238068476021 5.5473166253235133283 5.5515519163910251876 4.3351981510949038068 4.1994494808147839748 3.8730531223273096941 3.1902605137943651492 2.9683997411077673867 3.0295529823251508006 3.1851998799437999388 3.5664213534035207331 3.9460403027149997257 5.1783871359439963555 nan nan nan nan nan nan nan nan nan nan nan nan nan nan nan nan nan nan nan nan nan nan nan nan nan nan nan nan nan nan nan nan nan nan nan nan nan nan nan nan
4.1670206142311876363 4.2405473521984964336 4.2661174398025050181 4.2464527476273516982 4.1328201058613096563 4.1092016641628585916 4.1781921562918595825 4.5495710173222354555 5.3760044289353210445 5.5740721893139921761 5.2151881972784952524 5.1489501969173483431 4.9640809291159841976 4.548868250989684725 3.746987302030136302 3.4063769921159239296 3.233934626147721314 3.0306523115772474597 2.9244655397217740322 2.8755085137382616622 3.1028193221050188733 3.475382759231823826 4.1742898763301186094 5.3556492553529144729 nan nan nan nan nan nan nan nan nan nan nan nan nan nan nan nan nan nan nan nan nan nan nan nan nan nan nan nan nan nan nan nan nan nan nan nan nan nan nan nan
4.0096183162333760563 4.0687926855683826943 4.0419499975586381524 3.9580028567079743596 3.8736351385107612444 3.7320186843328087001 3.727624292331801481 4.2357397258692381925 4.962221289196671492 5.6744471194541397097 5.0746733382733362205 4.7944755133824772386 4.6598695758152741675 4.1750886510766616055 3.5558527737392249257 3.071855327009722636 2.9436907169087960234 2.8239317364122165088 2.8642616806585965428 2.8646516091784057778 3.0935148567409607168 3.5589425104088383556 4.6063875678885004561 nan nan nan nan nan nan nan nan nan nan nan nan nan nan nan nan nan nan nan nan nan nan nan nan nan nan nan nan nan nan nan nan nan nan nan nan nan nan nan nan nan
3.8332687635803757153 3.9348549130253576145 3.777320897451382109 3.6159446654509994623 3.6505638469130308188 3.5705778774510354978 3.4708255718218818942 3.9054896852346119296 4.6606770902439063065 5.609897310023352901 4.8659654337602908925 4.2392109882038191415 4.0941475945333349884 3.7641100483179998903 3.4272159412780531795 2.976145336355044968 2.7214195102403948567 2.5544026418953831303 2.6436624527305170318 2.7425911186666636077 3.2312406714476242797 3.7273830937443275246 4.8173193407050423076 nan nan nan nan nan nan nan nan nan nan nan nan nan nan nan nan nan nan nan nan nan nan nan nan nan nan nan nan nan nan nan nan nan nan nan nan nan nan nan nan nan
3.5847729994819981236 3.6762854323666238621 3.610749770843235229 3.3959574175981228628 3.3956325837852086025 3.4151391303491167584 3.3615467984300337889 3.5725513376684285838 4.3009883237574291215 5.3914006306600770202 5.2018619887567210114 4.4031474487977542154 3.9269174668647943705 3.4668502127554532422 2.9703555620352113387 2.5548609569095246385 2.3838209081488517249 2.2996728390711904666 2.3140916204364265774 2.5951507198509644603 3.1211176273185397001 3.4437939345111221456 4.1611626740756877396 nan nan nan nan nan nan nan nan nan nan nan nan nan nan nan nan nan nan nan nan nan nan nan nan nan nan nan nan nan nan nan nan nan nan nan nan nan nan nan nan nan
3.5040214662328059703 3.4467096080630286181 3.4613010016773189115 3.3298350000213852162 3.2607836995245578215 3.2394425384961031966 3.3969574408429790147 3.4783667675354474902 3.7137354320254036821 4.6463229419893385952 5.0933561254490067327 4.3854805921121320367 3.5760303361469034655 3.2631423427727264119 2.8157008530743685704 2.342971860348216584 2.2039442119156338329 2.0947483699546056712 2.2308935476706590606 2.6089574913877413564 2.9785513647695394113 3.2184360091982338048 nan nan nan nan nan nan nan nan nan nan nan nan nan nan nan nan nan nan nan nan nan nan nan nan nan nan nan nan nan nan nan nan nan nan nan nan nan nan nan nan nan nan
3.5889640456677058822 3.4037637963883411452 3.3818937346986337467 3.3174186197522042008 3.1826337885934101735 3.1062169841508593393 3.3293275903102879099 3.2633777756870836484 3.3913617129506752335 3.6617906535464808115 4.4441698787904995172 3.9824863365762497303 3.338114802012922766 2.9928040116135390392 2.6437798390449582797 2.1517753610771381823 1.9584298473184555966 1.9576898558620672297 2.2478526602840123161 2.3974822166707787652 2.6918628427346633636 3.035957404313087693 nan nan nan nan nan nan nan nan nan nan nan nan nan nan nan nan nan nan nan nan nan nan nan nan nan nan nan nan nan nan nan nan nan nan nan nan nan nan nan nan nan nan
3.60173545839800191 3.3622041584902953026 3.2103838320940698559 3.1618267645214026551 3.1038371936538138307 3.0061942406711570364 3.147132874499659394 3.0385323902816101516 3.2001658131455252843 3.3089066928553640956 3.7014730087688412219 3.749130084493504711 3.3175278876254745697 2.930764517268420466 2.5065619775646958978 2.0264589226731639648 1.7987451900722251086 1.8706271737017112766 2.0342380816157796808 2.017332643789493396 2.3847870357170242173 2.6648010944624092033 nan nan nan nan nan nan nan nan nan nan nan nan nan nan nan nan nan nan nan nan nan nan nan nan nan nan nan nan nan nan nan nan nan nan nan nan nan nan nan nan nan nan
3.1518380002486727776 3.1755229023690958456 3.0120607162187225114 2.9670760683363992527 2.8932474246105344129 2.8664512665028656357 2.9022573284283819106 2.8685166956675725025 2.9135993297224587195 3.0964800944083625822 3.184185222764113643 3.4014356645605641205 3.1470427243708067877 2.8382052018288979056 2.4629505290742983448 1.9982937907898337127 1.5577065524279456454 1.54182078014580215 1.6280953302040637176 1.6209991821941174273 1.9668380827861879911 2.3921472083730495051 2.3877122211988588418 nan nan nan nan nan nan nan nan nan nan nan nan nan nan nan nan nan nan nan nan nan nan nan nan nan nan nan nan nan nan nan nan nan nan nan nan nan nan nan nan nan
3.1518249889313629808 2.9447106488993930462 2.7909293720961767526 2.7107768175525208676 2.6844858119123600204 2.6913969408969484753 2.6881359927051247105 2.6521055516984950451 2.6279619947540848734 2.8389929216634235409 2.9658497914457080391 2.997611484972817486 2.933916540677324214 2.71901965636579801 2.4229418003240295043 1.9169902396688283108 1.4334815154616702415 1.2999296896039682636 1.337693429143868018 1.3038113715797516878 1.492423682230295201 1.9935658684116261963 1.7822438545620737926 1.4957518075331652785 nan nan nan nan nan nan nan nan nan nan nan nan nan nan nan nan nan nan nan nan nan nan nan nan nan nan nan nan nan nan nan nan nan nan nan nan nan nan nan nan
3.2526456961392105072 2.8198301843880453355 2.6451722788831211197 2.54354260834427226 2.5031621845081164501 2.512643469089906656 2.4850369190470344982 2.4721598230011769814 2.3323305836695582549 2.5056250163605877646 2.7436689208005784479 2.7768862664415165931 2.7892231086380170346 2.6283458214590895707 2.3522858252365748122 1.8521521100901938706 1.3707613983683997194 1.1667165263736081204 1.1471586791635925984 1.1581091395142508738 1.1858137821596719252 1.4523213105259411559 1.5182546624321231477 1.3196622101382982084 1.145162325191482644 nan nan nan nan nan nan nan nan nan nan nan nan nan nan nan nan nan nan nan nan nan nan nan nan nan nan nan nan nan nan nan nan nan nan nan nan nan nan nan
3.0752727892960769474 2.9218441820643623608 2.6421547558213571705 2.488265558899764418 2.3605553030048262997 2.3254304327208785708 2.2936364121474315247 2.2346706905867832482 2.0880107935561298405 2.1490407348481657124 2.4284901769199538357 2.4649100326831501206 2.3716606375642097504 2.3050562057937815652 2.1974983635205127541 1.8712145891890485938 1.4064540849462294769 1.1258629844451406576 0.89479244058809159768 0.95520134622261487767 0.93968672711708978174 1.0738344378784343558 1.2153447839256186214 1.1045885491323363947 0.91772171531695612146 0.71248344626302617666 nan nan nan nan nan nan nan nan nan nan nan nan nan nan nan nan nan nan nan nan nan nan nan nan nan nan nan nan nan nan nan nan nan nan nan nan nan nan
3.0874951496846994026 3.1704902737955733549 2.8695027557381331818 2.5176737416523882196 2.3410891513101450556 2.1418931501357905134 2.1053607956356703568 2.0532977519588091475 1.9526658886406671467 1.8667342719937993767 2.130615389582856789 2.2281886156914447739 2.1421378852903041334 2.0211431554982417502 1.8580187302915669445 1.6406626024728898638 1.4566960952466621038 1.0625263371226696396 0.71444659264666288134 0.58713898641686479429 0.5369961266304651426 0.74999123370499032326 0.82245129864530475139 0.75956266292407237373 0.62261097759457550982 0.4880787123161056118 0.3587184972178229514 0.27018765811614287031 nan nan nan nan nan nan nan nan nan nan nan nan nan nan nan nan nan nan nan nan nan nan nan nan nan nan nan nan nan nan nan nan nan nan nan nan
