results/rofental/swe_month_2019-12-01T0000_2019-12-31T2300.asc
ncols        322
nrows        225
xllcorner    622802.488000000012
yllcorner    5178049.378999999724
cellsize     100.000000000000
[rows 56 to 83 of 225, columns 189 to 251 of 322]
nan nan nan nan nan nan nan nan nan nan nan nan nan nan nan nan nan nan nan nan nan nan nan nan nan nan nan nan nan nan nan nan nan nan nan nan nan nan nan nan nan nan nan nan nan nan nan nan nan nan nan nan nan nan nan nan nan nan nan nan nan nan nan
nan nan nan nan nan nan nan nan nan nan nan nan nan nan nan nan nan nan nan nan nan nan nan nan nan nan nan nan nan nan nan nan nan nan nan nan nan nan nan nan nan nan nan nan nan nan nan nan nan nan nan nan nan nan nan nan nan nan nan nan nan nan nan
nan nan nan nan nan nan nan nan nan nan nan nan nan nan nan nan nan nan nan nan nan nan nan nan nan nan nan nan nan nan nan nan nan nan nan nan nan nan nan nan nan nan nan nan nan nan nan nan nan nan nan nan nan nan nan nan nan nan nan nan nan nan nan
nan nan nan nan nan nan nan nan nan nan nan nan 332.00840931752202323 nan nan nan nan nan nan nan nan nan nan nan nan nan nan nan nan nan nan nan nan nan nan nan nan nan nan nan nan nan nan nan nan nan nan nan nan nan nan nan nan nan nan nan nan nan nan nan nan nan nan
nan nan nan nan nan nan nan nan nan nan 349.96551899988179457 328.34134219159039958 294.02983192223700826 298.42918664507845961 318.69265729435892354 nan nan nan nan nan nan nan nan nan nan nan nan nan nan nan nan nan nan nan nan nan nan nan nan nan nan nan nan nan nan nan nan nan nan nan nan nan nan nan nan nan nan nan nan nan nan nan nan
nan nan nan nan nan nan nan nan 309.40710782206912199 299.84442777490744447 297.90009199565730569 295.4188464500145983 292.44520157404826932 287.91846293396559986 284.18784644954058649 288.00191801896744437 nan nan nan nan nan nan nan nan nan nan nan nan nan nan nan nan nan nan nan nan nan nan nan nan nan nan nan nan nan nan nan nan nan nan nan nan nan nan nan nan nan nan nan nan nan nan nan
nan nan nan nan nan nan 361.44783613680755252 306.09763451509866172 292.51960850816061566 287.90215424528457788 285.7798402444666408 285.64208578437626329 287.39730847850063356 287.14606048250345793 280.78107544703277654 276.57108570914840584 280.04239252213199052 286.65192697726223514 nan nan nan nan nan nan nan nan nan nan nan nan nan nan nan nan nan nan nan nan nan nan nan nan nan nan nan nan nan nan nan nan nan nan nan nan nan nan nan nan nan nan nan nan nan
nan nan nan nan nan 347.52494124581158985 338.18736433051196855 299.71806851283918149 292.13527470402692643 289.61903250685037392 287.63100367035320915 284.97959263710157529 283.28860203147741004 283.0512198985456962 280.14983309318296278 275.8427605627996968 271.83279633922057883 272.24999579144338213 280.57598424646471358 304.00731863708870151 nan nan nan nan nan nan nan nan nan nan nan nan nan nan nan nan nan nan nan nan nan nan nan nan nan nan nan nan nan nan nan nan nan nan nan nan nan nan nan nan nan nan nan
nan nan nan nan nan 358.31790681395654019 350.06164259678996586 321.5510738238882027 294.43292050658470771 292.06442234011092296 290.6977051971254582 289.01411586716869806 286.24710561230563144 283.70985037903221837 281.33870312172848571 278.30603184944487793 276.22305372757222131 273.48626958295722034 272.12682324245685095 278.24166879375655981 288.68358303418733612 nan nan nan nan nan nan nan nan nan nan nan nan nan nan nan nan nan nan nan nan nan nan nan nan nan nan nan nan nan nan nan nan nan nan nan nan nan nan nan nan nan nan
291.83775602117771086 343.03386341282697458 nan nan 300.46489783624855363 299.11176681002956457 325.16856268656073325 335.6311222692727938 322.70203750142786703 320.2025155046898135 319.52346638129841949 290.2098859752552471 284.24943017784846688 282.35460832792080055 281.78241029100570358 280.41996976160913846 278.83312519740695734 276.64167765554270773 273.11149665121257613 272.72989108771264455 283.04744749451566577 288.2475613198369615 nan nan nan nan nan nan nan nan nan nan nan nan nan nan nan nan nan nan nan nan nan nan nan nan nan nan nan nan nan nan nan nan nan nan nan nan nan nan nan nan nan
280.86571382220768101 288.82139104170295241 296.31416321643155243 298.11682362511487554 291.32494222551667917 285.89217441155136612 288.99624276903432474 322.67422821109107645 329.46185888558142096 303.50511573428030943 293.477743262721674 289.41618726860787092 284.33526969722595368 280.26155076186756787 280.65923559310579094 280.65895583742445751 278.72762640997137851 277.17658680620229461 275.4655481442649716 273.80500247987117746 281.93122085526857745 284.99708524978814239 287.62502904383040914 nan nan nan nan nan nan nan nan nan nan nan nan nan nan nan nan nan nan nan nan nan nan nan nan nan nan nan nan nan nan nan nan nan nan nan nan nan nan nan nan
272.79368616752958587 276.31604075927486974 284.29604044525837026 291.55271946183790988 285.1282310668482296 280.33375990180951476 283.24496152304095631 302.49477412812683497 334.19237089433789833 316.36076176537960691 294.57349933460881175 289.39445445800214429 286.11633141802900582 282.79960372793948409 280.74117525275130447 279.42084683803335565 277.50364327529382535 276.35009465040212717 275.03258775374223433 272.13186601881164961 278.8124266740225039 279.86282265009134562 283.30769611003313457 285.68304960729773256 nan nan nan nan nan nan nan nan nan nan nan nan nan nan nan nan nan nan nan nan nan nan nan nan nan nan nan nan nan nan nan nan nan nan nan nan nan nan nan
261.80109269104571013 265.76726149338145433 276.87868786388781928 287.35892064893067754 281.31236365042951775 273.46080979962562196 275.21456062328456937 285.30548891459227434 295.29243318991433398 342.31584574981701508 332.92972403102498902 291.30297032372851618 286.90864881871073067 284.20415901649084844 281.95960887301203002 279.82183220650193789 278.03165922639379914 276.83905699936264 273.52556288168187848 263.78991544600779662 261.29995394992937463 256.05682196285408736 269.71290391212932036 283.73595943026390387 nan nan nan nan nan nan nan nan nan nan nan nan nan nan nan nan nan nan nan nan nan nan nan nan nan nan nan nan nan nan nan nan nan nan nan nan nan nan nan
263.39150220337859309 265.78809701491763917 270.88141361408560215 274.09896792776095253 273.95703724007728397 267.45094608524942714 268.9936540604808215 274.40523494032862573 278.04330293278707131 289.1007705116512625 340.10145014476478309 334.59373338786326713 300.32704820301182735 287.38943346063012996 282.23363383251154346 280.14162474634196087 276.78236597950024134 274.70240121953190737 270.26857758834802326 263.42046311110135548 255.67277946646734677 245.45354945955733683 251.5124925304700696 271.31857756660048153 nan nan nan nan nan nan nan nan nan nan nan nan nan nan nan nan nan nan nan nan nan nan nan nan nan nan nan nan nan nan nan nan nan nan nan nan nan nan nan
262.62121269683279934 254.65921700318781973 252.51441818812702422 257.45687064098189012 257.97968575944901204 260.61375380426096626 265.56805319960784573 268.155018243642985 268.78957525166481446 274.17442461152461419 286.2019844211068289 326.23813213879651585 334.12367337690790237 316.09787304007397779 286.70654032604346639 279.2508990931594326 274.38314789478209832 269.36950674326362787 266.21027609199558128 264.12197273706482292 262.87245427164180001 254.46060673048839362 250.50566294391416022 270.60400827283626768 nan nan nan nan nan nan nan nan nan nan nan nan nan nan nan nan nan nan nan nan nan nan nan nan nan nan nan nan nan nan nan nan nan nan nan nan nan nan nan
252.27720434640477265 245.13186608267153588 240.20014190807540899 241.18396512293341516 248.29926710884464569 253.78873700205312502 257.44163490820801599 260.41442280418021937 263.31456436009915478 266.6772123562144543 271.99005705734651883 278.95318515636176926 283.77957680127707363 294.18698009591503251 295.97332078887876605 283.87588125188744925 273.45493714437156996 264.53345573506754818 259.94557489610264156 258.34595258417715513 259.6245555863079062 257.08361273871065578 245.1169094377234785 249.01882867344559713 273.37540121890856426 nan nan nan nan nan nan nan nan nan nan nan nan nan nan nan nan nan nan nan nan nan nan nan nan nan nan nan nan nan nan nan nan nan nan nan nan nan nan
254.44619768250271363 248.41434239681467488 242.56056102024027155 244.0200261602448677 246.32483339585871818 247.02355282276852222 249.25034356856838258 253.52734595601066303 256.44493028311427452 259.74054518360441079 267.53924238632765764 273.49189841875636375 269.40175953465364955 277.7402591724770673 288.8539529723607302 280.61579664155652836 272.17069421137603058 260.92883455091055112 256.46148192016778466 249.6295973248056157 241.62050667795426762 244.35946327952538581 243.44746217055205761 241.70375415295197286 250.51391175188305738 270.60385415166331313 nan nan nan nan nan nan nan nan nan nan nan nan nan nan nan nan nan nan nan nan nan nan nan nan nan nan nan nan nan nan nan nan nan nan nan nan nan
248.36851641468879848 244.49068654302030268 242.05166527086163342 243.2683552060091472 243.72521293923367125 243.2391883521310092 242.05665261347888872 247.3440431993246591 248.49103450802226689 250.8903535640757525 258.31854159031291829 266.8212114295356514 265.07066211288241675 265.69524704010291316 277.12496858669982203 280.2803339931475648 268.70938200222900605 257.62795123171241585 254.85899158173492651 246.35421844811480696 235.81118688190153421 233.92638080788910315 240.46540915789151427 240.44458631701280638 242.44856516755163511 258.48456452227759428 nan nan nan nan nan nan nan nan nan nan nan nan nan nan nan nan nan nan nan nan nan nan nan nan nan nan nan nan nan nan nan nan nan nan nan nan nan
246.87437860433155379 244.08289256561783986 242.10204829098611867 241.41158921446165664 243.07822285340205326 242.85093455150038722 238.59655021466357994 238.67314727668596674 241.14378406984448588 241.64977440090672189 248.90438354485877426 260.87977592684205774 263.77457840538215805 261.85344019502548463 262.08379131662297823 266.00377056069794435 268.67290716803017858 243.15162809214956496 243.15432437023318357 243.01363663071651899 237.00239453236014242 232.82486221304245078 234.9099580426436944 239.39316012465957328 243.85676135315688384 249.01735652608792293 267.58882365950023541 nan nan nan nan nan nan nan nan nan nan nan nan nan nan nan nan nan nan nan nan nan nan nan nan nan nan nan nan nan nan nan nan nan nan nan nan
247.4938478832897033 244.8611829794698167 240.05146029903303884 239.78964255171786135 241.13224245851213823 242.56484903236213313 240.85424677366378887 234.61148163753631479 232.67902958931122726 233.51741249764006625 243.86798832662560699 260.1237895129786466 262.27839117373480349 256.06415076667275343 255.15833547051471442 252.36194105262362086 248.45517994675540763 239.74847339106963773 236.19136654619413207 237.36721475456442931 236.85460435108765864 235.67730557478350306 235.96700755218472523 241.15318083191479559 246.6156081194413332 253.09630790543974399 269.19002246765836617 nan nan nan nan nan nan nan nan nan nan nan nan nan nan nan nan nan nan nan nan nan nan nan nan nan nan nan nan nan nan nan nan nan nan nan nan
245.81769484680881988 242.17204989904627155 237.88989501157806217 237.72906393248911172 238.49576934244467452 237.31007757898552768 236.24035937091790061 234.82750359595166856 230.12016898693002531 230.61845816410672683 240.49569702441041841 256.81269373816007828 269.34819050866457246 260.88274521066830403 254.33660305611905983 250.37824525601291725 245.7096308669068776 239.93658423008935188 235.23216185997455341 233.94048941981569101 233.69553404295672294 236.8492682176799633 238.34261326911260426 242.94593163628613297 248.60065711273745137 258.26093943527843066 nan nan nan nan nan nan nan nan nan nan nan nan nan nan nan nan nan nan nan nan nan nan nan nan nan nan nan nan nan nan nan nan nan nan nan nan nan
244.6006825276840857 240.02615457019777523 236.61209114231948547 236.11904390417029731 237.29870487241956312 233.6066864169902999 231.13170538027924295 234.77082982774857101 233.05112963738849885 229.74929121431910062 236.09923748630887985 252.72000649216329293 268.42821698851503243 258.89479419938680849 247.98778747408391609 242.48447707740038481 241.70411395061785242 240.00956156971290056 235.44541553805697731 231.17490722026229832 229.57831581826366119 232.52530167586553489 236.51613080863234018 245.40063092680418322 250.1610296786511185 256.17795643618774193 nan nan nan nan nan nan nan nan nan nan nan nan nan nan nan nan nan nan nan nan nan nan nan nan nan nan nan nan nan nan nan nan nan nan nan nan nan
252.24441370880018098 242.74097689558468005 236.07236601646141594 231.60806202588045721 233.8855060764524012 234.21629610996080828 228.09508288730802406 229.14351876951801046 231.32698192118331804 229.24436073239476741 232.31344839871204044 244.35082364494269314 266.17194982215664822 267.08477311796417553 256.66500762269242841 244.97903365427433187 239.46961370791504464 234.71269842478858436 229.00278186629674337 227.154859190323549 226.26355835781910741 228.65914196177828899 234.51986033093399442 242.34096690489263892 245.97134155583009374 251.8534565544518955 nan nan nan nan nan nan nan nan nan nan nan nan nan nan nan nan nan nan nan nan nan nan nan nan nan nan nan nan nan nan nan nan nan nan nan nan nan
248.83878999887485861 247.56456828409301352 240.24588869131116553 234.38137018169166481 230.29279013769885864 233.36481166204430338 228.93005593916768703 225.80578741196120518 227.62169101803624471 232.85025651504278699 231.89716627493771739 234.10354504801361486 249.19375357382654101 263.85210000326048885 254.22688635651601885 241.25604982789226938 239.06918783298294784 234.56961954779671942 227.76551962572347065 225.63394917355120128 225.77540784244231986 229.47126875054405559 235.89581709976891943 239.97993636098337333 242.30569812489062542 nan nan nan nan nan nan nan nan nan nan nan nan nan nan nan nan nan nan nan nan nan nan nan nan nan nan nan nan nan nan nan nan nan nan nan nan nan nan
248.23113842983909194 245.97364642939862733 244.30095314152055153 236.78493580506278704 232.44238934889614256 233.67424994579124586 232.55454850087167529 225.82617296567545395 225.81209356175671132 230.13794482703090694 229.53745361573143668 231.5237593711858608 234.91510372641764093 249.4861108258035074 245.95965649378885587 239.27809523498245881 237.19765506469036609 232.79312288268249631 225.87817424140794742 224.65107548565634943 226.39871935937074454 230.22015319603406169 232.14708075176051238 236.94458268666903678 241.22764196991533936 nan nan nan nan nan nan nan nan nan nan nan nan nan nan nan nan nan nan nan nan nan nan nan nan nan nan nan nan nan nan nan nan nan nan nan nan nan nan
254.9347928127377827 247.37976967643027137 239.54778928917880876 236.66186339666765548 230.54085084637472391 223.70625370769673168 224.38977982930489929 225.40468547191014181 224.8923944200201106 227.63443889978015022 227.48416525421822598 230.27925676016889156 232.41209863381965306 238.50651936882550785 242.75643509592765668 240.38678539268784107 237.73606788304985571 232.31440974297470348 225.96090711864448508 224.36098060551688604 225.62932041683077955 227.41203528031221026 227.56906074058579748 233.06051700562142059 237.63183620786494998 nan nan nan nan nan nan nan nan nan nan nan nan nan nan nan nan nan nan nan nan nan nan nan nan nan nan nan nan nan nan nan nan nan nan nan nan nan nan
247.80547349236820764 245.23245337326679305 233.36775166259249659 222.99946351103099573 224.14988175900035117 220.37276423655785607 221.5674915159547993 222.89003720035179867 223.90195055998347584 225.76026044006698612 226.18076146698609818 228.08826549176046683 231.20997630180232818 233.16849579788976143 238.4801102251576026 238.94410421292360525 237.05983035603858866 232.96677652221322319 227.13974100983858762 223.31704023624828892 222.58648619081048992 224.73665644730661484 225.25317570874020134 229.41193220968639821 236.32968276734237634 237.32461532067500798 nan nan nan nan nan nan nan nan nan nan nan nan nan nan nan nan nan nan nan nan nan nan nan nan nan nan nan nan nan nan nan nan nan nan nan nan nan
241.48482888448293693 239.45614073918355302 235.06586001853267476 225.63527028750107206 219.16271026958477819 218.51980190713936736 219.12312242317355526 220.09616211145757347 221.53419855775240421 222.36664197533232823 222.85366141973190679 223.69408885703197143 228.98880402944394064 232.18016305971718793 233.56215506159890083 235.4266912737813584 235.31022140691260347 232.89948017014157244 227.18771041250246867 222.77394271568022077 221.31850627188734393 222.74095807378429868 222.96395958993491604 226.05516269599999646 232.25368038875865295 232.40215001430945563 231.13581779701928554 nan nan nan nan nan nan nan nan nan nan nan nan nan nan nan nan nan nan nan nan nan nan nan nan nan nan nan nan nan nan nan nan nan nan nan nan
