results/rofental/swe_month_2020-01-01T0000_2020-01-31T2300.asc
ncols        322
nrows        225
xllcorner    622802.488000000012
yllcorner    5178049.378999999724
cellsize     100.000000000000
[rows 168 to 195 of 225, columns 126 to 188 of 322]
330.16746487286388856 321.73836587845289614 310.60595909864019859 293.96152056680841724 296.82686137610579635 314.71776786899101808 305.58321094075284918 272.96527426608133737 264.08521382327035099 267.67160157697833256 270.98127035473959268 270.89312700270949108 271.48554488806644258 272.37628876239267584 276.32205158887325069 283.46206605077895802 287.71607675877049815 293.54850949922911241 297.17343692163558444 301.66853463121941559 305.82798046309784468 307.58648675771382841 307.89107659495442704 303.06780944248271226 299.09393657988533732 297.62292240171723279 298.45041869277383739 301.84170613350141821 305.81451641331682367 307.34348067600012655 307.13257361253624822 305.21052507294626821 305.66388074276846964 307.83457640399859656 315.62150477846205376 317.46628458616203261 322.66711491394374889 322.72271561398150652 321.9317506340229329 324.56418354660848991 332.39943753891355982 338.90432356201711173 343.46248935647139433 345.19433438040090323 345.85346444818634382 348.42484670711883155 352.57772174019993372 353.68111092238638093 353.58668990501354301 354.27865490470270515 354.03218455841562218 354.4469681183216494 369.16288004439064707 429.7494822061040054 nan nan nan nan nan nan nan nan nan
341.98127748988650865 335.16474122172121497 320.04112016097735705 297.50188324169693033 280.65315380990517724 nan nan 288.93070965552948337 275.97119767637997256 276.97330132225170019 284.20227190769617209 274.35341773700957901 264.2835570313976632 261.73073463368922376 262.82820205487013254 267.79102298847766406 272.91109657933361632 277.57707221960862398 281.00906939880894697 287.0468857732752781 292.16337133330478082 292.44612597009501087 290.17376221413616122 284.46055207281511912 284.68401870592452951 287.01918391369190431 291.22347131483758176 296.2236011099948314 298.87492810443524149 301.67830746458201929 302.23122450493394808 301.35184229285727042 303.36355868428256599 304.68542400893824151 307.49044510374756101 311.99703629389676962 317.92414699264031697 323.08344831016239596 324.55602421730208107 327.26263576066622818 334.19297830180710207 340.42951432790493982 343.86617032159625751 344.78556548298365669 345.25882856123257625 347.90101855807461106 351.37130670338979144 353.71682792924258365 354.30188729066395581 356.39188067987896602 356.46196426685105507 356.1653441045020827 361.68672252194795647 380.59501482048881371 nan nan nan nan nan nan nan nan nan
345.96744256304424425 337.21533298084909802 326.26946119693610626 307.62888178629651748 nan nan nan nan nan nan 269.77905616130328781 254.13884844387538919 252.00402520751526936 253.00289739027789437 254.27262621531724562 257.16412753641674271 261.37350185890170451 266.97436187903929294 271.12412248778156254 272.59641993608425992 269.93009287915310779 267.89974107227232025 269.51674160326854235 270.27553803091331019 273.44069828550954071 277.50703108823483944 285.0695972048990825 290.35401301800698093 292.93929661511145923 295.98705994539972153 297.40282798947038145 297.89580085082553751 300.51462742164267183 302.39149564421728655 305.82586633718983649 310.60613791130253958 318.45576552115403501 324.53521243669064233 326.20337940074790595 330.70077763095702039 337.15726709763129065 342.24961960967669938 343.15209809716623113 343.97554580639763344 347.73312965999792823 352.0567849195779786 353.51676492682253183 353.65486817441865242 353.60522107126615765 356.53478624393096652 356.90630968929087885 357.06084966798687219 367.38813818234774544 396.59943697637527293 nan nan nan nan nan nan nan nan nan
336.57034739215777108 nan nan nan nan nan nan nan nan nan 254.21276400812681118 241.24322440205119733 233.86175748017396359 234.42979799432978893 235.82121347904671893 237.01464534056484013 239.79200294402201621 245.94725069176729448 247.39707774644031701 250.89106020130637376 254.27939758654838442 255.4581129447887804 255.9489227796714772 259.67229145953416491 265.81368840797159692 270.15062374700175951 277.8265928229519659 283.64358047185731948 286.78068751891618149 290.31823986241488456 292.75022598700354592 293.81079159226635511 299.56653997913531384 303.2364058122835786 306.70491487114020401 309.97189006056112248 316.50718277364217101 326.23035155326869017 329.42855636485688819 335.02007035944757263 340.10063993791840176 342.39475356843678355 344.09448343177695051 347.55763494553002602 351.19640183867664973 352.35531449608231469 353.54920553053324284 353.47230686241380226 352.72773452008749473 354.9493600307895349 357.30575066783228522 354.29242153487717815 353.0873754880798856 358.62621704084114072 397.47327027607599348 nan nan nan nan nan nan nan nan
nan nan nan nan nan nan nan nan nan nan nan 229.88134474618777858 221.11497166972955597 218.16144178481698646 220.64875648554541954 223.93409410123587122 228.67064344721418934 231.63420663181111081 235.38243365051584988 237.8080122557817333 238.37645753007575422 239.63272736338805657 243.64664962086771993 248.61255332399665008 257.55696357945515729 263.79141718827088425 270.3430358873073942 276.35836992741997165 280.38861833063378981 285.00228307277939166 289.09360073547526326 290.02672289391733784 297.36889446357150746 304.24850183674476511 306.70769108018316729 309.13986494995373278 317.16703008848742229 325.48786498267708112 331.41603819599288272 338.2128954335021831 342.37779417892375022 344.21222138341744312 352.57050241116797906 349.44069080130390148 349.46593633303996285 350.60532595585260651 352.71987367681009573 354.09413475902738355 355.58660517740815976 356.40807010428159174 357.64462175361342133 359.48156724397586004 361.64120956843140675 367.59314372204420351 415.73398717654885104 nan nan nan nan nan nan nan nan
nan nan nan nan nan nan nan nan nan nan nan nan nan 212.21544745015060585 209.89116625617950262 208.36602688155642227 210.79559508924583611 214.53810708619442948 219.44184717617829961 221.0516842161183888 223.01532676512641729 227.3930698675626445 234.17544433027626383 243.90270444930268923 252.03091035229937233 257.23997622471972591 263.63007557709664752 270.41584712190120854 275.46671278605344924 280.76261604663204707 286.42751919021867479 289.16327814141277486 294.05863985218223888 300.54624892445804107 306.26018343186592574 309.8694013055712162 317.78135133195132767 326.36096454096139041 333.36827657646330181 336.99783899615636074 340.12979497841598686 344.45800705085719073 367.32350257131002991 348.94971977894056181 349.86819572537086742 350.68792194342159974 352.47995465359383616 354.68772992631681973 356.88156375598663317 358.16955359743019471 358.56669164815008344 359.92998319580925681 365.53711929356501287 385.65141122718688393 400.49282538708541779 437.9782723087188856 nan nan nan nan nan nan nan
nan nan nan nan nan nan nan nan nan nan nan nan nan nan nan 201.1208865562368544 200.09256816908646215 203.45563348351299737 206.53032985163872581 209.80785987034533946 212.01585456597692314 220.2664255646492677 230.19804947125993522 239.91538253413955317 245.72087626971315899 250.01037266781341373 256.71400490165308383 264.91408268418433636 270.85501697444186675 276.75175897624012578 284.41925447930657356 288.50410894774972803 291.27968523481308694 295.40456368273521548 302.03653462044405842 311.04712181769150448 320.49973315554763076 331.93214766212111044 343.93335754064423782 340.62694165189498108 342.69884365625659939 339.91680864573885401 346.76793977252515333 363.2754716936750583 353.29651128828686524 354.25549523985790756 354.00441598885447547 354.70236924076328933 355.40874353961669385 356.81894315405065754 358.70272843333236779 360.99562206925833152 364.57321023787972081 409.29566017171379144 398.08009282422119668 nan nan nan nan nan nan nan nan
nan nan nan nan nan nan nan nan nan nan nan nan nan nan nan 196.39457210903051987 193.65308318066209381 196.80969307282256864 196.70387856425656992 196.08539534856919317 205.38280892694061208 215.89156194156407764 225.62776538275920757 233.57303183432367177 239.94406894364371396 244.15387364839241968 251.56351265712760323 260.70960406854226221 268.50310882058499828 274.74247638209357092 284.15081415475890481 288.79719294583128431 292.41237196572819812 294.87325314887971217 296.93321967227552705 307.48526159710002048 341.56573683398187313 368.96543498021901542 346.5710410523555538 344.62565814484185012 354.64310588214834752 351.20165348396812988 350.70959036493979966 376.06242591251373142 374.56832673659039301 374.23016512495212282 368.03055780830965205 362.04923737623630586 357.14234636366649056 358.05446332258111397 360.26581563339357217 362.49553912726099725 364.11447956097049428 368.32716419285611664 nan nan nan nan nan nan nan nan nan
nan nan nan nan nan nan nan nan nan nan nan nan nan nan nan nan 189.88817426301025648 191.64952919327870973 193.20283765609013926 195.30599292453561588 203.88726923219786613 214.20942875147480322 221.58173879875991474 229.01741214211529041 235.71959214498573942 240.60617386943476959 248.01487934825209436 257.49114094823198684 266.57918665835398997 273.91480533832032052 283.29458897002331241 288.06976457386150514 291.50631217560464847 294.13034778936048497 293.61801197084042769 303.57219063508961199 317.99429637397486204 356.343199322602743 349.16442396102189605 348.05734113739555369 356.91688577341847122 361.96080251093138713 354.28373236135428215 369.2375835434856981 365.04889517736489779 364.15274917601379912 364.40170225224972 369.3145969493043026 370.5873331366557295 373.51665527433846137 372.44906924804377013 372.54875825978706416 362.51872559685352826 nan nan nan nan nan nan nan nan nan nan
nan nan nan nan nan nan nan nan nan nan nan nan nan nan nan nan nan 191.16273586208549773 193.0605887748230316 195.0555998466781773 201.34668900054944629 210.48256764605918079 218.69330447614706259 226.04420124194325581 233.13089770312421933 239.98423446840558881 247.60690545902207305 256.13563598336151017 263.31197971974540906 271.73379519415550476 278.83198287383640945 284.22639340079911108 289.03469861962355481 293.53762045699096461 295.71422555064515336 306.13355622727726768 313.98835692860814106 338.24232971911084178 364.54409976412017613 357.68701434302141706 356.42055233342961174 362.38247567603610833 358.53724197426402043 379.93327662030367264 376.85564555891966165 377.98849174020392638 377.13148248812723295 374.62901754540695265 376.37309326278835897 378.82201498500489834 378.77839123631582652 363.95235478955385133 nan nan nan nan nan nan nan nan nan nan nan
nan nan nan nan nan nan nan nan nan nan nan nan nan nan nan nan nan 186.73772862368915071 189.59562493544720496 192.09806525809284494 197.31930549731021074 206.18332479472164209 215.66091363287603144 224.80566433394926662 232.98989632631383984 239.43973306260289746 245.17383175997233025 254.72170785331238108 261.88011127888586316 267.76472583218537693 274.98125703537186837 281.63522934827659583 288.25736415077881247 294.17888953803196728 296.84211194538301015 310.22002881081573378 324.86390093778851451 343.60183271769773228 365.84808653716902427 361.8475036676934451 363.76768554330817551 367.92946711125046022 365.27670972960640938 396.61098212738096436 394.74100938309800313 397.29445901812874808 398.36445892401411584 397.60175676457282634 391.78216962640476595 380.33952799675120104 379.27019774949229713 380.64426237999191471 nan nan nan nan nan nan nan nan nan nan nan
nan nan nan nan nan nan nan nan nan nan nan nan nan nan nan nan nan nan 185.9968051176483641 190.28420247456156744 196.32145683838990635 206.62076356502848284 215.58973499167672117 224.66237139977951642 233.80808650372776469 239.5449561845689459 242.29101538005193106 251.0048760907897929 259.28467290384537591 264.64994431102769568 272.41997393026531427 278.99888775768448568 285.77867608981722469 293.14211467276868461 295.48311604985354961 296.39999237668700971 307.98578056306990902 335.98471343208285589 368.3425961622158411 372.09616534621147821 365.5884186190922378 362.29750136852555897 359.71291950540324933 405.60804011267435953 407.11021238954339196 409.35165811381097001 416.29862601569357139 416.60722253977877472 406.54923848438983214 389.11997593663028283 373.66263599190000377 nan nan nan nan nan nan nan nan nan nan nan nan
nan nan nan nan nan nan nan nan nan nan nan nan nan nan nan nan nan nan 187.12290854169165755 194.07145319831036545 200.61159550150532027 207.58623105216841509 216.66888931891645598 225.3572265024155854 232.61881975930708677 239.10548980976713551 242.13175105377516161 247.03657251626617608 254.5011731592205706 261.78198723436332784 270.24155955929506945 277.66978802729164499 284.69857139804827284 293.7613355659796639 299.1602844616544985 301.04612227976321037 297.62634042636091181 304.16942729776428678 350.5846542051156689 376.48963967687592458 374.04160273214370136 374.34000085997666929 370.11386171724961969 411.50214849286345498 416.21976078476052407 423.94090238224214318 418.75035936341697607 390.71758045945250615 395.68938245337119497 397.10340421843011427 nan nan nan nan nan nan nan nan nan nan nan nan nan
nan nan nan nan nan nan nan nan nan nan nan nan nan nan nan nan nan nan nan nan 205.3095732357044767 210.9502164300500624 218.00465961523488545 227.12759410058276899 234.84016178094580596 241.35220821924883694 244.38703096003010273 247.73499916567550372 254.77361586653609038 264.38703421562803442 271.35643434753774272 277.37182799637633934 285.03689957145650169 298.20710871665460218 303.29449300592165173 306.2007935950403521 307.3980002634509674 310.66852970855421745 339.55008959858696471 380.90847655837461616 387.20159471063306 385.98623018208161284 372.79398829668662074 412.57614157018986134 431.0657561679806804 nan 388.61936639508587632 372.03589614742060121 nan nan nan nan nan nan nan nan nan nan nan nan nan nan nan
nan nan nan nan nan nan nan nan nan nan nan nan nan nan nan nan nan nan nan nan 209.41547662031780419 215.9119664964390779 221.59921687148934666 228.31554816537342845 235.58206500399469974 241.90115332748649735 247.00685331007767331 250.2982005930269338 255.02699385801628296 265.56290522676789578 275.16598967689964184 300.20948234018351286 321.63376440653013333 319.05995527079682006 311.08259511957299992 309.43803230924191894 314.48018794784320562 313.18230113242412926 317.00966381326628607 357.68265429834343649 385.89769664511351266 393.02387678725915521 397.82671203280159489 401.75843640640056265 nan nan nan nan nan nan nan nan nan nan nan nan nan nan nan nan nan nan nan
nan nan nan nan nan nan nan nan nan nan nan nan nan nan nan nan nan nan nan nan 215.5246430517719034 220.81744823673517431 226.32087847714834083 231.77752930753510441 238.06491120937485562 242.50167679107971708 247.84602159007155819 252.12268824484826268 258.23490766148370312 281.12468868344819839 321.69865147999593091 335.83519322454986877 341.42662413104045527 326.80228304146254459 323.08643032597535694 323.24331907830747923 329.18770698575906408 328.69454160720323443 328.03379403305217465 339.26897555713640031 365.73141723779303902 375.60703378383112749 369.34036047401502856 372.95417072408480408 nan nan nan nan nan nan nan nan nan nan nan nan nan nan nan nan nan nan nan
nan nan nan nan nan nan nan nan nan nan nan nan nan nan nan nan nan nan nan nan 222.62607960989959111 226.26866508079081086 230.42998518133029506 235.74336490360551011 239.0420330537009761 242.36066395960989439 248.04924022229499769 252.1869404115049349 253.68552888279953095 264.63148214267437197 327.44154501002361712 354.95367614935065603 327.93466657889803173 321.50307381017847774 335.51359403109290724 351.89598421767294667 362.07048535544970491 359.87472661163923249 346.85736851990299101 343.4235190476202888 354.35101652039520559 360.45183044320907584 364.42270778125140396 400.840838259477664 nan nan nan nan nan nan nan nan nan nan nan nan nan nan nan nan nan nan nan
nan nan nan nan nan nan nan nan nan nan nan nan nan nan nan nan nan nan nan nan nan 246.60996936265377144 234.01290183817948787 237.15188694246586465 239.93287442856035341 243.09616419851485603 248.19300995000537569 252.47368084905542673 253.8838068955662095 258.46626277486706158 274.24426714645494485 349.45633262282677833 334.04734642110253162 337.0646778635976375 345.05328981893592299 373.32037553824443421 374.5930500825182321 368.9703781461963672 359.81949008062127859 350.70174389516358815 355.83679583255241141 371.35192163546446409 356.90072827223355034 nan nan nan nan nan nan nan nan nan nan nan nan nan nan nan nan nan nan nan nan
nan nan nan nan nan nan nan nan nan nan nan nan nan nan nan nan nan nan nan nan nan 230.30296412617929036 234.2876474095117203 238.9348651250148805 243.07664670664627238 245.71826727843151161 249.78751319944998954 253.66034332989434574 260.11880565346262983 265.85993415595442002 276.64041897366985268 360.72068269941792096 352.34145989782501829 350.03943936395069159 355.47088113213931138 382.31914783587285456 379.22786771025732833 376.08219328384188884 372.39382522351752414 368.01619895059661758 368.30613812975354904 387.37764172952103081 379.14949149308461074 nan nan nan nan nan nan nan nan nan nan nan nan nan nan nan nan nan nan nan nan
nan nan nan nan nan nan nan nan nan nan nan nan nan nan nan nan nan nan nan nan 230.87108699490880781 232.77121586771934858 237.32535548610252363 241.25459613459304364 244.80698238441021886 248.27305690601099286 251.8919577950969142 256.66300867675568043 281.42895977182200795 304.08710121702387141 291.21350046340307927 338.02566293736629177 368.55952630694901018 364.5969568803952825 380.43136208825234235 380.20315367214914204 378.90574781693379691 388.03684281752015295 384.30142259465611687 378.1116372911182566 378.70694289914359842 380.43631764743690837 nan nan nan nan nan nan nan nan nan nan nan nan nan nan nan nan nan nan nan nan nan
nan nan nan nan nan nan nan nan nan nan nan nan nan nan nan nan nan nan nan 233.72074913506466487 231.54068807874901381 235.55885324071127229 239.54015911594476052 243.46518333248923227 246.87666797825912113 250.56440663477741282 254.79417083531603794 257.58373207985391673 266.95021028864448454 272.45455716950715441 276.46346602666648096 279.97727931727587247 293.25219635879892621 327.42223130885417959 332.5930307569890374 367.06608321431139075 376.96643953516473857 391.4400121975586444 391.82503291568031045 386.10491281621182225 375.81384227223645667 nan nan nan nan nan nan nan nan nan nan nan nan nan nan nan nan nan nan nan nan nan nan
nan nan nan nan nan nan nan nan nan nan nan nan nan nan nan nan nan 265.86610673821002138 231.89511777615982169 232.88272068566013218 239.11935579804935514 242.01225120615973196 242.46311806426902535 247.70693096098278829 251.30190600452800709 253.8902785958524646 259.7323305881798774 260.65181237199408315 269.000098621900122 274.29205872721485093 281.1091889149186045 325.76019570054944552 319.84729741910217626 292.70596071141568473 294.73238893419738815 nan nan nan nan nan nan nan nan nan nan nan nan nan nan nan nan nan nan nan nan nan nan nan nan nan nan nan nan
nan nan nan nan nan nan nan nan nan nan nan nan nan nan nan nan 279.82945405890461643 252.91092837712452024 242.87061700552527554 244.61972215214669291 252.1694374964395422 254.52997735638746235 250.39160892445192985 250.76703916586788523 255.188858668059396 260.27536243719981712 266.10651327083320439 262.63870218037220639 274.53052646912425416 305.41879529333652954 281.55271753367537713 285.21478714994009351 329.95881655612629402 nan nan nan nan nan nan nan nan nan nan nan nan nan nan nan nan nan nan nan nan nan nan nan nan nan nan nan nan nan nan
nan nan nan nan nan nan nan nan nan nan nan nan nan nan nan nan 271.25452287237675364 251.01409194658958768 261.47593081702814288 265.28574802809743005 264.49491341663082267 266.18387110014305108 266.32536324522618543 258.87392127722637269 258.40988581434419302 263.05612058576815571 277.39209320700427952 271.29497077157094509 269.39651242063723657 300.76578507079887004 294.13927374078997445 286.42726127731208408 nan nan nan nan nan nan nan nan nan nan nan nan nan nan nan nan nan nan nan nan nan nan nan nan nan nan nan nan nan nan nan
nan nan nan nan nan nan nan nan nan nan nan nan nan nan nan nan 272.95692881691229559 274.71855167455805713 283.13584890271397398 280.19134363017138867 276.34481611801999179 276.74702383646462067 279.95017534111053692 289.25134987701659384 292.85788797641288284 289.38947270861854122 289.75530337571393602 291.7793063498901347 268.03983979697420637 nan nan nan nan nan nan nan nan nan nan nan nan nan nan nan nan nan nan nan nan nan nan nan nan nan nan nan nan nan nan nan nan nan nan
nan nan nan nan nan nan nan nan nan nan nan nan nan nan nan nan nan 306.00693542999624697 311.75942331818879438 299.87707726385986007 293.54935330562608442 293.04193997361045376 287.16676920254860761 293.70392705048186599 312.90101311020509911 323.51623971057034623 295.79758155441714962 nan nan nan nan nan nan nan nan nan nan nan nan nan nan nan nan nan nan nan nan nan nan nan nan nan nan nan nan nan nan nan nan nan nan nan nan
nan nan nan nan nan nan nan nan nan nan nan nan nan nan nan nan nan nan nan 321.50869302827885576 323.77352681034835769 318.63250317388656185 325.0492374941747471 325.28658623848042453 nan nan nan nan nan nan nan nan nan nan nan nan nan nan nan nan nan nan nan nan nan nan nan nan nan nan nan nan nan nan nan nan nan nan nan nan nan nan nan
nan nan nan nan nan nan nan nan nan nan nan nan nan nan nan nan nan nan nan nan nan nan nan nan nan nan nan nan nan nan nan nan nan nan nan nan nan nan nan nan nan nan nan nan nan nan nan nan nan nan nan nan nan nan nan nan nan nan nan nan nan nan nan
