results/rofental/swe_month_2020-07-01T0000_2020-07-31T2300.asc
ncols        322
nrows        225
xllcorner    622802.488000000012
yllcorner    5178049.378999999724
cellsize     100.000000000000
[rows 150 to 179 of 225, columns 138 to 206 of 322]
0 0 0 0 0 0 0 0 0.0004324325372602253045 5.6071514068164605149 10.78064702430301125 0.32852525744613919612 0.33691102650984511291 0.00087913683249704014256 5.1443816101776560838e-07 0 0 0 0 0 0 0 0 0 0 0 0 0 0 0 0 0 0 0.0039892491373668950358 0.0044126130371617434262 0.0046759200560985408196 0.0047300963980388783733 0.0047675541007693705148 0.0050565996688125471742 0.012137592420804746082 0.056768252709838817882 0.083764568550996315599 0.11229246310110922724 31.094478598231479083 7.9038884212359930004 3.9912577650179166255 6.6459119227132292806 6.9649689105766130481 10.041968644969038849 8.6539835518941607972 0.7807275897494512229 0.18508021961629450569 0.14584756143492286218 0.18868059862914046687 46.245665956281101217 nan nan nan nan nan nan nan nan nan nan nan nan nan nan
0 0 0 0 0 0 0.00041865076386748143258 0.52612327574341843928 6.184301411733206244 18.072082504757798205 7.760774460073140979 3.2160803038619336647 1.8893239427131796049 4.220970522745347786 3.6339993351748647854e-05 0 0 0 0 0 0 0 0 0 0 0 0 0 0 0 0 0 0.0023126144872133267034 0.0042561108401343210675 0.00436859459817370583 0.0045587494756464614146 0.0047885570564028413082 0.004923886008506760982 0.0051707317564732490842 0.012241903257726474002 0.05471716983623946956 0.081194131833977223334 0.092097594037887350882 0.12704160126216562654 46.094556653061751206 115.30537100102577597 68.556265372033294625 23.810883486396338782 9.0504830570420207181 52.414062877017272513 43.030685122507129847 27.253656657391125862 17.165683939983768624 nan nan nan nan nan nan nan nan nan nan nan nan nan nan nan nan
0 0 0 0 5.6874235916883302266 13.520993921713975183 22.636453203309493176 28.842084372798204583 15.399363539576928162 2.1528703983144583667 0.0030282425994253014956 0.0024748996544894695873 2.3848452652484439795 2.4241569155217201903 7.4916282849374144188e-07 0 0 0 0 0 0 0 0 0 0 0 0 0 0 0 0 0 0.0030662932911021184221 0.0043266708666158159094 0.0048235869054126957051 0.0046336160330075360642 0.0046854213962187430884 0.0049428356574160933756 0.0052150557251391680205 0.010280160778314263725 0.042714498729228146667 0.085844493244756930883 0.088324302326004050512 0.10208882245266401312 0.11468407225431381802 0.12965242964826287353 31.414321525065290075 161.55514328201127228 103.26442952765584948 299.681907559663955 321.16593847956039554 208.18557938276512687 nan nan nan nan nan nan nan nan nan nan nan nan nan nan nan nan nan
0 0 0 1.1220826320636370088 8.5349089945643754618 49.117713313024921717 120.05686234725591532 74.443749859836259475 25.964284899310037247 0.44161244981472569382 0.0027301864606447193151 0.0017120179104510389184 0.0015136147522424074022 0.00043283314256770843336 0 0 0 0 0 0 0 0 0 0 0 0 0 0 0 0 0 0 0.003757835096556854694 0.0044285145811921340642 0.0051679136790212538283 0.0052319389365075887055 0.0049653185450436194276 0.0049807832536435253656 0.005214507708078685265 0.0054109547317084533136 0.050848027326284496452 0.095190857394151409676 0.096111336159453039651 0.096133690736147955902 0.10823517236805427211 0.10835146573906614953 0.11886000171390448399 23.736897876922007811 343.82858504490417317 508.89101605429851816 361.67738342484517489 nan nan nan nan nan nan nan nan nan nan nan nan nan nan nan nan nan nan
1.039767875488299298 2.4421310948602901192 0 0.00061463986972290908344 0.43122787198661993724 17.828463676330564169 13.21949064233262483 9.1345133596581273849 23.827780794626526983 0.15506706751057758309 0.0026830726944372207225 0.0013906579332480320261 0.00037754604962370529823 0 0 0 0 0 0 0 0 0 0 0 0 0 0 0 0 0 0 0 0.0036748796619279215821 0.0045465222006842017852 0.0051408340270171362998 0.0052620998225308759921 0.005106574986625732511 0.005193536283490395554 0.0057345689690321043422 0.015115140560024048835 0.07071721755696901146 0.10142359600780001538 0.10978829761604665116 0.10919723722698275459 0.11649711231650816678 0.12150494683425626385 0.12613983660816796561 0.13597317728409238913 0.17379907077255546399 2.607256505966835558 nan nan nan nan nan nan nan nan nan nan nan nan nan nan nan nan nan nan nan
3.1417013753689233546 2.339083999848777573 6.2824277517095810097 8.8555079132781173712 6.4242293663003806614 3.8543316085295833417 0.00690294593471379829 0.0056530139302460088307 6.5830180747498800997 3.4421025856573135293 0.0021128213284660221465 0.000820700132185182233 4.7120830868736509673e-06 0 0 0 0 0 0 0 0 0 0 0 0 0 0 0 0 0 0 0 0.0042832703428181545524 0.0043940265823106394727 0.0053484719686542388922 0.0055621025687760056525 0.0053300704665186155254 0.0053695961702918916167 0.0059699343636217139936 0.018665455360945371749 0.062123694709538802849 0.1006080658924322635 0.11239789696218037418 0.11451047254999081881 0.12010536700575748237 0.13648253766623344441 0.14147092912823455713 0.14791335340796218922 0.17077815005296587136 0.25463914559474010169 255.8482278412104165 nan nan nan nan nan nan nan nan nan nan nan nan nan nan nan nan nan nan
30.668511929797634963 4.1462556650554027726 4.4221406123022433121 19.55155398204963646 38.690223799369775293 51.34157092489022034 0.77723806671921602529 0.0061041954355067467447 1.0345391921749902409 5.2501567463518163947 0.0018070125691188267027 0.0013175958473398573147 0.00011683802091025754285 0 0 0 0 0 0 0 0 0 0 0 0 0 0 0 0 0 0 0 0.0035270228191036740936 0.0042265326142382451946 0.0048050662736432636288 0.0062142053637101882582 0.15423355382254583246 0.0055927837493624857346 0.00596770531513474492 0.020833166163949579791 0.064631609621678534627 0.099623030217665622943 0.11351146493685650152 0.11757435934009523304 0.11952978635838228116 0.14480080184563098866 0.15232886547037094438 0.16443486776835919416 0.19459081877997080889 3.6433852099951722359 nan nan nan nan nan nan nan nan nan nan nan nan nan nan nan nan nan nan nan
49.833126044437968005 40.075201483522661761 30.559281661987022005 43.859558897790819287 50.425183687619053785 38.040534567310736236 4.8944728288240355596 1.368133060882505303 0.33000738760763542734 0.0032956670721891959813 0.0016046103403515765869 0.00053314666293964477033 7.500223832794332933e-06 0 0 0 0 0 0 0 0 0 0 0 0 0 0 0 0 0 0 0 0.0034170593313897434061 0.0040752332195436117429 0.004385841527457670988 0.0049714779933165932288 0.0066580259434460362794 1.8553333866912729011 0.4704907119303413654 0.027428835216919914691 0.067955300530069109866 0.10142256422626065582 0.11869919683734841964 0.12577633289847578446 0.1284168327260411524 1.2296525329913450264 7.5927411356032257217 8.2288827004402662624 10.396063358470367888 nan nan nan nan nan nan nan nan nan nan nan nan nan nan nan nan nan nan nan nan
21.943568901386907299 40.764853539874700061 65.771147097003833437 44.89715091825636506 24.999482238225660069 31.336134769293117586 23.809857352801401476 5.686313947895137666 0.0035849394626343571331 0.00081091909843991258604 6.5247729927357396478e-06 0 0 0 0 0 0 0 0 0 0 0 0 0 0 0 0 0 0 0 0 0 0.003270766808510149927 0.003994579344784791701 0.0042797282058086348958 0.0046152365995220700004 0.0048760412465646699523 0.0063169611728154080946 15.144058198630320433 98.38763879198880602 75.0639327210438978 7.6838683543821479915 0.40719573659401497867 4.9882721154619611426 4.7013893226582261775 17.173698856932460899 19.916321396573277269 11.011055486128116243 2.248169500859019454 nan nan nan nan nan nan nan nan nan nan nan nan nan nan nan nan nan nan nan nan
19.336387005882798462 175.84698171982046233 129.28825535887978049 67.45458365169143633 24.758943227293034539 32.84152501707836791 22.14924164194973244 12.519897138691884919 3.7612595176161467414 0.0011257906419844434642 0 0 0 0 0 0 0 0 0 0 0 0 0 0 0 0 0 0 0 0 0 0 0.004078801783694973454 0.0043487054984617705758 0.0042024624965902781376 0.004399457532372957197 0.0047102143654878551524 0.0048737334552425813639 0.0056128086435642291982 0.02155792173732379996 5.5301516487860196136 74.836446297621876056 29.331734082009479181 17.344454143220627174 10.852166177754330789 9.475695270364912659 16.513167781293354608 12.799226532009313928 21.397199978042891644 nan nan nan nan nan nan nan nan nan nan nan nan nan nan nan nan nan nan nan nan
10.074724829211687549 21.145700608199025083 20.681241928539147779 38.713069558344621157 20.950454273055136412 11.396604494265925922 26.525190302958229438 3.0469296241452901164 0.0022987404268513082772 0.00019353734789345257167 4.9394976005532773374e-06 0 0 0 0 0 0 0 0 0 0 0 0 0 0 0 0 0 0 0 0 0 0.0046728699900394137998 0.0050826103716334319199 0.0047816632620835573461 0.0046075904339485541233 0.0047510544521094265 0.0054917158460549156743 0.0057268120126100410111 0.0064952525165064105284 0.046191425983618007722 0.12404324684784184818 11.003624271876320861 29.539519552901698063 43.06717057475071897 56.198094600351346628 56.765145098588718042 33.971394071036399964 nan nan nan nan nan nan nan nan nan nan nan nan nan nan nan nan nan nan nan nan nan
20.038174115325116276 0.31286144461237852532 0.014170507132791422544 1.9452582067677761657 9.6694541524270860577 0.0087245658250991262733 2.5916955177072180661 26.939752881375468974 30.144048881446774857 0.00052797642431377019706 0.00059715214543538616427 0 0 0 0 0 0 0 0 0 0 0 0 0 0 0 0 0 0 0 0 0.0023287607000908859024 0.0047098122179954418631 0.0050045723831928000738 0.0050956859805027579502 0.0050256366920384681896 0.0049490069316992756077 0.0057572462009327397825 0.0074055822977981784414 0.0075428547940657219087 0.023196398542435235635 0.07654882166003851296 0.11089642947212356716 0.13059468725087788887 1.9080390369439199638 126.83403842804644057 206.97172562604868062 nan nan nan nan nan nan nan nan nan nan nan nan nan nan nan nan nan nan nan nan nan nan
161.80577324885268808 6.7632652829723918231 0.41603435166069430151 0.0098587124049012899579 0.0089463232720483846366 0.0061851036544959157523 0.0041829122384845077512 0.0042686255901443195468 6.9200122926113891708 0.0014967555970814624012 0.00011418773184182014647 0.026751145831757649346 0 0 0 0 0 0 0 0 0 0 0 0 0 0 0 0 0 0 0 0.0029915574619464309174 0.005124479444192536412 0.0055250289517377402376 0.0053836065188263828793 0.0053627295716943195955 0.0052364542233063558069 0.0057472733428994985175 0.0080280987209023230849 0.01129406521176122731 0.028590281875162742997 0.070679180694567328436 0.11085787152939177713 0.12580979868538091915 0.14932742741676724441 0.19365765387487368643 0.30334873220417624129 170.17268732064820824 nan nan nan nan nan nan nan nan nan nan nan nan nan nan nan nan nan nan nan nan nan
325.86899111536996543 89.158719062305493708 9.9340954516730999302 0.0046355814899683382008 0.003690819513944167303 0.0046506418117787532221 0.004814358039872514497 0.0026338649451870367948 0.00052000667180193563613 5.6194334530066238501e-06 2.9408380981980170305e-06 0 0 0 0 0 0 0 0 0 0 0 0 0 0 0 0 0 0 0 0 0.0032250933402340207015 0.004927284387051031507 0.0051851547887591387109 0.0057138106519037017497 0.0063933939299770986206 0.0061475007733843298544 0.005787389574083525931 0.0071521753310537453802 0.011483786922266795219 0.027743444351641829287 0.073227611740461551193 0.12180859632564777773 0.13338918867816165759 0.15682425090719426253 0.73245326480859762608 2.787852440063837367 nan nan nan nan nan nan nan nan nan nan nan nan nan nan nan nan nan nan nan nan nan nan
222.94984909222887381 167.44208263470488873 27.772621131770673486 0.0040875658453356292221 0.002701527225532295972 0.0026954432395756024697 0.003429128070848771765 0.0013614164033982480238 4.1716588647522051498e-06 0 0 0 0 0 0 0 0 0 0 0 0 0 0 0 0 0 0 0 0 0 0 0 0.0048317782139224692631 0.0057225130495445744247 0.0064560657549193748231 0.0071168873149804164416 0.0071652546892258459077 0.0063382435093398848541 0.0067132286342744306243 0.0094782465020636277181 0.026871027635149778712 0.42222207551178336793 0.2333060200124677519 0.13991169521658533559 0.26917129762118169323 7.2336116124181284448 37.556326018411873235 nan nan nan nan nan nan nan nan nan nan nan nan nan nan nan nan nan nan nan nan nan nan
1.0373646921310823998 49.769091857234379006 113.89968355422664104 9.419813213461473822 0.0017115632970805445563 0.0012562157695749588595 0.0013562142083513308802 0.00075194362735141141371 0 0 0 0 0 0 0 0 0 0 0 0 0 0 0 0 0 0 0 0 0 0 0 0.0034869142210029392855 0.0049863384211310994923 0.0057533031051020828289 0.0068049751536054716577 0.007364810233148724565 0.0076675842046364439328 0.0078239917397502113661 0.0077296251859421145208 0.01073784288951026844 0.028566943099514380267 0.59272735791816488771 0.99605687902376394138 0.51896538337302822175 1.1781543771225932993 1.0232634290575159941 nan nan nan nan nan nan nan nan nan nan nan nan nan nan nan nan nan nan nan nan nan nan nan
0.010196112668907266613 0.014066588054325252291 13.529756714676596019 6.3442662874993791533 0.0012369486344088859685 0.00055165108152999370143 0.00027860550897763122075 9.9935832277283140725e-05 1.1984907869224331462e-06 0 0 0 0 0 0 0 0 0 0 0 0 0 0 0 0 0 0 0 0 0 0 0.0043128606052123350661 0.0046042252517203277259 0.0057971497252310814907 0.0087716550452100108121 0.0093616512356716960475 0.0098245208179856807068 0.0099713454256536732806 0.009253407731675702616 0.013309880858356102837 11.739342387942418355 4.2633402151450772166 6.2186323817560449356 13.528852048960692045 3.2087302278001232914 nan nan nan nan nan nan nan nan nan nan nan nan nan nan nan nan nan nan nan nan nan nan nan nan
0.0055703847410639144994 0.005764910939820055806 0.0044769035128525156222 0.0035845187578297486863 0.0012268386806957903758 0.00061179641004493871305 0.00015069001550995506436 3.2375406167142913197e-06 0 0 0 0 0 0 0 0 0 0 0 0 0 0 0 0 0 0 0 0 0 0 0.0023395496451699697611 0.0059933058548097490129 0.0052799130844255279943 0.0079333974930488066618 1.5859502321276115477 1.0890259908018924406 0.092369206706961720643 0.012478742600144587804 0.0098907392632186022507 0.014899216862981970455 66.58439520899852937 266.01631351607903753 230.12838660884582964 nan nan nan nan nan nan nan nan nan nan nan nan nan nan nan nan nan nan nan nan nan nan nan nan nan nan
0.0040423141774208306079 0.0029998488631514295087 0.001753794813564057628 0.0020134473651098579519 0.00045207105407221915725 0.0004529700205006841258 3.2160536420826841586e-06 0 0 0 0 0 0 0 0 0 0 0 0 0 0 0 0 0 0 0 0 0 0 0.00043739335006423969926 0.0055942955189373323385 0.007749644752982218221 0.007433996471135492605 0.010011691171554053595 1.3341034597843599574 1.1647070013722831128 0.18193831680072503065 0.014162347626808558659 0.012765081564058393046 0.013887588260138104823 14.938750413593226085 296.88175917512023716 nan nan nan nan nan nan nan nan nan nan nan nan nan nan nan nan nan nan nan nan nan nan nan nan nan nan nan
0.0036842411679848365361 0.0010731057325311871634 0.00029622664114933356825 0.00015841662428015378518 3.9439467854825074872e-06 2.9967986058980681279e-06 0 0 0 0 0 0 0 0 0 0 0 0 0 0 0 0 0 0 0 0 0 0 0 0.0031369041154720713957 0.01707514810670311689 0.039647297806379155904 0.0085862337007009473244 0.010570007155808922375 0.47832892916357838686 1.7257872657507582481 0.70208347833228335055 1.5219695562100501451 0.015625981808076030294 0.017573153222180965677 0.060278824811607109591 40.00713271073278321 nan nan nan nan nan nan nan nan nan nan nan nan nan nan nan nan nan nan nan nan nan nan nan nan nan nan nan
0.0014791069488938471746 0.00035891192026217717814 4.0652121659849337583e-06 2.0339105522124357275e-06 0 0 0 0 0 0 0 0 0 0 0 0 0 0 0 0 0 0 0 0 0 0 0 0 0.0006848700852817857232 0.63900099432054591198 0.13908485976092477276 0.00912116042625516453 0.54842311938103305291 4.6593897310729008865 4.3904640654397244504 2.8193206758373010601 0.37602264956331737933 1.5335152124270459151 0.019591392931259239002 0.020558031220542345718 5.9156868337579791017 69.0818823228829757 nan nan nan nan nan nan nan nan nan nan nan nan nan nan nan nan nan nan nan nan nan nan nan nan nan nan nan
1.1441398404916300742e-06 0 0 0 0 0 0 0 0 0 0 0 0 0 0 0 0 0 0 0 0 0 0 0 0 0 0.075242801988271920677 1.3771093827250833197 1.9550357567376801526 1.1073362384139240344 0.99107986972788553182 4.8517801316367998865 9.2950640936547213045 6.3510515175107542518 6.6664915697803612815 4.0545032561083758083 0.096605911548779094256 0.079999671268240549193 0.027139927248643148927 0.018329033085940402148 0.022972728794350194548 0.085136409834299320298 151.6397108946648018 nan nan nan nan nan nan nan nan nan nan nan nan nan nan nan nan nan nan nan nan nan nan nan nan nan nan
0 0 0 0 0 0 0 0 0 0 0 0 0 0 0 0 0 0 0 0 0 0 0 0 0 0 0.78315862593269403025 7.3272204011614849861 7.1174636506340434039 7.0798794636240556244 14.472129221938692112 9.613501431132988273 4.582836878346559395 3.680982619817550372 6.1003513198359904379 7.203480588074681279 4.4571518131879166447 1.1165966774334432632 0.17281633530478596183 0.026952420629998866813 0.031973110435150817188 0.309322319115897304 215.68261906020524066 nan nan nan nan nan nan nan nan nan nan nan nan nan nan nan nan nan nan nan nan nan nan nan nan nan nan
nan 0 0 0 0 0 0 0 0 0 0 0 0 0 0 0 0 0 0 0 0 0 0 0 0 0.00033680768494201033863 2.6620722618649912405 1.9605118799768759263 3.5827597654432992158 9.4580140266279855155 30.625924027664908067 10.276793259696303195 7.5545273613809742486 5.3239348925409846203 6.8425641853811187687 8.10178751630871119 9.6977344163878402838 6.1798368168024842007 1.6162225943534109796 0.033232098393283317217 8.7415791631276746898 53.479525893011981452 127.59258354105298849 460.79938128673023812 nan nan nan nan nan nan nan nan nan nan nan nan nan nan nan nan nan nan nan nan nan nan nan nan nan
nan nan nan 0 0 0 0 0 0 0 0 0 0 0 0 0 0 0 0 0 0 0 0 0 0.16486064423066987272 3.654475237624411843 8.3207503396226716319 6.7118160924450966931 6.5517688948513681524 0.66185185809807323132 5.7492457285702016634 25.42445512440170674 13.059278947144219885 14.013510467729380693 11.671746988572410331 7.9829452661407520608 4.9373561379113928282 3.2251389035127124849 3.1121081585725436369 1.5237361183106545859 10.136575774555323548 210.47385365513648026 139.1271006601122906 nan nan nan nan nan nan nan nan nan nan nan nan nan nan nan nan nan nan nan nan nan nan nan nan nan nan
nan nan nan 0 0 0 0 0 0 0 0 0 0 0 0 0 0 0 0 0 0 0 0 0 28.98244977262910993 56.988399586851500089 10.386608778334357694 10.12091050910454193 18.918863890358522895 14.195161913562817091 11.077942295760921709 49.604020206142294569 42.130626287786242301 41.176877231721398687 29.75172623871241484 16.022183598427403695 12.966318750289893558 8.7162734008628994786 6.8879843379152321248 4.8305823731810404453 7.1455678196741008179 35.046131684607253476 nan nan nan nan nan nan nan nan nan nan nan nan nan nan nan nan nan nan nan nan nan nan nan nan nan nan nan
nan nan nan nan 0 0 0 0 0 0 0 0 0 0 0 0 0 0 0 0 0 0 0 0 0.004570711297556370907 34.682352576320020887 16.80272628791838585 12.786793196996910638 21.47399667613656149 26.202816360305209997 15.390347737388834659 35.097373384686122222 23.685522466765210226 21.644856073756038484 20.594768405176314019 26.698183323258714239 28.890710564962269302 25.12905350892947709 18.079053320867608079 16.762664334254647969 11.380280786732297926 nan nan nan nan nan nan nan nan nan nan nan nan nan nan nan nan nan nan nan nan nan nan nan nan nan nan nan nan
nan nan nan nan nan 0 0 0 0 0 0 0 0 0 0 0 0 0 0 0 0 0 0 0.00049149959905810851682 0.0039469325524090033072 9.6750558896260869801 45.153154220922942841 23.240309079099969125 21.44233176379610839 23.986031194360876384 17.629980692737721171 55.828671233918790051 41.251264418290979563 43.581336633205793873 37.207407452921934521 27.466430014733933973 29.286100823991162656 31.156821616293832733 30.17999064874906523 7.9153906886049600899 nan nan nan nan nan nan nan nan nan nan nan nan nan nan nan nan nan nan nan nan nan nan nan nan nan nan nan nan nan
nan nan nan nan nan 0 0 0 0 0 0 0 0 0 0 0 0 0 0 0 0 0 0 1.3835147311098501266 9.499914611963394151 19.663424113141299898 49.956922292980060263 33.123935103367067256 31.320489745647357438 33.457871868245497637 27.224323062857390454 132.68538731256802521 106.58387205224263994 113.72905034611709141 108.86081713182142039 102.6196030618908992 58.519222747759343406 35.605738134083104285 31.174882906551751205 60.965478164342179923 nan nan nan nan nan nan nan nan nan nan nan nan nan nan nan nan nan nan nan nan nan nan nan nan nan nan nan nan nan
nan nan nan nan nan nan 0 0 0 0 0 0 0 0 0 0 0 0 0 0 0 0 0 0.00047591954213579274174 0.0055860870071259213776 11.641114904214948211 59.217492019939221848 78.841333326918757507 51.652187840017916187 22.669032140791109953 34.510300766326110988 250.82101127935709428 242.35470499882902118 259.18200974554849836 424.09561799982139974 409.76517583200421768 300.36594142927049234 89.539660972517665982 42.411626043554534249 nan nan nan nan nan nan nan nan nan nan nan nan nan nan nan nan nan nan nan nan nan nan nan nan nan nan nan nan nan nan
