results/rofental/swe_dates_2020-06-02T1200.asc
ncols        322
nrows        225
xllcorner    622802.488000000012
yllcorner    5178049.378999999724
cellsize     100.000000000000
[rows 128 to 159 of 225, columns 73 to 145 of 322]
nan nan nan nan nan nan nan nan nan nan nan nan nan nan nan nan nan nan nan nan nan nan nan nan nan nan nan nan nan nan nan nan nan nan nan nan nan nan nan nan nan nan nan nan nan nan nan nan nan nan nan nan nan nan nan nan 526.94896602298274502 439.8537027141053386 400.93395902314790646 436.19409945212203183 384.92835547310932043 358.71314333472037106 346.46901501649472266 364.90185532827740644 313.09524401392809523 266.243657664261832 43.030913187922870122 39.933279792093962612 137.27010731353476558 123.31497536985949637 98.044268638526062887 52.777922119533194234 57.965446414081625903
nan nan nan nan nan nan nan nan nan nan nan nan nan nan nan nan nan nan nan nan nan nan nan nan nan nan nan nan nan nan nan nan nan nan nan nan nan nan nan nan nan nan nan nan nan nan nan nan nan nan nan nan nan nan nan 500.22117034613080477 455.86176011785016726 431.16172245229785176 419.29888594248723166 441.47869083278419566 430.6778501265193313 412.54766109669458274 375.02084040967116607 280.64562399257124525 226.74601372141603406 206.8299437512307577 29.903391050210206714 42.851570190877374955 133.28656406498217279 78.66134480029265319 2.4627935962113918222 0 0
nan nan nan nan nan nan nan nan nan nan nan nan nan nan nan nan nan nan nan nan nan nan nan nan nan nan nan nan nan nan nan nan nan nan nan nan nan nan nan nan nan nan nan nan nan nan nan nan nan nan nan nan nan 577.28814820605782643 465.37404340314731144 430.2351173680131069 408.29672033641281814 373.0220663662989864 343.23767810932520206 363.71375978325909273 317.40593470434794199 283.29774194661882802 263.41120777707317302 291.38539081662071339 277.59957918980092018 172.68188807395995354 7.3670944459939615712 36.844888703598549284 105.34686729563912877 45.960248017107844021 0 0 0
nan nan nan nan nan nan nan nan nan nan nan nan nan nan nan nan nan nan nan nan nan nan nan nan nan nan nan nan nan nan nan nan nan nan nan nan nan nan nan nan nan nan nan nan nan nan nan nan nan nan nan nan nan 577.88637291802342588 471.00496036331418281 409.48543587997068016 377.42643256785714811 279.17122110355211362 204.93471064065494147 195.88224804496658749 220.07682531791510883 190.94208205277016077 188.01882880299490353 158.7500624805140319 164.3320051888710509 89.783787247602617754 5.3774236006398732357 42.392976595006658158 79.833950110675175438 0 0 0 0
nan nan nan nan nan nan nan nan nan nan nan nan nan nan nan nan nan nan nan nan nan nan nan nan nan nan nan nan nan nan nan nan nan nan nan nan nan nan nan nan nan nan nan nan nan nan nan nan 561.16879144838310367 570.12096098549523049 nan 458.70406180340035007 382.56576418669499162 564.13860186910005723 564.67334448121414425 459.18811771020619972 310.35153421540161389 290.02925555035579919 198.76811042820594366 122.89556850247467423 64.637463074488081816 87.828225745856585149 90.517097899221695911 31.539498571416501704 41.759451855091143102 12.363361977445203266 0 0 0 0 0 0 0
nan nan nan nan nan nan nan nan nan nan nan nan nan nan nan nan nan nan nan nan nan nan nan nan nan nan nan nan nan nan nan nan nan nan nan nan nan nan nan nan nan nan nan nan nan nan nan 558.98271611283564653 541.35091001560078894 519.38904311210387732 507.52802056673067455 348.64529539322427354 245.55485989836736849 385.85182748735951463 426.18294557162994352 427.83652349681665328 258.40997315591636152 265.8028997212103377 155.29749741729457924 46.891110806762739571 28.097154571128289291 26.009851874162212226 32.629799757502610191 33.922350282044732239 12.597784076550915699 0 0 0 0 0 0 0 0
nan nan nan nan nan nan nan nan nan nan nan nan nan nan nan nan nan nan nan nan nan nan nan nan nan nan nan nan nan nan nan nan nan nan nan nan nan nan nan nan nan nan nan nan nan nan 606.07572505738539803 542.03990865388914244 439.60433290007898677 354.61754068477239343 356.45451776722438808 199.57973980060427266 88.715919403232348373 279.05548004666337647 210.45344473663288909 242.74006026629857047 130.23174707889933188 107.31539259735455971 47.17543036059893069 10.13466917205468576 22.775733135835608323 28.699901371902658553 6.9551221411082098101 0 12.910838367580959485 11.848107864100487774 0 0 0 0 0 0 0
nan nan nan nan nan nan nan nan nan nan nan nan nan nan nan nan nan nan nan nan nan nan nan nan nan nan nan nan nan nan nan nan nan nan nan nan nan nan nan nan nan nan nan nan nan 626.89266665464197104 592.10855380377620349 458.09925904048105849 331.6082274106192358 275.57670325108909992 193.69354661333517242 120.63555401312993354 104.5346006223333859 126.70601850172924685 130.15904623469529611 135.06138779377522496 109.10634241215245765 128.25624049842687668 167.31270746102867975 144.41678268096072202 91.786822042151968049 51.562573919514171905 28.040627997268167348 0 0 0 0 0 0 0 0 0 0
nan nan nan nan nan nan nan nan nan nan nan nan nan nan nan nan nan nan nan nan nan nan nan nan nan nan nan nan nan nan nan nan nan nan nan nan nan nan nan nan nan nan nan nan 522.59634467225237131 424.65972208880634753 497.48904018928021742 403.4974008001220227 365.29923960580208586 380.82125200928521735 305.96337848050495722 239.44511591208333812 241.49396032865422512 244.35380535299276517 240.24673358506419163 181.95918410527656306 175.78778098265746621 174.32641921680513519 159.2593501535021403 173.48811848078372577 166.41491185932443386 139.50931321781985162 95.84419296274717226 17.28759238174810875 0 0 0 0 0 0 0 0 0
nan nan nan nan nan nan nan nan nan nan nan nan nan nan nan nan nan nan nan nan nan nan nan nan nan nan nan nan nan nan nan nan nan nan nan nan nan nan nan nan nan nan nan nan 518.4785564012447594 409.0935121584880676 488.81454180063650483 467.25736850053340277 457.21999318962122061 418.18690669397955162 325.72449653901725242 290.4341567781127651 241.16578817226533715 216.73984988420880882 193.84452266500827022 108.2043803423440238 110.13616540632554575 103.75731587942942724 132.92446808543229508 193.83702947400897187 206.69946270922682174 101.02905337272510167 78.006629103704824502 45.891549268875763801 17.66218917509099029 0 0 0 0 0 0 0 0
nan nan nan nan nan nan nan nan nan nan nan nan nan nan nan nan nan nan nan nan nan nan nan nan nan nan nan nan nan nan nan nan nan nan nan nan nan nan nan nan nan nan nan 553.99145236873846443 472.26148026823386772 376.71956080669042422 428.48385885437357956 425.40217077248280475 443.57372942769444535 463.63948876936046872 412.70524974428394671 404.06862758939450941 261.85718451094504644 217.85504439824140377 109.76537861543170038 75.766539939914267165 100.96328870383868548 75.72035285070442967 33.854202537599000777 85.876612915124894698 182.88236214782898514 50.062555646664790743 34.108742445220421757 0 0 0 0 0 0 0 0 0 0
nan nan nan nan nan nan nan nan nan nan nan nan nan nan nan nan nan nan nan nan nan nan nan nan nan nan nan nan nan nan nan nan nan nan nan nan nan nan nan nan nan nan 533.53433296286027598 548.02332486331772543 496.85459680635437962 392.8589809016634149 400.146568600102853 346.67001937256020483 259.30594601509733366 274.08982993101295733 245.03802158018839918 289.29182178069657994 345.70870113765113274 345.96275852215478608 267.26731538535329946 140.9089941858334214 101.61423274088201651 57.866695766634869358 0 0 48.208924183796590057 0 0 0 0 0 0 0 0 0 0 0 0
nan nan nan nan nan nan nan nan nan nan nan nan nan nan nan nan nan nan nan nan nan nan nan nan nan nan nan nan nan nan nan nan nan nan nan nan nan nan nan nan nan 604.62117366150710041 589.91446243400434923 535.24773672766991695 465.06346951681626933 401.20678102513835483 375.78246729843135654 249.72815951893846886 233.84233814990255951 256.43772115644293308 235.65225563832674993 159.13679036695904756 107.76022670970419881 163.75247784668965778 225.29398912758426832 185.50250742495953205 90.849266533444051674 48.023144774196197204 5.3296208633254558151 0 0 0 0 0 0 0 0 0 0 0 0 0 0
nan nan nan nan nan nan nan nan nan nan nan nan nan nan nan nan nan nan nan nan nan nan nan nan nan nan nan nan nan nan nan nan nan nan nan nan nan nan nan nan 588.20580366081799184 538.84020760561702446 563.81169117677177383 510.38046349889418707 414.43368197921205365 433.64869697348115096 405.61335853799289453 304.36910680341941315 293.2291819058681881 299.62661405074300092 304.3580172360188385 247.22310724976642859 138.14279492185352183 75.768049943642509447 56.639376656713203317 111.22001363336968893 147.10131549704496479 51.140062309376531857 0 0 0 0 0 0 0 0 0 0 0 0 0 0 0
nan nan nan nan nan nan nan nan nan nan nan nan nan nan nan nan nan nan nan nan nan nan nan nan nan nan nan nan nan nan nan nan nan nan nan nan nan nan nan 513.03788963534566392 379.1454002641102079 354.52751064390434976 303.40534267218697551 488.24276804028636434 494.41167957947550349 432.42829197049587719 304.11776272448082636 241.48353948467382679 221.6459985693944077 206.88774795398359174 207.99743944201824775 200.42974472667702912 71.040754274249891864 4.9272749829785995601 0 0 17.428586609996315815 0 0 0 0 0 0 0 0 0 0 0 0 0 0 0 42.843739087964671342
nan nan nan nan nan nan nan nan nan nan nan nan nan nan nan nan nan nan nan nan nan nan nan nan nan nan nan nan nan nan nan nan nan nan nan nan nan nan 437.80691112937142861 454.0495466839212213 294.12860280082668396 235.6898989593282181 177.40839537502560574 155.47464847182311587 433.70975473663725097 533.13210256128741094 339.88492370949131782 231.58395581429732601 196.39256791791333967 184.64220874217807022 163.715904916745842 79.609847595829279499 32.735955735489234542 0 0 0 0 0 0 0 0 0 0 0 0 0 0 0 0 0 0 46.246313529285259847 107.90091835532371078
nan nan nan nan nan nan nan nan nan nan nan nan nan nan nan nan nan nan nan nan nan nan nan nan nan nan nan nan nan nan nan nan nan nan nan 570.81724606975808456 478.34413199980036779 330.44042497243913203 375.33693532645457935 387.33647270027245213 284.82081646588216017 138.34750213553175513 84.263270937118562642 16.097748486804206891 74.334539063756025712 360.82664063034673063 416.91122696701654604 375.72257885628221175 283.7810509976846447 249.73135359398537503 249.84011103801734066 232.90048820531072238 189.39298304041878396 44.502214554427055759 0 0 0 0 0 0 0 0 0 0 0 0 0 0 0 5.9151981678549629962 100.43301318144462186 110.50373614645860698 99.928058700519812874
nan nan nan nan nan nan nan nan nan nan nan nan nan nan nan nan nan nan nan nan nan nan nan nan nan nan nan nan nan nan nan nan nan nan 293.61740591120371846 326.19318100848897757 403.42184074704505292 269.35306180918905739 225.89837258001892906 336.45450511264311899 352.52520939809210176 223.40952035438903067 105.16416504852423941 3.7080751112708294492 0 1.1868489268590356467 144.86626059953229628 300.12136412888708037 378.47715730984123184 395.70385196931329119 363.27183521404214162 314.84130249544404023 262.09101568339764299 129.88818286882266761 0 0 0 0 0 0 0 0 0 0 0 0 0 0 0 82.432817496401895596 104.36118846524385617 99.305314343712836944 137.71283369905833638
nan nan nan nan nan nan nan nan nan nan nan nan nan nan nan nan nan nan nan nan nan nan nan nan nan nan nan nan nan nan nan nan nan nan 257.04481398803517322 261.36202269000517617 263.74520361208988106 291.14479283869297888 114.49971000510302588 125.47536784684425015 116.85318982985779712 176.75212610432396332 119.14971846703765834 79.591289941080177073 0 0 0 6.2446934038910502096 27.079026116814478797 60.375659909405086978 133.24675399754829641 240.0128574745551191 197.26325701814892 220.70313411795075353 112.5630942206584848 25.608707554228359982 0 0 0 0 0 0 0 0 0 0 0 18.508865601529159051 83.474266276612851811 103.88406425922714504 101.49911001811564404 165.51886824416871491 227.49566195818263736
nan nan nan nan nan nan nan nan nan nan nan nan nan nan nan nan nan nan nan nan nan nan nan nan nan nan nan nan nan nan nan nan nan nan 370.97170688158576013 321.10737040512969998 259.65196119419908882 202.29740887347975331 178.95260753493369066 191.14038230548413821 167.38709843851515302 192.29956338498226387 181.0045997964647313 165.17417097410839233 157.71151196421791951 42.240208324350192015 0 0 0 0 0 58.137462452991087503 0 0 0 0 0 0 0 0 0 0 0 0 0 0 47.446408978915115995 144.14288163503340456 152.12858190187532159 175.73362614493564138 194.87862231799917367 217.17067801721117348 237.99327186042313542
nan nan nan nan nan nan nan nan nan nan nan nan nan nan nan nan nan nan nan nan nan nan nan nan nan nan nan nan nan nan nan nan nan 586.51149739638083247 481.07544827235221874 358.07288549621932816 272.27407454598244385 289.79398946740411702 277.25317680318471503 264.93893471452452104 257.21907494756601409 262.8760353288225815 259.59413606257817264 239.20301408640267482 234.64614140354314031 217.63736878856116164 172.41541918863060801 88.999785162094354973 0 0 0 0 0 0 0 0 0 0 0 0 0 0 0 0 0 54.50856096891211422 169.77497146421998764 184.22640935713388899 193.93844432277529677 229.50934644331553613 231.70820258330832075 238.61418417107472578 242.04127179518485491
nan nan nan nan nan nan nan nan nan nan nan nan nan nan nan nan nan nan nan nan nan nan nan nan nan nan nan nan nan nan nan nan nan 594.89562682651546766 561.66975981576865706 436.08545484129268743 306.23489737952559153 302.72524421125069694 298.17162380017629175 287.89286912631655468 284.94968951732823825 268.00272713623934351 236.34209066576329406 212.58109662776155346 212.8767160329869057 197.95138997572723838 167.02775265471029797 145.5464796061436914 130.06617362614275635 83.574195389962611102 24.36533266151735333 0 0 0 0 0 0 0 0 0 0 0 0 0 114.57623280353186601 195.45180856695705529 201.35710969748038224 174.29326220052399776 176.53417238296322012 199.0228196965933023 222.63324251165391843 225.88471135481745478 248.18117526108949278
nan nan nan nan nan nan nan nan nan nan nan nan nan nan nan nan nan nan nan nan nan nan nan nan nan nan nan nan nan nan nan nan 604.42612778652210181 574.09085047252312961 501.52567185330156008 487.67881268644634929 433.90555989861189801 345.89056324990292524 345.06034395953986404 333.08753973797138315 351.0800682946063489 340.68194606081641496 308.93039120638854911 268.65911451779220442 232.28028036242244525 186.98501088813745241 113.13572603759486412 8.0455031621288988219 0 0 0 0 0 0 0 0 0 0 0 0 0 0 19.7046293481977699 68.297161077251871575 136.64523612491760218 188.67496053314346227 222.94552324268983057 238.70549671403716729 230.5881630265567992 242.71096681820193908 242.65632475105502408 324.88485020467874165 373.48899504533108029
nan nan nan nan nan nan nan nan nan nan nan nan nan nan nan nan nan nan nan nan nan nan nan nan nan nan nan nan nan nan nan 603.15111412458713858 594.36473497994052195 572.1901036735530397 572.58143410948719065 555.60052856935840282 526.04353939281509156 516.60035674287007623 509.78859087354618396 425.71904487644428627 422.77656807686651064 426.34288231392702073 412.75463431704008599 376.88346779077932069 324.97506201682404026 247.39059980070447864 165.9948915496171935 132.75920003682711013 72.690217565337960082 0 0 0 0 0 0 0 0 0 0 0 0 66.430976976450367033 93.439398188045629468 1.4198234402522909026 0 0 173.20161878276147149 204.06339220537790879 231.66496947802497175 338.80391868801643795 371.87782826481679876 390.6795444358357372 413.70762166437441465
nan nan nan nan nan nan nan nan nan nan nan nan nan nan nan nan nan nan nan nan nan nan nan nan nan nan nan nan nan nan nan nan 585.3123824894991003 561.76896770632583866 560.74338087242301754 546.08514312701913695 514.4455804696267478 529.55913512535130394 550.29321188776702911 554.51083248335066855 569.18068125663148749 495.29911122444264038 471.73003798112574714 460.77130645886290949 449.19283481022443993 399.52169855777748353 309.82147360516455592 194.06166543918735101 146.50221645970967188 0 0 0 0 0 0 0 0 0 0 0 92.227615727953264013 87.106908391259409541 104.3509346015350161 191.29482723003212641 133.21332403169185454 0 98.992259883353611372 318.20290843602333553 377.58394429848931395 455.06356992108021586 484.85631368595119284 512.10986140408363099 520.88551544401457249
nan nan nan nan nan nan nan nan nan nan nan nan nan nan nan nan nan nan nan nan nan nan nan nan nan nan nan nan nan nan nan 622.83033229329089409 598.32717214790477556 593.73371607979629516 590.60817626707944328 584.22428871389161031 553.48594198311548098 561.30701304726096623 586.16003401422540264 593.05254593748554726 601.3166822940744396 600.55219764459809539 598.47952429625343029 578.23262713205474483 455.65546986679902375 388.24905716542929213 311.08735882561722974 201.39099780450501953 41.533774709321356511 0 0 0 1.1495075016425406744 0 0 0 0 0 113.05035854270823847 177.24579466072955825 119.44660149958342288 119.96919431006872969 177.00507792539923457 278.02904377372897216 393.71300077355931535 356.490921467323858 272.54457524538855751 305.37874973743447526 416.39285250666614502 461.49880719208681512 552.07039719252861687 632.0548972833037169 593.05255481238577886
nan nan nan nan nan nan nan nan nan nan nan nan nan nan nan nan nan nan nan nan nan nan nan nan nan nan nan nan nan nan nan 640.46232681003289144 621.20187367584992444 600.31601783921212245 594.45569782320467311 592.88280741881794711 590.51457058431105906 592.49458475412882308 603.94541344134415795 551.29269537520883659 335.61388060091394436 229.02403828712562017 312.2807002274598176 295.77284050391506298 260.09581716974582832 269.88775607571943738 226.45575731145646614 33.382269733893679131 0 0 0 0 0 0 1.7506959473612915268 0 0 113.68560317285880501 187.20709982423272777 195.30609050060610343 240.64009294048557308 274.34184428293701785 297.88899781148268175 310.83069993632568639 388.97685480615268716 413.33864182616298422 427.40019820358122615 361.26521695976066439 342.8241603059972249 380.23035316412239126 472.25280406429214963 437.14341142601602996 410.43330827978417119
nan nan nan nan nan nan nan nan nan nan nan nan nan nan nan nan nan nan nan nan nan nan nan nan nan nan nan nan nan nan nan 644.59607739779289659 641.1959981571113758 629.93040864984823202 603.14059741213179677 587.53130844666111443 594.20383060345000104 569.91798713108585162 459.51809675532371102 390.84832674054598556 176.06666269454416351 118.04475015630353596 154.75296949756500453 256.85801600083277663 244.84460666433921006 195.89889742317950549 115.13980991633162887 0 0 0 0 0 0 0 0 0 50.706685547929261304 163.24016146203962307 234.88528639889710803 239.09219927349886348 245.50024354918181757 319.09870284293003806 372.78183794095082249 373.9871715883338652 428.63187631406947276 422.32947404854184015 418.78142612020411661 435.88933725826132104 445.52857205967382015 426.2834974327480495 376.58645991863681957 263.30270584005154433 256.44002039570040097
nan nan nan nan nan nan nan nan nan nan nan nan nan nan nan nan nan nan nan nan nan nan nan nan nan nan nan nan nan nan nan 615.53101051301678126 619.67116320524769435 609.99582241873133626 602.92829292566477761 595.56524473052570556 475.10474514264683421 367.67652940605961476 370.77942087565418205 327.19748862142995449 165.27390952576757854 108.48691860838300727 51.325686945959589025 38.800451849983446095 113.76859438025056193 178.67941446519142801 159.29549732010403318 80.10783783673738867 0 0 0 0 0 0 0 0 184.50765244245678787 149.00264904846068248 153.68979078570026786 187.87005978867333056 197.01749090569606437 307.96042149786154596 431.84627825325571848 469.23752184739589666 541.33238986283720351 501.60355874025049161 415.64364789865908278 419.61472748175066272 478.85563747914852684 517.1940411321860438 507.05277569886766287 359.35597167551338771 325.02300542435705211
nan nan nan nan nan nan nan nan nan nan nan nan nan nan nan nan nan nan nan nan nan nan nan nan nan nan nan nan nan nan 534.38153038842085607 524.74334596805965703 562.39189658828877327 493.11139350809844473 427.80472093116242149 378.34890976194992618 353.33739709367421256 398.67320437478468875 409.17895596158598437 367.6802845237988322 221.4876785101187977 62.213784308950252466 0 0 15.8812192154305869 50.364482842808811824 67.952236285450823061 28.863260716511746296 0 0 0 0 0 0 0 0 150.43667327829882652 227.08154299043928859 240.91454251806570142 281.8398314225677268 326.32945377704868406 352.5143717541920978 368.95762015883735785 481.08399512533287634 570.67480248570348067 531.69911055277157175 522.13609886695599016 504.59642710167190671 523.07260640267691088 520.63863661156767648 475.15663786748643815 396.83032141895932909 374.2090113375504643
nan nan nan nan nan nan nan nan nan nan nan nan nan nan nan nan nan nan nan nan nan nan nan nan nan nan nan nan nan 443.15655531053198501 461.93957295477753178 479.92884907117519333 550.25007730526976957 538.99503961945424635 506.74906530006137473 456.65192603236954483 393.14647331790507678 421.18276105805853149 445.18292280361868052 423.44397606141922097 326.44421762891499839 240.43049987744302598 104.22909529116766691 35.2327193071447482 14.228524668739186865 36.035949797166729525 24.315742590540025958 0 0 0 0 0 0 0 0 65.381960867989562303 189.43842894136412269 278.21755623560886761 314.98803141730002153 352.48873435939754017 355.77423017993754684 330.02942507611919609 238.66752523495392779 182.9418404834189289 328.51895401162437338 462.50044953742815323 513.48351899125668751 556.57129129755799113 513.29186989760842152 441.12361187068205481 469.04496167012541719 463.5465183071573847 396.77839810982152358
nan nan nan nan nan nan nan nan nan nan nan nan nan nan nan nan nan nan nan nan nan nan nan nan nan nan nan 590.18782917557098244 423.20395597248773356 381.68578633203759409 397.29973748000617206 421.64152813455353908 475.73434015011565634 553.58939054787606437 581.52488247680742006 543.91113955671164604 460.79687852324025243 413.20127207445671047 418.25903136286461859 447.73581036825419233 366.15295662667426768 339.90733024791688877 246.32713498714480238 117.16188626187397404 50.976315620972016518 28.419872534815379339 0 0 0 0 0 0 0 0 38.720921469451184294 76.183731295345694434 84.761685534805977227 219.18297525526298841 292.90275537311447351 334.8242871920481889 345.97263088842805701 344.49930658819118889 345.67212831733547773 303.726773845040384 286.6826350386815534 449.41042168128058165 633.32319214406049923 611.28098231643605232 523.33009020165775382 444.58186558897114082 472.21644475824894016 447.597936158494349 429.46148402655705922
