results/rofental/swe_month_2020-01-01T0000_2020-01-31T2300.asc
ncols        322
nrows        225
xllcorner    622802.488000000012
yllcorner    5178049.378999999724
cellsize     100.000000000000
[rows 56 to 83 of 225, columns 189 to 251 of 322]
nan nan nan nan nan nan nan nan nan nan nan nan nan nan nan nan nan nan nan nan nan nan nan nan nan nan nan nan nan nan nan nan nan nan nan nan nan nan nan nan nan nan nan nan nan nan nan nan nan nan nan nan nan nan nan nan nan nan nan nan nan nan nan
nan nan nan nan nan nan nan nan nan nan nan nan nan nan nan nan nan nan nan nan nan nan nan nan nan nan nan nan nan nan nan nan nan nan nan nan nan nan nan nan nan nan nan nan nan nan nan nan nan nan nan nan nan nan nan nan nan nan nan nan nan nan nan
nan nan nan nan nan nan nan nan nan nan nan nan nan nan nan nan nan nan nan nan nan nan nan nan nan nan nan nan nan nan nan nan nan nan nan nan nan nan nan nan nan nan nan nan nan nan nan nan nan nan nan nan nan nan nan nan nan nan nan nan nan nan nan
nan nan nan nan nan nan nan nan nan nan nan nan 374.62898520334374552 nan nan nan nan nan nan nan nan nan nan nan nan nan nan nan nan nan nan nan nan nan nan nan nan nan nan nan nan nan nan nan nan nan nan nan nan nan nan nan nan nan nan nan nan nan nan nan nan nan nan
nan nan nan nan nan nan nan nan nan nan 393.33638915466474373 370.03432931418706175 334.37544822221337881 340.33571093507572414 362.10990990255442057 nan nan nan nan nan nan nan nan nan nan nan nan nan nan nan nan nan nan nan nan nan nan nan nan nan nan nan nan nan nan nan nan nan nan nan nan nan nan nan nan nan nan nan nan nan nan nan nan
nan nan nan nan nan nan nan nan 349.08126949486688773 338.22280346312231813 336.71828599469830579 335.1768365875415725 332.75020730874121 327.4263286601890286 323.98999330566476829 331.13485067916434446 nan nan nan nan nan nan nan nan nan nan nan nan nan nan nan nan nan nan nan nan nan nan nan nan nan nan nan nan nan nan nan nan nan nan nan nan nan nan nan nan nan nan nan nan nan nan nan
nan nan nan nan nan nan 405.13375904799983118 345.38233563416008565 328.20473474241543954 323.35972568264571692 321.67067928669587218 322.92713411414661095 326.78993276835325332 327.74500614011469679 320.27031807629600735 315.5637417057643006 321.30526946271299948 331.04992147275629577 nan nan nan nan nan nan nan nan nan nan nan nan nan nan nan nan nan nan nan nan nan nan nan nan nan nan nan nan nan nan nan nan nan nan nan nan nan nan nan nan nan nan nan nan nan
nan nan nan nan nan 388.66569933196586817 378.36136108194756389 337.52910102459355812 330.40121786567198114 328.2527151922403732 326.71863281180208105 323.99833088143543591 322.40120056550506433 323.35504378701187989 320.79958311996580278 315.78485602399928212 311.106934376273216 311.77646379294725421 322.67073516840196135 350.0466167713377672 nan nan nan nan nan nan nan nan nan nan nan nan nan nan nan nan nan nan nan nan nan nan nan nan nan nan nan nan nan nan nan nan nan nan nan nan nan nan nan nan nan nan nan
nan nan nan nan nan 401.17722404791686586 392.02022096357006831 361.99444146718326465 334.36837212298746635 333.07143349990747083 332.11048037568798463 330.62125141705615761 327.94949819060713025 325.33112762434035403 323.3922303726312748 320.36703885333639619 318.09434909298636285 314.43564218778590202 311.99776136029635154 318.88299664919588849 332.13643854185261262 nan nan nan nan nan nan nan nan nan nan nan nan nan nan nan nan nan nan nan nan nan nan nan nan nan nan nan nan nan nan nan nan nan nan nan nan nan nan nan nan nan nan
330.11834069370786438 384.90953753884821253 nan nan 337.47052552187454921 335.75983229618066161 365.396143783977152 377.67169109822214068 364.94182459774015115 363.12320467464127205 362.81501977754942345 332.23828117725139464 325.70827915891658222 324.3699008224367617 324.52286657233207734 323.78063242497518104 322.14170112381447098 319.35886758146654074 314.30505369591350018 313.02780899796437097 325.28651153642977079 333.1009500270399144 nan nan nan nan nan nan nan nan nan nan nan nan nan nan nan nan nan nan nan nan nan nan nan nan nan nan nan nan nan nan nan nan nan nan nan nan nan nan nan nan nan
314.9662947036724745 323.57328278977922764 333.6173442785275256 335.78146210070912048 326.47199279260058802 319.93777354293035842 325.04657083460995182 364.55534365282164799 372.45882622493724057 345.83376010354555774 335.55340675159021657 331.50791219667326004 326.26711256961732488 322.56210273802184929 323.65234665271140102 324.1434711740823218 322.15966531617993951 320.48282552441935422 318.21034113629207241 315.45069689031021198 324.80520730031111043 329.46411630938189319 334.16304129831161163 nan nan nan nan nan nan nan nan nan nan nan nan nan nan nan nan nan nan nan nan nan nan nan nan nan nan nan nan nan nan nan nan nan nan nan nan nan nan nan nan
306.48448208518669844 309.32477153333138631 318.41195616930576762 328.55348494367962076 320.53607628767724691 314.96315271714036044 319.16523589674312689 343.8901387507901859 377.69651700902790026 359.13656043423185338 337.9007115233712284 332.12681241885991312 328.93291015861672122 326.01581440791380828 324.16288335540730259 322.72106263264754489 320.81375782728690638 319.87838160742086302 318.18935634939288093 314.20617002912860016 321.51280083629944784 323.01311896539635882 328.68572053859872995 332.78741364854164431 nan nan nan nan nan nan nan nan nan nan nan nan nan nan nan nan nan nan nan nan nan nan nan nan nan nan nan nan nan nan nan nan nan nan nan nan nan nan nan
294.79981679542714801 298.76760266795810139 311.420658319656809 325.22248892974124601 317.71167942532582629 308.11754846549081321 310.23724364253945396 322.0675700169032325 336.52576469150397998 387.03242970480016538 377.1516468521601837 334.27258173713971701 330.31740290215071809 328.12227859358739579 325.71186795837735417 323.58902673404253392 321.99211008620522989 320.83542470993637608 316.71185129347719567 304.81662237213475919 301.36199248970257258 295.4260216280256941 311.98575327267531065 330.52952796974443572 nan nan nan nan nan nan nan nan nan nan nan nan nan nan nan nan nan nan nan nan nan nan nan nan nan nan nan nan nan nan nan nan nan nan nan nan nan nan nan
298.95149979084044389 300.88592782086010402 305.65571643020160764 309.58299594999959936 310.12247187533284887 302.56030162909377168 304.12109371057346152 309.6862539018266034 313.64225772526998526 328.25649949189147492 385.2086113236605911 379.74100003857478214 344.5293655018838308 331.4953054462118871 326.3780246876379465 324.14284588243992857 320.57563373368645898 318.26729854339737358 313.54017108299808569 305.59151037554482855 296.72686761004666778 285.09440137144338223 291.88075981184374541 315.25149488233887496 nan nan nan nan nan nan nan nan nan nan nan nan nan nan nan nan nan nan nan nan nan nan nan nan nan nan nan nan nan nan nan nan nan nan nan nan nan nan nan
299.05378334747052804 288.24055855767295498 285.25383980781521132 291.04483425793728202 292.21189394826461694 296.03027883543649068 301.58246276221768767 303.88441956704292579 304.10476431331085223 309.87306251211350627 324.94533938190357958 371.53258575210861636 380.30251683328680201 362.03965146955624732 331.65396198056674848 322.86235097654866877 317.53929948503798641 312.39820596756840132 309.60331672249657231 308.04151787222082248 307.38531585315541861 297.68833720488538575 292.82455480140953341 316.27365609982530259 nan nan nan nan nan nan nan nan nan nan nan nan nan nan nan nan nan nan nan nan nan nan nan nan nan nan nan nan nan nan nan nan nan nan nan nan nan nan nan
287.44293638467866003 278.80914401657486223 273.29538713522788385 274.34706062921333114 282.92259923948768119 289.49488130571279498 293.34731419395245666 296.42465441184214114 299.41018190821392864 302.75610639614546926 308.35982695222872962 316.66979948853798987 323.78134978638769326 339.76749096935111538 342.32302704370033553 328.85927995131009993 317.15387752629101215 307.87693193018901638 303.03443891789862619 302.19995158253414047 304.57790145883819832 301.75379173818390655 287.2325016389734742 292.5450655225142782 322.32464654508254398 nan nan nan nan nan nan nan nan nan nan nan nan nan nan nan nan nan nan nan nan nan nan nan nan nan nan nan nan nan nan nan nan nan nan nan nan nan nan
291.94600673774959887 285.03547478542537874 278.73951555377766454 280.29923195258618307 282.46621691157599798 282.97134491875368667 285.31603031662507419 289.90022829433974039 292.83467812418899712 296.28612195099054816 305.00198494190851761 311.74868796913057167 307.11808219264179343 317.72115386425582528 333.61446981966696512 324.67117729744302324 316.01204308696372891 304.52769080814493918 300.21189149550065167 292.81086866966069238 283.64991044135200582 287.90388759827993681 286.61994890178391415 283.76318772924855693 295.90544914846782376 320.35382745279707706 nan nan nan nan nan nan nan nan nan nan nan nan nan nan nan nan nan nan nan nan nan nan nan nan nan nan nan nan nan nan nan nan nan nan nan nan nan
285.52913365606906382 281.7927711263355377 279.59475787575303229 280.63062286496500519 280.82017798831310529 280.12384868898573131 278.82629842060896408 284.3358824976335768 285.3039838507312993 287.48921187936088018 295.57542384672535718 305.61278459706494459 303.76096185936120264 304.37653210520733182 319.31537500968681798 325.14030942502472499 312.49854051742005367 301.33159152194855324 299.15788604680153639 290.49458231536232233 277.50765198467667005 275.23674251342288244 284.26070615567778077 283.78274292484684338 285.72759904682339993 306.73734140511413671 nan nan nan nan nan nan nan nan nan nan nan nan nan nan nan nan nan nan nan nan nan nan nan nan nan nan nan nan nan nan nan nan nan nan nan nan nan
285.10411078146427144 282.47359541051565657 280.50469015101998593 279.58717797152417006 281.25606116880652507 281.04945192709971025 276.18052364212513794 276.04820778459577468 278.56496732241652126 278.89309029422423691 286.47383862715281566 300.24214879741549566 303.74188300159090659 301.62536642856082381 302.17184408241593019 308.50937441818973639 313.71720015049930907 285.60175613300714303 286.79019113718175049 288.16941703332952329 281.05483545805640233 275.71098999681800024 278.30572917658156484 284.26768178699660439 289.19134753419348272 295.9098156971674598 318.56423159913754262 nan nan nan nan nan nan nan nan nan nan nan nan nan nan nan nan nan nan nan nan nan nan nan nan nan nan nan nan nan nan nan nan nan nan nan nan
286.6611738839170016 283.86597690504186176 278.65805643985441975 278.56715574119073153 280.05603072096045025 281.92276527052672463 279.95853700326028957 272.80043677604697905 270.53037395324463432 271.44331629005654349 282.68986046259027489 300.94489566040834916 303.37693642087651824 297.14771128341794793 296.37112832797595274 293.80612911777205909 291.30527780583503272 282.26224131928455563 278.50198899394729324 281.66943367329230341 282.4069144519286283 281.20004155863068718 281.57595433297109366 287.72478769353494954 294.36423754740565073 302.09150762659385236 320.59803990828021369 nan nan nan nan nan nan nan nan nan nan nan nan nan nan nan nan nan nan nan nan nan nan nan nan nan nan nan nan nan nan nan nan nan nan nan nan
284.60630215423697109 280.97781562279703849 276.70528855688445447 276.82808121681790681 277.65434166064125066 276.34223622605600212 275.62791383235429521 274.27341799184534921 269.07092932140380981 269.62303893778215524 280.13286921831337395 298.47546540230399614 313.76651544413164174 304.34478992201513847 296.97846554993174095 294.00390013148654589 290.09439489553227531 284.30409931291421799 279.40124220015803758 278.3886442456404211 279.13893978150241537 283.82127164925185525 285.59642251320758533 290.74144467959348503 297.20979986132351769 308.1480562354288395 nan nan nan nan nan nan nan nan nan nan nan nan nan nan nan nan nan nan nan nan nan nan nan nan nan nan nan nan nan nan nan nan nan nan nan nan nan
283.91971159272168279 278.8368697159019689 276.02089373867931954 275.43300172588311625 276.72552834777445696 272.86461151417580595 270.73303484261361973 275.32858572943854369 273.60026283139012548 269.52706172880641589 276.21198500140047827 294.39627648195801157 313.03432728328937174 302.201910220691218 291.01761410672935426 286.33943300199871373 286.51706450726663888 285.68175178550512783 280.66130690824479643 276.0129244160422104 274.66220335616833381 278.58569318091508649 283.79826760734181335 294.22131704406450581 299.17483538208631444 305.16028602493167909 nan nan nan nan nan nan nan nan nan nan nan nan nan nan nan nan nan nan nan nan nan nan nan nan nan nan nan nan nan nan nan nan nan nan nan nan nan
292.51406658687494655 282.31427648635121841 275.4176769766646089 270.87583033871385396 273.57730865661841335 274.40006426450389654 268.0430729415705855 269.58957414697948707 272.3865812457210609 269.61787835457914753 272.41888364434919367 285.23249380977676992 311.28901017563384812 313.37107476589557109 302.02048657914320984 290.18103932547086288 284.1552844024996034 279.43737325385700387 273.64063872699659896 272.16109001829829594 271.23656120269271241 274.67124876074137774 281.46086539427255957 289.9346083640980396 293.07358243357987249 300.20775331359078564 nan nan nan nan nan nan nan nan nan nan nan nan nan nan nan nan nan nan nan nan nan nan nan nan nan nan nan nan nan nan nan nan nan nan nan nan nan
288.21607419876170297 288.17884771546408729 280.58838022964550873 274.19686632296412654 270.08959187991462159 274.05116828428913323 269.60788060983895775 266.19524579563409361 268.89162336215008509 274.98061429611993844 272.45645071904738188 273.79193669451990445 291.24069940034866022 309.52432968800252411 299.40049150618096974 286.30383808009747781 284.73137764297069907 280.61611679366586714 273.50580682053248438 271.34719903321780521 271.93916749679209488 276.7929726095782712 283.74485705931175517 287.52531583955669703 289.09696418261160034 nan nan nan nan nan nan nan nan nan nan nan nan nan nan nan nan nan nan nan nan nan nan nan nan nan nan nan nan nan nan nan nan nan nan nan nan nan nan
288.16241932449554497 285.98130620213350994 285.37766483232934434 277.56326341975341165 273.05438117183308577 274.92217952278792836 274.1741578652021758 266.95826456201359633 266.92629886024053576 271.70401831701428819 270.23855086306582507 271.46409908752480078 274.72587753532656052 293.18997445809196734 290.86448313294289392 284.47607446567320721 283.27152686233426948 279.161643943256081 271.88185449295417584 271.06825132813685286 273.84820231504698995 277.8674267872243604 279.13970408036652771 284.67868026483603217 289.60864820583157098 nan nan nan nan nan nan nan nan nan nan nan nan nan nan nan nan nan nan nan nan nan nan nan nan nan nan nan nan nan nan nan nan nan nan nan nan nan nan
295.86217736264444511 287.28166019405847464 279.2928485636821847 277.17306685632252083 270.68394935273926194 263.60229409274558066 265.22168455127763309 266.98140446660943326 265.98646770252076976 268.93926065443486095 268.56027359138556676 271.39008679196092544 273.1676848034867362 281.45656807449171311 288.65669002186240277 286.74488560698057427 284.60776038416366873 279.48411079178731597 272.86293535201878058 271.4627384565001762 272.9393923346055999 274.1647094556313391 273.78434537045399111 280.31265087346474729 285.84979687438385554 nan nan nan nan nan nan nan nan nan nan nan nan nan nan nan nan nan nan nan nan nan nan nan nan nan nan nan nan nan nan nan nan nan nan nan nan nan nan
286.38769981534841236 284.81771358675229067 272.00365560038125068 261.55344579901878888 263.66447761395636462 260.0565876183753744 261.9068556376472543 264.01979700468069723 265.21791273208236817 267.42123830007233209 267.77131156122408129 269.87027105402853522 272.96797528075109085 275.50320099634024018 283.53270351665594262 285.32183435806206262 284.37322473424239888 280.96146876243665247 274.76069556662099558 270.55425842485669818 269.19172494952465513 271.62774179476406289 271.89180073862473819 276.71929097106965401 285.56369317459399326 287.3228035655650956 nan nan nan nan nan nan nan nan nan nan nan nan nan nan nan nan nan nan nan nan nan nan nan nan nan nan nan nan nan nan nan nan nan nan nan nan nan
279.03857693466244427 278.23309478802690364 274.85121729718690631 265.29275737078785369 258.83605856274834878 258.45459846000096604 259.89921354440451751 261.09657520015673526 262.70122747655364037 263.67723060763398735 264.17892728841871985 265.12482594860534846 271.56900780961080955 275.56326931529702051 277.80206170903204566 281.37871106067217397 282.73407652164388537 281.21414020778820486 275.22453142142495608 270.4722211465991677 268.4879022917704674 270.04941179517891214 269.98775843537634955 273.43673710305506575 281.07485407123141385 282.13907581917015932 281.61124293414900421 nan nan nan nan nan nan nan nan nan nan nan nan nan nan nan nan nan nan nan nan nan nan nan nan nan nan nan nan nan nan nan nan nan nan nan nan
