results/rofental/swe_month_2020-06-01T0000_2020-06-30T2300.asc
ncols        322
nrows        225
xllcorner    622802.488000000012
yllcorner    5178049.378999999724
cellsize     100.000000000000
[rows 174 to 202 of 225, columns 130 to 194 of 322]
nan nan nan nan nan nan nan nan nan nan nan 4.3877448291747880305 3.8800956348303459187 3.8389741739836993339 3.6191039526427895012 3.0766773801821285517 2.4389716499437787967 2.2308981359040087611 2.2206130765962543983 2.5667852634471404194 2.5451543406616647935 2.2716391693913888794 2.4567558973508227815 2.7591868798607555036 2.9203371759868792523 4.1753877970971347011 22.081912873336751346 16.204533514240957004 16.093661137351251256 13.845932833955835406 57.064746234474938547 168.32507773823962793 287.30911772767240109 340.00478780707379656 371.73885850576192524 357.85993041309092177 355.3776230862652028 290.72097941150144607 347.94534517659053563 437.15715841918148499 389.30119766152307648 393.26072873761455639 381.89895996571158321 362.90889013350874848 341.74314928384234236 328.78197190881684264 326.76570626128665253 303.89054458989886598 362.82576681781290517 612.55720265674710845 555.38213362334295198 nan nan nan nan nan nan nan nan nan nan nan nan nan nan
nan nan nan nan nan nan nan nan nan nan nan 4.4171845851983251308 3.3092439307289822636 3.5725710494620686042 3.0499031710708739418 2.2735204838768310331 2.1526150849805985033 2.2319118348718052225 2.4820209770761119117 2.6439356451630047218 2.6815499927668571267 2.375826333386965139 2.5394161278273021942 2.9347377418097346791 3.9673999892093698705 7.8390819129557760547 50.501704974983688601 46.785943391125520918 31.558452721133352981 28.79121858984920479 21.189800163684406442 142.67317624050613745 445.75338062875482592 521.02227931145193907 379.28936673542057179 375.66893569532481933 414.98472237493496095 393.02445306159177107 375.86593913476451689 499.88287799202691986 483.94680126780554019 480.38954381158788465 447.63749285650709453 402.00212107866877886 386.35262451310484266 365.84756521325994072 356.30071726253265751 339.44719836781774802 342.08031540273424298 405.27609139481938882 nan nan nan nan nan nan nan nan nan nan nan nan nan nan nan
nan nan nan nan nan nan nan nan nan nan nan nan 3.2797372285089774202 3.2867214823300336946 2.9130057292362776522 2.2179850075408666932 2.248832221354708949 2.5661020802509333372 2.6518281411615443055 2.7890927167707957324 2.8156815501028291671 2.5976831083532938571 2.7078316028144229222 3.1419542408191389882 7.289466318468217132 22.447865371929310641 60.073511674133641236 59.494281756674581629 47.127588400987242778 16.637371478345652775 13.417152128617747309 63.71856324531268001 234.83500934229508061 460.20320663845035369 403.90918592231747652 385.1986992809100343 422.06815621540800976 438.00294073529960315 393.46815575729863212 459.6687871239952301 425.72392692262877745 416.68191090493763795 415.43368532191379927 439.34598393538340133 446.10190186590358508 438.68128435953781263 412.81758004809978502 403.23487565032564817 372.7386394837033663 nan nan nan nan nan nan nan nan nan nan nan nan nan nan nan nan
nan nan nan nan nan nan nan nan nan nan nan nan nan 3.4469934079319783926 3.0761858696950810099 2.3723044470288696672 2.35763748912358162 2.6527198677923213843 2.8224941231118432228 2.9518816830816496655 3.0515162589489457368 3.0430303723418159478 3.2173451063407143558 4.0189983204138117756 5.6288404836990100222 9.2824818141771476832 11.995521380417306645 19.686714230951203319 28.53328661042301917 37.473483128437422351 36.586456043341257782 170.33115290882790305 160.01383003278610317 365.35714955990619046 487.7525212954063818 427.45943134068016889 418.76236186408868889 428.16779613403213034 401.57943569058028288 510.2110287788263463 477.83307212333897951 484.12775645565307059 468.55459765975865594 441.26180227438641168 447.84100742537003725 454.82899444051884075 451.48963775679226273 348.56299574625160176 nan nan nan nan nan nan nan nan nan nan nan nan nan nan nan nan nan
nan nan nan nan nan nan nan nan nan nan nan nan nan 3.1579647206545931049 2.8484138961186196148 2.3749221167526850529 2.341819479588325148 2.5570059214303637596 2.8526317399949165932 3.2647222157886131022 3.6344605656281472328 3.5722746537237446418 3.3951329964396705918 5.379978210500207858 5.639058675171759738 4.5206309814419238791 5.6457542579572237429 8.8561317010177553755 42.532887558548317486 96.470151773080971225 84.454690283522623417 303.21676132922090119 362.69917423143527913 412.76949905668931251 495.7291094771218809 455.70534476620787245 450.43331713188371168 455.94794984444854435 433.34633180011752529 628.75175147574668699 607.10355071361095725 614.39036578541151812 610.55728190732872918 605.78341070857948125 521.29863827389738162 465.46451227241323068 453.07595496119415657 533.37266499045256296 nan nan nan nan nan nan nan nan nan nan nan nan nan nan nan nan nan
nan nan nan nan nan nan nan nan nan nan nan nan nan nan 2.5037976635258787361 2.3259675853545997981 2.3691180620230398723 2.765072641099206141 3.1073439612608657612 3.5460389888719001661 6.0726430025304454219 5.1876824191755206428 3.3563136822573724771 3.7493922784310953489 4.2988817796707801122 4.1536683259567164228 4.6855149431728175813 4.9318371336082380552 12.390004569851045702 72.455396324688109644 7.6315298270010467618 6.8425693387784018995 142.80746061908766364 371.87252560980704175 518.75016636016073335 568.10260949007488307 514.76148190761011847 420.85154420697034539 464.87028382035941831 654.71689863833489653 651.93805104935029249 662.23844335928220062 707.29702458718520575 704.14115295640988279 662.09536949209132217 573.10715518327151585 492.16943401751052534 nan nan nan nan nan nan nan nan nan nan nan nan nan nan nan nan nan nan
nan nan nan nan nan nan nan nan nan nan nan nan nan nan 2.356875310735177198 2.5823661510996291923 2.7636370755612307271 2.9395038801350250601 3.4597238569447332779 3.9324916007971477683 4.6300875539059092034 6.3670760803232937519 3.6073712680391136765 3.4847116179068162722 3.8187890473717613915 3.8112784006958548844 4.3275705609247054895 5.3478732108452398109 20.354746933305502665 112.16609077833518882 163.14679430439392149 13.617954070587137139 6.0591255285348850634 31.330449549775039486 482.51231907453257008 589.71913754777597205 562.90939192943983471 537.69489261663920843 519.70834960735760433 696.11968986047816088 715.49830411468201419 733.58109837579354462 709.17022570248650482 603.09642306153625668 616.05622800597814148 622.89136085643076512 nan nan nan nan nan nan nan nan nan nan nan nan nan nan nan nan nan nan nan
nan nan nan nan nan nan nan nan nan nan nan nan nan nan nan nan 3.3205919483230266209 3.3019551393357318148 3.6606679215612456524 5.1582602930402670083 16.402698662755000214 37.729202130314405395 6.0623436970467867724 3.9149636108319230132 4.2668300203906879275 10.738186794725926632 11.445111215552033812 20.623881272539325238 26.25414688414242903 198.75659581114351226 251.66045219938169453 217.62547432369231615 116.5965265946061038 121.71115829332836711 422.30689908171939351 605.19943879914262652 621.71335726064069149 586.61363864983616168 533.15122339706044841 698.44442729693957972 748.93546264013548353 nan 626.71521771386971977 525.63128930498305635 nan nan nan nan nan nan nan nan nan nan nan nan nan nan nan nan nan nan nan nan nan
nan nan nan nan nan nan nan nan nan nan nan nan nan nan nan nan 4.2276895333030655166 4.7446565466427115254 4.2970923259402429295 6.4188205031599201433 16.684430360945189165 38.933749947363665456 41.014820877485341555 11.204221783734878315 8.9057660987749081016 99.91063811046757337 235.47244060282810096 385.98080169595493771 434.08751427725906069 344.39408587912680559 261.08007985832244913 208.49161653107631764 227.22730642774041598 132.6536904892352311 204.61154363611856866 507.43812739630351416 613.84219566010881408 630.18677959041031045 643.93659463349490579 631.17878003610962878 nan nan nan nan nan nan nan nan nan nan nan nan nan nan nan nan nan nan nan nan nan nan nan nan nan
nan nan nan nan nan nan nan nan nan nan nan nan nan nan nan nan 37.51801238140574668 38.520302661395753319 27.723344156123488347 18.82221330517275959 40.405947861282818678 34.031345551573352282 50.250026813188227948 38.489953347271310236 94.879885675386105959 360.8655452478595862 541.44441234370674465 558.47822807126874523 523.93905457870948794 385.22326374790850423 344.61788288384042289 260.54555615165520521 303.50276178654922887 286.29351161780328994 313.5587238199570379 406.41205546500162882 529.34691731613816046 555.20739184193166693 529.56191126385704138 569.92815865936086084 nan nan nan nan nan nan nan nan nan nan nan nan nan nan nan nan nan nan nan nan nan nan nan nan nan
nan nan nan nan nan nan nan nan nan nan nan nan nan nan nan nan 138.45251673071965115 105.71182110993977687 76.992009913884274397 71.668007807450194946 41.189693953570156282 19.736415530237668037 40.500708964287568392 24.709546925675333284 5.3058103893781494165 45.686867506252269777 496.0386401943128476 603.85433302784872467 419.52485266207804671 305.87105779994931254 422.71426752247339209 501.31770840243581233 534.30348239587453918 472.59409900958377193 463.71802766640422533 426.80201574278481758 474.25204823535636933 494.61564652115185936 507.18053609378188185 685.62966202487018563 nan nan nan nan nan nan nan nan nan nan nan nan nan nan nan nan nan nan nan nan nan nan nan nan nan
nan nan nan nan nan nan nan nan nan nan nan nan nan nan nan nan nan 244.58527606611016836 93.093754729608491516 61.79987578749091881 42.945738483039328059 16.892691679353102785 25.554712347009914453 12.366842673580009659 5.1203224500446191669 6.0581752823990164813 88.042747270232268875 595.76361872525296803 440.71700130868526912 419.43323247817835409 475.59429816051255102 638.90229800324379994 615.35594416021604047 558.74285686839743903 522.97863357795915817 464.09822385534391742 482.33952524522413796 541.49072407749451941 475.81791922329284716 nan nan nan nan nan nan nan nan nan nan nan nan nan nan nan nan nan nan nan nan nan nan nan nan nan nan
nan nan nan nan nan nan nan nan nan nan nan nan nan nan nan nan nan 48.77530414912555301 43.235674109905055218 68.132225944626625846 82.328137596671822962 41.896177791248639721 30.629331671019418337 16.192044990726486731 20.736642171319207506 9.2999853362786755184 132.06574924622998424 626.4852911571997538 576.73862286365056207 525.98697591038592236 546.14184803260457102 660.23590997086319021 629.72079652636273295 593.92466173845650701 572.84204588238071665 530.08168411021108568 537.5534071686055313 607.95585050146257799 606.42068365218403869 nan nan nan nan nan nan nan nan nan nan nan nan nan nan nan nan nan nan nan nan nan nan nan nan nan nan
nan nan nan nan nan nan nan nan nan nan nan nan nan nan nan nan 64.961238664608004001 45.582066917078378765 65.025301487636028241 75.580218160863395838 82.822352043768091789 59.962406762128978244 44.534949453352346893 74.925532266264426084 297.77247072426314389 405.18744753229498201 260.78126201954808039 497.83682217902082812 642.110524200891291 618.782749139890484 657.41065381637099563 646.43849459558032322 619.28886379347420643 662.38832324058773793 634.33295011716654699 576.09510250480639115 579.19984304934303054 589.42498357695819777 nan nan nan nan nan nan nan nan nan nan nan nan nan nan nan nan nan nan nan nan nan nan nan nan nan nan nan
nan nan nan nan nan nan nan nan nan nan nan nan nan nan nan 86.692474312072278053 27.829821794534716162 45.037705856092323131 56.253780815662089765 77.955332511403312878 76.066123550710031509 74.380644762254675584 80.272405676193244517 38.897091231865182692 74.440313715889232071 110.21257918401146014 78.595509377882493141 110.35674567296493365 201.3721450412193974 386.03940997475325503 386.71527095358680981 583.95666831194989754 602.63676517887176942 670.84982545846764879 668.81069695341159331 627.68002300927935266 578.8922416140524092 nan nan nan nan nan nan nan nan nan nan nan nan nan nan nan nan nan nan nan nan nan nan nan nan nan nan nan nan
nan nan nan nan nan nan nan nan nan nan nan nan nan 317.03712291582831995 58.194544052185335659 49.235508090914720469 73.484417984198103113 79.31205872286432168 63.197738143153110002 94.075719034070061753 97.811028773528590818 95.607547462271739391 112.55284731625576455 46.567004289191217481 117.95894328412472873 75.839436861878098739 150.00792928471940968 433.35603800602689262 358.97860733271534173 175.96976512722437747 159.31931713694851283 nan nan nan nan nan nan nan nan nan nan nan nan nan nan nan nan nan nan nan nan nan nan nan nan nan nan nan nan nan nan nan nan nan nan
nan nan nan nan nan nan nan nan nan nan nan nan 350.61496372069484551 185.1835672086005502 71.291993824910804278 90.211118569382819032 120.10350656925224655 130.62165449162492337 90.995616294648016265 84.391243019449575513 94.327993392491237046 103.95858815477852488 125.8423468403054386 25.035029483399188877 156.75213996693113927 341.85264176961180738 144.97003751742818167 131.8059074438382936 465.60837855034975519 nan nan nan nan nan nan nan nan nan nan nan nan nan nan nan nan nan nan nan nan nan nan nan nan nan nan nan nan nan nan nan nan nan nan nan nan
nan nan nan nan nan nan nan nan nan nan nan nan 304.88787085278630684 109.10078400878273897 170.55019976630171641 180.18516552665045083 147.67624177957551979 165.21144879693611074 141.37362030598765728 86.842046408001806412 55.260917305165996538 86.599686447085829855 151.12760045559264199 134.92545407156100623 117.34878512545421358 275.99576206068098827 206.83056018690339783 216.03858230238407145 nan nan nan nan nan nan nan nan nan nan nan nan nan nan nan nan nan nan nan nan nan nan nan nan nan nan nan nan nan nan nan nan nan nan nan nan nan
nan nan nan nan nan nan nan nan nan nan nan nan 288.84991886649766002 273.06661378064785595 349.35035364521286283 322.30525981370129784 232.16996825842065277 210.31678626277738431 259.86807126394626266 347.19520070280378832 346.10772502795924765 295.68376032776956208 249.32793960243000697 279.6850078294186801 68.848684054464641235 nan nan nan nan nan nan nan nan nan nan nan nan nan nan nan nan nan nan nan nan nan nan nan nan nan nan nan nan nan nan nan nan nan nan nan nan nan nan nan nan
nan nan nan nan nan nan nan nan nan nan nan nan nan 462.69606411686157799 512.48209665136414515 444.60768590271027279 354.48307244155273565 314.08172214121850629 312.88072907857127802 335.80879723934225467 466.599475924877936 531.85428870343992003 342.54752592807960809 nan nan nan nan nan nan nan nan nan nan nan nan nan nan nan nan nan nan nan nan nan nan nan nan nan nan nan nan nan nan nan nan nan nan nan nan nan nan nan nan nan nan
nan nan nan nan nan nan nan nan nan nan nan nan nan nan nan 550.22069722873106912 563.69419415677850793 512.2160907820458533 542.13675290115304506 518.46164538757932405 nan nan nan nan nan nan nan nan nan nan nan nan nan nan nan nan nan nan nan nan nan nan nan nan nan nan nan nan nan nan nan nan nan nan nan nan nan nan nan nan nan nan nan nan nan
nan nan nan nan nan nan nan nan nan nan nan nan nan nan nan nan nan nan nan nan nan nan nan nan nan nan nan nan nan nan nan nan nan nan nan nan nan nan nan nan nan nan nan nan nan nan nan nan nan nan nan nan nan nan nan nan nan nan nan nan nan nan nan nan nan
nan nan nan nan nan nan nan nan nan nan nan nan nan nan nan nan nan nan nan nan nan nan nan nan nan nan nan nan nan nan nan nan nan nan nan nan nan nan nan nan nan nan nan nan nan nan nan nan nan nan nan nan nan nan nan nan nan nan nan nan nan nan nan nan nan
nan nan nan nan nan nan nan nan nan nan nan nan nan nan nan nan nan nan nan nan nan nan nan nan nan nan nan nan nan nan nan nan nan nan nan nan nan nan nan nan nan nan nan nan nan nan nan nan nan nan nan nan nan nan nan nan nan nan nan nan nan nan nan nan nan
nan nan nan nan nan nan nan nan nan nan nan nan nan nan nan nan nan nan nan nan nan nan nan nan nan nan nan nan nan nan nan nan nan nan nan nan nan nan nan nan nan nan nan nan nan nan nan nan nan nan nan nan nan nan nan nan nan nan nan nan nan nan nan nan nan
nan nan nan nan nan nan nan nan nan nan nan nan nan nan nan nan nan nan nan nan nan nan nan nan nan nan nan nan nan nan nan nan nan nan nan nan nan nan nan nan nan nan nan nan nan nan nan nan nan nan nan nan nan nan nan nan nan nan nan nan nan nan nan nan nan
nan nan nan nan nan nan nan nan nan nan nan nan nan nan nan nan nan nan nan nan nan nan nan nan nan nan nan nan nan nan nan nan nan nan nan nan nan nan nan nan nan nan nan nan nan nan nan nan nan nan nan nan nan nan nan nan nan nan nan nan nan nan nan nan nan
nan nan nan nan nan nan nan nan nan nan nan nan nan nan nan nan nan nan nan nan nan nan nan nan nan nan nan nan nan nan nan nan nan nan nan nan nan nan nan nan nan nan nan nan nan nan nan nan nan nan nan nan nan nan nan nan nan nan nan nan nan nan nan nan nan
nan nan nan nan nan nan nan nan nan nan nan nan nan nan nan nan nan nan nan nan nan nan nan nan nan nan nan nan nan nan nan nan nan nan nan nan nan nan nan nan nan nan nan nan nan nan nan nan nan nan nan nan nan nan nan nan nan nan nan nan nan nan nan nan nan
