results/rofental/swe_month_2019-12-01T0000_2019-12-31T2300.asc
ncols        322
nrows        225
xllcorner    622802.488000000012
yllcorner    5178049.378999999724
cellsize     100.000000000000
[rows 168 to 195 of 225, columns 126 to 188 of 322]
299.92791978834509337 291.74293157427564438 281.14872893567360279 266.31056093311383393 270.31366606016121068 287.9827552121790859 280.17567983841598789 249.9409687065217156 242.672793014138648 245.17564741340640921 247.08924873855468718 246.5706326139669784 247.2006191613943713 247.75205032696325702 250.1742652837868377 255.16193883485397009 257.61606435070558518 262.28738652518165964 265.41409117501103765 268.94467794790381276 272.14470734987526157 273.64386779808216943 274.02895787356226265 269.68203000857005236 265.22167416609988777 263.09346056522042545 262.89427340936532573 264.98770835369089127 268.12679564500001561 269.46191731342969433 269.34811595633067327 267.79207065187347325 268.41858097759723023 270.50066831145744572 277.44250927723322775 279.97702441077734647 284.84861818106475084 285.50416209297867454 285.26260448580245566 287.5370268003110823 294.33341516607993071 300.50963727474470488 305.14199008930080481 306.88040366021840555 307.68977684639816061 310.42067962720705054 314.22833793545083836 315.41817572492942645 315.57212386967023576 316.39045312181332292 316.67618890381953634 318.36456416467956387 331.33330417930267231 388.94327671643304711 nan nan nan nan nan nan nan nan nan
311.65452613070743837 305.40029694434298335 291.09145771023645466 270.39128241094289251 256.69556841193474384 nan nan 264.37587002370969458 252.13630386980568687 252.90191321031227289 259.23643942082850344 249.7713659137311879 240.30498139558594062 238.17948369469868908 239.00509980260858356 242.52024309543332947 246.33278319660101374 250.24172123288994385 252.2973811471376564 256.82559910339108455 260.85588823655928081 261.23566442019267697 259.16348953060179383 253.42926462822202893 252.48458161457102733 253.44534005025531087 256.0086468198647367 260.037203250489938 262.31987684694860263 264.65969599579017313 265.12152150368001458 264.40770741290560863 266.22856783363721433 268.33644700759333546 271.49921134656466393 275.87058245574024795 281.15493245870158034 285.71991564740716285 286.9676144547486274 289.78621086382736394 296.50641698581966921 302.41355783258802603 305.95154071774885551 306.91262497156031941 307.67775902194875925 310.34597649568536326 313.633555316741365 315.76779670158009594 316.32146631588426544 318.17361785726939161 318.7388525768855061 319.99180584071717703 326.71094305255434165 342.78478660117360732 nan nan nan nan nan nan nan nan nan
315.51770674677732131 307.63572641039331756 297.70726144184413897 280.83389653851463663 nan nan nan nan nan nan 246.87362171062645189 232.1004893014469701 229.85516701039148302 230.02669629595160927 230.8847358633740896 233.13871600892639435 236.45284966971701124 240.6006243616870961 243.83061469237154029 245.66513795896949546 244.04095127848393076 241.97017636487652226 241.11327067130636692 240.38812863276024245 242.17928313569498755 244.60654636947626273 250.41933459355564651 254.93945040470447339 257.27789873456009673 259.84343428909710383 260.94180338044373002 261.32110116224492913 263.94288081839835058 266.22779371364384815 270.03380362129854575 274.5505552194326242 281.60146196542791586 286.98526885719428492 288.68357149907171788 293.27430451837147984 299.3835387211885859 304.44701099927306132 305.8331531177569218 306.40176171925662629 309.51203808107953819 313.7814375287199482 315.52467946939640342 315.96017345899809925 316.03828989243839942 318.48960487365934569 319.51777291681202087 320.60010017805376492 330.72211465749694526 357.76107873331511655 nan nan nan nan nan nan nan nan nan
307.30376728089294147 nan nan nan nan nan nan nan nan nan 233.20918571630639349 221.7540846789516138 215.98909933911204462 215.90304622000081736 216.703639788629431 217.71681409477514535 219.87944298998394288 224.56148713230501812 225.80473444817573636 228.12533267916990098 229.99164545090636125 229.92291260839522238 229.04010729554295267 231.07599312583528217 235.24203000803117902 238.32430417126695943 244.67067996135327235 249.29818673906657978 252.08565871611509124 255.02597615512007678 256.91583120626364689 257.97233907001754005 263.25306429466337477 266.99092871618745448 270.72988078338835294 274.27316164776664209 280.277493890734263 288.759677328498924 292.10289458333403445 297.58262184841942144 302.42550622033456875 305.01542143005070784 306.38951553030926789 309.34052559499480139 312.91497764839840556 314.48108176916019829 315.85860104050931341 316.01030497702328148 315.4224031550249947 317.47590313907755899 319.81420438369423209 318.86600876894698331 319.50911164874264614 325.97470055011723389 359.09160154874979298 nan nan nan nan nan nan nan nan
nan nan nan nan nan nan nan nan nan nan nan 212.10611385536560647 204.79304119133038853 202.44974631133291609 203.99876538463234965 206.0617343855958552 209.80736301366439989 212.06204546446869585 214.7606910014987136 216.19194834148044038 215.92577602461889796 215.69720902271006935 217.91018145410907891 221.39208081982582144 227.76430791881819005 232.80363883507851597 238.45493145019383974 243.60987095199016039 247.09972920815425823 250.87996814565894965 254.15238464617755199 255.40665105873375751 261.7764507123556541 268.21794831717346597 271.07650525583466106 273.7619382922023874 281.10365652342665044 288.78164647113788988 294.43061964139445763 300.7223628185362827 304.82820237160854049 306.63479004272176098 314.40735826813943277 311.53058455723891029 312.09693107328615724 313.42870564698847602 315.31075919863928902 316.3898899738169348 317.61338776427538733 318.59121717575681032 320.23301981168407337 322.38604912463688379 325.44685590231949845 330.9862684454783448 376.41867295540117766 nan nan nan nan nan nan nan nan
nan nan nan nan nan nan nan nan nan nan nan nan nan 196.0120102917037741 194.2188031308234315 193.09736002525150411 194.93936606748960116 197.64513555471501149 201.07027000425307506 201.71806971213968041 202.29677288090556431 204.55425556579800173 209.15948254294823982 216.28895013336369857 222.74255073056713172 227.31559031141750893 232.82347528097616873 238.72089749247535906 243.05605665805924787 247.50246942757812008 252.11188669753988734 254.8949557175119196 260.05846158330581375 265.77269822715373948 271.02056090924219234 274.65214886019020923 282.28469914456172773 290.22253817724430291 296.48779420604694224 300.42883915461692368 303.47771206625327522 307.33943475773241971 329.33783292652719865 311.51058394448278932 312.5449053263797623 313.43867997748895959 315.08016346431998045 316.80092032641488231 318.80675153650105358 320.20413382367030408 321.0906587273670425 322.84088138856009209 328.29361919254648683 347.53795216175399219 362.38020839252084215 397.82240107962786624 nan nan nan nan nan nan nan
nan nan nan nan nan nan nan nan nan nan nan nan nan nan nan 185.91502023991890269 184.87988054654238113 187.35939446277998854 189.31367299809338078 191.17846772746855777 191.99400544724969109 197.55149847746062619 204.79919562068201344 212.69654907103770825 217.65589545885060829 221.49651660535252518 227.2219214178122968 234.19613284463889613 239.34109684993705969 244.33015922841082102 250.75940965238171998 254.88804895508687309 258.20246197511460196 262.36207205058366299 268.31337768189877124 276.27158336041719622 285.37592973111662786 296.1101583935698045 307.28804273429415161 304.26953221622841284 306.32754447455448599 304.31589081917871908 310.22232277876150874 325.78576309696018143 315.80639023853154868 316.55749572598580244 316.21001924130410998 316.91830601498287479 317.91789135619438866 319.35096708039623081 321.38598341104261635 323.87369355087207623 328.02061252503182232 370.42044639486351798 360.78510274268683133 nan nan nan nan nan nan nan nan
nan nan nan nan nan nan nan nan nan nan nan nan nan nan nan 180.82500279191549453 178.35838915976162866 180.6094805032452939 180.2023692138193951 178.91424437997957853 185.52531648583169499 193.11560242084954098 201.0474059971762415 207.75643192766688117 213.10238287636502719 216.69821244010677219 223.03556432870604453 230.78858768191972217 237.44057292396567505 242.87245822490524461 251.09452136756763707 255.54809916770085465 259.19182827093396781 261.99174864714342448 264.81224951953248592 274.27506217276794587 306.10926867052876332 332.40132289500638763 310.56500750411089484 308.62752092437062856 318.21757968230446068 314.93799290990199324 314.36569966416061561 338.4339312644156621 336.80120734786180492 336.27828498070630303 330.11638115599208732 324.29704764026934072 319.3979357976708684 320.47712589675302297 322.77177970807883867 325.28327608927133952 328.14079970379094675 333.9461689116561729 nan nan nan nan nan nan nan nan nan
nan nan nan nan nan nan nan nan nan nan nan nan nan nan nan nan 174.32861753952261097 175.39631532563350902 175.86967109914613161 176.66079990598990435 183.12671937307959524 191.63307037327976445 197.92787275404418779 204.227575545069584 209.71724389387622978 213.84803096515597076 220.00211502272702546 228.24861930597646165 236.06265081596149003 242.61426129094130033 250.94131617482602792 255.41414095638606341 258.77289478993952798 261.4382995897985893 262.40002032652421349 272.17277414099487487 285.15587302559328009 320.66526264953830605 313.58520140045123981 312.48591333519283353 320.96739746427454065 325.69483653792792666 318.25673868524353338 332.22585194426437738 327.59957974641145029 326.43985865134726509 326.57215393456203856 331.44166358010107842 332.70808133669220297 335.59019808712076838 334.6810994305907343 335.16649411768867139 327.89962521861355071 nan nan nan nan nan nan nan nan nan nan
nan nan nan nan nan nan nan nan nan nan nan nan nan nan nan nan nan 174.0214670723834729 174.86914500151743823 175.94344210535794559 181.08225484603519817 188.81167106034135372 195.75145330347811523 201.88067967454671248 207.62790228873541309 213.22859892993901099 219.72655299104650339 227.40270576295316118 233.85161415048688127 241.55706264006147421 247.88705171686325457 252.79368899613672284 256.98536472999768421 261.03508108477763017 263.85100505264875892 273.87042698032996668 281.43771667554653959 303.97116091173182895 328.75546053572060146 322.32258914434862618 321.03099158181237271 326.75109847307703603 322.92406746872563872 342.83175726985524534 339.72889451740093136 340.64236723012203356 339.57971691616353382 336.89794021627108123 338.56696033017516356 340.99911080431388655 341.0515315899154416 327.79939377670615386 nan nan nan nan nan nan nan nan nan nan nan
nan nan nan nan nan nan nan nan nan nan nan nan nan nan nan nan nan 170.27952518898320022 171.97069564500884553 173.61363100838144646 178.02722591180040013 185.55741810424734695 193.39883991322338375 200.87617736382077283 207.59363345039216142 213.15217581162289662 218.21549122383416375 226.59501417233906295 233.30462919371242947 238.85169384376328594 245.05277806471292479 250.66446091994868084 256.33951180895525113 261.76537975052264073 265.00319129605531998 277.39785512132300482 291.60994883858813864 309.5433299926543782 330.57246561048634703 326.70519196764809067 328.51843400200948508 332.4309009294555608 330.0111827244613778 359.68096278676534894 358.08321296348475471 360.42993471904429725 361.36745164255785312 360.18994443040975284 353.95492816747355391 342.83273634305567157 341.80107222462339678 343.35299275285217391 nan nan nan nan nan nan nan nan nan nan nan
nan nan nan nan nan nan nan nan nan nan nan nan nan nan nan nan nan nan 168.73749834471064446 171.81886523169157499 176.98925448332587962 185.60132685631623417 193.33574960220806815 200.89490078293320607 208.55069799219805304 213.75250395161145889 216.52856045532567464 224.17630791623545861 231.75184170197408662 236.54636989009819104 243.123499884845927 248.50122535049109729 254.38120560383731572 260.94615041856451398 264.04122685552800931 266.75457178081410348 278.00493091266127976 303.02523081939693839 333.3718773419941499 336.8574953259171707 330.8240722778110694 327.63019937815715821 325.35329361062042608 369.19819293275702421 370.97659016447255453 373.25687240222305263 379.04814811212662562 378.79428397631170355 368.55021851794231225 351.53009153754675253 336.77925285558654878 nan nan nan nan nan nan nan nan nan nan nan nan
nan nan nan nan nan nan nan nan nan nan nan nan nan nan nan nan nan nan 168.55925681173485486 174.29645181690989375 180.10310207030676111 186.17283080762527447 194.33759398969868926 201.82303595411008246 208.29401951568428331 213.86570791631885413 216.65289106680677378 221.56437057301272375 228.07310185059307628 234.08158424251180918 241.41274235694334038 247.49647055114789396 253.61327858843512217 261.783494216222266 267.0257049495658066 269.45090524717267044 268.85131058465162823 276.05721747444806624 317.24133443135087873 341.53102196980643157 339.23072686208087134 339.34327877696063069 335.75476501528993367 375.38060340864217324 380.29714452130343716 386.99079826955272665 381.46979173177237499 354.71208232716344355 358.59324971008260263 359.58625321557099142 nan nan nan nan nan nan nan nan nan nan nan nan nan
nan nan nan nan nan nan nan nan nan nan nan nan nan nan nan nan nan nan nan nan 184.08269123620848973 188.91579184695623894 195.52324648869409884 203.67670223087623071 210.36517042318683934 215.85165027672243809 218.77981630538192803 222.02581378972746506 228.01309923606393681 236.09670331538720234 242.15742430782603378 247.70518393898564113 254.88162486580972654 266.65621074417634873 271.2061027081293787 273.78622782505732403 275.42793960314912738 279.38546346477102134 307.56924442514525708 346.07417376942333931 351.93971280623401299 350.96075311645921602 338.93226217422022728 376.65001170794096197 393.5869765558456379 nan 354.24441746445938861 337.84262636879088859 nan nan nan nan nan nan nan nan nan nan nan nan nan nan nan
nan nan nan nan nan nan nan nan nan nan nan nan nan nan nan nan nan nan nan nan 187.9717021751405639 193.63075441625258577 198.62679722912477587 205.11437937445757029 211.54723075514161224 216.8089867124015484 221.14857228008460766 224.10011732603607015 228.48711000940247118 237.56192104300731671 246.67074378376142363 271.06980245969907628 291.15786935869715535 287.69991707645397128 279.29169704128111107 277.36421606857885536 281.8391710331340505 280.95797412150403716 286.92934065805366117 324.79571348108549955 351.04662798340666541 357.9572058533993868 363.12454412913672286 367.169233771367999 nan nan nan nan nan nan nan nan nan nan nan nan nan nan nan nan nan nan nan
nan nan nan nan nan nan nan nan nan nan nan nan nan nan nan nan nan nan nan nan 194.00744891112904611 198.55063655251299792 203.32697122650239407 208.20861533344506711 214.01893883133340069 217.8558325425740918 222.34458531585138985 225.8947505692653408 231.24093501610619228 253.0137275713935594 292.54272208860550109 305.95629013276538899 310.79304330771316245 295.7760964987816692 291.62595718771018483 291.63659209447445164 296.85496735684273517 295.87904911817014408 296.36360197718096288 307.98451271582291611 332.7314127391105103 342.08737677852536763 336.71298174812818615 341.15792763694844325 nan nan nan nan nan nan nan nan nan nan nan nan nan nan nan nan nan nan nan
nan nan nan nan nan nan nan nan nan nan nan nan nan nan nan nan nan nan nan nan 200.89711928985317968 203.90271076410888895 207.37301626379402819 212.13512399438499756 215.45926412094678426 218.31898865656074804 223.03641530741083443 226.64920540510604496 229.24848835027992777 239.62886476684258241 298.34449888640472182 324.45447904825812202 298.11355405298718324 291.14187122013288445 304.67145478439033468 320.21411558478956749 329.4835002907453827 326.57195138456830819 314.37399257953637743 311.67151523494078447 322.29386028873358327 328.04840825202057886 332.2993029166764245 366.56718907587304557 nan nan nan nan nan nan nan nan nan nan nan nan nan nan nan nan nan nan nan
nan nan nan nan nan nan nan nan nan nan nan nan nan nan nan nan nan nan nan nan nan 223.63702141195000195 211.01830769862212378 214.16783765695498687 216.69314577953869616 219.33523489062974932 223.67609227096718882 227.37414412645026118 229.79492539183482336 235.22566087885516595 250.66650197377066434 319.31565064578956026 304.66521545819153971 307.24556270466240449 314.75368748408345709 340.98915776110357001 341.77297335480494667 335.62252937909295269 326.60513729552940276 318.11304145438896285 323.5892635489635154 338.36867905993938166 325.80064003736390532 nan nan nan nan nan nan nan nan nan nan nan nan nan nan nan nan nan nan nan nan
nan nan nan nan nan nan nan nan nan nan nan nan nan nan nan nan nan nan nan nan nan 209.38149940314298192 212.30596067962309803 216.0449879476562387 219.36757962519348553 221.63682871696457255 225.22421148840487604 228.6214406452040464 234.33281534906785737 240.8829722128786841 251.6717543605033427 330.30983936671088941 322.38930666130585223 320.60368408071565227 325.13017500976508245 349.52795119902145871 346.29889995700858663 342.77077017368571887 338.88016356337618618 334.742705952782444 335.47475973548068851 353.52176807642143785 346.28506453447522517 nan nan nan nan nan nan nan nan nan nan nan nan nan nan nan nan nan nan nan nan
nan nan nan nan nan nan nan nan nan nan nan nan nan nan nan nan nan nan nan nan 209.92464927708536493 211.54771254040073813 215.08351736611922433 218.36188202637313793 221.22394541389874689 224.02451481576474634 227.1630425138156113 230.9248746165756927 254.38952070189992583 276.42455272990338244 265.89147761593829955 308.89312868624449493 337.43404859137422136 334.05754732155452302 348.09069517929805215 347.71192400455385041 346.161603625242833 354.46640422845871399 350.77172288502214315 344.81493755211482721 345.51825406383306927 347.38186146434122747 nan nan nan nan nan nan nan nan nan nan nan nan nan nan nan nan nan nan nan nan nan
nan nan nan nan nan nan nan nan nan nan nan nan nan nan nan nan nan nan nan 213.39866142487321099 211.00573641134349145 214.05327644083294558 217.22505861231510949 220.54641603325029564 223.23137622565408833 226.18893432317901215 229.68912533807093723 232.49303307408516162 241.8535404443331629 248.20113241475493737 253.81362431986133288 258.73252375976557005 268.01276606506695543 299.43713832346003301 304.68542406189823168 335.91553945172682916 344.6214900260737295 357.59373972278035581 357.86442061237983125 352.47347261580205213 343.12863207231470142 nan nan nan nan nan nan nan nan nan nan nan nan nan nan nan nan nan nan nan nan nan nan
nan nan nan nan nan nan nan nan nan nan nan nan nan nan nan nan nan 244.81503036160614784 212.8396834421708661 212.5148868996379008 217.36192696422250492 219.75992302063968964 219.74742800323841152 224.37336350980888255 227.24659047495742925 229.0480838889612869 234.19981639954133357 235.22254537675189567 243.97224321422979187 248.52588060284216454 256.18457358815931002 297.42146501416578985 292.39962167183983865 268.68847558476801396 271.14651660301120728 nan nan nan nan nan nan nan nan nan nan nan nan nan nan nan nan nan nan nan nan nan nan nan nan nan nan nan nan
nan nan nan nan nan nan nan nan nan nan nan nan nan nan nan nan 258.19059298011336523 233.66913233935829908 222.07817574026884699 222.50348009686013029 229.40369527560218899 231.53693266689586494 226.9963098840852922 226.94407351129200379 230.35905099865814805 234.73827580510234725 240.22846619863145179 237.49268775677293775 249.03538295201295227 277.7547736845374402 257.00872312056077362 261.01095620149578735 301.28000344837914781 nan nan nan nan nan nan nan nan nan nan nan nan nan nan nan nan nan nan nan nan nan nan nan nan nan nan nan nan nan nan
nan nan nan nan nan nan nan nan nan nan nan nan nan nan nan nan 251.18053392643841448 231.06320004390158829 239.20957313847051751 242.32070025162653337 241.12019977670385629 242.53924553446407231 241.87606265027361019 233.80459152029553138 232.90368080195304401 237.04226174614117895 251.15176721327412679 245.7345339542154079 244.91844551884815928 274.3875706791425273 268.25518322970174268 262.24731479955175928 nan nan nan nan nan nan nan nan nan nan nan nan nan nan nan nan nan nan nan nan nan nan nan nan nan nan nan nan nan nan nan
nan nan nan nan nan nan nan nan nan nan nan nan nan nan nan nan 252.0237535228129957 252.14824685877337629 259.99695907023334485 256.70632650287507204 252.54431080653256458 252.45097695458980525 255.10420551925236055 263.87301387192565016 267.0077911770374044 263.00811526866340273 263.19007089035818581 264.91774545531745844 245.32329276166541376 nan nan nan nan nan nan nan nan nan nan nan nan nan nan nan nan nan nan nan nan nan nan nan nan nan nan nan nan nan nan nan nan nan nan
nan nan nan nan nan nan nan nan nan nan nan nan nan nan nan nan nan 281.83879137519619462 287.27824073919379089 275.74022271802766682 269.45230974620346842 268.57730087367121996 262.31502141499333902 268.42445772747544197 286.55126647349931091 296.03389015634115822 268.91955742429712473 nan nan nan nan nan nan nan nan nan nan nan nan nan nan nan nan nan nan nan nan nan nan nan nan nan nan nan nan nan nan nan nan nan nan nan nan
nan nan nan nan nan nan nan nan nan nan nan nan nan nan nan nan nan nan nan 296.20710900374348284 298.11567009926170613 292.87010740715402335 298.61927663084560436 298.35016058609028278 nan nan nan nan nan nan nan nan nan nan nan nan nan nan nan nan nan nan nan nan nan nan nan nan nan nan nan nan nan nan nan nan nan nan nan nan nan nan nan
nan nan nan nan nan nan nan nan nan nan nan nan nan nan nan nan nan nan nan nan nan nan nan nan nan nan nan nan nan nan nan nan nan nan nan nan nan nan nan nan nan nan nan nan nan nan nan nan nan nan nan nan nan nan nan nan nan nan nan nan nan nan nan
