results/rofental/swe_month_2020-02-01T0000_2020-02-29T2300.asc
ncols        322
nrows        225
xllcorner    622802.488000000012
yllcorner    5178049.378999999724
cellsize     100.000000000000
[rows 56 to 83 of 225, columns 189 to 251 of 322]
nan nan nan nan nan nan nan nan nan nan nan nan nan nan nan nan nan nan nan nan nan nan nan nan nan nan nan nan nan nan nan nan nan nan nan nan nan nan nan nan nan nan nan nan nan nan nan nan nan nan nan nan nan nan nan nan nan nan nan nan nan nan nan
nan nan nan nan nan nan nan nan nan nan nan nan nan nan nan nan nan nan nan nan nan nan nan nan nan nan nan nan nan nan nan nan nan nan nan nan nan nan nan nan nan nan nan nan nan nan nan nan nan nan nan nan nan nan nan nan nan nan nan nan nan nan nan
nan nan nan nan nan nan nan nan nan nan nan nan nan nan nan nan nan nan nan nan nan nan nan nan nan nan nan nan nan nan nan nan nan nan nan nan nan nan nan nan nan nan nan nan nan nan nan nan nan nan nan nan nan nan nan nan nan nan nan nan nan nan nan
nan nan nan nan nan nan nan nan nan nan nan nan 457.12659086454164026 nan nan nan nan nan nan nan nan nan nan nan nan nan nan nan nan nan nan nan nan nan nan nan nan nan nan nan nan nan nan nan nan nan nan nan nan nan nan nan nan nan nan nan nan nan nan nan nan nan nan
nan nan nan nan nan nan nan nan nan nan 477.60986924412668486 451.46309628990769625 413.15729369278363947 419.93246383430164315 442.83922503982842045 nan nan nan nan nan nan nan nan nan nan nan nan nan nan nan nan nan nan nan nan nan nan nan nan nan nan nan nan nan nan nan nan nan nan nan nan nan nan nan nan nan nan nan nan nan nan nan nan
nan nan nan nan nan nan nan nan 429.33653133459102946 416.53440153405944102 414.77147068598191026 413.21008970100149327 410.33778165878629807 403.27220367746002694 399.15182077563639496 409.18213707383546307 nan nan nan nan nan nan nan nan nan nan nan nan nan nan nan nan nan nan nan nan nan nan nan nan nan nan nan nan nan nan nan nan nan nan nan nan nan nan nan nan nan nan nan nan nan nan nan
nan nan nan nan nan nan 490.82562362497162667 424.76377884736785973 402.99883087479696542 396.69812396649905395 394.70588712840236667 396.62016968937354022 401.85100779852041342 403.39971210782050548 393.51567790149948678 387.39230954917303507 395.03470814952817136 407.98809278583149762 nan nan nan nan nan nan nan nan nan nan nan nan nan nan nan nan nan nan nan nan nan nan nan nan nan nan nan nan nan nan nan nan nan nan nan nan nan nan nan nan nan nan nan nan nan
nan nan nan nan nan 471.26110939047589454 459.28841468990231078 414.43946375889646561 406.46766077493248304 403.51431864907556246 401.54164969443195332 397.94147486469427122 395.82474439108722208 397.28573487740612791 394.1396746223840637 387.36592502845536501 381.03293767139518877 381.48247989932940527 395.32163565286305129 427.52343365644679807 nan nan nan nan nan nan nan nan nan nan nan nan nan nan nan nan nan nan nan nan nan nan nan nan nan nan nan nan nan nan nan nan nan nan nan nan nan nan nan nan nan nan nan
nan nan nan nan nan 485.07268802666652618 473.93400744539388825 440.56107187777206491 411.14363064784419066 409.87422643169554703 408.50731524957313923 406.74927265764608819 402.89577774396570931 399.49448686952246135 397.08950889796057027 393.16420606815233896 389.7621229056901484 384.51828949684698955 380.79343578771556622 388.55045671372784 404.94498542240251027 nan nan nan nan nan nan nan nan nan nan nan nan nan nan nan nan nan nan nan nan nan nan nan nan nan nan nan nan nan nan nan nan nan nan nan nan nan nan nan nan nan nan
407.87181846000316909 467.20983522895380702 nan nan 413.86696184666391218 411.3261264839088085 444.03199368001185121 457.22422985668600859 443.42812263518180771 441.53780067517038788 441.02095073371049239 407.81838094797683425 399.36030234057915322 397.67925800274713311 397.96192868183840119 396.90609042344362933 394.50894563147016925 390.22943710887824409 383.08716141734458915 380.80270455103158156 395.14222399015159226 405.42461905944963974 nan nan nan nan nan nan nan nan nan nan nan nan nan nan nan nan nan nan nan nan nan nan nan nan nan nan nan nan nan nan nan nan nan nan nan nan nan nan nan nan nan
387.36265199440828155 397.22648358818321412 409.92622676581481755 412.29833211274649329 399.54916175358852115 391.037037231240447 397.4079153717722761 442.88648836257010544 451.24839082986756011 422.98622243288997424 411.43827917360761148 406.27356883277900579 399.41969281331057573 394.72412548808142674 396.13873069310085384 396.5005488879014024 393.63906457663006222 390.95663046492938975 387.41296561190898728 383.41423513495158204 393.88977440027531429 399.82722030119293777 406.17329494796274503 nan nan nan nan nan nan nan nan nan nan nan nan nan nan nan nan nan nan nan nan nan nan nan nan nan nan nan nan nan nan nan nan nan nan nan nan nan nan nan nan
376.90640937550671197 379.57786577518641025 390.06473122584378643 403.18790832797242274 392.46172888718604099 385.18221835529175223 390.14234191327096823 420.80286243821296921 456.52129785893833969 436.2670615101679914 413.92452441489814419 406.30306643529274879 402.57084398302237105 398.81889722118506825 395.9617796503486602 393.83881573844604418 391.09894436552463048 389.45939190881239256 386.70869546207200074 381.39064534849279653 388.94121021316357201 390.4728625436878815 397.92035696389638133 403.35361561918188045 nan nan nan nan nan nan nan nan nan nan nan nan nan nan nan nan nan nan nan nan nan nan nan nan nan nan nan nan nan nan nan nan nan nan nan nan nan nan nan
362.76808700282458631 367.05571009760495826 381.76176700081123272 399.36586582236151344 389.30370801739081799 376.75916815180858066 378.89705061929311114 392.8492696813776206 411.78738271568175833 465.95413261118494574 454.69944619297950794 409.10249040550422706 403.66790048021101711 400.67863160511808474 397.41886843063309698 394.15000056600223388 391.91016855280349773 389.96567264780537698 384.19405753000108916 369.49856110990305069 364.01669811480610406 356.71277486503140608 376.25036966572992014 399.43151927934678724 nan nan nan nan nan nan nan nan nan nan nan nan nan nan nan nan nan nan nan nan nan nan nan nan nan nan nan nan nan nan nan nan nan nan nan nan nan nan nan
368.66446233893248063 370.54909954373124492 375.00128000528593475 379.39185149479527581 379.93509271638566815 370.2556716064526654 371.52693536001896746 377.50968957244600688 381.5964021911851205 399.68119550722775557 463.10589887216752913 456.79364978075028603 419.05784292537310876 404.57685520519095235 397.19695385363399964 394.32617613433887982 389.33349500937430321 385.93595904626425863 379.83447027568081467 369.90252169940794147 358.85275939277960333 344.70395573723868665 352.19091999295869755 379.35954342978362774 nan nan nan nan nan nan nan nan nan nan nan nan nan nan nan nan nan nan nan nan nan nan nan nan nan nan nan nan nan nan nan nan nan nan nan nan nan nan nan
368.8929258796705426 355.24385580228192794 350.92959350626023252 357.1128143722266941 358.14818177717990011 362.4204733388984323 368.58944274839126365 370.57916472006019148 370.16128900768944732 376.24592272802669868 394.33779628614678359 447.69070889227981525 456.89763591015520205 436.93956634844028031 403.25864232292184397 391.72113215079070869 384.69959755961048131 378.09213688526062924 374.77590943824105807 372.7582567558208666 371.76801972161274534 359.75833836513180586 353.60448939137830848 380.66065105766369925 nan nan nan nan nan nan nan nan nan nan nan nan nan nan nan nan nan nan nan nan nan nan nan nan nan nan nan nan nan nan nan nan nan nan nan nan nan nan nan
354.81566757143360746 343.64808630013499169 336.67438162163233528 338.01296384559952912 347.80426609531042459 354.94103864391263414 358.73872042498288693 361.74222634630677931 364.70524199575260127 367.90681308196275268 373.67161801782134489 382.85570430616928661 391.61814741618962898 413.12371034087533417 415.56513539421558789 398.78218476064125753 383.87942784350121883 372.419407290204731 366.49899534277369639 365.3776074892783754 368.11862875149131469 364.24965346304753666 346.17485082632919102 352.47592171278768092 388.19249015887555743 nan nan nan nan nan nan nan nan nan nan nan nan nan nan nan nan nan nan nan nan nan nan nan nan nan nan nan nan nan nan nan nan nan nan nan nan nan nan
361.10214854287357866 352.21036475379702324 344.30829893283447518 345.81389055227106155 347.81330251840580559 347.57654181468359411 349.45005830386952539 354.0829843869493061 356.90223601341381254 360.33723695494825279 369.8903915432423446 377.12438677901997153 370.88409408880681895 383.27790272023219131 403.92103477912502285 392.44814725970513791 381.75654863741658573 368.04356234107183354 362.94666300865685571 353.99942380080977955 342.35724897368368147 347.53932310626464641 345.02866091449362784 340.347122862877427 355.79492569974792104 384.9840113664281489 nan nan nan nan nan nan nan nan nan nan nan nan nan nan nan nan nan nan nan nan nan nan nan nan nan nan nan nan nan nan nan nan nan nan nan nan nan
353.45392585051882861 348.7953789993497935 346.02679976811191409 346.60624812098905068 346.26780855263632475 344.73881819419631256 342.34768978941934847 347.78236785105264062 348.23651911076854049 349.91977150514088635 358.63628366781006207 369.89744174212910366 366.91966614114329559 366.92788696171004403 384.99192437421373825 392.71409374757507749 377.03895643084035783 364.19252699218714042 361.41512753842067696 351.41713418797291979 333.89389472842668738 330.36020070528007864 341.55568553937229126 340.12844624032487673 341.696263802262024 367.83669980293234403 nan nan nan nan nan nan nan nan nan nan nan nan nan nan nan nan nan nan nan nan nan nan nan nan nan nan nan nan nan nan nan nan nan nan nan nan nan
353.33482790470270629 350.15237099798758891 347.31412995908590347 345.58611283802679282 347.034148821327733 346.01037270497579357 339.60619434642927672 338.61538260148722657 340.77790514515010045 340.51495169828746157 348.32285985793930649 363.65234888111979217 367.16412421963798351 363.83480362017161269 363.86396915080661074 371.76546107257541962 378.58661954389305038 345.61856355923441697 346.88433195015011279 348.73852296290129971 338.82781995227645666 331.00440748944043889 333.39753169498976604 340.67249653421680478 345.84291363858380919 354.17007412835249625 381.23334100251656764 nan nan nan nan nan nan nan nan nan nan nan nan nan nan nan nan nan nan nan nan nan nan nan nan nan nan nan nan nan nan nan nan nan nan nan nan
355.54263082039454957 351.83742129579138691 345.15671455250918598 344.55635262260045693 345.67160261742702687 347.35593694871789694 344.33120404874620135 335.290308250600674 331.85307280767381144 332.3185040961800496 344.39765215445561353 364.82333956754422388 366.88811926428473953 358.97399979312876894 357.69412070511327784 354.29808994371506969 352.0700077596144979 340.76069415973529431 335.56065893768106889 339.65409520439618518 340.47389392449946399 338.0787794063252818 337.64448820716899036 344.84013338211531163 352.53953755254434554 361.53732756650776992 382.66617845032686773 nan nan nan nan nan nan nan nan nan nan nan nan nan nan nan nan nan nan nan nan nan nan nan nan nan nan nan nan nan nan nan nan nan nan nan nan
353.0828656471968543 348.1645454926677985 342.95431456975160245 342.55543901279867214 342.85532614105460425 340.78892334397443165 339.48818102502411875 337.28413844174042424 330.58376118830636869 330.51810905238312444 341.67912445586443937 362.12253213596721935 379.99389678017155347 367.89988710171104458 358.71061562180386773 355.50245006826872896 351.11353958282285248 343.69336225379333882 336.63089252372310511 335.09417757359472034 335.60796252619479674 341.16391150660962239 342.62187642719874248 348.13277122064801006 355.32261645939348682 367.54545995659105984 nan nan nan nan nan nan nan nan nan nan nan nan nan nan nan nan nan nan nan nan nan nan nan nan nan nan nan nan nan nan nan nan nan nan nan nan nan
351.70479555118419057 345.74061598329308254 342.11407655985362908 340.93520598017965995 341.84120038963612842 336.85708957872685687 334.05093304181815483 338.8352878733662692 336.19783224236351771 330.53367752706054716 337.39503636175601287 357.15457460889535923 378.73233034357497218 364.98484181324448627 352.167376168314604 346.67778201918173409 346.72511361323472556 345.35774918199388139 338.26835972873283254 331.78203678278345024 329.36951894915301864 333.46577161715646298 339.60745082536112704 351.64045448495932078 356.63163575252553983 362.47611954235838994 nan nan nan nan nan nan nan nan nan nan nan nan nan nan nan nan nan nan nan nan nan nan nan nan nan nan nan nan nan nan nan nan nan nan nan nan nan
362.75158585343081086 350.13402311278571233 341.66358945846911865 335.61047572507845871 338.25025186017933265 338.77098185709144218 331.12309203612875308 332.24552319284208579 334.90750223136785735 330.56326142216630615 332.77616159635732629 346.44705787179765366 376.71298218004125147 379.07146121431270558 364.93058557230034467 351.14410366462396951 343.08487500010056692 336.39966864152717108 328.62121122715672072 326.62572676407023664 324.61135128061977184 328.0034971738144236 335.76696189982408214 344.74311318808469196 347.03009591290009439 355.26288781882726653 nan nan nan nan nan nan nan nan nan nan nan nan nan nan nan nan nan nan nan nan nan nan nan nan nan nan nan nan nan nan nan nan nan nan nan nan nan
356.98598415893457059 357.21547370772486829 347.72823425461029956 339.67266596157685399 334.3867538840225393 338.49119695117786932 332.9270104860343622 328.14147692607127738 330.92167520160501226 337.35130852404751067 332.56005563007829551 332.61203428897857748 352.09543287755650454 373.6766146127587831 361.33742657313553082 346.03999994407774921 343.73614275343936697 338.05605485819995693 328.60094084670987513 325.29541135981389743 325.36393892154086416 330.61975500663339744 338.00789170839561848 340.9829525788646265 341.19426645667226694 nan nan nan nan nan nan nan nan nan nan nan nan nan nan nan nan nan nan nan nan nan nan nan nan nan nan nan nan nan nan nan nan nan nan nan nan nan nan
356.56010111594321188 354.2222851309404632 353.52710885460226109 343.61502383528699056 337.88350178030452753 339.55605538656908493 338.18966529058297965 329.23645638813434289 328.11623263727767608 332.91149791336482622 329.47359295142587143 329.4192325262949339 332.12578864065602602 353.98081438495034945 351.54162429820576108 343.20201876200184188 341.38745497274044283 335.9714813719147628 326.43883114031473269 324.61851610405551583 327.60419651290868615 331.10896068748661492 331.11124599806004198 336.94980511056985506 341.99778651970035526 nan nan nan nan nan nan nan nan nan nan nan nan nan nan nan nan nan nan nan nan nan nan nan nan nan nan nan nan nan nan nan nan nan nan nan nan nan nan
366.70046820978973301 355.36057749863272193 345.5628682604095161 342.91538374871771566 334.82235487027327281 326.23652211827703695 327.78365810201466957 329.30844755420548609 326.66656801415200562 329.12394266973831236 327.34218659239934368 329.53008638693063403 330.31832257316580126 340.09462225081682618 349.3473803026424207 346.25270625618884424 343.07204674658441945 336.32464073828828077 327.52400342677435674 324.84829215676671765 325.53788926434884843 325.27650780247239481 323.57050054845564091 330.66695087251497398 336.6432616775229576 nan nan nan nan nan nan nan nan nan nan nan nan nan nan nan nan nan nan nan nan nan nan nan nan nan nan nan nan nan nan nan nan nan nan nan nan nan nan
354.14760303393171625 352.3755446446748465 336.49615549284237659 324.4183650748749983 326.59158766055639944 321.72394614342204022 323.1868004508162926 325.16154399877433434 325.50886992264958053 327.19804705986030058 326.32376146201158917 327.65616173208837836 330.11985646118489512 332.11193421720633978 342.17381101244359343 343.99348540748212599 342.43632290211183999 337.95109936082133117 329.50375391102869571 322.85100794919463851 320.09145317188227864 321.65750246954485192 320.8113216687233944 325.69458986076347173 336.06529480588636716 337.7164273156383274 nan nan nan nan nan nan nan nan nan nan nan nan nan nan nan nan nan nan nan nan nan nan nan nan nan nan nan nan nan nan nan nan nan nan nan nan nan
345.26362876092565557 344.3475510917891711 340.44194425625494205 328.96732543816750649 321.26180019249937914 319.63908438678924995 320.43552576270792542 321.30857209692851484 322.03994635234334964 322.33801310117604544 321.69944378981273303 321.49880691134865174 328.60814393220107377 332.43786749882866616 334.35546022552392742 338.52175395576909978 339.95500825100054954 337.83765072222416848 329.59606235098851812 322.44650204507831859 318.73608276865877542 319.36341129207244194 318.08176073372459314 321.17563369104453841 329.73588203521467221 330.66188558119324625 329.73974018412036457 nan nan nan nan nan nan nan nan nan nan nan nan nan nan nan nan nan nan nan nan nan nan nan nan nan nan nan nan nan nan nan nan nan nan nan nan
