results/rofental/swe_month_2020-02-01T0000_2020-02-29T2300.asc
ncols        322
nrows        225
xllcorner    622802.488000000012
yllcorner    5178049.378999999724
cellsize     100.000000000000
[rows 168 to 195 of 225, columns 63 to 125 of 322]
nan nan nan nan nan nan nan nan nan nan nan nan nan nan nan nan nan nan nan nan nan nan nan nan nan nan nan nan 467.09245675168244816 446.38968542139173223 435.17361993287926225 429.34194654935282642 446.96684464947355764 453.13229071606116349 437.27215404553868439 386.64942145640111448 382.71832502621936101 393.88662468127699867 396.91711487230736566 373.96537492262314117 363.18038292781830023 367.71967121155006453 369.76345650545005128 365.03384865188689901 354.45199500944022475 353.56745383077054612 356.62997394268381868 350.71696562672008213 339.32919495766896034 335.29371419239294028 333.35300241100378571 333.17909624107016953 335.34163665554456202 333.52747207407486485 329.92265178208185716 328.38482308074571847 326.80824446476867706 324.84588694094088623 328.5971555609388588 336.71246891697376213 340.36865267217473274 362.85554141725828003 382.00791268550699442
nan nan nan nan nan nan nan nan nan nan nan nan nan nan nan nan nan nan nan nan nan nan nan nan nan nan nan nan 478.33947622477904815 449.7850186433588533 404.46207926702908253 411.31136333914821535 423.24901028119955981 436.32291122346424572 443.3905652786974656 429.5949479904120949 394.37307222638582971 381.54114024888986023 387.62482798409075713 394.79781259902892998 385.56148933173631121 367.0443797150862224 362.20117072813485493 368.9400717848535578 362.73981310583474169 354.34090864925815367 349.6230969024869637 345.97406239627332525 341.43163955339321092 340.15131496448992721 340.24840728088821606 340.42091598915789064 339.07502835745469838 336.45358318870836456 336.75458583014568603 336.03633255294522542 339.65515937472912356 352.16775046775774172 361.92917115366810776 363.74459140897920406 359.92182884791589004 375.32040630947790305 389.99869146914323892
nan nan nan nan nan nan nan nan nan nan nan nan nan nan nan nan nan nan nan nan nan nan nan nan nan nan nan 401.63897288237990324 441.01678151179373799 414.79699869083378871 395.85848219979709484 398.90096900343144171 412.70565487622434375 425.78821297487093034 432.82689418788856983 433.28088194279871459 417.70060643551011026 393.83241804392514496 379.56981931414821929 396.04299112589853848 394.19308884703286822 370.14263504193189647 356.09519238044669009 366.4462008457654747 370.95533572987477555 367.5831168518574259 358.85155202552067522 353.58028321265476279 348.51951576998760629 344.81670625300745314 342.58160589631296489 340.45617099197454536 339.79251260165261783 341.62240876766759357 345.36042309708943776 357.11403813018739584 369.38122364059415759 375.65161389640644529 377.51109760617242728 378.82276683008689133 378.98764295024022886 391.6381189902443225 403.67789270832543025
nan nan nan nan nan nan nan nan nan nan nan nan nan nan nan nan nan nan nan nan nan nan nan nan nan nan nan 419.9208208063132588 407.78066279688044915 421.67172564770010013 419.62156332382431856 409.37671280736230983 410.55266556483854856 418.43441973497129993 433.82458640653305793 440.07822053545868357 435.133006953882159 418.90608976914938921 405.79726851132761567 400.26285936814218758 398.29875191986883465 376.00945183446435749 366.45821956870742042 369.60743796222823221 378.07829590098845074 379.78214361032939905 372.99037882531411014 366.96741586584204242 362.48948537080542565 358.32265244656036884 355.23654249626235924 349.39662732603795803 356.80512748287941349 371.16927895603572551 380.95084924514401337 382.8832842640181866 386.09187517006705548 386.41645285319901859 387.74306579620076718 388.29931152806614136 393.81683949150595936 396.78720737733942769 nan
nan nan nan nan nan nan nan nan nan nan nan nan nan nan nan nan nan nan nan nan nan nan nan nan nan nan nan nan 458.76398292280060787 436.21216471915863622 438.56258420590933156 431.59786717607255468 420.64065633353499152 411.74130148039000687 420.37423030960354708 429.82403222392491671 433.24832812609167831 434.20683503286238647 424.37437071101930997 409.32392006955478791 413.94319101845934483 401.19797375388321825 383.90548537736697199 378.2502447025657375 379.65673336436947238 377.23519631148946019 366.35372010115463581 364.81633555395660551 370.50327619665824841 375.90801355944864781 388.79215129418668084 394.31015264896183226 398.0163360514429769 397.80896186785230384 397.31136995398293266 396.22327217982967795 398.20671376096430549 396.49640359038994575 395.33023986046390519 393.64888814789770777 407.57812146601952463 385.03130810658649352 nan
nan nan nan nan nan nan nan nan nan nan nan nan nan nan nan nan nan nan nan nan nan nan nan nan nan nan nan nan nan 462.66813612739440487 450.88662807638235108 443.96368048572259113 434.02917728210923087 424.78234848611771213 412.16713836320468545 413.38455172441604191 416.86645589904838971 419.72274447319853152 408.46702076665513914 395.90510549892627523 403.64068555198360855 397.37115779101435464 393.88678416828787476 389.06779604974383346 386.10126505137628783 381.20348768392221928 380.71723272230184421 388.98095494388013549 397.49155697512890129 401.73352718249128657 407.65674148595672932 406.00330651549796812 400.90565392754331242 402.42894702646509586 404.45305916117018796 404.34518791217817579 404.53167591470969455 402.76388078707100249 406.64122756429713945 410.68754261835414354 388.059943414361328 nan nan
nan nan nan nan nan nan nan nan nan nan nan nan nan nan nan nan nan nan nan nan nan nan nan nan nan nan nan nan nan nan 469.23756391471420102 460.38376705593663019 451.05831720357338099 443.98147845762048291 433.49373058894366295 415.26355031266541573 413.08510502726358027 413.06424280271625094 413.02997923535713198 417.953325870373817 421.84338190835342175 422.25631634613893084 421.00593011629825924 418.54627757741400274 413.49884696027845621 413.85039657266423774 414.85825364327939724 414.36457119108575853 412.42317665111505676 408.68806030114478745 405.77503687852981784 406.27587257432020351 407.54653073128974938 411.89400464379849609 413.90564383509331492 415.90474628230049348 417.19509146365697916 419.07612576973559726 nan nan nan nan nan
nan nan nan nan nan nan nan nan nan nan nan nan nan nan nan nan nan nan nan nan nan nan nan nan nan nan nan nan nan nan nan nan nan nan nan 427.90228437889498991 426.25534160152102459 427.24274581184209865 432.0742451505285544 436.92313701894767064 438.41384300814314656 439.2399611411301521 440.12800713159793986 435.74647325640501094 428.83363889742912534 423.53345187359616375 416.10583820242419506 408.18083463409436717 408.3921722536643415 404.77388272522313173 409.11551304739464285 412.75727559329936867 420.17315774182088717 nan nan nan nan nan nan nan nan nan nan
nan nan nan nan nan nan nan nan nan nan nan nan nan nan nan nan nan nan nan nan nan nan nan nan nan nan nan nan nan nan nan nan nan nan nan nan nan nan nan nan nan nan nan nan nan nan 401.76676073326353844 405.33976384486385314 409.1886008044961045 412.09618389786021453 416.86936952231951636 423.25537099864720858 413.96480144651860655 nan nan nan nan nan nan nan nan nan nan
nan nan nan nan nan nan nan nan nan nan nan nan nan nan nan nan nan nan nan nan nan nan nan nan nan nan nan nan nan nan nan nan nan nan nan nan nan nan nan nan nan nan nan nan nan nan nan 408.57867219246122659 419.68741736992188862 414.69564945505692322 415.13591252977460044 nan nan nan nan nan nan nan nan nan nan nan nan
nan nan nan nan nan nan nan nan nan nan nan nan nan nan nan nan nan nan nan nan nan nan nan nan nan nan nan nan nan nan nan nan nan nan nan nan nan nan nan nan nan nan nan nan nan nan nan nan nan nan nan nan nan nan nan nan nan nan nan nan nan nan nan
nan nan nan nan nan nan nan nan nan nan nan nan nan nan nan nan nan nan nan nan nan nan nan nan nan nan nan nan nan nan nan nan nan nan nan nan nan nan nan nan nan nan nan nan nan nan nan nan nan nan nan nan nan nan nan nan nan nan nan nan nan nan nan
nan nan nan nan nan nan nan nan nan nan nan nan nan nan nan nan nan nan nan nan nan nan nan nan nan nan nan nan nan nan nan nan nan nan nan nan nan nan nan nan nan nan nan nan nan nan nan nan nan nan nan nan nan nan nan nan nan nan nan nan nan nan nan
nan nan nan nan nan nan nan nan nan nan nan nan nan nan nan nan nan nan nan nan nan nan nan nan nan nan nan nan nan nan nan nan nan nan nan nan nan nan nan nan nan nan nan nan nan nan nan nan nan nan nan nan nan nan nan nan nan nan nan nan nan nan nan
nan nan nan nan nan nan nan nan nan nan nan nan nan nan nan nan nan nan nan nan nan nan nan nan nan nan nan nan nan nan nan nan nan nan nan nan nan nan nan nan nan nan nan nan nan nan nan nan nan nan nan nan nan nan nan nan nan nan nan nan nan nan nan
nan nan nan nan nan nan nan nan nan nan nan nan nan nan nan nan nan nan nan nan nan nan nan nan nan nan nan nan nan nan nan nan nan nan nan nan nan nan nan nan nan nan nan nan nan nan nan nan nan nan nan nan nan nan nan nan nan nan nan nan nan nan nan
nan nan nan nan nan nan nan nan nan nan nan nan nan nan nan nan nan nan nan nan nan nan nan nan nan nan nan nan nan nan nan nan nan nan nan nan nan nan nan nan nan nan nan nan nan nan nan nan nan nan nan nan nan nan nan nan nan nan nan nan nan nan nan
nan nan nan nan nan nan nan nan nan nan nan nan nan nan nan nan nan nan nan nan nan nan nan nan nan nan nan nan nan nan nan nan nan nan nan nan nan nan nan nan nan nan nan nan nan nan nan nan nan nan nan nan nan nan nan nan nan nan nan nan nan nan nan
nan nan nan nan nan nan nan nan nan nan nan nan nan nan nan nan nan nan nan nan nan nan nan nan nan nan nan nan nan nan nan nan nan nan nan nan nan nan nan nan nan nan nan nan nan nan nan nan nan nan nan nan nan nan nan nan nan nan nan nan nan nan nan
nan nan nan nan nan nan nan nan nan nan nan nan nan nan nan nan nan nan nan nan nan nan nan nan nan nan nan nan nan nan nan nan nan nan nan nan nan nan nan nan nan nan nan nan nan nan nan nan nan nan nan nan nan nan nan nan nan nan nan nan nan nan nan
nan nan nan nan nan nan nan nan nan nan nan nan nan nan nan nan nan nan nan nan nan nan nan nan nan nan nan nan nan nan nan nan nan nan nan nan nan nan nan nan nan nan nan nan nan nan nan nan nan nan nan nan nan nan nan nan nan nan nan nan nan nan nan
nan nan nan nan nan nan nan nan nan nan nan nan nan nan nan nan nan nan nan nan nan nan nan nan nan nan nan nan nan nan nan nan nan nan nan nan nan nan nan nan nan nan nan nan nan nan nan nan nan nan nan nan nan nan nan nan nan nan nan nan nan nan nan
nan nan nan nan nan nan nan nan nan nan nan nan nan nan nan nan nan nan nan nan nan nan nan nan nan nan nan nan nan nan nan nan nan nan nan nan nan nan nan nan nan nan nan nan nan nan nan nan nan nan nan nan nan nan nan nan nan nan nan nan nan nan nan
nan nan nan nan nan nan nan nan nan nan nan nan nan nan nan nan nan nan nan nan nan nan nan nan nan nan nan nan nan nan nan nan nan nan nan nan nan nan nan nan nan nan nan nan nan nan nan nan nan nan nan nan nan nan nan nan nan nan nan nan nan nan nan
nan nan nan nan nan nan nan nan nan nan nan nan nan nan nan nan nan nan nan nan nan nan nan nan nan nan nan nan nan nan nan nan nan nan nan nan nan nan nan nan nan nan nan nan nan nan nan nan nan nan nan nan nan nan nan nan nan nan nan nan nan nan nan
nan nan nan nan nan nan nan nan nan nan nan nan nan nan nan nan nan nan nan nan nan nan nan nan nan nan nan nan nan nan nan nan nan nan nan nan nan nan nan nan nan nan nan nan nan nan nan nan nan nan nan nan nan nan nan nan nan nan nan nan nan nan nan
nan nan nan nan nan nan nan nan nan nan nan nan nan nan nan nan nan nan nan nan nan nan nan nan nan nan nan nan nan nan nan nan nan nan nan nan nan nan nan nan nan nan nan nan nan nan nan nan nan nan nan nan nan nan nan nan nan nan nan nan nan nan nan
nan nan nan nan nan nan nan nan nan nan nan nan nan nan nan nan nan nan nan nan nan nan nan nan nan nan nan nan nan nan nan nan nan nan nan nan nan nan nan nan nan nan nan nan nan nan nan nan nan nan nan nan nan nan nan nan nan nan nan nan nan nan nan
