results/rofental/swe_month_2020-06-01T0000_2020-06-30T2300.asc
ncols        322
nrows        225
xllcorner    622802.488000000012
yllcorner    5178049.378999999724
cellsize     100.000000000000
[rows 116 to 144 of 225, columns 195 to 259 of 322]
0.30088583134022950372 0.74948448522060939769 0.86115533882980166425 1.0631559986950389618 1.5852071586397047387 8.949804857374054734 38.017783054530831066 23.791252419865372758 5.5887539510276011967 2.0249694183688107252 2.0519833425590032761 2.1364310496146807772 2.5548380983121523613 83.200204157472626321 326.25952040067858206 217.19273856479620122 177.91680633085155705 112.94559605280618086 208.82290414362665842 nan nan nan nan nan nan nan nan nan nan nan nan nan nan nan nan nan nan nan nan nan nan nan nan nan nan nan nan nan nan nan nan nan nan nan nan nan nan nan nan nan nan nan nan nan nan
0.90368028411832479474 1.6320212078276326029 5.7768861897355874291 11.020956853371677298 2.3533528139833985726 2.7041887935980795099 66.99310168979590685 61.964013165782418469 75.042564271290501665 38.96114916487073998 10.450036849327684507 2.4139115552501437811 2.7994931199917574283 50.071557198764729435 456.38218404780661785 465.6398718495707385 378.57508609965691448 335.58439339274463009 nan nan nan nan nan nan nan nan nan nan nan nan nan nan nan nan nan nan nan nan nan nan nan nan nan nan nan nan nan nan nan nan nan nan nan nan nan nan nan nan nan nan nan nan nan nan nan
1.3220434409093819728 2.9919787356057456762 21.582198936809920298 43.00927567455377698 114.56507291536941295 19.60614230840731409 16.331225753197529116 55.283080001350143107 78.035646494467471257 61.928712546887034307 16.611606356244692506 11.928274482043118354 22.789786857662193142 32.597923925299603809 321.66537687794033218 554.98698425756094821 473.23678514167625053 nan nan nan nan nan nan nan nan nan nan nan nan nan nan nan nan nan nan nan nan nan nan nan nan nan nan nan nan nan nan nan nan nan nan nan nan nan nan nan nan nan nan nan nan nan nan nan nan
4.6089787233424974744 23.111322764737931124 25.407512436694961622 55.351075183090273413 37.536925465136839364 9.8579535224121350723 8.9744740937884426302 34.811100168294458967 37.077535863388597193 44.789893386708676815 12.412730321300982084 14.387782262849077242 85.594435146853157903 221.8925384445666964 317.57207957053776681 540.19365943450816303 nan nan nan nan nan nan nan nan nan nan nan nan nan nan nan nan nan nan nan nan nan nan nan nan nan nan nan nan nan nan nan nan nan nan nan nan nan nan nan nan nan nan nan nan nan nan nan nan nan
14.566714750479924589 52.691139317726168656 140.05576138849369272 104.06082792588253483 49.627202475084416733 11.239746498698112376 11.468089636993409997 78.983555328269247298 92.39614461119715827 134.56552296240525379 84.198045221546081507 181.48243668816212448 205.39451057760905428 146.82425690434672561 344.10775755582909596 579.52688151388804272 nan nan nan nan nan nan nan nan nan nan nan nan nan nan nan nan nan nan nan nan nan nan nan nan nan nan nan nan nan nan nan nan nan nan nan nan nan nan nan nan nan nan nan nan nan nan nan nan nan
46.179543895960485145 96.529349329678524327 251.12318179382785388 66.83262878388983097 62.655810392778626294 15.587868808015057809 5.6035490039018140962 55.295260859124134356 130.20449032201071304 192.9625417173436972 83.355652945826264499 119.55337205451172622 280.25976444168111357 277.89517271189612302 359.97030618376237499 660.64332578640176052 nan nan nan nan nan nan nan nan nan nan nan nan nan nan nan nan nan nan nan nan nan nan nan nan nan nan nan nan nan nan nan nan nan nan nan nan nan nan nan nan nan nan nan nan nan nan nan nan nan
163.37359439437901187 212.49244272093486074 291.62268459796234765 92.155059439266892696 99.315315629461636604 47.501783909413241247 53.165684211081092769 116.8139623603580759 103.28519136558612956 112.27721300001712734 66.856509888216407944 82.004798079215575513 208.67197092162803074 247.7477051020421186 308.42459435393158174 526.83140750109851069 nan nan nan nan nan nan nan nan nan nan nan nan nan nan nan nan nan nan nan nan nan nan nan nan nan nan nan nan nan nan nan nan nan nan nan nan nan nan nan nan nan nan nan nan nan nan nan nan nan
198.96262062299155104 213.78779578081676505 202.96861858073575036 132.21845064364021027 198.03857463992599719 215.65302872144937396 219.14047970773486895 198.72279724502064369 169.93501036366288304 131.69158162325786066 101.81110165308697901 6.7625648819428088032 4.4717932279294165809 9.3259953645117441567 61.597071305181920309 315.2706024267620819 nan nan nan nan nan nan nan nan nan nan nan nan nan nan nan nan nan nan nan nan nan nan nan nan nan nan nan nan nan nan nan nan nan nan nan nan nan nan nan nan nan nan nan nan nan nan nan nan nan
336.73579377010327107 374.00332840146847957 214.94126636736024238 129.95689904023200256 108.06581667113604794 119.73211557563210761 129.6816504264044454 157.30900832594915073 148.92129010748689666 63.184033361025115028 76.891871458684946106 52.554277906721360125 5.3623425264464996687 9.0648053939659263278 96.468233742866246416 306.67846999065812952 nan nan nan nan nan nan nan nan nan nan nan nan nan nan nan nan nan nan nan nan nan nan nan nan nan nan nan nan nan nan nan nan nan nan nan nan nan nan nan nan nan nan nan nan nan nan nan nan nan
210.3002999247939897 259.06992947602304866 335.69082562924825197 278.88073650837583273 244.36868534164887024 212.8951472863000447 185.34994834800895092 183.09975211326784006 161.55090609677048974 121.96559475018554508 122.01194204547404354 142.16230894534785989 71.242025513742348153 64.223048682535079479 193.86696293660904189 382.13108847908318921 nan nan nan nan nan nan nan nan nan nan nan nan nan nan nan nan nan nan nan nan nan nan nan nan nan nan nan nan nan nan nan nan nan nan nan nan nan nan nan nan nan nan nan nan nan nan nan nan nan
433.6703027426844983 335.28687370388587397 346.71904641324363183 330.31382190233523488 279.03025452267229412 218.53590701759551962 191.85517367764430219 192.51732833963279745 183.40595137666520031 255.41993270704847419 414.51827154877719295 331.81841196800337457 296.278395594455219 116.35770862141575321 68.423960300785495292 nan nan nan nan nan nan nan nan nan nan nan nan nan nan nan nan nan nan nan nan nan nan nan nan nan nan nan nan nan nan nan nan nan nan nan nan nan nan nan nan nan nan nan nan nan nan nan nan nan nan
450.79907981029134589 531.26874234225806504 370.30258263776210015 347.6893162271461506 300.07850561383463628 224.16306286467286668 188.04952643525214739 195.92489783038215023 188.96055347991679696 226.18118494829622023 419.56983828556809613 443.56608471931428994 353.15697507630528662 277.19894955558623906 341.51334218310836377 nan nan nan nan nan nan nan nan nan nan nan nan nan nan nan nan nan nan nan nan nan nan nan nan nan nan nan nan nan nan nan nan nan nan nan nan nan nan nan nan nan nan nan nan nan nan nan nan nan nan
463.21189073137577452 409.60583746470729238 390.71816516696929966 301.00987220169355396 276.02810533906642831 235.2044774414050039 214.94464854470245996 217.07271525463175976 174.80413972273564127 166.18619697683277536 304.09299571003640494 528.61644033674303955 451.45687653719738819 389.85295642839133734 378.5711343098261068 nan nan nan nan nan nan nan nan nan nan nan nan nan nan nan nan nan nan nan nan nan nan nan nan nan nan nan nan nan nan nan nan nan nan nan nan nan nan nan nan nan nan nan nan nan nan nan nan nan nan
470.70554510151674776 486.60915042048316081 328.5084570790025964 258.96980381280718575 249.98540013836867502 217.4059951520752918 215.58585734550305801 217.83144435043780618 223.30893401899163564 195.75607615417439433 220.22508948198461098 540.40592683078023128 644.37657859248167824 nan nan nan nan nan nan nan nan nan nan nan nan nan nan nan nan nan nan nan nan nan nan nan nan nan nan nan nan nan nan nan nan nan nan nan nan nan nan nan nan nan nan nan nan nan nan nan nan nan nan nan nan
295.84504700354125362 537.15708994276417343 401.78670495005707153 325.79407380054050236 330.80952870758221707 285.77543610617431113 262.74676767330532812 300.3597266421240306 389.24853834519757356 311.51103932251555761 279.04465276792200257 404.74233507076053229 nan nan nan nan nan nan nan nan nan nan nan nan nan nan nan nan nan nan nan nan nan nan nan nan nan nan nan nan nan nan nan nan nan nan nan nan nan nan nan nan nan nan nan nan nan nan nan nan nan nan nan nan nan
90.991881928002953828 561.63572623781169568 515.50424334709828145 454.84460825780132609 406.38885521283322078 432.43865836754014254 560.91106809308348602 647.63661678640585251 559.522666539122838 398.65204743927574782 339.10174360762295009 nan nan nan nan nan nan nan nan nan nan nan nan nan nan nan nan nan nan nan nan nan nan nan nan nan nan nan nan nan nan nan nan nan nan nan nan nan nan nan nan nan nan nan nan nan nan nan nan nan nan nan nan nan nan
118.37404321625166403 389.09025446501965462 559.03168982516524466 566.8885332226780065 576.08248185141792419 550.18673025780822172 nan nan nan 395.70218611950053855 nan nan nan nan nan nan nan nan nan nan nan nan nan nan nan nan nan nan nan nan nan nan nan nan nan nan nan nan nan nan nan nan nan nan nan nan nan nan nan nan nan nan nan nan nan nan nan nan nan nan nan nan nan nan nan
206.65907633089443607 447.42611908580727231 683.48770830291516631 nan nan nan nan nan nan nan nan nan nan nan nan nan nan nan nan nan nan nan nan nan nan nan nan nan nan nan nan nan nan nan nan nan nan nan nan nan nan nan nan nan nan nan nan nan nan nan nan nan nan nan nan nan nan nan nan nan nan nan nan nan nan
291.9664755538124723 351.67888740969118544 nan nan nan nan nan nan nan nan nan nan nan nan nan nan nan nan nan nan nan nan nan nan nan nan nan nan nan nan nan nan nan nan nan nan nan nan nan nan nan nan nan nan nan nan nan nan nan nan nan nan nan nan nan nan nan nan nan nan nan nan nan nan nan
301.29125912361467954 346.3082388291843472 nan nan nan nan nan nan nan nan nan nan nan nan nan nan nan nan nan nan nan nan nan nan nan nan nan nan nan nan nan nan nan nan nan nan nan nan nan nan nan nan nan nan nan nan nan nan nan nan nan nan nan nan nan nan nan nan nan nan nan nan nan nan nan
87.048532198864933207 403.56070374438951376 nan nan nan nan nan nan nan nan nan nan nan nan nan nan nan nan nan nan nan nan nan nan nan nan nan nan nan nan nan nan nan nan nan nan nan nan nan nan nan nan nan nan nan nan nan nan nan nan nan nan nan nan nan nan nan nan nan nan nan nan nan nan nan
161.96569112010450908 346.71505230777671613 735.91719383614997696 nan nan nan nan nan nan nan nan nan nan nan nan nan nan nan nan nan nan nan nan nan nan nan nan nan nan nan nan nan nan nan nan nan nan nan nan nan nan nan nan nan nan nan nan nan nan nan nan nan nan nan nan nan nan nan nan nan nan nan nan nan nan
60.284594387887665334 127.16959400176941131 531.13025804282585796 nan nan nan nan nan nan nan nan nan nan nan nan nan nan nan nan nan nan nan nan nan nan nan nan nan nan nan nan nan nan nan nan nan nan nan nan nan nan nan nan nan nan nan nan nan nan nan nan nan nan nan nan nan nan nan nan nan nan nan nan nan nan
158.00007970738593599 267.36763384566177137 624.23396639854729528 nan nan nan nan nan nan nan nan nan nan nan nan nan nan nan nan nan nan nan nan nan nan nan nan nan nan nan nan nan nan nan nan nan nan nan nan nan nan nan nan nan nan nan nan nan nan nan nan nan nan nan nan nan nan nan nan nan nan nan nan nan nan
221.8699499460662139 366.4190932438362438 651.62585395102200891 nan nan nan nan nan nan nan nan nan nan nan nan nan nan nan nan nan nan nan nan nan nan nan nan nan nan nan nan nan nan nan nan nan nan nan nan nan nan nan nan nan nan nan nan nan nan nan nan nan nan nan nan nan nan nan nan nan nan nan nan nan nan
123.11765125141235444 281.59929765284033465 425.54418470287674836 774.74600672869667051 nan nan nan nan nan nan nan nan nan nan nan nan nan nan nan nan nan nan nan nan nan nan nan nan nan nan nan nan nan nan nan nan nan nan nan nan nan nan nan nan nan nan nan nan nan nan nan nan nan nan nan nan nan nan nan nan nan nan nan nan nan
152.24016722160911286 189.70704865692215435 326.68695469619007099 nan nan nan nan nan nan nan nan nan nan nan nan nan nan nan nan nan nan nan nan nan nan nan nan nan nan nan nan nan nan nan nan nan nan nan nan nan nan nan nan nan nan nan nan nan nan nan nan nan nan nan nan nan nan nan nan nan nan nan nan nan nan
369.65135088473641645 495.7089287895858547 355.57303786997363204 nan nan nan nan nan nan nan nan nan nan nan nan nan nan nan nan nan nan nan nan nan nan nan nan nan nan nan nan nan nan nan nan nan nan nan nan nan nan nan nan nan nan nan nan nan nan nan nan nan nan nan nan nan nan nan nan nan nan nan nan nan nan
274.36991666724298966 nan nan nan nan nan nan nan nan nan nan nan nan nan nan nan nan nan nan nan nan nan nan nan nan nan nan nan nan nan nan nan nan nan nan nan nan nan nan nan nan nan nan nan nan nan nan nan nan nan nan nan nan nan nan nan nan nan nan nan nan nan nan nan nan
