results/rofental/swe_dates_2020-06-02T1200.asc
ncols        322
nrows        225
xllcorner    622802.488000000012
yllcorner    5178049.378999999724
cellsize     100.000000000000
[rows 160 to 191 of 225, columns 73 to 145 of 322]
nan nan nan nan nan nan nan nan nan nan nan nan nan nan nan nan nan nan nan nan nan nan nan nan nan nan 502.38704830261212919 477.83656441761729639 370.20643351288515532 358.34717959901826134 348.16131069830737488 366.98608954518442715 387.21930016310932388 413.26723541643480075 495.14330800582706615 585.40797891071906633 571.60099300959427637 459.7638953294411408 382.2343447586089269 345.61134544495149612 277.23721888402855029 313.34176875388783401 253.67390876446779657 76.430083076521015073 48.444783687239649339 103.24346606035510376 0 0 0 0 0 0 0 0 3.798870718497361576 28.430093771423493365 122.27441161783845303 200.35397229919834672 342.0917661955178346 391.19931108156077926 424.76736785607323554 433.55767750479998313 442.85590591247444081 447.45071818217485315 417.8593808420177993 395.46438113527369751 427.27734575103488623 409.3329959852719071 461.68937150621945875 428.11320800478677029 402.13583905615257663 452.15568609189278959 374.47893524763168216
nan nan nan nan nan nan nan nan nan nan nan nan nan nan nan nan nan nan nan nan nan nan nan nan 559.27504070048257745 387.21047028529142153 386.00093983795414943 390.34673985490138648 337.16276919411768631 337.16035342354587101 320.49935401531053003 330.39976197430809179 346.99044982962215045 364.90092718796131521 348.27845025365144238 342.24128263075294853 574.21927228631716389 586.0840944043231957 528.75553206286417662 468.16489502664387601 356.41833077036892519 317.47447801780890586 339.17440409544315116 360.986713997219681 218.59041244589263897 130.79945439013982877 0 0 0 0 0 0 0 0 0 0 103.9475678700259067 262.27594028373727042 431.62445564890902006 444.71041387848356408 442.64929945492485786 438.5812519634746991 443.38969924231639652 452.08426263536210854 478.00576282793701921 427.31597432314833895 277.91490618360523968 254.74669568679829013 319.0674356862134573 371.54492518011977609 279.25474434717034455 365.15442259427993577 479.44952922958577801
nan nan nan nan nan nan nan nan nan nan nan nan nan nan nan nan nan nan nan nan nan nan 608.20400089019312873 572.90372336524319508 471.59069173262315644 401.66383202460337998 400.01077687096790214 351.83423784260116918 313.62851010761977477 310.32232650501606486 310.46333534810656829 302.60389681784619142 304.9502191004567635 328.05591429104839563 324.52803661471591568 267.39562576158152751 158.59125967616785147 291.67599348948624538 397.31485029298050904 450.57208494703417045 414.33101372462704148 471.92102954318329466 467.70255346640283278 425.60201724240732801 334.59301155776194037 268.90522359061759516 63.331370498119291312 71.38982137675398576 30.832493951588958225 24.662567486565269093 19.074498741876013241 0 0 0 0 0 10.946182586209786791 96.311093336371015994 292.39293261163345505 386.191287622300365 402.75210740395232278 424.52627267215564189 450.69787841060093569 468.60036450354084536 496.9580350901978818 597.92021429509395603 349.35321490088961127 295.17385700673889914 255.72846611168591835 283.96368615353389941 277.96705585337167577 265.58482476130569694 307.79519897171735465
nan nan nan nan nan nan nan nan nan nan nan nan nan nan nan nan 673.76910688415898676 643.24142157420567401 628.33906924486973367 614.04078311506714272 597.23532672970145541 557.4635290655113522 522.4950786828821947 518.7950714245502013 487.05028680497952109 415.92249837178735561 416.47040691986865113 326.96194697339137747 281.56097491560325352 275.66958044844318465 289.69813285369997402 313.76981826430392175 318.01153200328622006 324.29877944445007643 231.72244741801102919 216.89335742594983003 134.27152722528202844 22.945489971060389678 69.652517889693726261 193.54960432906347023 116.81630171233949511 125.25572827956204947 157.72349363445889026 182.6505567078532124 210.78409273640494348 146.66845035236508465 87.177964711358214345 52.583239411815213771 23.333890864208282068 26.144073224077132522 38.052488450897214989 11.63654730196473075 0 34.169410579903612302 131.66494399754071765 125.93041828392044579 100.74157063280065927 177.08984107433042254 335.18053637421724034 442.97448967734771941 454.87143752249323825 491.66381041777486871 492.81748375758741076 521.05777452420386453 570.73261956256226313 605.20964221188182819 531.32026299871006358 354.41538323385924514 157.951924231009599 196.70694506156701209 294.03421461290201933 314.82681328729597681 285.70217195844571734
nan nan nan nan nan nan nan nan nan nan nan nan nan nan nan nan 656.63627893327782203 617.46656455636764349 607.04203694910461309 576.79430129958416273 565.97971968429317258 545.21952557816734952 523.78934238348688268 497.87983516878659884 505.9205866976303696 460.69596375676150046 438.65178151024366571 345.84950889728605716 356.01436675999843828 324.67963244441438064 279.15345522881307261 223.36056327790831233 242.55321641548022171 276.5532048803578391 245.54929981088602631 228.80222700296866378 156.30908742387123311 28.516797916813811042 6.5381574289560973057 132.58443386592844604 139.35190485160376284 90.624802436744431589 99.710782698704235827 70.192497401108923327 42.021548006222644744 35.071516035997269967 53.393311810869683143 27.661499206483501467 12.041056265107235035 7.9061980579352750809 0 0.1579938889146623171 18.334646098622172872 56.823849667536570962 111.38132192682627419 185.03528079669138151 147.90252797413302233 210.20822211340956187 459.38721790030876946 578.67632635624124759 586.85216552592294192 594.95411291450716362 592.20191595536198292 585.44715538321474924 569.30149583231934685 581.61885216075120297 578.09110802764007531 411.56894178025368092 226.46241020201611605 205.42206678963287914 237.71713992580714603 301.66150191617538212 290.41566071725389975
nan nan nan nan nan nan nan nan nan nan nan nan nan nan nan nan 668.85074176290197556 649.24430415890446966 630.61461597037282445 607.07379865140785569 586.71528624460040646 560.79546466119222714 544.04984674374020415 497.74460406740263352 476.89743380612463852 502.427380822951136 492.58955227727335568 394.68437965750626972 359.5950007024806041 292.06277675988900455 257.89647587873912471 221.94889979458810103 210.80543231599261844 228.48516436095661675 218.85502986394629943 130.75081413159111321 118.78076107579681775 21.691333742850527955 0 37.152846834444815727 74.238154193187497754 41.555678799262366852 20.725059496010306503 0 52.286760833205967458 74.560401655181991032 36.581023448800742415 7.8438385251768689699 0 0 0 0 31.072048373999518134 65.445524684519938319 113.09972861946138778 178.53162292851345683 172.62638626944027465 173.25556096031516518 336.70957347110811497 564.32745956834969547 504.50618762812553086 454.34653130836130686 462.26460415715109775 405.92376710407677365 307.85125419716143824 267.55134959570693809 454.05589650485285347 539.26192095450858233 374.65959594306417557 205.02659370666543737 202.46643165173611578 267.91107860323728573 306.37430114674521064
nan nan nan nan nan nan nan nan nan nan nan nan nan nan nan nan 657.83815412444516824 665.55305307470052867 646.34114285199098049 616.40927910561117642 607.27491018646981047 588.35896079963913508 530.5189214664839028 481.45029529929297496 440.28779467214963006 471.65814966649975304 506.747258629662781 440.43300191487082884 283.75331475415907789 293.55784393533537013 298.68489013074059812 281.45217930091382641 250.84039393814163077 250.2541630183557686 161.2340762668574996 153.27166193973238251 125.99197486738387397 54.496842248930867925 13.43451686678102952 13.492388562135804619 58.773648283077967847 85.719849714169328081 42.070967778387959868 53.221424151460652752 42.392170331897261804 31.977596394953181402 21.269624600013560922 1.2176180690549938124 0 0 0 25.352308577588075877 94.327513492514782456 112.97384241347299394 141.3381837671915946 238.33067425706519771 207.67616109779527278 155.19257500909697001 215.8937830919628027 409.88588733916515139 356.46295266066880458 220.73598333754750911 258.84028898927249429 213.74843996004051405 37.417731102662727949 78.749789828173248907 201.38866272498461285 361.48393426001069884 355.96465352901975621 237.65902674189874233 232.28828833134897991 238.23046718891455953 286.44637227381895173
nan nan nan nan nan nan nan nan nan nan nan nan nan nan nan nan nan 627.95049068080595589 599.56460307558336353 551.31756576295879313 551.37060944380345973 599.64768657610250102 608.79044218448734682 573.36604607402887268 472.62112550144854595 406.89991956767295278 441.6401723353625357 475.17832405518657879 337.11445066505831392 283.70530146447151765 319.89124460363314029 334.57402361053266304 322.14303831399172395 327.73283059102504922 242.18624256363483482 220.23132049727900039 228.09350310424864006 178.06204965071034962 156.75328345222115445 152.78278191299102673 171.93920483089496543 180.21416919244234123 75.538317162798392701 40.338030722291541963 28.982616343746776977 22.390971392453955957 10.858635472975816327 0 0 0 74.022806941595419516 201.78184226039184068 262.62770507171893541 297.31373467978812641 281.46766325611446291 257.48215922760880403 250.64796364449037469 313.06558876673904024 398.92028863166115116 397.14946890715634709 125.80335541981492042 25.707798052651526177 220.14492511489174831 133.439988564236927 48.087192177557767536 50.368692719183108863 108.92940613923775572 150.48728912347809228 231.75378926056802698 243.58916191955285058 251.94853137471898208 231.99728411161805752 281.18483937120447536
nan nan nan nan nan nan nan nan nan nan nan nan nan nan nan nan nan nan 619.36960936809396117 588.53061533111815606 545.76340219303824597 545.35796976974870631 593.07547298738256814 605.55099481508716508 582.34712629979458143 392.63239454393124106 376.21270561804021781 438.32046619175520163 449.22480678004330912 347.95356672688410526 304.95189300767663099 306.31748204529458235 322.44620687151234506 316.13000465570155484 213.60589340706360417 203.69668286877686114 227.18699745557699998 200.43543597586364058 141.68053785145190204 115.38423187269710013 110.19605591184102877 55.0999185972250487 64.230864702727004101 54.459248922877442567 35.415200559286965643 6.8500542205681362873 0 0 32.72658403680581074 107.14945830724110465 186.40112570181943852 336.59445525178620073 449.53239052790405594 434.80521194679511154 331.09283673889109423 262.8476125635525591 182.74913176567702067 267.2376283927456484 397.09173065311824757 357.31376965720141925 98.322884732484538972 0 86.382433193627406354 132.70905211207696084 103.26552895178269864 91.82064190559114536 97.198079602474876992 110.89988156687905985 198.21289363652371662 182.24173192734917848 210.21649540503614162 231.14261209872347536 237.09485521453865431
nan nan nan nan nan nan nan nan nan nan nan nan nan nan nan nan nan nan 640.02345808969425889 594.50671209049028221 477.82739915198885683 493.41681047209675626 536.37549419847573517 578.33503739586035408 592.69259925108167408 563.01806069399845001 412.08070616770515926 367.00678113874243991 406.3268735090186965 418.00171611741654942 391.32616796224783684 302.5905108269130892 285.68139584470725367 288.78355716828605182 248.79152660524374596 202.75170545014617574 190.84769047594346603 175.71482348198247792 149.76182292977028965 143.25106095722807709 145.636477134582492 75.63983349775003262 67.254157217080702935 49.845867855299026417 36.341958680166769113 24.856645850460800773 58.502472239170963064 153.08261461813907545 254.99617939518589083 286.78634726952304845 292.20221214083983341 365.45225831658831339 447.05722308149978517 537.94175353621255908 464.38648047610058711 315.21266492543952609 211.41054115917225431 171.90204068177931163 nan nan 231.24809284685107968 148.49891661987265934 169.31043149090038469 236.38557228304230762 185.06055623098237106 147.24271311796866257 81.467611053596769466 43.667992431995827474 91.224745760100958591 101.39501197370080376 118.66472694741875671 77.327386016660170753 103.38756372511460313
nan nan nan nan nan nan nan nan nan nan nan nan nan nan nan nan nan 492.73755509166409183 586.08577199157662108 535.72471635142539981 442.2384768819023293 450.34622426699559128 498.8651816004464763 548.49838898285088362 575.2158125660935184 577.65262765027534897 521.5718537276193274 393.40628893070220329 349.21590273688184425 419.0272653311006934 434.4083840042042084 325.43868830227125954 194.41082045263334521 262.30617211666378807 292.92702222572648907 274.23386220490937148 235.15056892583675108 208.01528838223174489 180.56961198736502183 158.00517060190026086 76.550869209365998813 53.030114759028663229 39.970139568263725494 28.572391381115401998 52.388931925474246043 141.13308952517618877 244.80703166051637254 312.98428944549789321 333.58835501236819709 367.80245982571238983 382.09910944019372891 492.81750015048083924 542.90282591537538792 544.17731177793416464 494.51971674214058794 407.87566711482071469 324.80225649292572143 nan nan nan nan nan nan 193.63314848878843577 130.07118297775508609 111.99461669275530085 106.847390384827861 84.871555366667479348 81.114499001881398499 88.160242460078933391 134.41365893596872638 117.93706876139057727 68.224450683686910679
nan nan nan nan nan nan nan nan nan nan nan nan nan nan nan nan nan 548.92247935294074068 521.95181052609223116 518.68846582759420016 505.65129414574028033 462.75423192142005746 481.40114905516946919 523.87913482626493078 574.44844015251851488 586.70690682789381754 580.86930410555237358 514.03612801043243508 424.34560887659176842 433.01957590454293268 459.37378491253423363 349.87756696760823161 216.30619562109149001 261.80144175859572897 311.777445241376995 329.29709666792666667 303.55572075223426509 277.06146832199158325 256.48603075491257641 226.34139456817962355 135.33634996670338069 73.584202584155562477 102.10933129949404474 203.86532601965501499 262.74518315206194075 309.63751467568340559 351.25765385123241913 368.67075294218790305 401.55919168322077439 459.79769604104234304 482.29284561266382525 465.41623105674977978 nan 507.69949560215729889 nan nan nan nan nan nan nan nan nan 162.71368638104530646 87.675279728075324215 0 0 0 0 0 0 0 0
nan nan nan nan nan nan nan nan nan nan nan nan nan nan nan nan nan nan 609.14022158580098676 526.38100305225839293 543.73984086621953793 529.57943276378364317 508.77301239468550875 497.51642954614379732 519.83835822870196353 562.52490818058277 577.19176291466953899 577.83096746533294663 532.97432194887312562 471.57339290947413701 515.38204551273179277 465.82864447553868104 357.55789585117679508 337.02021661583086143 356.61727802209719584 360.8461105494255321 260.52701965109542925 248.12201802732479905 266.87178207604404179 292.68244808495524012 316.39568922570549603 383.63044782742832695 436.0616271863196971 446.20267098387148508 480.17554495716512974 477.59434685864709991 496.44230075959046644 485.68802881180499753 470.17516020681364353 461.56108149102283278 547.86858623059765705 440.19364279741591872 nan nan nan nan nan nan nan nan nan nan nan nan 58.571819618787991146 0 0 0 0 0 0 0 0
nan nan nan nan nan nan nan nan nan nan nan nan nan nan nan nan nan nan nan 615.57926631421025832 571.48486959164131349 557.984800638924753 550.69306152710396418 526.1802307875269662 489.24678134115629291 508.37901668142353628 499.84473487001218928 516.12921600078379925 472.59834890006357 414.8442556542438524 469.93699768914842707 437.52301377860339926 355.22759118980604853 329.27115800591394645 348.8481298463470921 368.03849306961069487 284.77415264597084388 339.24000860769257315 393.26518346342993482 475.2952303795852913 522.73372623756461053 511.53906893223222596 448.0302794047922248 477.4479145987968991 515.91716358955522992 534.57949945043378648 542.53282797707879581 539.54002495379518223 550.45574657186125478 552.05260738054312242 455.82502403817625236 nan nan nan nan nan nan nan nan nan nan nan nan nan nan nan 0 0 0 0 0 0 0
nan nan nan nan nan nan nan nan nan nan nan nan nan nan nan nan nan nan nan nan 632.42890734211084691 613.66607044340980792 598.36470866520051004 588.58705102551664368 570.36192959930917823 510.25069096110837563 481.0103929665706346 490.82555246441836516 483.74565948524104897 491.044767978194443 533.68329901030790552 542.04457481288613963 512.96354945782502455 500.46255031034274907 501.56943995994367924 527.93774082271715997 535.38770739108792895 534.65530895023675839 526.20556762268847706 501.95095502664423748 487.29072659065286643 492.5441622879005763 517.97014598992529955 553.10147575967880584 557.07728860522365721 561.27007435889913722 565.64506105805094194 568.19149268492492411 nan nan nan nan nan nan nan nan nan nan nan nan nan nan nan nan nan nan nan nan 0 0 0 0 0
nan nan nan nan nan nan nan nan nan nan nan nan nan nan nan nan nan nan nan nan nan nan nan nan nan 549.85488658948349894 533.13115935027326486 544.47663542103396139 564.0314548679177733 580.62768710013540385 586.29801012520351833 592.56864902265476758 597.69763110291376051 588.07704745643945898 574.58279559675816017 564.23641566247977153 527.40356105181115254 487.83041786946853335 492.37247072800323622 469.9860794651665401 495.12618675881651598 543.72162892686571922 565.20111570647713961 nan nan nan nan nan nan nan nan nan nan nan nan nan nan nan nan nan nan nan nan nan nan nan nan nan 0 0 0 0 0
nan nan nan nan nan nan nan nan nan nan nan nan nan nan nan nan nan nan nan nan nan nan nan nan nan nan nan nan nan nan nan nan nan nan nan nan 449.5754816357831487 462.30402882475891602 490.98228019240730191 504.40772994950793873 547.36309276508711719 566.39623228994219062 530.79115184434135699 nan nan nan nan nan nan nan nan nan nan nan nan nan nan nan nan nan nan nan nan nan nan nan nan nan nan 0 0 0 0
nan nan nan nan nan nan nan nan nan nan nan nan nan nan nan nan nan nan nan nan nan nan nan nan nan nan nan nan nan nan nan nan nan nan nan nan nan 478.3452074328317849 542.50777444822006146 518.03458892076923803 515.52216659156226797 nan nan nan nan nan nan nan nan nan nan nan nan nan nan nan nan nan nan nan nan nan nan nan nan nan nan nan nan nan 0 0 0
nan nan nan nan nan nan nan nan nan nan nan nan nan nan nan nan nan nan nan nan nan nan nan nan nan nan nan nan nan nan nan nan nan nan nan nan nan nan nan nan nan nan nan nan nan nan nan nan nan nan nan nan nan nan nan nan nan nan nan nan nan nan nan nan nan nan nan nan nan nan 0 0 0
nan nan nan nan nan nan nan nan nan nan nan nan nan nan nan nan nan nan nan nan nan nan nan nan nan nan nan nan nan nan nan nan nan nan nan nan nan nan nan nan nan nan nan nan nan nan nan nan nan nan nan nan nan nan nan nan nan nan nan nan nan nan nan nan nan nan nan nan nan nan nan 0 0
nan nan nan nan nan nan nan nan nan nan nan nan nan nan nan nan nan nan nan nan nan nan nan nan nan nan nan nan nan nan nan nan nan nan nan nan nan nan nan nan nan nan nan nan nan nan nan nan nan nan nan nan nan nan nan nan nan nan nan nan nan nan nan nan nan nan nan nan nan nan nan 0 0
nan nan nan nan nan nan nan nan nan nan nan nan nan nan nan nan nan nan nan nan nan nan nan nan nan nan nan nan nan nan nan nan nan nan nan nan nan nan nan nan nan nan nan nan nan nan nan nan nan nan nan nan nan nan nan nan nan nan nan nan nan nan nan nan nan nan nan nan nan nan nan nan nan
nan nan nan nan nan nan nan nan nan nan nan nan nan nan nan nan nan nan nan nan nan nan nan nan nan nan nan nan nan nan nan nan nan nan nan nan nan nan nan nan nan nan nan nan nan nan nan nan nan nan nan nan nan nan nan nan nan nan nan nan nan nan nan nan nan nan nan nan nan nan nan nan nan
nan nan nan nan nan nan nan nan nan nan nan nan nan nan nan nan nan nan nan nan nan nan nan nan nan nan nan nan nan nan nan nan nan nan nan nan nan nan nan nan nan nan nan nan nan nan nan nan nan nan nan nan nan nan nan nan nan nan nan nan nan nan nan nan nan nan nan nan nan nan nan nan nan
nan nan nan nan nan nan nan nan nan nan nan nan nan nan nan nan nan nan nan nan nan nan nan nan nan nan nan nan nan nan nan nan nan nan nan nan nan nan nan nan nan nan nan nan nan nan nan nan nan nan nan nan nan nan nan nan nan nan nan nan nan nan nan nan nan nan nan nan nan nan nan nan nan
nan nan nan nan nan nan nan nan nan nan nan nan nan nan nan nan nan nan nan nan nan nan nan nan nan nan nan nan nan nan nan nan nan nan nan nan nan nan nan nan nan nan nan nan nan nan nan nan nan nan nan nan nan nan nan nan nan nan nan nan nan nan nan nan nan nan nan nan nan nan nan nan nan
nan nan nan nan nan nan nan nan nan nan nan nan nan nan nan nan nan nan nan nan nan nan nan nan nan nan nan nan nan nan nan nan nan nan nan nan nan nan nan nan nan nan nan nan nan nan nan nan nan nan nan nan nan nan nan nan nan nan nan nan nan nan nan nan nan nan nan nan nan nan nan nan nan
nan nan nan nan nan nan nan nan nan nan nan nan nan nan nan nan nan nan nan nan nan nan nan nan nan nan nan nan nan nan nan nan nan nan nan nan nan nan nan nan nan nan nan nan nan nan nan nan nan nan nan nan nan nan nan nan nan nan nan nan nan nan nan nan nan nan nan nan nan nan nan nan nan
nan nan nan nan nan nan nan nan nan nan nan nan nan nan nan nan nan nan nan nan nan nan nan nan nan nan nan nan nan nan nan nan nan nan nan nan nan nan nan nan nan nan nan nan nan nan nan nan nan nan nan nan nan nan nan nan nan nan nan nan nan nan nan nan nan nan nan nan nan nan nan nan 123.13957838392721555
nan nan nan nan nan nan nan nan nan nan nan nan nan nan nan nan nan nan nan nan nan nan nan nan nan nan nan nan nan nan nan nan nan nan nan nan nan nan nan nan nan nan nan nan nan nan nan nan nan nan nan nan nan nan nan nan nan nan nan nan nan nan nan nan nan nan nan nan nan nan 310.47537493500550454 82.692058433820406549 81.925547441434900975
nan nan nan nan nan nan nan nan nan nan nan nan nan nan nan nan nan nan nan nan nan nan nan nan nan nan nan nan nan nan nan nan nan nan nan nan nan nan nan nan nan nan nan nan nan nan nan nan nan nan nan nan nan nan nan nan nan nan nan nan nan nan nan nan nan nan nan nan nan 337.0546294581241682 192.0818944476766319 102.2301312764531076 129.60632578584042562
nan nan nan nan nan nan nan nan nan nan nan nan nan nan nan nan nan nan nan nan nan nan nan nan nan nan nan nan nan nan nan nan nan nan nan nan nan nan nan nan nan nan nan nan nan nan nan nan nan nan nan nan nan nan nan nan nan nan nan nan nan nan nan nan nan nan nan nan nan 286.27397043816574751 129.02827038675221161 203.17789636872481651 216.79524440696587817
