results/rofental/swe_month_2020-04-01T0000_2020-04-30T2300.asc
ncols        322
nrows        225
xllcorner    622802.488000000012
yllcorner    5178049.378999999724
cellsize     100.000000000000
[rows 168 to 195 of 225, columns 63 to 125 of 322]
nan nan nan nan nan nan nan nan nan nan nan nan nan nan nan nan nan nan nan nan nan nan nan nan nan nan nan nan 524.64453463668689892 499.78681012885289192 485.68886964381408688 480.36428774537091613 502.58857018635978875 512.47275414056559839 492.22508059925138468 426.3945191160981949 420.57867569389395612 434.32482038777908429 442.5568364987024097 395.55282893315256842 371.78015386210006454 375.91446000799055582 383.53869508007113609 377.90029669473989316 356.12311698999803866 355.23870940426945708 366.96765111838425355 355.70297752582240491 328.88663015306298121 317.39864857846805535 315.019645015053527 290.53892211180772165 297.449783804605147 294.45739673884565946 286.49951198134522201 277.54680029328812907 274.34195636378336758 270.16929028672689128 296.5552357699160666 324.95342209021413282 346.7828069531878441 396.48801018195064216 427.72350015143479141
nan nan nan nan nan nan nan nan nan nan nan nan nan nan nan nan nan nan nan nan nan nan nan nan nan nan nan nan 540.47235227667749768 503.60363554006733011 451.01340722586292031 459.34370706472520851 473.43920676979792006 489.38503927713264829 500.40363862387437166 482.89158123316047977 438.01351127677202157 402.33180268625108056 421.94332688638354512 433.15396082314788373 416.54050045072182229 374.01528316188574763 365.67925429164887419 388.87928183417608352 374.89671435630845053 355.54803501910959085 349.23582396964690133 342.90624827056819868 333.02631695257866795 331.32150332089747735 333.03581666419688645 302.85103748683974345 300.21102168812700484 293.77555484345066361 291.03503041937841544 289.28173748814867849 305.75222145741713575 347.09484792260036556 382.12583210288516966 389.02688814963647701 383.98659359159432825 409.17091439301538003 434.01146883650665131
nan nan nan nan nan nan nan nan nan nan nan nan nan nan nan nan nan nan nan nan nan nan nan nan nan nan nan 444.03209290167984591 493.43873004363769041 462.60777485660577213 437.10581754279746747 441.65457593207963782 461.13676906366669073 476.66891066449147729 485.93223663191309925 487.81677562609189636 468.86417423121326919 421.34733892880950634 398.9863287416154094 433.46767272493985956 435.17027259777887593 384.3832688399129438 350.0209897945950388 380.3911735661878879 395.57432829839694932 388.43014305111665863 370.60615697740075802 359.57302348936667613 348.76449668782197477 339.63655557424789322 303.17737948387826918 294.77927214543433365 291.10338333708585878 290.09004405404681393 305.06856841520368562 343.40544460180245778 383.1477927613835277 404.19121626043391871 408.64101755531936533 414.78565837398048188 414.45097182536306946 435.87308598317213182 450.64846945195699845
nan nan nan nan nan nan nan nan nan nan nan nan nan nan nan nan nan nan nan nan nan nan nan nan nan nan nan 468.60817750209633914 454.73545360383479874 469.79852913247816559 468.14906951556332615 455.14783964713166142 458.27939995216092939 468.12182013440462924 486.66922987359032504 495.95068069967044266 490.52093747821493253 468.51346745113727366 445.15191824511833829 440.01611304180352136 443.85344497549743892 397.50431409556870221 368.31397082411166366 384.32817871264063569 406.37661867537252647 413.58736551455058361 402.11361962931550806 391.07027368194974315 382.69966336451909683 371.6339811082613096 331.7678455316175814 310.1801923100281897 328.40883447138077145 371.84415198442172823 396.88870177051893506 409.43438128269440313 419.4210682683072946 422.63981737074254852 427.93217755115279033 431.61518103813608604 436.6213925640614093 430.4523848522408116 nan
nan nan nan nan nan nan nan nan nan nan nan nan nan nan nan nan nan nan nan nan nan nan nan nan nan nan nan nan 515.99246394514614167 485.29739621238701375 489.58199023469313715 482.15675832515330512 469.99742191467487373 460.16514079999757314 469.72137676297421649 481.71152200448335634 487.39082371558396289 488.07725449762011749 475.05684607713203604 456.46439778759162209 463.24507240833639798 448.66219623305403275 409.90333458304087344 398.34662516747357586 405.39497892498565079 404.64397124560423435 382.78366764021359359 380.07453245187264201 391.47337029487431437 405.09448550908592779 412.30491861384808772 433.67490045266822563 446.18206190292693236 445.84733745198695942 445.15192796534148556 443.38866290926597458 445.39796067603930396 442.28645814583285301 438.08251890501765047 433.0832457426364499 454.44226286990522112 417.04122999502055791 nan
nan nan nan nan nan nan nan nan nan nan nan nan nan nan nan nan nan nan nan nan nan nan nan nan nan nan nan nan nan 521.86768028738174507 505.18602851374828333 496.81674135050502628 485.46466583922438076 474.47924567829250009 460.07433915204109098 461.93136590111009809 463.92108863007439368 468.48695084690859858 453.18843175309331173 428.38059527865340215 449.85707974307405266 439.4706331181428709 417.52554870591944791 405.65951275335510218 407.98031777387603825 409.20698762961950479 405.17721086543474485 427.03368455659744996 443.70767832514479778 449.61821209407281685 457.91473611828479306 454.86478062166997915 442.07175450161247454 449.37877520879578697 452.89915401073847079 452.66703451850656847 452.53811988790971554 450.39630593367064648 456.09920635326324145 457.72969928949993346 422.34548259607413456 nan nan
nan nan nan nan nan nan nan nan nan nan nan nan nan nan nan nan nan nan nan nan nan nan nan nan nan nan nan nan nan nan 533.8852342688188628 520.10237122116905084 507.35030962602752425 498.68724180919508626 485.55723754661761404 463.96687628478179022 455.82165255867226961 459.17373168167887343 459.98707541319646452 465.77627255170040144 471.66530244355567447 473.3586955199079398 471.53484511932185796 469.04406733940999175 462.55374803620804869 464.10315653701212568 466.1951298541546862 465.21738033938845547 462.25265737460699711 456.68773342752160715 452.32673643220340409 453.14834554391671873 455.5169207540491243 461.73368242965796071 464.27562642485042943 466.87205586937528778 469.29659779684413934 470.98567389132307426 nan nan nan nan nan
nan nan nan nan nan nan nan nan nan nan nan nan nan nan nan nan nan nan nan nan nan nan nan nan nan nan nan nan nan nan nan nan nan nan nan 478.80839691065330044 475.4887727518698739 477.27992798575627376 483.70156618497907175 490.68934311822351901 494.26184516711538208 498.11352312516612528 500.6473365166046392 493.6345340800380086 482.89333157059661517 475.2505893039265743 465.14564503682186114 454.87425027326798954 455.04070597192065861 450.1836068224639007 455.5157461585584997 461.85100705832593349 471.88590537280123272 nan nan nan nan nan nan nan nan nan nan
nan nan nan nan nan nan nan nan nan nan nan nan nan nan nan nan nan nan nan nan nan nan nan nan nan nan nan nan nan nan nan nan nan nan nan nan nan nan nan nan nan nan nan nan nan nan 442.88935797312791465 450.17680892070188747 455.07857667911110866 458.59408983655350767 465.37583510543640841 473.50254300578131961 459.0546297886485263 nan nan nan nan nan nan nan nan nan nan
nan nan nan nan nan nan nan nan nan nan nan nan nan nan nan nan nan nan nan nan nan nan nan nan nan nan nan nan nan nan nan nan nan nan nan nan nan nan nan nan nan nan nan nan nan nan nan 453.9966915004117709 467.70764235033510658 461.03793447735182554 460.57458300916033522 nan nan nan nan nan nan nan nan nan nan nan nan
nan nan nan nan nan nan nan nan nan nan nan nan nan nan nan nan nan nan nan nan nan nan nan nan nan nan nan nan nan nan nan nan nan nan nan nan nan nan nan nan nan nan nan nan nan nan nan nan nan nan nan nan nan nan nan nan nan nan nan nan nan nan nan
nan nan nan nan nan nan nan nan nan nan nan nan nan nan nan nan nan nan nan nan nan nan nan nan nan nan nan nan nan nan nan nan nan nan nan nan nan nan nan nan nan nan nan nan nan nan nan nan nan nan nan nan nan nan nan nan nan nan nan nan nan nan nan
nan nan nan nan nan nan nan nan nan nan nan nan nan nan nan nan nan nan nan nan nan nan nan nan nan nan nan nan nan nan nan nan nan nan nan nan nan nan nan nan nan nan nan nan nan nan nan nan nan nan nan nan nan nan nan nan nan nan nan nan nan nan nan
nan nan nan nan nan nan nan nan nan nan nan nan nan nan nan nan nan nan nan nan nan nan nan nan nan nan nan nan nan nan nan nan nan nan nan nan nan nan nan nan nan nan nan nan nan nan nan nan nan nan nan nan nan nan nan nan nan nan nan nan nan nan nan
nan nan nan nan nan nan nan nan nan nan nan nan nan nan nan nan nan nan nan nan nan nan nan nan nan nan nan nan nan nan nan nan nan nan nan nan nan nan nan nan nan nan nan nan nan nan nan nan nan nan nan nan nan nan nan nan nan nan nan nan nan nan nan
nan nan nan nan nan nan nan nan nan nan nan nan nan nan nan nan nan nan nan nan nan nan nan nan nan nan nan nan nan nan nan nan nan nan nan nan nan nan nan nan nan nan nan nan nan nan nan nan nan nan nan nan nan nan nan nan nan nan nan nan nan nan nan
nan nan nan nan nan nan nan nan nan nan nan nan nan nan nan nan nan nan nan nan nan nan nan nan nan nan nan nan nan nan nan nan nan nan nan nan nan nan nan nan nan nan nan nan nan nan nan nan nan nan nan nan nan nan nan nan nan nan nan nan nan nan nan
nan nan nan nan nan nan nan nan nan nan nan nan nan nan nan nan nan nan nan nan nan nan nan nan nan nan nan nan nan nan nan nan nan nan nan nan nan nan nan nan nan nan nan nan nan nan nan nan nan nan nan nan nan nan nan nan nan nan nan nan nan nan nan
nan nan nan nan nan nan nan nan nan nan nan nan nan nan nan nan nan nan nan nan nan nan nan nan nan nan nan nan nan nan nan nan nan nan nan nan nan nan nan nan nan nan nan nan nan nan nan nan nan nan nan nan nan nan nan nan nan nan nan nan nan nan nan
nan nan nan nan nan nan nan nan nan nan nan nan nan nan nan nan nan nan nan nan nan nan nan nan nan nan nan nan nan nan nan nan nan nan nan nan nan nan nan nan nan nan nan nan nan nan nan nan nan nan nan nan nan nan nan nan nan nan nan nan nan nan nan
nan nan nan nan nan nan nan nan nan nan nan nan nan nan nan nan nan nan nan nan nan nan nan nan nan nan nan nan nan nan nan nan nan nan nan nan nan nan nan nan nan nan nan nan nan nan nan nan nan nan nan nan nan nan nan nan nan nan nan nan nan nan nan
nan nan nan nan nan nan nan nan nan nan nan nan nan nan nan nan nan nan nan nan nan nan nan nan nan nan nan nan nan nan nan nan nan nan nan nan nan nan nan nan nan nan nan nan nan nan nan nan nan nan nan nan nan nan nan nan nan nan nan nan nan nan nan
nan nan nan nan nan nan nan nan nan nan nan nan nan nan nan nan nan nan nan nan nan nan nan nan nan nan nan nan nan nan nan nan nan nan nan nan nan nan nan nan nan nan nan nan nan nan nan nan nan nan nan nan nan nan nan nan nan nan nan nan nan nan nan
nan nan nan nan nan nan nan nan nan nan nan nan nan nan nan nan nan nan nan nan nan nan nan nan nan nan nan nan nan nan nan nan nan nan nan nan nan nan nan nan nan nan nan nan nan nan nan nan nan nan nan nan nan nan nan nan nan nan nan nan nan nan nan
nan nan nan nan nan nan nan nan nan nan nan nan nan nan nan nan nan nan nan nan nan nan nan nan nan nan nan nan nan nan nan nan nan nan nan nan nan nan nan nan nan nan nan nan nan nan nan nan nan nan nan nan nan nan nan nan nan nan nan nan nan nan nan
nan nan nan nan nan nan nan nan nan nan nan nan nan nan nan nan nan nan nan nan nan nan nan nan nan nan nan nan nan nan nan nan nan nan nan nan nan nan nan nan nan nan nan nan nan nan nan nan nan nan nan nan nan nan nan nan nan nan nan nan nan nan nan
nan nan nan nan nan nan nan nan nan nan nan nan nan nan nan nan nan nan nan nan nan nan nan nan nan nan nan nan nan nan nan nan nan nan nan nan nan nan nan nan nan nan nan nan nan nan nan nan nan nan nan nan nan nan nan nan nan nan nan nan nan nan nan
nan nan nan nan nan nan nan nan nan nan nan nan nan nan nan nan nan nan nan nan nan nan nan nan nan nan nan nan nan nan nan nan nan nan nan nan nan nan nan nan nan nan nan nan nan nan nan nan nan nan nan nan nan nan nan nan nan nan nan nan nan nan nan
