results/rofental/swe_month_2020-01-01T0000_2020-01-31T2300.asc
ncols        322
nrows        225
xllcorner    622802.488000000012
yllcorner    5178049.378999999724
cellsize     100.000000000000
[rows 140 to 167 of 225, columns 63 to 125 of 322]
nan nan nan nan nan nan nan nan nan nan nan nan nan nan nan nan nan nan nan nan nan nan nan nan nan nan nan nan nan nan nan nan nan nan nan nan nan nan nan nan nan nan nan nan nan nan nan nan nan nan nan 384.864270399043221 373.8456738443317704 345.20019719308925232 324.52100942781913773 317.82094287645446684 313.6468625419804539 309.62260733418656855 309.08241230670881805 308.74743129186651913 305.94670188922702891 300.23966979081416184 297.14065799655236333
nan nan nan nan nan nan nan nan nan nan nan nan nan nan nan nan nan nan nan nan nan nan nan nan nan nan nan nan nan nan nan nan nan nan nan nan nan nan nan nan nan nan nan nan nan nan nan nan nan nan 374.6600281290974408 354.68124770250545907 356.1006836621870093 332.90811293899031398 319.31643246137684855 319.29576945993937898 316.00026143411093926 313.87384480175666113 312.64293273937630602 311.67901054824699258 310.12935603206631185 305.45008754694151776 299.99984422359591463
nan nan nan nan nan nan nan nan nan nan nan nan nan nan nan nan nan nan nan nan nan nan nan nan nan nan nan nan nan nan nan nan nan nan nan nan nan nan nan nan nan nan nan nan nan nan nan nan nan 335.95052545460686133 314.56541636663450845 311.52411746915953472 311.16619086859464005 332.02717295653485508 334.3986579424316119 318.22738936359382933 314.01988936144601894 308.93950720845236901 306.11101505908908393 303.9249896346281048 302.60950764439735394 301.05386692515475033 295.86218210679743379
nan nan nan nan nan nan nan nan nan nan nan nan nan nan nan nan nan nan nan nan nan nan nan nan nan nan nan nan nan nan nan nan nan nan nan nan nan nan nan nan nan nan nan nan nan nan nan nan 323.71829090370209769 316.59013913672214358 304.36024334732826446 300.41115064428402093 297.51566751293523794 300.34715113417274779 320.53999227958337315 342.87299158786663611 313.46449091191328762 307.73012189952720519 304.68744480155243082 301.54969369423224634 298.88917670792932313 295.02930684440326559 292.01888067277036498
nan nan nan nan nan nan nan nan nan nan nan nan nan nan nan nan nan nan nan nan nan nan nan nan nan nan nan nan nan nan nan nan nan nan nan nan nan nan nan nan nan nan nan nan nan 367.11727154747779878 330.26730282217840795 311.77091531241524081 310.84445630535788041 310.89221904389603424 304.72261074546099735 300.39553786214770525 296.45540486942934422 292.06675717097641609 296.62834856472255751 311.21638491215020395 318.31482360801260256 314.55737814938737529 308.58367842712129914 305.7424985792690677 304.1897439294779133 302.82388582742129302 299.04123338080665917
nan nan nan nan nan nan nan nan nan nan nan nan nan nan nan nan nan nan nan nan nan nan nan nan nan nan nan nan nan nan nan nan nan nan nan nan nan nan nan nan nan nan nan nan 309.59685912568545518 309.42239612065014853 312.61513192516650861 303.48423689724722863 301.97009029254996904 308.63681464094196372 309.50400833662735067 304.21812919949076104 297.45382895175725935 291.66343782969283893 286.65977813528087381 289.11038245480023079 300.0173667759038949 309.99023134098018772 314.19492528709656654 314.06017291299212957 310.67152064802496625 305.41144995519005079 300.23166537413118249
nan nan nan nan nan nan nan nan nan nan nan nan nan nan nan nan nan nan nan nan nan nan nan nan nan nan nan nan nan nan nan nan nan nan nan nan nan nan nan nan nan nan nan nan 305.11342204976722314 304.18210457372379096 302.88525799364435898 304.07090078498885077 297.43823661169506067 295.84013001872921222 295.84913810907056586 298.71108202260376174 296.67921916173366981 294.60629031091116303 289.55835792016057439 281.35675621905357957 282.31487551546689474 287.4127847619614613 289.37313497340971935 291.91632404404373347 296.72721133938938465 300.49540252353892811 296.85927099838124832
nan nan nan nan nan nan nan nan nan nan nan nan nan nan nan nan nan nan nan nan nan nan nan nan nan nan nan nan nan nan nan nan nan nan nan nan nan nan nan nan nan nan nan nan 314.63932986776546841 309.31033738364243391 305.08915602410564816 302.77624148937889004 302.29838858477489794 301.83908259555971654 300.66571077256867284 300.57797446945687625 299.809687949205113 298.10684211954071543 296.48337291259258564 291.80952107330938361 285.47206261930909932 279.3569792462506598 279.24210789904748253 283.18068670635591388 281.35205368157778594 285.51227310873463239 277.3224690015740066
nan nan nan nan nan nan nan nan nan nan nan nan nan nan nan nan nan nan nan nan nan nan nan nan nan nan nan nan nan nan nan nan nan nan nan nan nan nan nan nan nan nan nan 370.00728108970270114 336.79253722746358335 310.73270188991563145 308.30681812487370053 308.23655019044406345 307.02867470229983837 305.54662300835303768 304.88140414170783288 304.56646487318749905 303.56033022511752506 301.60910052873163067 299.79281082381339729 297.66111780695683819 295.30281843180063106 291.13259514843946363 283.90984337685137007 276.48524107475560641 266.84809719123074956 264.41152547359433811 264.30933204553917903
nan nan nan nan nan nan nan nan nan nan nan nan nan nan nan nan nan nan nan nan nan nan nan nan nan nan nan nan nan nan nan nan nan nan nan nan nan nan nan nan nan nan nan 375.42929097436706343 356.80683570821446438 318.86062444527334492 310.14562918661755475 308.83550167746670922 307.89571695469567203 307.43090175100286388 307.07755409599587892 305.48814616626685847 303.26600338654770894 300.9453634736905201 299.21041690591755469 296.78767500438630123 294.56739634442021725 291.96436217489872433 289.98427098708879157 285.88298423426425643 280.70919467647206602 268.13206883982684303 260.64860730390148547
nan nan nan nan nan nan nan nan nan nan nan nan nan nan nan nan nan nan nan nan nan nan nan nan nan nan nan nan nan nan nan nan nan nan nan nan nan nan nan nan nan nan 383.4263121384890951 362.747320415661477 339.7136815600359796 337.00818399839846506 324.38868696345525677 313.15432515539515634 311.69640784833580938 311.286566977695486 310.98670784055184413 309.1555517239260098 306.85744594930878293 304.15717371817146386 300.0347384472398744 296.15388533876995325 290.82160757125654982 283.08578025209521911 276.61369986702055712 271.23057750267491883 269.35631291980064361 269.67745112114101858 269.57010744542168368
nan nan nan nan nan nan nan nan nan nan nan nan nan nan nan nan nan nan nan nan nan nan nan nan nan nan nan nan nan nan nan nan nan nan nan nan nan nan nan nan nan 384.70996821005877564 377.63798851873195872 363.69785479067775213 365.17903111276842765 359.25535438068845906 352.49087664464127556 349.7402555379851492 346.2779193007981462 336.79790758000530104 332.76566682389994867 333.60799471430419771 326.23559523262071025 312.26720946936183054 304.27336557419010887 297.29740619596225315 291.14755246173643854 287.90717603656025858 282.16933607433361431 274.58675175851806216 269.57551426359407287 267.94819308046328388 271.20087274731690741
nan nan nan nan nan nan nan nan nan nan nan nan nan nan nan nan nan nan nan nan nan nan nan nan nan nan nan nan nan nan nan nan nan nan nan nan nan nan nan nan nan nan 373.59493490904810642 367.61393830866563803 364.91786263673049007 359.57865900949860816 354.37730730242827804 356.33256018849505153 360.56726244806731074 361.72244279944010259 362.82025871369290826 352.48016733875215323 345.78157393493165728 337.3917016241035185 325.49668444561757497 303.87092724024535073 296.24053453995821883 289.06136692595663362 283.52379081175348574 276.04892142536721167 268.72032756447498514 271.7961074536588626 273.28747103565962107
nan nan nan nan nan nan nan nan nan nan nan nan nan nan nan nan nan nan nan nan nan nan nan nan nan nan nan nan nan nan nan nan nan nan nan nan nan nan nan nan nan 394.75317697317814236 381.7848543441443212 378.83101354037347619 375.68958153848745951 371.20092026051406719 366.39595381396065932 368.34405777551796746 372.54976715480887606 375.36629058016666249 378.16891985289419154 376.78943070461122034 374.96657115860989506 361.79294767800888621 329.51429732565338782 304.03827922144222384 295.89375857826610172 288.22241742710548351 281.1102582960371592 274.99909975711011612 271.82475087455844687 273.66417565069014017 274.14628968531309283
nan nan nan nan nan nan nan nan nan nan nan nan nan nan nan nan nan nan nan nan nan nan nan nan nan nan nan nan nan nan nan nan nan nan nan nan nan nan nan nan nan 402.66713314514305466 393.30349639829307762 383.27931263292106223 379.29499161968726639 377.55999395111132344 375.76746374418388541 376.91173190906641821 382.59018945909326703 360.03886652455730655 305.34549019582482288 298.38944811285432479 302.24096489105517094 301.88202870964153135 298.27805376551390282 295.36669397047910479 289.80413243425869041 282.16801895297913916 275.83832991109971999 270.61687114243511587 272.70303518462691272 273.35120082512531781 273.96197115888742246
nan nan nan nan nan nan nan nan nan nan nan nan nan nan nan nan nan nan nan nan nan nan nan nan nan nan nan nan nan nan nan nan nan nan nan nan nan nan nan nan nan 406.45881231517802235 402.46825521015375671 396.78998156469259584 384.35794681754219937 375.55929555131302777 378.77758448887442455 372.54610435108384081 324.13241210959716909 304.72045841979007719 294.7045731428822819 292.15343966597197323 293.39087126023224528 297.56664694059810472 294.58332466460660726 288.4079049348706576 284.44534988654487506 278.70314433928268727 272.40296618236652648 271.0946235268467035 272.42552560698612751 272.93665615121085466 273.65404323305256185
nan nan nan nan nan nan nan nan nan nan nan nan nan nan nan nan nan nan nan nan nan nan nan nan nan nan nan nan nan nan nan nan nan nan nan nan nan nan nan nan nan 395.00092572383317702 395.94025695500238271 388.54512001583839265 384.19292655432099082 379.54892499406952311 336.18634238916268941 307.48285111516639745 303.18871001567424628 299.09499014183893451 293.78666097129104173 288.66529755233267451 284.18166417419735126 285.37469227622608514 287.59783643303336476 288.49607767619221477 284.55222279029283072 276.78907402082739964 270.15137049378375877 271.57536464464692472 272.38773105284531084 273.06557993735151513 273.1913871085990877
nan nan nan nan nan nan nan nan nan nan nan nan nan nan nan nan nan nan nan nan nan nan nan nan nan nan nan nan nan nan nan nan nan nan nan nan nan nan nan nan 358.75649414743122634 350.35040777504150356 357.33460761543199169 332.43467463695299102 318.34106545664224086 310.05185991949861091 307.17119733593580122 310.53308204407221638 310.16691001653020976 302.14393951520725068 295.37626725279159245 289.37388300992085988 285.38357642652169943 282.48309722963062995 281.52254498585705278 280.12056126023759361 276.83493943090854827 272.77880977324355172 270.14968617138924856 272.07081214375847367 272.1302609757042319 272.82752784274731539 272.63280968185222264
nan nan nan nan nan nan nan nan nan nan nan nan nan nan nan nan nan nan nan nan nan nan nan nan nan nan nan nan nan nan nan nan nan nan nan nan nan nan nan 331.14462015898430991 327.72924776302511418 333.2291059892295948 354.71636301857563467 353.98437436603677497 343.23787524750815692 330.35674769599671663 318.9791135262712487 318.70086908309394857 320.16547504843867955 313.17722370203898663 305.70537898205003557 295.63086373222319025 288.58446864520260533 282.96380272996259464 279.66244805172078713 276.84050995988610566 272.77704246103780861 268.384704733120941 271.88104988366177395 272.23047239533423181 272.25298882992950666 272.28331419613544995 271.83989452377846874
nan nan nan nan nan nan nan nan nan nan nan nan nan nan nan nan nan nan nan nan nan nan nan nan nan nan nan nan nan nan nan nan nan nan nan nan nan 379.78645831608184835 321.61739726879130785 315.34522739587117712 316.19658642049688524 317.86146004019246902 334.17615036501075565 362.22848741768115133 370.63971571708151487 358.53619544172414635 336.08159774084981564 322.15102579838764996 315.7326705052648208 320.12103885986891783 313.72089754299361175 302.57078085447454896 291.42228363240508315 284.48966420314081915 279.037376259109692 274.2107199064594738 270.16372033852081813 270.50365297444142243 271.62913374351109042 271.8822937314063779 271.99852726544071402 271.51287789321497712 271.44835262104044205
nan nan nan nan nan nan nan nan nan nan nan nan nan nan nan nan nan nan nan nan nan nan nan nan nan nan nan nan nan nan nan nan nan nan nan nan 353.73567954517966427 326.47501503242926901 312.11734817439605649 310.83573768052667674 310.23842403325340911 311.50497851225776458 312.78789080558749447 317.61186225261309346 344.13506960644150467 372.26506387997085312 363.5148668188666079 329.89542013111326924 316.06042170411842562 307.64615754027499861 300.3257134178128922 299.17863409685713805 290.08630899502276179 282.94910915944001317 277.93912498230781694 276.32328248199360132 272.05172750482131505 270.49347467413412005 270.78266788852721447 271.62554092289650498 271.84666637961078095 271.40519853472000023 271.17327207155409496
nan nan nan nan nan nan nan nan nan nan nan nan nan nan nan nan nan nan nan nan nan nan nan nan nan nan nan nan nan nan nan nan nan nan 370.33372120327067023 315.77565817547872484 311.10545181191378106 310.01038434834276813 307.82312118917428734 307.40724916562101043 306.13860114842219673 306.47564413154969998 307.50096482480188342 308.34312072552796735 305.32027107618193895 305.40350520866934403 365.49246249407025289 370.81200613778565867 354.2438912301377627 336.64559486843097602 319.00047996047027254 305.42201904595566475 304.43395756171315725 304.03802551409836497 282.20442252759823987 275.89787692151332976 270.32861415358132717 270.62323114993074569 271.52949632382473055 272.23842069488216566 271.95101571752718428 271.29026001871039853 271.62105254512022157
nan nan nan nan nan nan nan nan nan nan nan nan nan nan nan nan nan nan nan nan nan nan nan nan nan nan nan nan nan nan nan nan 387.73031461698258227 371.68962079270949062 333.18692631045024655 314.87059901756560976 311.35328051042182551 306.58331261044213534 303.89411041040432337 303.52745379314802676 303.40150420301512213 302.3802611172124557 301.91047165132482633 301.47010142794027843 300.27883362252038069 294.98933387943202433 290.83064820737553191 298.76023370239948918 322.10736603941768408 332.61791507989136107 332.26253735408613466 341.06819857544945762 337.64415266863568377 320.30344982663251585 293.34146787970610148 279.52469551273873094 273.35445537984577413 274.15277613297399739 272.85415625103678394 272.67141266162116153 272.28710670966825091 270.94221892656059936 270.63474787059129767
nan nan nan nan nan nan nan nan nan nan nan nan nan nan nan nan nan nan nan nan nan nan nan nan nan nan 424.44886503773761888 410.07964264737717031 401.37097009145202264 393.76906357028929051 383.45818618518296717 367.42209067210893636 354.51295609960169486 346.18200831231172288 336.34054447146496614 317.68596521026745449 312.41385647869617515 303.47004150091828478 300.18512049002538333 299.54342081313058088 300.08590292797447319 301.84598236303168051 300.90560009470340219 299.28577321176959458 295.37709098271750463 292.80454140848513589 286.50436992473169084 282.08116603890994156 285.6508521427098799 290.24293830003676931 285.59683543350934087 284.84494046166747694 283.90466856419817532 281.88956280051849035 280.45023073643494627 276.90777599888821214 274.84398761505622133 273.55370731359158754 272.19508136527781517 272.11966454436532104 272.01366662213285963 270.81780496597571073 269.83880414420747229
nan nan nan nan nan nan nan nan nan nan nan nan nan nan nan nan nan nan nan nan nan nan nan nan nan nan 417.99603770036168271 399.26372984807517241 391.45259701377000283 379.42477019252993387 369.97147970865654543 363.60510182993454009 350.77854425875443667 342.07986919126875591 342.94346395221555213 329.01412176192712877 319.09708383110427121 305.878301422173422 307.8025005571624888 302.40756732217892022 297.74734182111990322 296.47416051198121068 297.23620236691220953 297.67946357648457933 294.70981818462638557 292.27263433410746529 289.57100700865692033 282.75610500868430108 281.078453938444909 285.75897349745230258 285.05509388065462417 280.54845859906237138 277.4919177198821103 274.5184993312871029 274.15753021506003506 273.41970203896465819 273.29644575808259788 271.68286029312571372 270.89647816143713044 270.74011931118525354 270.40242526041873816 269.75056417532334763 269.57358333294018848
nan nan nan nan nan nan nan nan nan nan nan nan nan nan nan nan nan nan nan nan nan nan nan nan nan nan 422.54578057960969772 412.95933872314975588 402.68850011000120048 389.44982704616251112 377.74929706736230628 368.80528851949685532 358.08105171726396065 342.35068957372874365 336.46583625830294295 341.64034765643219771 338.44090165459022046 316.78574599332148409 307.31491570747493824 301.5354863263758034 297.93917400107955018 294.75237077194975654 292.93573547789100076 292.26060342857948626 290.44570262987525666 287.24547492237212509 284.41188038401446647 279.75889042970175069 277.62977999472167312 278.16635290626783217 276.97773013286604282 273.99614479614035645 271.45056743887420225 270.78387487231844943 274.53760983840044219 274.72133357373081708 272.10504916651592566 270.70814122770673293 269.89326812882501372 269.36001425239197715 268.57090590168866129 267.78819076538877653 268.71964596301120309
nan nan nan nan nan nan nan nan nan nan nan nan nan nan nan nan nan nan nan nan nan nan nan nan nan nan 419.47997948553933156 419.73675259383077218 409.5101608012394081 394.41726800810801024 388.24324424786931331 376.28073641199910071 356.01162405994466553 345.42213123570559219 329.00205097295656742 336.03211246344176288 345.32752762682258663 325.29249903941786215 301.84675144124810231 299.99519657813129925 300.47661224888184961 297.40081889266821236 294.3609002520478839 292.80305391845479335 288.83532050634488542 286.76381522445575456 283.61726084922821656 279.1265652059526019 276.35635546777444915 275.10320546745276715 275.35660525533432974 275.45606633266936569 275.55004868473429269 275.45123615381373838 274.11318012255117083 272.46766528202164181 271.12294908535739069 270.22867985795301138 269.25631330806896813 267.74027536676919681 266.35208567457215167 266.55096899152084688 269.99481047831011438
nan nan nan nan nan nan nan nan nan nan nan nan nan nan nan nan nan nan nan nan nan nan nan nan nan nan nan 401.90970096588972638 385.88773884889604915 369.54366972362316801 365.38017263307614257 383.19159885474749672 386.39745655696270887 367.55930745453173358 346.95466131403316012 330.3622534186467874 327.48743365207548095 332.98271613366972588 307.97457674162370722 299.41375931106728103 305.35895404015923305 307.36057466565620189 309.08474728259591302 307.65121044802714323 301.0111988338219362 295.56184204642750046 296.38158782334591024 288.20178412173191873 284.09783038102347064 283.03771335068699955 284.61989362382445279 284.74948224897025284 277.72276431852407086 274.33337695625266406 272.88444170561757574 272.0398101734484726 271.42789344878497104 269.86780393941000966 267.92006121283623088 265.93294330934304526 268.06340590291381432 283.12636721541565521 298.49394996007430336
