results/rofental/swe_month_2019-10-01T0000_2019-10-31T2300.asc
ncols        322
nrows        225
xllcorner    622802.488000000012
yllcorner    5178049.378999999724
cellsize     100.000000000000
[rows 140 to 167 of 225, columns 62 to 123 of 322]
nan nan nan nan nan nan nan nan nan nan nan nan nan nan nan nan nan nan nan nan nan nan nan nan nan nan nan nan nan nan nan nan nan nan nan nan nan nan nan nan nan nan nan nan nan nan nan nan nan nan nan nan 34.096872071287343431 30.477861883567161527 20.86253539642558863 15.07498147795857335 12.401441577225957857 10.548744040056806881 9.0830291642371694394 8.6707606493889279875 8.5329453028918198498 7.6746210962720056159
nan nan nan nan nan nan nan nan nan nan nan nan nan nan nan nan nan nan nan nan nan nan nan nan nan nan nan nan nan nan nan nan nan nan nan nan nan nan nan nan nan nan nan nan nan nan nan nan nan nan nan 30.47503996067070986 23.669370532348597891 24.498093485382472778 17.068454664097327367 13.255554769119406444 13.126278538794405648 11.712516599605008238 10.430962787541629311 9.8524793308234084321 9.4240735512974467269 8.8639485797270367584
nan nan nan nan nan nan nan nan nan nan nan nan nan nan nan nan nan nan nan nan nan nan nan nan nan nan nan nan nan nan nan nan nan nan nan nan nan nan nan nan nan nan nan nan nan nan nan nan nan nan 17.593603153402746386 11.663013543526384197 10.313605493753842168 10.158323294099488976 16.899269988994618075 17.649213844698682152 13.017966606943101482 10.936421347508220592 8.9228233579508060558 8.0696689299030790465 7.4231989743745376842 7.2506650930942262434
nan nan nan nan nan nan nan nan nan nan nan nan nan nan nan nan nan nan nan nan nan nan nan nan nan nan nan nan nan nan nan nan nan nan nan nan nan nan nan nan nan nan nan nan nan nan nan nan nan 14.522791036564866474 12.909941276036507318 9.0771789044452955153 7.9354210362227695086 7.0943343458125536216 7.508130085260892983 14.1147603828207302 20.814392456644153384 10.948811365418942287 8.3974693518638439116 7.5014268258471261674 7.1998829504385790656 6.5953726839315329755
nan nan nan nan nan nan nan nan nan nan nan nan nan nan nan nan nan nan nan nan nan nan nan nan nan nan nan nan nan nan nan nan nan nan nan nan nan nan nan nan nan nan nan nan nan nan 30.117947144869891218 17.13202549415686704 11.04613826399998544 10.868472342611719128 11.369404862695866143 9.124960085285721334 7.8918293080724577493 6.698004142548894535 6.0801739794439235709 6.615714940847410297 10.338679074428432259 13.191565654949698683 11.221815340873051881 9.032774160603194602 8.2030952308993381195 7.8634950724345005213
nan nan nan nan nan nan nan nan nan nan nan nan nan nan nan nan nan nan nan nan nan nan nan nan nan nan nan nan nan nan nan nan nan nan nan nan nan nan nan nan nan nan nan nan nan 10.563589182865356975 10.467959091948813466 11.990815867698190189 9.0821881447917327534 8.3806832002952322824 10.506335616380907183 11.031596210418937787 9.0712959548498641738 7.192492825564913872 5.9765311773532872053 5.612048569214920235 5.7591902549926903276 7.1834259353821847682 9.608708363693590826 10.871593518243262366 10.748332365988932935 9.432000336775871574
nan nan nan nan nan nan nan nan nan nan nan nan nan nan nan nan nan nan nan nan nan nan nan nan nan nan nan nan nan nan nan nan nan nan nan nan nan nan nan nan nan nan nan nan nan 8.7692003843406691743 8.5043233940802718251 8.5825944739397765915 9.2061123893057796863 7.2720189563496102636 6.9275349157878611805 6.917260904818524736 7.6847662552406514891 7.1493201160370443148 6.6445562192572742433 5.8159774892812006186 5.2734920054585252558 5.2677032499366092111 5.5477348585704557848 5.6580634279856365509 5.7648565378934950587 6.1846838271772961448
nan nan nan nan nan nan nan nan nan nan nan nan nan nan nan nan nan nan nan nan nan nan nan nan nan nan nan nan nan nan nan nan nan nan nan nan nan nan nan nan nan nan nan nan nan 13.220788872200424535 11.103055356525345587 9.3508709707741068939 8.9506342908901839195 8.9582663517891134575 8.9506019683063708925 8.4246019161358933758 8.3664301003105787657 8.0671084593874873292 7.6643678319053449854 7.3978856758469344612 6.048613950840764808 5.0533985118135262837 4.5299342316942228237 4.3555154839132415034 4.6284187680333914727 4.3194287291217490221
nan nan nan nan nan nan nan nan nan nan nan nan nan nan nan nan nan nan nan nan nan nan nan nan nan nan nan nan nan nan nan nan nan nan nan nan nan nan nan nan nan nan nan nan 33.423435354293140165 21.147180889741193255 13.113394178746800023 11.387316127392979936 11.605224518501584541 11.051869313308852583 10.442016689368623261 9.9828997269777968171 9.6778192913683067644 9.3352634495454864805 8.8364124453905414924 8.4024939300254057883 7.8348101926993054533 6.8988700569652667838 5.7260807393702677359 4.5710675483035609901 3.7490430038520177192 2.5377738696414606778
nan nan nan nan nan nan nan nan nan nan nan nan nan nan nan nan nan nan nan nan nan nan nan nan nan nan nan nan nan nan nan nan nan nan nan nan nan nan nan nan nan nan nan nan 35.218907677593868755 28.693994170294299551 15.49101017293733662 12.760198268478704975 12.324802142652313108 11.770877831701126226 11.198869301064531712 10.728936533379581419 9.8719303308141146402 9.0569076662084970764 8.5395556589612411358 8.1974142085115708767 7.6334831638518645391 6.7609653303888137543 6.0337421221226605894 5.4601627625950648337 4.7383318903924163124 3.7551772538876582175
nan nan nan nan nan nan nan nan nan nan nan nan nan nan nan nan nan nan nan nan nan nan nan nan nan nan nan nan nan nan nan nan nan nan nan nan nan nan nan nan nan nan nan 37.570875929694544482 30.039935134982538756 22.251652656290236365 21.782553004190539525 17.405672324829868813 14.071788447383903886 13.349638253540460298 12.730547010594804647 12.669102095369916938 11.721897096230465607 10.586992519355060693 9.4892561320403157055 8.6725339047358396272 7.4617571532277713331 5.8578986692670280689 4.6388808641243270969 3.6449223994425459239 2.7256111530373603458 2.4571455909170278886
nan nan nan nan nan nan nan nan nan nan nan nan nan nan nan nan nan nan nan nan nan nan nan nan nan nan nan nan nan nan nan nan nan nan nan nan nan nan nan nan nan nan 37.243629551368435671 34.508762751534753477 30.613058785536640727 31.778972592180359413 30.095927961351762292 27.940619776470445146 27.105343116665057579 25.534926384713440228 21.877020066231899875 20.244080669343073708 20.68100433064406829 18.258002247225523007 13.535684421352137008 10.388546395934051603 8.6208395353649542869 6.6597490389038904723 5.454076715971907241 4.411674857244229031 3.0763237714523694599 2.5157953959864278737
nan nan nan nan nan nan nan nan nan nan nan nan nan nan nan nan nan nan nan nan nan nan nan nan nan nan nan nan nan nan nan nan nan nan nan nan nan nan nan nan nan nan nan 32.71579204536131158 31.439699273254987588 31.459181385425175392 29.663182280086971332 28.066416200378945689 29.255509456528933754 30.966965462427076261 32.089156385920517778 32.343638957901866604 28.261409594794528743 25.673232581944876785 22.511303774710274439 18.766589005213315744 11.341188973195425405 8.2670302382365807858 6.0276009185974057658 4.8358870695926405858 3.421093429189363988 2.5165232593561857044
nan nan nan nan nan nan nan nan nan nan nan nan nan nan nan nan nan nan nan nan nan nan nan nan nan nan nan nan nan nan nan nan nan nan nan nan nan nan nan nan nan nan 40.44098761800987063 36.599340103064733398 36.823639064011565836 35.738842634266710263 34.331657570295462278 32.746306710342558688 33.697724140223961342 35.73144562347326314 36.992451932365696621 37.814800284465995617 37.725949560085851431 37.093566036520989826 31.797165416378831537 19.893980820598841319 11.507067439452452362 8.5287020429926361231 6.0325010415058297752 4.6921521130180510184 3.6676018615564096592 3.155407017769045197
nan nan nan nan nan nan nan nan nan nan nan nan nan nan nan nan nan nan nan nan nan nan nan nan nan nan nan nan nan nan nan nan nan nan nan nan nan nan nan nan nan nan 42.963796385877557782 40.73065491418834938 38.262046275859461275 37.191168554103590793 37.013448310694272436 36.364860306528591138 37.262796511651259834 38.914692188253397376 29.454617856205810966 11.981110838426058507 9.2108636538731989418 10.573536124088342092 10.714310585013672394 9.3975031896355147865 8.6598055710400849705 7.0659715862180458856 5.1882747106885904742 3.9481202819214287203 3.2459245866734196539 3.4608002055325592927
nan nan nan nan nan nan nan nan nan nan nan nan nan nan nan nan nan nan nan nan nan nan nan nan nan nan nan nan nan nan nan nan nan nan nan nan nan nan nan nan nan nan 43.400712126838655536 43.184058564584361761 42.087692740016912296 38.353490295296793988 35.416182619721077174 36.924616186264508144 33.515065729082053281 17.283449140810503764 12.274651167963311238 8.8504699184274819856 7.970138337454196531 8.255283211033699331 9.6760900158726368403 8.7091674388785662586 7.2671405304901925959 5.8583785130463903457 4.7636716599578008413 3.6035109434982102172 3.45712411443404255 3.5711170727098040523
nan nan nan nan nan nan nan nan nan nan nan nan nan nan nan nan nan nan nan nan nan nan nan nan nan nan nan nan nan nan nan nan nan nan nan nan nan nan nan nan nan nan 38.941997461658161228 39.972261612509520035 38.328909565629906808 37.899269026152389017 36.259955212112203071 20.774080441780679251 12.843361927748926377 11.962648895054721621 10.802612070254001608 8.7970071466903387858 7.2919690026597097088 6.1964818008137232397 6.6465038012077517493 7.3746689844276449577 7.7109639177461781756 6.3613479843305302808 4.9071025044403944193 3.4959352413512108093 3.7353605523236197428 3.7440130458605689334
nan nan nan nan nan nan nan nan nan nan nan nan nan nan nan nan nan nan nan nan nan nan nan nan nan nan nan nan nan nan nan nan nan nan nan nan nan nan nan nan nan 26.243083637560829402 23.580036402005518426 26.763643230476848345 18.903722233560955601 16.000050433744291922 13.599516346862717597 13.143428206077679476 14.940984924610495099 15.152611371825255304 12.888563738061074915 9.7712818608893066141 7.8633455890791914555 6.6556426604408827075 6.3482087936505724457 6.1681775224900619037 5.8088250938780499055 5.2670809929473172417 4.5331038128998812908 3.84500625846907651 4.0227596376981962223 3.950226506745941002
nan nan nan nan nan nan nan nan nan nan nan nan nan nan nan nan nan nan nan nan nan nan nan nan nan nan nan nan nan nan nan nan nan nan nan nan nan nan nan nan 17.940968458303970579 17.261776217515389931 18.597908973376380715 26.755526661575316894 27.111626875023006278 23.916187956468515807 19.383210383868341609 16.666869754959368066 17.146788932369105396 17.722641670328521002 16.266489450359298274 14.55035589248809913 11.456676558391608367 8.3251110428270447272 6.7349867379514671839 6.1058026095041082471 5.6247291153046434786 4.8377134746415109134 3.8731608276274762659 4.3907788000538721107 4.3581526952081857118 4.2319386209727243298
nan nan nan nan nan nan nan nan nan nan nan nan nan nan nan nan nan nan nan nan nan nan nan nan nan nan nan nan nan nan nan nan nan nan nan nan nan nan 35.014098155839846527 16.379799895226721418 14.338087211744882765 14.831849525963290759 15.758959285389346761 19.834753425987177167 30.317243806189711819 33.545798222762392982 30.287610068580672618 22.492329831560549991 18.043792370719522467 16.770411758306313033 18.676763828268050815 17.080898432354377547 14.241670803698992742 10.538766448105477025 7.8944681650652581695 6.5709419309984236079 5.4292934517940389938 4.5911168986112382839 4.5903288047187720267 4.7190799528369717919 4.57138932393371622 4.479455064787076779
nan nan nan nan nan nan nan nan nan nan nan nan nan nan nan nan nan nan nan nan nan nan nan nan nan nan nan nan nan nan nan nan nan nan nan nan nan 27.462827303127085088 17.850580587495542773 14.336745734319844559 13.68756620437514826 13.555074507334657241 14.070163446475051572 14.98434867723479158 16.393917283591999734 24.987718350222955621 35.290861493453576259 32.509886998261826818 20.574121335769046226 18.789233663211231118 15.491993151206070678 13.920462156783376173 13.868359821187308256 10.757082691246992567 7.7629876891706013353 7.1571324063068857413 6.2014480047566111764 5.20899073237439314 4.9490637652892672804 4.9303486960254492288 4.9247454277267550538 4.8601675422007044602
nan nan nan nan nan nan nan nan nan nan nan nan nan nan nan nan nan nan nan nan nan nan nan nan nan nan nan nan nan nan nan nan nan nan nan 33.282777665492247365 15.521726443247581884 13.885362785712242584 14.051621554801306146 13.491554960774147176 13.393956927486525998 12.980789711435715361 13.136792394394383621 13.673244756336902839 14.330394718485827354 13.251232126301736969 14.150571124036970261 33.666135470948724162 36.887767254916361992 30.824084690438564138 24.982615070410112423 18.741297881726275421 15.379804260951303263 15.230845591782873782 16.135102787672757074 9.5657723535452152674 7.1943662959512639787 5.7135487717320581069 5.3883142720002368264 5.474521437211492092 5.4707884788883109906 5.313784664328926155
nan nan nan nan nan nan nan nan nan nan nan nan nan nan nan nan nan nan nan nan nan nan nan nan nan nan nan nan nan nan nan nan nan 39.624831663712306806 33.13575744505629217 20.302402433234771451 15.814011217886386973 15.099754559409715782 13.566739176699847746 12.791448515570039035 12.874512575293001859 12.866209220666643631 12.41900285282220473 12.277306338325306712 12.558743252509145805 12.452330304794214655 10.402122247840219771 9.2248254907611997311 13.362940350555499336 19.020497631113272519 23.521582137073096419 24.278372345095984741 28.606913630214339861 27.99040091738272551 22.039392931206009507 13.542389115509864794 9.3086734075546821998 6.8976814063393847576 6.9730240087722217268 6.4344693289931003122 6.194140227895958084 5.8937189804389085168
nan nan nan nan nan nan nan nan nan nan nan nan nan nan nan nan nan nan nan nan nan nan nan nan nan nan nan 45.092498810536497444 43.040736064011710482 41.570896994471624453 40.08008370173817525 36.553930071583437211 31.697344618060981247 27.390978010914139418 24.922021252410420544 21.86572718503018109 16.680861442048509957 15.789472153436259205 12.813617861607205839 11.687182695701382684 11.759647638029363748 12.523904321693933639 13.298826966260779869 13.018625637336738166 12.630896331461741511 11.266934822356324375 10.654960275421416327 8.6402355013889398094 7.4738205721949588778 8.9104434624400354892 11.443356995988368752 9.8118069133666985238 9.836960756140229023 10.225157962453224059 10.409301458641870397 10.22331624462386479 9.0802511068367532943 8.2513953006249849409 7.6077021615527611331 7.1178796286132559601 6.9290494268319733351 6.693666983951285232
nan nan nan nan nan nan nan nan nan nan nan nan nan nan nan nan nan nan nan nan nan nan nan nan nan nan nan 43.866363816949444754 40.068198668240860627 38.359219241036385029 35.33062580370645378 31.874130450326838115 30.442044895915113756 26.363006195601094817 23.684299346795082641 24.746275182724851049 20.061509172027463421 17.575014868777692811 14.414377857728977617 15.329595143394946888 13.869603569350779537 12.138807955142166151 11.73748681753565748 12.315849245735948969 12.906948851105576992 12.121741537875829309 11.640039417327345816 10.949687373931595857 8.6038940235272285406 8.108260124860832363 10.315780588881672486 10.719723493215354893 9.2632390798693808875 8.9432121312551693393 8.2609438462184030527 8.4339679107685654458 8.3720023683776645385 8.4194284656868614292 7.8442611542259834678 7.4859603848440841034 7.229980966115832075 6.8608429280638576486
nan nan nan nan nan nan nan nan nan nan nan nan nan nan nan nan nan nan nan nan nan nan nan nan nan nan nan 44.704786946085022237 43.639823009636998563 41.944703208663263183 38.588682706910041986 34.763415380543023048 31.814591300551583686 29.170310542796464404 24.045615918448589809 22.440046529719023027 25.150190953176458919 24.635199720501677945 17.332100077189533494 15.426808968079299689 14.090027092992064794 12.884698090797172654 11.78969087623592138 11.229624797378257028 11.416659485719085509 11.234218407697685649 10.173549038476989992 9.618105897273235172 8.4428532281694295136 7.7216774650388124712 8.4512645926348408665 8.7866259624562950137 8.1561666421240488489 7.6782463576438164665 7.6779029442730220012 9.622331283305385341 10.143959192276714276 8.9888368931165700815 8.2755548786984984844 7.8007260286989783538 7.3345842451181599841 7.0500620796370894183
nan nan nan nan nan nan nan nan nan nan nan nan nan nan nan nan nan nan nan nan nan nan nan nan nan nan nan 44.157677893698370042 44.661701225352750555 43.558624572136700692 40.30288780050842945 38.964696146381371022 34.817299636045262901 27.528110768545779763 26.004564148567403947 19.253439619652464643 23.110402590592684646 27.407689421007251696 20.34395132781463289 13.906487285293232858 14.003151907712066304 14.410361796135205736 13.722525130211632671 12.885996402256816751 12.720028224034340525 11.525561159988377824 11.149266522759246456 10.322833089884943192 9.044472799912067984 8.5585356471270745971 8.3895549790881727148 8.9130556492224748411 9.5115765520749100403 10.458507237146605462 10.852173425239261206 10.443653975073102558 9.9575464847566586002 9.6425187193065351465 8.9431345123208902947 8.3105153156596500708 7.9005952066771234499 7.9286859360304431377
nan nan nan nan nan nan nan nan nan nan nan nan nan nan nan nan nan nan nan nan nan nan nan nan nan nan nan nan 39.660295980313023279 35.658537783628325712 32.951168114338202031 30.948189785607507218 38.042723701037516548 39.973737109133885781 33.241220832958475739 28.8076397535392843 22.568686914883418382 20.701091795600749634 23.623607236295928402 16.015031584465432957 14.044633334864588647 15.745637087499986251 16.496106586943980687 16.649770813709764639 16.624897652415036475 15.386405886158943446 14.392291569960450559 14.944668170121849116 13.357279199419682669 12.628100865463608216 12.622331372167570507 13.237931804175758543 13.534013690370645833 12.08135744561760383 11.179736856369174802 10.836360196354746677 10.610709107686988162 10.372297896008497275 9.8451713765989747884 9.42726445581389072 9.0070897092205104428 10.809358439807663643
