results/rofental/swe_month_2020-04-01T0000_2020-04-30T2300.asc
ncols        322
nrows        225
xllcorner    622802.488000000012
yllcorner    5178049.378999999724
cellsize     100.000000000000
[rows 140 to 167 of 225, columns 63 to 125 of 322]
nan nan nan nan nan nan nan nan nan nan nan nan nan nan nan nan nan nan nan nan nan nan nan nan nan nan nan nan nan nan nan nan nan nan nan nan nan nan nan nan nan nan nan nan nan nan nan nan nan nan nan 517.24127903175713072 502.96820509130282062 468.15722706283349908 443.61335606388257702 427.59003382258725878 416.81403313829588342 398.58018499332735018 396.52346545074323103 402.68592798976783342 394.19766832714407201 364.54909929519760681 349.52544864131766644
nan nan nan nan nan nan nan nan nan nan nan nan nan nan nan nan nan nan nan nan nan nan nan nan nan nan nan nan nan nan nan nan nan nan nan nan nan nan nan nan nan nan nan nan nan nan nan nan nan nan 502.27063670322786493 477.20759796756101423 480.48376896785447343 453.43719884054490876 432.09642158790035182 437.18348545272215233 432.29750435771865114 424.89313507761505662 421.69565575921677691 422.45468764055920019 422.59287167621386061 406.53781362567940505 374.74822036878447307
nan nan nan nan nan nan nan nan nan nan nan nan nan nan nan nan nan nan nan nan nan nan nan nan nan nan nan nan nan nan nan nan nan nan nan nan nan nan nan nan nan nan nan nan nan nan nan nan nan 454.79405242708725154 395.78427161435450898 383.94485175098128593 378.91016746477333754 452.56977365429577276 456.74833381664188892 435.84308699579031554 420.52705805715680754 400.32236297377704659 391.4076222839366892 386.01240069010924572 388.40911176624041445 388.60856005245904043 348.53670971604640272
nan nan nan nan nan nan nan nan nan nan nan nan nan nan nan nan nan nan nan nan nan nan nan nan nan nan nan nan nan nan nan nan nan nan nan nan nan nan nan nan nan nan nan nan nan nan nan nan 428.4192562780596063 422.81579074812947283 365.31303454779236972 341.30575888014465136 316.61968469626202705 320.87526937754853407 438.8324936844315971 468.41064226332917997 427.82888167374107979 396.63053014221645753 385.23051358899061825 381.14912604037471056 372.56544729946091365 347.95738804430277469 333.1638209710256433
nan nan nan nan nan nan nan nan nan nan nan nan nan nan nan nan nan nan nan nan nan nan nan nan nan nan nan nan nan nan nan nan nan nan nan nan nan nan nan nan nan nan nan nan nan 493.67182211008667991 448.58155926118661228 383.79461949370011098 395.76364150972005973 407.64378376298532203 375.24442966068710348 345.67410334003028538 319.73145479100583088 282.005296623834397 311.02687695038360971 412.99835932462769961 440.51460682376608702 434.91434570085505129 418.80634275295693669 409.88955424621678958 411.70650301625033762 407.7878239487234282 396.03467314952052902
nan nan nan nan nan nan nan nan nan nan nan nan nan nan nan nan nan nan nan nan nan nan nan nan nan nan nan nan nan nan nan nan nan nan nan nan nan nan nan nan nan nan nan nan 375.2341785845332538 380.60942092685417038 410.23893814774902467 360.23352009061898116 347.83540507644289619 399.56501629646987794 410.57370878828766081 387.77967192108417294 344.73700878743949261 291.05853355294988205 266.74652765991004344 278.65694548597213043 357.45351613936765034 421.16523255754424326 436.31740635612732149 438.16961255745349035 432.90901377403412198 424.28517343279560237 412.28230924683907688
nan nan nan nan nan nan nan nan nan nan nan nan nan nan nan nan nan nan nan nan nan nan nan nan nan nan nan nan nan nan nan nan nan nan nan nan nan nan nan nan nan nan nan nan 357.8458032832249387 357.34157004505971145 362.04200473352432255 378.10567963812809467 332.56611317570701658 331.83729326159647144 336.64230914451411536 368.16249092344435212 354.84899612689235937 341.05797858032957492 297.41156837706893157 247.2704094346787258 255.6560711365274301 285.69256690606073334 301.99751489349114308 326.13376823180453812 365.84280445799163317 401.58713313235301712 395.14988345452462681
nan nan nan nan nan nan nan nan nan nan nan nan nan nan nan nan nan nan nan nan nan nan nan nan nan nan nan nan nan nan nan nan nan nan nan nan nan nan nan nan nan nan nan nan 422.41148592187357735 400.37217425329441767 375.87452427933158106 378.14929216405153056 377.2304236480871964 382.75599085558656043 376.17313172127882126 384.39654028271559127 383.84056703927558374 380.31364756009867278 377.54154464875119857 334.60726245953651414 275.60141795835784251 250.08233183645032227 249.9232507640962524 280.57848156104779491 274.3234688552745979 324.51256173950139328 280.98750923920050582
nan nan nan nan nan nan nan nan nan nan nan nan nan nan nan nan nan nan nan nan nan nan nan nan nan nan nan nan nan nan nan nan nan nan nan nan nan nan nan nan nan nan nan 499.59644797394167881 456.75584315134625513 417.37639094615548174 411.05631765115282406 417.40376829701716588 414.38775990557218165 410.91266516662460617 409.59669458352760785 411.10542900221440732 410.32894896260933137 405.1152916207289536 402.81598848305014826 398.98003572588265797 387.82871664855775862 359.77010080096721367 297.1414884532537144 266.2163679027914327 221.99453198339517712 226.98473257640270617 235.41038721575833392
nan nan nan nan nan nan nan nan nan nan nan nan nan nan nan nan nan nan nan nan nan nan nan nan nan nan nan nan nan nan nan nan nan nan nan nan nan nan nan nan nan nan nan 505.82407513503102336 481.77965111681243116 436.48861813682589172 421.88542347608057526 420.7675475513047445 419.22025359794241695 417.47483380903429406 417.22094427896649904 412.17189114766892999 402.73718490341309462 395.95004279285319626 395.80078700156963123 391.64924497935317049 383.31066687544807792 377.61976422750228721 372.82970428083666548 358.62362317967955505 334.46725706639648479 262.95928001300848109 231.10702593073355615
nan nan nan nan nan nan nan nan nan nan nan nan nan nan nan nan nan nan nan nan nan nan nan nan nan nan nan nan nan nan nan nan nan nan nan nan nan nan nan nan nan nan 514.97662649814014912 486.89261132930283793 458.80115813346031928 457.04253334456029734 442.67971279559588993 430.15406327742852 428.67900742838457973 428.25076170566245537 428.47893901001862105 425.85784414688015431 421.96172521618092333 412.90424188129412642 401.8866399021324014 386.44112567572068428 359.47433184169398146 317.08242936927462097 290.09087584466294629 268.71474703123135441 281.31841476158427895 299.88609103171080505 315.75224687024200421
nan nan nan nan nan nan nan nan nan nan nan nan nan nan nan nan nan nan nan nan nan nan nan nan nan nan nan nan nan nan nan nan nan nan nan nan nan nan nan nan nan 514.71813288208329595 504.87172134286856817 486.75106769327487655 490.3374915224965207 484.09388702791227388 476.3141980415979333 473.31974591002273201 469.35853618295425349 458.19582725202081974 453.819525671644044 454.82898015966821959 446.74385761312481691 431.17774406376867091 419.83882036081064371 401.51183265135466627 379.87174330426216784 372.17437537370801692 351.00459755797675143 311.99736487115171713 296.73419972364075647 303.69282623172108515 331.22042481272353598
nan nan nan nan nan nan nan nan nan nan nan nan nan nan nan nan nan nan nan nan nan nan nan nan nan nan nan nan nan nan nan nan nan nan nan nan nan nan nan nan nan nan 497.51140580486321596 489.89863266817104659 488.16711135114007902 482.45007843364442124 476.57895425965955383 480.13194720319222597 486.05622437242510614 488.18590096271123002 490.00328848331372456 476.94928388937506725 468.79116635362191801 459.99373115037792559 447.04848991636310984 422.80969962693797015 410.45612994277945518 387.72590870798734386 373.23617932698266486 261.6568866235465407 217.85257237333956937 335.62091604139521905 343.97843546855267505
nan nan nan nan nan nan nan nan nan nan nan nan nan nan nan nan nan nan nan nan nan nan nan nan nan nan nan nan nan nan nan nan nan nan nan nan nan nan nan nan nan 529.21118524297173735 509.59393213525942201 506.21844735282132888 502.7716205103916991 497.05434737713710547 491.08403840561260267 494.13327046371864526 500.34646676833500578 505.30670565265785399 510.61694262159284108 509.72128384183901062 507.45966055586063703 489.41292529922719723 449.70365511294238559 420.46518230774938729 408.03989633527362457 385.29508167884563363 306.5398748870747454 284.21766280259214454 268.87467674732579326 283.72434340442202938 346.76522480008310367
nan nan nan nan nan nan nan nan nan nan nan nan nan nan nan nan nan nan nan nan nan nan nan nan nan nan nan nan nan nan nan nan nan nan nan nan nan nan nan nan nan 542.02086009171364367 527.05806930926712539 511.88434034022958485 506.15643158065148555 504.61371966240682241 503.17940731686996969 505.10141202471436372 514.25008034481209052 480.87218378617092185 391.1474398733443536 350.40824814203926962 384.31791715427954159 397.99597838972141517 391.28416422048775303 394.47316121190846161 383.26986264499856816 291.20436967036732767 264.27055042435364385 243.54867513311910443 277.32088635629412465 278.66858541147945516 280.38003695569943829
nan nan nan nan nan nan nan nan nan nan nan nan nan nan nan nan nan nan nan nan nan nan nan nan nan nan nan nan nan nan nan nan nan nan nan nan nan nan nan nan nan 545.98974092707896943 541.89387706276443168 533.29008698516531695 512.66643428643703828 500.25298981328609216 505.88488732281689408 495.80946753139107841 437.42456435552935545 404.30358355207442855 357.15192040637049331 338.37331168442807439 354.66146891159257848 389.90334266111466377 386.26308990795467935 371.42594673840972064 332.42232362965728498 274.99730013899664982 250.38816039508162703 259.49633113879349366 272.83751964266906498 273.11772546089366642 276.72975927079482972
nan nan nan nan nan nan nan nan nan nan nan nan nan nan nan nan nan nan nan nan nan nan nan nan nan nan nan nan nan nan nan nan nan nan nan nan nan nan nan nan nan 523.39832464777509813 525.96496401995977976 517.57562742645973231 512.40349063158237186 506.38248194567046312 451.30084194674390119 397.67992722058357913 396.48648620605524684 386.3188415348291187 358.65119490908284661 335.5081333297856645 314.39171527314414334 287.58556378583949709 324.91247780751973551 355.00573797802701392 351.19889091365780587 326.76214920537950093 289.52870539961634222 307.62075086235944354 311.3050250771075298 314.14984747425904743 312.48900291944261198
nan nan nan nan nan nan nan nan nan nan nan nan nan nan nan nan nan nan nan nan nan nan nan nan nan nan nan nan nan nan nan nan nan nan nan nan nan nan nan nan 473.60893809130504906 465.68018873714612482 474.7444370235130009 444.79900304846842118 422.04914671860001363 401.49998504377930431 396.52358197166785203 415.59215545294574667 419.17793915308465102 406.11451308535191629 380.06674358842309402 306.83804456533016491 280.41699157429286515 279.67275830439467654 289.17249367106217051 304.08451586899582253 313.76785662302842184 311.56018331985518444 299.21902972378120467 311.61030409749992032 311.30520769280332161 282.97105420118367647 279.84540486105760237
nan nan nan nan nan nan nan nan nan nan nan nan nan nan nan nan nan nan nan nan nan nan nan nan nan nan nan nan nan nan nan nan nan nan nan nan nan nan nan 430.9641403101664423 434.26488518336867628 443.96558574691863441 471.85870153972166463 471.17783176912001863 458.34657674267202765 443.22571825070406248 423.90012532624228925 429.40674521884693604 432.50286526658976527 424.96718472237813558 408.29775082373686246 379.79908745373910506 331.22224759560117491 298.02872856299535442 295.47067587037849989 301.86066422563061451 299.10048446766944608 279.39686586407714231 315.1252327899982788 285.13987458119862595 283.54488254176374085 281.85521792513998207 280.58400672153123878
nan nan nan nan nan nan nan nan nan nan nan nan nan nan nan nan nan nan nan nan nan nan nan nan nan nan nan nan nan nan nan nan nan nan nan nan nan 502.49642667774998017 421.64707149772283401 400.51975130997846009 406.00058967897751927 416.38382004562180327 447.0964615228524508 481.45892275562226814 492.74011267793400748 477.31002072816954751 449.84354334796574904 431.35049203877724722 426.19539904236381744 432.84592551844690433 421.64097395633638143 407.37823335757974519 374.68870012139262826 332.63186361386721046 310.93426346332609 298.41103406077900217 288.39025984199111008 275.84547110415940097 284.13885182485438463 283.92634593126484788 284.11057703204511427 281.55680956365404199 283.18974601065508523
nan nan nan nan nan nan nan nan nan nan nan nan nan nan nan nan nan nan nan nan nan nan nan nan nan nan nan nan nan nan nan nan nan nan nan nan 469.33471896031238657 438.3025464460152989 398.10786992989511646 392.74272335072345186 390.76108179950603017 398.29404886747141745 406.21329854318469188 419.28361932042196258 459.13878500932474935 495.75386914519981474 483.75439439454504509 441.59112382009197972 420.33679642420281652 392.11300855162352264 384.55848160950944248 394.81574742766139252 371.38843030274040302 317.01447311081579983 312.95598566759838377 331.87471421266593552 280.28281089435336071 279.68278833930145311 280.38230029972476132 284.81820874933578125 287.17814629378113978 286.10028390666695941 288.82503941321976981
nan nan nan nan nan nan nan nan nan nan nan nan nan nan nan nan nan nan nan nan nan nan nan nan nan nan nan nan nan nan nan nan nan nan 491.89277655110299747 406.23042566577623802 399.57379300402118361 401.71612210180381908 389.89243920875577487 389.32100051008291075 382.447436128126526 385.36761697450049269 391.92458979679742015 398.59431366259553897 387.05602139954851282 390.44530654182221951 485.85595329517093433 494.96747303497744497 470.30254289921361988 449.01536290192473189 421.13474254862632051 399.81478176188477391 410.91619818862335478 413.94606334582783802 366.31891576463829097 340.08352962514732098 278.7272245377746458 285.98251382334200343 292.9220968566260126 296.0700716962467709 294.64288158892344427 293.46963933633287525 301.72650516379189867
nan nan nan nan nan nan nan nan nan nan nan nan nan nan nan nan nan nan nan nan nan nan nan nan nan nan nan nan nan nan nan nan 517.14358605843335681 492.66497126073983281 445.43003111448871323 415.35848649812987787 409.88890596094569219 394.49392594182728544 382.23894332220891101 381.75161903378358375 381.26045136581456063 376.6880174005450499 376.21946006795479889 378.94953947902212121 377.46995107877387454 351.60351426608258407 283.29081557285775261 351.14804585060386444 414.37812236923866749 441.7246354260353769 443.67555772272777403 455.96547817233999922 452.58922195222078244 432.07334750417135183 400.31724647606836243 377.09566512046757225 317.47644058372537756 321.44675891312050453 306.40778797937088029 304.60258334830353988 303.95408618060713479 294.76388645746243355 294.21231302320177292
nan nan nan nan nan nan nan nan nan nan nan nan nan nan nan nan nan nan nan nan nan nan nan nan nan nan 570.10229493109204668 545.06832665250624359 533.13527386128509988 522.18001244941604 507.52504416279310817 486.56386554839951941 470.32273676515961824 462.77478600660896291 450.93137278616217145 422.64454539922684262 417.03843801489495036 387.5627408164747294 372.12352025860360527 370.89631731493875577 376.24862692558070876 384.86135330336418292 381.71063342697198095 379.65148382118815107 324.66408726119402672 316.81607696292911669 275.93458396401581467 253.25541807079090972 281.0164736464824955 332.29278584979903144 307.42223745431095949 313.06379571933319994 325.88784705777936779 338.24919583399207568 351.20446759639736456 331.71530992366962209 323.0943179426294023 310.15490725873860356 300.07737398841862841 301.82463139995496704 307.50509298115377987 300.77702025140820297 290.38611784166164398
nan nan nan nan nan nan nan nan nan nan nan nan nan nan nan nan nan nan nan nan nan nan nan nan nan nan 555.30083336157406393 525.14284682921947933 515.93741115497527971 499.24504215226488668 488.96274637720108558 480.76959895907606324 467.78139567456480563 457.51573778512641866 458.7191307593836882 442.16543046213433854 430.49619247725036075 402.27270418729068524 408.3102392640885796 392.90222024931256328 372.78624221175755338 328.65763602826120859 336.20558463610518629 348.36972837651939017 336.50789408748835285 330.25921587521992251 322.67498807164298569 271.32318209528699526 261.85781181658143169 314.20006851376695067 319.09760094866805957 299.33232337336829687 300.8845748568234626 293.26337512768276383 283.4478495504117177 293.11269626357801599 300.90360936912696843 292.1005401324339914 287.86640239398229824 287.18669805527548533 290.56697091887974693 294.31289943515969298 300.58306674847995055
nan nan nan nan nan nan nan nan nan nan nan nan nan nan nan nan nan nan nan nan nan nan nan nan nan nan 564.95735365112898307 549.90125876717979736 534.60333449274401119 515.70143170091660068 498.30962652901507681 488.64303465310689489 476.55834278536690363 457.53712124961907648 450.64881252306668102 457.2093227773552826 453.73426875239726996 424.77844794893331937 407.7403088834000755 366.24879723933145215 347.91537562469540035 330.29519083730144757 321.62217217058969254 328.07529077210483592 324.68923344454941571 311.26286627073551472 306.40782234802492212 271.8037566592905705 256.25497616729307993 273.35661004852278211 287.31652805299290776 275.90565488955405726 270.79962589446364518 243.15059178758332337 295.04072241763310558 306.55068470229485911 292.611611321522048 283.92389015023582033 277.17367559860571191 270.71250622004066599 272.53529338513186531 282.23902375674720133 294.7062141468117602
nan nan nan nan nan nan nan nan nan nan nan nan nan nan nan nan nan nan nan nan nan nan nan nan nan nan 557.6574761603233128 561.85924118319599074 546.45108484970126028 523.43869975793825233 515.59533220237619844 499.04375033545346696 472.65534857958095927 459.77256643889353427 439.89935837648948791 449.95725078305775924 461.64371137506753939 437.59518507920296315 363.60726963192843186 364.38406726672980085 368.39123759798451374 359.4104195402676396 345.30265483045781139 342.15385461387904797 328.1064865805806221 325.47985768347047042 315.94626332977452421 290.01776605029783695 271.17089826961716881 270.36409952518812361 289.2420606982307163 303.72690494732512434 288.22748960795115636 296.54079027817022052 291.21533262656544139 287.05091167051944012 285.26062420306539025 279.13255259664236974 269.07500377130060087 262.06463794095009234 267.17235331341521487 291.58553121788935414 313.18412136551143021
nan nan nan nan nan nan nan nan nan nan nan nan nan nan nan nan nan nan nan nan nan nan nan nan nan nan nan 531.01147029239211861 507.92977298329822133 485.96701775921644639 483.17943380743884063 509.13974198731574461 515.53081936085834514 487.85373269850759925 460.49559489366816933 435.97281914934245606 439.53494137656264229 446.22655811191259545 385.80304324772811242 363.41521603851873579 380.45483162309977843 387.14905577227006006 383.96395424387395678 385.20908448092012577 370.50854659799995261 361.24824672613192433 366.65596698415885157 347.08530796546097008 337.7660219582066361 336.01247071861314453 344.00537519350393723 347.95331794722932273 302.31320971417574128 288.64418965228003344 284.09157271505807785 282.88437215032263339 280.82315272025533659 273.82580595007232205 264.67099464003842968 270.24591913757433304 307.22260409187219921 349.96513153491366666 375.22861880134752255
