results/rofental/swe_month_2020-07-01T0000_2020-07-31T2300.asc
ncols        322
nrows        225
xllcorner    622802.488000000012
yllcorner    5178049.378999999724
cellsize     100.000000000000
[rows 150 to 179 of 225, columns 69 to 137 of 322]
nan nan nan nan nan nan nan nan nan nan nan nan nan nan nan nan nan nan nan nan nan nan nan nan nan nan nan nan nan nan nan nan nan nan nan nan 383.2558529898700499 297.66850372244999789 80.881913651634263829 53.84308791205789646 24.005440339205048161 5.1446304204529003101 3.222215160576405335 1.4410182772018629294 3.1921412842580378921 2.0412063915506277745 0.13091191846572258761 0.007215702715143585029 0.0037342229660654682223 0.0008551529237475563941 0 0 0 0 0 0 0 0 0 0 0 0 0 0 0 0 0 0 0
nan nan nan nan nan nan nan nan nan nan nan nan nan nan nan nan nan nan nan nan nan nan nan nan nan nan nan nan nan nan nan nan nan nan nan 399.99765396958952124 421.33989118069342794 278.73329969459007316 256.86488876746216192 133.90836823544100298 74.048393078138573742 60.519646401836226346 57.117086963750644202 21.696495800582741964 19.433446807523534261 19.699229878452985787 15.469640358557933624 6.8317185448722881347 0.5085044442085112637 0.001882079099636413096 2.7018310320596848321e-07 0 0 0 0 0 0 0 0 0 0 0 0 0 0 0 0 0 0
nan nan nan nan nan nan nan nan nan nan nan nan nan nan nan nan nan nan nan nan nan nan nan nan nan nan nan nan nan nan nan nan nan nan nan nan 380.07029050338610432 230.99734053569565617 231.48893388596653153 120.86233352960547904 65.994982507380797188 72.455623280867598623 89.875620071664670263 88.904839250295893294 117.3270045743049792 55.801491503013188833 41.985689317642084006 35.653308923150902388 33.118841469989064308 14.608087951121156323 0.0013764911117655560975 0 0 0 0 0 0 0 0 0 0 0 0 0 0 0 0 0 0
nan nan nan nan nan nan nan nan nan nan nan nan nan nan nan nan nan nan nan nan nan nan nan nan nan nan nan nan nan nan nan nan nan nan nan 558.87996572316035326 423.70454793983299169 319.73615141915854565 324.06610359528480103 280.07335822480615661 104.02537805500173818 115.73374179459865729 165.53945579059029569 199.96404714564874894 274.32124943940004869 272.18082944712773497 270.18115435895697374 177.18732001893113193 42.488471368966891362 14.153767560976449502 0.051497911607885277219 3.3843940707041730122e-08 0 0 0 0 0 0 0 0 0 0 0 0 0 0 0 0 0.25172931795962477652
nan nan nan nan nan nan nan nan nan nan nan nan nan nan nan nan nan nan nan nan nan nan nan nan nan nan nan nan nan nan nan nan nan nan nan 667.15931069797750297 577.22783288422021997 400.78928591184961761 333.37761310511922375 319.48952981775516946 265.57011854874866685 264.22734327415963662 361.34926451954578397 225.85601649576287286 10.990327851660330438 0.072009656944914096632 4.2257255079201989645 3.2017313221892491626 0.024495589673470766906 0.011767618025060710973 0.00087558624162573008703 0 0 0 0 0 0 0 0 0 0 0 0 0 0 0 0 0 0.081360597349772925679
nan nan nan nan nan nan nan nan nan nan nan nan nan nan nan nan nan nan nan nan nan nan nan nan nan nan nan nan nan nan nan nan nan nan nan 694.20436825240665257 680.55619041842214756 621.14978708451212697 460.00168504621342436 307.28995769786411074 295.05339278118862012 234.01163883202542593 112.46896906918850334 32.941290882199403711 0.058954058877571033359 0.030972147088245954166 0.026262507653313556938 0.033017673050952309199 0.016344161133373169559 0.0020995241880965831958 2.142668913570851792e-05 0 0 0 0 0 0 0 0 0 0 0 0 0 0 0 0 0.00047202922893069796956 4.0956349596938492752
nan nan nan nan nan nan nan nan nan nan nan nan nan nan nan nan nan nan nan nan nan nan nan nan nan nan nan nan nan nan nan nan nan nan nan 556.20910806466474696 566.60458587722030188 530.78610288176321319 457.1815191770230058 390.70300010074362262 119.81127048804015089 40.224215772054982665 25.940804928716218569 8.8715670326847764215 0.034741829704955928815 0.013574961402882676845 0.0050564788078042840688 0.0033736821484778196922 0.0024113005899465125501 0.0011903466120573114127 3.3902487367103761374e-05 0 0 0 0 0 0 0 0 0 0 0 0 0 0 0 5.981147962105162641 20.964652106284546562 52.561391734953630817
nan nan nan nan nan nan nan nan nan nan nan nan nan nan nan nan nan nan nan nan nan nan nan nan nan nan nan nan nan nan nan nan nan nan 335.28331660551322102 325.31695201898895675 399.97498547231072052 258.89522011983478933 132.93852467169281795 49.132601156265614861 30.296217391376025319 30.695438842078967667 32.096119389123465737 14.993406453710967696 0.033521266789680960463 0.0052562424732790213877 0.0018243990359694758647 0.00097289881917581423967 0.0003060028300097322111 1.8545247923190243816e-05 0 0 0 0 0 0 0 0 0 0 0 0 0 0 0 0 0.58566267758337797744 26.852107467916837891 85.70357524849936226
nan nan nan nan nan nan nan nan nan nan nan nan nan nan nan nan nan nan nan nan nan nan nan nan nan nan nan nan nan nan nan nan nan 170.56749139032396556 220.12977384454310936 241.56859248178591315 350.88786792795508518 310.26583193907100622 227.1732132061902405 96.041171501913822794 23.67973736754700198 34.333924505083707857 44.272144862674274179 30.574990856532632932 5.0640000725881675336 0.017970118692651755599 0.0022758677207738767755 0.00030665191921756682547 1.3678753172444571356e-05 0 0 0 0 0 0 0 0 0 0 0 0 0 0 0 0.0023301271298841116919 0.00042404409675439127701 0.0011500690617200714193 0.0026997887837996174983 0.26127001722230430714
nan nan nan nan nan nan nan nan nan nan nan nan nan nan nan nan nan nan nan nan nan nan nan nan nan nan nan nan nan nan nan 365.32193235113993524 124.10982686020629728 82.404298516114479867 100.88880275186951962 131.15695027268989747 207.07209207419495556 313.73084253063558435 358.16634925900211783 226.28069132603104663 74.749983643684814183 29.710692015494739593 28.832355437997872372 38.194492979525620058 11.984336625128829468 5.6924878679906703027 0.010152255512833713649 0.00050496395804602292254 0 0 0 0 0 0 0 0 0 0 0 0 0 0 0 1.2686681367484095715e-06 0.1627677226044413894 0.21814142028804389684 0.32079904450723978337 0.00539397391104227443 0.0069114712235553103087
nan nan nan nan nan nan nan nan nan nan nan nan nan nan nan nan nan nan nan nan nan nan nan nan nan nan nan nan nan nan 208.79288493601490018 229.304231417865509 57.374277770918240549 47.353510503693705402 42.577262441672338866 56.504279556559545483 71.52373878155890452 93.676117531360475255 141.29305478554087472 336.19724148768983696 276.32214532464911372 50.393743222489966627 15.538046625578786575 9.7972510280254727633 0.39305661040614436885 2.7773399619020704421 0.014530688626245801681 0.00031703354062047404537 0 0 0 0 0 0 0 0 0 0 0 0 0 0 0.0078674377722992416134 3.9634200674266479858 10.906663529327767392 13.404668521016985139 16.543932187492622177 20.205733300644336481 11.821528648799692007
nan nan nan nan nan nan nan nan nan nan nan nan nan nan nan nan nan nan nan nan nan nan nan nan nan nan nan nan 275.43659118004785569 69.020243682611067015 79.120230274728555742 58.763806678978248499 26.604015166075321019 25.916544360212913745 19.888577316282393781 24.287070192381275291 29.715272146769596162 37.77481147165057962 30.073636926468992669 22.261389268460657576 243.00486253782509039 340.43701461938678676 97.918643022019409727 49.544004169457302567 11.472630020749347679 3.3196194317556164677 3.4118121416920592637 5.1490103626290171235 0.00058613418729322843467 0 0 0 0 0 0 0 0 0 0 0 0 2.432743388207394861e-05 12.992508701261078485 17.269350084646902133 16.962084268487000571 19.089411270192531589 21.179876849140459427 23.83751070005660111 34.530440394415535366
nan nan nan nan nan nan nan nan nan nan nan nan nan nan nan nan nan nan nan nan nan nan nan nan nan nan 455.27188803331625877 325.44598860029867637 173.70206369019490467 53.770983759106385946 56.834498557955683395 30.993604350801302161 15.429763208206653147 6.7278013377201100198 6.8185871163089952773 6.0974509284361939621 6.5519635563398352929 11.331770684196870391 10.39034509979874521 1.981091397231823148 0.12240137464751084384 5.9634929245443739632 26.180149477487574927 44.091919349731945488 28.337194728989388182 48.698554830469596766 43.36317859836717048 26.547955854304923662 2.1364203782740678328 0.00045266809651356394251 0 0 0 0 0 0 0 0 0 0 0 0.00016084739399336691668 0.0038062893117849125844 6.7593480132489629497 10.143763799958140481 15.954216576128892768 24.132465257952400606 33.118544471071579949 49.166694414584718231
nan nan nan nan nan nan nan nan nan nan nan nan nan nan nan nan nan nan nan nan 839.00972348889411023 744.27996220261070448 664.15911983014177622 538.6779756538841184 455.2227907623550891 333.36957293180671513 262.28441980105617404 256.92719308963660296 187.03953978391055557 59.571722831201320503 65.367529374403503084 10.233702628463428042 2.0009127324141666726 1.2317314720026066865 2.1935313235685796052 5.306044961162665885 5.9136030505259915557 8.4989742172774480622 0.32956972753391455822 0.11407121039746846713 0.072084025012837116275 0.046042055901325817935 0.04919859493996342481 0.071196486193957617128 0.033920492255478433552 0.024697465669925672271 0.018355301942834734846 0.01117745543973267322 0.006427097682507547545 0.00017508546720671619434 0 0 0 0 0 0 0 0 0 0 0 0.001203254129039749978 3.293357710207993172 23.700619983319441531 25.315427435483154994 44.09757872906804721 44.405898118563200683 62.464348552457686026 91.067761160759388872
nan nan nan nan nan nan nan nan nan nan nan nan nan nan nan nan nan nan nan nan 805.57995255034347792 638.7401424884815242 576.73959841234568557 388.35147143362922861 361.83797585083533477 311.05919972573570931 272.92404315073002863 202.81800537769268544 169.14906965402715855 97.803684936051368481 81.029496168908380582 10.454622324935536781 11.417770226580225668 5.4706820238926923139 0.98251044362628203732 0.11616950501285483455 0.28928804146610948012 2.2984697837087351147 0.32961906578461730444 0.076617968113725162804 0.064673726102910181202 0.022581579796346146205 0.017157771425303426638 0.036823388038418912449 0.02935820758539056663 0.012138704081365575896 0.0075192867883191721184 0.001860525783203076421 0.00051958864708177788985 2.6982102203686394868e-05 0 0 0 0 0 0 0 0 0 2.016016452582669534e-05 0.00034326209658137234269 0.0030825013250198032497 44.517789557929447142 214.27963937591263743 250.88259510407010566 337.71249099721592302 282.17449024959910275 203.80745116277171292 162.09994409759573841
nan nan nan nan nan nan nan nan nan nan nan nan nan nan nan nan nan nan nan nan 842.40453048420454252 765.01650523867624543 685.45868285087078675 537.35073558992985454 406.31244110737486608 330.65377665990797595 299.99654374885079733 199.98468858026282646 113.40692827472031468 149.59073214359341364 132.73527340392047336 20.987696666673148371 12.560108506413776297 3.3119752084215412502 0.49855368869293026357 0.10121943284526865869 0.091140635739711817198 0.088900261457008883381 0.071202283680617609041 0.051395402745658395893 0.036697497210471413664 0.012909799161552756863 0.006000843416968002289 0.012347489720429221174 0.012092076444645216693 0.0046300561292525813095 0.0015020693862968445293 0.0003153220741676990963 0.00035553206975472926568 0.00013891016526125171487 0 0 0 0 0 0 0 0 0 0.00072836863557355425221 0.0018475883163979560635 0.0050476945243551783402 8.789961299057916122 188.90909372043316239 102.86982730082607418 64.738730891345156238 70.537019490648418696 44.287704806926392109 5.2204495341033183564
nan nan nan nan nan nan nan nan nan nan nan nan nan nan nan nan nan nan nan nan 782.57352557105650703 826.91118361797191483 760.4009485983151535 596.56821365276323377 510.79739791008358907 421.08164445856266411 271.36115570233937433 128.66439425338157321 76.560126742541541489 103.07562337222945814 145.77797821447205706 40.493100674944898287 2.2183232040805789254 2.6447773570962036516 2.8257576410641203069 1.2657034256090260449 0.13429616543943850848 0.18283395907467903108 0.054243015328672442021 0.039745090063204452369 0.025948027850343120815 0.0065366338977323043199 0.0045608762226770202183 0.0031430120714089752366 0.0047023353106085633707 0.0025156427254148308603 0.0012038695794761940152 0.00074567883717802509007 0.00045122635492003199597 0.00021160547946824911155 7.4886589363061040799e-05 0 0 0 0 0 0 0 0.00025368720199335075558 0.0028976014101935176903 0.0039966162516679839059 0.0073282004123309705743 0.018177038007924348206 50.368581526880078059 28.691649227780050779 0.10538104589324912008 8.2043558524152029321 0.36755959556207001837 0.0098004048258132272359
nan nan nan nan nan nan nan nan nan nan nan nan nan nan nan nan nan nan nan nan nan 711.75379385886401451 595.26165477125687175 368.63529206011378392 335.80151064936774219 460.73122275963834227 523.78721117204122493 330.7892440820061779 100.80564491636832258 43.233133324123883767 42.033665912943988019 61.020327151473900074 9.6387932364591044632 1.3436099953377689253 5.2154714063788771838 7.5357184593520987193 5.040509163160052708 5.7443679236794276122 0.0634822933334709405 0.040015090319079300862 0.031675649550165121959 0.015361612180271421238 0.012034309075698905456 0.0081006805870490073557 0.0087881782322842619259 0.0068251556242008822387 0.0018646886976213640844 0.0010467046962400394436 0.00072554244118366167937 0.00035299490866847339342 0.00014557995181656790094 4.9342602969273946642e-05 0 0 0 8.8050484657301283432e-05 0.00070957016571903731329 0.077731879824850316774 0.0080539037323268808377 0.0051396799684761598076 0.0066460820762923060109 5.3336244103312777654 22.910464236028101226 56.529176539341534635 0.029608618164990968546 0.010988124068061017047 0.49626233706647604471 0.019822722745014995094 0.0071164452361515678075
nan nan nan nan nan nan nan nan nan nan nan nan nan nan nan nan nan nan nan nan nan nan 652.88725952244442396 441.80822657469849446 311.98642228604495585 314.08245529701019905 435.79587859827790908 500.12343645833902883 395.16760321851285198 24.286193740193635193 16.936940111223520944 42.759628965740041906 43.858735607160113545 9.9935838549053457314 3.3929822960679754118 3.1906981774627429793 5.3027427662693202848 4.5007583247470286381 0.054055637112597858251 0.035461455732194502311 0.031880286733365237328 0.020616768378693375863 0.01257180703630225195 0.0064100010299015545631 0.004838032577550980054 0.0042555504418393085009 0.0023710060114163688735 0.0016637972861388847842 0.0010380600342176503521 0.00057504854531055548707 0.00024938708280975292698 0.00011017151234255364927 2.8332695587065986399e-05 3.4154257319721871089e-05 0.0001975929248699612032 2.3728321059449726249 33.486006486014275652 28.553856854652625685 4.0120611144809394943 0.07305951430271338809 0.0086625372282653160388 1.0883074751740546837 43.127377975409828537 46.835146329800203091 0.021365293466355690655 0.0078393716559346706546 0.013914995728307464132 0.012923220086161004566 0.0050928093432246711314
nan nan nan nan nan nan nan nan nan nan nan nan nan nan nan nan nan nan nan nan nan nan 733.50125958744922627 505.87004452713404135 230.00243105979819802 230.73859854076738429 280.0466060888969082 363.47496452614399232 460.93423425247749492 263.40379516934308413 27.610742944867023851 16.964080390271949028 27.000246565225861417 27.962237924892395569 20.798944086915231111 2.8263827196683148912 1.2735304907938898022 2.0706200220978483451 0.060128529642709628578 0.037645103142199556889 0.031034880861085495374 0.020459119675599209826 0.01205922385708134946 0.0092605292744021381474 0.0073077903362606614485 0.0049971116637952343181 0.0031817984379895508824 0.0022700165348791593277 0.0015225831270865588206 0.00085775860992530917476 0.0007058550396395257354 0.00088675315147571098784 0.0019015057745945386329 0.0025811409306190791907 0.071394947227179206273 9.3449137698371007588 42.391220999700003347 121.15457901320084488 49.65014522513476436 4.3807381623486785216 0.014137168946864241831 0.019030100497941526 nan nan 0.43299847251641082613 0.0099369155189466436273 0.0080809197410339830836 0.24002976924410990289 0.0056046527174381122888
nan nan nan nan nan nan nan nan nan nan nan nan nan nan nan nan nan nan nan nan nan 351.12659867223675292 569.5064570053953048 351.12642168196475723 146.34354648350662842 139.18319629087949352 217.74988859663173457 300.58981545058503571 350.73862026252402302 333.22838330371973825 93.30915287603349384 22.831859396951550423 10.621454535094843052 29.163651698733659146 38.065111657078119833 6.2774071903567101316 0.066626281363473663366 0.36426091125189585807 1.0240952280051500711 0.17398301945188321405 0.038061275466082705732 0.026771944610667751385 0.017363504215851161688 0.01189013709121791891 0.0077836061814689667948 0.00577606436889400391 0.0036826896553704417843 0.0024764785948131941978 0.0017661865752436427517 0.0024680391636640961611 0.0059505947317821349107 0.44569073515557533494 2.18408285420109749 7.9692816398809807055 17.467916120134038493 79.644237011771338075 158.53122600836258016 169.97795371563168487 80.84246557075131534 28.839353426054668006 8.317906671102972993 nan nan nan nan nan nan 0.0093378971984459640393 0.0037196313504974888239
nan nan nan nan nan nan nan nan nan nan nan nan nan nan nan nan nan nan nan nan nan 422.84802507589262177 339.65957145243118021 268.2437855088801939 219.660686228959662 143.41001635209175902 177.21078904904086926 249.785418189164659 325.81699644055493081 390.34912114657316806 334.94579154656025821 82.133547607153772674 28.736098657280464863 35.223897190783574729 52.429071664052585788 10.928021831950278653 0.060181156672084921977 0.17946080659550209258 2.1711992166763214307 4.3122287220448942691 1.288529144848611141 0.088258762252106742752 0.032706424345297593903 0.022369270263342108662 0.018676042832392020232 0.0071651452229309457731 0.0066869506177653376816 0.012579553035089268559 0.014979186101723811902 0.5137867642786282385 5.1770216267307054281 8.9608485937951289912 21.275041845269779373 49.592630406201742232 73.522961757168360464 63.60837001261947421 nan 152.01234302510070506 nan nan nan nan nan nan nan nan nan 0.0077095153772717174567 0.0015848635162260156506
nan nan nan nan nan nan nan nan nan nan nan nan nan nan nan nan nan nan nan nan nan nan 544.57578927239751465 252.2873896966498819 261.75262083721395356 238.74710340799845198 205.79127310175863386 191.40056374829549668 211.88199522013093201 296.81475049644717501 311.51344031916755739 306.69053958456879627 91.148062573806086561 51.142364444654333511 88.256695534217655563 50.287902174316194248 8.9289343652432311416 4.9658379334310307485 8.7415490816241678829 10.972917437282559305 0.056995213982190671975 0.042626552656974153743 0.03996342187208486163 0.26215823560177337059 2.2875128583334030097 13.610791948471183233 32.534317858787176192 38.292799315313622799 53.054494062015855604 55.25108759887014287 70.442359907664183538 62.803870930035969877 55.523815360356628901 59.12766157549146584 270.72572817435593606 74.4320913084802811 nan nan nan nan nan nan nan nan nan nan nan nan 6.8689408293914937381e-06
nan nan nan nan nan nan nan nan nan nan nan nan nan nan nan nan nan nan nan nan nan nan nan 555.24557986529157461 299.34426075125134048 279.18752679137458017 274.55410696415952998 230.29395583988676321 157.32492151718133755 198.52450121936792016 153.5708456743853958 175.32072269743835591 58.781389954796452457 29.295922440113798757 58.382928707638008348 38.539831869119751673 7.303053405102766682 3.3098446557908789423 7.1326566786323661873 13.140796479322066403 0.25983604513542835068 4.1175955143900617728 14.514503109003261017 45.61862625367761126 84.497274710917707807 74.942177469341501705 42.413265260486795682 60.072704376846935759 95.922896209132545664 111.72727985601531486 128.10065052828127818 127.22433825744823821 316.16629857518927338 340.11666975964834592 131.52091680338170931 nan nan nan nan nan nan nan nan nan nan nan nan nan nan
nan nan nan nan nan nan nan nan nan nan nan nan nan nan nan nan nan nan nan nan nan nan nan nan 646.09612895471400407 532.59279532826383274 444.73887586448205411 388.51406933465199245 319.92876634417797277 197.03361318520160239 123.45466418309835888 136.90844783179096567 62.571235743051154543 60.58820986350683313 100.10840523426435311 108.30808130521710098 66.371103330031985479 56.465147120002185943 62.103579780288050927 89.070706985712092774 94.297467322202152218 95.18051645428130314 86.270366452340667252 66.728029692356386704 58.174865182891977611 61.39424176011978318 87.417178354750220137 158.55728410852981369 273.94610913005186603 326.29422134016147083 418.40153213571619517 441.04547794624340895 nan nan nan nan nan nan nan nan nan nan nan nan nan nan nan nan nan
nan nan nan nan nan nan nan nan nan nan nan nan nan nan nan nan nan nan nan nan nan nan nan nan nan nan nan nan nan 262.28660405044360004 204.63677655157167123 217.87375803240357186 212.62033852815949331 273.16482860970899083 343.1253137872367347 408.86677883087526197 471.3041689631966733 399.61429902465340547 219.21738468684532108 145.60558759483922131 90.557467448133877497 58.999872204791977026 62.809788342991893728 49.949674408815141646 65.096682590123478462 132.61345675296144009 326.33017009424969501 nan nan nan nan nan nan nan nan nan nan nan nan nan nan nan nan nan nan nan nan nan nan
nan nan nan nan nan nan nan nan nan nan nan nan nan nan nan nan nan nan nan nan nan nan nan nan nan nan nan nan nan nan nan nan nan nan nan nan nan nan nan nan 44.219886353228865516 47.35950591090928441 64.816668893408547092 74.228151083161890256 218.02692022882592937 345.49771624973379858 262.1200890855528769 nan nan nan nan nan nan nan nan nan nan nan nan nan nan nan nan nan nan nan nan nan nan
nan nan nan nan nan nan nan nan nan nan nan nan nan nan nan nan nan nan nan nan nan nan nan nan nan nan nan nan nan nan nan nan nan nan nan nan nan nan nan nan nan 58.630026300343047296 201.94116492315438904 156.05995768969154369 207.32432959681659668 nan nan nan nan nan nan nan nan nan nan nan nan nan nan nan nan nan nan nan nan nan nan nan nan
nan nan nan nan nan nan nan nan nan nan nan nan nan nan nan nan nan nan nan nan nan nan nan nan nan nan nan nan nan nan nan nan nan nan nan nan nan nan nan nan nan nan nan nan nan nan nan nan nan nan nan nan nan nan nan nan nan nan nan nan nan nan nan nan nan nan nan nan nan
nan nan nan nan nan nan nan nan nan nan nan nan nan nan nan nan nan nan nan nan nan nan nan nan nan nan nan nan nan nan nan nan nan nan nan nan nan nan nan nan nan nan nan nan nan nan nan nan nan nan nan nan nan nan nan nan nan nan nan nan nan nan nan nan nan nan nan nan nan
