results/rofental/swe_dates_2020-04-11T1200.asc
ncols        322
nrows        225
xllcorner    622802.488000000012
yllcorner    5178049.378999999724
cellsize     100.000000000000
[rows 168 to 195 of 225, columns 126 to 188 of 322]
428.63152342896080427 417.07303934353512886 401.1525990480896553 379.48792892025795709 381.89760599408941744 401.64770684766511977 390.42910592247244495 318.72637836553985835 282.91498840922753288 309.77782415960626849 330.29391794826210571 328.69339920516074471 325.41904112517090653 327.01454550983623903 342.72309028582412793 375.69421965415995146 383.53363598821550795 393.57753281971218939 400.50683762906464835 408.27211608767368034 415.54896751514934294 416.00541134780223729 416.5326607870148905 400.12431722257690581 388.27295996381201348 380.87948297461673519 389.21408618289342485 415.58063640526609106 422.29245791453217862 424.18572172939741449 423.57545938174808953 419.25707387074959342 419.12004830533214772 422.84206545792744691 435.01379109540744139 434.13576205921287965 439.64445436401956613 436.9591508320002049 431.6897433628428189 437.47783619629183249 452.24407579670025825 461.24388824709666324 464.50017337934787065 465.7618812452156476 465.4210630732889058 467.51172750087732766 473.21130943787824208 473.78327444108919053 472.17678652664869787 471.68846649310376051 468.89324783425217902 466.04791194351804506 490.15772688990500683 566.26318714571800683 nan nan nan nan nan nan nan nan nan
443.50422212335769245 431.57404023368030721 410.70510319389836695 381.84342781443660897 337.7068273658741191 nan nan 368.68916548698871338 343.68472782952233047 350.27822748771143324 365.20521209631652937 353.18152730541680739 330.91680253327501759 313.84926460038929008 309.00654841771574866 329.04118998536586105 342.96012905328973375 349.76015708587340214 347.17872036778402389 365.04881533447553466 393.1327281044037818 393.16437149898899861 390.68162304461804979 348.9102404809913196 348.92856726413094748 360.92796775066375403 392.44595220658891321 406.9035030600161349 410.45336539905923701 414.99274247698525642 415.91482865807893177 413.62100806044941237 416.63906897207630209 416.48158173674119098 417.8212063682229882 422.56629913118530339 430.63849163915176632 437.91562789432924774 439.62962998116893232 443.27904294652950057 452.74564776683280343 460.42147682895461003 463.48307644198666821 463.71669381115759734 462.65029118141706022 465.0576842164805953 469.71407443472401155 472.83914364015561205 473.03671023937533846 475.76855118198614036 472.93697969624878397 468.29380734903372741 472.4612133685527624 500.48159328966698922 nan nan nan nan nan nan nan nan nan
446.55781323636750813 432.27636131790853824 416.3674183618340976 392.07112359343034313 nan nan nan nan nan nan 343.15756351773910637 311.72002392904033741 307.38876755764266591 313.19671401649617337 312.88523308717287819 317.25568758608272901 325.0886675213049557 343.4514431587698482 347.92324999302496735 331.90211572961038655 299.4498938231710099 280.9373664058838358 287.1645414334183215 341.6002336452503414 351.1794476317313638 353.88742460676076007 389.68320563647057497 397.85832419129371829 401.08644752907497377 405.89329298624375042 408.57704529772286151 409.11331483026265232 412.00583690970029238 412.88386943699663334 415.51577557000814522 421.13637564355690301 432.33532333018217741 441.29120451532367042 443.86280668524955217 448.9697576367789793 456.70345889951215668 461.99854682492087932 460.53086844529889277 461.2082711883238062 466.82707221059729363 473.05078846420349237 473.36568690424439865 472.08170723668155233 470.8593429945835851 474.8938775969247672 472.33643228419356319 469.59915319777536524 483.71780870713712375 520.96170705925794664 nan nan nan nan nan nan nan nan nan
429.15577248167807056 nan nan nan nan nan nan nan nan nan 314.32011875032850412 280.73245086448667962 240.6334570077153785 244.66881729255879918 248.2623501868111191 245.03927630684512451 245.79491150466196814 264.72275160275700046 255.86808396463990789 264.26072369762391645 272.2311468486901731 272.8300515912044375 269.97611420153765494 280.41294435308623179 312.3587299400073789 327.83742578058445361 379.59382619287140415 388.58197283278934719 391.2002726071615939 396.89692264359570117 401.30460238968674958 402.75365241312988474 410.89766031575504712 414.39429307906402755 417.30327740255251001 419.64629590804531745 428.20005545472213271 445.30666950023595518 449.71155088365827623 455.6425967724787256 459.8743986016873464 460.34962333260585865 462.08204135592256989 468.64569811629860396 472.93687792797254588 472.16985722924562197 472.62146626766934787 471.27925941079712402 468.29023087571550832 470.28735438363275989 472.33379127541707021 458.66272201830986432 410.54004456435995962 426.75756662182311629 519.65582119192390564 nan nan nan nan nan nan nan nan
nan nan nan nan nan nan nan nan nan nan nan 259.09440377326387761 210.55534316617556101 201.28351361379338869 212.06443254266272902 223.48586526903056892 236.3359376685329778 241.75889098700901059 248.99139303261006262 247.20358051441525049 241.40198381049458476 239.6136625418318431 250.68552685028248561 261.02889093890763661 308.29083656595241791 328.68243721205737984 341.50406143912698553 355.5419818100943985 382.48981472188597763 389.88359492172349974 395.30010831560923634 395.62050835525997172 406.23721130807666668 415.6156423372084987 416.56404634469430448 418.10888992612939319 428.79641171666628452 441.75353443014455479 450.07570663169360614 459.0191796636427739 462.45813399694600321 464.28877568665961917 474.7871275263673283 470.07671952259738646 467.20268550037411615 467.50985479708572257 470.07432667136572491 472.56120587609797212 473.90241388252121624 473.01236122836149889 472.86223588937377826 472.71935639148671271 471.95208501566048653 478.83703765839368316 542.35566878228246424 nan nan nan nan nan nan nan nan
nan nan nan nan nan nan nan nan nan nan nan nan nan 208.29538089164191206 196.75600016505578083 181.00656893944827175 186.06759954869275475 194.40334703048631582 211.07038193612572741 210.75259334523411781 214.95620130448133978 223.85047856205028438 246.58737933249216212 287.130556208260316 315.38771394317058139 320.72612717844299368 330.05250052556016271 344.7001290058940981 356.44615857182969876 373.31343927209883304 391.96805821177315465 394.81339985099225487 399.70912490677397955 407.03917417259208378 415.2902335066016235 418.69194098032858165 428.81452796926271276 441.32438621717352589 450.42498430890373129 452.73305247157691156 456.29713946650315393 463.33231106991797787 489.84710770616396758 467.37093339571578099 467.25482327351858203 467.04659374589425624 469.35859741114347798 472.81787306891556 475.94117767896528903 476.30445025648941737 474.43807112037688967 473.22961344173563702 482.80695697937210298 505.62577131496232141 522.10505433247180918 570.66839581979036211 nan nan nan nan nan nan nan
nan nan nan nan nan nan nan nan nan nan nan nan nan nan nan 182.42635936439268107 170.49200761215627153 178.40364991319094656 186.11268863791809736 196.23448569818117448 198.35950295350153283 229.31661924050655443 270.05443748434163354 299.96799761171661203 304.77105103538207231 302.09440076369969574 314.68605248109008699 334.50845732239332619 348.41307922953274101 367.81605636604348319 386.25327953721364338 390.59552364119809909 393.26869972347901694 397.91174588409000989 408.09750825940045615 420.86632810604072574 433.90785159851338904 448.04324167945492263 461.66893023968287935 456.46368835035087841 458.1634331172871839 451.954370989137999 462.08068707598556557 482.55919702555831918 471.23537371523866568 472.53589229006661299 471.95783351841043896 471.81900116556357716 471.33024870443841792 472.52618998405233697 474.70517526173694023 475.83409424113972364 480.29601327565160318 534.52393764284079225 517.07533543273166288 nan nan nan nan nan nan nan nan
nan nan nan nan nan nan nan nan nan nan nan nan nan nan nan 191.82680388904404367 171.55257764106204377 180.71206654884997533 173.58895347391515429 161.05660792917663571 194.76542649027598486 241.02637650231997668 269.82456195611928251 283.24351215399792636 293.75038348176883574 291.88308163526141925 305.78525899743556238 331.27328711482095969 352.27371718124953759 370.49489131778204865 384.6486101938131128 390.12064325267050435 393.57480565821742857 396.26001051339972037 397.12190675942457574 413.58505865779125088 459.96770589568689047 490.93889738337958306 461.85269577792769269 459.44201788810698872 471.16289917127346598 466.67551128469449395 466.18180075412806218 497.38131900059715917 495.57156483505576716 495.06011137034261083 487.54116295320005747 479.98760628111131155 474.85746473959864034 475.12511593774547691 477.12029250114056822 478.75479127480559782 477.31531974101284277 476.8223685991184766 nan nan nan nan nan nan nan nan nan
nan nan nan nan nan nan nan nan nan nan nan nan nan nan nan nan 178.49121882298749142 183.60161745845152836 190.06054660063890083 190.88393586866774854 221.35522952749062142 250.73586218410503079 261.9087780450805667 275.26126270963374054 288.45692583064055725 291.05124217188352986 302.24627386006642382 328.60556666619174848 357.22514983556300194 367.89048562955866828 381.30477274131192189 387.20022291237046375 390.93931564555060731 388.51778289395940647 390.80051893733889301 402.24291749841296451 423.96272539313849848 473.18738219227793707 464.12560471760127712 461.42756916269121348 471.97003588169252453 478.1266738961631404 469.00748969736980598 486.73100704704268082 481.5678941384319387 480.53831808453639951 481.73252356354214498 488.16590586229875726 490.09462095247539537 493.22782718226056886 491.21482553627339485 490.87410997428332848 470.94070980334646492 nan nan nan nan nan nan nan nan nan nan
nan nan nan nan nan nan nan nan nan nan nan nan nan nan nan nan nan 203.99833280064322594 207.70417436915869303 209.99713425346166673 221.55102793460136468 241.2509622970427472 257.0591766290834812 272.00932579119114507 290.25913365891562989 303.49339452083694368 317.29854838127823768 331.44034065314338022 345.32593226204403436 358.05585746713808248 365.13787838672982389 374.28524171128344733 382.47536460621432752 391.51937403108354374 392.45132322935421598 406.49782938618807293 413.62761881249105045 449.00513987807778449 481.96227091086342398 472.70587834220287959 469.60976929185585504 476.41044155322413189 472.50046989098109407 499.10242096797890099 495.217854411942767 497.45298064572955354 496.51957268120611388 493.17764511067980493 495.37166972098685847 498.33995895141566734 498.26824641966481977 477.48087085543420471 nan nan nan nan nan nan nan nan nan nan nan
nan nan nan nan nan nan nan nan nan nan nan nan nan nan nan nan nan 187.99522069229811905 198.84725633371630238 198.3784542083538156 206.05845284209235047 224.98723129620475447 248.64326735351551179 276.03431978599678587 298.3895099154879631 306.20011310402691151 308.81308564053983901 330.84507846123767649 336.93072292626254693 332.88011401976950765 344.11641008434980904 361.70632375005595804 383.11838262691304635 392.46462505536487697 393.56459480706831755 415.53190463538078347 432.59378660794845928 454.23304591411391584 481.62460619904243231 476.55407488515447767 478.8140102616941931 482.35199503230165874 479.09546704854244581 518.98870250585446229 516.5313456532356895 520.30339428858781048 521.62724768035957368 521.32312631258525926 513.83691525371989428 499.92898065947287023 498.06335462998350749 498.90618941822174293 nan nan nan nan nan nan nan nan nan nan nan
nan nan nan nan nan nan nan nan nan nan nan nan nan nan nan nan nan nan 181.63517383249879344 188.88097298672471425 205.27466791240439647 232.25624880501086977 254.26950526400628405 280.51631735373041465 305.87472654890342483 307.82753563210036418 293.55497062546999132 309.36450631095510744 319.35706844528664305 319.4999229534757319 332.75786504243274067 341.85289145087597262 363.67885825961269575 388.74202987850844693 353.15417218276047606 315.48606153858059997 402.51327040560755677 442.64694173647666275 483.11116016726140288 487.97120944696428069 479.30204528847303891 475.30711307284440181 470.42022867581863466 528.49068642118174921 530.63653301524050221 534.92680149096668174 545.90775232539840545 545.70291710801222962 531.77813452888540269 509.61607575996083597 489.29392164558748846 nan nan nan nan nan nan nan nan nan nan nan nan
nan nan nan nan nan nan nan nan nan nan nan nan nan nan nan nan nan nan 185.20757397872245065 211.22419436124124559 225.72151312822106206 235.95728629045487423 263.23357710361574391 281.88819301691052033 292.94602546835164958 306.28421069274190813 293.02732922334882915 283.27306851916250707 293.51782083103853438 305.64442696213745876 325.4216615538653059 340.80719097337561152 367.99942005925993271 389.81697762897636039 395.61639959563581215 338.23596813047606702 267.99158996100749164 375.30532145243375908 459.03077375985611752 491.90934837103316113 488.78191017313042721 489.42085086650359926 483.28096746338542289 537.56961414098100249 545.17172999201829953 556.34691771676261851 545.00956893272098114 508.00222476055023435 515.98291132458678021 518.49138853985073183 nan nan nan nan nan nan nan nan nan nan nan nan nan
nan nan nan nan nan nan nan nan nan nan nan nan nan nan nan nan nan nan nan nan 246.11456672085455466 248.82486668852223488 262.90540669638545523 287.29457886673276334 305.38829765912311132 316.07133842839164117 311.61942840577637526 298.04590542267288811 316.60230291900757038 342.93585053652549277 350.61774015293497087 359.71495226833241077 371.46617866305791722 395.14778598209557003 401.89269410334105714 404.32177911461940312 389.73343525037813606 379.34485742297476918 443.18213876565278042 495.93004627368509318 504.27647130268968567 502.34275669402848052 485.11375137967070259 537.50630492688355844 565.51947613663935499 nan 502.57211954432239054 482.86640128558508422 nan nan nan nan nan nan nan nan nan nan nan nan nan nan nan
nan nan nan nan nan nan nan nan nan nan nan nan nan nan nan nan nan nan nan nan 265.38897628687266206 274.04383170684940296 272.95902005058530904 285.86758566210750132 302.74323542182128222 315.19022574708435513 323.0617251256550162 321.96635906838406527 327.62232087724260055 350.94596018726298325 367.90010360768729925 398.73999161435375527 423.72891090148527837 419.5338647902754019 408.42097995142023592 406.73745613277588973 413.12628224664422305 381.71924709013330812 411.05047786733314297 464.9152217896255479 501.01916122628017547 510.23578521019152276 515.54004715303142348 518.27686754192643548 nan nan nan nan nan nan nan nan nan nan nan nan nan nan nan nan nan nan nan
nan nan nan nan nan nan nan nan nan nan nan nan nan nan nan nan nan nan nan nan 277.48323828606351071 284.87938501744201858 291.71033934964839318 297.70351920159868087 307.60088057012939089 313.85589996807243551 322.82112791588298251 328.55316622215696043 338.80512122566329936 372.27543402089685287 421.80573237455013214 438.67852969627483617 444.69245702743052107 425.91432340918913724 421.80789982652186154 421.80841645576663268 429.82820920747354876 429.3914290109448757 427.55396641431906346 439.60487701800400373 473.63444302517035567 486.1435416262862077 478.12878164144314042 480.69309676891958816 nan nan nan nan nan nan nan nan nan nan nan nan nan nan nan nan nan nan nan
nan nan nan nan nan nan nan nan nan nan nan nan nan nan nan nan nan nan nan nan 288.5016553129179897 292.45266878928725873 298.29918657638813784 304.08575279376071876 305.36478605462275482 303.70317585279997274 319.04667209865738187 320.21139178999516162 293.97001338189011221 331.15763678957142702 423.4350206581697762 458.9506363574300849 423.28649805342098489 417.01307103328315407 436.68937507395855846 457.26628100447771885 470.76308923126072159 466.68376909705153821 450.37049537500138285 444.52483454374731764 458.25902770769346262 466.22486197676465736 471.0391828674557928 517.59215109001991095 nan nan nan nan nan nan nan nan nan nan nan nan nan nan nan nan nan nan nan
nan nan nan nan nan nan nan nan nan nan nan nan nan nan nan nan nan nan nan nan nan 316.63980596662486278 300.44021284645475589 303.45120644938037913 302.56224474421338755 299.71989308283866649 309.38603752392930346 312.23860941981092765 277.49673339801563543 265.12611522747431536 321.44917400057289569 447.63783597081260268 429.17508573140656836 435.32070148620732652 446.43818578316870571 484.23303756410825827 484.89937545793088702 476.18925478604751333 465.69019226606803841 453.93978162155985956 460.09058925448687205 479.38482261936331952 459.89060087007055699 nan nan nan nan nan nan nan nan nan nan nan nan nan nan nan nan nan nan nan nan
nan nan nan nan nan nan nan nan nan nan nan nan nan nan nan nan nan nan nan nan nan 281.02119107814570498 291.33001313537761234 303.52751804611267517 311.74484746314459471 309.91574250593708939 310.84285444088891381 315.05665483934240001 326.0718740534018707 311.32195246046819648 333.68444528321577991 461.4953127842578624 451.86431378884861942 449.800343626811582 456.39834270106643999 494.22141839197047375 488.46398287460533538 483.45031822814132738 480.75570343342809565 474.78167540399380186 475.36899291303978998 499.01281287536266973 488.60303436615146211 nan nan nan nan nan nan nan nan nan nan nan nan nan nan nan nan nan nan nan nan
nan nan nan nan nan nan nan nan nan nan nan nan nan nan nan nan nan nan nan nan 285.84564099719870001 284.16784216865698909 296.89844130746814699 303.95090028984793662 311.58407880130960166 313.94126806128127782 316.35024927333267897 331.2371339600721285 365.33385393173512057 391.46705712765736962 369.98699732809870966 429.61944211171334018 474.01995773091954334 468.32803398116971039 489.93879202465069511 487.01527870629973904 485.97845614956554527 501.72178052092937151 495.32252282598471993 487.38734678532330236 487.44389356232363752 489.20207779645181745 nan nan nan nan nan nan nan nan nan nan nan nan nan nan nan nan nan nan nan nan nan
nan nan nan nan nan nan nan nan nan nan nan nan nan nan nan nan nan nan nan 283.93675043456994445 271.923772778384091 285.28838409060131198 293.72551741814947945 303.8769795794177071 310.16075376684386811 317.54119508646141412 326.95985604570580563 319.6936359439955595 331.09473733378223415 321.65608489923323532 300.08091489785834938 276.60691348240527532 333.17323126358922991 415.43899006546575947 416.44809289353872828 467.28231197795855678 481.45210472945041147 505.06880367530669673 505.60560873294843987 497.11774751241034664 482.8264495944540613 nan nan nan nan nan nan nan nan nan nan nan nan nan nan nan nan nan nan nan nan nan nan
nan nan nan nan nan nan nan nan nan nan nan nan nan nan nan nan nan 327.75706752200085248 264.09630322831947069 271.23535144470304203 293.38157636907260439 298.25515806907941396 296.73041307851929105 310.94092795541325813 318.72553216738464243 324.76993919822723456 333.53196722099880844 320.90648982781908671 328.77275810770356657 311.38401753841645814 339.2580244622992609 414.26106607293365869 401.52381292011267533 308.53669710101814871 302.96719920902557988 nan nan nan nan nan nan nan nan nan nan nan nan nan nan nan nan nan nan nan nan nan nan nan nan nan nan nan nan
nan nan nan nan nan nan nan nan nan nan nan nan nan nan nan nan 343.56619059451907106 299.14064737964207552 279.12748238230039988 296.42703866918742506 313.97241505560123187 318.04347387157213234 309.85000043699068328 309.81139397907242028 320.45151963387934302 331.64569359797735615 340.07463395868455791 314.36419579214867781 344.83398364025947558 389.64397632883753886 331.91331460958008392 328.72803448970307727 419.4523968602225068 nan nan nan nan nan nan nan nan nan nan nan nan nan nan nan nan nan nan nan nan nan nan nan nan nan nan nan nan nan nan
nan nan nan nan nan nan nan nan nan nan nan nan nan nan nan nan 330.72613043968772217 287.57710016016591226 321.87450464926473614 328.64729064178402496 328.26771033458993543 331.78174572846683077 332.87913470298968832 317.87055139574641771 315.84349603419900632 330.15887080021076372 352.96768006269780926 335.78766414561312104 323.59508131131622122 380.80132110650134791 362.62660260068253137 327.38425039509178305 nan nan nan nan nan nan nan nan nan nan nan nan nan nan nan nan nan nan nan nan nan nan nan nan nan nan nan nan nan nan nan
nan nan nan nan nan nan nan nan nan nan nan nan nan nan nan nan 334.08474436467474789 339.23091382261998206 351.68427846707584195 349.11560106454118113 344.53266998975163915 345.42365794364332032 352.03685994825139005 366.27814838506981232 371.85063181567028323 367.53883630839482066 368.07615804611305066 371.45525281505797466 290.30397353180910613 nan nan nan nan nan nan nan nan nan nan nan nan nan nan nan nan nan nan nan nan nan nan nan nan nan nan nan nan nan nan nan nan nan nan
nan nan nan nan nan nan nan nan nan nan nan nan nan nan nan nan nan 379.87091679397548205 387.97710783974457627 373.18995452648874789 366.17082938871249098 366.14224376349039858 361.03248413522942428 370.12962761158985359 396.06634793402611194 411.14906212271307595 376.02903223194635984 nan nan nan nan nan nan nan nan nan nan nan nan nan nan nan nan nan nan nan nan nan nan nan nan nan nan nan nan nan nan nan nan nan nan nan nan
nan nan nan nan nan nan nan nan nan nan nan nan nan nan nan nan nan nan nan 401.62165445283085319 405.82745061485297811 399.92053364449373021 409.92540197907374022 409.84448845605527367 nan nan nan nan nan nan nan nan nan nan nan nan nan nan nan nan nan nan nan nan nan nan nan nan nan nan nan nan nan nan nan nan nan nan nan nan nan nan nan
nan nan nan nan nan nan nan nan nan nan nan nan nan nan nan nan nan nan nan nan nan nan nan nan nan nan nan nan nan nan nan nan nan nan nan nan nan nan nan nan nan nan nan nan nan nan nan nan nan nan nan nan nan nan nan nan nan nan nan nan nan nan nan
