results/rofental/swe_month_2019-11-01T0000_2019-11-30T2300.asc
ncols        322
nrows        225
xllcorner    622802.488000000012
yllcorner    5178049.378999999724
cellsize     100.000000000000
[rows 140 to 167 of 225, columns 63 to 125 of 322]
nan nan nan nan nan nan nan nan nan nan nan nan nan nan nan nan nan nan nan nan nan nan nan nan nan nan nan nan nan nan nan nan nan nan nan nan nan nan nan nan nan nan nan nan nan nan nan nan nan nan nan 193.02877401380141009 183.97972121954458657 159.5822324010876514 141.79155071895024776 137.5884852669334748 134.97139952892433712 132.43950763070068888 131.47913251273811852 130.80115055922411216 128.9678513782623952 125.96775142280819182 123.75017208121852264
nan nan nan nan nan nan nan nan nan nan nan nan nan nan nan nan nan nan nan nan nan nan nan nan nan nan nan nan nan nan nan nan nan nan nan nan nan nan nan nan nan nan nan nan nan nan nan nan nan nan 184.69493266007523857 167.64392006530727031 169.03478696410616067 148.98281890550342155 138.46202167534639216 137.3499027533260346 135.01829711828921177 133.21152690348742453 132.14820760625713092 131.08611744750288608 129.63773321576752551 126.59226321597543574 123.38163381889569337
nan nan nan nan nan nan nan nan nan nan nan nan nan nan nan nan nan nan nan nan nan nan nan nan nan nan nan nan nan nan nan nan nan nan nan nan nan nan nan nan nan nan nan nan nan nan nan nan nan 151.6335684018988843 140.2860016811225421 138.18239849795074292 136.95170345882087304 148.04705627529742173 149.65146934456652161 136.68059463561473876 134.05089182858185382 131.04388745994899068 129.13143924364320014 127.5074187435030808 125.82953198103466264 124.05512883562596471 120.84245688254607387
nan nan nan nan nan nan nan nan nan nan nan nan nan nan nan nan nan nan nan nan nan nan nan nan nan nan nan nan nan nan nan nan nan nan nan nan nan nan nan nan nan nan nan nan nan nan nan nan 143.04565388717654173 140.25905958499987491 134.77131673062484651 131.93114908085402703 129.91746924459280876 130.85017216113649852 137.8664136145595478 156.94869750856796031 133.26326876750073325 129.8218403683732447 127.35947050499682121 125.45842173686327214 123.41438374638451592 120.47315930888967728 117.77457762694740495
nan nan nan nan nan nan nan nan nan nan nan nan nan nan nan nan nan nan nan nan nan nan nan nan nan nan nan nan nan nan nan nan nan nan nan nan nan nan nan nan nan nan nan nan nan 180.8044777145163664 148.22759177162251376 137.95231270395058232 137.26175646753969772 136.47829834723074782 132.94471365291767029 130.24905580520461967 128.13258354202912415 125.759751273744115 128.04440622734364297 132.92186005191558706 134.69104630656264021 132.05830827851593767 128.69411249862039881 126.07451116379301936 124.24385715328719471 122.53751962888253502 119.81757828249799047
nan nan nan nan nan nan nan nan nan nan nan nan nan nan nan nan nan nan nan nan nan nan nan nan nan nan nan nan nan nan nan nan nan nan nan nan nan nan nan nan nan nan nan nan 136.75475937594507059 136.95072592591779426 137.87297768869979109 133.68196182842680741 132.05208855343491336 134.01119990392038517 133.57271837834022676 130.75584266223162899 127.36853540657939732 124.66744447759768377 121.74715162015246506 123.2363171015635146 127.04062443686149209 129.73098668949006651 130.52035305430101175 129.5830539472620444 127.00027162733354658 123.54798073553740778 120.07959079922618173
nan nan nan nan nan nan nan nan nan nan nan nan nan nan nan nan nan nan nan nan nan nan nan nan nan nan nan nan nan nan nan nan nan nan nan nan nan nan nan nan nan nan nan nan 132.94879474042457446 132.75203238548732543 132.08768400958527423 132.24260165789220878 129.00004256835219962 128.34433473106756196 127.60497957106528588 127.72241128217726214 126.04327593988135447 124.57873579556621735 122.0262892345518253 117.08141302108644766 117.36217021033060348 120.02799870203558896 120.52212055071269958 120.69067971435224251 121.35762115894672775 121.52637683132952873 118.16977920853156547
nan nan nan nan nan nan nan nan nan nan nan nan nan nan nan nan nan nan nan nan nan nan nan nan nan nan nan nan nan nan nan nan nan nan nan nan nan nan nan nan nan nan nan nan 136.46647480782115736 134.12160761862617164 132.09571668571049941 130.64678060244415292 129.89141658087734754 129.31395869138984267 128.35449452437489981 127.67805761596413561 126.30730527418661779 124.61666933884499997 123.50747928907323114 121.08672477169234583 117.91889645435472289 114.19621513055062678 113.1414378363301978 115.08882627691848199 113.47869663501215598 114.50135118520941546 108.24505074229452362
nan nan nan nan nan nan nan nan nan nan nan nan nan nan nan nan nan nan nan nan nan nan nan nan nan nan nan nan nan nan nan nan nan nan nan nan nan nan nan nan nan nan nan 185.87371538089277578 157.11706496894271368 134.788431095169841 132.92026097981090516 132.25844025087232581 131.34694001248652739 130.31028584327688691 129.49767414859937276 128.71411711522219434 127.565179269349386 126.0396065683795257 124.48269296195418576 122.59726463582869371 120.92467991191006149 118.59490248475444218 115.01900005187074782 109.88248297152047428 102.87209527768763451 100.3344816108386226 98.303278076874534008
nan nan nan nan nan nan nan nan nan nan nan nan nan nan nan nan nan nan nan nan nan nan nan nan nan nan nan nan nan nan nan nan nan nan nan nan nan nan nan nan nan nan nan 190.47084003818324049 175.11875972952853431 141.13434277312290988 133.50926501524111245 132.43244181115713332 131.5356538646074398 130.62271273406437899 129.87708757394338477 128.80775023555474945 127.18243688975094585 125.43982414103633971 123.91291436798843506 122.23161725248586151 120.51945840701735335 118.56725325919718728 116.69609026418407893 113.5813227142336217 110.028388811304211 101.13621280561390847 94.68604858753370479
nan nan nan nan nan nan nan nan nan nan nan nan nan nan nan nan nan nan nan nan nan nan nan nan nan nan nan nan nan nan nan nan nan nan nan nan nan nan nan nan nan nan 196.33257170987081963 179.54286578135045715 160.18783325464593759 157.82989249459546954 146.0552071926525457 134.94032989151111224 132.70248379631289026 131.96127477193778077 131.59947165384485857 130.23088238512684711 128.84423601446272301 126.9047320100679741 124.59201305950116989 121.85278312897207798 118.74820092550082506 114.6200789277284855 109.88726197777197058 105.62646154434861501 102.57037218455091931 100.93288358316938513 99.022381012845684722
nan nan nan nan nan nan nan nan nan nan nan nan nan nan nan nan nan nan nan nan nan nan nan nan nan nan nan nan nan nan nan nan nan nan nan nan nan nan nan nan nan 196.97266004120581329 191.63195137956861913 181.16346978308183679 182.87249523029768739 177.71748148069912077 171.65460330562731883 168.93677455509435958 165.32747441176499592 156.23045625044812823 152.12824161196570572 153.31849239768055781 146.59554882434659362 133.39610114470394819 126.77711915992489367 122.78930465514774539 118.92097611020335535 116.18817650768761496 112.11344732143875547 106.29926346320223729 101.97042645684619799 99.845513156685200329 100.35995744101533944
nan nan nan nan nan nan nan nan nan nan nan nan nan nan nan nan nan nan nan nan nan nan nan nan nan nan nan nan nan nan nan nan nan nan nan nan nan nan nan nan nan nan 188.50916721026288769 184.57680693642220149 182.55337148639344491 178.04469174818177635 173.46592823853478649 174.690873705030981 178.49752666262099865 180.0216287949547791 180.41617029866037569 171.19540221986298434 165.30008703978512585 157.34399933225483892 146.22431090576466772 126.28091778317444493 121.19958898613511167 116.86358692538976811 112.68135735018347532 107.13284473313363776 101.35226813453996897 102.06867854868852419 101.83991942277964426
nan nan nan nan nan nan nan nan nan nan nan nan nan nan nan nan nan nan nan nan nan nan nan nan nan nan nan nan nan nan nan nan nan nan nan nan nan nan nan nan nan 204.55005356123919569 195.76685656561630822 194.3481824373439224 191.66004549175829652 188.13284685167494104 184.03561102093192403 185.64249218922554974 189.35641980967807285 191.41590474812667821 192.87432461967915742 191.87269821711836926 190.205017566551561 178.34817902117544008 149.64837766736332014 126.90649140551163043 121.54628943517057849 116.76784445862097073 111.75631171858658774 106.89186881179411159 103.57226084318034509 103.58807956197661326 102.86871293621798884
nan nan nan nan nan nan nan nan nan nan nan nan nan nan nan nan nan nan nan nan nan nan nan nan nan nan nan nan nan nan nan nan nan nan nan nan nan nan nan nan nan 210.53682661443647817 204.5557483578173219 198.1245724714412404 194.66394394593925199 193.52413706742072463 191.78467077559974996 192.98516135409738581 196.57172178704297494 176.91592264193792516 132.51457072012112803 129.17027294196785192 129.9447465930130079 128.86935524328691827 126.227864097701584 123.4289129401987708 119.43691993277482766 114.34257235407453379 109.33967426434162462 104.92686267784506526 104.56167450098035943 104.04163438924467755 103.3153506934115029
nan nan nan nan nan nan nan nan nan nan nan nan nan nan nan nan nan nan nan nan nan nan nan nan nan nan nan nan nan nan nan nan nan nan nan nan nan nan nan nan nan 212.80935710930077676 210.79841994936501237 207.14499605028697715 198.40878856221686988 191.63981811027665003 193.72792918573577481 188.06562305270028901 146.21532013681070339 133.14282196477347497 128.03352872209441671 126.06329459120757974 125.88788440004449853 126.63432281538374014 124.44235141209503581 120.48426130507914422 116.87228379708085413 112.57286774551491249 107.70350916454080448 105.35590791280223755 105.15764155751755027 104.49462354661348229 103.85216419694536683
nan nan nan nan nan nan nan nan nan nan nan nan nan nan nan nan nan nan nan nan nan nan nan nan nan nan nan nan nan nan nan nan nan nan nan nan nan nan nan nan nan 204.77949274514119793 205.81944437856333252 200.95303954170864813 198.18508602930492657 194.24591907928359547 157.0412001223073446 135.4420444293284902 132.95226250636656573 129.9895329971826925 126.52763652716043907 124.04650062343478112 121.73120675032087945 121.54598276258114709 121.0808050252269652 119.84366919722796752 116.82052432642484519 112.07766577432595057 106.54018517770953167 106.23654330477063468 105.83085987734672528 105.30619935417391275 104.46468425683866599
nan nan nan nan nan nan nan nan nan nan nan nan nan nan nan nan nan nan nan nan nan nan nan nan nan nan nan nan nan nan nan nan nan nan nan nan nan nan nan nan 175.58773561202531255 168.67060306353550914 175.48882415673617174 154.4445498894158959 142.89913206792897427 137.34845404193188756 135.32554522101557382 136.81724597136718558 137.13997643225673073 130.51980977821324359 126.83323758931737757 123.69123554243206797 120.93230172928718957 119.44936669978511645 118.19790022430612453 116.40461300121795318 113.95552698023192306 110.24263977411148119 107.06174518272077023 107.29295819018858538 106.53246589713545234 106.1222332231586023 105.15019828977720806
nan nan nan nan nan nan nan nan nan nan nan nan nan nan nan nan nan nan nan nan nan nan nan nan nan nan nan nan nan nan nan nan nan nan nan nan nan nan nan 152.03407891720218004 149.59867770932132203 154.31371159267902726 173.82348656864996883 173.69850247794204279 164.91896687448655712 153.58122232463406931 143.84347118214586203 144.43436611207988562 145.99279347444530686 140.29258994767275226 133.70518950040212758 125.77618375494382974 122.19229227931066362 118.81794747818739211 116.87351113448249862 115.09169443843816794 111.9807504655435082 108.11447743290047185 108.49843212342895526 108.15284661195035198 107.52702240254046728 106.83194198289899646 105.72718122908231919
nan nan nan nan nan nan nan nan nan nan nan nan nan nan nan nan nan nan nan nan nan nan nan nan nan nan nan nan nan nan nan nan nan nan nan nan nan 195.01160926275184693 145.43652834082104164 142.04723569591075716 142.18666867892181926 142.5273067625005865 156.26153232652850988 181.19598099123473389 188.96291456286044763 179.36158907738808921 159.8432620663633088 148.39730833128803056 142.38678661848970819 146.98754485691026161 141.49064004207792777 131.77825416105710588 123.36239950625810025 119.30484285983752102 116.78307212922400993 113.82322679995070303 110.17313016892190092 109.29167159899634498 109.31161993165771662 108.84611159365137212 108.27131391923498427 107.38430740540015051 106.31223958306676991
nan nan nan nan nan nan nan nan nan nan nan nan nan nan nan nan nan nan nan nan nan nan nan nan nan nan nan nan nan nan nan nan nan nan nan nan 173.64924451882433232 150.38725504491208085 140.4803254520832354 139.33796536949071765 138.92365740187375422 139.28312441079808082 139.54228220213312284 143.21543224578979903 166.38845422964149634 190.87599217318557976 184.53599112778573499 154.17138606577358928 145.00293712121390399 137.10144761142623793 130.50102539053793294 129.7332486459359302 123.18554403800725083 118.47545702555422054 116.39102996192791295 114.45413033782689638 111.24685481164101475 109.98617763077945142 109.71060030575770838 109.57264112971657255 109.1377737470994731 108.12009620338838545 106.98007771630949492
nan nan nan nan nan nan nan nan nan nan nan nan nan nan nan nan nan nan nan nan nan nan nan nan nan nan nan nan nan nan nan nan nan nan 188.35686912148614169 141.71850786643318543 140.16114580821687241 139.34639999755603412 137.79217725150138563 137.32671948592150102 136.51338434132412658 136.51162307855113909 136.75195654523338362 136.89561716696761096 135.33872643008888303 135.19491340939228508 186.67702929964210057 191.4511232349213401 178.6343768475314846 163.60125677901277186 148.03853908705593767 136.84102176960124098 135.76015359648530989 136.50725323539828082 118.58265991942103312 114.86064025221691054 111.16662343358649423 110.79866213180096679 110.84464710490800599 110.77473527981341306 110.19309918270553794 109.01523097819833197 108.4007229603795821
nan nan nan nan nan nan nan nan nan nan nan nan nan nan nan nan nan nan nan nan nan nan nan nan nan nan nan nan nan nan nan nan 202.44992042565814927 189.80939687321836118 156.67796367889664566 141.47626008878501125 139.49480902506695656 137.00997627215716079 135.51854856242795222 135.04870033665648066 134.82953862525201316 134.23485879355277461 133.87690556050392843 133.67932933299294973 132.92648690583169468 130.85454456498240461 129.1465945074025683 131.6589891776542629 150.96718604211218917 160.49971157625634532 160.74842975644827447 169.22799857394534229 166.56302506296165689 151.70929257645494204 128.14891240949532403 116.866363460638226 113.07359663730370869 113.12766496860621146 112.33974346699172031 111.91751275979750346 111.24038387389737181 109.93633017677043995 109.11730841972645578
nan nan nan nan nan nan nan nan nan nan nan nan nan nan nan nan nan nan nan nan nan nan nan nan nan nan 224.48899981531394587 217.06422193856619174 211.73860869347001312 206.79024982038146163 199.1218816551631221 186.23498323757050343 175.33642882193598211 168.43364283786331725 160.24908524210502492 144.30488888885523124 140.50871131007673398 134.94746136672245029 133.21351917336693305 132.73619637658481452 133.04041075778812342 133.64460415078727351 132.98183920865059804 132.26567945346920396 130.45867483125931585 129.20491880021603492 126.64514339366697016 124.68333980703692987 125.49020171030910831 126.69705381376547848 124.24204546791590076 123.26321914659507684 122.29041422940643713 120.85605093750248784 119.26656529218675473 116.28839046047791328 114.52841240318377913 113.84713840722660905 113.05375396727164627 112.69141498132155732 112.17524311696269024 111.00795921106578135 109.93499714715370885
nan nan nan nan nan nan nan nan nan nan nan nan nan nan nan nan nan nan nan nan nan nan nan nan nan nan 221.49052786076455845 210.53241557364304981 205.42800605339979825 197.35198289583860287 188.36416750518910135 183.29429307011236006 172.68332973709260614 165.45164634670854298 166.61112015373052486 154.57291758462287135 146.67021348372645662 135.12992673259898879 137.29689438796731338 133.72280054121458193 131.749233005417409 131.13292126272003202 131.25760349925195669 131.18368269692314243 129.57686611071605398 128.25438528230799307 126.87654872959252828 123.91495828997597073 122.97412043837158535 124.44898719286547362 123.65477563826428309 121.36698634598337776 119.99473169716260657 118.04961187249342913 116.80439193997382574 115.40148854706518478 114.93992126333272097 114.00730497317736933 113.41932749864973573 112.98198560772688381 112.39515227624907823 111.666338485513009 111.44824767761174655
nan nan nan nan nan nan nan nan nan nan nan nan nan nan nan nan nan nan nan nan nan nan nan nan nan nan 223.83902759174313246 218.95986767130077055 212.93307889326953841 204.22450029116492942 195.56276961641219714 188.70217891121410503 179.15404452119091161 165.67084123548798402 161.31802325805685427 166.31763997437070657 164.24625202976577043 144.76691018012266454 137.53354434319902566 133.17329130628417033 131.40194648215776851 130.05998206993282906 129.26668995520324756 128.7269946636450868 127.69488875422972285 126.02839763118586802 124.46036876210735045 122.19316872680153097 121.1526801975962826 121.14940307113555207 120.71707956230241621 119.06673266745124806 117.39852974788952622 116.36989934526555146 116.89883000393170676 116.66295551181752899 115.11731885522127072 114.21292823770758673 113.61541136391933549 112.96262837531683942 112.36347652323391344 111.89747011483294159 112.44817266645820553
nan nan nan nan nan nan nan nan nan nan nan nan nan nan nan nan nan nan nan nan nan nan nan nan nan nan 222.22304609827534705 222.53036883366101506 217.27351766450900072 207.87894258500958244 203.56360657145714299 194.69266537063376177 176.08355710233689706 169.81902991681272397 153.98757192405878413 161.81867508832090152 170.68541690158343727 153.1939193164916162 133.16883442009967098 132.28588494365632755 132.814415015207544 130.85492860144290717 129.3922880279939136 128.82460955798899249 126.61659592609200331 125.43527844288040285 123.74052232591256484 121.74705475296624968 120.45585541160426146 119.72571078323237259 119.44065736191672045 118.88225725746478645 118.39026455161217655 118.11595687532600607 117.38799910998498888 116.35954789594993031 115.24183010848996389 114.48016018765558499 113.80270363271895917 113.03545164390754962 112.47622914135295957 112.79285310336491932 115.67537915530063231
nan nan nan nan nan nan nan nan nan nan nan nan nan nan nan nan nan nan nan nan nan nan nan nan nan nan nan 211.79823110885811843 201.62318040114462292 189.39111616821679718 185.33278036452645665 200.25972176397081626 203.02916819441199436 189.05394051147223422 171.36512914669052066 157.74263823713062038 155.22441879982892488 160.8512359909485383 139.05101865922810589 131.64557350943698566 137.49860210085586232 139.78421681725396297 142.46787806824758604 141.77547977667188661 136.63162605875152167 132.39761502438247476 133.65584397415318563 127.45815894440427485 124.20594320084418882 123.77929184496491644 125.70139682573478979 126.21052580922196285 120.45162354261307769 118.16214708413826884 117.35623115063599187 116.51831662531392908 115.92139894107178577 115.00926004528902524 114.08694801793201634 113.50025344610040179 116.12964987036340858 130.60310863267901027 145.32357812392706364
