results/rofental/swe_month_2020-08-01T0000_2020-08-31T2300.asc
ncols        322
nrows        225
xllcorner    622802.488000000012
yllcorner    5178049.378999999724
cellsize     100.000000000000
[rows 145 to 173 of 225, columns 64 to 127 of 322]
nan nan nan nan nan nan nan nan nan nan nan nan nan nan nan nan nan nan nan nan nan nan nan nan nan nan nan nan nan nan nan nan nan nan nan nan nan nan nan nan nan nan nan 23.98826822524360125 25.350001861718041596 26.166973246049018087 17.463084630268934205 15.525510196858496315 16.341962537845045489 14.87457542672211197 12.141050837025684217 10.086284577383240801 9.3531294011369627839 8.9045074413780263001 9.2387199339833898648 10.749879269239592361 11.519192209951434336 11.081003334944265148 10.196038003723366216 9.0381641952987976651 5.4669549175197724722 5.1396722895216049309 4.8055942206598230015 4.5528993369354697762
nan nan nan nan nan nan nan nan nan nan nan nan nan nan nan nan nan nan nan nan nan nan nan nan nan nan nan nan nan nan nan nan nan nan nan nan nan nan nan nan nan nan nan 16.656935495397885205 16.637780200255559038 15.071379892513276033 14.883853141660843278 12.092237526861218555 11.363578777601691883 10.753965751982869747 10.638529945789995779 9.4541517151073044545 8.8476672445301716152 8.1448785810673420826 5.3007035820502581558 5.3248881902541116418 7.9648335918020309876 7.9420441777474222178 5.4628631602368775688 5.4578019728567168656 5.4387265011065197839 5.0679902754836589907 4.9093813492738282989 4.6390369193299187955
nan nan nan nan nan nan nan nan nan nan nan nan nan nan nan nan nan nan nan nan nan nan nan nan nan nan nan nan nan nan nan nan nan nan nan nan nan nan nan nan nan nan nan 17.643900486944691153 15.661377325779051617 13.775127197477532448 12.332449598314928707 11.556990922592959237 11.155795534436236949 10.671489855165241067 10.230040212132385236 9.6330353355359168432 8.8087482313401892497 8.2923211047773648374 5.4140971878854564636 5.2099500678273846788 5.0662257459001676096 5.0302982984531325883 5.1270741257524745649 5.035993218687518258 5.0144015633805141263 4.7312836508844222649 4.5125037271342218759 4.1826342226153414572
nan nan nan nan nan nan nan nan nan nan nan nan nan nan nan nan nan nan nan nan nan nan nan nan nan nan nan nan nan nan nan nan nan nan nan nan nan nan nan nan nan nan 58.244652064634109934 19.740098887487082635 15.091130764825139821 13.380998057463246553 12.87327079687010567 12.276809690969358257 11.66352260932323226 11.061569703716100932 10.621291687095988365 10.08348560818564188 9.2657074057303407955 8.6584420133845156897 5.5718481581862651097 5.3981010445180546142 5.2433013609031666746 5.0511624211865964185 4.8858231649772747573 4.7013752187770414537 4.4975204297487856309 4.3380242297351028213 4.1057357550354529607 3.7616979190234900443
nan nan nan nan nan nan nan nan nan nan nan nan nan nan nan nan nan nan nan nan nan nan nan nan nan nan nan nan nan nan nan nan nan nan nan nan nan nan nan nan nan nan 257.71375360737141591 42.339318027464763361 16.217785164846070245 13.970683058234186547 13.386700113502687515 12.837820194685285458 12.211344422113088015 11.782389245088589647 11.04426627219416801 10.271158789875414641 9.3478612437383858946 8.7561803816579200088 8.0839791730846251028 5.4714971371497638231 5.2913028908560848507 5.1561454581074528392 4.958723926582080388 4.7939076230333679263 4.3558237733935607494 4.0595846128821246879 3.7536501744107284573 3.6297979032211715733
nan nan nan nan nan nan nan nan nan nan nan nan nan nan nan nan nan nan nan nan nan nan nan nan nan nan nan nan nan nan nan nan nan nan nan nan nan nan nan nan nan 299.46171745302376621 195.35348938602888325 23.068439207417352321 17.720264295263564946 15.541608877602428151 14.58937625119320991 13.911871951991294338 13.101900461162628631 12.899325723071349614 12.162441927956200161 10.946154935526026364 10.032572947434553967 9.009823527238912888 8.1682408645368518307 5.3967505153494848003 5.1232124713878839373 4.8963236227691986358 4.6895215263602558764 4.4421761266178405592 4.2456132380608018195 4.0291895588934094619 3.8541345142796594736 3.7816439348686152755
nan nan nan nan nan nan nan nan nan nan nan nan nan nan nan nan nan nan nan nan nan nan nan nan nan nan nan nan nan nan nan nan nan nan nan nan nan nan nan nan 330.29187599444628631 354.27045169645333544 169.71922501423151175 137.24344393737413839 23.225032611561122309 18.669313972078697361 17.158075157006528855 16.50822237649342128 15.39153347344848477 14.883731413903049656 13.75187322831638248 12.59005175736581883 11.40338749483488634 10.070585766338071565 8.4580273155029477294 5.3174360035304122363 5.1234472630992051734 4.9382540797533458488 4.5913178061936763541 4.3601441322848346616 4.1756991176624520534 4.0712054840859241978 4.0138373193168437325 3.9194225986113440108
nan nan nan nan nan nan nan nan nan nan nan nan nan nan nan nan nan nan nan nan nan nan nan nan nan nan nan nan nan nan nan nan nan nan nan nan nan nan nan nan nan 303.68008023821266761 113.00145819199794062 111.09198833083698332 26.508072898147705843 22.406101299060580345 21.785300965476558588 21.484761858746523444 19.098433450176930393 20.41078399411987121 16.460355826181654493 14.923288001393824942 13.394467484494077425 12.065620242155794983 10.0148079064943758 7.9686147282261279301 5.2091856925583090998 4.9874427117391508801 4.6316767270271022028 4.2795638862398073243 4.2433076277633450246 4.2064841666050938329 4.1384794173041159482 4.0566547405052491015
nan nan nan nan nan nan nan nan nan nan nan nan nan nan nan nan nan nan nan nan nan nan nan nan nan nan nan nan nan nan nan nan nan nan nan nan nan nan nan nan 532.14912158875085879 356.91218185359213066 220.17423052062807187 224.71492195411764214 168.20015818189509105 26.685212028922453698 26.581002714380531415 26.879317039621451357 61.994579074104187555 141.44810137694122432 136.22261393162852983 132.83622281122194408 21.123349125459824904 14.539694556979405604 11.356390386698061334 8.5641041424158608208 5.2856168255224256214 4.9830764945840106961 4.6330140061985174427 4.3758011724086127714 4.3857349343153506638 4.3283222224831474634 4.2580322101166716564 4.1777084702427105256
nan nan nan nan nan nan nan nan nan nan nan nan nan nan nan nan nan nan nan nan nan nan nan nan nan nan nan nan nan nan nan nan nan nan nan nan nan nan nan nan 674.16803490405663979 551.51798672816858016 326.20193642184943883 239.90523839797572236 218.97294900425424657 145.09840406351460729 141.35428579212765499 262.68050441189177491 110.48623710825881972 24.608750822218979692 17.972575699828787776 19.068015724934035404 16.073092302915181762 12.785227443454560969 10.541731335341095743 8.2627502692644281268 5.1994928351117373211 4.9410875123339170756 4.5504200238856915561 4.51699798466504987 4.494389964512527591 4.4346320274397053041 4.3708112916479198162 4.2962338157700417085
nan nan nan nan nan nan nan nan nan nan nan nan nan nan nan nan nan nan nan nan nan nan nan nan nan nan nan nan nan nan nan nan nan nan nan nan nan nan nan nan 712.51340874550328408 691.23213999670826979 609.30019482713669277 404.42899064236695494 211.73223211490204676 189.81959485442914115 121.00965901333353258 35.527178011749555253 25.228151831479951994 15.990812821551074308 14.795832557116005646 14.48205447616899022 14.296063703426701963 12.163345297294071656 9.2736251209747546653 5.482006270624349753 5.1449837308723207485 4.8255369514467414405 4.6296701723607922574 4.6346601963409890246 4.5913945652187946322 4.5395326022109721009 4.4749671924949092627 4.3931500530910643221
nan nan nan nan nan nan nan nan nan nan nan nan nan nan nan nan nan nan nan nan nan nan nan nan nan nan nan nan nan nan nan nan nan nan nan nan nan nan nan nan 546.56326395520159167 558.35467643911943014 504.89241800233486401 406.66215606690184359 321.55987847871074337 39.163713182829134496 32.028870626508101793 25.75839444596721961 17.808772372669299244 14.45882736485117448 12.689640404954189989 10.917079011187018622 10.763525619544198619 10.023003723862617065 9.0416057913688714365 5.5554806667032812229 5.1706893783966423328 4.7705754858219444614 4.7651783348376595129 4.7589333777268842951 4.7205811224433871232 4.6546118396695828068 4.5635361372275742298 4.474351689732418258
nan nan nan nan nan nan nan nan nan nan nan nan nan nan nan nan nan nan nan nan nan nan nan nan nan nan nan nan nan nan nan nan nan nan nan nan nan nan nan 294.18478804625294742 280.69236333836892072 361.72619358021700009 187.22127667526740424 41.37081069369133246 34.464148396153184706 30.459965758897155297 29.493600860307147116 24.907625358365802271 17.82197674973201984 14.029458339529170985 11.352335542213314312 10.091027066082052244 9.5248162153972231181 8.949942024416275288 8.1015470344221949262 5.415500047692237473 5.1071824906824554446 4.8725683675582258658 4.9261138327565836548 4.8938945013350121371 4.8527240015760639835 4.7745730028780650755 4.6388978467081924961 4.5201400934199646997
nan nan nan nan nan nan nan nan nan nan nan nan nan nan nan nan nan nan nan nan nan nan nan nan nan nan nan nan nan nan nan nan nan nan nan nan nan nan 97.363706585527879156 156.27634456530051921 178.39358088228814836 296.74511814184580771 242.27497940483686989 127.60011311317300908 33.735496208650957328 30.408441400270742605 28.523080863169610666 25.41642689825889434 18.766708728808556117 15.174287838198164735 12.63929015387764565 10.329484119388387953 9.0757591550278178261 8.3892288319165331245 5.5906701439822912292 5.3265155464616160685 5.0219440577236076351 5.0595583943138757732 5.0602092283558430807 5.0339839366900882567 4.9835511271744845629 4.8875073563218398576 4.7136077848458217687 4.6113449175719676276
nan nan nan nan nan nan nan nan nan nan nan nan nan nan nan nan nan nan nan nan nan nan nan nan nan nan nan nan nan nan nan nan nan nan nan nan 306.79766148057944974 47.649928161990516173 45.364401738155081034 46.411278913733319484 47.211226659790234805 128.46258286160991702 242.64231083606654238 279.88772538489990893 115.00410700261186037 31.453604332525245013 27.818614207699443597 24.123864607754967437 20.787560975771292249 16.385747306173467308 13.979822135398540794 11.426160251825640657 9.1864671076359787349 8.3216175862683936515 5.4937376960171198093 5.1823125729454666555 5.1201164629842619291 5.1613114904193908572 5.1470112902321885073 5.1205899263617888906 5.0679270886407499219 4.9746639855475986991 4.8303243781088847086 4.9279313172914047669
nan nan nan nan nan nan nan nan nan nan nan nan nan nan nan nan nan nan nan nan nan nan nan nan nan nan nan nan nan nan nan nan nan nan nan 125.44807068610273859 154.08923401657585828 39.845601977498070312 39.41830605891560424 39.515595593061668467 40.926910503910676198 41.404080791885803592 41.081899612332705374 39.724109012960148846 247.37467722330319475 171.60145811526274429 28.196160404014570133 22.731200250086061487 20.138465720425628547 16.273227877551708076 14.613123277697285474 11.93246716272204111 8.8700467560079641061 7.9940340270155392233 5.5048702965834950263 5.2525343634843482121 5.2252969442094086006 5.247640730512515006 5.2428613019804100048 5.2177273917610573761 5.1461543676425822724 5.0446941233096520563 4.9667782943537668316 5.106834939076645874
nan nan nan nan nan nan nan nan nan nan nan nan nan nan nan nan nan nan nan nan nan nan nan nan nan nan nan nan nan nan nan nan nan 190.84037876580680404 41.866037292034661732 39.633036865732456988 36.77019114943417577 34.202041286032567768 34.263364236989083622 33.998479815550247451 34.734784469570413989 35.505489438536926627 35.963467841462289698 34.863322188130283052 32.787101050467157393 116.84581030298548399 232.96225512961936488 28.3104297870959698 23.230076821480327709 18.6776990464142294 15.156340188540010416 12.237393269647775185 10.982439584890872908 8.8664283424691685553 5.5542016505486868638 5.239132355049769707 5.3279605425958429521 5.3624816467384617269 5.3759843537998674989 5.3345993852557107573 5.2269345298930103283 5.1462743662630785479 5.1144997994900780469 5.2489903233673826932
nan nan nan nan nan nan nan nan nan nan nan nan nan nan nan nan nan nan nan nan nan nan nan nan nan nan nan nan nan nan nan 402.64597041396086752 254.06335929501125293 77.642427567423126789 37.459421093333453712 35.748454309260075945 32.297559001097674525 30.803935324018013375 30.754522063761342565 31.288383598602486302 31.271697895712438964 31.609527082667611353 31.922752882880914171 30.989239849018026973 28.887978991266543005 25.927660243599422785 27.970661246685821766 27.416334601929403192 25.660858398151848547 21.695188311298050365 18.278496368903368818 15.973645105519633347 13.481682140499815503 10.270561863136160596 8.5201631224047762458 5.4167412301442841027 5.5488583284373103055 5.5232946704751695322 5.5047353254237005871 5.4444895183554606888 5.3332145222810840579 5.2456411977682968484 5.2553630951452943165 5.3426823852269338389
nan nan nan nan nan nan nan nan nan nan nan nan nan nan nan nan nan nan nan nan nan nan nan nan nan 923.67049915438724383 793.4127900335523691 677.93697889254826805 518.16265527891732745 414.85261767251023457 268.64291254971442413 187.22348453865973283 175.28471482354450472 86.041464319410437156 34.97972732258388362 33.335089667896049548 28.795031767698020531 26.527373980020858113 26.660071519268431217 27.672085648460907237 29.258248118189346343 29.366851028378825106 28.981690448580380348 26.634030179784712544 24.579109243745424607 20.921302555071608964 17.388320101024675068 18.77692792033467839 21.319433214848505287 16.580356834251841036 15.526857324516646131 14.188911373230434165 12.526560284694580716 10.587004867279121711 8.6990527241356936372 8.0593286173547706852 7.9748132338041983758 7.7515287326226127718 5.6292039712209325231 5.5617877310005452429 5.4426910892197453151 5.3423550344137238355 5.4088223668513721876 8.0943156728188618843
nan nan nan nan nan nan nan nan nan nan nan nan nan nan nan nan nan nan nan nan nan nan nan nan nan 884.36983888179713631 660.62293069540658053 571.6279856840390039 338.90671199884218368 303.88892706480413608 241.79040765683529912 195.64306222768493626 107.03140078562402948 55.665694896389645407 34.671411337698920363 31.760576511871907002 26.436165805211231827 26.590776953830200569 26.506604263362241625 25.620391187235028951 25.605114585052632492 26.540971597266644011 26.382534558125541935 23.925421517411894712 21.60197887087948132 18.826799155393725727 15.807827300502426127 15.500883084125318234 16.7941366300465873 15.831947279019942698 13.916537124880330012 12.947242896306399018 11.138313907643878409 9.737312546249690115 8.8529634849569767141 8.6894654833439073371 8.3962435926943577158 8.2213492414458464452 8.1208127555555975619 7.9043859886110707791 5.5090452840066648221 5.4942674645232401076 8.0529240854565458108 8.8888448121129570723
nan nan nan nan nan nan nan nan nan nan nan nan nan nan nan nan nan nan nan nan nan nan nan nan nan 930.96195444228396809 820.57059201130118709 705.91897526503441895 513.19989556625364457 356.60735915453938105 261.38577510095905154 223.76754134733246815 102.34130733740556707 35.963303019003504346 34.661787623339421316 31.789100712275192961 27.355442636684088598 26.606488983680776528 25.676319062690030393 24.151004890145035375 23.199228449868108726 22.916518390262972105 22.364741821408387068 20.735141885131628925 17.866545063925499903 15.843643824836968648 13.942764552839840064 13.661623530245275759 14.018285051881534287 13.627676375357072658 12.494897216763996894 10.911343908050788798 9.7768277881288003783 9.6927572417621785661 9.5221482295373256477 9.1048510413849008671 8.7485965911772893833 8.5702884445863070084 8.3752001987019113471 8.078967192727203539 7.8757940892013680312 8.2077924768799537247 8.8161728407027375454 9.9933147742475068043
nan nan nan nan nan nan nan nan nan nan nan nan nan nan nan nan nan nan nan nan nan nan nan nan nan 855.12410647224157856 906.61598170597608259 810.74432533254071132 588.51619339449507606 481.28623358957679557 370.04917686987653269 188.50744931038994423 36.918177061208702128 34.129382807740952899 33.645153642163776908 32.235964997001957499 29.522706118242503237 25.075764372918765588 24.10899983146765635 23.417302083929346423 22.896263477641131345 21.718038524386003019 20.980096436862016418 17.928201299799244595 16.305125893384545321 14.647639947205071564 13.393316538212925337 12.989463157760630097 12.751383002864267624 12.559105429312449331 11.803461316964895644 10.922573797334653278 10.5205599172591171 10.145238269070844694 9.7893716672813191337 9.384482938372872951 9.0966391244426301199 8.8147268838667027779 8.5014385845689801613 8.1792283515311989817 8.407107788501367196 9.0595325224037637213 9.9993204932982404642 11.629160668575584836
nan nan nan nan nan nan nan nan nan nan nan nan nan nan nan nan nan nan nan nan nan nan nan nan nan nan 763.64882262387970968 599.5998330749678189 320.59890660351885572 275.32781614710961549 414.98871405166255499 488.67909874023206385 247.57344106306294407 33.743638881741347291 31.063799453504149284 31.207686882194352052 29.934954178541076431 25.264096156964875206 22.652276147704782261 23.447487226001538119 23.195450372625124658 22.266265979324792568 21.000810030670937323 18.342860973675787051 16.150247467920070932 15.058633549223966241 13.87891373357190794 13.509092249644501393 13.347891914837312299 13.015595230279419781 12.513094146760645131 11.70709875808866407 11.111821438486423119 10.616357160648643543 10.005256998153257086 9.6762314185566342672 9.3366717832114733966 8.9856601881625923767 8.528670808888508148 8.7275346937733022656 9.6879719480084425243 11.165450569356234922 12.523893441955280537 15.501207179840921668
nan nan nan nan nan nan nan nan nan nan nan nan nan nan nan nan nan nan nan nan nan nan nan nan nan nan nan 668.42539641871564982 403.61534128416127487 246.81733223680748779 248.8787178966804845 385.02777016728146009 456.91092103217948761 324.29676083930985442 29.119100541714228569 28.681922443489565211 29.000091064190172574 27.150238091302760779 24.39489951884556973 23.507082296699639556 22.733703775720258022 22.417562222313602405 21.129097231959306669 17.602953657847976388 15.997309486140480317 15.323482786864319749 14.459840968343153023 13.72764119853861331 13.368875179643401552 12.945428656541388079 12.524588744883258684 12.099427840292801051 11.61067619658484773 11.026780196283432645 10.218673330768329066 9.8521501977944119233 9.4827201966728296156 9.1739154557621080954 9.2863605725666413804 9.8498281682815971294 12.108407573118121547 16.220515756244569872 20.299975669079735496 22.235074107671497501
nan nan nan nan nan nan nan nan nan nan nan nan nan nan nan nan nan nan nan nan nan nan nan nan nan nan nan 774.03793382562787428 482.31296616576463521 154.37910838936349478 153.8080231859339051 207.33017015174181097 299.10927255456141438 404.54053565349335031 155.90036441527342959 28.071404269275674892 27.996163773197309865 27.005865818059284322 25.983533047826814055 25.329863979644851923 22.794858036422905201 21.552354722102442963 21.048188932273770746 18.002344793282208713 16.175147864891542326 15.375174563787417981 14.489257281577765823 13.802258184696706067 13.470657571824792953 13.253319643485403034 12.858810843924716849 12.447923677179520752 11.963384632081854875 11.303568392804487885 10.450377758826826735 10.239332739908514114 10.230014619700611433 10.69655289488309613 11.620781187423729008 12.122622773661968054 16.823419336941320523 23.146916829713045871 30.35659110609736544 29.617053202769795917
nan nan nan nan nan nan nan nan nan nan nan nan nan nan nan nan nan nan nan nan nan nan nan nan nan nan 324.16363540800199416 569.18948282242081405 296.16608817331160708 50.993754390043640967 45.115395036613939794 133.53137566474640607 226.89952346490642299 271.13048633582263847 240.59027735389955183 31.908978927605044618 28.048794275235739093 25.993920978990541215 27.251082586394034024 26.96937529192829075 22.911079704886148534 20.344489363834298956 20.423188644435040118 18.805410954958098557 17.577023622822160576 15.983561123850780206 14.850082562679320475 14.069613754505001069 13.674172617263446128 13.421233690629813751 12.93436380298385302 12.522065890121282905 11.954649221152964245 11.377254112432339639 11.558879899244145051 12.028264518941895744 12.70568768363572687 13.393989459261637975 14.342367886857868342 17.471673733027397901 26.019461769008529473 34.945602766100456904 37.504287074307974592 35.488741583502189769
nan nan nan nan nan nan nan nan nan nan nan nan nan nan nan nan nan nan nan nan nan nan nan nan nan nan 397.16497762421948892 288.82513030237004159 191.72140147482858197 132.61283125485027767 43.864818310745491203 84.590194311294737872 167.20326139617108652 241.12072855059250287 312.79225659245713587 241.20389804624818453 31.029124160664792953 27.361604880076477286 28.71826280102359874 28.311273961373668584 22.705595271740023122 19.113361306499946579 20.502482033914795068 20.614902221116640391 19.863146135365351341 17.583281719785755826 15.961315646739834051 15.107982970539914902 14.384263597012560965 13.854301280558710019 12.974719414410337492 12.573128916450968973 12.784612448852694655 12.917325881633260565 13.227135106021624011 14.662707069942170435 16.280488774263080387 18.292536130419186691 20.96765908636291087 27.805777012420413996 34.887351693338011671 nan 40.624720821229921341 nan
nan nan nan nan nan nan nan nan nan nan nan nan nan nan nan nan nan nan nan nan nan nan nan nan nan nan nan 528.76215677198513276 167.01500100611727362 174.99119417931180465 150.29213567003804997 114.15854408607511061 97.53411682636586022 108.42031934841530472 205.82563949391735036 216.52902197983286214 206.33324176767695235 32.772878753393207774 31.095323051563251937 29.972986041700437454 25.531406293057997914 21.572480816288361893 21.430138420785223019 21.775163811191198704 21.281405172738161014 18.037444633827810492 16.726253135885112755 16.069211165504889038 15.619251856876870121 15.500814839812651513 15.315244134195285852 16.415986887006376094 17.31154847091095661 18.167028269437484056 19.391698666888363078 22.651568692253363224 23.598267586732870171 24.949198902122951438 26.923669757658679202 168.44963832374099866 40.742541112591439401 nan nan nan
nan nan nan nan nan nan nan nan nan nan nan nan nan nan nan nan nan nan nan nan nan nan nan nan nan nan nan nan 534.80892357763377731 214.94990877064864776 195.6342555081363912 191.41593398131050208 138.854568277265912 41.449349225488298032 92.551552307967000388 37.829607960022421764 56.163295978924985263 33.704523667176005119 31.396316240746838133 30.34316461096691242 26.229864639695584572 21.787235528885453562 21.34872399186223646 22.285767012086509453 21.99861264623738677 18.207201173159727858 18.375676320202959602 19.588255543003931791 20.104738018430094115 22.515078407248285686 23.063455020442145127 21.945443617954637716 23.046096340523060775 25.356100153433356326 27.187993112040921062 29.118615396252980787 29.614284272143194698 225.58003043732281867 260.19599061203558676 43.934791135408346463 nan nan nan nan
