results/rofental/swe_month_2020-05-01T0000_2020-05-31T2300.asc
ncols        322
nrows        225
xllcorner    622802.488000000012
yllcorner    5178049.378999999724
cellsize     100.000000000000
[rows 168 to 195 of 225, columns 63 to 125 of 322]
nan nan nan nan nan nan nan nan nan nan nan nan nan nan nan nan nan nan nan nan nan nan nan nan nan nan nan nan 602.68858268459746341 573.72014495415749025 554.57536143526021988 549.91071941223515296 577.31926528249437069 588.88134840820828231 566.39475229338836471 451.01502503393385268 439.81004127090551492 476.2234614658935925 487.31516860042529515 406.5716321091420582 370.54062957637836462 373.22062198903319086 386.5172280709028314 380.91443568599896707 337.38490672686282323 331.75797759694529532 351.30468212446425014 331.34932099699790342 285.70168808563357743 265.42327800013663364 261.67304088740127099 205.23721497371428768 214.70971998134086789 208.56129722367381873 194.51625930689456823 175.07852384736759177 167.05752927421576715 157.62330269117370563 201.93192494775004775 256.40205887602758139 307.20884121932436983 413.94472259680469506 485.69408169343461168
nan nan nan nan nan nan nan nan nan nan nan nan nan nan nan nan nan nan nan nan nan nan nan nan nan nan nan nan 621.57312617061541005 578.91058360003603411 507.19384464834860182 519.22654577490038719 542.09017167247259295 562.89618489912254518 576.01755622337975637 555.49821554305958671 468.74756614126624754 419.69687574142079711 452.59999469470443501 464.8896577328560511 441.42073026033182259 369.93724819769050782 356.83780135397233835 394.63458017786530263 366.31280403673838464 331.22877001428037147 322.0610662603195351 310.79893948466514075 292.11312956331232726 287.91764383996599008 290.35454339027580772 222.2535562359627761 216.783491001496742 204.80432570439538154 196.83779571074555292 189.86826807086882241 217.74102858991378184 291.74650500821820742 366.36253310207314371 385.96128781156608056 381.89162292594232895 435.04200257908286176 489.72104177836155259
nan nan nan nan nan nan nan nan nan nan nan nan nan nan nan nan nan nan nan nan nan nan nan nan nan nan nan 505.04911072549776918 569.74509445897422211 533.78748558680763381 481.51552926031149582 487.23186429936515651 522.08291631709039393 547.52677670113939712 559.48291572026300855 561.6723896601118895 534.17563630565962285 444.48304405242816983 408.64137230632394449 465.17409218497584789 474.91716054383658729 388.83854120467947268 323.55236928326047519 376.58036639434362769 400.78951375075632768 387.09541865571219432 357.25703907554566285 337.04202897210444689 316.94547008636067176 300.04893125240420204 222.34515165945489912 205.41214089978271318 197.13371920417282013 190.4378163520549947 212.68913724556222178 281.12242582393724888 358.70754930755339274 407.48195416665942048 420.3062035653787234 439.6527396086721069 445.07356452750826747 499.47437470207307797 525.15226482764774119
nan nan nan nan nan nan nan nan nan nan nan nan nan nan nan nan nan nan nan nan nan nan nan nan nan nan nan 542.02329754536106066 524.21796402166330608 534.89916431055462454 529.54537005167389907 501.97495023356788124 513.82765919357404982 534.60451806265643881 559.8536414858531316 570.55037070250591569 564.70853542001646019 530.91296033889364026 474.44721327399849997 475.91372941060001267 492.9919905174001542 409.9062334459878798 345.42007739047494397 377.56095685207020551 415.75589932280104222 429.80466519881866816 410.30306269476415082 390.38973787550992256 375.38576319487742694 353.70447293155507396 269.7129058097352754 225.01929652100105272 250.84928785267217677 330.02579712707932913 375.34436202282438444 407.80418662953809417 434.59892527695529907 446.0598321332918772 464.84660705489534394 482.91361333519205346 495.32312350632952302 478.68895522951396515 nan
nan nan nan nan nan nan nan nan nan nan nan nan nan nan nan nan nan nan nan nan nan nan nan nan nan nan nan nan 592.78531238094387845 548.72975334379430024 556.41486758714950156 546.56090995430281509 531.53467472606064348 520.82199985474414916 534.56228890432305434 554.51714454515047237 561.20499437548460264 561.68732807782976124 541.03141461617155983 506.0209262830969692 527.6630381932390037 500.11939412327961918 419.6975552386766708 402.23164368285290493 417.15513379419525108 419.52800110729543803 376.7584923455034982 369.06958127331955666 385.29870801610434228 406.59766988182110481 411.52045142862351668 459.50948240475992179 493.05128603138945209 497.19588400387829097 500.54467616941656161 497.96557752879806458 506.85918953616595672 500.81387771492933325 490.35737031825715349 482.24199845037838941 530.10252364073210174 467.20142189312349501 nan
nan nan nan nan nan nan nan nan nan nan nan nan nan nan nan nan nan nan nan nan nan nan nan nan nan nan nan nan nan 599.06907007679183153 575.70877797858952363 565.37770961159856142 554.79593153520977467 539.9857266743154014 517.86480290760732714 525.542617989263249 521.59960411220436072 531.36721429246586013 503.15858404609946319 459.35954864981260926 501.63655332953601373 479.58140612994134244 422.94378370703623204 401.79254226499136848 414.25225748521057767 425.73500995231421484 402.3452779700304518 442.25296548659360951 480.12607044406610157 503.53165793208404466 524.95728491209411004 519.59202882787246836 480.06335469080829625 501.39421447450848746 518.62426781031683731 524.71964991262211697 526.48185483966653919 524.44609297399074421 532.33680201325284997 533.94210441700317915 477.2995427063652869 nan nan
nan nan nan nan nan nan nan nan nan nan nan nan nan nan nan nan nan nan nan nan nan nan nan nan nan nan nan nan nan nan 614.24311555303370369 597.1711821613146185 582.55297013203880852 572.97851909079645338 558.70005123131397795 527.50637893325131245 507.01890575495724534 514.73259244756764019 513.38031205808908908 520.31336112783765202 538.89721623755872315 542.40616972681175412 532.40276704299208177 526.5063825266290678 522.18174889629187874 531.51172075777481041 534.68821055712430734 533.77734652214064681 529.31371724404050383 517.62306820607625468 509.96228028552786782 512.45106436513378867 522.06901659395680326 535.81516716609075957 539.30109931293259251 543.04616892828130403 546.86686479601701194 549.20944020321064727 nan nan nan nan nan
nan nan nan nan nan nan nan nan nan nan nan nan nan nan nan nan nan nan nan nan nan nan nan nan nan nan nan nan nan nan nan nan nan nan nan 549.28297224160303358 541.71322160861006978 546.07418384110678744 555.84623744736097706 564.51818477985739264 569.46854703418136978 574.85196192167518348 578.99821396180516331 570.2725907300664403 557.61047894881539833 548.81827134203888363 532.28170847996045723 511.92036622800623036 513.71965333768525852 501.79647157962580195 514.9410737611614195 533.8934902167176233 547.44755724310959977 nan nan nan nan nan nan nan nan nan nan
nan nan nan nan nan nan nan nan nan nan nan nan nan nan nan nan nan nan nan nan nan nan nan nan nan nan nan nan nan nan nan nan nan nan nan nan nan nan nan nan nan nan nan nan nan nan 485.93770971865831143 497.50735812023293647 513.19813712796053551 519.95274391965403993 537.53024832727453486 548.75775258173382554 529.68378301756183646 nan nan nan nan nan nan nan nan nan nan
nan nan nan nan nan nan nan nan nan nan nan nan nan nan nan nan nan nan nan nan nan nan nan nan nan nan nan nan nan nan nan nan nan nan nan nan nan nan nan nan nan nan nan nan nan nan nan 506.60223029640889081 538.41901415532402098 526.19390652072138437 525.13377346037805182 nan nan nan nan nan nan nan nan nan nan nan nan
nan nan nan nan nan nan nan nan nan nan nan nan nan nan nan nan nan nan nan nan nan nan nan nan nan nan nan nan nan nan nan nan nan nan nan nan nan nan nan nan nan nan nan nan nan nan nan nan nan nan nan nan nan nan nan nan nan nan nan nan nan nan nan
nan nan nan nan nan nan nan nan nan nan nan nan nan nan nan nan nan nan nan nan nan nan nan nan nan nan nan nan nan nan nan nan nan nan nan nan nan nan nan nan nan nan nan nan nan nan nan nan nan nan nan nan nan nan nan nan nan nan nan nan nan nan nan
nan nan nan nan nan nan nan nan nan nan nan nan nan nan nan nan nan nan nan nan nan nan nan nan nan nan nan nan nan nan nan nan nan nan nan nan nan nan nan nan nan nan nan nan nan nan nan nan nan nan nan nan nan nan nan nan nan nan nan nan nan nan nan
nan nan nan nan nan nan nan nan nan nan nan nan nan nan nan nan nan nan nan nan nan nan nan nan nan nan nan nan nan nan nan nan nan nan nan nan nan nan nan nan nan nan nan nan nan nan nan nan nan nan nan nan nan nan nan nan nan nan nan nan nan nan nan
nan nan nan nan nan nan nan nan nan nan nan nan nan nan nan nan nan nan nan nan nan nan nan nan nan nan nan nan nan nan nan nan nan nan nan nan nan nan nan nan nan nan nan nan nan nan nan nan nan nan nan nan nan nan nan nan nan nan nan nan nan nan nan
nan nan nan nan nan nan nan nan nan nan nan nan nan nan nan nan nan nan nan nan nan nan nan nan nan nan nan nan nan nan nan nan nan nan nan nan nan nan nan nan nan nan nan nan nan nan nan nan nan nan nan nan nan nan nan nan nan nan nan nan nan nan nan
nan nan nan nan nan nan nan nan nan nan nan nan nan nan nan nan nan nan nan nan nan nan nan nan nan nan nan nan nan nan nan nan nan nan nan nan nan nan nan nan nan nan nan nan nan nan nan nan nan nan nan nan nan nan nan nan nan nan nan nan nan nan nan
nan nan nan nan nan nan nan nan nan nan nan nan nan nan nan nan nan nan nan nan nan nan nan nan nan nan nan nan nan nan nan nan nan nan nan nan nan nan nan nan nan nan nan nan nan nan nan nan nan nan nan nan nan nan nan nan nan nan nan nan nan nan nan
nan nan nan nan nan nan nan nan nan nan nan nan nan nan nan nan nan nan nan nan nan nan nan nan nan nan nan nan nan nan nan nan nan nan nan nan nan nan nan nan nan nan nan nan nan nan nan nan nan nan nan nan nan nan nan nan nan nan nan nan nan nan nan
nan nan nan nan nan nan nan nan nan nan nan nan nan nan nan nan nan nan nan nan nan nan nan nan nan nan nan nan nan nan nan nan nan nan nan nan nan nan nan nan nan nan nan nan nan nan nan nan nan nan nan nan nan nan nan nan nan nan nan nan nan nan nan
nan nan nan nan nan nan nan nan nan nan nan nan nan nan nan nan nan nan nan nan nan nan nan nan nan nan nan nan nan nan nan nan nan nan nan nan nan nan nan nan nan nan nan nan nan nan nan nan nan nan nan nan nan nan nan nan nan nan nan nan nan nan nan
nan nan nan nan nan nan nan nan nan nan nan nan nan nan nan nan nan nan nan nan nan nan nan nan nan nan nan nan nan nan nan nan nan nan nan nan nan nan nan nan nan nan nan nan nan nan nan nan nan nan nan nan nan nan nan nan nan nan nan nan nan nan nan
nan nan nan nan nan nan nan nan nan nan nan nan nan nan nan nan nan nan nan nan nan nan nan nan nan nan nan nan nan nan nan nan nan nan nan nan nan nan nan nan nan nan nan nan nan nan nan nan nan nan nan nan nan nan nan nan nan nan nan nan nan nan nan
nan nan nan nan nan nan nan nan nan nan nan nan nan nan nan nan nan nan nan nan nan nan nan nan nan nan nan nan nan nan nan nan nan nan nan nan nan nan nan nan nan nan nan nan nan nan nan nan nan nan nan nan nan nan nan nan nan nan nan nan nan nan nan
nan nan nan nan nan nan nan nan nan nan nan nan nan nan nan nan nan nan nan nan nan nan nan nan nan nan nan nan nan nan nan nan nan nan nan nan nan nan nan nan nan nan nan nan nan nan nan nan nan nan nan nan nan nan nan nan nan nan nan nan nan nan nan
nan nan nan nan nan nan nan nan nan nan nan nan nan nan nan nan nan nan nan nan nan nan nan nan nan nan nan nan nan nan nan nan nan nan nan nan nan nan nan nan nan nan nan nan nan nan nan nan nan nan nan nan nan nan nan nan nan nan nan nan nan nan nan
nan nan nan nan nan nan nan nan nan nan nan nan nan nan nan nan nan nan nan nan nan nan nan nan nan nan nan nan nan nan nan nan nan nan nan nan nan nan nan nan nan nan nan nan nan nan nan nan nan nan nan nan nan nan nan nan nan nan nan nan nan nan nan
nan nan nan nan nan nan nan nan nan nan nan nan nan nan nan nan nan nan nan nan nan nan nan nan nan nan nan nan nan nan nan nan nan nan nan nan nan nan nan nan nan nan nan nan nan nan nan nan nan nan nan nan nan nan nan nan nan nan nan nan nan nan nan
