results/rofental/swe_month_2020-03-01T0000_2020-03-31T2300.asc
ncols        322
nrows        225
xllcorner    622802.488000000012
yllcorner    5178049.378999999724
cellsize     100.000000000000
[rows 140 to 167 of 225, columns 63 to 125 of 322]
nan nan nan nan nan nan nan nan nan nan nan nan nan nan nan nan nan nan nan nan nan nan nan nan nan nan nan nan nan nan nan nan nan nan nan nan nan nan nan nan nan nan nan nan nan nan nan nan nan nan nan 514.8810362337458173 501.43474551581073229 468.2182871069416592 444.59905918371163125 435.16645124806291278 429.10476301501125818 423.35857118922479003 422.88474011368231231 423.08194937954584702 419.14173440709771512 410.26513792560223237 406.14783191868116319
nan nan nan nan nan nan nan nan nan nan nan nan nan nan nan nan nan nan nan nan nan nan nan nan nan nan nan nan nan nan nan nan nan nan nan nan nan nan nan nan nan nan nan nan nan nan nan nan nan nan 501.81234581965850339 478.30389187676587426 480.1931606912675079 453.93739456042430902 436.81063518676234025 437.9328205656066757 433.96511495266781822 431.31703633822075972 429.6575779650079312 428.59017894733960929 426.91502288906923468 420.35254309167362408 412.07966986563366163
nan nan nan nan nan nan nan nan nan nan nan nan nan nan nan nan nan nan nan nan nan nan nan nan nan nan nan nan nan nan nan nan nan nan nan nan nan nan nan nan nan nan nan nan nan nan nan nan nan 456.81140501770926221 425.21587687758028551 420.76719227137192547 420.95724598536895655 452.85297249011216536 456.11631452826702571 436.3886545012529723 430.63753283762792989 422.5488997636252293 418.43714308193500528 415.64711752638783082 414.67191901565820444 413.31597592443671374 405.46339018503641682
nan nan nan nan nan nan nan nan nan nan nan nan nan nan nan nan nan nan nan nan nan nan nan nan nan nan nan nan nan nan nan nan nan nan nan nan nan nan nan nan nan nan nan nan nan nan nan nan 440.58125142408619013 430.07031616614517588 410.47647032748898255 404.73044727491412687 399.84748570511357002 404.43485639789776087 439.44460594922617247 465.77145047811364975 429.80503609143551103 420.90975780295832465 416.51631410350796614 412.54505940125415009 408.90482079188592479 403.69310558238771591 399.04604784768952186
nan nan nan nan nan nan nan nan nan nan nan nan nan nan nan nan nan nan nan nan nan nan nan nan nan nan nan nan nan nan nan nan nan nan nan nan nan nan nan nan nan nan nan nan nan 492.40877564009542766 450.09125315281744406 422.46368711832451481 421.25824844436323247 422.42775951478222396 412.98087726145212173 406.14477097890807045 399.59755802275850556 391.40906182618272169 399.38379261979116563 424.95954868958608586 438.48314055967119884 433.30680549196273432 423.94410886778973691 420.06369579193119534 419.14392313191302719 417.83901268532378026 412.41657455249981012
nan nan nan nan nan nan nan nan nan nan nan nan nan nan nan nan nan nan nan nan nan nan nan nan nan nan nan nan nan nan nan nan nan nan nan nan nan nan nan nan nan nan nan nan 419.57632119425289829 418.838108774274815 424.87444237883374853 409.90296541541039232 407.5523320350084191 419.94003722586694494 422.5038522410534938 414.2517241995274162 403.24169233273312329 392.40387816073757676 383.85746721038583473 387.70186674039518948 407.44051122381762298 425.40859135524567591 433.72361423857222462 434.52594129532957368 429.76190782230662535 421.76990269593551375 414.35615021146890058
nan nan nan nan nan nan nan nan nan nan nan nan nan nan nan nan nan nan nan nan nan nan nan nan nan nan nan nan nan nan nan nan nan nan nan nan nan nan nan nan nan nan nan nan 412.21312681221456842 410.26747500472788488 409.3427232109538636 412.50157874830301807 402.13589579331352297 399.61939298135081344 400.27830955435524629 406.21179010464970816 403.52518909201626229 400.35750167143345379 391.23745458052502499 375.22272405390157246 376.4765704967321085 385.21327379114853784 389.56668421320068774 395.43783252734795042 404.60094497312081785 412.48754000462469094 408.47735008527740774
nan nan nan nan nan nan nan nan nan nan nan nan nan nan nan nan nan nan nan nan nan nan nan nan nan nan nan nan nan nan nan nan nan nan nan nan nan nan nan nan nan nan nan nan 430.6806450304281384 421.5890719707391554 414.63645772899593567 411.70378449350261008 411.76110209982596189 411.75926651412532919 409.9874836056209233 410.32736216558055276 409.63767518755361152 407.64635596955656638 404.94837163029444582 396.36588711040928956 383.68219543912698555 373.8496510193564859 374.02093006727596958 381.59132804229665226 379.33228564545692052 388.18062009962653747 376.4713578777099201
nan nan nan nan nan nan nan nan nan nan nan nan nan nan nan nan nan nan nan nan nan nan nan nan nan nan nan nan nan nan nan nan nan nan nan nan nan nan nan nan nan nan nan 494.96526646213510503 455.83117973159841085 425.53198448557253641 421.92227743712925303 422.59116490380864661 420.85923764886302934 418.73941043274425056 417.79463005630594807 417.50329023146377949 416.44003206140610018 413.42991657215571877 411.13253401651877539 408.54450498587050333 405.06032824053880859 398.00126645197059361 385.13510535920005395 373.40118708169967476 356.70876156808094493 355.2354798017451003 357.60117749093240036
nan nan nan nan nan nan nan nan nan nan nan nan nan nan nan nan nan nan nan nan nan nan nan nan nan nan nan nan nan nan nan nan nan nan nan nan nan nan nan nan nan nan nan 500.7669930222789958 478.40898717308635923 435.70317414878110185 425.2898553727565627 423.45175009513968689 422.09135680957143677 421.24633232811896733 420.73612733870771763 418.27704881116875413 414.43410842121954829 411.38046736599994802 409.46082183691333967 406.64012069603649024 403.40313252691578327 400.1777951714064443 397.56634908851037835 392.01482172501408741 384.44071195148990228 365.53102854955614021 354.20891460109419313
nan nan nan nan nan nan nan nan nan nan nan nan nan nan nan nan nan nan nan nan nan nan nan nan nan nan nan nan nan nan nan nan nan nan nan nan nan nan nan nan nan nan 510.1824026980221447 484.5378306751066475 457.72547528886980217 455.24591815662677163 441.4391515349365136 429.27240979372174934 427.58269343521044448 427.12689833234645675 426.92932642779589969 424.38379758586961543 420.8209950193359532 416.74584839546497506 411.12087964848518595 405.20332611740451512 396.67310972442339789 385.20050296065153361 375.69708718432525529 368.09039018586526026 367.98563425857247466 370.90031882790322015 372.63292362885698594
nan nan nan nan nan nan nan nan nan nan nan nan nan nan nan nan nan nan nan nan nan nan nan nan nan nan nan nan nan nan nan nan nan nan nan nan nan nan nan nan nan 511.15714813361455526 501.75009404080128661 484.62469151827667702 486.75467614522864324 480.20923055971724125 472.66918001764275914 469.62845657815228151 465.75234430243665429 455.32672532874858007 450.94012295188065309 451.51889662015901195 443.32990077807568241 428.12614669098002196 417.7275934901091432 407.37947714771985375 398.89151531971731401 394.39618851806352495 386.2199362980263686 375.91785825551494327 370.17683016671730911 368.92711446941558506 374.469113210698481
nan nan nan nan nan nan nan nan nan nan nan nan nan nan nan nan nan nan nan nan nan nan nan nan nan nan nan nan nan nan nan nan nan nan nan nan nan nan nan nan nan nan 495.73643371928761781 488.2952321164889895 485.62147416778867637 479.61393420382268005 473.83217860976964175 476.45208662898045304 481.4745011095608902 482.91409144902775097 484.20678091058192649 472.25384927089334042 464.48894291130017109 455.26453476536624976 442.10269831997283063 418.42461752029737454 407.49193142868546147 396.55992051498947149 389.07459531174902168 378.67275064509232152 369.3236828092531141 374.62003403824832048 377.26944120534187732
nan nan nan nan nan nan nan nan nan nan nan nan nan nan nan nan nan nan nan nan nan nan nan nan nan nan nan nan nan nan nan nan nan nan nan nan nan nan nan nan nan 523.53387188076044367 506.03550615787924016 502.17410216033619008 498.51883605635498498 492.86008773487856161 487.18167929638269698 489.72172261379029123 494.89436915741299572 498.73421961139700898 502.62860771060684328 501.09196686669264409 498.7163446233228683 482.58433834902336912 445.52803085266162952 417.0621875130776175 405.61491335010390458 394.40065106817519336 384.844065659917419 377.50579577406188037 374.00077265722592301 376.95591847502652172 377.84243940038231813
nan nan nan nan nan nan nan nan nan nan nan nan nan nan nan nan nan nan nan nan nan nan nan nan nan nan nan nan nan nan nan nan nan nan nan nan nan nan nan nan nan 534.04155012946353054 520.8632553039414006 507.57415068314077189 501.78409034530415056 500.02423938593943831 498.27338289131910187 499.67430130774414465 507.52012350758383263 478.74158760021708758 412.5207704270864042 400.64505002094136898 407.66593817131132482 408.64815334630765165 404.2608121675888242 401.75001226876588589 394.63241685502930522 383.90049309626414242 376.28920716111895217 370.67213980546193852 374.63254647072193393 375.73351673345899826 376.93133451962427216
nan nan nan nan nan nan nan nan nan nan nan nan nan nan nan nan nan nan nan nan nan nan nan nan nan nan nan nan nan nan nan nan nan nan nan nan nan nan nan nan nan 538.4749111211796162 533.3439721730275096 525.49019879653178577 508.11123933184848056 496.92978123602296137 501.42720314980488183 493.072093961439748 437.02254110023898193 411.59884798088353364 395.14812988770074753 391.42484545738909674 394.40932086839035264 402.88191745953093914 399.25625485534766312 390.80656504817187624 386.27195304559006672 379.05555340963155686 371.6417395957614076 371.09511157245003687 373.46013102225180091 374.51594401169791126 375.80548538248427803
nan nan nan nan nan nan nan nan nan nan nan nan nan nan nan nan nan nan nan nan nan nan nan nan nan nan nan nan nan nan nan nan nan nan nan nan nan nan nan nan nan 520.96487018346851983 522.26396439412792461 512.90361070277697308 507.49460063742583316 501.85172127090930871 450.66327892320987303 414.54109072943015235 408.82714306194412757 402.69742281432223763 395.02978658335229056 387.09416118354448599 380.02746400390770987 383.24815530306159417 388.75752879404979012 392.46120582353643158 387.85020845754200991 377.13007699990612309 368.26187040508420978 371.78735052890749557 373.28474741850834562 374.52009185926686996 374.75984055825068708
nan nan nan nan nan nan nan nan nan nan nan nan nan nan nan nan nan nan nan nan nan nan nan nan nan nan nan nan nan nan nan nan nan nan nan nan nan nan nan nan 476.11731477014677694 466.53991660261579 474.31576280978032401 445.54439753095130072 428.63408797752163082 417.53685304126025812 414.04395256293048533 419.88141499543792179 418.8390372061768403 409.3725524099115205 399.26592358803577554 390.35035557122120053 383.86053405939651384 380.00607563297182878 379.26199707853010068 378.64117172732568406 375.20420696921627268 371.36653986970151209 368.704849050807411 372.04065646678185431 372.34302001984832486 373.43154525568036206 373.26731742698768812
nan nan nan nan nan nan nan nan nan nan nan nan nan nan nan nan nan nan nan nan nan nan nan nan nan nan nan nan nan nan nan nan nan nan nan nan nan nan nan 444.7523228830550579 440.6173602545002268 446.85156725057652238 471.11872921475304565 470.0493240940699593 457.45864135442758425 442.84668177234124187 429.5134821517062278 428.653454594139248 430.62209798084046497 422.70623271835307833 414.77589351878788193 402.21910189539994462 390.86353396716214093 382.01250365118880836 377.79467167010324147 374.22636076861743959 369.41178580511393648 364.3594812304126549 371.31386726129062481 371.76092992847412688 371.88806507921134425 371.96899971006331498 371.60188479137553941
nan nan nan nan nan nan nan nan nan nan nan nan nan nan nan nan nan nan nan nan nan nan nan nan nan nan nan nan nan nan nan nan nan nan nan nan nan 501.5674544358954563 433.69974513852326936 423.9471513093819226 425.26071599119228495 428.21801838218738112 447.45913731376543865 479.43163125620571918 489.18580878603216888 474.54151379979191461 448.66616119092378767 431.83086722669889923 424.81586776585282905 430.20572558256543516 423.24563596705144164 410.78334312673939621 396.50946140343393154 385.92642306650509454 377.29800200223570528 370.49336755331967197 366.41870419603782238 368.4971675024750084 370.19334767347248771 370.47900920431828808 370.80008200058665579 370.20185332531718814 370.32734311848065545
nan nan nan nan nan nan nan nan nan nan nan nan nan nan nan nan nan nan nan nan nan nan nan nan nan nan nan nan nan nan nan nan nan nan nan nan 470.65537380554900437 439.3439147991880418 420.17461954875824404 418.23926689734270212 417.10875785818018358 419.16351830558727443 421.3772923349500843 427.42763822349911607 457.96763761066051757 491.06615113225069535 479.75791147112829549 440.10987880162565489 424.15908419535355733 414.62627088425449529 406.7694450374830808 405.68748460286604995 393.84429726558835227 381.77145165727591802 376.4032509810706415 375.13502646461250833 369.7862858340066623 368.03303844607353312 368.1824714861017469 369.57375768206816247 369.96031820854420857 369.42846578598010865 369.60414383314810038
nan nan nan nan nan nan nan nan nan nan nan nan nan nan nan nan nan nan nan nan nan nan nan nan nan nan nan nan nan nan nan nan nan nan 490.53405850206644345 426.77704402787969684 419.24962680358100897 417.71345042166529993 414.7192216326873222 414.03529454469423854 411.81355209781611393 412.30297212392008532 413.98910105443792418 415.47434761850831819 410.66474055973253598 410.44947653455471936 481.55420004846240545 488.52427775645185193 467.55006759558597196 447.1146266886641456 426.91388166593048936 411.16750941658608554 410.96945744601634942 410.64167988038269641 384.36356786909561833 374.88682202995363468 367.07536700031141663 367.74050900038798773 369.17594220566593322 370.19907815608496549 369.62167778225699521 368.87994436838158663 369.98922576142973639
nan nan nan nan nan nan nan nan nan nan nan nan nan nan nan nan nan nan nan nan nan nan nan nan nan nan nan nan nan nan nan nan 512.64120412671582017 491.62496532112902514 447.01908700759810245 425.87173161541346644 420.90369633904771263 413.72071097278325169 409.64706836184495842 409.02669987043731226 408.78325021761349944 406.89662346120115899 406.12783331552702748 404.63023854314951677 402.8784526465595377 393.70542406492671716 386.85381625318524357 401.22529063042486541 429.63861714546322901 441.93545369048030125 441.4358273045170904 451.83123588586647656 448.01695144979419183 427.98768798903017796 397.64512077650852007 381.29115952216784535 372.65792313096392263 373.40963793069806798 370.93869651895022344 370.43241445854471294 369.79406140800222147 367.71654396561081057 367.41307476672847088
nan nan nan nan nan nan nan nan nan nan nan nan nan nan nan nan nan nan nan nan nan nan nan nan nan nan 562.80236203759534419 540.9591785856542856 529.42631950853160561 519.35970119026978864 505.97660521112601373 486.41700282838866087 471.13286203826771725 461.8938414762476441 450.41120910712368186 428.84851291323190026 422.2262508143109585 409.45534834944294289 404.26097258602101192 403.4474013543533033 403.8319540119137514 406.63333370304491154 405.05311327710012392 402.24844576314188771 396.05508908921979128 392.11841778407097081 381.59563079896844329 374.5002705100993694 380.86423227754062282 389.73657495276762575 382.81052227141645972 382.45721047908944001 382.05245332654391177 380.2502523984352365 379.58020261017077246 376.4442465868841623 373.96543456307642828 371.3112670869047065 368.98369354846585111 368.82602135072363581 368.90511524641078722 367.12842071773314956 365.31329096742155116
nan nan nan nan nan nan nan nan nan nan nan nan nan nan nan nan nan nan nan nan nan nan nan nan nan nan 551.17746461166245808 524.58155167052359502 515.15726024809850969 499.5966452781345879 489.19396539837612181 481.1355365064513876 466.83512259887447726 456.71520641633344439 457.540864984224811 441.59839117394278674 429.8708160182602569 414.20259121843537287 416.47901764651822987 408.39894907614643671 400.77514026538460712 398.70287097089476447 399.96491811471702249 400.82593060790878781 396.42230902362268807 392.91583277624818038 388.79397915611707504 377.64400490610131556 374.88893779999943945 383.47689283784137615 383.08002858264381985 376.35939003821181359 371.99636596530660881 368.03110745462294062 369.34094211014667053 369.91384973901682542 369.95642190701533991 367.36511483823204571 365.97542306038030802 365.58941533402997948 365.25455596840953376 364.83825314897592307 364.77726516554292857
nan nan nan nan nan nan nan nan nan nan nan nan nan nan nan nan nan nan nan nan nan nan nan nan nan nan 558.60084276239206247 544.74102354505828316 530.47741907852889653 513.04051939011117156 497.93607864628677362 487.18384133490133081 475.00885464988135709 456.72992382540439849 449.87031102326216114 455.53183535350700595 451.60026012695101372 426.97807586756908904 414.89158664959029466 407.5429455678369095 401.93433184465038721 396.80926686435452666 393.72786839833185013 392.95609653080379076 390.38982175356238713 385.3413684846584033 381.52764044029459001 374.12169101447108233 370.6510582728599843 371.73590043590439791 370.32673023688050762 365.96054622340989226 362.62912884602189934 362.83614084113878562 370.87082483870631222 371.82817422297665644 367.47665101603979565 365.08120347929349236 363.60710744483793633 362.57857661541544303 361.8475150360257544 361.57737138881265082 362.96970240233417826
nan nan nan nan nan nan nan nan nan nan nan nan nan nan nan nan nan nan nan nan nan nan nan nan nan nan 553.22848549487514447 554.82224090176021036 540.04723647123432784 519.32955296515376631 511.54766243135071591 496.24436084965861937 471.67852012352852853 459.36864536851049934 441.37486596636443892 448.68677334513336064 459.07316908059647176 436.11106019111008436 407.81150834477722356 405.53139340649943279 406.16128141825276998 401.92893682048645587 397.20193757397009904 394.58277412943988338 388.76672637322059245 385.99952547723296448 381.54557412436525965 374.16525043689728136 369.54660955122125188 367.56985445286966296 368.89007259077919798 370.18971788649849941 371.6014035535175708 372.01240914191657794 369.86861080585424588 367.43722312126482166 365.38347178273431837 363.7610436905550273 362.15163914144767432 360.02697464744312583 358.95012803342262941 359.97457407372985472 364.20996548754709465
nan nan nan nan nan nan nan nan nan nan nan nan nan nan nan nan nan nan nan nan nan nan nan nan nan nan nan 528.24675229840067914 506.93528933810989656 486.59349859116986181 482.66740626116870772 504.99560543565081616 509.50389803896183594 484.8802437574716464 459.86986788826715156 441.1089806142574048 438.38815682666455587 443.90719707571355457 415.03427415145051782 404.93107663391702999 411.50816519873643529 413.51292985089520471 414.19082919754850991 412.08310821193259699 403.97651756417957358 397.45935847689094089 398.1696947110967244 388.00717239412335857 383.01089617689831357 381.35192030079275582 382.90921057368302627 382.93662283318872142 374.5796829372465595 369.76801059934416571 367.58295338403377173 365.90675066592314124 365.10288817454141963 362.85366670539258394 360.50032009647787845 358.36374853293710885 361.59818597843047883 377.95522237409335276 394.13696834476655795
