results/rofental/swe_month_2020-09-01T0000_2020-09-30T2300.asc
ncols        322
nrows        225
xllcorner    622802.488000000012
yllcorner    5178049.378999999724
cellsize     100.000000000000
[rows 168 to 195 of 225, columns 126 to 188 of 322]
25.226396509299938486 32.399607128838432857 39.174440957933995833 41.940406128083751014 57.753627610812436899 90.909652715768316966 85.37280838922309556 62.754144838726745093 55.027787781128921551 57.753814511607387772 53.737602425135094109 45.154199135386107855 40.876900944107575242 31.047306814830950117 20.373504315242751517 14.146145095433542593 11.392991047200803578 8.9317431855659137341 8.5449567199132037132 8.1928067542769227316 7.8887036871069735611 7.5820687642816100293 7.1183273928662211816 6.3526539490354299033 5.6278431052942732293 4.8604305063708359569 4.4671709158299668374 4.3612507817509866825 4.4353997065250467813 4.4423903010930709812 4.3816345612302134427 4.255762842403960633 4.28125167944731988 4.3739194446409879191 4.773022099340459512 5.0453455795718964438 5.4406005338017955353 5.5545315071836762755 5.587355568040120346 5.6481528150008193379 6.0342545679343606579 6.62833056813448529 7.1488041093352583388 7.3583600089424781032 7.3864557251253861736 7.6305378113065636114 7.8626279853379816842 7.8771112024047456046 7.7840020806629599548 7.7289102486285656823 7.5605278632881898204 7.7344133480768304523 10.058600633129653801 211.63900118124124106 nan nan nan nan nan nan nan nan nan
56.117049840292430929 54.283231985824528465 51.630096421767959214 53.92574731510629249 67.475147331019826424 nan nan 66.316817731517517132 59.360236274559269987 58.465634019141305089 57.281985674574073641 49.482392827209991992 41.18198266883464953 25.341381943940294974 13.797898074186788264 12.525026180081972882 11.17842756230144019 8.8475211625559619932 8.3255168159977248621 8.0837289886056424848 7.8637862140656249466 7.4437242691970642028 6.7174307747306594152 5.878217029016410855 5.1558756969585139984 4.6554395987405507995 4.4411314944063233767 4.5044447212512688239 4.5171222867099549703 4.504289179637995133 4.4684211032294909316 4.3445792953768025413 4.3681711463612540314 4.5274832882547482171 4.8248561279333888052 5.1427893682820835508 5.4908617495144138587 5.7510663120931573289 5.7646458604561727768 5.9147636753260810494 6.4863044711310768875 7.1261971365888125973 7.5320593060768379345 7.5796555957917908231 7.5947987785020965035 7.7922067261428171747 7.9919177508610461658 8.0441643770439341665 7.9257588140272767774 7.9201937542762346212 7.8570159865182516157 7.9666242660114940932 9.9284232628117212727 41.235099826444141513 nan nan nan nan nan nan nan nan nan
79.131460718623046091 72.139019455628897504 64.042788186628456515 69.876605317805328355 nan nan nan nan nan nan 58.62258379068289571 47.783281377860241435 35.59982186478146815 24.256156186704529887 13.701124661610316835 12.149826112065843731 10.767681066760323105 8.7692839541967746442 8.3701784999030195422 8.05077211049967012 7.5069575422533487696 6.8867531376419499622 6.0809036299006313797 5.4255744390969606883 4.8626774322515542437 4.547420330942263611 4.5313945144770659823 4.6164824665182715435 4.604027541526614975 4.6240726079338925203 4.5128498501730476278 4.4467828435945335741 4.5398242881777468583 4.7150027195805206404 4.9880521089003373447 5.2694336443502667322 5.732161410342655472 6.008117382242716964 6.0616225490661550523 6.430522180080183503 7.0770309042437604674 7.6374033473493136981 7.7652535754437375104 7.6963758283353858047 7.8075783519469164062 8.1306488006129846724 8.2750038079346097675 8.2067827339496854933 8.0580011952018093524 8.0946901056835809385 8.1086080520291243801 8.1954706097949987509 16.912633513651478268 44.996415869984609515 nan nan nan nan nan nan nan nan nan
88.562827300564862298 nan nan nan nan nan nan nan nan nan 56.725258447818241336 41.794637787285502384 16.6624627444948743 12.155457818308896378 10.727761558151170718 8.770923227427193325 8.4524056305041561643 8.2978236782898839863 7.9057518815019243164 7.5331898065237012929 6.968011153412775549 6.3131388491507580696 5.7235780264060238665 5.1267926055595660628 4.8175232590503425101 4.5355279461292470344 4.6729604337444996531 4.7684334304377369307 4.7468381316243775103 4.7403817624536506159 4.6533035143878285211 4.5545174152245548882 4.8111370896962881716 5.0279966743751085545 5.2620978464045782275 5.5523497094696860898 5.8975102921777144971 6.4017433705047404047 6.6755020521207137918 7.1510922520819066861 7.6940071328382630966 7.9130811273878336465 7.8911954443173151219 7.9789150993471089635 8.2999670630809490035 8.5196526616749626015 8.5781314197391225207 8.3831113021208309988 8.1593820581453861962 8.1900843559379392644 8.2722591241975571563 8.4593414948985241608 8.8728806265993576119 15.07018494226331029 51.696020283271629125 nan nan nan nan nan nan nan nan
nan nan nan nan nan nan nan nan nan nan nan 29.05051497301958463 10.662642760573525891 8.6840319468420137383 8.4839571410651899441 8.2724562309305564867 8.1926829335641730978 7.9330197352168614344 7.6343303213833708654 7.1043108587052765657 6.4895058196180501753 5.899256062377060239 5.3683260181039891279 4.9094346673384796631 4.7634059050106909439 4.6966861602221241512 4.8017913070374804718 4.8930991229153946165 4.8826465783647643448 4.8750274297906868171 4.8346299600368176641 4.7742855885781292358 5.0974619383659334204 5.4870453624394075476 5.6519642779929863963 5.7845595783876309071 6.22107940981316343 6.8463973962491007086 7.3296257473701995622 7.8306954397684807034 8.1513804986466311675 8.1892397563828307483 8.3592373604725729308 8.5442463958123990864 8.6854416374680898372 8.7854432117011871384 8.8054454684392950981 8.5821986437302566486 8.4848880855745409946 8.4248506720931271019 8.4951621091993292367 8.6898143364009214906 9.1798944084975779845 14.652454947292733678 118.75133308729392922 nan nan nan nan nan nan nan nan
nan nan nan nan nan nan nan nan nan nan nan nan nan 8.4093996093902099176 8.1058616528445259775 7.8748795036856584773 7.6821053216457197976 7.478775360526858762 7.1216720645146853741 6.5347468600180027565 6.0343529791055496858 5.5657567742660072341 5.0845944923661550163 4.9295041977197380234 4.9138506542737845351 4.8459489911703537146 4.9381645447078632571 5.0255387782560791976 5.0302576979417930048 5.0437780629951332045 5.0808022043584157856 5.1271124662546974093 5.4527151391424197868 5.74446630559250071 5.9338622697914846782 6.1070186867971250066 6.6739738335184544127 7.353421769192864943 7.8599514546770672396 8.1868440804543922695 8.434888240757247857 8.5489849773526191967 9.6054759799412803289 9.0635033587215048101 9.0943340958683194231 9.0802782169749054475 9.0015691515977351855 8.9028950413529983621 8.8960477739254848473 8.861813697148889446 8.8321616013203154694 8.9034627759253623935 10.066224559402785488 34.257722404637490854 61.093749171488276772 438.81354753536425051 nan nan nan nan nan nan nan
nan nan nan nan nan nan nan nan nan nan nan nan nan nan nan 7.6044514453258473807 7.2068535473467560948 7.0212423795987275454 6.5921949490101710012 6.1661730700153096763 5.6987146942049946574 5.3293371719919866436 5.1257133381119652782 5.1702104863379458877 5.0853009647511102642 4.9572231246305342722 5.0337435121688551831 5.1651206516641190447 5.1997760734409075312 5.2454427867388782047 5.4310358962355040902 5.5736557128907140424 5.7313199533616652204 5.8704359879618648321 6.0853369410299178455 6.5751056150573568004 7.2517650473872308226 7.9146375061206288848 8.3816011273643038493 8.6736454283344368577 8.8753103401653454796 8.9773977453550468653 9.5346894803454951273 10.661077116988810332 10.187711063667013178 10.236089058173321931 9.9429484744029377197 9.6816725758375490329 9.4449071305864649162 9.276843067977193158 9.343775509660389389 9.5600626909021677591 15.426472787832842926 110.97354462423615473 77.536914549687864451 nan nan nan nan nan nan nan nan
nan nan nan nan nan nan nan nan nan nan nan nan nan nan nan 7.4691855567267166904 6.9585757663469340883 6.7019295474217939201 6.3386476551299564264 5.6950233224029513934 5.4132488255292097179 5.3078414915525868878 5.3370867536060471181 5.3331414001694614768 5.2413201223710474963 5.0745086738225584355 5.1507048085804401083 5.3174942348138865 5.4478008232762213936 5.5311871802211900473 5.8737700956039091693 5.961199892429174696 6.0422527274868276237 6.0997579459055950579 6.194666132894679933 6.857053304782243508 8.1104590288728672931 9.3324797608251159886 8.9900854398218505992 9.1881957214991487604 9.9319321465341747768 10.31641772453633088 10.344462536568288513 21.31921808229865789 17.44369926272761262 17.254657168070959727 16.299379468797322801 10.698175306281706654 10.453747513854533935 10.237253203141239766 10.286060891660362415 10.790421454296554415 18.952412324683191258 56.118930763364851089 nan nan nan nan nan nan nan nan nan
nan nan nan nan nan nan nan nan nan nan nan nan nan nan nan nan 6.7831522929386931509 6.4543892485295497607 6.024865139320522367 5.5767069204134802618 5.4324225840049935599 5.5063073241194446794 5.5032488315744414464 5.4887311877446851582 5.3848373780386529219 5.2426264975973451143 5.2949903409653451547 5.5155780083395473667 5.7335737041381902301 6.0109345767725965715 6.2429978558289915824 6.32985328522576296 6.3639103225932505126 6.3853186713628264926 6.3500548405700261156 7.1136898054302770689 8.3202325765187037376 15.499873948056517747 13.896718247542009905 14.069321434377741298 15.93724352114389653 16.749433424833160444 16.903416376973403601 29.519669774786589045 23.841138431966335531 21.203951029900501624 17.101709878230103357 17.025941642805726417 16.853542107665809624 16.828079351121719043 16.992645194511514006 18.143039582862535042 39.661380697587581778 nan nan nan nan nan nan nan nan nan nan
nan nan nan nan nan nan nan nan nan nan nan nan nan nan nan nan nan 6.3773045681694799924 5.9983657090484703289 5.633788839058814446 5.5572150253576655388 5.6412409498135636099 5.6744312486372576743 5.6873320890401402039 5.5646830947561296554 5.5158988429912652052 5.5662105622899513691 5.81542940422554544 5.9295378829114318009 6.2126401245005293816 6.453354258267069099 6.5314135983747219072 6.5976309753057114094 6.641034687139191206 6.695586084508140523 7.6340520572589731785 8.356146689494824642 14.837360013824516969 25.170487424046296354 20.887763139936485146 23.828086442006597423 25.623888702307045406 23.951826039198703455 38.892335250063368335 31.692589127881738875 28.420667423068568525 25.160599143537073275 18.619399379212392631 18.828825710434987428 22.517543573351328945 24.917508031315573902 30.444068094334660657 nan nan nan nan nan nan nan nan nan nan nan
nan nan nan nan nan nan nan nan nan nan nan nan nan nan nan nan nan 6.2744763840863360116 5.9580080431033328736 5.6832557322497141428 5.6095552161072523845 5.6984368673245038295 5.7552836601438928099 5.8992534570008210437 5.8174464014406312984 5.8736840551919016207 5.8056350624812766981 6.0427863350338490989 6.2138079450975238771 6.5206014648840415759 6.5475183768034925791 6.6856032480621188085 6.820175939948757815 7.0958017391502705706 7.0712055875710033703 8.1219485973494069952 9.2759994111600256872 23.697282247280238465 37.992448260866019893 32.755896999085528876 33.457986494314326364 34.096000547883036802 30.401867234920501915 52.451388974945444943 43.709012507896332522 41.947509364975658741 37.20328950518084099 36.221700623901327276 34.301228513109556673 31.920291322491646469 33.126411709219297563 41.862695097021855872 nan nan nan nan nan nan nan nan nan nan nan
nan nan nan nan nan nan nan nan nan nan nan nan nan nan nan nan nan nan 5.8774598884414874789 5.6809711242385407814 5.6433732298086747292 5.8040089759803938918 5.995053490069563118 5.9877177748665522117 6.1025845106518810113 6.1032761398502834993 5.9553936096973716374 6.1725103493622812678 6.38915180157710072 6.4446283929569014859 6.6480678442417620033 6.7302052914352028523 6.9127420837128843445 7.2931789955384358493 7.5074869289335763867 7.5922930741498291241 8.7420372411331257467 28.221449955537991627 46.74734463094628012 46.781625231642131268 42.460990468547059606 37.476414623355843503 32.819141936876818022 142.12472071746429947 128.21242796360172633 140.08810120594824866 366.97015521431939078 351.43546217462568393 213.69385994451735655 44.370542192608048992 42.153058119586781061 nan nan nan nan nan nan nan nan nan nan nan nan
nan nan nan nan nan nan nan nan nan nan nan nan nan nan nan nan nan nan 5.8006827761721568848 5.7803014110056967212 5.933225777509766985 5.9247122120126016753 6.0871172229240375628 6.3549799618981577254 6.3460182950955434933 6.3238443424233556911 6.1726392062215564849 6.3868816272998074624 6.3724430762363297731 6.6024731722737470818 6.6796266650291196143 6.9217660512531731243 7.0061032243803769148 7.5962110072428243868 7.832567964816711914 7.9550466989306416465 7.8367874709850324777 8.6652279230661513054 45.877233575152466472 57.750267881412398197 51.469117225598786547 46.454845677041291196 42.8339772770411642 305.67932236011245095 461.99830927386068424 553.47011998847995073 427.30268555934173946 149.8836774977617381 135.53654947504097095 145.02446374017179664 nan nan nan nan nan nan nan nan nan nan nan nan nan
nan nan nan nan nan nan nan nan nan nan nan nan nan nan nan nan nan nan nan nan 6.0892387589515877266 6.1253556529570971634 6.2766235890098158734 6.6461385481325647717 6.7877865657234588426 6.7768504141556640263 6.6032343484076010398 6.3916967665890771499 6.4475140723823294309 6.771820681212539661 7.0284456958641756685 7.0061738167388121212 7.1632138354891550236 7.871789462538087534 8.2340166044649656385 8.3233786914365399667 8.3658535490079248831 8.7823416644853029567 43.598192050111713058 67.109524255731159315 71.201261556463137481 59.458916025688694162 58.724842890111276006 393.23216273297572343 708.55229500205007298 nan 248.63323483619586796 65.316363703540218921 nan nan nan nan nan nan nan nan nan nan nan nan nan nan nan
nan nan nan nan nan nan nan nan nan nan nan nan nan nan nan nan nan nan nan nan 6.393092549907692046 6.4996699321310611452 6.6821402595092740384 6.9382726243203327599 7.0886270150249197641 7.0710516415066493323 6.9782391541453954176 6.8092105647556708803 6.692579870153505972 7.0204947168921094658 7.3636452989711722594 7.7934884704338251993 8.3377737403046836562 8.5413792798378320725 8.6872003888462199228 8.5328072522781841514 8.8641147076233490765 9.277473426544581514 26.946467325356973532 65.666497849789621455 76.465017509198659695 111.92309742658868288 198.94183770315328275 271.06216751689203193 nan nan nan nan nan nan nan nan nan nan nan nan nan nan nan nan nan nan nan
nan nan nan nan nan nan nan nan nan nan nan nan nan nan nan nan nan nan nan nan 7.0654511481698802911 7.108553270291553261 7.1777569553227227317 7.2241405419673396793 7.3543079375120736785 7.2755633481109427407 7.2224108216607270094 7.0854309547707527983 7.0139970971445890768 7.8495050593903297198 8.9623507674055797878 13.043873855801303208 14.221418495031594276 11.647970613801833295 9.2272231323366007416 8.9375446846618622487 11.724092204753775448 14.633959543654782465 40.488408014040963678 59.445515914909073274 76.364626484116513438 83.843593804153826454 94.159728649668437583 208.56610463180538773 nan nan nan nan nan nan nan nan nan nan nan nan nan nan nan nan nan nan nan
nan nan nan nan nan nan nan nan nan nan nan nan nan nan nan nan nan nan nan nan 7.5674686208708061841 7.5739924628426935627 7.5120657321704387144 7.6089257735699575846 7.5660633593570638666 7.4244920814903743178 7.3898337771508000316 7.2861277480599033751 7.1604753411668458085 7.8274634181067215266 21.738047008961405737 54.079458108196185151 25.272724532857100854 12.608265102976462302 12.727159069360897803 15.350916429652171402 32.760911075849058705 41.430004944619206242 53.447763223896558316 59.941620840737478204 75.157118839736043014 86.201198635204008269 92.507836147500341895 467.08067119244407195 nan nan nan nan nan nan nan nan nan nan nan nan nan nan nan nan nan nan nan
nan nan nan nan nan nan nan nan nan nan nan nan nan nan nan nan nan nan nan nan nan 8.1754037903605052406 7.902600937196815778 7.8759509100965443551 7.724900669738973491 7.5380251317523931931 7.5343835928003777269 7.4390586657102479862 7.4168247218803546872 7.6080577973164889016 9.361094862837628483 135.22652776105312 29.792663067543518451 15.516886722543144828 15.649516269248184841 87.367932035030392512 73.053265523536509818 59.658437824155633677 63.765205054045161148 64.55766977041932364 75.450149002493319017 89.736209393264772416 101.11752228130323772 nan nan nan nan nan nan nan nan nan nan nan nan nan nan nan nan nan nan nan nan
nan nan nan nan nan nan nan nan nan nan nan nan nan nan nan nan nan nan nan nan nan 8.1970338288902002688 8.0615867393822426834 8.0199740883494889943 7.9170935940685929211 7.7393281004481497831 7.6649280386186466885 7.549542895276077914 7.6601688564734331521 8.0371920911083023498 9.3434407458331101282 246.45428644966881393 53.695198396557728415 32.357728922332519517 47.616925894409149578 294.85596439253765766 144.96288822101078608 76.179251814016353705 74.120041595511679589 72.707909816046779383 80.843298869870636736 106.00024682492744432 224.82069774975983023 nan nan nan nan nan nan nan nan nan nan nan nan nan nan nan nan nan nan nan nan
nan nan nan nan nan nan nan nan nan nan nan nan nan nan nan nan nan nan nan nan 8.4951644263950125691 8.3008408726159252922 8.2509618659436210208 8.1885898993554260272 8.0579730532222981765 7.928439473072840471 7.8335422625189430335 7.7279487882433741675 8.3756494446459992531 12.774594158840091751 32.985371762687144326 72.252415622831435371 280.84823947271024736 174.48688693776395553 327.35671931240767663 271.08240129092752113 139.35169404451909259 286.17473384621501964 161.81424022109339944 82.201920298419807409 90.711569524445934576 109.38853142698805243 nan nan nan nan nan nan nan nan nan nan nan nan nan nan nan nan nan nan nan nan nan
nan nan nan nan nan nan nan nan nan nan nan nan nan nan nan nan nan nan nan 10.565959199846279404 8.5177717391438960703 8.4425524695121509922 8.3957681577839355924 8.3504469539440755455 8.2064839951477583924 8.0795956876716736872 8.0169602352308366733 7.9278687951220598862 8.8332714689029749877 13.456917157182802569 35.427401533354256458 48.109145685858450747 55.118561780137710571 79.92838517924332109 90.570686902502373528 123.66913425331264875 140.03369253467568001 343.46757679143638597 323.36660107838957856 174.15676997739817011 105.51475554882398455 nan nan nan nan nan nan nan nan nan nan nan nan nan nan nan nan nan nan nan nan nan nan
nan nan nan nan nan nan nan nan nan nan nan nan nan nan nan nan nan 45.83061767349095561 12.0861227972221279 10.327735858145869585 9.9869274299619146262 9.9490129301824428154 8.5483136018659653388 8.5231901756783088331 8.3944985717670430603 8.2885331669855020209 8.2857700856287568314 8.2307706748197002611 10.857342704882189111 13.323566190995130398 30.009664630085197246 60.357966548426894349 73.263368752708387888 62.029907958513689437 62.220720829435329335 nan nan nan nan nan nan nan nan nan nan nan nan nan nan nan nan nan nan nan nan nan nan nan nan nan nan nan nan
nan nan nan nan nan nan nan nan nan nan nan nan nan nan nan nan 65.721483171099578158 37.128465159250346517 11.673068366891852676 10.64700449025437301 10.662315054940581405 10.587875319065849666 10.167264180512669114 8.6809043038515181223 8.566462409308931214 8.5124043978138121957 8.5539628257958018054 8.510847013676581696 10.684111781744070058 38.493016887831522865 39.770022486414347895 44.991396502020897685 78.204443295079101972 nan nan nan nan nan nan nan nan nan nan nan nan nan nan nan nan nan nan nan nan nan nan nan nan nan nan nan nan nan nan
nan nan nan nan nan nan nan nan nan nan nan nan nan nan nan nan 64.898383591847547791 23.167450934000758167 13.316304148598460344 12.909740870054214668 12.076841241420643414 11.872520716909274796 10.860007947104135084 10.247565480295453 8.6331059476416687204 8.6840879915387798604 10.214598403639479685 10.344167050359748927 10.815769485223752255 45.569302549844501016 40.97198755041853957 54.96547132779168976 nan nan nan nan nan nan nan nan nan nan nan nan nan nan nan nan nan nan nan nan nan nan nan nan nan nan nan nan nan nan nan
nan nan nan nan nan nan nan nan nan nan nan nan nan nan nan nan 57.703694690078137342 36.787609351638145938 37.971275319259191861 33.093283783537657428 22.437238305867307275 17.62555081261441714 13.075295061460542101 13.01378795207426009 12.867793857277584735 12.08375581688482292 10.799250713904211096 16.07672154235874018 20.309402891404104707 nan nan nan nan nan nan nan nan nan nan nan nan nan nan nan nan nan nan nan nan nan nan nan nan nan nan nan nan nan nan nan nan nan nan
nan nan nan nan nan nan nan nan nan nan nan nan nan nan nan nan nan 60.873633219974216502 65.717378033091264911 50.088707568733774167 39.126401379513879419 29.877023389495434458 24.868402209310335849 23.083669497757128397 34.893229808382294266 47.204753579770262206 26.636642690806485945 nan nan nan nan nan nan nan nan nan nan nan nan nan nan nan nan nan nan nan nan nan nan nan nan nan nan nan nan nan nan nan nan nan nan nan nan
nan nan nan nan nan nan nan nan nan nan nan nan nan nan nan nan nan nan nan 71.600265858110915929 70.886673382591084192 56.524374298566996799 59.847055972717157601 59.95847612889555478 nan nan nan nan nan nan nan nan nan nan nan nan nan nan nan nan nan nan nan nan nan nan nan nan nan nan nan nan nan nan nan nan nan nan nan nan nan nan nan
nan nan nan nan nan nan nan nan nan nan nan nan nan nan nan nan nan nan nan nan nan nan nan nan nan nan nan nan nan nan nan nan nan nan nan nan nan nan nan nan nan nan nan nan nan nan nan nan nan nan nan nan nan nan nan nan nan nan nan nan nan nan nan
