results/rofental/swe_month_2020-04-01T0000_2020-04-30T2300.asc
ncols        322
nrows        225
xllcorner    622802.488000000012
yllcorner    5178049.378999999724
cellsize     100.000000000000
[rows 56 to 83 of 225, columns 189 to 251 of 322]
nan nan nan nan nan nan nan nan nan nan nan nan nan nan nan nan nan nan nan nan nan nan nan nan nan nan nan nan nan nan nan nan nan nan nan nan nan nan nan nan nan nan nan nan nan nan nan nan nan nan nan nan nan nan nan nan nan nan nan nan nan nan nan
nan nan nan nan nan nan nan nan nan nan nan nan nan nan nan nan nan nan nan nan nan nan nan nan nan nan nan nan nan nan nan nan nan nan nan nan nan nan nan nan nan nan nan nan nan nan nan nan nan nan nan nan nan nan nan nan nan nan nan nan nan nan nan
nan nan nan nan nan nan nan nan nan nan nan nan nan nan nan nan nan nan nan nan nan nan nan nan nan nan nan nan nan nan nan nan nan nan nan nan nan nan nan nan nan nan nan nan nan nan nan nan nan nan nan nan nan nan nan nan nan nan nan nan nan nan nan
nan nan nan nan nan nan nan nan nan nan nan nan 519.3056346435624846 nan nan nan nan nan nan nan nan nan nan nan nan nan nan nan nan nan nan nan nan nan nan nan nan nan nan nan nan nan nan nan nan nan nan nan nan nan nan nan nan nan nan nan nan nan nan nan nan nan nan
nan nan nan nan nan nan nan nan nan nan 542.45339315967351013 510.0659128792040633 466.72272115121143088 476.28733886858356072 505.05107782631404234 nan nan nan nan nan nan nan nan nan nan nan nan nan nan nan nan nan nan nan nan nan nan nan nan nan nan nan nan nan nan nan nan nan nan nan nan nan nan nan nan nan nan nan nan nan nan nan nan
nan nan nan nan nan nan nan nan 478.73171434526472012 463.80731556516639102 465.8801707993538912 465.90207506032203355 461.45921773925630305 443.30987633434955342 437.96333110703358216 466.10959091306432356 nan nan nan nan nan nan nan nan nan nan nan nan nan nan nan nan nan nan nan nan nan nan nan nan nan nan nan nan nan nan nan nan nan nan nan nan nan nan nan nan nan nan nan nan nan nan nan
nan nan nan nan nan nan 559.41156165458619398 477.64204344812617364 429.31573746951295334 414.7218822307425512 409.96847639086337267 416.17850565304593147 438.91979090851907586 451.63336767985538245 414.73739514988085375 384.3205419749120324 420.30805655220797235 464.41783791691938177 nan nan nan nan nan nan nan nan nan nan nan nan nan nan nan nan nan nan nan nan nan nan nan nan nan nan nan nan nan nan nan nan nan nan nan nan nan nan nan nan nan nan nan nan nan
nan nan nan nan nan 530.36601624906427332 517.122784041084401 465.74385739957892838 444.14352812311614116 439.70442129290626099 433.21288461322279773 420.1937943953525405 415.70084246715776999 436.04920346509896945 428.45534499768643855 388.01083328427586139 353.15106562126533163 350.23247118813964107 412.51169433107753548 488.30700423192354265 nan nan nan nan nan nan nan nan nan nan nan nan nan nan nan nan nan nan nan nan nan nan nan nan nan nan nan nan nan nan nan nan nan nan nan nan nan nan nan nan nan nan nan
nan nan nan nan nan 549.48401673334637962 536.76171656086614803 496.01619300808704338 460.30241036125187293 460.85748012097906212 459.51439479529852861 456.976953568717704 447.09344624587703265 444.20475857386912821 441.29461091344688839 426.64621285449669585 403.1721222911914424 366.489913400348712 343.48880816206701638 367.30788645870768505 441.57225353316920291 nan nan nan nan nan nan nan nan nan nan nan nan nan nan nan nan nan nan nan nan nan nan nan nan nan nan nan nan nan nan nan nan nan nan nan nan nan nan nan nan nan nan
456.8203818993407026 528.23768659359234334 nan nan 452.32480051912335739 458.35511158927141651 499.99530339172144977 516.87037940355321552 500.80837960897270023 499.43311229026545561 499.91864329357736096 460.88242424355314597 437.72130654522970872 436.66018375462198264 444.37121198874626771 441.14070937685960416 430.66415478914018422 405.18853677590618645 358.96288281430685174 342.53311558583118313 403.07722357072088926 455.42641781212512342 nan nan nan nan nan nan nan nan nan nan nan nan nan nan nan nan nan nan nan nan nan nan nan nan nan nan nan nan nan nan nan nan nan nan nan nan nan nan nan nan nan
389.69752698880205344 410.89663179508380608 454.0320061408869492 462.84181675639825926 432.83330149932027098 393.10577237350889845 404.90849407710663854 499.48187658864884497 510.09871290024312884 477.39498207452146517 465.02846565600742679 458.50911237371565221 440.65686088673186305 416.56521012957983885 433.73459417017335227 438.42546566169488642 428.04790914705819205 414.44490915014586108 388.05367622731273514 363.57444561900035751 399.16853645085973312 434.89998253815701901 460.27236513446365507 nan nan nan nan nan nan nan nan nan nan nan nan nan nan nan nan nan nan nan nan nan nan nan nan nan nan nan nan nan nan nan nan nan nan nan nan nan nan nan nan
363.08605647886054157 366.71185385557811287 394.17753245774508741 452.67666939372384149 414.76329575204925959 370.11665859696284997 372.13329111437531083 473.96094019388164043 516.22207623923168285 492.80630561494456288 467.57382346187790745 459.9447521556901961 455.06764476346018 443.03280855431938789 427.97787062154617388 427.82329395921243531 417.42069234936167277 409.31412934380870183 391.35315940274807645 361.3640738477654395 382.22042163251063585 391.81610014277725895 432.45788661254073304 457.06574693006700727 nan nan nan nan nan nan nan nan nan nan nan nan nan nan nan nan nan nan nan nan nan nan nan nan nan nan nan nan nan nan nan nan nan nan nan nan nan nan nan
308.75674273100491973 316.89637759625139779 361.87806796768006734 446.24465992131865733 415.05864944236657266 348.27380377989965154 342.91082759008043013 385.00927734716026407 459.70890572281922459 529.03764978677509134 516.20863666273749004 462.86489574384063417 456.53443994103798786 447.76208417684966889 439.746657961784706 431.4375055429707686 422.47777675406041453 414.35286552320764031 387.89141575413276541 322.86121674991687769 308.67134175841806609 262.86297831590104579 335.00309034549769649 447.84323751337359454 nan nan nan nan nan nan nan nan nan nan nan nan nan nan nan nan nan nan nan nan nan nan nan nan nan nan nan nan nan nan nan nan nan nan nan nan nan nan nan
333.07240980069281022 335.5274950941918064 354.90599186021790956 391.0347044193573538 393.07393620135798074 330.62900268382611557 323.33888867604662209 344.84389407576907161 350.19612198513652856 411.72280002275402921 526.53086088371719597 520.62038403761062 475.70898830111303823 457.8401964680498395 442.20496320299952231 430.57920782590713316 413.18893015087553522 402.08688380785355321 381.5308197786614528 342.09812013122041208 299.73459393269729389 231.36545206134195496 252.12763399603230141 382.20201786531083599 nan nan nan nan nan nan nan nan nan nan nan nan nan nan nan nan nan nan nan nan nan nan nan nan nan nan nan nan nan nan nan nan nan nan nan nan nan nan nan
348.88494630905711347 300.61369200659316903 291.05679538186279842 318.92167907697057672 314.49195008973663334 300.35534933418227865 319.71107493487255624 328.64534969079295479 316.87618180831333348 331.28519929058018079 394.99604465751127691 508.01144133155594318 522.16007826614611531 498.63641883841739855 455.01724530295996374 430.47457313647004185 394.36841216633280283 381.03601693418937657 371.63157001953044301 367.9688278352944053 368.12956016109325219 308.57027338914809889 281.96110047064803439 395.51234821196436542 nan nan nan nan nan nan nan nan nan nan nan nan nan nan nan nan nan nan nan nan nan nan nan nan nan nan nan nan nan nan nan nan nan nan nan nan nan nan nan
327.97691303404030805 273.03620826826755774 235.08341226552050784 244.66241650880775182 264.21791607844079408 282.18942029644335889 295.40626475453632338 303.47504273553175835 304.19151132254489767 310.51493413971792279 329.57137926689944152 368.0264183391814754 395.55460830623007951 469.92670178922458035 474.85730696041662213 450.65837428377807328 403.16643510799315209 361.99001625782995006 347.94609553034348437 342.99286573820035073 358.66292819027870564 339.68969857030384674 246.97481784234332736 275.24156714495563847 438.33573037172629938 nan nan nan nan nan nan nan nan nan nan nan nan nan nan nan nan nan nan nan nan nan nan nan nan nan nan nan nan nan nan nan nan nan nan nan nan nan nan
370.7192826961407377 332.969341285774874 276.32917146270688136 273.9414664446325105 275.73463604530599014 269.66740147575450237 270.41459298977071057 282.89840601509155249 284.95058120458242001 287.63886001605806086 319.6966092254688192 354.43091016183154807 316.40832879507837561 361.64759658613809279 455.901294727332413 439.0985031959475009 407.08307584820153124 354.05708275240641569 339.65192356193102796 311.57137760528274839 241.53293273722732692 281.37987057892718212 249.16382823037537264 199.83209662102396464 304.65299820422251287 434.54810199191661013 nan nan nan nan nan nan nan nan nan nan nan nan nan nan nan nan nan nan nan nan nan nan nan nan nan nan nan nan nan nan nan nan nan nan nan nan nan
350.48870321009343343 332.08135749830654504 305.23628133774923299 298.99144532583579803 289.57069978343355388 277.25078776106198575 258.26643921086116507 271.35679227801000479 266.85079589294144853 259.40077425579113424 285.5032865421416659 338.10238195428553354 310.57642879929539959 306.21196807583038435 402.65665726157288873 441.23621217519638549 402.30060289331095191 339.03643225218053203 346.19181052027613532 335.37174547459602536 209.3811066494316151 165.37611677747648287 234.65554777189126412 200.8416911624703971 200.56385578572951545 372.89249150817244072 nan nan nan nan nan nan nan nan nan nan nan nan nan nan nan nan nan nan nan nan nan nan nan nan nan nan nan nan nan nan nan nan nan nan nan nan nan
359.91819954062032139 347.63734609660377828 324.48729327693450841 309.27054683883619646 310.45506281712954433 302.26226124307777354 264.66921249652870074 254.9252980616255968 253.83090072721529395 242.21558600415121987 256.48400213851647322 315.88980124871130784 325.15257289541011687 309.37601715459669549 323.95985197544717948 374.09371146794734386 415.99552942434644365 297.28509561646768589 306.98992480405860306 343.5589959116136356 266.23643308331025992 176.7697621325677062 177.61656498616528665 214.78631427082939354 230.5689515424581657 286.77384915342969407 428.58473725370782859 nan nan nan nan nan nan nan nan nan nan nan nan nan nan nan nan nan nan nan nan nan nan nan nan nan nan nan nan nan nan nan nan nan nan nan nan
374.98646891724479246 362.68558031206038095 326.42012323216260938 314.49462743532257036 316.80502113403986186 323.60285651220505088 303.55599490285118236 257.33199987436438505 235.54128877218909111 228.25117215052881647 256.52251974580741489 328.2143504685843709 344.01062157079115877 303.98992780291473537 312.82318980387179863 310.56678504836258981 344.89017812918905292 274.37658622189451307 235.51438107056324611 285.28008506469944905 285.14114777318440019 244.32725866353894162 222.56595876242840859 262.90185811036513996 307.25963524065241472 346.00674696271971698 428.13550756384637452 nan nan nan nan nan nan nan nan nan nan nan nan nan nan nan nan nan nan nan nan nan nan nan nan nan nan nan nan nan nan nan nan nan nan nan nan
366.64878510590853011 355.6918454657707116 327.01199751683680006 315.85981990126646224 313.34272240233468665 303.40383018532219239 299.7710275951527592 285.84265068207128024 247.99495439347776937 237.27346524371253622 263.19208661606353417 327.10614725151236826 411.65018320095418858 357.7857155081526912 327.4348736047305124 340.36147904708121814 346.84423960747716364 315.20586739607097115 248.34054551829501634 247.07071133130287421 243.43044264889388728 282.35342233998130723 275.03297551795378695 295.46377868776698961 329.7028845475430785 357.06201838622689593 nan nan nan nan nan nan nan nan nan nan nan nan nan nan nan nan nan nan nan nan nan nan nan nan nan nan nan nan nan nan nan nan nan nan nan nan nan
379.63047680285211527 348.4825338165468338 328.74249799115369797 313.77291109864046348 322.06021271567033182 300.64770492821719472 288.80177789556842072 308.14625118058887665 289.27056107158443865 249.18782517999414949 262.00019130073843598 314.73754633097951228 412.32267928978097871 364.16689973939804759 306.3215977208378149 314.11416704263365318 333.62325287053346301 335.06454287941443226 284.70328229652767504 229.61441342110413188 198.34634836800353241 220.14252895312787928 261.89930319266431979 318.37641563374410225 328.26287511127844709 328.25381129695682603 nan nan nan nan nan nan nan nan nan nan nan nan nan nan nan nan nan nan nan nan nan nan nan nan nan nan nan nan nan nan nan nan nan nan nan nan nan
417.42423715674021878 383.96603359215362161 329.03750203476016623 294.66835207448582423 316.6620446118075165 322.74553895064406106 286.5683178134939908 288.3838112521483481 295.8970026325383742 251.77280910017037741 248.24441442931214397 284.58636026745796244 408.4146200344636668 427.61570923982259274 379.52041246912779116 344.07020784867540897 315.77413669590958989 282.26683082223030397 219.88100383486622036 198.57658784579720646 166.21243843612060687 187.60527983333312818 230.29936734999964187 251.02304252023424169 239.11060306810583143 312.5618999075001625 nan nan nan nan nan nan nan nan nan nan nan nan nan nan nan nan nan nan nan nan nan nan nan nan nan nan nan nan nan nan nan nan nan nan nan nan nan
405.46767868426002224 410.31165962893436472 371.33774862230063718 322.96520066323972742 307.0238230881887489 331.29278867255720797 305.61969362580691723 275.17085117808818495 284.42528055988663027 300.37655605190360575 244.20939708969001458 228.70965116197518796 298.2721679320130761 409.17186634680916768 375.77857668681269843 332.98524612886120622 334.61334154822571918 314.91934000520819836 232.82789184023977214 193.03412609997550931 188.02382799736801644 238.23322030630546919 243.8309002038888309 222.92792222460144558 197.79055577676712119 nan nan nan nan nan nan nan nan nan nan nan nan nan nan nan nan nan nan nan nan nan nan nan nan nan nan nan nan nan nan nan nan nan nan nan nan nan nan
387.96162984900371384 401.26538975987028834 405.19273272289609622 357.11514710478360257 329.65765529791087829 340.1433833983944055 335.26879669528921113 291.79171611887159088 263.72323975606087743 277.5966245319079917 228.24838422517987624 209.36129696966892766 207.35460533300900465 342.56827095907794956 358.2180853842269812 317.7721927604289931 325.25844443201850709 308.45956869111779497 218.59722332337560147 193.45061171222502594 227.5771816718270486 214.14075416894712589 178.90772084391571184 200.63315291829226794 223.11907254230141007 nan nan nan nan nan nan nan nan nan nan nan nan nan nan nan nan nan nan nan nan nan nan nan nan nan nan nan nan nan nan nan nan nan nan nan nan nan nan
423.1465396428980057 400.85309154148035304 371.57923904420874806 358.19471511080541859 321.55159851019942607 288.23521794353644054 299.83255961909696907 302.87346722069457883 252.81782808619271918 262.78808380277251899 222.39791212646835561 218.4159127099846387 206.18248361664873869 278.31804145000018025 359.49674647802481786 345.82454884723568966 344.95528138806866991 326.32136894314464826 247.98810235194900997 206.32809964669337432 201.6963590569750977 154.48078632323347392 129.89548075694807494 156.3056128129857143 193.45652262764849638 nan nan nan nan nan nan nan nan nan nan nan nan nan nan nan nan nan nan nan nan nan nan nan nan nan nan nan nan nan nan nan nan nan nan nan nan nan nan
390.8889179189582137 398.44044553069795711 337.05398960948241438 282.64804050905684107 301.0755359848294006 263.31591763336746226 266.43579880789792469 272.81074056842874143 248.12408112711418084 259.183715087822236 227.44992822931010323 217.36859756956852152 215.46591898192556869 223.42818145072200764 314.3224913265385112 333.90662643455181069 343.37792414763885063 340.45409517008749845 276.01566371891834706 183.85787644799830787 149.13532063879236489 140.99436035171405024 121.29222527368969509 134.16888505114317809 202.42937764652739929 238.97668245066947179 nan nan nan nan nan nan nan nan nan nan nan nan nan nan nan nan nan nan nan nan nan nan nan nan nan nan nan nan nan nan nan nan nan nan nan nan nan
361.71408353836238803 374.89790300611463181 370.30450836551568727 317.1018629860798228 278.29691215056129749 256.2385247310143086 244.34484229554868762 240.50010170842074331 233.60723968160769459 230.10744638517348903 207.23324374519145863 183.39524952866361218 222.02607766923233612 237.33536339064684739 257.0134993155572829 300.63018627627513979 325.80659027192382382 339.21008336968162666 287.86646286133952799 194.83446536864045129 145.65368883587834148 140.02341083586694026 115.17209295269520908 117.24646276468259032 163.27176295755438673 194.66658391610408785 188.39968162611572211 nan nan nan nan nan nan nan nan nan nan nan nan nan nan nan nan nan nan nan nan nan nan nan nan nan nan nan nan nan nan nan nan nan nan nan nan
