results/rofental/swe_month_2020-03-01T0000_2020-03-31T2300.asc
ncols        322
nrows        225
xllcorner    622802.488000000012
yllcorner    5178049.378999999724
cellsize     100.000000000000
[rows 112 to 139 of 225, columns 189 to 251 of 322]
270.39670303195975976 259.55110521125925516 265.21454127383907462 266.76281442900818774 289.32466986759851579 302.69587952724668867 310.2114930623669693 318.42526252543200371 335.0838384933888392 352.07617400885442294 367.10666061676556637 389.07563181065006574 392.07709603248207486 392.73974640470913755 391.26398464162235769 384.55417727433319897 380.14295238198246807 395.34484670195848821 413.47611831628330492 424.16352460766825061 429.23077582070760627 422.96688864650076312 416.48697340784650578 417.26013960631485133 425.60708445942043454 438.78753652091046433 431.12987469167728705 nan nan nan nan nan nan nan nan nan nan nan nan nan nan nan nan nan nan nan nan nan nan nan nan nan nan nan nan nan nan nan nan nan nan nan nan
267.17314316839082267 265.09626794870763433 273.61920834000329705 291.45287561912039109 296.59945168330182241 309.84429048907304605 323.07200448212972788 333.10437310138587463 355.40994704009619909 369.36629900967676576 380.81112855586957266 392.73431644463181556 395.87133064864997323 398.52153416665737495 400.38216570633846914 393.40774326084289214 387.71385402502465922 389.49023160827721313 408.99100722341222536 430.74518737162236448 425.09037453323247746 424.29898078201966882 424.77677527911822608 426.41494251781364255 439.8460126476047094 nan nan nan nan nan nan nan nan nan nan nan nan nan nan nan nan nan nan nan nan nan nan nan nan nan nan nan nan nan nan nan nan nan nan nan nan nan nan
259.2434015698145231 267.63701467232510822 290.65108248290385973 300.82644718031315278 309.1164912362247037 320.22394192305569049 334.36205021695013784 348.71797765150313353 362.47511571577700806 377.74749267381082518 392.81770750529261704 399.81931903865938693 398.3095526937121349 398.83736563353772908 401.84645793827877469 399.44762994294433156 395.09872429995351695 389.54316145896882517 403.20224782269843899 430.29381972263598755 429.01586644732304876 425.88645596410862026 426.98638583695441184 433.4315885435760265 454.56049794482112247 nan nan nan nan nan nan nan nan nan nan nan nan nan nan nan nan nan nan nan nan nan nan nan nan nan nan nan nan nan nan nan nan nan nan nan nan nan nan
270.77018869342396101 287.73500330595214791 297.22024818664340273 308.00896648300027891 318.37501173114782205 331.38490060618636335 343.11867970702763841 352.62274128654343031 363.20721038981258744 378.4460164934172326 393.99571913653812771 405.82421553077188037 408.21081335185868966 410.56903111858321154 408.0527931196705822 405.1963857306473642 404.70518684532834186 399.62388128839461388 402.1468222888727837 431.25957469328886873 442.9825422359791105 434.77623500484730812 434.38826724910558141 440.93172812120928938 461.84050094170027023 nan nan nan nan nan nan nan nan nan nan nan nan nan nan nan nan nan nan nan nan nan nan nan nan nan nan nan nan nan nan nan nan nan nan nan nan nan nan
294.18717006504141409 299.98742382379117544 307.19180712966351621 320.56253517416070054 334.03220418241397738 345.94589083584241962 359.16415418773794954 371.07114237766609222 375.19898528972964868 380.88194896119529176 389.69468926000496367 413.13288833242899045 419.5375493131850817 418.24126420257715608 414.20417033513376737 412.07634003014845803 412.38583820694998394 410.0849399202804193 413.54573531304743028 442.44060682580334287 457.59373000710138513 448.94714988100884057 449.60146420238777409 461.10029648036714889 462.35710971604385122 nan nan nan nan nan nan nan nan nan nan nan nan nan nan nan nan nan nan nan nan nan nan nan nan nan nan nan nan nan nan nan nan nan nan nan nan nan nan
306.02655631372311973 312.19577292150103176 318.32694903858237012 339.24824225750410278 351.8369340990842602 361.10697090801266995 375.45292677639679368 385.74954104865224735 395.6522561349637499 403.04041718729547483 407.18757380400774082 414.21650333006817846 426.4365454842978238 425.76609429631395187 426.33638724401311038 424.54153315375327793 422.53642778247399292 418.91656933948638653 420.59007710010070014 442.50860405885458704 473.35938421123552189 473.43215577981874276 472.1960880017120985 480.10151173738438501 nan nan nan nan nan nan nan nan nan nan nan nan nan nan nan nan nan nan nan nan nan nan nan nan nan nan nan nan nan nan nan nan nan nan nan nan nan nan nan
317.38388456160106443 325.70068420403401888 337.80831978904558355 354.30489482083476105 366.88847352272239277 376.37024904312551143 387.02072485534205271 396.86595072150839769 407.94535180392716711 414.18468786640454482 425.75573998564709655 424.30565429786400955 424.47839107156210048 430.13013796296553437 432.20311582837319975 430.78887386904222012 428.13861179211619401 428.02066282722825008 435.63359417208533841 448.11715713891618407 476.37987270477850643 491.24179402610309353 491.65166608966001149 nan nan nan nan nan nan nan nan nan nan nan nan nan nan nan nan nan nan nan nan nan nan nan nan nan nan nan nan nan nan nan nan nan nan nan nan nan nan nan nan
327.97194435642200006 341.58367332361876834 358.93799865540478322 370.91528854702045237 380.35405558668236381 388.61335260938733427 399.45238234380906306 409.50802004908450726 415.44160934687664621 425.02692313787605372 428.26544317026832687 425.24777542043329959 426.91376415013928636 433.07960081695227927 433.04314683318210655 433.875151778062218 432.76937780799192979 434.66820331663473098 448.02793726547787401 468.00906900665802368 482.84778258551500585 508.16313225950574406 nan nan nan nan nan nan nan nan nan nan nan nan nan nan nan nan nan nan nan nan nan nan nan nan nan nan nan nan nan nan nan nan nan nan nan nan nan nan nan nan nan
340.61124159821918056 360.31782472416705332 376.25114988433892904 387.43429616357070699 393.13599715642538968 400.66203750784603699 409.09312566426012836 417.34694655070359204 431.49452215820463152 437.61891595975691871 433.45568474402392667 429.38329742950327272 432.28043722283496209 441.90394631200530284 443.70747623872006216 446.64615747565920856 443.8498699394014011 453.58276942924476316 467.50200440130322477 470.95449544359610172 489.43640877577138326 525.38078256912103825 nan nan nan nan nan nan nan nan nan nan nan nan nan nan nan nan nan nan nan nan nan nan nan nan nan nan nan nan nan nan nan nan nan nan nan nan nan nan nan nan nan
356.8325941453325072 374.32412184755270346 390.24851846550802748 399.17060360384078876 405.58222868429999153 411.31322570312056541 418.90868754529117268 427.29160051548967658 449.26968181102745348 439.35217934988446586 437.70310785617010652 434.51237221148778644 434.70677756074712761 445.04894010874733112 452.81640571153724295 456.721297487830725 451.96403540435767354 458.91446577668119744 481.45264543461070161 484.46029093486293959 496.28567364306678655 542.30594757961614505 nan nan nan nan nan nan nan nan nan nan nan nan nan nan nan nan nan nan nan nan nan nan nan nan nan nan nan nan nan nan nan nan nan nan nan nan nan nan nan nan nan
360.42360740642089922 378.51715241253947397 389.94010596506416277 404.55440603524323251 413.41143545704824191 420.17514911612943251 432.71551777355330159 447.0425863916264575 455.20387896113589932 443.50693925593714084 444.52797953239303297 444.05667467732911291 447.92118962901889745 455.8006926762913622 456.83310606733141412 458.86782530350433262 458.53734747133131577 461.57380877844769884 483.4016840907331698 489.06864920801734797 497.85143226106117709 518.51767420791532004 nan nan nan nan nan nan nan nan nan nan nan nan nan nan nan nan nan nan nan nan nan nan nan nan nan nan nan nan nan nan nan nan nan nan nan nan nan nan nan nan nan
367.23581772422784297 379.45770977157201287 388.7455531309564094 408.96622731990578359 419.47179811808479144 428.67828332416087278 446.02757444209760251 460.22582676160459414 453.16219120981554624 451.58829445353995879 456.01520524221496089 459.17110620479525096 464.11394177006684458 466.47069239563074916 466.28860998845834729 465.84384242368588502 467.56574692021217743 455.81398871214292967 450.12415235350869125 464.83734513490696827 476.79208517877106033 499.67366974691543646 nan nan nan nan nan nan nan nan nan nan nan nan nan nan nan nan nan nan nan nan nan nan nan nan nan nan nan nan nan nan nan nan nan nan nan nan nan nan nan nan nan
375.38839030645249295 386.46806760630579447 398.34692147130107287 413.30889848571587208 426.35900063138399219 442.69227623068945832 466.855359418542605 471.76719429101655123 459.28177615569899217 457.59072114773931617 458.20568036918621146 462.13675938454832703 465.11577328025146016 469.21681114947432434 469.65502089861166723 466.51223238757620493 471.03511099873554713 472.84871488209722656 464.64028699450199156 467.53662704384811377 485.16648840573191137 503.52434554370853448 nan nan nan nan nan nan nan nan nan nan nan nan nan nan nan nan nan nan nan nan nan nan nan nan nan nan nan nan nan nan nan nan nan nan nan nan nan nan nan nan nan
380.02354574977948687 393.51304894704810522 407.33363149281842652 420.68289993015565642 432.42852065618382085 451.49900381389909398 467.92757862588985063 469.05612568823261199 473.36051280246795159 471.07324147192355213 472.06067472446909505 473.52591850823773711 474.17947834552660424 475.67786770477380287 475.20621671435355893 475.17231613036034332 482.22933768413469124 486.30970737750135413 484.70928384763766417 482.02050271467862785 496.40771853764726984 505.11659627271114914 nan nan nan nan nan nan nan nan nan nan nan nan nan nan nan nan nan nan nan nan nan nan nan nan nan nan nan nan nan nan nan nan nan nan nan nan nan nan nan nan nan
381.58537734250120366 397.24774692383277852 414.80401599199717566 428.87365111675200069 440.19191972914700273 456.73815863338819554 482.09474256054613761 481.176121849187723 480.84142558228910502 482.21239847993695093 481.43537183859729112 479.91005947957029321 479.99309347885889565 481.02192244455704895 482.27571123091308891 487.54623789315013482 502.96961855748128301 500.84581812108285703 501.73564131134207855 495.26722265955231705 489.28325111948180393 nan nan nan nan nan nan nan nan nan nan nan nan nan nan nan nan nan nan nan nan nan nan nan nan nan nan nan nan nan nan nan nan nan nan nan nan nan nan nan nan nan nan
386.54397223353396384 400.11451725700658244 413.85410591425574012 432.33461835468671097 446.67551779133890477 459.62605299510096302 489.26235730221731046 497.83242584754248128 488.81295895825030584 489.38237959428221302 487.78999190508056927 485.45921772203837463 484.22687880928970117 486.54988797842571557 488.51189624297614955 492.23400861715970223 510.40183133885227562 515.07357784350938346 510.75799376755696812 508.58259281542729013 514.27008395844484312 nan nan nan nan nan nan nan nan nan nan nan nan nan nan nan nan nan nan nan nan nan nan nan nan nan nan nan nan nan nan nan nan nan nan nan nan nan nan nan nan nan nan
404.00371142164601679 409.26535097779071748 421.89085637578762089 441.73021315984971125 466.11342591533974655 478.38749100636840694 495.47326013864659444 489.84489617008648565 491.93385205240667801 491.12623663966127197 490.72764257724725212 489.85509371955157576 490.69974335724788261 493.28677117788976147 494.03175702673445358 494.86588597363441977 508.24356147111166138 533.71174867380204887 528.40248408385241419 522.78703923812520316 518.58144193242958409 nan nan nan nan nan nan nan nan nan nan nan nan nan nan nan nan nan nan nan nan nan nan nan nan nan nan nan nan nan nan nan nan nan nan nan nan nan nan nan nan nan nan
410.79632525179601998 420.82451257161494595 429.21055012996038158 437.6631229964171439 459.11071973066316332 477.62347643595757063 498.35695670041565108 501.01131630129248151 496.2365109116354347 494.02033703731046899 494.19194536979796339 495.13004463953188861 497.59010737918458744 500.63163487800358098 503.22849396980916481 504.85373671578167887 506.11237240196106768 545.40440641092061469 562.17579700408566623 nan nan nan nan nan nan nan nan nan nan nan nan nan nan nan nan nan nan nan nan nan nan nan nan nan nan nan nan nan nan nan nan nan nan nan nan nan nan nan nan nan nan nan nan
415.59292344856703494 422.15314749768867841 435.75378722096218098 449.63001305253743567 458.88486157547765742 469.08753182291201256 491.46833482520827374 510.61118321380610041 504.50091168523732676 503.72419261782971489 504.87400313045395706 504.78209692985211632 506.3274538334310364 513.91069779076337909 526.59524005038667838 517.0658977680964199 513.97487226113958059 529.38693723664027857 nan nan nan nan nan nan nan nan nan nan nan nan nan nan nan nan nan nan nan nan nan nan nan nan nan nan nan nan nan nan nan nan nan nan nan nan nan nan nan nan nan nan nan nan nan
411.22683555543522971 425.57125241144501615 435.11151916721064481 439.77371635288818652 438.87543126529027404 453.15372125907873624 482.1327528912948992 527.11829513154566484 525.45240840779297287 521.44811049988891227 519.24840992346992152 526.05636968826536304 540.18355980922331128 557.90130521930632312 549.12655176437567661 525.71072097141177437 525.44868097667483653 nan nan nan nan nan nan nan nan nan nan nan nan nan nan nan nan nan nan nan nan nan nan nan nan nan nan nan nan nan nan nan nan nan nan nan nan nan nan nan nan nan nan nan nan nan nan
432.16616571150632353 439.02657745252611221 441.72694924647430526 449.46950768078238525 456.67937832597823444 468.95999559810934443 486.10046067358285882 522.28384105053669373 544.11973632621845809 546.63310732477566489 550.38922680689881872 550.17675458639416775 nan nan nan 538.43169197799147696 nan nan nan nan nan nan nan nan nan nan nan nan nan nan nan nan nan nan nan nan nan nan nan nan nan nan nan nan nan nan nan nan nan nan nan nan nan nan nan nan nan nan nan nan nan nan nan
438.76278645710328874 441.69745431390418844 445.28132011702024329 456.56928590334382534 470.16019643562691499 484.29560198053297881 496.96687495420383129 536.00325049187665627 568.43434521514268454 nan nan nan nan nan nan nan nan nan nan nan nan nan nan nan nan nan nan nan nan nan nan nan nan nan nan nan nan nan nan nan nan nan nan nan nan nan nan nan nan nan nan nan nan nan nan nan nan nan nan nan nan nan nan
430.08706326317025059 446.13256053414937696 455.19164137371615197 463.48877689903673627 479.66907080456599033 496.57188978072730379 508.15033303397495956 525.8099969201099384 nan nan nan nan nan nan nan nan nan nan nan nan nan nan nan nan nan nan nan nan nan nan nan nan nan nan nan nan nan nan nan nan nan nan nan nan nan nan nan nan nan nan nan nan nan nan nan nan nan nan nan nan nan nan nan
439.33603995319992919 448.57356992932875528 462.13005674350847585 472.52266565605441428 490.50538868969374562 505.05268620435316507 515.11406475979947572 526.28518950851423597 nan nan nan nan nan nan nan nan nan nan nan nan nan nan nan nan nan nan nan nan nan nan nan nan nan nan nan nan nan nan nan nan nan nan nan nan nan nan nan nan nan nan nan nan nan nan nan nan nan nan nan nan nan nan nan
446.59227990559412547 448.69115882970658049 454.34962954946587388 457.76288331301924472 463.85930676434952602 480.96698270606663073 499.70528095882821162 546.22808999862229484 nan nan nan nan nan nan nan nan nan nan nan nan nan nan nan nan nan nan nan nan nan nan nan nan nan nan nan nan nan nan nan nan nan nan nan nan nan nan nan nan nan nan nan nan nan nan nan nan nan nan nan nan nan nan nan
453.92388909980235212 458.59866382146634578 459.73883471601220663 459.94632346384372568 466.27139208457060704 484.60829132038367106 507.60032561514321969 542.8164617415009161 597.08142015387659285 nan nan nan nan nan nan nan nan nan nan nan nan nan nan nan nan nan nan nan nan nan nan nan nan nan nan nan nan nan nan nan nan nan nan nan nan nan nan nan nan nan nan nan nan nan nan nan nan nan nan nan nan nan nan
461.35770304298296196 468.05084745214554687 477.26919431701435315 478.71792171535429361 475.67712265228766455 482.66559180941823115 499.32173542043369707 515.4122386763222039 568.87319996109465592 nan nan nan nan nan nan nan nan nan nan nan nan nan nan nan nan nan nan nan nan nan nan nan nan nan nan nan nan nan nan nan nan nan nan nan nan nan nan nan nan nan nan nan nan nan nan nan nan nan nan nan nan nan nan
468.37580371260492029 475.86313301211487214 483.4122801183434035 488.66418486748398209 489.82993703416195785 493.6837877181632166 512.05850897263019306 534.05968567061847807 597.99486062345499704 nan nan nan nan nan nan nan nan nan nan nan nan nan nan nan nan nan nan nan nan nan nan nan nan nan nan nan nan nan nan nan nan nan nan nan nan nan nan nan nan nan nan nan nan nan nan nan nan nan nan nan nan nan nan
