results/rofental/swe_month_2020-02-01T0000_2020-02-29T2300.asc
ncols        322
nrows        225
xllcorner    622802.488000000012
yllcorner    5178049.378999999724
cellsize     100.000000000000
[rows 140 to 167 of 225, columns 63 to 125 of 322]
nan nan nan nan nan nan nan nan nan nan nan nan nan nan nan nan nan nan nan nan nan nan nan nan nan nan nan nan nan nan nan nan nan nan nan nan nan nan nan nan nan nan nan nan nan nan nan nan nan nan nan 458.65422746925139563 446.47465528390199552 415.60180583745403737 393.57637973950289734 385.63677818388282503 380.56980015189168398 375.83176882742634461 375.3994026853321202 375.32212653646121225 371.95965462995087591 364.73024341537808368 361.16852034804020377
nan nan nan nan nan nan nan nan nan nan nan nan nan nan nan nan nan nan nan nan nan nan nan nan nan nan nan nan nan nan nan nan nan nan nan nan nan nan nan nan nan nan nan nan nan nan nan nan nan nan 447.14179903377862502 425.50735633269363234 427.02900709421152214 402.35071756850908287 387.198342985617046 387.77065196020902249 384.1667874584344986 381.91077973119837452 380.51992985232237743 379.51722194803721777 377.88497277691692489 372.3210009191080303 365.58608575789293127
nan nan nan nan nan nan nan nan nan nan nan nan nan nan nan nan nan nan nan nan nan nan nan nan nan nan nan nan nan nan nan nan nan nan nan nan nan nan nan nan nan nan nan nan nan nan nan nan nan 405.2334435777150361 378.659146618579598 375.08402594035067068 375.24535390154625247 401.46962506573703422 404.30474265479438145 386.45518625944038149 381.74007188551189529 375.09769852040233218 371.72764375090065414 369.24892686267338604 368.09498739987884619 366.65051751355616716 360.24591935863020353
nan nan nan nan nan nan nan nan nan nan nan nan nan nan nan nan nan nan nan nan nan nan nan nan nan nan nan nan nan nan nan nan nan nan nan nan nan nan nan nan nan nan nan nan nan nan nan nan 391.08870285605428307 381.97430384082610999 366.18453161070988244 361.50334993271133044 358.00101905393404422 361.86275037541776101 389.20947263743158828 413.28192100904180961 380.85908456413784506 373.96839089321031224 370.29263099996273922 366.51358543654896494 363.41247797263093844 358.94402027063154037 354.73056171761987798
nan nan nan nan nan nan nan nan nan nan nan nan nan nan nan nan nan nan nan nan nan nan nan nan nan nan nan nan nan nan nan nan nan nan nan nan nan nan nan nan nan nan nan nan nan 438.28284148751822613 398.89998777419958742 375.93859666219600513 374.83962128623255694 375.45179241244358082 367.73873034178677699 362.34997713513888584 357.30352508404200762 351.98906271339859586 357.80403665966520066 377.39020779942086392 387.494947882664178 383.11625840910852503 375.62995864830554638 372.38045101866197228 371.1620106010449831 369.51402832794121878 364.94032270166616172
nan nan nan nan nan nan nan nan nan nan nan nan nan nan nan nan nan nan nan nan nan nan nan nan nan nan nan nan nan nan nan nan nan nan nan nan nan nan nan nan nan nan nan nan 373.39157885349442267 372.90322810061610426 377.40515787366575751 365.43422728129922916 363.81755337558229257 373.22288681405939315 374.97300618471803091 368.30338473683968914 359.56178923375000522 351.90369816829979754 345.74420000238711737 348.76901818741004035 363.25238933405870512 377.07134019180119822 383.17935857129378974 383.44521608726438444 379.45295276341988711 372.6912089619663675 366.40765467798462396
nan nan nan nan nan nan nan nan nan nan nan nan nan nan nan nan nan nan nan nan nan nan nan nan nan nan nan nan nan nan nan nan nan nan nan nan nan nan nan nan nan nan nan nan 367.73153990259328339 366.25949872357637105 365.06410571954307898 367.25330842050135516 359.00553192011221881 356.93384027067986608 357.27738936061012964 361.54571656499325627 359.26351202332477897 356.73439813071502158 350.1583449167908384 338.90258766555041348 339.6965341949927506 345.80791108902707265 348.70232082650511529 352.692320398970935 359.80861750609420824 365.60161273238730928 361.84445736348681066
nan nan nan nan nan nan nan nan nan nan nan nan nan nan nan nan nan nan nan nan nan nan nan nan nan nan nan nan nan nan nan nan nan nan nan nan nan nan nan nan nan nan nan nan 381.62893437713802314 374.42540218534060159 368.94940767756980904 366.2251275495017353 366.11336654903681165 365.9280942103193297 364.51906649562704388 364.54342342878203453 363.85946529702067664 362.09559774099545848 359.62111153133770358 353.15264642818527818 344.46169653626049012 337.28926103063423625 337.18169327950181469 342.00248216458936668 340.14897907494400897 345.7796530165206832 336.41524382265919257
nan nan nan nan nan nan nan nan nan nan nan nan nan nan nan nan nan nan nan nan nan nan nan nan nan nan nan nan nan nan nan nan nan nan nan nan nan nan nan nan nan nan nan 440.61105980802966542 404.84146224747178167 376.85279395935748425 373.9874968265391999 374.24496996787439684 372.83041412230181777 371.10486955864502079 370.32246544046040526 370.05033118631286015 369.06915717347175132 366.43840522654966207 364.3777204339702962 362.07398205270811786 359.24776469165948356 353.65515726605462987 343.78465769252107975 334.61401620465369433 323.21136179375440634 321.05618774402739746 321.74693688969006189
nan nan nan nan nan nan nan nan nan nan nan nan nan nan nan nan nan nan nan nan nan nan nan nan nan nan nan nan nan nan nan nan nan nan nan nan nan nan nan nan nan nan nan 446.26812642187161373 425.93001850327493685 386.00765845145650701 376.5838256999558098 374.96357536526522836 373.88168204207858025 373.28045954328069911 372.93708267313422766 371.0380611739883534 367.88121808776259059 365.27328870362612179 363.42024234791040271 360.78152470487441406 358.00558296525616697 355.0923200757205791 352.78189068399120742 347.92008512575796431 341.52492660237396649 326.43465209633541235 318.19494521970233336
nan nan nan nan nan nan nan nan nan nan nan nan nan nan nan nan nan nan nan nan nan nan nan nan nan nan nan nan nan nan nan nan nan nan nan nan nan nan nan nan nan nan 455.0838677679288935 432.16188193361477943 407.33666603336257594 404.69202160152605074 391.66563794560465794 380.08333024264834421 378.62417101352139071 378.37162968763982462 378.04276179224382304 375.92496782427195967 372.96080088953840459 369.6351503858490446 364.73491794312400316 359.84704783286434804 352.85711533785809024 343.17366691751476537 335.21128491800357097 329.08623877092026078 327.76180882534657712 329.29226853570560252 330.23560276376127831
nan nan nan nan nan nan nan nan nan nan nan nan nan nan nan nan nan nan nan nan nan nan nan nan nan nan nan nan nan nan nan nan nan nan nan nan nan nan nan nan nan 456.40413390166906993 448.19078485529291811 432.73839153336922436 434.39417319183615973 428.15635216398840157 421.085077742421106 418.23673580946052653 414.68188632205954036 405.00553941477795661 400.93899906568555025 401.53110408180020841 393.65259593696822549 379.11245673895132313 369.86689540966403911 361.18370625372966742 353.80659902261817251 350.13046035250607702 343.19760981562421875 334.35463831434088888 328.82293336000947193 327.17644591382861563 331.8918825354290334
nan nan nan nan nan nan nan nan nan nan nan nan nan nan nan nan nan nan nan nan nan nan nan nan nan nan nan nan nan nan nan nan nan nan nan nan nan nan nan nan nan nan 443.35136918409511964 436.63677309534318738 433.88149163417756426 428.19894058052784658 422.76613208647796682 425.07852954732038597 429.65314959732410216 430.81052830693352007 432.05968231185971717 421.09934524848722504 413.81521948156375856 405.02799565472520271 392.39503726613361323 369.80201455244019826 360.63223372473657946 351.72901069921380213 345.23870813780666822 336.43626180468362463 327.74194285939341853 332.2156940100720135 334.35933444774633472
nan nan nan nan nan nan nan nan nan nan nan nan nan nan nan nan nan nan nan nan nan nan nan nan nan nan nan nan nan nan nan nan nan nan nan nan nan nan nan nan nan 467.59712145694174978 452.58471394947628141 448.9647838517744276 445.57254012090908191 440.57380134165725849 435.45059235233736672 437.66354217187216591 442.28420187724634616 445.45015190167026731 448.75446826922211585 447.19085438089888385 445.15765079951427197 430.76287502455073763 396.30876724829346358 369.35031123133734354 359.62542005059674466 350.28387300536098792 341.86938597298473042 334.97357254033721574 331.82845258268378075 334.35835836976241353 335.08898309065239118
nan nan nan nan nan nan nan nan nan nan nan nan nan nan nan nan nan nan nan nan nan nan nan nan nan nan nan nan nan nan nan nan nan nan nan nan nan nan nan nan nan 476.53474236158660915 465.48319136761108439 453.93755696470896055 449.09441851472803364 447.37045812085568741 445.65067781339615749 446.90333293614185095 453.57550175602960962 428.52798407800321456 368.26391462541033661 358.39711225514031412 363.89029132366397334 364.15095441424114142 360.17394078565735072 357.44885081024926876 351.10546184050747343 341.91938586312886628 334.92346448522664559 329.34452126491532908 332.6632850724120658 333.60388143168171382 334.56761813607454314
nan nan nan nan nan nan nan nan nan nan nan nan nan nan nan nan nan nan nan nan nan nan nan nan nan nan nan nan nan nan nan nan nan nan nan nan nan nan nan nan nan 480.83804377056645762 476.08643607795147545 469.41386742977510949 454.86906548680411788 445.07612289124733707 448.95215369787820237 441.92728186166993964 389.64715224612433531 367.09810921925003413 353.41105055416528558 350.45618296397282165 352.57153938706477447 358.90532912653662834 355.57427344731627272 348.22879566732814283 344.11357785981977031 337.89198564468716768 330.80332520386212991 330.0114330694152045 331.94389990682117286 332.79560864110311513 333.85469819763875421
nan nan nan nan nan nan nan nan nan nan nan nan nan nan nan nan nan nan nan nan nan nan nan nan nan nan nan nan nan nan nan nan nan nan nan nan nan nan nan nan nan 466.94060010490659351 467.95622485970488924 459.40890924359280234 454.51411328035703718 449.48990439655688078 402.49821080011372487 370.04074669448658597 364.94451640487972099 359.40267077639936133 353.03902090561939531 346.52083502845596286 340.63140227704769813 342.856416222350731 346.8375064587619363 349.16313032571036956 344.8666435749445327 335.25019526984772256 327.80515300304978155 330.42375296633821335 331.65391784271719189 332.67892938577847417 332.90355158583270168
nan nan nan nan nan nan nan nan nan nan nan nan nan nan nan nan nan nan nan nan nan nan nan nan nan nan nan nan nan nan nan nan nan nan nan nan nan nan nan nan 426.65399170056997491 417.43432760393272929 424.69410865417921741 397.9122091322739152 382.48464389542169783 372.81392154508705516 369.73046426954994104 374.24677628282216801 373.10613824729534826 364.49848660358662755 356.2340190585067603 348.87766257437795048 343.56246063567249394 339.89024219794669079 338.9996644184874981 337.99562569724832883 334.20865669306266454 330.34651203450766843 328.04570823523869194 330.77630576754069125 331.04086178666585738 331.98229440081126995 331.83501655173660083
nan nan nan nan nan nan nan nan nan nan nan nan nan nan nan nan nan nan nan nan nan nan nan nan nan nan nan nan nan nan nan nan nan nan nan nan nan nan nan 397.16497886522336103 393.10275630898780719 399.02163778607751965 421.81662931009117301 420.92244977782331716 409.27275218591154271 395.7208965263479854 383.51851510388195265 382.39879136333786391 384.040658236125239 376.57977100950682825 368.91943561051755296 357.69121076525811986 348.57307454700463722 341.36047945765471923 337.44946894115685154 333.80212904864816892 329.28866038591542065 324.85928353256531409 330.19880219000566512 330.71489746769913154 330.85950676599128428 330.95202059388628868 330.54010408154556444
nan nan nan nan nan nan nan nan nan nan nan nan nan nan nan nan nan nan nan nan nan nan nan nan nan nan nan nan nan nan nan nan nan nan nan nan nan 449.57707233129178803 386.52204007034663391 378.49111962322842828 379.62480522233585134 381.99350011781695002 399.80026766932815008 429.75963735521213493 438.7358149830767502 425.41780841810935954 401.48799057898986575 385.855138891922536 379.07059526143734729 383.82263771858333712 377.12573330120943638 365.31073764609891441 352.71754680261381054 344.09953428843243728 336.53270965008209714 330.58226719561577056 326.80012765318286938 328.0560776131794114 329.54919507813099244 329.89733075369429116 330.14919556358955788 329.66277606976757397 329.71459381018388513
nan nan nan nan nan nan nan nan nan nan nan nan nan nan nan nan nan nan nan nan nan nan nan nan nan nan nan nan nan nan nan nan nan nan nan nan 421.20545858102138936 391.58713851549129004 374.97505716912326079 373.39815129015880757 372.52223351395161899 374.22903501737090437 376.06149191881490879 381.55683452268499423 410.08804213515935544 440.45747191770351492 430.45991568044121323 393.87209801780238649 378.50487637669772312 369.92100427436849941 362.34644586234372809 361.11565478371863946 350.631965989721607 340.95824643074701044 335.47011604188281808 334.12426451998231869 329.5226221234875652 327.80491076111690063 328.16587060689420241 329.32993041536303735 329.66576012877766289 329.21650833460142849 329.28994224662540091
nan nan nan nan nan nan nan nan nan nan nan nan nan nan nan nan nan nan nan nan nan nan nan nan nan nan nan nan nan nan nan nan nan nan 439.04013401998145127 380.11373311485903059 373.86997585240050057 372.58896296532100223 370.14028440378734786 369.56155105750434586 367.80321865007641691 368.26988234213405349 369.69547211302062806 370.91460932936678319 367.05678847497273409 366.58058255019489025 432.18911290148884063 438.15837118878528145 419.55231551640440557 400.56046329801017691 381.71269078463006963 366.99613425727739013 366.42291067721674835 365.82538946371431621 341.57840104687340954 333.69427502108771932 327.13246882910334534 327.80831683856246173 329.04638203126080498 329.99000817378481543 329.59863604571950191 328.95637869607384118 329.75574223494464832
nan nan nan nan nan nan nan nan nan nan nan nan nan nan nan nan nan nan nan nan nan nan nan nan nan nan nan nan nan nan nan nan 458.46377904272577553 440.26525189475069055 398.82260943720172008 378.94454682216883157 374.78629161218543686 368.88849501904206818 365.59660113013831051 365.09039965603790279 364.94029945565046091 363.52214959924481263 362.92737248318240972 361.4269044821774628 360.00421011642248459 352.67225033072281803 347.15700983658081213 358.57423994513925436 384.62132971321591413 395.98434209679322748 395.54906533127928014 404.99515173467864315 401.32959556450242644 382.61739391522735332 353.8431931802626309 338.73013231954126923 331.65393406270032983 332.43720031155373817 330.62982165021890069 330.37234839835980438 329.9101596159846963 328.31146549101043774 328.09529661100549447
nan nan nan nan nan nan nan nan nan nan nan nan nan nan nan nan nan nan nan nan nan nan nan nan nan nan 501.73730077091767043 483.81297364642773573 473.69420444501486145 464.96376484850065935 453.19836194690424236 435.53490458697984877 421.54911225537688324 412.51177330198197524 401.86345899855001562 381.83594070242759244 375.92367259808293056 365.13006420145694619 361.0451543620286543 360.34758921034654122 360.31241255760335207 362.65568839301909065 361.43728113801535073 359.19819896462831821 354.12435219918910434 350.84751377038071496 342.35077621186059105 336.56113320694993263 341.75903884003326993 348.53903340602073513 342.81138773207800341 342.29041396672977271 341.6020241190887532 339.39821370571274883 338.34272068062364269 335.0840155525887667 333.03511501541879625 331.17237744090618889 329.39765530298296881 329.35660166964316886 329.36785956601522685 328.04876401420648335 326.76452071241493513
nan nan nan nan nan nan nan nan nan nan nan nan nan nan nan nan nan nan nan nan nan nan nan nan nan nan 492.96210767572642908 470.3957180862365135 461.74741779936312014 448.01471303265697088 438.23708229918742063 431.15997450557881621 417.34016007433814366 407.90236023663646847 408.72987284676628406 393.88066445178429831 383.03479488133547193 368.88013507260779988 370.90778403337372993 363.82386590179493169 357.62433660300644078 356.01238672642301708 357.06372435421923228 357.70886562081102511 354.0375276108647995 351.06103133588635501 347.68552151143529727 338.70557773744963015 336.50469668374677212 343.20100553413510625 342.70003155164675945 337.05044492430045011 332.88344778202463203 329.46920791189768352 330.08894578409586984 330.16088986507156733 330.33345486604224561 328.30564423828207055 327.2855242943309122 327.14733553082902517 326.933455594579641 326.5477240699828485 326.36817401524427851
nan nan nan nan nan nan nan nan nan nan nan nan nan nan nan nan nan nan nan nan nan nan nan nan nan nan 498.85843127710325007 487.12127798734093176 474.83520522338659475 459.55783679048687418 446.39155806377743829 436.57257850969648416 425.14710786616439009 408.10433881277668888 401.77268184767979164 407.12143754618421099 403.51739353182853165 380.63484563452976772 369.49573921323019476 362.94073980661465839 358.3581959724791659 354.20503759079440442 351.73243223228467969 350.99934544612017362 348.82400957507195471 344.71961062010058185 341.37094207163585224 335.44044981571130393 332.68926980210022748 333.4462465121540049 331.68600290476865666 327.99682500905413463 325.12598994861986057 325.15701352397735491 331.18770615777913235 331.84751032199352494 328.55450806749638559 326.73914076099799786 325.75203612767342065 325.16867054238934998 324.48789555715831057 324.04850270287295189 325.22690983132650899
nan nan nan nan nan nan nan nan nan nan nan nan nan nan nan nan nan nan nan nan nan nan nan nan nan nan 494.89057300958825181 495.5246665249865714 482.92877597352617158 465.16455804031357957 458.22619750666478922 444.70006786675497779 422.63321976221988052 410.82725568455435905 394.05505751166202799 401.00179085390203682 410.72030519335532972 389.33704461458495416 363.30179529940244265 361.1854306650988633 361.79083211805425435 358.15278057751112328 354.27153118598329229 352.14163807325491007 347.28000243001213221 344.85295495588468384 341.05053279369434449 334.78220063632500114 331.08271189327342654 329.45729792784857182 330.25359606883586139 331.11729745758992749 331.99673177341611563 332.23307928063815098 330.56193740368144063 328.55609347812435317 327.11232532946240781 325.95540846574243687 324.92587486928294993 323.24368496916082449 322.00062627790623537 322.45774845442332435 326.25467127952123292
nan nan nan nan nan nan nan nan nan nan nan nan nan nan nan nan nan nan nan nan nan nan nan nan nan nan nan 473.50171693378723603 454.86955594066159847 436.51806655505151866 432.65868357594155214 452.47496087670378984 456.15314484008689533 434.72967635857628466 411.9195761214976983 394.41405281280862027 391.59612983637072148 396.71602333724894152 369.89374636731491819 360.71580331613307635 366.92639159535190174 368.93505986104389649 370.16663082540117102 368.39474899404387997 361.03655179203485659 355.0518083466522512 355.81785171907267795 346.45419667839070144 341.95081634148777994 340.57944022877478574 342.14343660975862349 342.28617538166002987 334.63606776729852754 330.56737096063204717 328.86191728071094076 327.82024394363048714 327.31332894257582211 325.60882774240980098 323.66749957767751766 321.48216871498834735 323.7297321876035312 339.1408412187487329 354.80319729815215624
