results/rofental/swe_month_2019-11-01T0000_2019-11-30T2300.asc
ncols        322
nrows        225
xllcorner    622802.488000000012
yllcorner    5178049.378999999724
cellsize     100.000000000000
[rows 168 to 195 of 225, columns 126 to 188 of 322]
175.98151408195167278 167.70007910039069543 157.16904788743269705 143.02970986688822563 145.75022507302261943 160.21107584932519785 153.44141264284434101 126.49516879564954763 120.69091354209730582 121.50013105642227629 121.84228600757708705 120.34602410633867464 119.32861061532784674 117.87124798040751728 117.0376547091593693 117.39106717514830791 115.90763246851075507 115.63933164080549432 114.49479557770087013 113.45854259818442245 112.2934064544100039 110.32445903373015028 107.97381210848277533 102.66881854966311494 97.470053440822027824 94.992801401411668394 94.342874778165295879 95.227067152177241383 96.994643345548112734 98.005760232835882562 98.411908101699566487 98.260647462068078539 99.502487495504126969 101.56624215731038419 106.49906531992539271 109.3861292619663601 113.80150483484673885 115.48323524532571582 116.54504818163137259 119.1985113057653507 124.80404540247350553 129.8182074595347899 133.79969704409913334 135.91581778988708606 137.40894459534084149 140.1581494096103313 143.42749238563018821 145.038342527166634 145.99626415226939002 147.27417292957844097 148.32618378191716602 150.33181737185714155 158.66067187049492304 209.86863235971608788 nan nan nan nan nan nan nan nan nan
187.04287736798193009 181.83062123388992859 168.88475778164578855 149.32964364770160159 136.52269434547321225 nan nan 144.49355311477285113 133.48987753277219781 133.85994520331098556 138.97065753455260051 129.36194293473135986 119.45110109330749992 116.7063764665099086 115.427047564470314 115.15005385942568239 114.7744591478404601 114.33603925761686071 112.57898882587744538 111.98787645876249996 111.24517841736343371 108.51454174892617743 104.24478497823491807 97.467641299323972248 94.671922385732031557 93.836763357423109255 94.455008501285107059 96.192478186559725373 97.198044915730207549 98.472333484713644225 98.947787370414701513 99.067278524308292731 100.59717181062339364 102.55752031731144314 105.14420378538626721 108.92105121827955827 113.4203846712313748 117.3382951343380256 119.16745965947731634 122.05323922130644121 127.48824304260770646 132.09237367226268134 135.27634355029522339 136.79391355514513862 138.20528408655451358 140.74854944036241022 143.64900363084055357 145.77955171311754157 146.87347450605165022 148.74060727736375043 149.84739765946787315 151.50243024881490328 156.32520230540851003 166.84227388013445648 nan nan nan nan nan nan nan nan nan
190.80734516843293136 184.86206078724944746 177.11081923617342682 161.60639014477629871 nan nan nan nan nan nan 133.40929672696159969 119.54386639176317431 117.26745708287967318 116.12841601645838807 115.12692420148432859 114.49323858249046282 114.14894768472831288 113.85243881155702184 112.85159045781627185 111.04989982215272448 106.92998680312102522 102.07250432131819196 97.952937727087871167 94.390998401586642785 93.391087203700536179 93.174048060588120279 95.368218206910896129 97.045196865328392732 97.854211910638952077 98.97853519337149919 99.527670696416151941 99.972915917788341744 101.72045332106870319 103.49388894927442095 106.64186665045416191 110.37768617908500346 115.79135229894642123 120.03950258974974474 122.03637677339878564 125.92963090597460507 130.4870410817897266 134.50081420228508478 136.2369688177382443 137.38041276221579778 140.02340392600072505 143.54789470663240536 145.37916676504414681 146.42327451037704122 147.16075805521026609 149.28905047949353957 150.65779167805271754 152.0709390906450551 158.65957298955811439 181.10371059677387962 nan nan nan nan nan nan nan nan nan
184.58421480446034479 nan nan nan nan nan nan nan nan nan 126.4891839764116952 117.13805326500714443 113.51055367117844241 112.48653357253967044 111.59945843973626722 110.53704815783336812 109.757691358029561 109.79022716989389608 107.65121383951105827 105.74614512970111946 103.44533424983480074 99.647403152584729469 95.287801677957659763 93.670827159886115965 93.899233953316453949 93.962697107464677515 96.116416539815148212 97.558816590472915209 98.35586489538513888 99.401732627032330925 100.12688835221372585 100.73500758809539946 104.0205676748344672 106.66020231575247124 109.63275533381369087 112.54291805452230335 117.06830726083040872 123.09544843552427551 125.87644143485705683 130.05926133178968485 133.67249351274858782 136.01305690847297569 137.50275304426907041 140.093682927185057 143.01473102509243063 144.66935617613029308 146.21334785005205958 146.97707270735099883 147.26237777178957344 149.01461692971494699 151.08990295176195673 151.25239261482133202 152.3377985298519377 157.04973160927218601 182.39515422770907094 nan nan nan nan nan nan nan nan
nan nan nan nan nan nan nan nan nan nan nan 114.76437389142512302 110.10898409835725431 108.31832969109981946 108.15477850245534341 107.77662754990596738 108.15110819167146872 107.15114107730767046 105.95213249103757391 103.34232315459416895 99.409612092409304296 95.35479342170552286 93.252809378775879168 92.6140612648625563 93.931294533158848026 94.921314895060149297 96.41376651722426061 97.904089500367874166 98.823892575471788291 100.28401329392279706 101.60785375381365725 102.10305304518998071 105.98466565366092595 110.2887280300364381 112.41597422629564562 114.55376807218459589 119.6624207316786368 124.91002714707707355 128.99374717583765459 133.43070735848371555 136.53845584726329321 138.25725181934265606 145.37160570949404814 142.46689907719371604 143.3078301299004238 144.77352474386495373 146.43004522324761751 147.68698348087784211 148.94068212193192835 150.03566340875454443 151.65502912115550771 153.58575606864053498 156.01610583753659967 159.65852354623723386 198.71339876353974319 nan nan nan nan nan nan nan nan
nan nan nan nan nan nan nan nan nan nan nan nan nan 107.28741025627208217 105.50925858857769413 103.53385368697472302 102.93681891467247169 102.31847477631886534 101.64802291764814868 98.736234355191541567 95.50899111937317798 92.840394642492640287 92.558207235344710284 93.802592196649655421 95.022384044667290937 95.54130831988254613 96.790439421764034478 98.648449501408833839 99.943750996713959012 101.63281072811797401 103.5877547816214701 104.70342807932901508 107.8594953157524543 111.45596616575937787 114.87135805499437424 117.35363845983042097 122.52729504829352436 127.76019836105152194 131.71926105270841845 134.68806868238416996 136.96240327304519724 140.1089737972563114 160.29072901089091374 143.30671401802550236 144.30708224913590243 145.40814445647308162 146.83225441361332742 148.37082383827905119 150.12667674871741497 151.42791987468356751 152.52725271560302645 154.14365184696231381 157.95134732964800151 173.5065457827320472 185.9601816101356917 217.96207772642424061 nan nan nan nan nan nan nan
nan nan nan nan nan nan nan nan nan nan nan nan nan nan nan 102.23176947560774863 99.789622661842372509 99.125376892883608093 97.609018829338879186 95.549620816456780403 92.335907678776138141 92.722342370030048642 93.750074594050573751 95.68929698571351139 95.793454922393877382 95.64533034910792253 96.897447049804114272 99.419955090472356574 101.00142122786458287 102.87609438121803862 105.8963614310997059 107.74832806367123794 109.38124475186428697 111.85796159962762886 115.53367984364734866 120.61630411651231043 126.49210955687279068 134.33306579980401807 143.31142065815291176 139.57534872875004339 140.97681305730154122 139.07537417836263671 143.72419776538802694 157.80345495326699279 147.93153580881633502 148.57111411156500935 148.12463502259785741 148.88582728220657714 150.00749834507439573 151.32971570948672024 153.15572695779891887 155.13957560606186803 158.1594995643692414 194.6836806952688903 184.47605894891410117 nan nan nan nan nan nan nan nan
nan nan nan nan nan nan nan nan nan nan nan nan nan nan nan 101.40836221817409069 98.16267558960829831 97.491974356635083154 94.547453713145657161 90.45424327088194616 91.658476382175209096 93.192620433874338914 95.075780229130714361 96.154342280456631897 96.581307265212558377 96.020050715127467811 97.688818935803894306 100.60952157787019701 103.07081294703625929 105.09650168244195356 109.14888252645228306 111.05522044681102045 112.69080298290793962 113.93228894719766231 115.588944877991608 121.53846397529848389 146.99186171300854653 169.39511729797524708 148.01179843583111051 145.25175585147167112 153.62966189329750932 149.82483112481759235 148.90572883801445414 170.49637922560120273 168.72590457043864376 167.93174895861460527 161.9456514683047601 156.46770048825743515 151.49898559736294601 152.49464080249620679 154.53272225778573556 156.42083060207841072 158.53512487651840956 162.45262283360531796 nan nan nan nan nan nan nan nan nan
nan nan nan nan nan nan nan nan nan nan nan nan nan nan nan nan 97.466737351373652132 96.17853799584248975 93.904727909695239418 91.333950590301185457 92.601276522324710072 95.176804606386468777 96.150516545450088302 97.199302785468745469 97.617681346822251953 97.432869698022003035 98.779545546248954224 102.00288341602278308 105.13649633542742379 107.78622745646215719 111.81856324160654026 113.51034475856170047 114.752421513584693 115.70803713553083014 116.072162449432426 121.9977860201200599 129.73816328767119899 159.57403974546824088 152.29093043055172529 150.47549622418870285 157.53620000688465552 161.16282800125958374 153.55438409723518589 165.40270958393392675 160.48855462257725435 158.9479132494461453 159.08531443628490365 163.65130250301763226 164.69262796151645034 167.24045816601093861 166.0549910101105695 165.9327623666548277 158.76679244965566795 nan nan nan nan nan nan nan nan nan nan
nan nan nan nan nan nan nan nan nan nan nan nan nan nan nan nan nan 96.767584342593451652 94.968222614541332405 92.953469237707977868 93.483187999786764522 95.734589055370037158 97.275528204487102357 98.230824333672401849 99.025734053823512681 99.763162086052261657 101.3772101786640718 104.10532359939074354 106.34201832928087583 109.73210332373975007 112.26920361049727148 114.05501742333923687 115.69215610839133035 117.39202008273930744 118.79353046889620771 124.55112964841281098 128.60665182936952533 146.00018023246573762 167.80144111287026476 161.08398937665225503 158.8222600439822827 163.48320858077252637 159.18770964829829495 176.27901697586855789 172.9650467635687221 173.51607657411057062 172.15478581253907464 169.3157952954347536 170.7245794452845189 172.73966630248617093 172.2056335392628057 159.41548676269653129 nan nan nan nan nan nan nan nan nan nan nan
nan nan nan nan nan nan nan nan nan nan nan nan nan nan nan nan nan 95.266132841110191976 94.252002493193657529 92.779982588044518366 93.0213533558421517 95.348629842498098697 97.653240616630469617 99.620876209323682815 101.14838977219383764 102.0881707580207518 102.79126257951234891 105.95063974602557266 108.41098072331567437 110.2020469913771592 112.50195009224833598 114.62983799178368827 117.08031696813829114 119.59070681680489656 121.0221100192316328 128.21272068979402547 138.39487580875666595 152.84972635885756631 170.78248786107604928 166.32196635949819097 167.08682305148698788 169.89479553528440192 166.97515134290586047 193.09613446324365782 191.48698529384287781 193.27412476497033822 193.95333983603441652 192.24350281421993714 185.69583252164443365 174.77068329073674136 173.31570832037147056 173.92721493462479998 nan nan nan nan nan nan nan nan nan nan nan
nan nan nan nan nan nan nan nan nan nan nan nan nan nan nan nan nan nan 92.578154045049700471 92.247080156069529266 93.34814546525250023 96.58772593671331208 98.991849022524732504 101.28990900590598301 103.52878949409122811 104.38342787135502476 103.76605101778322648 106.47071665534264184 109.45950029782714807 110.75400819823119036 113.17973672372168892 115.10328742148927006 117.46312171938467372 120.54770384835572372 121.44946271258130821 122.72224749489349449 129.70908965594557571 148.47925564951501087 174.69666848023359762 176.82016649070462222 170.34059488588809472 166.54080801940457945 163.64809680490438382 202.8678255835055495 204.22174460196873724 206.19972864783659361 210.02913998920979566 209.17289298616131532 199.34855555052322984 183.20103020875276911 168.86123251753639352 nan nan nan nan nan nan nan nan nan nan nan nan
nan nan nan nan nan nan nan nan nan nan nan nan nan nan nan nan nan nan 92.224436086474824492 94.313628212445863142 96.112041670961744444 97.689208852858769205 100.7215246101472701 103.10613465825777268 104.87332920260563185 106.03346377907925557 105.52633209696963945 106.50118685305709221 108.67421611330337328 110.70626594585584712 113.8438911706390968 116.11569515855893542 118.6582005630900909 122.40188229864912728 124.69278321024071943 125.54311257485981912 124.204644361474692 129.54049843012518295 161.09704649712679725 182.13963868146979053 179.23259162479629936 178.50590634245784827 174.19653098339512098 208.59367470995303506 212.30484113586567219 216.79547277286420126 211.12814680911930054 186.9707005195105296 190.51916760850750165 190.89326402383360914 nan nan nan nan nan nan nan nan nan nan nan nan nan
nan nan nan nan nan nan nan nan nan nan nan nan nan nan nan nan nan nan nan nan 99.096496776815044427 99.898838800244192271 102.11907384231565743 105.23697293331888147 107.20687601375324505 108.41047258878927551 108.16575082498971483 108.16444769329758913 110.04036307714156351 113.32271676425018825 115.59462887130426623 117.72060406503571528 121.50433716814426077 128.26282813201595445 129.35826608547927208 129.77511399094191802 129.91465799265915848 131.96896494000961297 153.96956627184363242 187.38637967731770573 191.76777130498678048 190.18335054461522304 177.43351580055710315 209.77454957083804743 222.108266359792907 nan 187.24909907964979539 172.59232380718478339 nan nan nan nan nan nan nan nan nan nan nan nan nan nan nan
nan nan nan nan nan nan nan nan nan nan nan nan nan nan nan nan nan nan nan nan 101.83305994419345097 103.51128919543009488 104.59356409745960548 106.7729653041293858 108.71117206614931661 109.90917539470260067 110.60824629091750637 110.50333057242548307 111.53903822708026894 115.50833561768118329 120.13979355633279056 140.30095421871502026 155.59730237122181506 149.01355032702514336 138.09491771683448746 134.43955234683113531 136.34068848947450192 133.45477488097156993 137.16607847597546765 168.80991470875270011 191.66074080163002691 197.22097786124669483 200.1636322873866618 200.66494309416381725 nan nan nan nan nan nan nan nan nan nan nan nan nan nan nan nan nan nan nan
nan nan nan nan nan nan nan nan nan nan nan nan nan nan nan nan nan nan nan nan 105.92798031460911545 106.92828020749642803 107.92175047130754706 109.01338038892099291 110.76128008820180071 111.21969413964968965 112.10159301277960253 112.45267291210470262 114.07786549030369372 129.45673797018901041 162.5968000161307998 171.86009297423447606 173.56484134554867182 157.02371924767018641 150.85317414042677342 149.33451494925313341 151.66044651935760612 147.86159099596028454 145.88719330832617516 154.7566976267782195 175.66692965279474947 182.81012080792220331 175.7196505834729976 177.70374674239036494 nan nan nan nan nan nan nan nan nan nan nan nan nan nan nan nan nan nan nan
nan nan nan nan nan nan nan nan nan nan nan nan nan nan nan nan nan nan nan nan 110.21277228120338521 110.06700635633515617 110.48083193568615457 111.56882081805422047 111.98277233839435496 111.98662315001804757 113.09733999917072822 113.60463136437971343 113.79235800258386746 118.8589619016386365 167.4290451920381031 187.67450158094126778 161.39453340945377136 153.35239048097113823 164.48196914804782409 176.9307705912778772 182.90760554790182368 177.39720927615292112 163.29957847928321257 159.1774849292425813 167.01585458346875157 170.43411534647705707 172.78371817514778286 202.05523062702795301 nan nan nan nan nan nan nan nan nan nan nan nan nan nan nan nan nan nan nan
nan nan nan nan nan nan nan nan nan nan nan nan nan nan nan nan nan nan nan nan nan 126.74666868525639529 112.50147047111913423 112.93699832011236595 112.91773596765541754 112.90755505661626046 113.94847460149402707 114.55022598073941253 114.62031850205910644 116.74242103664616366 125.03272417034780517 182.55158287504502823 168.41206100835128723 169.42951002187274412 174.57060855956007117 195.13808203979530731 193.89462960069116093 185.83580490742079405 175.26157990929300468 165.60996452258353884 169.09921601665089952 180.93393395413352209 167.47634007468815298 nan nan nan nan nan nan nan nan nan nan nan nan nan nan nan nan nan nan nan nan
nan nan nan nan nan nan nan nan nan nan nan nan nan nan nan nan nan nan nan nan nan 113.07706888307704673 113.30141403484785201 114.00822574233842488 114.4765061791889309 114.38575417453402849 115.03226809874243486 115.61387976121923771 117.73507341282201821 120.6706042392536915 125.85231667989599202 192.98217936271410622 184.81053434391245105 182.50630539476239278 183.48595966982063032 201.7942403216452476 197.57334198605448705 192.48297547714528832 187.18623163301299428 181.93204972335422553 180.91872958776332325 195.58710968909309713 186.86672257185423973 nan nan nan nan nan nan nan nan nan nan nan nan nan nan nan nan nan nan nan nan
nan nan nan nan nan nan nan nan nan nan nan nan nan nan nan nan nan nan nan nan 114.21352749858203879 113.97816557776782531 114.70692028238498494 115.28409154614305976 115.57944427145582722 115.80821800013904976 116.2691181767633708 117.13630727602688353 135.11671051821357992 151.69093104024901209 138.21986469104456319 173.61592392626707237 197.68290374081541927 193.77278170993693607 202.19307414217217911 199.73843230432507312 197.44863322254042259 203.00159436549276393 198.44775918939780013 191.83726705474512642 190.70567251817502097 190.00219155722754749 nan nan nan nan nan nan nan nan nan nan nan nan nan nan nan nan nan nan nan nan nan
nan nan nan nan nan nan nan nan nan nan nan nan nan nan nan nan nan nan nan 117.68061375400662882 114.44432932622154908 115.03189402839700506 115.6594521473285937 116.37058809283162475 116.61890648752770971 117.05569091077052235 117.80310422114131086 118.30736274947433628 122.82797541337234293 125.63359333958227637 128.14081669758274984 130.09487340343935102 134.97381379562779102 160.70209245499873418 163.04396209502502302 189.5325059357934947 196.02025026085991044 205.37510523880223445 204.57217433485797642 198.89922982888268166 188.31484170475778228 nan nan nan nan nan nan nan nan nan nan nan nan nan nan nan nan nan nan nan nan nan nan
nan nan nan nan nan nan nan nan nan nan nan nan nan nan nan nan nan 146.73856576473403379 116.97071145348667187 115.74435889485565099 118.51809648454792523 118.75895845895942671 116.74880002765890197 118.7495649392003827 119.29187763951735235 118.59899769820042081 121.02980806434278804 119.90025815315301827 124.38497029999615506 125.61978652905764875 129.93944267173455387 164.42650840657498179 157.11671272747679495 134.46422499564241093 135.21160421249419414 nan nan nan nan nan nan nan nan nan nan nan nan nan nan nan nan nan nan nan nan nan nan nan nan nan nan nan nan
nan nan nan nan nan nan nan nan nan nan nan nan nan nan nan nan 157.56193218495218389 135.62302297332456646 124.06843379459637333 123.12876952725174817 128.09403764337787379 128.37258739515539219 122.10096988630003523 119.93922230735408618 120.96824133155797654 122.84777920217446479 125.81415429789252869 121.29255461081096712 129.11667904280650987 151.87952232601131186 130.45524239666067956 131.86044791579024604 165.25643482923607053 nan nan nan nan nan nan nan nan nan nan nan nan nan nan nan nan nan nan nan nan nan nan nan nan nan nan nan nan nan nan
nan nan nan nan nan nan nan nan nan nan nan nan nan nan nan nan 149.90788063753123538 131.69152579680527992 138.35742351165876585 140.0774590861906006 137.46937633305435611 137.17462574479949922 134.71317291523132553 124.9302144671645749 122.16306477412044273 123.85496997928575524 135.40188344050309865 128.09324734491215736 125.20238749440265735 148.61407518629036417 141.02493853355463216 132.79362013577201651 nan nan nan nan nan nan nan nan nan nan nan nan nan nan nan nan nan nan nan nan nan nan nan nan nan nan nan nan nan nan nan
nan nan nan nan nan nan nan nan nan nan nan nan nan nan nan nan 149.46320153036327838 149.22941965811185128 155.68611880610666276 151.35832055405481356 146.30287982180291806 144.77170875884161205 145.68760746809894613 152.31743954668195329 153.29266627659023925 147.3940226248915053 146.0751076900941996 145.02938901101896363 125.40320653361558811 nan nan nan nan nan nan nan nan nan nan nan nan nan nan nan nan nan nan nan nan nan nan nan nan nan nan nan nan nan nan nan nan nan nan
nan nan nan nan nan nan nan nan nan nan nan nan nan nan nan nan nan 174.87835428482509315 178.59692413285281987 167.13721520417922761 160.26033486386364757 158.46830303900964054 150.68722572136022109 154.91873737188268478 170.175788591611024 176.50780769459123576 149.58095112729927223 nan nan nan nan nan nan nan nan nan nan nan nan nan nan nan nan nan nan nan nan nan nan nan nan nan nan nan nan nan nan nan nan nan nan nan nan
nan nan nan nan nan nan nan nan nan nan nan nan nan nan nan nan nan nan nan 183.89524703693138008 184.39510745839720585 179.0199192737768783 182.70456480810784683 180.56377016373875222 nan nan nan nan nan nan nan nan nan nan nan nan nan nan nan nan nan nan nan nan nan nan nan nan nan nan nan nan nan nan nan nan nan nan nan nan nan nan nan
nan nan nan nan nan nan nan nan nan nan nan nan nan nan nan nan nan nan nan nan nan nan nan nan nan nan nan nan nan nan nan nan nan nan nan nan nan nan nan nan nan nan nan nan nan nan nan nan nan nan nan nan nan nan nan nan nan nan nan nan nan nan nan
