results/rofental/swe_month_2019-10-01T0000_2019-10-31T2300.asc
ncols        322
nrows        225
xllcorner    622802.488000000012
yllcorner    5178049.378999999724
cellsize     100.000000000000
[rows 56 to 83 of 225, columns 186 to 247 of 322]
nan nan nan nan nan nan nan nan nan nan nan nan nan nan nan nan nan nan nan nan nan nan nan nan nan nan nan nan nan nan nan nan nan nan nan nan nan nan nan nan nan nan nan nan nan nan nan nan nan nan nan nan nan nan nan nan nan nan nan nan nan nan
nan nan nan nan nan nan nan nan nan nan nan nan nan nan nan nan nan nan nan nan nan nan nan nan nan nan nan nan nan nan nan nan nan nan nan nan nan nan nan nan nan nan nan nan nan nan nan nan nan nan nan nan nan nan nan nan nan nan nan nan nan nan
nan nan nan nan nan nan nan nan nan nan nan nan nan nan nan nan nan nan nan nan nan nan nan nan nan nan nan nan nan nan nan nan nan nan nan nan nan nan nan nan nan nan nan nan nan nan nan nan nan nan nan nan nan nan nan nan nan nan nan nan nan nan
nan nan nan nan nan nan nan nan nan nan nan nan nan nan nan 31.17246956561705673 nan nan nan nan nan nan nan nan nan nan nan nan nan nan nan nan nan nan nan nan nan nan nan nan nan nan nan nan nan nan nan nan nan nan nan nan nan nan nan nan nan nan nan nan nan nan
nan nan nan nan nan nan nan nan nan nan nan nan nan 36.626200798301589145 28.156825273852735592 15.440445871377278309 18.752881592208211714 26.647626564419656603 nan nan nan nan nan nan nan nan nan nan nan nan nan nan nan nan nan nan nan nan nan nan nan nan nan nan nan nan nan nan nan nan nan nan nan nan nan nan nan nan nan nan nan nan
nan nan nan nan nan nan nan nan nan nan nan 20.74424935185852803 14.858131744632569138 14.828628955877611872 15.43071312466676126 13.651325145964610996 11.425365027715043809 10.578929775257686074 14.089284041015684323 nan nan nan nan nan nan nan nan nan nan nan nan nan nan nan nan nan nan nan nan nan nan nan nan nan nan nan nan nan nan nan nan nan nan nan nan nan nan nan nan nan nan nan
nan nan nan nan nan nan nan nan nan 39.670757244415916887 19.115652731651007201 12.274666236490853422 10.748371092473115951 10.190932526258883684 10.377829395473474605 11.189171659877665377 11.508088568144589914 9.2609718890493315513 8.2133421858300632579 9.2259356665744736148 11.960395871836034587 nan nan nan nan nan nan nan nan nan nan nan nan nan nan nan nan nan nan nan nan nan nan nan nan nan nan nan nan nan nan nan nan nan nan nan nan nan nan nan nan nan
nan nan nan nan nan nan nan nan 32.64511783354453911 30.120846487911251188 18.980180278322734466 13.104728861866501433 12.104727290448726862 11.355625643967021787 10.30893445607180503 9.7186278172285547328 10.066045214767916249 9.364629359709191192 8.1179985296202907818 7.4724234190213918438 7.5140571965473776928 9.0359229298610923564 20.33224431096805418 nan nan nan nan nan nan nan nan nan nan nan nan nan nan nan nan nan nan nan nan nan nan nan nan nan nan nan nan nan nan nan nan nan nan nan nan nan nan nan
nan nan nan nan nan nan nan nan 37.583666204064861915 35.665526058135263554 25.624687853259512593 17.437927437221400595 14.065590592871675568 13.343599578623306812 12.752475852606595552 11.133407668330979945 10.399534450825502319 9.824336330277009921 9.077273346896724604 8.4200320241743344951 7.6864109696643092562 7.4692024544861395086 7.9463241997215536827 10.09996590359635249 nan nan nan nan nan nan nan nan nan nan nan nan nan nan nan nan nan nan nan nan nan nan nan nan nan nan nan nan nan nan nan nan nan nan nan nan nan nan
13.055299121605621337 13.521595269570205744 13.066136896234267439 15.983326145019882247 34.257885909018604309 nan nan 13.993682964915951317 13.950900333434134382 26.220004906598870065 31.323053690388693582 26.607178331694544937 25.898005126649096042 25.658088875659487371 12.95010932642288104 10.23474727932941164 9.9240609815692621964 9.958841758810089928 9.7018249540352776705 9.1678078897301542582 8.3478467110317104982 7.4310696653865289107 7.281527141417598159 8.4555217374467677161 10.289164682241098703 nan nan nan nan nan nan nan nan nan nan nan nan nan nan nan nan nan nan nan nan nan nan nan nan nan nan nan nan nan nan nan nan nan nan nan nan nan
7.8867999617373545362 8.5331137199176314567 9.37551079295233869 10.299261111369094834 11.482084033121262578 14.213296593548420788 14.750258914524382092 11.817451073155194052 10.406330837892944885 10.977029131474500545 25.876714504505184067 28.931280514239098522 19.227120063338119849 14.715477200961116111 12.356820723908947812 10.287286485063173558 9.0381537965718603544 9.5220182524664576107 9.4836824400780788125 8.9241467650915335952 8.2889002971001914943 7.5181138376355098885 7.1386671151989355977 8.2863003620237467572 9.1344565868633154082 10.424734982898469227 nan nan nan nan nan nan nan nan nan nan nan nan nan nan nan nan nan nan nan nan nan nan nan nan nan nan nan nan nan nan nan nan nan nan nan nan
8.1892722425729331803 8.8147458022298632585 8.9857527280785713941 8.8101551616103623843 9.1705967526338785234 10.341810996535294009 13.245944243953005071 10.839534091593245435 9.3384622472759826195 9.8321627953766750352 18.942183278027776794 30.41764338669500134 23.565224386551957281 15.938681315865427024 12.76177285508377679 11.317610469936694173 10.079549327368091838 9.2536665478099919824 9.0162067717181741955 8.3899412873301386639 7.689839562591655131 7.0885505279260536682 6.6162660849322563195 7.5050885567977196899 7.5471616068477160866 8.4048567675223289086 9.2566532217553891826 nan nan nan nan nan nan nan nan nan nan nan nan nan nan nan nan nan nan nan nan nan nan nan nan nan nan nan nan nan nan nan nan nan nan nan
7.5245778715477458221 7.6036696702480668364 7.2665417817111590537 7.2884397830503617755 7.7774461787755830855 9.0347179561446964158 12.513754215534900638 10.266794666883841458 8.3827026800273909402 8.4447963071990450601 9.7888076696600023752 14.314076056227454714 34.174820344958860119 30.506622264175966563 13.401456370733106027 11.100158455758959875 10.504026118150614266 9.6430289969462705812 9.1103346075386983927 8.2379031116275545088 7.5509312477643906192 6.5310975437134617394 5.4940340157871325744 5.1797028200845502965 4.4716370381637009501 5.6616396035768170591 8.0881642203598538288 nan nan nan nan nan nan nan nan nan nan nan nan nan nan nan nan nan nan nan nan nan nan nan nan nan nan nan nan nan nan nan nan nan nan nan
6.9365227380964382675 6.888424062286742533 7.1101016527835891878 7.4840413173785860224 7.7666121169837669669 8.2186426051202836618 8.6921415377395607749 8.6547485248548312597 7.5577352973037683626 7.5431437160976484435 8.0693153312819561052 8.383698117342746059 10.670345942521326066 33.272741004099408713 31.734664328116409138 17.831721108439619883 11.11775482777297519 9.5235635482574316768 8.8406811151675928073 7.5900348404535753488 6.7152784102235756336 5.9249390008550752995 4.9798396816724928016 3.965520787023862237 2.7147317154141874518 3.2225210833734041493 5.4228234055204467268 nan nan nan nan nan nan nan nan nan nan nan nan nan nan nan nan nan nan nan nan nan nan nan nan nan nan nan nan nan nan nan nan nan nan nan
7.3827405699854491417 7.2430794552170771894 7.4177891383263636627 7.437822034701095042 6.8018151311129697589 6.6507405330431854651 6.83397862668334799 6.810576717778094924 6.8732631529373868773 7.094123448243923491 7.2584852780041071441 7.1577499538486595299 7.7378193010901004101 9.4494661919073976719 27.32890432354301069 31.403763262377808019 24.058116867474144129 10.836699587560346458 8.7529987079488051904 7.02734931102139182 5.7930270453329484326 5.1678794775962533237 4.5966904238710402097 4.2077608204854062279 3.2716933534343546341 2.8253878668228917803 4.8941812861505180621 nan nan nan nan nan nan nan nan nan nan nan nan nan nan nan nan nan nan nan nan nan nan nan nan nan nan nan nan nan nan nan nan nan nan nan
7.7784933376020646278 7.0882512203053584798 6.8575376979034441405 6.7676360314463037682 5.936115059598373378 5.1358868474808367921 5.2920643534455580337 5.8702113594778078109 6.2907441562704100591 6.6341450729492930094 6.7590425546604731011 6.8213123092756626775 6.9151079713970124985 7.2420154283336133361 7.9239377391011043272 8.6281850063473548573 14.733669304970110403 16.052393221840866033 9.8762696562756140395 6.5612171856009249282 4.8393472391985463688 4.0852346336448173147 3.7950634191267629269 3.8167121266712555894 3.410132006725371312 1.7462297231935433039 2.3547837418705888091 5.0987901051003197139 nan nan nan nan nan nan nan nan nan nan nan nan nan nan nan nan nan nan nan nan nan nan nan nan nan nan nan nan nan nan nan nan nan nan
7.9331401776044883078 7.0974181237711073678 6.7340032498950685991 6.8985982080275922712 5.9778734100804573615 4.8590043728639971121 5.0240269871824754233 5.3157067166373757061 5.2516522572531991742 5.367573535357767156 5.7626354403840549523 6.0600992112762517294 6.3640381263161165393 6.9244204012371453061 7.2798702500946994576 6.8834308874697116565 7.5332634676695100495 10.43577629808086904 8.519262734715583818 6.1622797951923811155 4.0893834673379876321 3.6203818212265352905 2.8816423700779991712 1.4040777149592507111 1.6305317525769664755 1.2701015727444946446 1.0557702800344228589 1.9980832270294972552 4.4729276218313955837 nan nan nan nan nan nan nan nan nan nan nan nan nan nan nan nan nan nan nan nan nan nan nan nan nan nan nan nan nan nan nan nan nan
8.4515514454013942469 7.1334567715822219114 6.3250920329241209217 6.1034825359990696469 5.319748626094900068 4.6196030415993440954 4.7053446873919408944 4.7260929482205371599 4.5575605305517772337 4.1717832512994332816 4.7115537605949455724 4.8091376537724608298 4.930482366569435726 5.8336494572440154016 6.6500303487456875473 6.2958227976373635215 6.2610888641989923542 7.352147748650856407 8.0660672553160708276 5.4415303105101102688 3.5729489881094842474 3.3031213477059551131 2.3322810123847568242 0.94231443027150640912 0.80996177086166187831 1.0221367691506664244 0.96104012643538039296 0.98284042137766536307 2.4373038344301840574 nan nan nan nan nan nan nan nan nan nan nan nan nan nan nan nan nan nan nan nan nan nan nan nan nan nan nan nan nan nan nan nan nan
8.0581249500311091793 7.0958820189169626858 6.3499234352193481001 5.7995503951261282438 5.1391506215394491264 4.5136849134680385731 4.2951217481288406219 4.3795783324586565755 4.1495434104251769369 3.4921630299478652049 3.3978311255966779925 3.5981075534611415279 3.5621797052015971019 4.3355848937565584222 5.5431880180800714442 5.6874909536172015834 5.3578813613448392772 5.1768258266598667916 5.1774433870156348902 5.2053219492282485348 2.5089425024985811952 1.806221237892127407 1.7548512556997672984 0.99244780105363583633 0.73899101080434215216 0.76441141076323793069 0.88536025476067714557 0.98749069250593968228 1.2759958729925227061 3.3277372010500072541 nan nan nan nan nan nan nan nan nan nan nan nan nan nan nan nan nan nan nan nan nan nan nan nan nan nan nan nan nan nan nan nan
8.4012402272862427566 7.3609602938998461852 6.4367040104013426571 5.8801643166115837857 5.2266810137685579818 4.1721556915675153121 3.9563137178558949181 3.9452098874280934204 3.8880055236905657345 3.5394205647313059515 2.7645265861549193076 2.4634819921275892263 2.3578138598262325942 3.197799784518917221 5.0981093251776101738 5.2037384760432701114 4.1895077521080450467 3.8203172838739063444 3.3699143528962878236 3.0717996043702648912 1.2968741202029181458 0.98338208265308024725 1.0203767302718911303 0.9784717829061051475 0.84162579799410486281 0.7882035929269755048 0.93656984051165581562 1.1850873629675704457 1.6932969383940372765 3.2641204309803888428 nan nan nan nan nan nan nan nan nan nan nan nan nan nan nan nan nan nan nan nan nan nan nan nan nan nan nan nan nan nan nan nan
9.3770977391707575066 8.4633447682255624755 7.0262622300254733432 5.6862074982738359807 4.9006997655795290214 3.783219432529526749 3.6559000578931946102 3.5275331448921063426 3.296181328517640452 3.0847282790799788188 2.8193876832702593482 2.1255076762029476711 1.761589726823127533 2.7316666063335928172 4.3442972146927836263 5.9926048060323120481 4.3529375705612576297 3.5047768725386401201 3.16063942999667713 2.4147938960002641728 1.3720349710933010812 0.90592345376716210126 0.8410644260490195423 0.79475704628213406089 0.88082208363396019557 0.86166006145488871493 0.97388746446633334131 1.2480930291124778808 1.9388721963192456776 nan nan nan nan nan nan nan nan nan nan nan nan nan nan nan nan nan nan nan nan nan nan nan nan nan nan nan nan nan nan nan nan nan
11.238626842114220139 10.21971754610745009 8.1231546411643584804 5.6135854339605151253 4.7070353571965135586 3.5809067949473987191 3.3958487221055659866 3.4362661846692708068 3.0174771401203783761 2.5569530256144901159 2.6961427208326491645 2.2478587962911675824 1.4342655503194332578 2.2140913637644157319 3.6097331589696599607 5.7102094377900263211 4.0344544278298757334 2.7867895757863734296 2.0276505582970845154 1.6904896575378478563 1.4502199651542386771 0.92553998056370634373 0.73105848676452545032 0.65811477374253080086 0.71125608324013611661 0.77146574431591985466 1.0515135693753796531 1.1970166324535180813 1.5644668534833887641 nan nan nan nan nan nan nan nan nan nan nan nan nan nan nan nan nan nan nan nan nan nan nan nan nan nan nan nan nan nan nan nan nan
11.07106266602119149 10.056734499473128253 9.0990330480105221511 6.975939989678491493 4.9556839297390382626 3.6750490093115972812 3.019597538212935639 3.1591706196282824948 3.0083882362238809627 2.1390614683755320158 1.977949631963104693 1.965967719814906367 1.3043955371948272592 1.4343579300573177093 2.7861139480045395977 5.1934235204975536249 5.086962495458809741 3.4918898917156706574 2.0645818078743256585 1.2939165970793231608 0.89901981389859420002 0.67697616091719525766 0.64506530150298679871 0.57196049172294216589 0.58100864213383629497 0.6792651600004909751 0.81943801997152887484 0.84838639396830661799 1.0896644333452376596 nan nan nan nan nan nan nan nan nan nan nan nan nan nan nan nan nan nan nan nan nan nan nan nan nan nan nan nan nan nan nan nan nan
7.2963553381236430084 7.1509448409066163066 6.6168743605151645326 6.3734877095633795108 5.9095410476787417764 4.2616933632026112733 3.2700898297115426061 2.790476517525362965 2.8682480069626188346 2.1308196878075795766 1.4804376719920278038 1.5136189939719155717 1.751145560932867884 1.3081047716640992196 1.3168268897277490836 3.0963808264373833268 4.5229402033700711883 3.1529105397864420901 1.6073767260813056623 1.3129950998553847619 0.92873455407242022641 0.69671307008057503651 0.61907833366926290353 0.58991936745999407066 0.64850818320003700279 0.71524003687855053357 0.69927219222245262653 0.68353585037353825626 nan nan nan nan nan nan nan nan nan nan nan nan nan nan nan nan nan nan nan nan nan nan nan nan nan nan nan nan nan nan nan nan nan nan
9.8744463217620861428 8.213292042822054384 6.8596182804942813505 6.1616415132861570569 5.6435049719467853535 4.9537484698397751259 3.6679198318943462276 2.9662044288694109362 2.8498855736089048207 2.434648568938341473 1.530748778026823631 1.2219793374379042117 1.4213832412278375461 1.0987567564808164988 1.0589455118852513227 1.1355372501152167786 2.7933151626693204506 2.2501403401873911747 1.2613854141062821324 1.0705218029792091805 0.83832354869044978241 0.64580061001956590161 0.60300050378793335071 0.63628997334176118361 0.6305243303455199122 0.58026799665906947379 0.63636640979668213092 0.68907073518734662798 nan nan nan nan nan nan nan nan nan nan nan nan nan nan nan nan nan nan nan nan nan nan nan nan nan nan nan nan nan nan nan nan nan nan
8.9521532573925153287 9.4522150115338376963 9.0591911741539234981 7.7436205575869507811 5.8258215595274371879 4.1173635786953166615 3.6844992632709487879 2.7571613859642778444 1.7675065897180246566 1.6076795859083756746 1.5355177704371461012 1.0955530458836035823 1.1452329196886772422 0.93485974312907771377 0.9875952342312827037 0.98328145078176409921 1.2823556995568878847 1.9494263618638834057 1.4921014599802906453 1.2288171189361365432 0.89063027681954576309 0.70557875164745842422 0.60100177080097205717 0.57151922066346794171 0.52746164946142071184 0.48243492415664818163 0.53479370751113852744 0.60870192640272002826 nan nan nan nan nan nan nan nan nan nan nan nan nan nan nan nan nan nan nan nan nan nan nan nan nan nan nan nan nan nan nan nan nan nan
7.0014694654888653957 6.7302837209082291281 6.4485583881638461889 6.1872120803935040101 5.516972194881576641 3.4489069353013190877 2.2007344066245715375 2.0936170483095115635 1.2755290355213773079 1.223950931635205297 1.165525694929116618 0.99365743636407188877 1.0276865571457560744 0.87805050743978685368 0.86189626701685673194 0.8960880391520321675 0.90255460400227727202 1.2087548119406643643 1.2338378975978783192 1.1175073964037212093 0.98205382594237100591 0.72565339609888945827 0.52260908883905554667 0.47292238399519953562 0.46630000648471786606 0.43168450209913489246 0.47198585411901672337 0.60623863609155514975 0.63979143115974934641 nan nan nan nan nan nan nan nan nan nan nan nan nan nan nan nan nan nan nan nan nan nan nan nan nan nan nan nan nan nan nan nan nan
6.5776874789508301689 5.9869062832013932862 5.8009132408220667187 5.2811498647961494513 4.5538751464806548341 3.7728429512167145354 2.4610811449636269543 1.4786344625205707359 1.1306766597198576463 0.97133648235302239016 0.89062843053824192197 0.85222224558842496478 0.81739803428969115551 0.75737940138524961764 0.7076402218489421525 0.81569970692927129541 0.86496335924277867324 0.85437026162124307671 0.90205043247966698594 0.93232935766688951329 0.93167755363676596492 0.72486611930435773665 0.52186133114370181207 0.43137421902914363514 0.41708555316153989034 0.36474458934339831773 0.39816039454571333644 0.48934666162518497545 0.50599685061304844336 0.43401741145650790665 nan nan nan nan nan nan nan nan nan nan nan nan nan nan nan nan nan nan nan nan nan nan nan nan nan nan nan nan nan nan nan nan
