results/rofental/swe_dates_2020-06-02T1200.asc
ncols        322
nrows        225
xllcorner    622802.488000000012
yllcorner    5178049.378999999724
cellsize     100.000000000000
[rows 64 to 95 of 225, columns 73 to 145 of 322]
nan nan nan nan nan nan nan nan nan nan nan nan nan nan nan nan nan nan nan nan nan nan nan nan nan nan nan nan nan nan nan nan nan nan nan nan nan nan nan nan nan nan nan nan nan nan nan nan nan nan nan nan nan nan nan nan nan nan nan nan nan nan nan nan nan nan nan nan nan nan nan nan nan
nan nan nan nan nan nan nan nan nan nan nan nan nan nan nan nan nan nan nan nan nan nan nan nan nan nan nan nan nan nan nan nan nan nan nan nan nan nan nan nan nan nan nan nan nan nan nan nan nan nan nan nan nan nan nan nan nan nan nan nan nan nan nan nan nan nan nan nan nan nan nan nan 408.58952193395748509
nan nan nan nan nan nan nan nan nan nan nan nan nan nan nan nan nan nan nan nan nan nan nan nan nan nan nan nan nan nan nan nan nan nan nan nan nan nan nan nan nan nan nan nan nan nan nan nan nan nan nan nan nan nan nan nan nan nan nan nan nan nan nan nan nan nan nan nan nan nan nan 471.77194107587632743 350.8487321802886072
nan nan nan nan nan nan nan nan nan nan nan nan nan nan nan nan nan nan nan nan nan nan nan nan nan nan nan nan nan nan nan nan nan nan nan nan nan nan nan nan nan nan nan nan nan nan nan nan nan nan nan nan nan nan nan nan nan nan nan nan nan nan nan nan nan nan nan nan nan nan 566.58966702974407781 476.71476827532382003 404.66768332486390136
nan nan nan nan nan nan nan nan nan nan nan nan nan nan nan nan nan nan nan nan nan nan nan nan nan nan nan nan nan nan nan nan nan nan nan nan nan nan nan nan nan nan nan nan nan nan nan nan nan nan nan nan nan nan nan nan nan nan nan nan nan nan nan nan nan nan nan nan nan 596.18936363071611595 476.73831176939302168 467.03735642984497645 437.52679537241550634
nan nan nan nan nan nan nan nan nan nan nan nan nan nan nan nan nan nan nan nan nan nan nan nan nan nan nan nan nan nan nan nan nan nan nan nan nan nan nan nan nan nan nan nan nan nan nan nan nan nan nan nan nan nan nan nan nan nan nan nan nan nan nan nan nan nan nan nan nan 599.37831614614174214 503.19124254686374798 441.87881431795193521 430.68891640450078739
nan nan nan nan nan nan nan nan nan nan nan nan nan nan nan nan nan nan nan nan nan nan nan nan nan nan nan nan nan nan nan nan nan nan nan nan nan nan nan nan nan nan nan nan nan nan nan nan nan nan nan nan nan nan nan nan nan nan nan nan nan nan nan nan nan nan 633.9650367338142587 591.48501261634817183 591.04444284216106098 607.16258987499998057 574.68606621323817762 481.16215161331865602 420.27259831067999585
nan nan nan nan nan nan nan nan nan nan nan nan nan nan nan nan nan nan nan nan nan nan nan nan nan nan nan nan nan nan nan nan nan nan nan nan nan nan nan nan nan nan nan nan nan nan nan nan nan nan nan nan nan nan nan nan nan nan nan nan nan nan nan nan nan nan 539.3328141444561652 492.51994930721571109 473.51649079365915895 552.94641500099999121 604.46260753906858554 568.75284148291666497 457.55488746204315476
nan nan nan nan nan nan nan nan nan nan nan nan nan nan nan nan nan nan nan nan nan nan nan nan nan nan nan nan nan nan nan nan nan nan nan nan nan nan nan nan nan nan nan nan nan nan nan nan nan nan nan nan nan nan nan nan nan nan nan nan nan nan nan nan nan 573.52794285411528108 576.55344224924238006 577.1930657016381474 529.04028678754377779 465.08466916946929359 515.66386292715526452 554.87972656210661171 520.0071528277685502
nan nan nan nan nan nan nan nan nan nan nan nan nan nan nan nan nan nan nan nan nan nan nan nan nan nan nan nan nan nan nan nan nan nan nan nan nan nan nan nan nan nan nan nan nan nan nan nan nan nan nan nan nan nan nan nan nan nan nan nan nan nan nan nan 608.91494830829049079 576.44032567963779456 569.61221085699855848 579.09383574141929785 588.03526597438633416 581.88819444676323656 534.40081801281610296 507.6232512315373242 492.20653697795489734
nan nan nan nan nan nan nan nan nan nan nan nan nan nan nan nan nan nan nan nan nan nan nan nan nan nan nan nan nan nan nan nan nan nan nan nan nan nan nan nan nan nan nan nan nan nan nan nan nan nan nan nan nan nan nan nan nan nan nan nan nan nan nan 458.34780098325035169 417.19519644985302875 527.43988275795913978 538.36832394068153462 538.02885601333446175 517.4851326128623441 516.80078697559349621 558.19985437646960236 552.18047908398341406 494.21341359846405794
nan nan nan nan nan nan nan nan nan nan nan nan nan nan nan nan nan nan nan nan nan nan nan nan nan nan nan nan nan nan nan nan nan nan nan nan nan nan nan nan nan nan nan nan nan nan nan nan nan nan nan nan nan nan nan nan nan nan nan nan nan nan 447.1639449956346084 405.6617548193733569 323.2255029804014157 419.68592905965351747 535.20284405082418289 503.39853092653987687 490.85107750377699176 424.10922925447505349 386.72928280355500874 444.38320285176757807 569.45744732941773236
nan nan nan nan nan nan nan nan nan nan nan nan nan nan nan nan nan nan nan nan nan nan nan nan nan nan nan nan nan nan nan nan nan nan nan nan nan nan nan nan nan nan nan nan nan nan nan nan nan nan nan nan nan nan nan nan nan nan nan nan nan 543.01865139611254563 466.32005559178617204 423.07680572770817662 319.84401452216934558 335.71035625051410989 515.37827138563602603 412.51526075119539883 442.14252466383504725 397.66569055791524079 407.99161526644127207 327.54047791062077977 386.99030074144343416
nan nan nan nan nan nan nan nan nan nan nan nan nan nan nan nan nan nan nan nan nan nan nan nan nan nan nan nan nan nan nan nan nan nan nan nan nan nan nan nan nan nan nan nan nan nan nan nan nan nan nan nan nan nan nan nan nan nan nan nan nan 562.98486257692366053 471.58872813698610571 427.98349562278770009 342.8128320234048374 266.72880420743854302 391.09157450367354159 326.47124829604740626 346.44330728283171084 342.22325674660089589 363.96864751033734819 369.4505789225912622 358.03592540657496102
nan nan nan nan nan nan nan nan nan nan nan nan nan nan nan nan nan nan nan nan nan nan nan nan nan nan nan nan nan nan nan nan nan nan nan nan nan nan nan nan nan nan nan nan nan nan nan nan nan nan nan nan nan nan nan nan nan nan nan nan nan 581.68814105034243767 482.02177732314930836 420.22227444581682221 394.29053019290824977 317.67351757630223119 303.44318153268767446 320.12927214693547739 289.3680858154117459 313.7490229620840978 324.10785723231623479 325.83348195840244443 345.8276351537372193
nan nan nan nan nan nan nan nan nan nan nan nan nan nan nan nan nan nan nan nan nan nan nan nan nan nan nan nan nan nan nan nan nan nan nan nan nan nan nan nan nan nan nan nan nan nan nan nan nan nan nan nan nan nan nan nan nan nan nan nan nan nan 555.28306458136194124 453.27267534119698666 418.02582719837545255 386.65744391531256952 334.15071582870712064 328.34352247352802578 302.29867562903734779 288.89482064999015165 317.10571678418006059 317.38167314690326748 290.14030243953459376
nan nan nan nan nan nan nan nan nan nan nan nan nan nan nan nan nan nan nan nan nan nan nan nan nan nan nan nan nan nan nan nan nan nan nan nan nan nan nan nan nan nan nan nan nan nan nan nan nan nan nan nan nan nan nan nan nan nan nan nan nan nan 580.2899663452852792 526.41440230070077178 476.89540730308209504 451.78431008529753399 408.10641576564728439 370.58788491080366612 345.88016163066481568 312.9772003902949109 296.78331063821639191 314.15251538216642757 287.39459376305512706
nan nan nan nan nan nan nan nan nan nan nan nan nan nan nan nan nan nan nan nan nan nan nan nan nan nan nan nan nan nan nan nan nan nan nan nan nan nan nan nan nan nan nan nan nan nan nan nan nan nan nan nan nan nan nan nan nan nan nan nan nan nan nan 564.31227427045723744 513.28409347878437075 483.74989245572697882 446.67037889660321071 402.69437155109147852 374.00112650730261521 350.47581214889476087 324.98334486952563793 312.88461455734096717 300.71070596001311515
nan nan nan nan nan nan nan nan nan nan nan nan nan nan nan nan nan nan nan nan nan nan nan nan nan nan nan nan nan nan nan nan nan nan nan nan nan nan nan nan nan nan nan nan nan nan nan nan nan nan nan nan nan nan nan nan nan nan nan nan nan nan nan nan 530.08582150613437989 485.78624309233072154 446.21061516854359752 401.94221333313953437 375.14241779591986869 349.42912793803009208 328.27713452950484907 299.17204939558024535 282.32745343098270041
nan nan nan nan nan nan nan nan nan nan nan nan nan nan nan nan nan nan nan nan nan nan nan nan nan nan nan nan nan nan nan nan nan nan nan nan nan nan nan nan nan nan nan nan nan nan nan nan nan nan nan nan nan nan nan nan nan nan nan nan nan nan nan nan nan 483.31812245880951195 411.29133499087504333 378.23706903520087508 360.26991810787711756 336.09573518420563687 317.31690736132173924 272.49901355224471899 220.48274479610751087
nan nan nan nan nan nan nan nan nan nan nan nan nan nan nan nan nan nan nan nan nan nan nan nan nan nan nan nan nan nan nan nan nan nan nan nan nan nan nan nan nan nan nan nan nan nan nan nan nan nan nan nan nan nan nan nan nan nan nan nan nan nan nan nan nan 488.13987086061484888 380.06947744569708902 356.71760082971621841 338.7340135944236863 318.26283821024173903 313.19667194613356287 284.47885644065524957 215.95482749840454062
nan nan nan nan nan nan nan nan nan nan nan nan nan nan nan nan nan nan nan nan nan nan nan nan nan nan nan nan nan nan nan nan nan nan nan nan nan nan nan nan nan nan nan nan nan nan nan nan nan nan nan nan nan nan nan nan nan nan nan nan nan nan nan nan nan 494.94469809960293105 385.59435574151257242 342.62864470427859942 319.86685110498007134 304.73208926166444144 309.49562541775378577 312.8936662083790452 293.29741189749080377
nan nan nan nan nan nan nan nan nan nan nan nan nan nan nan nan nan nan nan nan nan nan nan nan nan nan nan nan nan nan nan nan nan nan nan nan nan nan nan nan nan nan nan nan nan nan nan nan nan nan nan nan nan nan nan nan nan nan nan nan nan nan nan nan nan nan 493.73675465882109847 370.31516604185753749 357.68476476440821443 332.48722782408793819 328.67180820057342316 313.03957406543099751 303.92167302579719035
nan nan nan nan nan nan nan nan nan nan nan nan nan nan nan nan nan nan nan nan nan nan nan nan nan nan nan nan nan nan nan nan nan nan nan nan nan nan nan nan nan nan nan nan nan nan nan nan nan nan nan nan nan nan nan nan nan nan nan nan nan nan nan nan nan nan 446.14194443427538772 399.28690949970211932 386.04036155069815095 322.05074137026161907 317.58468461649658821 306.9752006991699318 292.72237254986288235
nan nan nan nan nan nan nan nan nan nan nan nan nan nan nan nan nan nan nan nan nan nan nan nan nan nan nan nan nan nan nan nan nan nan nan nan nan nan nan nan nan nan nan nan nan nan nan nan nan nan nan nan nan nan nan nan nan nan nan nan nan nan nan nan nan nan 458.12762386900578804 439.69530233064591584 430.11098237854071158 334.02073236225669461 298.22812699710686957 286.29492973622086538 278.18303883298801793
nan nan nan nan nan nan nan nan nan nan nan nan nan nan nan nan nan nan nan nan nan nan nan nan nan nan nan nan nan nan nan nan nan nan nan nan nan nan nan nan nan nan nan nan nan nan nan nan nan nan nan nan nan nan nan nan nan nan nan nan nan nan nan nan nan nan 503.63717082426751404 511.63641741798574003 509.23019890258416353 453.28847073828251268 365.41660073942671261 302.47324667948208798 275.3277520661579274
nan nan nan nan nan nan nan nan nan nan nan nan nan nan nan nan nan nan nan nan nan nan nan nan nan nan nan nan nan nan nan nan nan nan nan nan nan nan nan nan nan nan nan nan nan nan nan nan nan nan nan nan nan nan nan nan nan nan nan nan nan nan nan nan nan nan nan 535.61781945783286574 493.14462427809860401 483.90608374818918946 452.20685480302859105 385.16844125430174017 325.26400236119786769
nan nan nan nan nan nan nan nan nan nan nan nan nan nan nan nan nan nan nan nan nan nan nan nan nan nan nan nan nan nan nan nan nan nan nan nan nan nan nan nan nan nan nan nan nan nan nan nan nan nan nan nan nan nan nan nan nan nan nan nan nan nan nan nan nan nan nan 564.25558446341528906 521.63822449562337624 504.88441916238377871 505.92495252561690222 495.91492461161715255 434.3793826462723473
nan nan nan nan nan nan nan nan nan nan nan nan nan nan nan nan nan nan nan nan nan nan nan nan nan nan nan nan nan nan nan nan nan nan nan nan nan nan nan nan nan nan nan nan nan nan nan nan nan nan nan nan nan nan nan nan nan nan nan nan nan nan nan nan nan nan nan 576.35569873714825917 539.62578580899139524 515.42479470416060394 517.72735565418895476 529.61333161184074925 510.58821453180075878
nan nan nan nan nan nan nan nan nan nan nan nan nan nan nan nan nan nan nan nan nan nan nan nan nan nan nan nan nan nan nan nan nan nan nan nan nan nan nan nan nan nan nan nan nan nan nan nan nan nan nan nan nan nan nan nan nan nan nan nan nan nan nan nan nan nan 531.0383265886408708 487.4863635157634576 362.16150906669929554 255.73388361213238795 167.45542277182082103 162.30885755451373598 344.42822012784978369
nan nan nan nan nan nan nan nan nan nan nan nan nan nan nan nan nan nan nan nan nan nan nan nan nan nan nan nan nan nan nan nan nan nan nan nan nan nan nan nan nan nan nan nan nan nan nan nan nan nan nan nan nan nan nan nan nan nan nan nan nan nan nan nan nan nan 515.1181022660302915 518.5315258097818969 478.08764526135212236 356.52723894742473476 238.43697183975348253 147.54906417169422639 77.754621529298958649
nan nan nan nan nan nan nan nan nan nan nan nan nan nan nan nan nan nan nan nan nan nan nan nan nan nan nan nan nan nan nan nan nan nan nan nan nan nan nan nan nan nan nan nan nan nan nan nan nan nan nan nan nan nan nan nan nan nan nan nan nan nan nan nan nan 559.55557458413443328 458.89540350439443728 512.38360981006985639 532.98284044889771849 459.41830029169534555 286.8536599615061391 227.99439945535374363 142.18842933117929306
