results/rofental/swe_month_2020-09-01T0000_2020-09-30T2300.asc
ncols        322
nrows        225
xllcorner    622802.488000000012
yllcorner    5178049.378999999724
cellsize     100.000000000000
[rows 140 to 167 of 225, columns 63 to 125 of 322]
nan nan nan nan nan nan nan nan nan nan nan nan nan nan nan nan nan nan nan nan nan nan nan nan nan nan nan nan nan nan nan nan nan nan nan nan nan nan nan nan nan nan nan nan nan nan nan nan nan nan nan 429.09878939332827485 393.53445000349063321 182.66525607060009406 49.077051012917671358 29.884615665460035672 10.88104894507268483 10.112568908736960793 9.7906980530774045945 9.5682289276716030457 9.0810647883004342873 8.4813407153044515496 7.9393831064304798417
nan nan nan nan nan nan nan nan nan nan nan nan nan nan nan nan nan nan nan nan nan nan nan nan nan nan nan nan nan nan nan nan nan nan nan nan nan nan nan nan nan nan nan nan nan nan nan nan nan nan 374.29982485131392878 265.01052834949842918 277.8531151038600342 119.31960182239902224 34.706605126008952311 11.967647190949092462 10.600445078287107137 10.024704603699408523 9.7410218890621873555 9.4187288286833368289 8.9506824228454568981 8.3774606886141107509 7.7231124113294482569
nan nan nan nan nan nan nan nan nan nan nan nan nan nan nan nan nan nan nan nan nan nan nan nan nan nan nan nan nan nan nan nan nan nan nan nan nan nan nan nan nan nan nan nan nan nan nan nan nan 282.99039884163033776 63.027214275573093971 51.542545604205805887 37.762804880482377712 53.817696583219863271 43.846719123045708955 11.452551843591630032 10.250057256347101742 9.6636240961223496271 9.2728811088307807609 8.8287935804659340988 8.4386255643575687202 7.9177966843296516686 7.3799167501909037625
nan nan nan nan nan nan nan nan nan nan nan nan nan nan nan nan nan nan nan nan nan nan nan nan nan nan nan nan nan nan nan nan nan nan nan nan nan nan nan nan nan nan nan nan nan nan nan nan 88.13522622124736472 59.488607361511412819 11.27258642552989798 10.639086434144060078 10.415661674473703613 10.395100565294374206 31.413220913915793631 33.318934338390874927 10.220865429840598537 9.2662465471837371922 8.7565039684475411974 8.4551839137408109082 7.9460873366040027932 7.3237378433755022655 6.9062640953584049086
nan nan nan nan nan nan nan nan nan nan nan nan nan nan nan nan nan nan nan nan nan nan nan nan nan nan nan nan nan nan nan nan nan nan nan nan nan nan nan nan nan nan nan nan nan 189.71969388135576651 74.380481509179389832 50.962910407096806864 43.258083137840912968 28.20181747604567235 10.52230908094172257 9.8971735388908950171 9.4670576326125832622 9.1021000950470973834 9.7270740672470505928 10.474158803912642313 10.397356279841014626 9.610555737366187401 8.8443461625960591022 8.270561230334852354 7.8730403236145036772 7.4828850051379998121 6.9926249676077611994
nan nan nan nan nan nan nan nan nan nan nan nan nan nan nan nan nan nan nan nan nan nan nan nan nan nan nan nan nan nan nan nan nan nan nan nan nan nan nan nan nan nan nan nan 35.774514692741597344 40.725015289987013034 43.635590350946614535 10.988543947044236759 10.551247591701100603 10.736404480147273333 10.391979779239159498 9.6650921860122558371 8.9286512447041541662 8.512928844875911949 8.3360871091554145096 8.5022370838843510654 9.112982995326952107 9.3143449292018747343 9.1439789033573557475 8.8146212462345960859 8.3759174759734218441 7.7455680294939170949 7.0931705691754469711
nan nan nan nan nan nan nan nan nan nan nan nan nan nan nan nan nan nan nan nan nan nan nan nan nan nan nan nan nan nan nan nan nan nan nan nan nan nan nan nan nan nan nan nan 10.734373896068190035 10.744989474128137985 10.387708693147029493 10.346544154646736047 9.6214286977228358211 9.3549506341720700675 9.0213697414056319701 8.9687011163974954542 8.5548877833374703528 8.1995253502033698112 7.9019816947485033154 7.5618099705106454067 7.6085522949379997826 7.8486177137604480336 7.8622685372401095449 7.802285268222279413 7.728238882932702225 7.6096296496068758231 6.9441143765914805641
nan nan nan nan nan nan nan nan nan nan nan nan nan nan nan nan nan nan nan nan nan nan nan nan nan nan nan nan nan nan nan nan nan nan nan nan nan nan nan nan nan nan nan nan 10.969699917664433642 10.477752346381890902 10.03737590565294191 9.5873856613432337781 9.2988696105451076335 9.1166281197133614 8.9186081578387899071 8.7261675155411460025 8.4820541715189321508 8.1516645595592063245 7.9378560479250586113 7.5607019150199139546 7.2500048832595780368 7.0337180309705811254 6.971426264289199537 7.0687710766254152617 6.9168289201996708826 6.8451231628852005073 6.2985723619811846419
nan nan nan nan nan nan nan nan nan nan nan nan nan nan nan nan nan nan nan nan nan nan nan nan nan nan nan nan nan nan nan nan nan nan nan nan nan nan nan nan nan nan nan 83.894702637856141791 11.561289085334456317 10.335149969836741946 9.8923892133034154739 9.6891868285995705889 9.4873842808820043615 9.2638899005548367427 9.0351008523354270352 8.8425359322242229609 8.6333667994195568696 8.3865869294643395904 8.0441738677038987504 7.7304631187892187683 7.4163276204463874919 7.1348039012612884946 6.8271205024885039947 6.5241523464331772075 6.1525681029530403521 5.8641215530956314339 5.562960999228053538
nan nan nan nan nan nan nan nan nan nan nan nan nan nan nan nan nan nan nan nan nan nan nan nan nan nan nan nan nan nan nan nan nan nan nan nan nan nan nan nan nan nan nan 296.42735418347382392 59.600660774961184529 10.60990708423818063 10.004983549540760634 9.8486947822790682494 9.6421359542424447397 9.4240990993734516934 9.2674336402112160727 8.9989160539290580232 8.6973283627743054325 8.4018826319231187938 8.0520347015783002576 7.7828318586249523037 7.4555333267460621727 7.151872895671408159 6.8975219125862192726 6.513651588602608733 6.1460706584364173111 5.5024669052960542004 5.0608112300636669545
nan nan nan nan nan nan nan nan nan nan nan nan nan nan nan nan nan nan nan nan nan nan nan nan nan nan nan nan nan nan nan nan nan nan nan nan nan nan nan nan nan nan 351.07364142964485154 237.23525880346068107 31.387360005820433173 10.992589783676844917 10.40132682761147187 10.130257163722449221 9.9463147929841841943 9.6911974456393465971 9.6211962324994715345 9.3644583326911288168 8.9541141777898136667 8.5964981032350138435 8.1333274295198432213 7.7936440041106038734 7.3250940940455695483 6.8290654352822315332 6.3652038701035351664 5.9875236391952642023 5.5705384439009577591 5.2696870268528606118 4.9790561747315527086
nan nan nan nan nan nan nan nan nan nan nan nan nan nan nan nan nan nan nan nan nan nan nan nan nan nan nan nan nan nan nan nan nan nan nan nan nan nan nan nan nan 389.3353374005509977 410.16151423471683302 208.00602456103828786 167.88469702553396701 32.296262937133818127 11.365369223980689384 10.907185154308166375 10.70394088024906587 10.339498140074352861 10.182817563261751914 9.875763516111684126 9.5139470995636212791 9.0962759044278147513 8.6154494460307482484 7.8997155137969494731 7.2995178314824551435 6.8400442871379061316 6.3883363793140359732 5.7869404525505840908 5.3786846218707342615 5.1125597177343138355 4.9994349520499357098
nan nan nan nan nan nan nan nan nan nan nan nan nan nan nan nan nan nan nan nan nan nan nan nan nan nan nan nan nan nan nan nan nan nan nan nan nan nan nan nan nan nan 356.94862749003124236 153.28633218856361964 145.28264467833457729 42.951451139865085338 29.487619579331152408 27.933945429653114445 27.255621725565795543 11.687619811195268937 24.284456555871656747 10.751524553628184933 10.233536861178338384 9.7711344876337520304 9.3082138089388930524 8.5633496050787787368 7.6549866521852578671 7.0176195177449791629 6.4567377705400375021 5.8102453209362128206 5.2368206313603797852 5.1790304895343286518 5.1392943313897569979
nan nan nan nan nan nan nan nan nan nan nan nan nan nan nan nan nan nan nan nan nan nan nan nan nan nan nan nan nan nan nan nan nan nan nan nan nan nan nan nan nan 607.04517243336033516 411.99275350530274409 266.37552870729200549 268.05981453873090459 203.72840826271735182 43.328408554999029434 43.137486645354194081 44.3520543153835618 90.021182486849696147 176.15970949523469358 167.78717715184853887 161.88571383874884191 27.806135338233183063 10.001486777066158851 8.9726416884101656279 7.9046029198051321885 7.137685851675820814 6.4473784834648224518 5.7906685716379850959 5.3489891011040473501 5.3517859289744427187 5.2848785385546239723
nan nan nan nan nan nan nan nan nan nan nan nan nan nan nan nan nan nan nan nan nan nan nan nan nan nan nan nan nan nan nan nan nan nan nan nan nan nan nan nan nan 766.28679098441352835 623.2804111581633606 378.48285793998667259 288.29382152984419463 262.32994388832389632 183.60337664570570837 178.62863817227068353 308.24696044409461138 154.25720496978291862 37.082799158023647124 11.266432945882897343 11.870373001892932763 10.530340660463348712 9.4733178711564374197 8.5667447912499383733 7.7604264850135518117 6.9653679906592236293 6.2758390898783318335 5.642670046933137229 5.5621108047023870569 5.5266192824927768967 5.4554264484509777944
nan nan nan nan nan nan nan nan nan nan nan nan nan nan nan nan nan nan nan nan nan nan nan nan nan nan nan nan nan nan nan nan nan nan nan nan nan nan nan nan nan 820.15865312449818703 783.05781987823320378 685.51409910780739665 462.67415043510254691 259.97438937164156414 237.50524747781591373 171.54044168761791411 73.164069098944082725 38.436428881645490208 10.541554796198921551 10.130302598036438511 9.9993527464655826975 9.880599117142285337 9.1956230063267092589 8.144981964726621726 7.4241039043075032211 6.7722161344223756885 6.0868109597057271642 5.7531108337017009546 5.7534044034466447215 5.6940765684156460225 5.6328395820536965033
nan nan nan nan nan nan nan nan nan nan nan nan nan nan nan nan nan nan nan nan nan nan nan nan nan nan nan nan nan nan nan nan nan nan nan nan nan nan nan nan nan 654.10551526851406834 657.80667459609071557 585.64482072027317372 470.1827425685395383 380.18459795737595641 83.10768242270202677 60.20678408549964189 39.977126743580157608 11.009753593901018931 10.002469760680389399 9.4489440858356648079 8.8065603000843832859 8.6828545953497116017 8.3985887981899303156 8.0384946503533267759 7.4182527713561032812 6.7268784701733528308 5.9999631098044412525 5.9485480002874560057 5.9383587471835559413 5.9080399410294486273 5.8342097387648141904
nan nan nan nan nan nan nan nan nan nan nan nan nan nan nan nan nan nan nan nan nan nan nan nan nan nan nan nan nan nan nan nan nan nan nan nan nan nan nan nan 392.89988588893606902 373.41703941792235355 446.89741568460266308 251.73114703707560125 88.468986377028357992 68.643838622559798068 54.813718321306019732 51.356892489428396686 37.332562011264997182 11.14543794807302568 9.8007321919607246485 8.8355245466452334568 8.4286769857219567825 8.18370236424607711 7.9662116465172569946 7.5937493672062430505 7.1954392141196716892 6.5294938997109390755 6.0925990254575630445 6.1525008474972233685 6.1157012035993574273 6.0859362452427543388 6.0077489277398967715
nan nan nan nan nan nan nan nan nan nan nan nan nan nan nan nan nan nan nan nan nan nan nan nan nan nan nan nan nan nan nan nan nan nan nan nan nan nan nan 175.72324345516932453 235.79301842770897224 256.36289764372378386 369.67049369801151215 305.30635943449397018 179.15131254710837538 66.181924878220200981 54.092234946490393099 48.554587969357129396 39.179840582186066911 11.591447114918958405 10.053948509252716548 9.2918942323073689948 8.4609113465088601203 7.9895190680563050734 7.6790698092810547593 7.4105521122074113904 6.9842406170171553725 6.3003921139978675825 6.327922700270304901 6.3314748827262432584 6.2939339057823806556 6.2461391509580312942 6.1447133995820957253
nan nan nan nan nan nan nan nan nan nan nan nan nan nan nan nan nan nan nan nan nan nan nan nan nan nan nan nan nan nan nan nan nan nan nan nan nan 381.54595933628036164 107.304619186887777 100.23578865078211209 103.38634485326204526 105.76662620041422258 191.29001902291219039 304.32888765866874792 336.7338716207952416 161.32574255013128095 57.428719314525970674 46.247090454700256146 35.18748902503688214 24.667733526228570184 10.422496694121836214 9.6240342728967949171 8.6785618722030406502 8.0091546801948556578 7.6408121064765301966 7.2547151772189479857 6.6602467188809715282 6.4620307679458042216 6.5065064744389937701 6.4836259439263042026 6.4532950770527204298 6.3960303109340346239 6.2724134323441340655
nan nan nan nan nan nan nan nan nan nan nan nan nan nan nan nan nan nan nan nan nan nan nan nan nan nan nan nan nan nan nan nan nan nan nan nan 191.57510177399535678 215.70814439789612038 83.858242797118450085 82.813936559557845385 83.138267144614076187 87.221316645443025095 88.625991191673961112 87.827921575764705153 84.070495384104432901 300.41408436972642448 216.63110088623110983 47.290110855585361094 30.373271725689434675 22.298899181562550353 10.347686505160959669 9.781211928951682566 8.946191317269780896 7.8790292188299799747 7.4749859082313561132 7.2528380831205012669 6.7395250007860827424 6.6401548633605136374 6.6508388708671670742 6.6698627333048454702 6.6499956928119887678 6.548104647034035608 6.4141686973637126457
nan nan nan nan nan nan nan nan nan nan nan nan nan nan nan nan nan nan nan nan nan nan nan nan nan nan nan nan nan nan nan nan nan nan 250.73280012113056614 89.944175972255067109 83.381272239318008133 75.283243134363999616 67.382937674671325112 67.568858871477090133 66.256141482612619598 69.004472196158928909 71.954233165861410271 73.384343969896235649 69.23175227879897875 61.787769741903389331 162.3988610841611262 276.58249037512717905 47.85011304025687906 33.076503085279036043 11.489920096499021795 9.9111245226595041657 9.0522232468610184242 8.5157083032911184972 7.8309305234772264015 7.3551633013049046994 6.795102216677794793 6.8440683825686567943 6.8877220636538192267 6.9349226311573213266 6.887040140810443134 6.720731981514302511 6.6413051349702856285
nan nan nan nan nan nan nan nan nan nan nan nan nan nan nan nan nan nan nan nan nan nan nan nan nan nan nan nan nan nan nan nan 467.99446786117954389 317.50411205686816629 130.14154860523507296 77.403363534666269175 72.451290549602362034 60.136045727565594632 54.556535914516530283 54.336207137312960924 56.048072357568692325 56.022128657830663201 57.100781930634887829 58.176644295459674083 55.194008353034760717 49.134321586777375046 39.684704942273988593 46.477484322122919025 45.192051412444136815 40.701496974451430333 27.821804584528894821 11.18667762953439393 10.05237434413690778 9.2871158305036001224 8.4509185406769642412 7.639414417472480956 7.126855721888325057 7.2180173023536982058 7.1865501020839728241 7.1845954034470773664 7.1256194648758501842 6.9898495648956746606 6.8989921515009600128
nan nan nan nan nan nan nan nan nan nan nan nan nan nan nan nan nan nan nan nan nan nan nan nan nan nan 1092.2720008496264654 943.88142473381685704 802.73117473787556264 615.00936688895751558 497.69198963653087731 337.16759978303059597 250.66084030532243787 233.04220816227032742 135.50356896697456932 69.74975043201274616 63.338744007111472456 48.118581215989877364 41.174816482767191417 41.718202090066732524 44.980853186850488612 49.860624498088085943 50.321898070426392735 49.33471022272956219 42.182496822358082511 36.105837495102996115 24.104255808549201134 10.712420579874073923 11.35468933499592481 26.086289059366361442 10.306822306781153742 9.9383636089573439421 9.515892243094333125 8.955689283853699223 8.4621183480871469129 7.697812130926809715 7.4516621655526833479 7.4271507324633141423 7.3656307164685657085 7.3696811127442884981 7.3027515358356369646 7.1944506675957944353 7.115472894521223779
nan nan nan nan nan nan nan nan nan nan nan nan nan nan nan nan nan nan nan nan nan nan nan nan nan nan 1053.0036974059407839 805.19607931369091602 691.43401130007225674 427.2990190844129188 379.67843263907167284 308.26564377256653415 255.69184680272081778 160.17286879396641552 100.46985754526046719 68.457411678701831192 57.372681335273853165 40.913674012376922917 41.583185462412977529 41.347365178293983945 38.866902455101623559 38.979454428698602442 41.945667434313882893 41.669849840505918337 34.465280882659094175 26.442053798920120755 11.383836900137735526 10.087549112273174856 9.9663508600001833315 10.296023781870049518 9.9900197072593321934 9.4147592861594837643 9.0587785598926338082 8.5744738881337259073 8.0457454270224371129 7.7190010654986283001 7.6617823657113364177 7.5484547295986708093 7.5026717300002045974 7.4947728468116769918 7.4307766451595886892 7.3146030486175819263 7.3242311006092482017
nan nan nan nan nan nan nan nan nan nan nan nan nan nan nan nan nan nan nan nan nan nan nan nan nan nan 1100.7056539055959092 974.66830639921170132 836.70505850048834873 609.70126712472392683 433.8251914793963806 326.14815602348983248 282.34756140198913954 153.52741739820081079 72.940542135740940921 68.213158026688546443 57.368496849601520182 43.946018924812193518 41.734973403100617872 39.108846880373675958 34.560810936936626092 31.75202297143641772 30.940314909092819562 29.059092253486625168 23.295461953997929072 10.776408718203706272 10.034713386509441335 9.4903679434518686264 9.3779670825032610537 9.4441120065642163439 9.2908719043639003132 8.903481728847218335 8.5064431996842326811 8.0391948811067148739 8.000847787561662372 7.933847368578859971 7.7970166889600314164 7.671460405994023013 7.6114142972505538509 7.570167208345097265 7.4786142183921828774 7.4199518280696992178 7.5481082396852015037
nan nan nan nan nan nan nan nan nan nan nan nan nan nan nan nan nan nan nan nan nan nan nan nan nan nan 1023.8745327153969811 1070.3982331163479103 956.91551427214039904 692.76926058564174582 566.08290210810434928 439.80182311503887149 244.44592932077719638 75.412899287395717352 66.598270976001728627 64.122163393150259481 58.840033937978859058 50.422429151395014912 37.190089472430557294 34.426115590680147704 32.479687843103995704 30.802412030458583558 26.624390817260316311 24.046163244026296013 10.743868365182317248 10.123923493693931519 9.6283792781523516169 9.2262439544761498667 9.0849885832443320055 8.9788179694208150039 8.8875637876853073038 8.6732552462289937978 8.4620568156703352969 8.3538698024436719436 8.2814758051881085521 8.0150276755042568766 7.8745504151542258242 7.7889137465924154213 7.6935002584713805263 7.6063771606682166748 7.5078911766193598964 7.6100476062818023237 7.8629520045257406125
nan nan nan nan nan nan nan nan nan nan nan nan nan nan nan nan nan nan nan nan nan nan nan nan nan nan nan 920.89123771609081359 727.23498883486649902 409.69260269605427993 351.19138656277704058 484.72565010405111252 555.43874068639513553 299.68689070858545165 65.325922929702429087 55.252609488431346563 55.383224659100825704 51.69221748580005027 37.850082945129635448 29.807762885874126368 32.713006546244159267 31.889423287466854617 28.60694801033457324 24.133504966013269666 10.910409006076166705 10.037917177271102886 9.7005388596461106232 9.3398477599359708279 9.1786581670574811653 9.0894299014468042941 8.9762655883903992304 8.8062883822897131125 8.6044548582691895433 8.4570974816667856544 8.3429409502688400835 8.0583687000594359517 7.9796262574731491313 7.8610427915497931295 7.7544609355020144292 7.6109153699222016343 7.7080959420976835617 8.0391068499663962399 8.4662114355464748172
