results/rofental/swe_month_2020-09-01T0000_2020-09-30T2300.asc
ncols        322
nrows        225
xllcorner    622802.488000000012
yllcorner    5178049.378999999724
cellsize     100.000000000000
[rows 168 to 195 of 225, columns 63 to 125 of 322]
nan nan nan nan nan nan nan nan nan nan nan nan nan nan nan nan nan nan nan nan nan nan nan nan nan nan nan nan 796.28130089448359286 493.4804683508844505 319.47772396352871738 318.22949246146481528 450.86204504886387667 518.25621012799376786 376.4039162564098433 49.220501218223972728 47.856114661168405178 49.092808771197702811 43.619182390308971264 35.545670645952114342 32.913561453673423784 30.236857888176945863 29.170188766384832491 24.588118823546075475 10.439349188323559403 9.9575961103683390263 9.745860776876471121 9.4770402312102000053 9.2207161092502349931 9.06139210041351717 8.9174853879595872286 8.7906598744415767044 8.6739867141847000198 8.5540926469709201996 8.4213132097750467153 8.120274437681256785 8.0139367780895209847 7.9248096014286231181 7.8288079989933754277 7.8879416928592487324 8.0921717132641628467 8.9145780282022286656 12.79336588024098198
nan nan nan nan nan nan nan nan nan nan nan nan nan nan nan nan nan nan nan nan nan nan nan nan nan nan nan nan 912.43962981189201855 575.78009832141287916 218.79377627106586601 217.17818766931526397 271.49428912277454629 360.74298241267791809 459.49979747995348589 198.48088257399641066 46.080808390802161512 45.997309467103228542 43.260412388544501994 40.476348224053978697 38.734177167199391079 30.454988619204954148 26.028770821855555795 24.318565925759475732 10.600148347169913166 9.9602975446683466032 9.7418441575363061702 9.4600214120621028968 9.2215503379907470816 9.0785603761478643747 8.9812980146406324877 8.8657368211732752172 8.7539890654281204974 8.6297049897270934338 8.4802141622207525273 8.1860379100395572749 8.1277750594744162527 8.1392319434762505637 8.3120033133958024507 8.5266043314916579732 8.8324887094216624206 13.182553352031495919 34.524867826618539368
nan nan nan nan nan nan nan nan nan nan nan nan nan nan nan nan nan nan nan nan nan nan nan nan nan nan nan 440.21274901966319248 678.78310676670525936 370.61994915997053113 106.40520279604358223 98.795937634236594249 193.82436574917721828 287.53513142437310535 326.69578807023037825 287.39209679530142694 57.813912942876456214 46.102518926630075669 40.086316828705378157 44.208004487187579912 43.642467056524218094 30.836983746387513605 21.806381186045570075 22.121255537275423819 10.994343668216792764 10.279723194364189354 9.868960100861816187 9.5482274683803360915 9.3037194087305810086 9.1519687015106665484 9.0534720223425093621 8.8956996851174459096 8.7757911323010482363 8.632668379966984773 8.3671617512071243539 8.4178239207790976906 8.6953031247054184405 8.9595996454774251561 9.2178990453340396982 9.4948338247054770989 13.685245877560443972 43.085674930485147627 70.194094223666013477
nan nan nan nan nan nan nan nan nan nan nan nan nan nan nan nan nan nan nan nan nan nan nan nan nan nan nan 501.20598721079494453 369.32560774619685162 256.95659973296596945 192.30238229733598132 95.0796328174192098 141.33844099867042132 225.71620613267626254 297.2006579096164387 364.83136466172032897 286.93867629397516339 54.882786699270255326 44.143032461513463716 48.501943702807487568 47.437229394846482933 30.034823984556606291 11.244324562207443918 22.379510487131575758 22.822886745328890612 20.321955307617365349 10.218561397714051253 9.8178225327238539677 9.5942780003912346842 9.3700683021071249357 9.2429079268673124403 8.9602392204866792014 8.8461347318378571458 8.9155939299787885233 9.0009435440007603546 9.1524239658629458205 9.5041218716126074639 12.075973231354643289 14.22277611522594043 25.813393363881438347 47.856922046979711638 69.942292865089271459 nan
nan nan nan nan nan nan nan nan nan nan nan nan nan nan nan nan nan nan nan nan nan nan nan nan nan nan nan nan 620.6151222947532915 228.84563415700009159 234.20371850000830705 208.04495412366642881 171.93904085641935353 153.65989960718695784 162.79018447588907748 259.4886700259690997 265.25138884661879501 249.65130258716055778 60.425951256349407004 55.103898259890293332 52.427821716839957844 39.395589179223712506 25.961515999532313259 25.615788297006165664 26.977936084352176493 25.3286426794220354 10.417385467742759531 9.9650089977086917514 9.8149866049265117596 9.7134527156630277034 9.6835524664835777031 9.6393063902076878691 9.8717964273001292952 12.942885046038345109 13.823984018886536163 19.842225604665237881 31.458134010596960906 34.776810524428775295 39.014487402661686133 44.482678549709433469 219.25107919573093795 88.469920631940610178 nan
nan nan nan nan nan nan nan nan nan nan nan nan nan nan nan nan nan nan nan nan nan nan nan nan nan nan nan nan nan 618.94732733514035772 272.20624783887825515 254.44385139364982251 250.6211424069285556 194.51107852338236626 87.867031733603056409 142.82943279194853403 78.392183122148537677 97.243951386697105477 63.454623277588538599 55.951092188177554476 53.37124829169184892 41.200377976670317537 26.610660355128118226 25.115352786361803794 28.681151000404021545 27.82204794235071077 10.509714123948338482 10.562603985699508868 19.623777544362301484 21.509510333227037648 30.35236166188875373 32.335214824764264563 28.368711507329631871 32.294787181300570467 40.202307521383154665 45.534409180968602016 51.309612899500550043 52.953645308766638777 267.61000268461725682 314.83923351453768191 96.913128914493938737 nan nan
nan nan nan nan nan nan nan nan nan nan nan nan nan nan nan nan nan nan nan nan nan nan nan nan nan nan nan nan nan nan 736.87191453313232614 578.77713343422101389 462.58388628183087121 389.02583451068886689 302.8594924829089905 139.41894577977586778 78.691447402589417948 73.416873615395729757 64.07651890155501917 60.244371318298981066 59.118234206230063421 50.001755715824337756 37.993955991700516961 36.277369764079487879 40.758267975839423514 40.930875648087827301 39.398193721511027832 41.629250175605690742 42.154654435031048365 42.574751299963850215 45.316260382725509714 42.674541615767935809 43.015304442305833277 55.306396753301129365 218.38748135124393457 290.49709811986900831 400.58524049295004943 440.72838075260170854 nan nan nan nan nan
nan nan nan nan nan nan nan nan nan nan nan nan nan nan nan nan nan nan nan nan nan nan nan nan nan nan nan nan nan nan nan nan nan nan nan 220.43297963913204285 147.29467200813923 155.56727206634744221 124.59629904060064121 200.06771060423784547 287.94980639129488509 365.25033357271098566 447.16083049100757307 353.50805034156894635 129.92727974127427615 60.507217537837711063 56.204114522342948135 51.967677800016943479 53.09846841392860739 52.30998249812122225 52.457273469389697595 54.6767947011040647 285.43396561888243923 nan nan nan nan nan nan nan nan nan nan
nan nan nan nan nan nan nan nan nan nan nan nan nan nan nan nan nan nan nan nan nan nan nan nan nan nan nan nan nan nan nan nan nan nan nan nan nan nan nan nan nan nan nan nan nan nan 59.553790099578414186 57.919425783392860296 61.164552140794988588 60.859593362231315439 150.04065141962894359 312.33011970342499808 233.91269198606386226 nan nan nan nan nan nan nan nan nan nan
nan nan nan nan nan nan nan nan nan nan nan nan nan nan nan nan nan nan nan nan nan nan nan nan nan nan nan nan nan nan nan nan nan nan nan nan nan nan nan nan nan nan nan nan nan nan nan 64.273175378126666146 142.15928499298865972 75.751647649370269733 155.55455199422200963 nan nan nan nan nan nan nan nan nan nan nan nan
nan nan nan nan nan nan nan nan nan nan nan nan nan nan nan nan nan nan nan nan nan nan nan nan nan nan nan nan nan nan nan nan nan nan nan nan nan nan nan nan nan nan nan nan nan nan nan nan nan nan nan nan nan nan nan nan nan nan nan nan nan nan nan
nan nan nan nan nan nan nan nan nan nan nan nan nan nan nan nan nan nan nan nan nan nan nan nan nan nan nan nan nan nan nan nan nan nan nan nan nan nan nan nan nan nan nan nan nan nan nan nan nan nan nan nan nan nan nan nan nan nan nan nan nan nan nan
nan nan nan nan nan nan nan nan nan nan nan nan nan nan nan nan nan nan nan nan nan nan nan nan nan nan nan nan nan nan nan nan nan nan nan nan nan nan nan nan nan nan nan nan nan nan nan nan nan nan nan nan nan nan nan nan nan nan nan nan nan nan nan
nan nan nan nan nan nan nan nan nan nan nan nan nan nan nan nan nan nan nan nan nan nan nan nan nan nan nan nan nan nan nan nan nan nan nan nan nan nan nan nan nan nan nan nan nan nan nan nan nan nan nan nan nan nan nan nan nan nan nan nan nan nan nan
nan nan nan nan nan nan nan nan nan nan nan nan nan nan nan nan nan nan nan nan nan nan nan nan nan nan nan nan nan nan nan nan nan nan nan nan nan nan nan nan nan nan nan nan nan nan nan nan nan nan nan nan nan nan nan nan nan nan nan nan nan nan nan
nan nan nan nan nan nan nan nan nan nan nan nan nan nan nan nan nan nan nan nan nan nan nan nan nan nan nan nan nan nan nan nan nan nan nan nan nan nan nan nan nan nan nan nan nan nan nan nan nan nan nan nan nan nan nan nan nan nan nan nan nan nan nan
nan nan nan nan nan nan nan nan nan nan nan nan nan nan nan nan nan nan nan nan nan nan nan nan nan nan nan nan nan nan nan nan nan nan nan nan nan nan nan nan nan nan nan nan nan nan nan nan nan nan nan nan nan nan nan nan nan nan nan nan nan nan nan
nan nan nan nan nan nan nan nan nan nan nan nan nan nan nan nan nan nan nan nan nan nan nan nan nan nan nan nan nan nan nan nan nan nan nan nan nan nan nan nan nan nan nan nan nan nan nan nan nan nan nan nan nan nan nan nan nan nan nan nan nan nan nan
nan nan nan nan nan nan nan nan nan nan nan nan nan nan nan nan nan nan nan nan nan nan nan nan nan nan nan nan nan nan nan nan nan nan nan nan nan nan nan nan nan nan nan nan nan nan nan nan nan nan nan nan nan nan nan nan nan nan nan nan nan nan nan
nan nan nan nan nan nan nan nan nan nan nan nan nan nan nan nan nan nan nan nan nan nan nan nan nan nan nan nan nan nan nan nan nan nan nan nan nan nan nan nan nan nan nan nan nan nan nan nan nan nan nan nan nan nan nan nan nan nan nan nan nan nan nan
nan nan nan nan nan nan nan nan nan nan nan nan nan nan nan nan nan nan nan nan nan nan nan nan nan nan nan nan nan nan nan nan nan nan nan nan nan nan nan nan nan nan nan nan nan nan nan nan nan nan nan nan nan nan nan nan nan nan nan nan nan nan nan
nan nan nan nan nan nan nan nan nan nan nan nan nan nan nan nan nan nan nan nan nan nan nan nan nan nan nan nan nan nan nan nan nan nan nan nan nan nan nan nan nan nan nan nan nan nan nan nan nan nan nan nan nan nan nan nan nan nan nan nan nan nan nan
nan nan nan nan nan nan nan nan nan nan nan nan nan nan nan nan nan nan nan nan nan nan nan nan nan nan nan nan nan nan nan nan nan nan nan nan nan nan nan nan nan nan nan nan nan nan nan nan nan nan nan nan nan nan nan nan nan nan nan nan nan nan nan
nan nan nan nan nan nan nan nan nan nan nan nan nan nan nan nan nan nan nan nan nan nan nan nan nan nan nan nan nan nan nan nan nan nan nan nan nan nan nan nan nan nan nan nan nan nan nan nan nan nan nan nan nan nan nan nan nan nan nan nan nan nan nan
nan nan nan nan nan nan nan nan nan nan nan nan nan nan nan nan nan nan nan nan nan nan nan nan nan nan nan nan nan nan nan nan nan nan nan nan nan nan nan nan nan nan nan nan nan nan nan nan nan nan nan nan nan nan nan nan nan nan nan nan nan nan nan
nan nan nan nan nan nan nan nan nan nan nan nan nan nan nan nan nan nan nan nan nan nan nan nan nan nan nan nan nan nan nan nan nan nan nan nan nan nan nan nan nan nan nan nan nan nan nan nan nan nan nan nan nan nan nan nan nan nan nan nan nan nan nan
nan nan nan nan nan nan nan nan nan nan nan nan nan nan nan nan nan nan nan nan nan nan nan nan nan nan nan nan nan nan nan nan nan nan nan nan nan nan nan nan nan nan nan nan nan nan nan nan nan nan nan nan nan nan nan nan nan nan nan nan nan nan nan
nan nan nan nan nan nan nan nan nan nan nan nan nan nan nan nan nan nan nan nan nan nan nan nan nan nan nan nan nan nan nan nan nan nan nan nan nan nan nan nan nan nan nan nan nan nan nan nan nan nan nan nan nan nan nan nan nan nan nan nan nan nan nan
