results/rofental/swe_month_2020-02-01T0000_2020-02-29T2300.asc
ncols        322
nrows        225
xllcorner    622802.488000000012
yllcorner    5178049.378999999724
cellsize     100.000000000000
[rows 168 to 195 of 225, columns 126 to 188 of 322]
387.40384816264162282 378.79805275697327716 366.6140608414621056 348.20116964327621645 350.72433077839258431 369.77268884534419158 359.12523756850112022 323.20634791088662041 312.45281106686059047 317.40411735372299518 322.3287131725099357 322.72235571595092551 323.45298593025808032 324.90748048329703579 330.82184017954898536 340.89297705231950886 347.36587901106935306 355.13830135229432017 359.83015290074092718 365.89432384978772461 371.6369070132983552 374.03998710751830004 374.46900532027217423 368.99464142523777355 365.02006081333024667 363.74585195866785625 365.32602769746586091 370.13507449554458617 375.17805861292930558 376.87243551524670693 376.36071481127248717 373.55260718614954385 373.77601264969632666 376.20956773918612726 385.63180787241259395 386.82030563249838906 392.34427905054900521 391.50530714066269411 389.66000624682936859 392.79826267691134944 402.41391251152310815 409.69214646013909942 414.23308675039260152 415.97497132323451297 416.25683184131486314 418.65824084365902991 423.17488874616879002 423.93296372893291846 423.20605240704924199 423.38750642956165393 422.23819632929905765 421.38190289290628243 439.1601481643942293 504.44360145027724229 nan nan nan nan nan nan nan nan nan
399.97607909165043338 392.23684126506373104 375.6223234538023803 351.01290600403740427 331.3453346222138407 nan nan 340.10645209848740933 326.09137227406415604 327.38466213043273001 335.750253965461809 325.4087713181082222 314.6845572535012252 311.63170089637986848 313.17680979474459946 320.17402284168008464 327.22692696056600425 333.30098470102433339 338.44252530606451046 346.74860417212568109 353.64957934987495491 354.10245123457491445 351.77011680128094895 345.63090980466267865 346.84198515572643373 350.46721327694621095 356.41422132707623405 362.92595769925259219 366.03505846648880606 369.45631196420936249 369.98187427746177036 368.60655582779668293 370.92351995405346088 371.79540293470068946 374.48710761814828629 379.24818614739604072 386.12969207418342421 391.88541129232999083 393.39648485537611577 396.14680615540169129 403.87102450186517899 410.79623197681189595 414.19792276230856487 415.04350538277122951 415.02128350581250515 417.53712621210627276 421.25820717913308044 423.65724321826246523 423.90501439188159338 426.00285549907044924 425.1623917848455676 423.34454330117648624 428.61917830908447513 451.19362974208030437 nan nan nan nan nan nan nan nan nan
404.32092173580133476 393.92424185023429573 381.33922755520546843 360.72436915972741645 nan nan nan nan nan nan 318.03623620924167881 301.2556447495504699 299.01940085599795793 300.90828921285589104 302.81202242411819725 306.71947102244473626 312.37238017911357701 320.07801765892071444 325.71614407748762687 327.26274072913793134 323.68424097026763775 321.89034683701436279 325.96593259717207047 328.07586802428397732 332.82956901214197387 338.71527922354442808 348.69818826881083851 355.30187478892815989 358.29158819928352386 361.9987220976834692 363.73425639233033735 364.31546956441871998 367.14035827729429684 368.84891994162495621 372.29039540748931358 377.55301371530441656 386.63136176648202991 393.67860362272597285 395.49113053209623558 400.13278407910007672 407.23004938974384004 412.55922647284489813 412.68751911514385711 413.71783419598648379 417.92763145623160881 422.76380348678230803 423.78822419694529344 423.31718624913798976 422.73888909697541294 425.86036496268354767 425.36544115119005482 424.38568178900999328 436.18428422637003905 468.31407138129463874 nan nan nan nan nan nan nan nan nan
392.83946256378311546 nan nan nan nan nan nan nan nan nan 299.31829890089107948 284.30917039234498134 274.65499646262549049 275.94614918873770648 278.1006715414130781 279.75715257239357925 283.52812031082095245 291.6521396869739533 293.76751508513819999 298.81906441632753513 304.12599898917540031 306.81099138547148186 308.75509064182500651 314.59683045778643873 323.26469677786002421 329.18100821538138234 338.96068865115893232 346.45036105445637986 350.21376337054965688 354.60874006016814519 357.71115423857861515 358.97682893944778471 365.71415033739231149 369.57600313537989223 373.09329810419944806 376.31182067764643762 383.64778014283291441 395.58370890703611167 398.94878183049297604 404.91711529134857983 410.23779187328523221 412.14553271054614925 413.77774948239192554 418.18961820423282916 422.08896022470054277 422.70956882550251521 423.52025080821880465 422.8531323922871934 421.34791576422685466 423.35298726385900636 425.61565789420609462 419.92619001253990518 416.58423839177766013 422.49270819824863565 468.29715287118739298 nan nan nan nan nan nan nan nan
nan nan nan nan nan nan nan nan nan nan nan 269.78202387110172822 258.61961738501071295 255.34307166688708435 258.87032860817600977 263.59427455040560062 269.94793545324046136 274.01657662994375642 279.28773909779596352 282.73565524421496775 284.40918087623879273 287.36952311778401281 293.55589374213377596 300.55495639996809132 312.86798861041336295 320.97484539028590689 329.09345907138327902 336.57694288692709961 341.57819409797281196 347.40951356680477602 352.58329207800898075 353.48950955234488447 362.37737633704148266 370.32222151816040423 372.55293502804431682 374.86247668325836457 384.03020207410384046 393.94008116661188978 400.62076337381955682 408.29846966207685455 412.62086923350068446 414.45474233655102125 423.54121030885698929 420.02744820462589814 419.2041051095181956 420.03876262767585104 422.09946225806652365 423.58885642984887454 424.96076645695080742 425.18183144286001607 425.9769137877913181 427.39056365275195049 428.63095566437448269 435.44355472874093493 487.99443648298768039 nan nan nan nan nan nan nan nan
nan nan nan nan nan nan nan nan nan nan nan nan nan 248.36506509807915677 245.67088089147028995 243.78371811034404004 247.06753597503239916 252.28036069834067234 259.16494765007837486 262.08562059998763516 265.87976825220397359 272.55583582185954583 282.1386506025306744 295.17268219271886665 305.8831973402855624 312.36463068707809043 320.31777633521369353 328.66227041477208104 334.96463539231359618 341.63392772037502709 348.78250392515832345 351.82414261217286366 357.00441799672444176 364.78355704169479168 371.49040659353187266 375.18975854189574193 384.36435604204098127 394.42130996847492952 402.29352260074574588 405.81014010018162708 409.13754514292793374 414.16598590258877266 438.37878515667063084 418.87506376859425927 419.4109087001337457 419.92547777382515051 421.65846678015014959 424.11076749371943606 426.50453016853987265 427.40874610214967788 427.18687158061044329 427.89421157039259924 434.21184665054886409 455.72652348151211754 471.30165517779312268 511.50004806341064523 nan nan nan nan nan nan nan
nan nan nan nan nan nan nan nan nan nan nan nan nan nan nan 235.18479796627923406 234.25683007675644376 238.78494619383701547 243.38864692969477233 248.4785406779845971 252.51125401477747801 264.10628454839019241 277.52595870200070749 290.09151517102884554 297.41658462386038764 302.70226813196910598 311.22806836719831836 321.35701247671977399 328.68170126779187967 336.2408539950569093 345.73809642683465881 350.25071546380763721 352.69780864049124602 357.2067609031792017 365.29899148855957947 376.15011438912705444 387.19612492210274013 400.0896643357077096 412.93959848381791744 409.32405246988491854 411.35903673886161869 407.64846942009609165 415.81818732441246311 433.39721869708267832 422.96452435366575173 423.9235190579043433 423.42847714783704305 423.92280310417430655 424.19984069294065421 425.49402792691171271 427.39002691270917467 429.38153969381232855 432.99537600360940814 480.98895409836410408 468.23276997101805819 nan nan nan nan nan nan nan nan
nan nan nan nan nan nan nan nan nan nan nan nan nan nan nan 229.93038471061061045 226.83321119210106076 231.13418861561046924 231.56799767342886298 231.82883811382060912 244.35502706310165877 258.81373801141637614 271.43450515533987755 281.45245023923388317 289.65075720757221234 294.96958710419386307 304.23701423124470011 315.69571487769792384 325.30686175414223271 333.17668949381067023 344.67355980597648113 349.93813260078701433 353.81970648973089055 356.02711221649451545 357.9510542625346261 370.74570150266248447 409.04839730107289597 438.6088165331283335 414.75594790086654484 412.82956210912306005 423.47196553952812792 419.8626569279020373 419.58019623595117764 446.60602458855038321 444.98518797636194222 444.57889286156984099 437.98138610511216484 431.48978544905111221 426.42292051836921019 427.0908757636827886 429.23909377966765533 431.27049332536358861 432.08204752335507237 434.88571024278411414 nan nan nan nan nan nan nan nan nan
nan nan nan nan nan nan nan nan nan nan nan nan nan nan nan nan 222.66284443643445456 225.25054948227824525 228.0653043120246366 231.67667632887034301 243.11835366228632438 256.28377569779468104 265.70658180084075184 275.24773102940554281 283.87165918341628412 290.11314482116006275 299.26329528460138363 311.1273150469305051 322.5181659325675696 331.38361413292960833 342.74040286515793241 348.26052892703626185 352.09366495892277271 354.69287755630665515 353.14146689947375535 364.00944476761009128 381.93407026779675562 424.29759027774196056 416.69065997817858715 415.70715399633616016 425.19961140444638659 430.68501092215348081 422.89739267677981616 438.95436931689681614 434.54222226736959556 433.71072812153818177 434.09885122157453452 439.13802544118090054 440.40967467097340204 443.28087103122618373 441.8898897744631995 441.86302041829884502 428.96134597553032108 nan nan nan nan nan nan nan nan nan nan
nan nan nan nan nan nan nan nan nan nan nan nan nan nan nan nan nan 225.23720858448388071 228.36731620358787609 231.53004094990231465 239.65005986431094698 251.09568686319678932 261.50461679983988006 271.03283258128305988 280.31955020266781275 289.01274423365754274 298.45012764757279911 308.88129671209509297 317.6658477351116403 327.56891365966123431 336.15527176302600765 342.45975222437783714 348.27682187085474652 353.6815088943868659 355.64279073485039362 367.54013612691937851 376.12688966307803184 404.19499651649903171 432.63982911611924465 425.19243322681484187 424.02189835379482474 430.39223485567259786 426.81510209884390861 450.03089461326914034 446.8405065228275248 448.31504091572480775 447.39262027037710823 444.6331249659272089 446.1375567309543726 448.46194863399938413 448.34710830207393428 432.009421580821936 nan nan nan nan nan nan nan nan nan nan nan
nan nan nan nan nan nan nan nan nan nan nan nan nan nan nan nan nan 219.69773821200166708 223.9348566358328867 227.53492115214359615 234.17520881773239694 245.20003500521553974 257.18478160172077196 269.09809131855081432 279.68279417858025226 287.7590406639527032 294.73333229507471742 306.5712841770543946 315.04684608283872649 321.82828680646434805 330.73046819048437328 338.80964712911134029 347.04153504289968168 354.25340700976016706 356.53846233014581912 372.92220971060305601 388.99778596219482552 409.25868464411558989 433.32238856093823642 429.12003115647769391 431.24025934366721913 435.86066556540055217 433.23196660212778397 467.18025250221302258 465.12058884724035579 467.90263811368953384 468.92552167460127066 468.24842457542933971 462.01759049068499507 449.98040626572151268 448.60525906297215215 449.80327185663674072 nan nan nan nan nan nan nan nan nan nan nan
nan nan nan nan nan nan nan nan nan nan nan nan nan nan nan nan nan nan 219.18104171797656932 224.92691773449107018 232.67089771651649244 245.44089253109402193 256.75751006601501558 268.43985239308779001 280.20722457557803864 287.25145639173496193 290.37111126315522824 301.0575332879097914 311.04166105834093514 317.61159051660797559 327.34270767729333329 335.58126887573678232 343.60025434305276804 352.52432152232574936 353.38720626246089296 352.49230132531624804 367.46974175717940625 400.16328305561057732 435.37950919450224774 439.61175332022929751 432.52152550880276749 429.14907129419657394 426.62031888857677586 476.08266378549529918 477.50279232264654183 479.64005036571660412 487.82014088015955622 488.35823572090930611 477.51583856086267588 458.86283195118562617 442.21250060113021618 nan nan nan nan nan nan nan nan nan nan nan nan
nan nan nan nan nan nan nan nan nan nan nan nan nan nan nan nan nan nan 220.64535226590422212 229.70772932528623755 237.76617879263898203 246.28659983242010867 257.88423060110989127 268.7887812350573995 277.80053636095124148 286.09158024867912218 289.67687877587314915 295.26681528698895818 304.5117802757350205 313.55144824267063086 324.47953693040261669 333.78850021226531908 342.47916002397971624 353.31856789644092487 359.32782455333432381 359.06596619533632975 351.94191275702814892 360.62250163502790201 415.56207378489278881 443.74947533546696832 441.14626680571905126 441.88467405250196407 437.10264801950268065 482.31266970046681308 487.15349641347728493 496.11976675899359179 490.38327143787267914 459.79732944540916151 465.47469843434521408 467.13693336086953423 nan nan nan nan nan nan nan nan nan nan nan nan nan
nan nan nan nan nan nan nan nan nan nan nan nan nan nan nan nan nan nan nan nan 243.46464498264836607 250.28489812880127374 259.05983645059166065 270.4789479983826368 280.25429321337657029 288.62008348501115051 292.18511152275641507 295.96106122685222317 304.96119492967295628 317.18958013607363 325.84518154239725618 333.53537201476416385 342.64243874570320258 357.91786155580660989 363.8134750991960118 367.10811275305962909 367.79646527569155978 370.09496845763027295 402.67838100552813785 447.9936512321789337 455.01089027673538112 453.80384198657475281 439.73189573888623727 483.15914691438229056 504.47292698655871845 nan 456.66315331162991242 438.92699668667540891 nan nan nan nan nan nan nan nan nan nan nan nan nan nan nan
nan nan nan nan nan nan nan nan nan nan nan nan nan nan nan nan nan nan nan nan 248.72533562242989547 256.60715738579420986 263.37101424595044818 271.45910793105213088 280.50350772790335441 288.69020828458491224 295.19683997739508641 299.15209590659543437 304.86061996478230185 318.53885928970106534 329.9819100113925856 356.75936271299110558 380.44086689307158622 378.99406398539883867 371.31146058869779836 370.13104591808388477 376.26177704210880393 373.30540879366748186 376.69447828681461488 422.15131349246945547 453.3061986788979425 461.02690962474270009 466.13648048796864032 470.73749068776368176 nan nan nan nan nan nan nan nan nan nan nan nan nan nan nan nan nan nan nan
nan nan nan nan nan nan nan nan nan nan nan nan nan nan nan nan nan nan nan nan 255.88487708265736842 262.38951069022925822 269.04148060981657409 275.42100749202523957 283.17631618174988262 288.78899174106931014 295.66249695995401225 301.05608795541365907 308.8249694706641435 335.01821988747116166 378.41796869083890442 394.20230589194324011 401.08653788713655786 386.55387062585424474 383.376138947027016 384.04108970594739958 391.29051560991922543 391.39677113183654455 389.69173909061316863 401.30831945990871645 430.52719038096535087 441.80385589204308872 435.2798444798478954 438.7007509960913012 nan nan nan nan nan nan nan nan nan nan nan nan nan nan nan nan nan nan nan
nan nan nan nan nan nan nan nan nan nan nan nan nan nan nan nan nan nan nan nan 264.11077300098196474 268.72148113680265169 273.85074336128616324 280.09528959150526362 283.7125168138668414 287.90601046780670913 295.28247776277351022 300.31891401961229349 301.21137753383010249 314.3056080711917275 384.27679462524480414 414.80251000256060934 386.2841617271370751 380.4887508620129779 395.61634304440582355 413.56158678336043977 425.28381058706992235 423.72457045085349137 409.67259073611131726 405.65590270601541079 417.72523708200111514 425.11311859872296282 429.50467287110728876 469.10125103257212231 nan nan nan nan nan nan nan nan nan nan nan nan nan nan nan nan nan nan nan
nan nan nan nan nan nan nan nan nan nan nan nan nan nan nan nan nan nan nan nan nan 290.33861246779150633 277.40769898608107269 280.92476010101319162 284.30131426554532936 288.32310758554956465 294.77614372128493869 300.0546782362474687 300.56677095652986509 305.06951935163004919 324.07669295293482037 408.33404729168631775 392.1710285745099327 396.05196340609040817 405.0424409675013635 436.56160154346468971 438.52019870552305747 433.04857313552355436 423.33956371469651003 413.77068128253807799 419.38926343250028594 436.65435337003202676 420.72994044258473423 nan nan nan nan nan nan nan nan nan nan nan nan nan nan nan nan nan nan nan nan
nan nan nan nan nan nan nan nan nan nan nan nan nan nan nan nan nan nan nan nan nan 271.08568025030780291 276.58658863685161577 282.65593784848368841 288.11248965583251902 291.40395749905223965 296.37993216237896377 301.32339058550610389 309.52784774087604092 315.52357735153219664 327.6393959620993428 420.27517358898001021 411.66131173324515657 409.06591864413189796 415.80438947423442642 446.61120545121070791 443.36991165599010856 440.42287652946617982 436.66591381394113114 432.05672752415244986 432.64865607667496761 453.66820480289021589 444.8817695638862233 nan nan nan nan nan nan nan nan nan nan nan nan nan nan nan nan nan nan nan nan
nan nan nan nan nan nan nan nan nan nan nan nan nan nan nan nan nan nan nan nan 271.49626973670200414 273.93119136630537014 279.97056359828621908 285.04046582174152036 289.81244353255368651 294.23894730161873667 298.75174644741366592 305.21004276667690647 333.07358753312519184 357.68674682198496839 343.25600538852484078 395.38380292882055755 429.62657237690257261 425.10496922211945048 443.88412346397535657 443.6937881306968734 442.68479842291520754 453.45885150419962883 449.2370508339450339 442.87288541931172858 443.69917577459881386 445.88927354686734361 nan nan nan nan nan nan nan nan nan nan nan nan nan nan nan nan nan nan nan nan nan
nan nan nan nan nan nan nan nan nan nan nan nan nan nan nan nan nan nan nan 273.49415320515885242 271.41159556296071287 276.93275668439099491 282.15198765485604326 287.3142243461620069 291.90723927640397051 296.76936903480657293 302.21102259676348467 305.41603878376082548 316.16515810518626495 321.78034013087403764 325.38232310917527457 328.04316118032704708 345.83916659353957357 384.2290383018190596 389.88608630282777767 428.62735175857255854 440.17499704494895241 457.0701798482540994 457.58258966124788003 451.2571570399171037 440.39668531071708912 nan nan nan nan nan nan nan nan nan nan nan nan nan nan nan nan nan nan nan nan nan nan
nan nan nan nan nan nan nan nan nan nan nan nan nan nan nan nan nan 307.22635010869129246 270.15484547260507497 272.17503865478079206 280.35549855509520967 284.21886761702199919 285.53956627148397729 292.09478150128865082 296.84465289288112899 300.66985235909089624 307.83703266126582321 308.68934339657261035 318.35506689689225368 323.65959327361895248 331.99427183985159218 381.64217248897318768 375.17388460085857105 344.21425896924006338 346.2711219270055949 nan nan nan nan nan nan nan nan nan nan nan nan nan nan nan nan nan nan nan nan nan nan nan nan nan nan nan nan
nan nan nan nan nan nan nan nan nan nan nan nan nan nan nan nan 322.35776343402199018 292.09930871694342613 282.08644059063493614 285.76779440299526414 294.74569270960847689 297.80907471874070325 294.34572286158868337 295.47674167161540026 301.16859059721133463 307.61375543275852351 314.53749342430688785 310.65648900042361902 324.44421389645492582 358.83496019518241837 332.01962705169239598 336.08050252132233027 386.61951022685940416 nan nan nan nan nan nan nan nan nan nan nan nan nan nan nan nan nan nan nan nan nan nan nan nan nan nan nan nan nan nan
nan nan nan nan nan nan nan nan nan nan nan nan nan nan nan nan 312.13905205077816163 290.60927884885450112 303.55636085975356764 308.66689000232207718 308.21579613451916657 310.61748745028546637 311.44726479113671758 304.89912314280468308 305.85302360064974891 311.15107338240136414 326.87536656760124743 320.54015650282104843 318.17853751977514776 352.7638710128202888 345.98282712453567456 337.18644587607911944 nan nan nan nan nan nan nan nan nan nan nan nan nan nan nan nan nan nan nan nan nan nan nan nan nan nan nan nan nan nan nan
nan nan nan nan nan nan nan nan nan nan nan nan nan nan nan nan 314.77660591450290894 318.20495341422116553 327.90951267062422403 325.23066126900573636 321.78400713961292468 322.67653974837389796 326.98232756357816697 337.69828828530125975 342.26636210873931532 339.60568001799919102 339.95162427683459327 342.82683598086879329 315.05087438662900468 nan nan nan nan nan nan nan nan nan nan nan nan nan nan nan nan nan nan nan nan nan nan nan nan nan nan nan nan nan nan nan nan nan nan
nan nan nan nan nan nan nan nan nan nan nan nan nan nan nan nan nan 352.58694683103573198 359.05940443113576066 346.59944592882857251 340.43765533924624833 340.28994686408231019 335.27713395299684862 342.68294895585756876 363.65730449200964358 375.97606919853211593 346.77542223236770269 nan nan nan nan nan nan nan nan nan nan nan nan nan nan nan nan nan nan nan nan nan nan nan nan nan nan nan nan nan nan nan nan nan nan nan nan
nan nan nan nan nan nan nan nan nan nan nan nan nan nan nan nan nan nan nan 370.56509729448276858 373.45460933703236606 368.37352379277479031 375.94503768595296833 376.95535209282172673 nan nan nan nan nan nan nan nan nan nan nan nan nan nan nan nan nan nan nan nan nan nan nan nan nan nan nan nan nan nan nan nan nan nan nan nan nan nan nan
nan nan nan nan nan nan nan nan nan nan nan nan nan nan nan nan nan nan nan nan nan nan nan nan nan nan nan nan nan nan nan nan nan nan nan nan nan nan nan nan nan nan nan nan nan nan nan nan nan nan nan nan nan nan nan nan nan nan nan nan nan nan nan
