results/rofental/swe_month_2020-01-01T0000_2020-01-31T2300.asc
ncols        322
nrows        225
xllcorner    622802.488000000012
yllcorner    5178049.378999999724
cellsize     100.000000000000
[rows 168 to 195 of 225, columns 63 to 125 of 322]
nan nan nan nan nan nan nan nan nan nan nan nan nan nan nan nan nan nan nan nan nan nan nan nan nan nan nan nan 396.42894833870190041 378.32282272096131237 367.96112777009130923 362.31560958284717344 378.4405569841563306 383.81381375746917684 369.99223375668890412 323.22000666003930291 320.2779313455342276 330.44773602589719985 333.32240297479347646 311.76992174028504223 302.0807443949600497 306.92818431499387088 308.95377807916042912 304.84247129309477486 295.19918603876675434 294.44551668364175612 297.35163580996197652 292.42715726530093434 282.09533395617665974 278.85077115057151786 277.2113054744104943 276.84626153101521595 278.9576140838485685 277.33495934609504729 273.95662903936647581 272.47805385309982285 270.79617128824600059 268.93545442173660831 272.78171041267944474 281.1461902046867749 285.01187524831362907 306.8689553564857988 325.06245500124509817
nan nan nan nan nan nan nan nan nan nan nan nan nan nan nan nan nan nan nan nan nan nan nan nan nan nan nan nan 405.78595705621017942 381.33227137835876874 339.30461590917417425 345.69645265125188871 356.80786832481476267 369.08273109639708309 375.50669763308769689 363.3108894328529459 331.36959009444342428 318.8411724417953792 324.79976320367666176 331.82541054473011854 323.41027779458357827 306.4342504463670025 302.23456370368495527 308.56076182493791293 303.0049850085486014 295.37949220544459195 291.58607270232931796 288.3118670940803554 284.30616647619996229 283.26429532052793547 283.50046785972079988 283.87581457419543085 282.70611577293817618 280.10548681113778002 280.30757980788928307 279.63265480836588495 283.28432238517279984 295.85619590712855143 305.75615147201784794 307.84345568024974682 304.46509426143467181 319.21768689033359578 333.16533826620650416
nan nan nan nan nan nan nan nan nan nan nan nan nan nan nan nan nan nan nan nan nan nan nan nan nan nan nan 336.30340220255936856 373.38839979877758424 349.50943159618526579 331.17397313721454566 333.94530792200453106 346.92340829481156561 359.43254837611198127 366.15163211659910303 366.7278656250253448 352.79364956012699395 330.73320514723792485 317.13066360796130994 333.14479353121652139 331.70862643573406103 309.47014367573291338 296.54601477830703971 306.46319442799506305 310.57282770644445691 307.65268541759678556 300.21973415331007118 295.47062501079415142 290.97035613304024082 287.56988803729603887 285.76726301385099305 283.67764546152710636 282.93255249067567547 284.4839603110355597 288.48561799421156593 300.19484924431873196 312.52099214461247811 318.91916480232839604 321.05348317622281229 322.7227988875854976 323.06467036171522977 334.72210607880600719 345.31073377154905302
nan nan nan nan nan nan nan nan nan nan nan nan nan nan nan nan nan nan nan nan nan nan nan nan nan nan nan 353.61594708932187814 342.90571227269845167 355.48537573528915345 353.43891664225520799 343.57228491217222199 345.02914560526346577 352.60135399713175275 367.11692915387152425 372.7658572912534396 368.50722268710154594 354.3923753357868236 342.1699946099855083 337.2141018111387325 335.75356195788435798 314.89681978652794214 306.10150546752424816 309.34566786581439146 317.41706771507068652 319.28007552840290373 313.49527426180742395 307.95513689809376956 303.97066279978702141 300.26310035108605234 297.35793084540409836 291.27392870706074746 298.82627733920753599 313.27882343246653818 323.28350666033554717 325.50471697328720211 328.76595577657809599 329.351226080201684 330.91137039913877516 331.82537735668125833 336.8296008604716576 339.36215512691001095 nan
nan nan nan nan nan nan nan nan nan nan nan nan nan nan nan nan nan nan nan nan nan nan nan nan nan nan nan nan 389.03426958150532755 368.51690611884839655 371.2936543488596044 364.72460814215895653 354.76946467828042842 346.53710753803414946 354.98027005383897858 363.78675405937394771 366.89848496242069587 368.04699722665139916 359.38114799424204193 345.86278314705418779 350.50494629481022457 338.83485402838829259 322.33870022797367483 317.17519589144819747 318.86339796187792217 317.17492437729458743 307.56342012253179519 306.21528772923340966 311.70791877923898028 316.74831238457221616 329.22706141935515234 334.98100121299813736 338.76544998049041624 338.89490690237164472 338.73057668411473742 338.04997758194264179 339.98622623689965394 338.783565110560005 338.09660740036639481 336.98018792075572492 348.78227170578503546 329.60591127064429884 nan
nan nan nan nan nan nan nan nan nan nan nan nan nan nan nan nan nan nan nan nan nan nan nan nan nan nan nan nan nan 392.15372471759957307 382.77953056278653321 376.13104260697781456 367.3768982696097396 358.94373261353717908 347.24077618271348911 348.78663891576275091 352.64876201751542339 355.45685857650028083 345.17531974236976566 333.59267081891300677 341.09279942368823413 334.90621490814169192 331.23847874943709257 327.0031553206922581 324.98613908619137192 320.98132722862334276 320.0673102426198966 328.40524496658821363 336.99009691245510112 341.25219360260399526 346.93129247163290074 345.66512552508737599 341.32417854416581804 343.08827625514578585 345.1430903830976149 345.26761081604911396 345.69837166083158309 344.53715493162081884 348.06863498801556034 351.48953295446330003 332.34812798306631976 nan nan
nan nan nan nan nan nan nan nan nan nan nan nan nan nan nan nan nan nan nan nan nan nan nan nan nan nan nan nan nan nan 397.99904681557643471 390.4967967062657408 382.55557459757426386 376.3148066559664926 367.15406007299475277 350.69974729958931903 349.2657575479969978 349.42476064582092476 349.47717269995854394 354.16285070981200533 357.59395859914269522 358.07361302137525172 357.69874617138026451 355.65556261980373165 350.78070624905200248 351.36661107996661713 352.61269704660765001 352.28986549974257514 350.72320035207582123 347.55807384268553051 345.11925046016204988 345.96907687814859855 347.60849929228959354 351.45005869331043868 353.32720410688330048 355.23353916893370297 356.65671073506524635 358.39018658051128341 nan nan nan nan nan
nan nan nan nan nan nan nan nan nan nan nan nan nan nan nan nan nan nan nan nan nan nan nan nan nan nan nan nan nan nan nan nan nan nan nan 362.34933460663074811 361.32929776638394515 362.23162381516362984 366.48800517513751629 370.77319419163524117 372.17521172030927801 373.20825135699885777 374.16526364833651996 370.40183802411672787 364.38997293351280859 359.92855948614868566 353.51957294095728912 346.86665976113783927 347.22389394806111795 344.24447220366948841 348.41514943150173167 351.95109902520209744 358.49899291574206472 nan nan nan nan nan nan nan nan nan nan
nan nan nan nan nan nan nan nan nan nan nan nan nan nan nan nan nan nan nan nan nan nan nan nan nan nan nan nan nan nan nan nan nan nan nan nan nan nan nan nan nan nan nan nan nan nan 341.01067426038554231 344.33252630247164916 348.13506509607907446 350.92316453836252776 355.33679947678217559 360.86521605916504996 353.05548127839051631 nan nan nan nan nan nan nan nan nan nan
nan nan nan nan nan nan nan nan nan nan nan nan nan nan nan nan nan nan nan nan nan nan nan nan nan nan nan nan nan nan nan nan nan nan nan nan nan nan nan nan nan nan nan nan nan nan nan 347.3553645832522534 357.28831178819240222 353.17734530667189574 353.8105777291676759 nan nan nan nan nan nan nan nan nan nan nan nan
nan nan nan nan nan nan nan nan nan nan nan nan nan nan nan nan nan nan nan nan nan nan nan nan nan nan nan nan nan nan nan nan nan nan nan nan nan nan nan nan nan nan nan nan nan nan nan nan nan nan nan nan nan nan nan nan nan nan nan nan nan nan nan
nan nan nan nan nan nan nan nan nan nan nan nan nan nan nan nan nan nan nan nan nan nan nan nan nan nan nan nan nan nan nan nan nan nan nan nan nan nan nan nan nan nan nan nan nan nan nan nan nan nan nan nan nan nan nan nan nan nan nan nan nan nan nan
nan nan nan nan nan nan nan nan nan nan nan nan nan nan nan nan nan nan nan nan nan nan nan nan nan nan nan nan nan nan nan nan nan nan nan nan nan nan nan nan nan nan nan nan nan nan nan nan nan nan nan nan nan nan nan nan nan nan nan nan nan nan nan
nan nan nan nan nan nan nan nan nan nan nan nan nan nan nan nan nan nan nan nan nan nan nan nan nan nan nan nan nan nan nan nan nan nan nan nan nan nan nan nan nan nan nan nan nan nan nan nan nan nan nan nan nan nan nan nan nan nan nan nan nan nan nan
nan nan nan nan nan nan nan nan nan nan nan nan nan nan nan nan nan nan nan nan nan nan nan nan nan nan nan nan nan nan nan nan nan nan nan nan nan nan nan nan nan nan nan nan nan nan nan nan nan nan nan nan nan nan nan nan nan nan nan nan nan nan nan
nan nan nan nan nan nan nan nan nan nan nan nan nan nan nan nan nan nan nan nan nan nan nan nan nan nan nan nan nan nan nan nan nan nan nan nan nan nan nan nan nan nan nan nan nan nan nan nan nan nan nan nan nan nan nan nan nan nan nan nan nan nan nan
nan nan nan nan nan nan nan nan nan nan nan nan nan nan nan nan nan nan nan nan nan nan nan nan nan nan nan nan nan nan nan nan nan nan nan nan nan nan nan nan nan nan nan nan nan nan nan nan nan nan nan nan nan nan nan nan nan nan nan nan nan nan nan
nan nan nan nan nan nan nan nan nan nan nan nan nan nan nan nan nan nan nan nan nan nan nan nan nan nan nan nan nan nan nan nan nan nan nan nan nan nan nan nan nan nan nan nan nan nan nan nan nan nan nan nan nan nan nan nan nan nan nan nan nan nan nan
nan nan nan nan nan nan nan nan nan nan nan nan nan nan nan nan nan nan nan nan nan nan nan nan nan nan nan nan nan nan nan nan nan nan nan nan nan nan nan nan nan nan nan nan nan nan nan nan nan nan nan nan nan nan nan nan nan nan nan nan nan nan nan
nan nan nan nan nan nan nan nan nan nan nan nan nan nan nan nan nan nan nan nan nan nan nan nan nan nan nan nan nan nan nan nan nan nan nan nan nan nan nan nan nan nan nan nan nan nan nan nan nan nan nan nan nan nan nan nan nan nan nan nan nan nan nan
nan nan nan nan nan nan nan nan nan nan nan nan nan nan nan nan nan nan nan nan nan nan nan nan nan nan nan nan nan nan nan nan nan nan nan nan nan nan nan nan nan nan nan nan nan nan nan nan nan nan nan nan nan nan nan nan nan nan nan nan nan nan nan
nan nan nan nan nan nan nan nan nan nan nan nan nan nan nan nan nan nan nan nan nan nan nan nan nan nan nan nan nan nan nan nan nan nan nan nan nan nan nan nan nan nan nan nan nan nan nan nan nan nan nan nan nan nan nan nan nan nan nan nan nan nan nan
nan nan nan nan nan nan nan nan nan nan nan nan nan nan nan nan nan nan nan nan nan nan nan nan nan nan nan nan nan nan nan nan nan nan nan nan nan nan nan nan nan nan nan nan nan nan nan nan nan nan nan nan nan nan nan nan nan nan nan nan nan nan nan
nan nan nan nan nan nan nan nan nan nan nan nan nan nan nan nan nan nan nan nan nan nan nan nan nan nan nan nan nan nan nan nan nan nan nan nan nan nan nan nan nan nan nan nan nan nan nan nan nan nan nan nan nan nan nan nan nan nan nan nan nan nan nan
nan nan nan nan nan nan nan nan nan nan nan nan nan nan nan nan nan nan nan nan nan nan nan nan nan nan nan nan nan nan nan nan nan nan nan nan nan nan nan nan nan nan nan nan nan nan nan nan nan nan nan nan nan nan nan nan nan nan nan nan nan nan nan
nan nan nan nan nan nan nan nan nan nan nan nan nan nan nan nan nan nan nan nan nan nan nan nan nan nan nan nan nan nan nan nan nan nan nan nan nan nan nan nan nan nan nan nan nan nan nan nan nan nan nan nan nan nan nan nan nan nan nan nan nan nan nan
nan nan nan nan nan nan nan nan nan nan nan nan nan nan nan nan nan nan nan nan nan nan nan nan nan nan nan nan nan nan nan nan nan nan nan nan nan nan nan nan nan nan nan nan nan nan nan nan nan nan nan nan nan nan nan nan nan nan nan nan nan nan nan
nan nan nan nan nan nan nan nan nan nan nan nan nan nan nan nan nan nan nan nan nan nan nan nan nan nan nan nan nan nan nan nan nan nan nan nan nan nan nan nan nan nan nan nan nan nan nan nan nan nan nan nan nan nan nan nan nan nan nan nan nan nan nan
