results/rofental/swe_month_2020-05-01T0000_2020-05-31T2300.asc
ncols        322
nrows        225
xllcorner    622802.488000000012
yllcorner    5178049.378999999724
cellsize     100.000000000000
[rows 168 to 195 of 225, columns 126 to 188 of 322]
484.94829385430170987 415.49269783361359032 362.81767019209098635 290.73543404962572367 317.74669010202404706 433.81044837952998705 379.21559729315589493 217.83112548226316108 135.90766084888915088 205.64279560520702717 245.53079604991035012 228.71468996771693583 219.62302687619120434 223.8271288278333202 240.8145150459391175 309.97771646644906696 305.23128921837258076 328.46925797163953575 360.68561081809264124 368.22872566250185855 365.4898714978926364 331.5539492659975167 367.34982186898133705 260.3096291417502357 220.90085319789420737 175.71412768673522464 161.75234745381752077 203.21893056395052213 245.80156275204561211 256.60458304850760669 250.7031328156162715 202.20776327639217129 204.13006961627706914 256.77873137361524414 377.05117446473735754 355.47860637878920897 378.67059007562932038 349.73717120295083305 306.19194336605829676 338.39219347421465045 450.96291596740826435 486.2837663372750967 484.23766446196572133 487.46880795962846378 477.80788982051058156 479.37564056517317113 501.292007832015031 500.16336877960378615 487.6856327896774701 478.89207132451275584 440.54178257206677927 417.84068941850466672 527.89824147074841676 640.16769004093521289 nan nan nan nan nan nan nan nan nan
520.71784019175743197 484.49734781760537317 400.72634203647845652 312.25862041082677933 232.28038458987316517 nan nan 322.29076368360591687 260.13781243964052692 276.86474123607268893 328.7336852046828426 290.72819378157464598 257.36774914143751403 211.03909762270649253 185.84039181961597365 224.7429910943091329 237.27051954619039975 250.95212520447549309 225.12631854049186586 249.369761125156856 324.86490362455776904 285.3573467451752208 260.34977581029602334 169.79993308470218949 143.27218568999100512 140.16467920865090946 169.15472517651377871 212.26019764176743365 221.99481159914870432 246.71040043791742846 249.7468241139351619 212.47756737516533576 243.16778018639791981 227.23227734771353425 212.95338505509528204 288.6479358593676352 334.83925125067707995 377.49358206223541856 380.67144612124968717 406.51536308564067213 455.54849012928934826 480.13331028656619992 486.79192876278079893 482.21787363974766549 464.93680548485059489 468.06210168932580018 489.7039721603987914 500.34686903542632308 495.3935561478923546 501.56322241915034965 472.82914513622506547 430.35751658092880234 425.17572851563522818 549.28537081161039168 nan nan nan nan nan nan nan nan nan
526.52767942035359283 500.42616743657919187 436.72052456725634784 364.85600288818028503 nan nan nan nan nan nan 290.19667983243539311 238.692180278658725 227.17813210563207349 228.71431027267101399 215.86864565197276988 215.49920783279628722 222.89664222048349984 260.30299303120580134 252.2145377027200368 213.25997132815533064 135.32976204164225464 92.988069947073611843 92.119644889394294296 137.59352953768566863 131.74970142013731333 124.18078943244822199 186.20054276961877804 224.13557743897459318 220.64088959386887723 242.38277102692433118 253.30659833054727414 240.49191864588649992 252.27022507991816269 237.91967639397637413 236.88168402198596141 318.2106101369594171 377.71257301899731829 424.40675107927484078 435.92040818802144031 457.81158461674601767 481.05444801306140334 491.64014154170524762 480.51631420530696914 472.68526912955178432 491.31894721503141454 510.62474204463222804 508.71095418046490977 502.04169257802510629 487.68792974891869108 499.02151612489979016 470.33580116814954408 446.82973408259181269 495.16916036157152803 582.54054509190086719 nan nan nan nan nan nan nan nan nan
504.88143767652132965 nan nan nan nan nan nan nan nan nan 258.93176954714482463 198.95405957368774352 101.19095332044311419 101.02843354551418997 103.15974914364618087 89.568299942159072202 81.207162365093836343 119.15333486928741991 91.524620736044042246 101.27524361269900055 100.59181424405197447 88.942016396724739025 71.217309892475284983 65.476313237269792467 96.473547740352671553 94.69592609937072325 196.12346875024982751 222.65866528285289405 215.36087401856539714 238.52285992597896325 257.27330860789942335 247.47360252290212657 291.93917354371779993 292.69394506495308406 290.66476827369621105 337.19849864484905311 374.73889304544991319 466.87156132947035303 483.11197598596930902 493.77972658747256673 495.6266194043911355 490.40300161177657401 491.35719372398398264 508.57707808686990347 517.17435176737740221 510.94023937807060065 510.87399533581748301 503.69299952910199636 475.20080207767171032 474.37939488778278019 473.38689259574005064 372.86840950840041842 291.71002279005995206 315.96521585303202073 582.79376321820495832 nan nan nan nan nan nan nan nan
nan nan nan nan nan nan nan nan nan nan nan 174.90662073972160329 54.718046536411300451 32.821455258781845998 49.081331340889313708 59.13032947118541216 79.622074373305508743 87.489435459194567102 91.855870930139175812 80.541933860490402708 61.206382368027043128 46.177953598273511204 47.48925411854330747 40.335838114986771075 94.387212969533109685 110.00402541840729498 126.7089211998318774 151.18394987479118186 217.72642512626069333 245.22125061604342022 271.13086639116789911 245.05392255980126492 300.3831961476778929 339.78094877330283907 314.32146959646757978 307.36416770802492238 404.73756153194864282 461.60593018933127496 486.99996898240027576 505.07961367065320246 506.72717275435877582 507.85090152411095232 524.98421645351209008 514.46504175012603355 502.50621629178300509 499.37538180461814363 506.11754880375445964 511.05904580808913806 508.25876754999057994 493.8636036469685564 477.40974295227999846 458.0243337643055952 427.37647877470311641 447.99000995173759065 612.05801569932441453 nan nan nan nan nan nan nan nan
nan nan nan nan nan nan nan nan nan nan nan nan nan 52.34798605755749179 32.658138728617345237 8.2090743723954862077 8.2661749994032494016 15.119992141890778115 41.306603225240792199 33.504840290048392148 29.582720460636586779 29.677324818100984771 40.031548503187508459 80.545969842521529358 116.96563340064605541 110.97610325358054695 120.427690892981758 144.05238031187886349 159.76962547634471434 196.28708541025139311 290.40456620578254388 279.37698648232918686 282.41028410587830422 301.69428243743016083 341.29637660359969686 343.58588430973162531 421.69976916119560428 468.27632045525098192 489.35312459836274002 487.08862302013596945 493.66590451491805425 508.68520595753312818 547.82327444989141441 511.39935973472421438 506.83534315395809244 501.77204727250779115 506.72608992577050913 512.38160837864461428 517.51289817596602916 512.55208135226075683 493.90960118778906462 466.6368682142493185 514.58515172523800629 560.04733297076586496 582.25508400976650591 645.76314196078703844 nan nan nan nan nan nan nan
nan nan nan nan nan nan nan nan nan nan nan nan nan nan nan 10.025765407987595523 7.1114713641410718381 7.1283795597247454623 9.1919104936773905479 18.046336717501141322 10.541128987978847675 35.067647840510915103 75.556830700649811661 114.90714504362479431 113.33493843586616379 94.156706261940854574 105.80284793560618084 138.44730297724339607 159.9343362270815021 198.75191826178144083 260.53898944205309363 250.26160179110112836 265.86397379624207815 262.32758328101226653 315.19127699850213276 390.81144867063324 467.26001862835380507 489.62572157109235604 507.39085766865866844 499.26987145038765448 499.34563552838716305 469.00342001713460149 499.29915166156399664 535.54951988307414013 516.76321506895305902 518.71669006800732404 515.49351350216727496 510.45682900967057094 503.44713293258860176 499.75707509110304727 500.39963172051079709 486.0243487586068909 505.59152297470302528 603.6329540027281837 575.70874849688334507 nan nan nan nan nan nan nan nan
nan nan nan nan nan nan nan nan nan nan nan nan nan nan nan 36.972776464640219274 6.745574331438377591 9.7590490157114047065 6.2107917964609340444 4.8264316066872536837 7.6459889775511076238 52.592169301098408596 87.086416171337191372 100.50587118636238415 107.74630124186964508 88.705683344032209448 100.99748223505848443 148.07940652496068878 188.45307082433143364 223.77617873128536985 287.17739035267544523 283.48261721844085059 266.04071099316166737 279.91440969787339554 264.99325266062913897 363.81679127903390736 520.93354740048278018 559.89311733917440961 508.39015733765836558 505.2703320642823428 522.21598283363630344 512.98604370638861383 507.72582967044087354 559.66397638983335128 555.23990005452264995 554.08053263177453118 541.37800049312170358 526.13129324878173065 518.12173183882339345 513.20284204204665457 511.46760591722681966 504.54038829532282762 484.26093201347060813 475.51061782682893408 nan nan nan nan nan nan nan nan nan
nan nan nan nan nan nan nan nan nan nan nan nan nan nan nan nan 9.876695448352746709 20.828714095891704972 26.299578854516109772 10.847213058461585788 39.515193708374710013 74.676650796159464107 83.339715893397439572 99.213160530296548245 113.54604751215579483 100.41992906322047929 107.9577786465730469 153.60859459899000967 215.19875969821109152 244.81475270367593566 290.65092610078386315 290.04217710588875434 278.05707482079873216 243.20523176635043683 248.92499979711459446 293.79541217702455924 424.71380522280389869 533.40463261600939404 514.20113741656541606 507.10661759932833093 523.74454374217350505 531.97127984018027291 513.33296039391666454 542.64868594046379258 530.98720858854721882 527.93352337512578742 528.94567702992765135 539.78978055421782756 542.78804726569671857 544.7771039250811782 536.8175406108439347 532.71691364681009873 463.20738415097520146 nan nan nan nan nan nan nan nan nan nan
nan nan nan nan nan nan nan nan nan nan nan nan nan nan nan nan nan 55.27994280651651593 56.012502288757595181 38.34723305980125474 42.925192548438502627 67.39543217187376456 84.982553801536710125 102.60041918826979668 126.94877458030383366 136.07086916839693913 150.83723306790082574 174.95519001435314976 195.93956925528041779 216.19711224425333285 226.58791279890257897 239.91656117131853421 252.30024634824727059 265.20660382831800916 255.32313793623461606 379.52762733536673068 368.27109035795666614 492.69444068060613517 545.29607035278866078 525.38753438589208145 520.50047175910526676 527.82134550594844313 517.54328661101158104 562.40195560357790328 553.10316462689354466 556.18496308702913211 552.32693934416010961 543.71925267179233288 547.11089532618461817 550.96357167646283415 549.7716465002303039 496.77638231780741762 nan nan nan nan nan nan nan nan nan nan nan
nan nan nan nan nan nan nan nan nan nan nan nan nan nan nan nan nan 33.371421041558583909 41.923726931213423086 27.151553186547641161 25.551539200121883511 45.323530793591025656 76.200482969527612909 117.84460769333878716 155.68891243049984041 156.73549089422485281 141.1783164709454752 186.34328308167121691 187.33276373296735073 166.73801836159213963 184.50700906400683721 215.13041911238434523 264.76533367523205698 308.62569730619367192 286.64162855504372374 451.4681329182425884 477.8352642662680978 507.17535615036973695 546.09421789374073342 534.1532343664794098 534.61229423843280983 538.40650840500802587 529.81340261809521053 592.12929062417242676 587.53583567143630262 592.06032158091568363 592.55788063677232458 591.96087111506244582 577.13933092887668863 554.25498372609820308 549.42990934775968981 558.28266638464810967 nan nan nan nan nan nan nan nan nan nan nan
nan nan nan nan nan nan nan nan nan nan nan nan nan nan nan nan nan nan 14.829334713739804386 14.44617608848311896 26.369472743092117639 60.394057153385531933 89.649390844380292265 132.61487299282833874 185.47116333352678907 176.88043989111400833 116.12730941835725673 141.18340440237051325 156.20850305297736327 142.64614106276144412 163.18978363963239531 169.73358610224906329 215.56472972157146728 283.32528193813180906 178.11196068474993126 178.89006718019814457 348.05707774250981856 486.51634819697983403 551.33931953700425765 558.2016016466467363 539.64360467640426577 524.81827156779388588 519.10677015822273006 602.26708186560949798 604.25909435783967183 609.00218421048862183 622.97718035296497874 622.30244452621150231 605.76675884781866444 575.68915544713104282 540.51377807899086747 nan nan nan nan nan nan nan nan nan nan nan nan
nan nan nan nan nan nan nan nan nan nan nan nan nan nan nan nan nan nan 14.718907332626383067 43.998175512803506138 58.523034247587041534 67.408845125589394343 109.91293174578690639 142.36846972501984965 159.24167836152560085 184.39650091580745084 123.19122389216643398 95.24499911842764277 106.96151533686754931 115.6572165370771188 146.75890864627547217 171.8681506971918509 226.35900488625145499 309.95664828003447155 364.01047067532027768 224.68875482457366388 107.56806625492228591 250.68161110729377583 517.00165588145171114 565.02577991273108182 557.74085324812665476 552.52318280845781828 542.22963203489132411 614.18983184348087434 623.57750787662723724 636.69497081106271708 621.89444126241266986 578.2053435035786606 588.04209196101203361 591.1786157926959504 nan nan nan nan nan nan nan nan nan nan nan nan nan
nan nan nan nan nan nan nan nan nan nan nan nan nan nan nan nan nan nan nan nan 97.769364653110670815 90.124571647835509225 109.8895069132998259 162.08626626763754075 203.48007490363556826 232.44470392925038027 180.52872587773464375 125.82609390215102962 158.0256971683593008 207.37015238323772337 215.19227397084620179 224.24462843180469918 230.86591691476226629 386.2357083626488361 415.37204745318848609 395.45808776384262728 321.97281833201549262 304.56462232532584267 484.03221008095056277 569.71200751827245767 578.21348970804228884 572.16684714456027905 546.01686525362413249 614.11873766880853509 647.41907374180198076 nan 575.75476828667217433 541.4740010375478505 nan nan nan nan nan nan nan nan nan nan nan nan nan nan nan
nan nan nan nan nan nan nan nan nan nan nan nan nan nan nan nan nan nan nan nan 145.77518025415560032 153.5102940141385659 134.53266126584821905 164.87549030609781653 200.04566511867957956 230.18422948378909609 236.67440424841879576 204.4345792160856945 193.33531707016160794 301.66160658986120779 387.66678301601001522 459.00417514174580447 490.04873453273404493 467.13225669726097067 418.33644621903681582 387.92267290913770239 397.89922404996093519 309.47938948512143043 371.02965468655867198 526.2426422302944502 574.73115599901439055 584.03139400835436845 589.84242694248484895 591.6705818762858371 nan nan nan nan nan nan nan nan nan nan nan nan nan nan nan nan nan nan nan
nan nan nan nan nan nan nan nan nan nan nan nan nan nan nan nan nan nan nan nan 219.27258160974744783 221.57197264238723733 210.10238399408868304 198.51784912305856778 224.47484011192733533 221.61718733143916893 243.2124908477085512 234.96333500754803936 278.60105891489541818 429.49578000537064781 500.00303222712369688 516.05401426975424783 520.21081883384090361 478.42032886291218574 462.82156522874913662 424.08061947959129157 443.4910711698501018 420.43033515990208571 439.48626239298306473 464.77624114503123565 537.35623811348239087 552.32232012532972476 538.31366782391717152 547.04539199432724672 nan nan nan nan nan nan nan nan nan nan nan nan nan nan nan nan nan nan nan
nan nan nan nan nan nan nan nan nan nan nan nan nan nan nan nan nan nan nan nan 291.7366120724033749 270.86150847638339201 252.69593403343299087 246.49128334145930808 220.8199312457780934 199.64348139869125021 227.38013197751814687 211.09531022899980712 127.52654852906931637 217.18788069478227953 496.96619106387566944 537.3789088624599799 483.07783431755609627 437.75139864921339949 494.9795475745567046 526.33820991488187246 542.87222568330798822 527.28942110480397787 504.13479294992737323 479.25820507738791321 510.17034077371971534 520.89116563977449914 526.25527573627550737 594.83425236225082244 nan nan nan nan nan nan nan nan nan nan nan nan nan nan nan nan nan nan nan
nan nan nan nan nan nan nan nan nan nan nan nan nan nan nan nan nan nan nan nan nan 352.23579950146802275 255.9801473011169719 232.14897246310314927 218.28744182365539928 192.45657388485406614 206.69775759375630741 191.7660803450793594 91.368835380570658344 70.967015440305928564 253.61346368975716814 525.28910178447961243 491.20015506081068679 493.25014268156706976 511.98185549276217898 561.88761746740703984 560.36806502710635414 545.42483393866200458 530.46144703771369677 505.03649257949831508 514.17136848793063564 543.91173983345879606 497.92165337783035284 nan nan nan nan nan nan nan nan nan nan nan nan nan nan nan nan nan nan nan nan
nan nan nan nan nan nan nan nan nan nan nan nan nan nan nan nan nan nan nan nan nan 204.75482897886814726 209.4094435797846927 233.21714511852644591 247.68192550550125475 218.38098898032754391 210.38704848823613247 194.76842445505116075 201.9688341786726653 166.84726449057151854 280.27188456035520403 540.90022461360490524 527.62289489584259172 520.75896184624571106 526.92239621166288543 573.16124303779668026 564.35596698483016098 557.49774592114681582 552.39827012712646592 538.89930613130059101 540.24165799453578529 572.54242760667909806 562.55324737243324762 nan nan nan nan nan nan nan nan nan nan nan nan nan nan nan nan nan nan nan nan
nan nan nan nan nan nan nan nan nan nan nan nan nan nan nan nan nan nan nan nan 215.63527087372551705 202.95226204971689299 222.73566762153132004 232.60599209834342105 242.12570035758159293 230.2264305943733973 222.14930333628220183 252.03557356824401836 391.34669553677395015 453.65615849825201167 357.88893363832062278 495.29525107208382906 553.99239453719644644 545.99423215559420441 569.28953157090984405 564.58649420104222827 561.48957356261212226 579.44477195414765447 570.70328790373582706 558.21837534667804448 558.09148572208755468 560.84449498363244402 nan nan nan nan nan nan nan nan nan nan nan nan nan nan nan nan nan nan nan nan nan
nan nan nan nan nan nan nan nan nan nan nan nan nan nan nan nan nan nan nan 223.92270548017216925 182.20974346378659448 200.52179173962221626 211.89549894406462727 231.37851762888445251 234.83104302316243661 238.42960438199045825 247.08899234575636683 209.3606064946218055 228.60516076197814073 267.7117930397530472 229.00190654955943614 203.93905664115447962 289.23818680201031839 417.77245899116803685 416.80174728038292642 541.49954054510067181 556.39711058005639188 583.59242585581830554 583.49349938549232775 572.21052787210453516 553.90675953391462372 nan nan nan nan nan nan nan nan nan nan nan nan nan nan nan nan nan nan nan nan nan nan
nan nan nan nan nan nan nan nan nan nan nan nan nan nan nan nan nan 354.24365280047845772 188.07587039136569729 193.44704153724734397 221.37098427261321376 227.22765379393234753 215.66641575835453182 242.68937353963798387 250.10544371141924103 253.78331041340666729 270.38086174614232959 211.36381272088468108 285.94499078317369367 243.62164791453940893 295.00337750088885969 460.22504967093362893 399.92782190548325616 253.68284756446982442 239.79811502839893933 nan nan nan nan nan nan nan nan nan nan nan nan nan nan nan nan nan nan nan nan nan nan nan nan nan nan nan nan
nan nan nan nan nan nan nan nan nan nan nan nan nan nan nan nan 373.24052620653588974 264.08465728132034656 205.6432315435935152 230.80300178368506181 256.26894128689417585 265.01217801300578003 237.54769049286238669 233.85975210815897185 246.77096933798509326 258.73119196914018403 277.69116768226712111 189.9513746649274708 314.06799888477331706 427.99081247561326791 286.13042559739164972 274.55127197900867486 468.5867101910588417 nan nan nan nan nan nan nan nan nan nan nan nan nan nan nan nan nan nan nan nan nan nan nan nan nan nan nan nan nan nan
nan nan nan nan nan nan nan nan nan nan nan nan nan nan nan nan 329.02198342659426089 225.46010988124285745 285.66889906997874959 296.16921291917287817 277.80950754084267373 289.84127932875304623 276.05705393683683724 236.78886381612775835 217.61026722188307758 245.16329707726222864 295.48515576252333403 301.45971173082398309 275.99507910409107581 382.88845856064506279 337.51338544991847357 289.63240861867734566 nan nan nan nan nan nan nan nan nan nan nan nan nan nan nan nan nan nan nan nan nan nan nan nan nan nan nan nan nan nan nan
nan nan nan nan nan nan nan nan nan nan nan nan nan nan nan nan 328.47654210874560476 344.77181972434061663 391.39110232444505755 380.72631960843307297 329.30814007513293973 320.3227705504901337 354.36701107290878099 409.59381746407842684 412.77016100675422194 406.00413014291660829 391.72475836893556789 395.48292515213154275 225.22466917837550682 nan nan nan nan nan nan nan nan nan nan nan nan nan nan nan nan nan nan nan nan nan nan nan nan nan nan nan nan nan nan nan nan nan nan
nan nan nan nan nan nan nan nan nan nan nan nan nan nan nan nan nan 451.04637548214748222 466.23117901555303888 445.71742652510812377 402.37367097854308895 388.76804852985083016 404.29223177528638189 420.53752151560047423 468.82110545752226471 488.88262948818038467 423.16134803968452616 nan nan nan nan nan nan nan nan nan nan nan nan nan nan nan nan nan nan nan nan nan nan nan nan nan nan nan nan nan nan nan nan nan nan nan nan
nan nan nan nan nan nan nan nan nan nan nan nan nan nan nan nan nan nan nan 480.42197954090948997 485.56729466633163383 477.33195998576377406 488.16808457911724872 486.75007654702164928 nan nan nan nan nan nan nan nan nan nan nan nan nan nan nan nan nan nan nan nan nan nan nan nan nan nan nan nan nan nan nan nan nan nan nan nan nan nan nan
nan nan nan nan nan nan nan nan nan nan nan nan nan nan nan nan nan nan nan nan nan nan nan nan nan nan nan nan nan nan nan nan nan nan nan nan nan nan nan nan nan nan nan nan nan nan nan nan nan nan nan nan nan nan nan nan nan nan nan nan nan nan nan
