results/rofental/swe_month_2020-03-01T0000_2020-03-31T2300.asc
ncols        322
nrows        225
xllcorner    622802.488000000012
yllcorner    5178049.378999999724
cellsize     100.000000000000
[rows 56 to 83 of 225, columns 189 to 251 of 322]
nan nan nan nan nan nan nan nan nan nan nan nan nan nan nan nan nan nan nan nan nan nan nan nan nan nan nan nan nan nan nan nan nan nan nan nan nan nan nan nan nan nan nan nan nan nan nan nan nan nan nan nan nan nan nan nan nan nan nan nan nan nan nan
nan nan nan nan nan nan nan nan nan nan nan nan nan nan nan nan nan nan nan nan nan nan nan nan nan nan nan nan nan nan nan nan nan nan nan nan nan nan nan nan nan nan nan nan nan nan nan nan nan nan nan nan nan nan nan nan nan nan nan nan nan nan nan
nan nan nan nan nan nan nan nan nan nan nan nan nan nan nan nan nan nan nan nan nan nan nan nan nan nan nan nan nan nan nan nan nan nan nan nan nan nan nan nan nan nan nan nan nan nan nan nan nan nan nan nan nan nan nan nan nan nan nan nan nan nan nan
nan nan nan nan nan nan nan nan nan nan nan nan 515.732496949900451 nan nan nan nan nan nan nan nan nan nan nan nan nan nan nan nan nan nan nan nan nan nan nan nan nan nan nan nan nan nan nan nan nan nan nan nan nan nan nan nan nan nan nan nan nan nan nan nan nan nan
nan nan nan nan nan nan nan nan nan nan 538.17486771054598194 508.86958315036815748 467.74292309327921657 475.66063312483760228 500.61041468962264389 nan nan nan nan nan nan nan nan nan nan nan nan nan nan nan nan nan nan nan nan nan nan nan nan nan nan nan nan nan nan nan nan nan nan nan nan nan nan nan nan nan nan nan nan nan nan nan nan
nan nan nan nan nan nan nan nan 485.20993601056068201 470.44242515613956357 468.76110242943849471 467.4571388071432807 464.14444401883702085 455.3672749566342759 450.74425992119324746 464.33693316773360493 nan nan nan nan nan nan nan nan nan nan nan nan nan nan nan nan nan nan nan nan nan nan nan nan nan nan nan nan nan nan nan nan nan nan nan nan nan nan nan nan nan nan nan nan nan nan nan
nan nan nan nan nan nan 553.55077042776906637 479.87526518055824454 454.13973720386297828 446.61531439331122328 444.25586408038219588 446.55923389038974847 453.38830456232437882 455.9612978150025242 443.54940425438019247 435.82560303007721814 445.58689537774222345 462.55114768775951006 nan nan nan nan nan nan nan nan nan nan nan nan nan nan nan nan nan nan nan nan nan nan nan nan nan nan nan nan nan nan nan nan nan nan nan nan nan nan nan nan nan nan nan nan nan
nan nan nan nan nan 530.20258766068218392 516.76559419189879918 468.42184258648228479 458.58381613710173497 455.26123626817604872 452.89105191701406739 448.30399136871716337 445.82027793332940746 448.35938642189330494 444.71759102687411769 435.87586579226359618 427.93980376599722604 428.24955898633248808 445.28412331424402737 483.87439853823411795 nan nan nan nan nan nan nan nan nan nan nan nan nan nan nan nan nan nan nan nan nan nan nan nan nan nan nan nan nan nan nan nan nan nan nan nan nan nan nan nan nan nan nan
nan nan nan nan nan 546.13501350608248686 533.40944348174389233 496.2720214853111429 464.96293443593299344 463.57358523991211996 461.9240072890997908 460.04822316342603017 455.07044962480682671 451.257611580328728 448.59632056493956043 443.7195897916976719 439.10738582330429836 432.18645605681388133 427.33132448948862248 435.85317011653097552 455.84394857737669327 nan nan nan nan nan nan nan nan nan nan nan nan nan nan nan nan nan nan nan nan nan nan nan nan nan nan nan nan nan nan nan nan nan nan nan nan nan nan nan nan nan nan
462.50703022432458056 526.72033947589557101 nan nan 466.89597146165471031 463.9932108022762236 500.1447546701670035 514.73104079529434784 499.69777566252508905 497.84484201912772505 497.48111461950225021 461.27088904093176325 450.50566404262286824 448.81459904508301406 449.63579885403919434 448.39697401666478527 445.1952286663881182 439.40366942534183181 430.12788764166447208 426.86779934887965737 443.4513914597882831 456.9128150235034127 nan nan nan nan nan nan nan nan nan nan nan nan nan nan nan nan nan nan nan nan nan nan nan nan nan nan nan nan nan nan nan nan nan nan nan nan nan nan nan nan nan
437.08692892853690637 447.99109347974274442 463.26466687286091428 466.14636892224592657 450.37889286113704657 439.6787704488301074 446.97697806230263495 499.0968338969869933 508.21935258748862907 477.79928661044760929 465.30186401596540691 459.0585801041423224 450.57670310602787822 444.70144193080943751 446.95948314566754789 447.52494862963044397 443.85792175227328471 440.29926665265543306 435.38930332055343797 430.20544520548980927 441.91846127030095204 449.51809274608075384 458.32649433407669903 nan nan nan nan nan nan nan nan nan nan nan nan nan nan nan nan nan nan nan nan nan nan nan nan nan nan nan nan nan nan nan nan nan nan nan nan nan nan nan nan
425.06572420151246661 427.52404484935783557 439.22527440162690482 455.8012225855353563 442.37172530333839404 433.12083455708693691 438.40419298092581357 475.4434104513925945 513.85804939883905718 491.86294061799054589 467.7961300357140999 459.49014664681726572 455.08049730674781586 450.36383072378487213 446.29325427479716382 443.92971330697974963 440.46392871823701398 438.30216429240419984 434.46868216081674063 427.72542762350315115 435.76338477553667872 437.44015905959156498 447.09309145397111251 454.77533494234313594 nan nan nan nan nan nan nan nan nan nan nan nan nan nan nan nan nan nan nan nan nan nan nan nan nan nan nan nan nan nan nan nan nan nan nan nan nan nan nan
408.38906225672462824 412.99544208770328169 429.88342923762593273 451.85487957525913316 439.21377618475469262 423.67686402526163647 425.44031302948189932 441.34485573016695525 465.08915709286270612 524.29316516559038064 511.83662961648752798 462.67936554543405236 455.85601777711048044 452.53156243502832012 448.37531990613445032 444.24040746059284857 441.34750201891768029 438.69938015152501976 431.3950002255102163 413.8450077925383539 406.47816483464055182 396.46159647924224601 420.59627116514553791 449.24891210793998653 nan nan nan nan nan nan nan nan nan nan nan nan nan nan nan nan nan nan nan nan nan nan nan nan nan nan nan nan nan nan nan nan nan nan nan nan nan nan nan
416.32580589271049121 418.09125299079988736 422.51619188595856258 427.86493744403759365 428.39332364892760552 416.33342978284036917 417.19411961924231491 423.64278566389504022 427.76580090395208344 449.16926774005469269 521.03378681295862407 514.33970291192235891 473.29789102999154693 456.99059247513343962 447.8695077462818972 443.89000940811632745 437.97599187031931933 433.64783579583206574 426.34749619873167603 414.42719430025442762 400.62392594620752106 380.25192352153379716 391.29013078461071018 424.52326547824827685 nan nan nan nan nan nan nan nan nan nan nan nan nan nan nan nan nan nan nan nan nan nan nan nan nan nan nan nan nan nan nan nan nan nan nan nan nan nan nan
417.20607279342090123 400.47099284316453804 394.57321398418162062 402.03526548938981477 402.83544208376139295 407.06435402250724565 414.31687606464259943 415.99916242430259672 414.74350610486470714 421.27569528149996358 442.29834294468713551 503.99246863272321661 514.68114297632382659 492.85318923942713809 454.58628788327979464 441.10532403765301979 432.10690848385939944 424.1739649846199427 420.51564221770860286 417.91071890457487825 416.84419560454995235 402.49766177081073693 394.72347512170938444 426.49917273854327959 nan nan nan nan nan nan nan nan nan nan nan nan nan nan nan nan nan nan nan nan nan nan nan nan nan nan nan nan nan nan nan nan nan nan nan nan nan nan nan
401.50990537999837215 386.61835621780141992 375.5797731856166024 378.28777983207049829 390.25403229400694727 398.65015498984598707 402.79022643976566087 405.91738158936340142 408.73418277633123807 411.80084635001441029 418.08066920590476911 428.3383990196148261 438.66449247461281402 467.0643069382585395 470.05304894166363283 449.52635045012885939 430.93094439051566269 417.33582733612632865 410.82223628475639998 409.34185450497523107 412.66663589234826759 407.88939204101598079 383.88395929337582402 392.64545108753361546 436.67085944337338788 nan nan nan nan nan nan nan nan nan nan nan nan nan nan nan nan nan nan nan nan nan nan nan nan nan nan nan nan nan nan nan nan nan nan nan nan nan nan
409.84016201823828851 398.92251703837490595 388.99699558100064678 390.14834076561669463 391.68665722215763481 390.44386455945573289 392.01499085931169475 397.24646533138394489 399.76388959789125011 403.07778506292169141 414.10713714057436619 422.09113947864153715 413.98021977003685379 428.42304937754187222 455.02356372775636828 441.20465405681790116 428.43738935423186831 412.04361376474719236 406.57249512194016461 396.40685581171834428 379.59768891470508834 388.01807777744193118 382.97534901148225117 371.10867311431292137 397.43040759447103483 432.84406113562886276 nan nan nan nan nan nan nan nan nan nan nan nan nan nan nan nan nan nan nan nan nan nan nan nan nan nan nan nan nan nan nan nan nan nan nan nan nan
401.14733155265065534 395.56364517913380041 392.31877552916449758 392.66392002474566425 391.09874218348744535 388.32584653799335683 384.50282015886784848 390.44405418102024896 390.1078968876990416 390.77019342914826439 400.61990294353438458 414.20939360950222863 409.81208347917129231 409.15860582091460174 431.3824687454205673 441.665337169962811 423.01349087215328382 407.69501291051557246 405.02571899483172047 394.23381424281433283 365.12114626622292235 356.03023059312482701 378.03942523304107226 371.74222008653123339 372.48748626468409384 411.66259751408978218 nan nan nan nan nan nan nan nan nan nan nan nan nan nan nan nan nan nan nan nan nan nan nan nan nan nan nan nan nan nan nan nan nan nan nan nan nan
401.53076400075264019 397.870592261406955 394.32416034855742737 391.8934598914862022 392.81046866707134768 390.99959935295788682 382.12878200278015584 380.11485011659209476 382.01858928905903667 380.63808399499936286 388.65283847839151576 407.33022504997740043 410.91600815201348951 406.33550036850658671 406.5358166243192386 416.31630149043343181 425.41666437418928126 386.93392329436653654 388.75438966434467147 391.74467654131279915 378.00961399690118014 358.9581087798501926 362.18317905995559158 375.03916211119707214 381.34447006884283837 394.55717150221323664 427.96714101141344599 nan nan nan nan nan nan nan nan nan nan nan nan nan nan nan nan nan nan nan nan nan nan nan nan nan nan nan nan nan nan nan nan nan nan nan nan
404.6132274339003061 400.2028553297670328 392.05631406258601146 390.93614242667035796 391.52803059138807384 393.09987256050902715 389.16027055333512408 377.02823932824082931 371.4013710110252191 371.32734341485098639 384.98031359431871579 409.13773231458941382 411.18777712146049907 401.35746567863247947 400.22347013332682764 396.06946358547872933 394.7947183558713391 380.19710711110599277 372.04161161632089261 379.902112865334459 381.13175222539734932 376.17362803030948726 374.07753340107524309 383.89514793767432366 393.87595621203308838 404.05689743411892323 428.97819920327521004 nan nan nan nan nan nan nan nan nan nan nan nan nan nan nan nan nan nan nan nan nan nan nan nan nan nan nan nan nan nan nan nan nan nan nan nan
402.32005056887919636 395.98078434707116458 389.70682998969761002 388.91768624682310929 388.53956396292085174 385.79387979859154711 383.89245810450830731 380.82688469394241793 371.46672789179780239 370.88779206280673861 382.90744103397912568 406.44676367202720257 427.63667471425134181 412.57700923909010271 401.70605022218882141 398.71451930994118129 394.33820631180611826 385.55821059648889104 374.66124702033130234 372.70917319342481733 373.22310512046539088 381.75371091027784587 382.77391137451905934 388.7970171834411417 396.83264909899077111 410.24948993179651779 nan nan nan nan nan nan nan nan nan nan nan nan nan nan nan nan nan nan nan nan nan nan nan nan nan nan nan nan nan nan nan nan nan nan nan nan nan
400.39924732021449927 393.69235400371650258 388.74977472870165229 387.07930128393479663 387.70896081722366944 381.51436626262938034 378.14387438787105111 383.33474243538978499 379.9331762859403625 371.9615245812750004 378.61979715769126642 400.70002119351238434 426.18530447974268327 409.29510825459544776 394.96030946967016462 389.01091174882122914 389.41320711791803433 387.92589289922602802 378.70864561280365024 367.85995492078365032 360.86376494666683357 368.37811733895176758 378.51774925661766247 392.6908203326771627 397.73889600607219563 403.27959158844186049 nan nan nan nan nan nan nan nan nan nan nan nan nan nan nan nan nan nan nan nan nan nan nan nan nan nan nan nan nan nan nan nan nan nan nan nan nan
414.57748837370951378 398.80064511034817087 388.72105257216350083 381.07287471386268862 383.79672377010462014 384.12987873605516143 375.20113055118611101 376.11362307503918601 378.80137178461092162 371.98950764472226638 373.01894436336897343 388.29700100717957412 424.05348738149484689 427.40575525105310817 409.79416240763288215 394.33409182705588591 384.84926580175601885 375.94051356289270416 362.33844649777250879 358.40400671612849237 351.26996341754147579 357.28176902611505739 371.38901710434754477 381.39652371463427016 381.86710500075787422 394.64373033793168588 nan nan nan nan nan nan nan nan nan nan nan nan nan nan nan nan nan nan nan nan nan nan nan nan nan nan nan nan nan nan nan nan nan nan nan nan nan
406.9623676221773394 407.92033135909105113 396.08441737193322751 386.0869960313240199 379.81669393281441671 384.17716228428793102 377.57176150951875115 371.20619944573041948 374.56840553530167881 381.34201519250888168 372.5045569180697953 369.5689707593219282 394.2581738678493366 420.27532800244938471 405.73950556799371725 388.39525484926406307 385.96281126773965298 379.1821818564037585 364.57306058987779807 356.67276372406541896 355.41733656715871348 367.19126389961746781 374.43911303850751437 374.57447314149914064 369.81560339348249045 nan nan nan nan nan nan nan nan nan nan nan nan nan nan nan nan nan nan nan nan nan nan nan nan nan nan nan nan nan nan nan nan nan nan nan nan nan nan
405.73837016212797835 404.09082899820657531 403.45051388861372743 391.10609412515560734 384.01286370678224102 385.65921717359361764 383.82587538819404926 373.15766997478385747 370.7443630224527169 375.56883484083101621 367.99001711489154332 363.9114057621950451 365.44377262992401256 397.10925467630653429 394.98674004051349584 384.7446913678906526 383.00501263185509515 376.59287158800111683 360.48183344310922394 356.31411707629428065 362.94849341236016471 365.45534901255979321 359.03855809625832762 367.48022129684733272 374.98157125372779319 nan nan nan nan nan nan nan nan nan nan nan nan nan nan nan nan nan nan nan nan nan nan nan nan nan nan nan nan nan nan nan nan nan nan nan nan nan nan
419.48662214333540987 404.89834781838720801 393.01998705698161984 390.17844660096534426 380.30903490960037061 370.37552942766564001 372.08764871099242555 373.51445081917262314 368.38108401025107241 370.55406702659740859 365.10762110630838606 365.93580908508261018 363.77315522567073458 380.44848444307467616 393.12993069480734221 389.11259439980739216 385.44044129699057066 377.47771395792705107 364.90088702337544646 358.94017553714581936 356.76256263847915307 349.95534324348182054 341.4628756616764349 353.57267394192336951 364.73018588712801602 nan nan nan nan nan nan nan nan nan nan nan nan nan nan nan nan nan nan nan nan nan nan nan nan nan nan nan nan nan nan nan nan nan nan nan nan nan nan
403.18938933794288459 401.63324747984881924 382.08085938940837423 368.07049356471429746 371.12862843596053608 364.4823796939487579 365.8576710790063089 368.04364085347827995 366.57686576507711607 368.38211697617475693 364.75965945343926933 364.10450418609389089 365.28503194479384319 367.61739313224114767 383.96648312839852224 386.24194554724175532 384.65388289445519376 379.71359272668388485 368.59626281045859741 353.18436988319535885 342.79396423740610089 343.51222255961283736 336.81974032768624738 343.78120924053871477 365.69741658198626055 371.13155913194998448 nan nan nan nan nan nan nan nan nan nan nan nan nan nan nan nan nan nan nan nan nan nan nan nan nan nan nan nan nan nan nan nan nan nan nan nan nan
392.7556822882241363 392.14567788653130265 387.81144467611068194 374.04203168862312623 365.11621564243102966 361.86758740677510104 361.40212747060411402 361.98225966428361744 361.78609673246694456 361.31552841241125407 357.29887758359882355 353.13937885307120723 365.17110699367560755 370.015298687623158 372.82975463165740848 379.464456406092836 381.4900160131408029 379.44747643273342419 369.0381021690160992 353.41845679994742113 340.939402043281234 340.72813021385258025 333.12576516722782571 334.91675677029309099 352.9329931614496445 357.91794351014573294 356.83000697402530932 nan nan nan nan nan nan nan nan nan nan nan nan nan nan nan nan nan nan nan nan nan nan nan nan nan nan nan nan nan nan nan nan nan nan nan nan
