results/rofental/swe_dates_2020-04-11T1200.asc
ncols        322
nrows        225
xllcorner    622802.488000000012
yllcorner    5178049.378999999724
cellsize     100.000000000000
[rows 168 to 195 of 225, columns 63 to 125 of 322]
nan nan nan nan nan nan nan nan nan nan nan nan nan nan nan nan nan nan nan nan nan nan nan nan nan nan nan nan 521.52166865542858432 496.98918065058393267 482.9959899764542115 477.63250733086061928 499.48342208287272115 508.9925884529054656 489.02596108460221558 431.02524272938018157 426.00613888384350503 438.10531651702626732 441.89443324992907947 416.21154965206733323 391.69277531680376114 395.93700565732467567 402.80497977171614821 395.81487547657246751 374.94171505892313689 375.23060360577972006 386.6140372725474208 376.01370188908128966 350.29760261373644425 339.27197962106976092 336.74062876951325052 342.7803634873632177 349.62088019187757482 346.88766279779002843 339.37810737720883481 331.79849373922274935 329.41283293085587047 325.85703316402953078 350.16168269073568808 372.4631040634237138 376.98840698052953258 401.97834484395150412 424.13672387848680501
nan nan nan nan nan nan nan nan nan nan nan nan nan nan nan nan nan nan nan nan nan nan nan nan nan nan nan nan 536.86004629010653844 500.66283173795847006 449.14738011990084487 456.69041627608521594 470.68293689323309081 486.40085718846870577 496.95517528399420826 479.80426113389103193 438.52470922610575599 421.27508872350347247 430.90137767996691309 438.56890549721236994 428.11388199797119114 393.85679794534843268 385.39294548610115498 406.64465539975964248 394.03029472747562068 375.88550810247022582 369.29089345602000094 363.03214282889950937 354.31515477451847573 353.10979321069959269 354.83815192088934509 355.32479936355883865 352.87129020133710355 346.76007561816413727 344.38892822884918132 343.99964026722619792 358.86807500515675429 388.9126148152611222 400.52236501632472709 402.4558499935344571 397.30288658051836137 413.86205822403042021 430.56085112840702323
nan nan nan nan nan nan nan nan nan nan nan nan nan nan nan nan nan nan nan nan nan nan nan nan nan nan nan 444.83913852012631196 490.45014618824393438 460.02275795769907063 439.2605892351368766 442.75518911633071184 458.42693004622475428 473.79421322985990628 482.85012101200499046 484.53751385742975799 465.88646556265894105 436.81417717003614598 419.48697135804081881 439.54608424331036076 437.72193905229460142 403.14856204763270853 370.8418717578280166 399.25903570706276469 411.77561206971074625 407.80792644454231777 390.35022710589544204 379.82819472062487876 369.96727232735861435 361.62147294581598089 355.95712807180490245 348.59909868457378934 345.1730332162896957 344.79372929022525796 359.37670193896451565 393.69846790458211672 408.01516442757917957 415.32681871028785281 417.02406882900527307 418.51345105190603135 417.65736350206395855 432.26429277792414041 446.838606282673652
nan nan nan nan nan nan nan nan nan nan nan nan nan nan nan nan nan nan nan nan nan nan nan nan nan nan nan 465.89129951726806667 452.17932451326248611 467.23966589874316924 465.51434628106272839 454.1083302814737408 455.62141465136653551 465.31326506413222432 483.61642663152179011 492.56463659894791363 487.10698752304682557 465.38218791324135282 450.10405690518359734 443.87491021246682976 442.25398519873584746 415.57346259786351084 389.83535935115895654 405.18575088472027801 419.14153428636404897 421.22965711557947088 413.60925270680809263 406.82263985232214054 401.70991166470184908 393.11914804303137316 381.90147838393340862 363.5448726927613734 381.56906721172242669 410.03386385973828965 420.81957415436107794 423.38187086549532978 426.71758322869834501 427.00247705509713114 428.34015065728914351 428.48549339178299533 433.58125932100045929 435.27917257462490852 nan
nan nan nan nan nan nan nan nan nan nan nan nan nan nan nan nan nan nan nan nan nan nan nan nan nan nan nan nan 512.75828661800596819 482.71851349220662541 486.88804893518960171 479.44385260906949497 467.27756541826653347 457.40112008825690282 466.87951716581477513 478.64995072981912472 484.06247912372629116 484.58269698308663465 471.78516048935250637 453.88347648895319253 459.86070040749291366 445.34060869313225339 425.12009498899658411 418.47559841885390597 420.15796767653165489 417.5416190118655777 402.66329786662799961 400.94443633039497854 409.48584411378851655 415.69631046876838809 430.4300636017552506 437.86385321020424044 442.77536430228212794 442.36153243857802408 441.5899611871484467 439.8468225566015235 441.84999954233080643 438.7040270721726074 436.15633230258902131 433.04177665567942768 450.05375158240155997 418.55402524630198968 nan
nan nan nan nan nan nan nan nan nan nan nan nan nan nan nan nan nan nan nan nan nan nan nan nan nan nan nan nan nan 518.48408949764711906 502.3709933530671492 494.03691567180084121 482.59573646078695219 471.64636086822628158 457.21087301535101233 459.02053501758399534 461.68109623475766057 465.29791461968636668 452.4226136208780531 438.05162681193257868 447.26030874631021561 439.89218506012832677 434.9481995877844156 428.29680204199934224 426.13466558305304943 421.28130023762685141 420.9996169063618936 430.47992478965181817 440.15012828581012627 445.94205659968048394 454.00432705750552032 451.03340905131727823 444.17876513388642934 446.13024296738075236 449.33137159636783053 448.5159930331546434 448.37120898267932034 446.19212942438582559 451.61705656977414947 453.33278833109852712 422.03690258423813475 nan nan
nan nan nan nan nan nan nan nan nan nan nan nan nan nan nan nan nan nan nan nan nan nan nan nan nan nan nan nan nan nan 529.94060694533538936 516.61994181688885419 504.09096919985768182 495.48921964265434781 482.48422888529000829 461.0152083594542205 457.00587770886261296 457.31273083145333658 457.30418520886109945 462.57700205611422462 468.28013012616548849 469.88068481586066127 468.15697626172959644 465.692482892272551 459.05408475269882729 460.39047088953515185 462.43775332795877375 461.4120657395684475 458.46180638868219148 452.97472013515141498 448.65132320918155528 449.41764341811267514 451.69691361091452109 457.60063621519816479 460.02298118645978775 462.46777673438691636 464.67925103296988709 466.30146742373926827 nan nan nan nan nan
nan nan nan nan nan nan nan nan nan nan nan nan nan nan nan nan nan nan nan nan nan nan nan nan nan nan nan nan nan nan nan nan nan nan nan 475.75376232282047795 472.30642169957599208 473.98570247753394824 480.30262663012172197 487.11750463641084252 490.41387100621147965 493.9408779152573743 496.20453973715609663 489.40550458012694435 478.9389489181476165 471.41029344227007414 461.43676184734920298 451.2570697701958693 451.38505224608127264 446.57822076678837675 451.83148009824088831 457.94424404257944161 467.63678914063143566 nan nan nan nan nan nan nan nan nan nan
nan nan nan nan nan nan nan nan nan nan nan nan nan nan nan nan nan nan nan nan nan nan nan nan nan nan nan nan nan nan nan nan nan nan nan nan nan nan nan nan nan nan nan nan nan nan 442.74378311354627158 446.90397376296351695 451.44763239408996469 454.93679427300605767 461.51784396917673803 469.40115772559852303 455.11781758940264808 nan nan nan nan nan nan nan nan nan nan
nan nan nan nan nan nan nan nan nan nan nan nan nan nan nan nan nan nan nan nan nan nan nan nan nan nan nan nan nan nan nan nan nan nan nan nan nan nan nan nan nan nan nan nan nan nan nan 450.41313068497959193 463.91441627024738636 457.30172412996887488 456.802015931735923 nan nan nan nan nan nan nan nan nan nan nan nan
nan nan nan nan nan nan nan nan nan nan nan nan nan nan nan nan nan nan nan nan nan nan nan nan nan nan nan nan nan nan nan nan nan nan nan nan nan nan nan nan nan nan nan nan nan nan nan nan nan nan nan nan nan nan nan nan nan nan nan nan nan nan nan
nan nan nan nan nan nan nan nan nan nan nan nan nan nan nan nan nan nan nan nan nan nan nan nan nan nan nan nan nan nan nan nan nan nan nan nan nan nan nan nan nan nan nan nan nan nan nan nan nan nan nan nan nan nan nan nan nan nan nan nan nan nan nan
nan nan nan nan nan nan nan nan nan nan nan nan nan nan nan nan nan nan nan nan nan nan nan nan nan nan nan nan nan nan nan nan nan nan nan nan nan nan nan nan nan nan nan nan nan nan nan nan nan nan nan nan nan nan nan nan nan nan nan nan nan nan nan
nan nan nan nan nan nan nan nan nan nan nan nan nan nan nan nan nan nan nan nan nan nan nan nan nan nan nan nan nan nan nan nan nan nan nan nan nan nan nan nan nan nan nan nan nan nan nan nan nan nan nan nan nan nan nan nan nan nan nan nan nan nan nan
nan nan nan nan nan nan nan nan nan nan nan nan nan nan nan nan nan nan nan nan nan nan nan nan nan nan nan nan nan nan nan nan nan nan nan nan nan nan nan nan nan nan nan nan nan nan nan nan nan nan nan nan nan nan nan nan nan nan nan nan nan nan nan
nan nan nan nan nan nan nan nan nan nan nan nan nan nan nan nan nan nan nan nan nan nan nan nan nan nan nan nan nan nan nan nan nan nan nan nan nan nan nan nan nan nan nan nan nan nan nan nan nan nan nan nan nan nan nan nan nan nan nan nan nan nan nan
nan nan nan nan nan nan nan nan nan nan nan nan nan nan nan nan nan nan nan nan nan nan nan nan nan nan nan nan nan nan nan nan nan nan nan nan nan nan nan nan nan nan nan nan nan nan nan nan nan nan nan nan nan nan nan nan nan nan nan nan nan nan nan
nan nan nan nan nan nan nan nan nan nan nan nan nan nan nan nan nan nan nan nan nan nan nan nan nan nan nan nan nan nan nan nan nan nan nan nan nan nan nan nan nan nan nan nan nan nan nan nan nan nan nan nan nan nan nan nan nan nan nan nan nan nan nan
nan nan nan nan nan nan nan nan nan nan nan nan nan nan nan nan nan nan nan nan nan nan nan nan nan nan nan nan nan nan nan nan nan nan nan nan nan nan nan nan nan nan nan nan nan nan nan nan nan nan nan nan nan nan nan nan nan nan nan nan nan nan nan
nan nan nan nan nan nan nan nan nan nan nan nan nan nan nan nan nan nan nan nan nan nan nan nan nan nan nan nan nan nan nan nan nan nan nan nan nan nan nan nan nan nan nan nan nan nan nan nan nan nan nan nan nan nan nan nan nan nan nan nan nan nan nan
nan nan nan nan nan nan nan nan nan nan nan nan nan nan nan nan nan nan nan nan nan nan nan nan nan nan nan nan nan nan nan nan nan nan nan nan nan nan nan nan nan nan nan nan nan nan nan nan nan nan nan nan nan nan nan nan nan nan nan nan nan nan nan
nan nan nan nan nan nan nan nan nan nan nan nan nan nan nan nan nan nan nan nan nan nan nan nan nan nan nan nan nan nan nan nan nan nan nan nan nan nan nan nan nan nan nan nan nan nan nan nan nan nan nan nan nan nan nan nan nan nan nan nan nan nan nan
nan nan nan nan nan nan nan nan nan nan nan nan nan nan nan nan nan nan nan nan nan nan nan nan nan nan nan nan nan nan nan nan nan nan nan nan nan nan nan nan nan nan nan nan nan nan nan nan nan nan nan nan nan nan nan nan nan nan nan nan nan nan nan
nan nan nan nan nan nan nan nan nan nan nan nan nan nan nan nan nan nan nan nan nan nan nan nan nan nan nan nan nan nan nan nan nan nan nan nan nan nan nan nan nan nan nan nan nan nan nan nan nan nan nan nan nan nan nan nan nan nan nan nan nan nan nan
nan nan nan nan nan nan nan nan nan nan nan nan nan nan nan nan nan nan nan nan nan nan nan nan nan nan nan nan nan nan nan nan nan nan nan nan nan nan nan nan nan nan nan nan nan nan nan nan nan nan nan nan nan nan nan nan nan nan nan nan nan nan nan
nan nan nan nan nan nan nan nan nan nan nan nan nan nan nan nan nan nan nan nan nan nan nan nan nan nan nan nan nan nan nan nan nan nan nan nan nan nan nan nan nan nan nan nan nan nan nan nan nan nan nan nan nan nan nan nan nan nan nan nan nan nan nan
nan nan nan nan nan nan nan nan nan nan nan nan nan nan nan nan nan nan nan nan nan nan nan nan nan nan nan nan nan nan nan nan nan nan nan nan nan nan nan nan nan nan nan nan nan nan nan nan nan nan nan nan nan nan nan nan nan nan nan nan nan nan nan
nan nan nan nan nan nan nan nan nan nan nan nan nan nan nan nan nan nan nan nan nan nan nan nan nan nan nan nan nan nan nan nan nan nan nan nan nan nan nan nan nan nan nan nan nan nan nan nan nan nan nan nan nan nan nan nan nan nan nan nan nan nan nan
