results/rofental/swe_month_2019-12-01T0000_2019-12-31T2300.asc
ncols        322
nrows        225
xllcorner    622802.488000000012
yllcorner    5178049.378999999724
cellsize     100.000000000000
[rows 112 to 139 of 225, columns 189 to 251 of 322]
167.15437682475209158 163.84411481380320197 162.86696739576620985 161.61584219470265111 167.88027268165333794 175.34023878248581241 181.01024007672302218 187.22156666473122755 197.82193667905934831 209.14519730089054406 218.99342154816463335 231.79204752439187587 233.97402359958749685 234.9194967377678438 234.77291553058634577 232.38848657664090069 232.73398611306791395 244.51852301227356179 255.11684278432915107 262.26869376737289485 266.24931065157272769 264.03205222187943946 260.44402547479415944 261.23669058932745202 267.49192393401148138 275.3788964182951986 271.71244736047390234 nan nan nan nan nan nan nan nan nan nan nan nan nan nan nan nan nan nan nan nan nan nan nan nan nan nan nan nan nan nan nan nan nan nan nan nan
163.56622441181747263 162.15439869822068886 161.82336292828338742 168.34621044359718667 172.27328810351252741 180.03749888294657922 187.99965797751843866 195.45424794588717532 209.09737227597943843 218.76044792733458166 227.72731257163150076 235.45934942455716055 237.91707425788712271 239.80613987195118852 241.37296200360819398 238.24810774113998946 238.01858906522699044 242.80199111441538662 254.14914282574940785 267.88176425103557676 266.0883782968182345 265.69942987495767284 265.55629166791521811 268.21920463281963976 277.40072889629016117 nan nan nan nan nan nan nan nan nan nan nan nan nan nan nan nan nan nan nan nan nan nan nan nan nan nan nan nan nan nan nan nan nan nan nan nan nan nan
160.38674538068639208 160.53687008112791545 167.57174164229979851 173.43925750291205645 179.02105273224114512 186.18235079678345301 195.20761991236673794 205.23846550602689831 214.7960507334646536 225.28018160742161058 235.11340414492656237 240.63997108614498188 240.70951917818203469 241.75316643360531543 243.5354114302811297 242.85776658042962595 242.77703441862729505 243.37047384104153025 253.47157330797188024 269.00806854748327623 268.9388019943406789 266.74423133578574152 268.02484447347904961 274.44261744197922326 288.52762178769881984 nan nan nan nan nan nan nan nan nan nan nan nan nan nan nan nan nan nan nan nan nan nan nan nan nan nan nan nan nan nan nan nan nan nan nan nan nan nan
159.91449213798523488 165.83926332432807271 171.65811638897454827 178.01372762634096603 184.55857406124408726 193.20237906588673127 201.62161540475528909 208.78395624394261176 216.94943288397246306 228.01188122019078719 237.7220755398696781 245.15862631463735966 247.21144979618398452 249.26021320968806094 248.64321548934222506 247.16642741831574881 248.14082401276380097 248.1794408423842242 253.69537894748967233 269.90750769269612874 277.46047003780802243 272.3329768417863761 273.21708321492508276 280.5956930018663229 295.13864646587978768 nan nan nan nan nan nan nan nan nan nan nan nan nan nan nan nan nan nan nan nan nan nan nan nan nan nan nan nan nan nan nan nan nan nan nan nan nan nan
167.90739866067778507 172.17980231960325455 177.12981740778147355 185.11490146809549628 193.87597262511152962 201.90422913915060121 210.60616819512691222 218.98861522647817424 224.01598015006203468 230.28177209198625519 237.01213019585921415 250.22224256006245469 254.83946069066999485 254.9285254472964084 253.01948371015103589 252.37242938687182914 253.43937494188509163 253.42158265082693447 258.63961551018934415 278.24961875755417395 288.17563513432406808 283.62063214593490557 285.02140786884439194 293.91400820263612559 297.12076173125700507 nan nan nan nan nan nan nan nan nan nan nan nan nan nan nan nan nan nan nan nan nan nan nan nan nan nan nan nan nan nan nan nan nan nan nan nan nan nan
174.48696327606532464 178.88318722301028174 183.67014844183614741 196.26112731997233141 204.54163952117517056 211.29273797689700132 220.9514236252246917 228.43766373863348917 236.12657469658316245 242.25590199319191242 246.83759473226780301 252.15521345826485344 260.13747500164345183 260.14039455876917373 260.72650814286311061 260.53606430765603363 260.38541714244877312 259.93884166866479291 264.05260691088506064 281.03891534177540734 300.31695293017304493 301.58526911252050695 301.8634390147037152 307.67260712744842976 nan nan nan nan nan nan nan nan nan nan nan nan nan nan nan nan nan nan nan nan nan nan nan nan nan nan nan nan nan nan nan nan nan nan nan nan nan nan nan
181.40078608522105696 187.17077117950191223 195.70299033617942541 205.95389901933975807 214.37817130333846194 221.48888369493587902 229.69242184123032757 237.05313668492198076 245.2762803440869277 250.43527380573726759 258.12744983655602482 259.22812099463556024 260.57722707554216868 263.87104711941429969 265.53734515085290013 265.51693109796536874 264.98303268791505616 266.75892618986330262 274.67261255939075681 287.07011986661950687 305.2243772635402479 314.71206744404543088 315.7628401667889193 nan nan nan nan nan nan nan nan nan nan nan nan nan nan nan nan nan nan nan nan nan nan nan nan nan nan nan nan nan nan nan nan nan nan nan nan nan nan nan nan
188.5703421222836198 197.49708126745974823 208.38812370561709031 216.63578350642794135 223.78264202941844019 230.55319882341333937 238.77578699116534722 246.53709095343745616 251.56146498532740452 258.64008951990541618 262.26966113822908255 261.65768348095627971 263.05556148052227172 267.60741617033136208 267.92350462099346942 268.63647184394477563 268.96450419209037364 272.69091138098474403 284.51881903327029022 300.3965600777366376 312.02766926139247516 329.2096893279986034 nan nan nan nan nan nan nan nan nan nan nan nan nan nan nan nan nan nan nan nan nan nan nan nan nan nan nan nan nan nan nan nan nan nan nan nan nan nan nan nan nan
196.90918680703703103 209.32794527108345051 219.75758754362627201 228.07760025824197214 233.08771066265668992 239.29096351296141165 246.38141254846138395 252.84170629691107024 262.70019399248201353 267.98718743681837395 267.15729126721220155 265.25180747456408881 267.01291604285142967 274.08063626651238565 275.4333678860081136 277.85187680627274176 277.23165413781646294 286.28006073611317106 298.8162393199492044 305.23592012749787727 317.96942822165897269 344.01206125301297334 nan nan nan nan nan nan nan nan nan nan nan nan nan nan nan nan nan nan nan nan nan nan nan nan nan nan nan nan nan nan nan nan nan nan nan nan nan nan nan nan nan
207.35096838271459774 218.81343578527778959 229.79902426945798766 236.70369097982438689 242.21688965309499508 247.55347184782263525 253.98687594734599315 261.32916199521127965 275.70697195885833253 271.32302407780554176 271.13088608689366765 269.15033950085552306 269.46950501678333012 277.26907682442663372 282.31650594074085348 285.34994781158053456 284.86719904506418288 292.71462335269308142 308.7185792140301146 313.98422535255190269 323.63610055749563799 358.4173141834960461 nan nan nan nan nan nan nan nan nan nan nan nan nan nan nan nan nan nan nan nan nan nan nan nan nan nan nan nan nan nan nan nan nan nan nan nan nan nan nan nan nan
211.6733724431429664 223.6435219436374382 231.75449867675496307 241.69423030646098027 248.55261963133318659 254.58021033165988456 264.42364997147029726 275.43786000542462489 281.90254649733657288 275.35762641763830061 276.12339261228464693 275.48670813790710099 279.02518867780804612 284.83371457282265737 286.96636397385390183 288.82703429431899167 290.94076737183866044 296.28597316005283346 312.24830204026198999 318.49351705588247796 326.4254527858283268 339.25307920923438587 nan nan nan nan nan nan nan nan nan nan nan nan nan nan nan nan nan nan nan nan nan nan nan nan nan nan nan nan nan nan nan nan nan nan nan nan nan nan nan nan nan
217.0421542113324449 226.02575149455824999 232.50661433917022691 246.08402842127892995 254.03462255001016956 262.41737426809640965 275.27854615006731365 285.83643251800418739 282.57567322484248962 280.79137840446361452 282.973535210969942 284.86485820589859941 289.27494710147203705 292.43208216032786595 293.63196946191101233 294.35990212093179252 297.82368135588313862 295.74286435640323134 296.28562887969098938 308.22424726378523019 318.28891196702727484 331.11772357514541909 nan nan nan nan nan nan nan nan nan nan nan nan nan nan nan nan nan nan nan nan nan nan nan nan nan nan nan nan nan nan nan nan nan nan nan nan nan nan nan nan nan
222.47369001578920233 230.11317529462399989 239.13102506449746443 250.14427122985364349 260.3112947932715997 272.8602562963968694 289.39420376959668602 294.31719865880006637 287.03003237624699295 285.79401020667472721 286.13517526908026412 289.37717695561048004 292.89551012086093351 296.29105692308871767 297.47998994819306517 297.24090131146010663 301.26552884129836229 305.21314412213018841 303.35492412724715905 308.65583489065113554 321.92340347809243895 332.68142611434592482 nan nan nan nan nan nan nan nan nan nan nan nan nan nan nan nan nan nan nan nan nan nan nan nan nan nan nan nan nan nan nan nan nan nan nan nan nan nan nan nan nan
225.98132147552996685 235.46473789543068733 245.77475500567419431 256.1235029401688621 266.33901963232074195 281.07450468481033568 293.84502921073180914 294.30066500108813443 295.8904784088574047 294.16507081531545964 295.26053746857286342 297.41572220681564431 299.45975295897801516 301.53770153875183269 301.91400998493202223 302.89524908776741086 309.0441762117336566 312.72596940006712884 314.37404195695216913 315.67462482831928128 327.29957448461851754 334.32949297021991697 nan nan nan nan nan nan nan nan nan nan nan nan nan nan nan nan nan nan nan nan nan nan nan nan nan nan nan nan nan nan nan nan nan nan nan nan nan nan nan nan nan
228.29106477893782312 238.84535104660363913 251.33201145914830477 262.76874099342632007 273.20205949731251849 286.22594532071838103 301.7837971167165847 301.93279062557468251 301.74243642358368334 302.50184261604590574 302.90183178910604056 303.33620153526857166 304.90624329420762706 306.16251744056933148 307.31067511475794163 311.18272244945842431 321.49089010504718544 322.04815841242697161 324.11822620288648977 323.70536052280220929 325.51590176154553546 nan nan nan nan nan nan nan nan nan nan nan nan nan nan nan nan nan nan nan nan nan nan nan nan nan nan nan nan nan nan nan nan nan nan nan nan nan nan nan nan nan nan
231.84253243888295515 242.00663639451923359 252.49964713896201829 266.99802460508448121 279.00982926740840639 289.98017310427098892 306.79656056832436661 313.49461219850553562 307.95633548274076929 308.7060137904786643 308.63213523764562751 308.49344690906156075 308.83916061170026524 310.60902171326989674 312.49502424712619586 316.71321805579577813 327.67474844650416799 332.30145021639197012 330.77808597182837502 331.6550039249327142 336.97867605795403279 nan nan nan nan nan nan nan nan nan nan nan nan nan nan nan nan nan nan nan nan nan nan nan nan nan nan nan nan nan nan nan nan nan nan nan nan nan nan nan nan nan nan
242.46273337427604133 248.19138696780740361 258.50836338008900839 273.48909165258316989 290.56437082255831683 301.15441333006941704 312.71958130636102169 310.81075499866960854 311.81939853464547241 311.90711015171950748 312.30167877661057219 312.52023813856146717 313.69941815591585055 315.74961685984828819 317.42896929603080025 320.4064422360600588 329.56295455477646783 347.68674565999884862 345.52725018845086424 340.32363265614827696 341.51884828802786842 nan nan nan nan nan nan nan nan nan nan nan nan nan nan nan nan nan nan nan nan nan nan nan nan nan nan nan nan nan nan nan nan nan nan nan nan nan nan nan nan nan nan
247.64949504006813186 255.6801005164861067 264.52173959403239678 273.75444373872346659 289.81761872076316422 303.63583432824481179 315.43912675357790931 317.38234251545992493 315.84014368176377729 315.03001728010195848 315.70620996096414501 316.60800911709378624 318.91523295276073213 321.461401322675556 323.987423739768019 327.41957457164244261 331.0173354360980511 358.30140623909471742 372.71580828298311872 nan nan nan nan nan nan nan nan nan nan nan nan nan nan nan nan nan nan nan nan nan nan nan nan nan nan nan nan nan nan nan nan nan nan nan nan nan nan nan nan nan nan nan nan
252.01307944995016896 258.2561906155611382 269.59084291776775899 281.57584710460554334 291.45762751485170838 301.0691163964139605 314.10814307485634345 324.64084241626272842 321.25542427997180539 320.84083869808949885 322.20153631289940677 323.06162269179679924 324.98516276903870903 331.0804904600838654 341.92028525017661877 335.08843969669851504 336.74714166766955259 347.63948050054091254 nan nan nan nan nan nan nan nan nan nan nan nan nan nan nan nan nan nan nan nan nan nan nan nan nan nan nan nan nan nan nan nan nan nan nan nan nan nan nan nan nan nan nan nan nan
250.35063201754746842 261.67017185496922593 270.84312583951901843 277.9393236634234654 280.16042777336315339 291.97274270841433008 310.76298874979516995 339.23629227359975857 337.38230641529531795 334.76455036402978749 333.72912277178454588 340.247751027818083 351.85975744083367545 366.1480023972862341 359.27496834398050396 341.60610812773552425 345.14375738487223089 nan nan nan nan nan nan nan nan nan nan nan nan nan nan nan nan nan nan nan nan nan nan nan nan nan nan nan nan nan nan nan nan nan nan nan nan nan nan nan nan nan nan nan nan nan nan
263.53863791495405167 270.86844253826922113 275.63570986875680546 283.32734005792707421 290.11634604306328811 300.25199673048257409 313.73177666534132868 337.16065182034026293 353.15553089916767249 355.66333150772385352 359.1026029565796307 359.1030607428501753 nan nan nan 354.59214766504049976 nan nan nan nan nan nan nan nan nan nan nan nan nan nan nan nan nan nan nan nan nan nan nan nan nan nan nan nan nan nan nan nan nan nan nan nan nan nan nan nan nan nan nan nan nan nan nan
269.75172487026543422 274.16069706157963992 278.77901680212215751 287.64462190581321011 297.4943224751264097 309.29671265212505205 319.90620741064782351 348.13822161597170179 373.53572437588491084 nan nan nan nan nan nan nan nan nan nan nan nan nan nan nan nan nan nan nan nan nan nan nan nan nan nan nan nan nan nan nan nan nan nan nan nan nan nan nan nan nan nan nan nan nan nan nan nan nan nan nan nan nan nan
266.17395142957991538 277.89085754404197814 285.32048849100374355 292.26777114950095893 304.16756584916470274 317.29617127526825016 326.85794838706607379 341.34209730669232385 nan nan nan nan nan nan nan nan nan nan nan nan nan nan nan nan nan nan nan nan nan nan nan nan nan nan nan nan nan nan nan nan nan nan nan nan nan nan nan nan nan nan nan nan nan nan nan nan nan nan nan nan nan nan nan
272.69939733876020682 280.45144013319219312 290.10178916689710604 298.43541358641084571 312.26465020087596258 323.47478818292228198 332.54598541899224529 342.09913672485004099 nan nan nan nan nan nan nan nan nan nan nan nan nan nan nan nan nan nan nan nan nan nan nan nan nan nan nan nan nan nan nan nan nan nan nan nan nan nan nan nan nan nan nan nan nan nan nan nan nan nan nan nan nan nan nan
278.37221388702465674 282.0295266054524177 287.94264217751890556 293.72084566147509577 300.68066825657450636 314.30974414241842396 327.68880588577957269 358.58152179355425915 nan nan nan nan nan nan nan nan nan nan nan nan nan nan nan nan nan nan nan nan nan nan nan nan nan nan nan nan nan nan nan nan nan nan nan nan nan nan nan nan nan nan nan nan nan nan nan nan nan nan nan nan nan nan nan
283.76318774338369622 288.72236202103698588 292.1065652079339543 295.28212604047251943 302.20872467508320369 315.85579523951656711 331.84400942711971538 358.25404833268129323 399.43321204528035651 nan nan nan nan nan nan nan nan nan nan nan nan nan nan nan nan nan nan nan nan nan nan nan nan nan nan nan nan nan nan nan nan nan nan nan nan nan nan nan nan nan nan nan nan nan nan nan nan nan nan nan nan nan nan
289.25845990656824824 294.76767258033021335 301.93879865217604674 305.87641703159215467 307.86941224733220679 315.34252796136451025 329.09723841637719488 341.43804798896610464 378.61816503132678235 nan nan nan nan nan nan nan nan nan nan nan nan nan nan nan nan nan nan nan nan nan nan nan nan nan nan nan nan nan nan nan nan nan nan nan nan nan nan nan nan nan nan nan nan nan nan nan nan nan nan nan nan nan nan
294.81917504440002631 300.91225619320510987 307.18222144239899762 312.17275279749748051 315.68166879663357349 321.402820277633964 336.0892550429719563 353.77709205665826175 402.24014708466370394 nan nan nan nan nan nan nan nan nan nan nan nan nan nan nan nan nan nan nan nan nan nan nan nan nan nan nan nan nan nan nan nan nan nan nan nan nan nan nan nan nan nan nan nan nan nan nan nan nan nan nan nan nan nan
