results/rofental/swe_dates_2020-04-11T1200.asc
ncols        322
nrows        225
xllcorner    622802.488000000012
yllcorner    5178049.378999999724
cellsize     100.000000000000
[rows 112 to 139 of 225, columns 189 to 251 of 322]
22.063740146358682637 0 33.473430729976996645 59.982770665546937039 217.52920812873992418 267.32096753465060601 302.13164353323742262 295.42953102639353347 325.74869578943287252 344.26219781600656233 368.70378900561377122 393.05024172909372737 396.9186916606524278 397.98360763435340459 396.53758841296308901 386.94211585819221 337.35833503336294825 377.56611369979424353 415.63758377523140553 427.8591065278625365 433.10270690389057791 424.20787215332393316 417.1689634359648835 419.35745780780496261 427.82610655949315515 442.78429658131028646 433.39447309239989181 nan nan nan nan nan nan nan nan nan nan nan nan nan nan nan nan nan nan nan nan nan nan nan nan nan nan nan nan nan nan nan nan nan nan nan nan
23.265898169365371473 36.495552806507369326 103.00705902844860873 217.14098750025817708 202.36283598321546151 255.17024949872444495 325.23687151000387985 335.16103767150218573 358.68540842799001211 372.60131490017715805 383.17630084304300908 395.67105046366947363 399.18022042422978757 402.55802211838755511 405.34951074199364029 396.37582646955024757 344.92098929457051781 332.3375019102932697 409.36956128332599292 432.93937421461077975 425.41557891653997103 425.08210470393896685 426.88263885493620364 428.16202479122091518 442.22431963668930166 nan nan nan nan nan nan nan nan nan nan nan nan nan nan nan nan nan nan nan nan nan nan nan nan nan nan nan nan nan nan nan nan nan nan nan nan nan nan
18.867018001734628285 76.947537926126841512 214.12946099348573625 249.72979354175561184 261.20109563258478147 319.06894557620876185 336.86875118363366255 351.17289957592345218 364.63623166926959129 380.47515714088160621 396.0577762937616626 402.95507269032691511 400.71348252026422188 400.84157489225435711 405.35431589430407939 402.22135796316479173 365.83661531950804147 322.84132232981340849 371.2625594663402353 430.93859138210603987 429.14724773132081737 422.30248992031152966 427.37453329791821943 433.95235639393268912 457.07613271998593518 nan nan nan nan nan nan nan nan nan nan nan nan nan nan nan nan nan nan nan nan nan nan nan nan nan nan nan nan nan nan nan nan nan nan nan nan nan nan
91.670370535745547613 193.96921368295670618 208.31484557839613103 245.0017463420514332 268.68064398795138459 333.30155502682112001 333.44300353738663034 316.22446703033949689 328.91423623308583046 363.83377320633019281 395.85911785241819416 409.10058155984336281 411.80582795204895774 414.29435758143085877 411.37028764707656592 407.9188429065515038 406.46160053581735383 353.91945287871487835 350.6278185309531068 431.82319272467572091 446.55084823299296204 438.14896096773202316 435.71486087957418931 440.01665091702432164 464.10681850227842915 nan nan nan nan nan nan nan nan nan nan nan nan nan nan nan nan nan nan nan nan nan nan nan nan nan nan nan nan nan nan nan nan nan nan nan nan nan nan
296.46081803433878576 255.49448275575008438 262.17193827355083613 303.03941542462030156 337.19405694417423547 349.22703204917831954 363.0560235340158215 374.62467739796898059 357.36407102571536143 317.07153356754361084 342.59108036374249195 416.78037330822223794 424.01888525318577194 422.43966650741140256 417.66071757820338917 414.79457073576350012 414.91997022339137402 410.77902141982531248 410.97311443226755046 444.70969262313360559 463.57210138352604645 454.51296191468048846 454.07985002589907708 462.18977158095066216 463.56454612495025458 nan nan nan nan nan nan nan nan nan nan nan nan nan nan nan nan nan nan nan nan nan nan nan nan nan nan nan nan nan nan nan nan nan nan nan nan nan nan
309.03506321608256258 314.9874352985797259 297.96833573809931295 343.53113744439440325 356.40077274669295093 365.34800624181104922 380.13108670033727776 390.76448481045633798 400.90648312894290939 407.67986338368029919 409.37830983451362954 416.245354500673443 430.62657538956926828 430.38690250328113507 431.5235049150261375 428.83134385620610374 425.73926438964139152 419.8666813431002538 417.95895557265487241 442.97913471746710457 480.62120678249658567 480.56354596902070853 477.72551262191291244 483.6591424650040949 nan nan nan nan nan nan nan nan nan nan nan nan nan nan nan nan nan nan nan nan nan nan nan nan nan nan nan nan nan nan nan nan nan nan nan nan nan nan nan
320.80673839853636764 329.71162539052176044 341.87253087762064752 358.82282916430654041 371.93693003435026867 380.7164730927539722 391.31231680740103229 401.30587951777658873 412.74096756759342952 418.7192465162503936 431.10565884093398381 426.8882148988489007 426.90072832108637613 433.71437811714463351 436.40202373982765494 434.4548494058462893 430.77041966312714294 429.56026442267858556 435.94948076051372254 447.0844018892143481 479.67690569364100384 498.44411653104572224 497.01382708601198601 nan nan nan nan nan nan nan nan nan nan nan nan nan nan nan nan nan nan nan nan nan nan nan nan nan nan nan nan nan nan nan nan nan nan nan nan nan nan nan nan
331.46456312392746213 346.30268397831378024 364.54472615940744618 376.38917310620780654 385.25738337598272665 392.8659710075060616 403.97882477055981099 413.83056593829206804 419.2221968254397666 428.75642478321481121 431.12081342089101099 427.06507768279846005 428.61402788738809022 435.46590763156427784 435.5972152514713116 436.55839768331952655 434.66119495846442078 435.31712692051178237 448.89323927389318669 469.46001223663972723 484.47458231171253829 513.13921015473408715 nan nan nan nan nan nan nan nan nan nan nan nan nan nan nan nan nan nan nan nan nan nan nan nan nan nan nan nan nan nan nan nan nan nan nan nan nan nan nan nan nan
344.76169986860566041 365.6636096596984089 382.35053097293609881 393.41314889103955466 398.06753958579622577 405.07674338080835241 412.98529268402256776 421.61677547394697285 436.48179184272078146 441.7269498478915466 436.07211559928384759 431.15154098916536896 433.86743121255972255 444.75734537092569099 446.78746366837572168 450.38848890198403296 446.69772688551563533 456.44195319979712622 469.16487481473768639 470.44341223693061238 490.30879449660335467 529.41199344622987155 nan nan nan nan nan nan nan nan nan nan nan nan nan nan nan nan nan nan nan nan nan nan nan nan nan nan nan nan nan nan nan nan nan nan nan nan nan nan nan nan nan
361.50578556619529991 379.48544799571243402 395.94238630827589986 405.03396189231273183 411.05478951971878132 415.58662390722815871 422.83923932307550331 430.98255018440187314 454.88387427590924972 442.09733762984046734 440.15656141348239316 436.30562711115248931 435.57521066290235012 447.10095403309173889 455.96799400829195292 460.58856890386800842 453.63338074574301118 459.8357919712536841 483.68023343359641331 485.17736484612237291 496.62971870450610368 546.89577577613567883 nan nan nan nan nan nan nan nan nan nan nan nan nan nan nan nan nan nan nan nan nan nan nan nan nan nan nan nan nan nan nan nan nan nan nan nan nan nan nan nan nan
363.49729369666420098 381.89365094083734675 393.57999488431607915 409.15335861286234831 418.17785706531452661 424.32218664825245469 437.55601068844384827 451.43311079190300461 459.96438687204783946 446.15398239434773586 447.26255491370051232 446.48656268104161882 450.32974715790317077 458.41607910653056024 458.92950551264476644 460.99211495837681696 459.2763345157136996 461.36910642977187536 483.90532180049660838 488.82951701637949782 496.85536658436524249 519.73414263699464755 nan nan nan nan nan nan nan nan nan nan nan nan nan nan nan nan nan nan nan nan nan nan nan nan nan nan nan nan nan nan nan nan nan nan nan nan nan nan nan nan nan
369.62447459177116116 378.90300836674180118 391.26851558834550815 412.73493021206473941 423.53621690702715341 432.45727112641634449 450.06567400178857952 463.67867884559433378 456.15477720176113507 454.7133832780979219 460.20841916039569242 464.07550997574440999 468.31824178010367632 469.76773039352951855 469.00106107898602659 467.88398122531066292 468.45349576256489854 428.09546038168031146 385.50304505928221488 418.42286680595964299 442.14446264727308744 497.2585959132603648 nan nan nan nan nan nan nan nan nan nan nan nan nan nan nan nan nan nan nan nan nan nan nan nan nan nan nan nan nan nan nan nan nan nan nan nan nan nan nan nan nan
378.43759831141539962 389.55015235801852214 401.29571510378184485 416.45129909329352813 430.07911108774089826 447.0378889244005336 472.23573541075211324 476.73226956410678667 462.35883209722976517 460.36336910676186562 460.73660635366678662 464.62673343696616257 467.21717402351123383 471.35536557525364287 471.50643543868636698 466.8712479286793382 471.18248557551874001 471.81855523019726206 426.3669906827988143 433.67646517175444387 473.43873623442954113 501.60832741803210411 nan nan nan nan nan nan nan nan nan nan nan nan nan nan nan nan nan nan nan nan nan nan nan nan nan nan nan nan nan nan nan nan nan nan nan nan nan nan nan nan nan
382.94918647276779211 396.75020518160317806 410.48936249569163692 423.8048271641104634 435.38387597226630987 454.60990023256835002 470.08233514428889066 472.01278900401359806 478.11497549672560581 475.66232154156762135 476.28565421889015852 476.90503268987481533 476.6905929563497466 477.79622736332942168 477.06262760941103807 476.39775921441986384 482.74520587073095612 486.8269314826679306 483.41137800845319816 475.43636353357459257 494.57719979928475595 503.75953292797214544 nan nan nan nan nan nan nan nan nan nan nan nan nan nan nan nan nan nan nan nan nan nan nan nan nan nan nan nan nan nan nan nan nan nan nan nan nan nan nan nan nan
379.39833305291750776 400.18454651240875819 418.06465729763863237 432.04221279086152663 442.61282544440479114 459.1000246528868729 487.25671631125885597 485.12549257526745805 485.41000304054642811 486.98634531227412481 485.37008757243791024 482.79742646425034991 482.11461018239526766 483.00356702677197518 484.32138755688185938 490.4556658537705971 507.59976157339389147 503.74159341106712873 503.77757918775830603 493.40382100100327989 465.71182409342276287 nan nan nan nan nan nan nan nan nan nan nan nan nan nan nan nan nan nan nan nan nan nan nan nan nan nan nan nan nan nan nan nan nan nan nan nan nan nan nan nan nan nan
383.61525956785055769 402.41314204974202084 415.98482064784923296 434.77219673323554616 448.37642283887112171 460.96297039690171005 494.44697511971799031 503.8089633254331261 493.18029596192229747 493.49143461080927864 491.23746128972169345 487.8885460564171126 485.98938646267538388 488.41457071405466195 490.33308127147029154 493.77228300459626098 514.3220470127854469 518.8599878849158813 513.05140659250673707 509.07914045256967484 514.54720676887416175 nan nan nan nan nan nan nan nan nan nan nan nan nan nan nan nan nan nan nan nan nan nan nan nan nan nan nan nan nan nan nan nan nan nan nan nan nan nan nan nan nan nan
408.11581524980545055 411.86083835789554541 424.31577986059005525 444.77380759917906516 470.32797192362875194 482.02384831589279202 499.74490791978337256 492.68163323757994476 494.9870339729651505 493.99469045758166885 493.30408835880280094 491.97807860421698933 492.54207023322851455 495.08123087087813019 495.04569149200960965 494.94858650222931828 509.7328522043241037 538.15778246353193026 531.52174397943372242 524.48077097317445805 518.4204132204997677 nan nan nan nan nan nan nan nan nan nan nan nan nan nan nan nan nan nan nan nan nan nan nan nan nan nan nan nan nan nan nan nan nan nan nan nan nan nan nan nan nan nan
414.67702887155337521 424.35442914587798668 431.51607785938426787 438.76841658720320538 460.41466328854670564 479.33276360686335238 501.91136039810896818 504.9950659382819822 498.99295667817926869 496.00116003905020534 496.124441351705741 496.7709396680276086 499.13888193173045238 502.15101842367164409 504.56111537615970519 505.04285137768812319 505.92464262280043386 549.35365227736951965 567.66223817086017789 nan nan nan nan nan nan nan nan nan nan nan nan nan nan nan nan nan nan nan nan nan nan nan nan nan nan nan nan nan nan nan nan nan nan nan nan nan nan nan nan nan nan nan nan
418.94645981512411481 424.67811323665006285 438.16328448755621139 451.51493741316858177 459.43550806333036007 468.90196338860312153 492.33484053854277818 515.03873841498057118 507.94106106158608327 506.82935174411278467 507.88683364018743305 507.27638865871472262 508.77357064310160695 516.98540542920977714 530.30548260486193612 518.80646116770708431 514.06940008564095024 530.06252202522955486 nan nan nan nan nan nan nan nan nan nan nan nan nan nan nan nan nan nan nan nan nan nan nan nan nan nan nan nan nan nan nan nan nan nan nan nan nan nan nan nan nan nan nan nan nan
403.67190354007402675 427.72781042490163372 436.56155106656967746 421.03650036660536671 397.7116429634107817 394.30229312974637423 479.15755237566133928 531.58088480846163293 530.42554981775708711 525.90624467853126589 523.19917594518040005 530.76727856721242915 546.67102925586925721 565.16910898110108974 554.18767829071452979 528.19807885907334821 526.05441397121808222 nan nan nan nan nan nan nan nan nan nan nan nan nan nan nan nan nan nan nan nan nan nan nan nan nan nan nan nan nan nan nan nan nan nan nan nan nan nan nan nan nan nan nan nan nan nan
436.53247544112002743 442.09855032900975402 443.39952541209714809 447.25468245017214031 452.55841309588885224 462.65952809092607367 485.56777177532694623 524.74457607329929942 549.3395785322404663 552.37779757265195713 556.41481263118157585 555.37636790632927841 nan nan nan 539.87739491312822793 nan nan nan nan nan nan nan nan nan nan nan nan nan nan nan nan nan nan nan nan nan nan nan nan nan nan nan nan nan nan nan nan nan nan nan nan nan nan nan nan nan nan nan nan nan nan nan
442.44659815182126295 444.18226936850567199 446.82127894077018482 458.02833098071926088 472.21529481728765631 485.45008576510360854 497.67672633329186738 539.18173719431786139 574.37933168047027266 nan nan nan nan nan nan nan nan nan nan nan nan nan nan nan nan nan nan nan nan nan nan nan nan nan nan nan nan nan nan nan nan nan nan nan nan nan nan nan nan nan nan nan nan nan nan nan nan nan nan nan nan nan nan
431.65261056172425924 448.56108496352055681 457.42485899605946997 465.65295103121638931 481.61460892465748884 498.60109098283908224 509.70787283093915221 526.96616035661054411 nan nan nan nan nan nan nan nan nan nan nan nan nan nan nan nan nan nan nan nan nan nan nan nan nan nan nan nan nan nan nan nan nan nan nan nan nan nan nan nan nan nan nan nan nan nan nan nan nan nan nan nan nan nan nan
441.78835030920492954 450.79641082649055761 464.84085273335460897 475.25823398546685894 492.80485172249439074 507.24351758703437554 516.43461974638944412 526.9596415089522452 nan nan nan nan nan nan nan nan nan nan nan nan nan nan nan nan nan nan nan nan nan nan nan nan nan nan nan nan nan nan nan nan nan nan nan nan nan nan nan nan nan nan nan nan nan nan nan nan nan nan nan nan nan nan nan
449.23086370308152482 450.33620357598670125 450.87749488249437491 419.10291522390895125 412.03398886253569344 439.71518148048664898 482.39126861545219072 548.12860251758343111 nan nan nan nan nan nan nan nan nan nan nan nan nan nan nan nan nan nan nan nan nan nan nan nan nan nan nan nan nan nan nan nan nan nan nan nan nan nan nan nan nan nan nan nan nan nan nan nan nan nan nan nan nan nan nan
456.81578375163712735 460.84140533055244759 459.12133477502038659 423.07038120301001527 421.46386535101800064 463.20093727115749971 506.94050489267635839 543.56224755495850331 602.84898315705720506 nan nan nan nan nan nan nan nan nan nan nan nan nan nan nan nan nan nan nan nan nan nan nan nan nan nan nan nan nan nan nan nan nan nan nan nan nan nan nan nan nan nan nan nan nan nan nan nan nan nan nan nan nan nan
464.48568161742434768 471.06650955743748455 479.79491246558802686 479.85731477583874494 450.55878167608074136 451.61418762595394583 472.76124038542968719 500.49589628370165428 570.34592324088657733 nan nan nan nan nan nan nan nan nan nan nan nan nan nan nan nan nan nan nan nan nan nan nan nan nan nan nan nan nan nan nan nan nan nan nan nan nan nan nan nan nan nan nan nan nan nan nan nan nan nan nan nan nan nan
471.63109151878029479 478.77798365834576089 485.53110801265319196 490.46796983969045414 490.01339166620834931 492.30713564956698747 511.62115892192991851 533.73032233986259598 602.00761248775177137 nan nan nan nan nan nan nan nan nan nan nan nan nan nan nan nan nan nan nan nan nan nan nan nan nan nan nan nan nan nan nan nan nan nan nan nan nan nan nan nan nan nan nan nan nan nan nan nan nan nan nan nan nan nan
