results/rofental/swe_month_2020-05-01T0000_2020-05-31T2300.asc
ncols        322
nrows        225
xllcorner    622802.488000000012
yllcorner    5178049.378999999724
cellsize     100.000000000000
[rows 56 to 83 of 225, columns 189 to 251 of 322]
nan nan nan nan nan nan nan nan nan nan nan nan nan nan nan nan nan nan nan nan nan nan nan nan nan nan nan nan nan nan nan nan nan nan nan nan nan nan nan nan nan nan nan nan nan nan nan nan nan nan nan nan nan nan nan nan nan nan nan nan nan nan nan
nan nan nan nan nan nan nan nan nan nan nan nan nan nan nan nan nan nan nan nan nan nan nan nan nan nan nan nan nan nan nan nan nan nan nan nan nan nan nan nan nan nan nan nan nan nan nan nan nan nan nan nan nan nan nan nan nan nan nan nan nan nan nan
nan nan nan nan nan nan nan nan nan nan nan nan nan nan nan nan nan nan nan nan nan nan nan nan nan nan nan nan nan nan nan nan nan nan nan nan nan nan nan nan nan nan nan nan nan nan nan nan nan nan nan nan nan nan nan nan nan nan nan nan nan nan nan
nan nan nan nan nan nan nan nan nan nan nan nan 585.49838372099054595 nan nan nan nan nan nan nan nan nan nan nan nan nan nan nan nan nan nan nan nan nan nan nan nan nan nan nan nan nan nan nan nan nan nan nan nan nan nan nan nan nan nan nan nan nan nan nan nan nan nan
nan nan nan nan nan nan nan nan nan nan 610.96646492507488801 575.50462565113139135 520.34547953068101833 536.45385536464380039 570.79529649801349933 nan nan nan nan nan nan nan nan nan nan nan nan nan nan nan nan nan nan nan nan nan nan nan nan nan nan nan nan nan nan nan nan nan nan nan nan nan nan nan nan nan nan nan nan nan nan nan nan
nan nan nan nan nan nan nan nan 515.85941316622268005 506.71672844948443526 520.61349669896424075 523.18628893968775628 505.73219200615153568 460.28703247579295521 445.98769378470251468 523.21686474087039187 nan nan nan nan nan nan nan nan nan nan nan nan nan nan nan nan nan nan nan nan nan nan nan nan nan nan nan nan nan nan nan nan nan nan nan nan nan nan nan nan nan nan nan nan nan nan nan
nan nan nan nan nan nan 632.04978200620132611 542.6016290384260401 442.10817965185304956 415.06837382349215204 403.44362666127045713 407.60073162975544392 449.06842076336494074 485.17303795508610165 395.35289231870234516 328.70574323007303974 388.68299388427658414 508.81573329586888121 nan nan nan nan nan nan nan nan nan nan nan nan nan nan nan nan nan nan nan nan nan nan nan nan nan nan nan nan nan nan nan nan nan nan nan nan nan nan nan nan nan nan nan nan nan
nan nan nan nan nan 599.12084708683369172 585.6452294808601664 518.64136627266498181 462.40838071877919901 449.7595311366977171 433.35512352167501149 406.69547259238521519 397.65298860748538345 444.8787309315413836 422.57715344737715668 330.21292987579198552 261.86797142818397788 251.97455231951437327 363.18313014980662956 549.38104104468595779 nan nan nan nan nan nan nan nan nan nan nan nan nan nan nan nan nan nan nan nan nan nan nan nan nan nan nan nan nan nan nan nan nan nan nan nan nan nan nan nan nan nan nan
nan nan nan nan nan 621.11568982771848368 607.42949909787807883 560.41819434691103652 497.59490748845519192 500.37356770041350273 498.09799314829746208 489.1591969225822254 461.70325080996536826 459.39994662002743553 450.6474689275031551 405.71715612387782812 345.91741713120950408 270.32228187179384804 232.85088715967759754 275.98055599041299502 436.45394411068730278 nan nan nan nan nan nan nan nan nan nan nan nan nan nan nan nan nan nan nan nan nan nan nan nan nan nan nan nan nan nan nan nan nan nan nan nan nan nan nan nan nan nan
492.80115746157241574 595.39558275402021081 nan nan 493.22421743732650157 515.10100553037477766 566.66542265562736702 583.44931331661643981 564.7073346637122313 563.09379803107231055 564.43522744446852357 510.97513397001955582 439.17408868625324203 435.46097561648781493 455.71854476136343237 440.33982897860050798 408.33893323954481502 346.97494359596578306 254.20907719464889851 230.52047130889485516 354.06154691101926346 485.29246879994133224 nan nan nan nan nan nan nan nan nan nan nan nan nan nan nan nan nan nan nan nan nan nan nan nan nan nan nan nan nan nan nan nan nan nan nan nan nan nan nan nan nan
375.93032062416097006 418.07153527456307529 498.18870916075434252 522.92843528058722313 470.09181220910420507 379.62146900867679733 385.16075480646173901 564.12880165005492472 575.18654905873677308 533.36184645973935403 523.10525725453635459 507.96241326680541306 448.46346962259440261 380.90726446848532305 419.65731216799508729 433.38228299709436442 403.16938003419204506 368.9000422324299393 307.14167178145231674 259.40184804444447764 340.19349784803591774 421.68481022756691345 506.64887124183150036 nan nan nan nan nan nan nan nan nan nan nan nan nan nan nan nan nan nan nan nan nan nan nan nan nan nan nan nan nan nan nan nan nan nan nan nan nan nan nan nan
331.05047542885063194 342.42671309059625173 391.39189122525368703 511.1193473646012535 418.42477896017442163 322.95389670143026706 307.26372691637908474 523.44195594624943624 582.29360766142372086 557.07699013826265855 526.08760277022759055 507.2836935187049221 496.11956103608576996 443.64107925767228835 401.5232427675949225 405.83232778128950713 380.1656416974582271 358.8562772224348123 315.21817701657141697 252.56280500140422873 306.80840162871072607 325.9253404654635915 412.10797677955468998 502.52607677051423707 nan nan nan nan nan nan nan nan nan nan nan nan nan nan nan nan nan nan nan nan nan nan nan nan nan nan nan nan nan nan nan nan nan nan nan nan nan nan nan
216.47651046228381233 226.58274704041750169 304.28494222570742522 487.87575689645103694 416.66591113150639103 278.82822951072546402 260.99609837236414478 337.89990307930645486 492.03201167928784798 596.72495936256211735 583.6234609916403997 514.11125676551353081 495.55938503740406986 458.94020707249967472 433.91830142528590386 416.30457592123951827 389.45978321302703762 370.35147558216755215 314.55770974431118248 192.11393081028600704 188.98727446167205812 101.45439419699037842 207.42917457175514073 463.99456440574391536 nan nan nan nan nan nan nan nan nan nan nan nan nan nan nan nan nan nan nan nan nan nan nan nan nan nan nan nan nan nan nan nan nan nan nan nan nan nan nan
231.37310549885143018 240.91309343277688981 297.46564453165473196 377.16564312192616626 373.84531309114993292 238.72613503545716185 224.04273672704178466 272.67742171291376962 279.10088899249035421 380.49047360814358854 595.13050372104601138 589.08329051698842704 538.73338042530212988 495.9459280630156286 444.46031116489831447 414.17807150977540687 368.6429050414323001 348.58589065652483896 302.11963442005713887 228.67471182707768662 161.15791385517411527 61.516049572927393285 80.305725969353972005 317.97400060102597763 nan nan nan nan nan nan nan nan nan nan nan nan nan nan nan nan nan nan nan nan nan nan nan nan nan nan nan nan nan nan nan nan nan nan nan nan nan nan nan
265.80155597681471136 202.98416240957104151 197.02009980213858853 243.66868646582511815 225.86905687676926391 178.13771508259196708 212.03081593771506164 238.66258174471192888 218.55517823235845754 243.25284799695793936 352.48576414750266395 574.2706808106737526 591.44460811713895509 565.31372631326917144 495.84838514300389534 419.07748006506233196 335.56436250151352851 304.83955642653046425 282.74497164194468724 271.15643521173711861 264.84999335862102043 141.08437562299192791 104.62577698090851186 333.4620480431354963 nan nan nan nan nan nan nan nan nan nan nan nan nan nan nan nan nan nan nan nan nan nan nan nan nan nan nan nan nan nan nan nan nan nan nan nan nan nan nan
247.53765065348270014 155.94196835161179138 88.565306089824630931 100.49412401453639632 119.65665260421125993 144.74226184198226974 173.1028183183114777 188.47309782530302869 188.48576399249984092 203.92508243612283536 242.79601295757129265 318.01243852113339017 354.46527963258296268 534.14919982157402956 540.27841437161657723 494.27817432356215477 357.5109670569439686 266.66862945551162056 233.12341968982579488 219.08727890932124183 234.73832526121870501 193.96647494381983279 73.210945187297298276 96.14431295502910757 435.97168380102596075 nan nan nan nan nan nan nan nan nan nan nan nan nan nan nan nan nan nan nan nan nan nan nan nan nan nan nan nan nan nan nan nan nan nan nan nan nan nan
311.94529204030931169 228.73156756023360003 110.26713590772469331 108.09210981744008961 117.92844139209857701 116.38807459515200549 120.58145316658125523 145.43756291688194437 150.81651317348388375 155.94630618610955253 211.50514721444551469 284.10254198975599138 211.39789497002573171 281.1695705278024775 510.15381351084715789 461.34277450140825749 365.96996080367972581 245.12153480110484338 204.90939334821425177 161.0965665183204294 68.793114453931494268 110.7821307700458533 70.321934883184994192 23.874270313993680048 126.73837399038467311 426.73276712500245367 nan nan nan nan nan nan nan nan nan nan nan nan nan nan nan nan nan nan nan nan nan nan nan nan nan nan nan nan nan nan nan nan nan nan nan nan nan
268.66237643784472766 221.20975528424253298 151.27685125461658799 145.28792971868784889 133.82691415978470673 119.38910097309927494 92.325388108399963016 112.91761383243026273 111.09040672748045608 101.1632049600249843 150.52840303371661435 246.95454226528948993 190.50938750715391734 188.00039774896103495 371.87241112830275824 468.68155563262791929 359.87007503319057378 200.449530513249357 216.05203063000701036 207.77363923932071543 39.804588163049679395 6.6263278270103391776 48.867806524058508444 20.434817923027310371 21.489315198295283693 253.67276251574651269 nan nan nan nan nan nan nan nan nan nan nan nan nan nan nan nan nan nan nan nan nan nan nan nan nan nan nan nan nan nan nan nan nan nan nan nan nan
279.50592194498602794 244.12748135673507477 190.41495646854966139 164.14142280008297803 169.04896218226949145 153.35970926953399385 95.551859281776614807 87.715832475937602908 87.390528157998573988 75.994949681890929583 92.722512866173758539 189.21799853786916401 207.17989936251851191 184.5710263332657064 217.95794811672826086 304.77915608714232576 396.88914284570114432 138.60636587272446718 147.6098671949003176 214.72675060177971318 77.282596326577206014 9.962026266818396536 8.8477579952115075201 24.401762008063300868 37.564367129373586351 90.23066281580577197 406.71383721097458874 nan nan nan nan nan nan nan nan nan nan nan nan nan nan nan nan nan nan nan nan nan nan nan nan nan nan nan nan nan nan nan nan nan nan nan nan
304.79252264048608367 276.72365786041439151 196.10705199003174926 176.24861917582316551 178.46475918344683009 189.03009805555512912 150.05848164707731485 87.468571343878977586 64.893672214982956348 55.267808137466715834 83.358113357346823591 195.76416275478263174 239.02316199543983544 166.16730659276493043 184.3354374094894581 184.59918596524923373 242.27956425297242049 104.86120417692781359 56.241755553359482178 104.55039960315370706 89.13669720058513235 41.829184919923527275 25.31140075895532604 58.426796063432938411 109.98192865965769727 171.16787580851169537 399.59363911882161347 nan nan nan nan nan nan nan nan nan nan nan nan nan nan nan nan nan nan nan nan nan nan nan nan nan nan nan nan nan nan nan nan nan nan nan nan
286.70648475048812998 265.54962540797123438 195.23893123304679875 178.92589170524200881 173.77275674014899209 153.3423412284657843 140.18673421661139855 117.33635894467639105 71.977657036535106272 57.967546152875101484 88.246005853046113998 180.30307830024918303 372.12186705643426876 250.3328149430082874 185.41457528389165077 216.48036203109325015 228.87211230382408189 151.3098649453363862 58.968370931091023124 55.883000513033870504 44.82777904992177298 73.502392099320090324 64.668506284811357432 90.99444311582492162 134.35319794582281361 192.82988304289227699 nan nan nan nan nan nan nan nan nan nan nan nan nan nan nan nan nan nan nan nan nan nan nan nan nan nan nan nan nan nan nan nan nan nan nan nan nan
329.35780294237912358 249.12349404368578121 197.75542193499629207 172.33328659171289132 189.78871092257668352 143.07891000793551939 120.15386964438960149 144.5016199448359373 113.41814335641660705 66.489398603922836628 86.748703339836652049 157.07955315434588783 379.18269434997228018 272.1163527468543748 144.01387796838022837 160.30513110790838027 190.38659819283523689 179.41190885934972243 93.46953672780229283 38.212750246044748792 17.465638633827758497 24.124373785080575061 52.494819296284710219 117.6933585731129881 135.06650746969387455 154.4688419819220826 nan nan nan nan nan nan nan nan nan nan nan nan nan nan nan nan nan nan nan nan nan nan nan nan nan nan nan nan nan nan nan nan nan nan nan nan nan
450.27961414802916806 340.6419214012389034 198.55655636771817285 131.50851547035742328 169.43934704431981686 178.13969009353331785 114.62946877057673589 112.98380673179846667 121.10780701781926894 67.076384111826740764 70.857556770368091748 112.91507015282331849 361.98402858539395766 426.77402402949235238 279.83623337305755285 211.00763114411395804 151.70242840425302688 99.820056667431771302 33.685787451966696437 18.50913076577400318 2.4069718371021044945 11.117640031303018588 31.065935559569620494 46.738061173858461927 40.050280016349987022 138.37197935707868623 nan nan nan nan nan nan nan nan nan nan nan nan nan nan nan nan nan nan nan nan nan nan nan nan nan nan nan nan nan nan nan nan nan nan nan nan nan
402.97062389089956014 422.77342323001352042 293.37364811665679554 172.62065132444462279 149.58739488999421496 190.73297685268184409 139.90435337259086168 97.169982001740450528 100.83400607772205149 121.30813834151923913 63.350849916076896307 54.84350680079014495 131.00712360901417242 366.76613404870272461 284.72256198988907272 184.81321851384771549 179.94582391520924602 134.6765801134252456 38.962937253576448882 13.901838126994439548 10.810187822538463109 34.552737160160504004 39.09730948626570779 26.586899558540260102 16.525785382729527129 nan nan nan nan nan nan nan nan nan nan nan nan nan nan nan nan nan nan nan nan nan nan nan nan nan nan nan nan nan nan nan nan nan nan nan nan nan nan
349.22756970897353312 387.15967615353980591 399.14136278111470801 249.24591640983638285 187.29723501546646958 205.03182795687484941 192.32411035072422578 114.52227046011826417 74.532551733853765086 96.038597928976855655 45.411867298906592794 33.034099967920511176 33.611704161538540347 223.02785116401261689 253.56200162618520721 150.40691834916822245 157.53522312833078445 122.45303723621761094 28.656784009766290922 12.216405353113824361 28.32304099218705673 19.098087682009740718 4.7837728647847024277 15.255953682328529553 26.708604446262675935 nan nan nan nan nan nan nan nan nan nan nan nan nan nan nan nan nan nan nan nan nan nan nan nan nan nan nan nan nan nan nan nan nan nan nan nan nan nan
463.44531495613580319 389.22839973227536348 313.77677680280925188 256.57995043517684053 175.34503213155201706 119.13333080329809377 130.70682766587498236 129.10113946121120421 62.969179887787490202 79.235460726824911148 36.721557884011616579 35.172948695169942823 28.648038810849477898 103.87392346538268839 248.5541904953790322 197.76962855596067925 188.51859808251734307 144.98750516577953817 45.957405574844592877 16.124682092876842177 15.610173598952664875 1.6776172257317980563 1.4914055609636116539 1.8662283719797103654 13.021938193705475229 nan nan nan nan nan nan nan nan nan nan nan nan nan nan nan nan nan nan nan nan nan nan nan nan nan nan nan nan nan nan nan nan nan nan nan nan nan nan
374.60552288128519649 392.90882352732916161 250.78128767905147356 132.85509854557642484 144.45930286690852995 86.534415987054643438 85.292260872727965193 86.978822894416978784 57.714228729276221941 71.18916515243847698 39.01113231813180704 31.333054539039615349 31.866847211939720808 39.9201630348562162 144.1253683862459809 171.0098358229861617 180.06698174017421366 166.69697500208391716 66.482401947193508818 5.3104199569714278795 1.360004131538649963 1.3784630390845471481 1.2637891527808662318 1.4566566050253930698 15.30739000127705296 38.305693322538388657 nan nan nan nan nan nan nan nan nan nan nan nan nan nan nan nan nan nan nan nan nan nan nan nan nan nan nan nan nan nan nan nan nan nan nan nan nan
312.73850140836179889 337.2846825286328567 308.18803727679448912 185.97741659506061751 106.27839942724138211 75.073967560287400147 58.53054521999860782 51.474268744721676683 44.770025370470690973 42.205245547325560551 24.641706096784748325 11.851421772493551998 33.488124168373104794 47.622651522399870316 67.746760293425722921 112.93153191597231455 142.33972608707628638 163.14078832668536734 76.595201123401125187 10.156079872170110434 1.212309510399576018 1.2077353049982071376 1.0811671683394286081 1.1765442669366579231 1.7465265732746075855 12.774127068606743407 7.5035872113930794924 nan nan nan nan nan nan nan nan nan nan nan nan nan nan nan nan nan nan nan nan nan nan nan nan nan nan nan nan nan nan nan nan nan nan nan nan
