results/rofental/swe_month_2020-08-01T0000_2020-08-31T2300.asc
ncols        322
nrows        225
xllcorner    622802.488000000012
yllcorner    5178049.378999999724
cellsize     100.000000000000
[rows 174 to 202 of 225, columns 128 to 191 of 322]
nan nan nan nan nan nan nan nan nan nan nan nan nan 5.3793613316350894493 5.1935525353685543237 5.0878008365336713226 4.9166160656561554987 4.712854376792757094 4.3414971768890380233 4.1044908952460072982 3.9777437407146809534 4.0162515337710376073 3.9644450092479854852 3.8674064096728177908 3.9231003982883847492 4.0009837429296890576 4.0105780662098462486 4.015441638039058958 4.108152698404638592 4.1733544699788005516 4.2379466826934040213 4.3119462617595516463 4.4003515174790663878 4.5216612296550131589 4.7074848203957477821 7.6126426527149444468 8.9659185448660227991 9.6091117999249817672 10.002521707294947717 10.138968381187643431 10.982771357344528695 12.172058956260725537 11.42912269252782842 11.329208294764786302 10.833349874338125574 10.367181916860019442 9.914672416175502434 9.5804191065107797698 9.5147050107761348414 9.6735508694452185807 11.518458734121303166 71.152064670820863057 33.480285760020912278 nan nan nan nan nan nan nan nan nan nan nan
nan nan nan nan nan nan nan nan nan nan nan nan nan 5.3023022519706017874 5.0744699523340708325 4.9877737876434187214 4.7657199386078197278 4.3326232618899851445 4.1658042559629562263 4.1056781815382192846 4.1377840074963039285 4.1420919414697401351 4.0816080653708830539 3.9584842834103644016 4.0039060949687517166 4.1087557859071726085 4.1641166297233693783 4.1850109703816231743 4.4115137786540143949 4.4543437623556574323 4.4839916838875417682 4.459424011114636599 4.3911448093126228542 4.5455172194363129279 8.3175333516246237053 11.826937342700157174 10.653594593677533808 11.159334474093739686 11.903067793031247845 12.186567909868999848 12.018943772200547215 15.380654706129131881 14.266777585855590971 13.878745865187573472 12.95447828989694905 11.681372428080635473 11.231817165577298923 10.840381859304478951 10.755661507300324331 11.208818221958475547 13.760417261911870312 26.737334433883468421 nan nan nan nan nan nan nan nan nan nan nan nan
nan nan nan nan nan nan nan nan nan nan nan nan nan nan 5.0322850284377977914 4.9098973510987908853 4.6474952001408587066 4.2714525969315957354 4.1916347188218976427 4.2584962471593170719 4.2613645766231638135 4.2533732490809814664 4.1761429596166736999 4.0734503981803058537 4.1009429311268190688 4.2306603830555165047 4.3447255515689748862 4.4611339518783701408 4.6241957949069067979 4.6296192163301448375 4.6089127508335510086 4.5579303971037310461 4.4069650802080184704 4.6309193596975406493 8.6907513452498168505 14.442647944321564069 12.957272083758310188 12.890727019347320237 14.11231393353060426 14.518688250956811814 14.379298133852909558 18.032579232104311018 16.187933885786954136 15.214891482895319896 13.656625922486966829 13.36123782458594178 13.121358285025046087 12.935266252724089142 12.853551235126483121 13.463701815516730065 20.69107512335784449 nan nan nan nan nan nan nan nan nan nan nan nan nan
nan nan nan nan nan nan nan nan nan nan nan nan nan nan nan 4.8973646387652385314 4.6501247139201034031 4.3359831886553203972 4.2899326927222682926 4.3609717111629020536 4.3842112585535186753 4.3593438045708268191 4.2891446642622241825 4.2424816661601987278 4.2772489585227466691 4.4327117501411379408 4.5123474818567848033 4.6375635863078592536 4.7079781257227937274 4.7222853882807793724 4.7068375181815609309 4.6517624005349356153 4.5520984396243342474 4.9237793421479825184 8.7430918452110848449 13.908498395998398323 17.189818470032079745 15.769482210662534527 16.620813404165357241 17.110593598387424663 16.546076523693962201 21.231093560406229415 18.869194641405893975 17.710021784526627897 16.577279230785169517 14.948531038316792419 14.969776760587024 15.313792513745895008 15.985201052040711289 17.708753751270506882 nan nan nan nan nan nan nan nan nan nan nan nan nan nan
nan nan nan nan nan nan nan nan nan nan nan nan nan nan nan 4.8541934220905949005 4.6211639443490479806 4.3921652448358861065 4.3320406779765354699 4.4060259903892449174 4.4544593445535518583 4.4864301532502253167 4.4784812415881436465 4.4566317579396521609 4.4448951156750631242 4.6050154014840005701 4.6650991379684105809 4.7036389820691519859 4.7666215090683801137 4.7681016289486342075 4.8056052759567977617 4.8192186245131329869 4.7390193509692686291 8.4290836696064932454 11.822148069529383463 16.919039767027950205 21.270605974209075839 19.543741238705141683 19.712131994074848507 19.910178047128081147 18.766185921267585002 26.267520355867478798 23.257115831409397089 22.567879076279250938 20.864408447314023221 20.344683603622190304 19.455060807698359326 18.48183054918979451 18.771384178249700625 21.578247149273934724 nan nan nan nan nan nan nan nan nan nan nan nan nan nan
nan nan nan nan nan nan nan nan nan nan nan nan nan nan nan nan 4.5413526582529133435 4.3886886515802201458 4.3629947754674240912 4.4831309891760913189 4.571869736021015207 4.6316387035651995774 4.6900990334655148217 4.6739598410639668913 4.5657367016541501314 4.6629772240263864802 4.7313847066082619364 4.7239408979970924918 4.7874619382286551783 4.7704606268411975378 4.8204827529561047328 4.9170630607229588449 4.9562704299902193839 4.9188109599459721721 10.021469168352446388 18.391474038937317914 24.344498513786081872 24.357976316051331622 22.850373111805840409 21.211374713171895934 19.90572958760128941 99.081946777444215968 87.849592886840753181 102.77192674767835001 321.01972148265366513 305.86569270591138547 173.69213665105968403 22.862216905041268689 21.886521541095241616 nan nan nan nan nan nan nan nan nan nan nan nan nan nan nan
nan nan nan nan nan nan nan nan nan nan nan nan nan nan nan nan 4.4782046211415513781 4.4575971288439539819 4.516329712505497973 4.5735278170397464237 4.7086984309863453291 4.79604850583012432 4.8121346080605587048 4.7850889434874224193 4.67297657926781973 4.6854804172053645672 4.7148963230681566472 4.7110473447510301526 4.7437206838994532276 4.7495844255623627106 4.8072131335081769166 5.0765153631756652075 7.742783751591909791 7.9972747798170136235 7.7989140714502722673 9.3414087071501636927 24.214794406498032941 28.414281475730167159 26.202276692766844235 24.501639517385786604 23.544288719796877984 251.48329841092947845 406.99892483486519268 490.86989145178728222 366.23244108258910501 103.95506376729494491 94.013568173285207763 103.88117466031272329 nan nan nan nan nan nan nan nan nan nan nan nan nan nan nan nan
nan nan nan nan nan nan nan nan nan nan nan nan nan nan nan nan nan nan 4.7115994080344512085 4.7319201935862729158 4.8029592239318477098 4.9032988551857998871 4.9419765886317925663 4.9210011156596626947 4.8214795536717325319 4.7312007621930760592 4.7167422407717864985 4.7911514987023720025 4.7647156818980285209 4.7557656373847496667 4.7995875048815195285 7.9090582814734888828 8.8762928289500706569 8.9705886623329078589 8.8935242386246731172 9.7674041592221989561 23.541212182554957622 31.765963486909935654 35.38004830687016522 29.074462991732644923 28.845773456014999425 331.8203467834860021 626.26228295822579639 nan 190.96588080325696524 30.637211133640128935 nan nan nan nan nan nan nan nan nan nan nan nan nan nan nan nan nan nan
nan nan nan nan nan nan nan nan nan nan nan nan nan nan nan nan nan nan 4.8532632704699940618 4.8955174180722691446 4.9157888582252571297 5.0002151662728904213 5.0559464087193122239 5.0270407084434465261 4.9565703228877584507 4.8473158051055280637 4.7792247109314498488 4.8220357398048632191 4.9229427540310997102 7.7993998274187941178 9.2665073242793489783 9.931542817860803396 10.292978360735105525 9.6869908083829443513 10.522436381519234772 11.102756205514465293 18.34114438833263705 31.397526117915727895 34.516272979974594648 66.123165362606158624 143.28513011016002565 195.40358787292805687 nan nan nan nan nan nan nan nan nan nan nan nan nan nan nan nan nan nan nan nan nan nan
nan nan nan nan nan nan nan nan nan nan nan nan nan nan nan nan nan nan 5.0592349988990159559 5.062800711568955947 5.0987013105316290051 5.1268394632410627665 5.1965253118223557749 5.1352466138168475496 5.0661972067603500136 4.9428684797016417818 4.8743648829223094054 8.0704630289026830781 11.545771197603263758 13.808420973479444527 14.926756850926214071 12.680269407074948873 11.83824933027484505 10.813700249435893141 12.287146346504909999 14.216515601358738152 22.550834856282431673 29.225243093543785022 34.563311450307850237 36.997587036765168023 40.202460739203111473 133.87545848313470742 nan nan nan nan nan nan nan nan nan nan nan nan nan nan nan nan nan nan nan nan nan nan
nan nan nan nan nan nan nan nan nan nan nan nan nan nan nan nan nan nan 5.3312551528884810637 5.310765283391781999 5.2710631674570569416 5.3541815447526373006 5.3110771572166122212 5.2030453995483743057 5.1464343499303613072 5.0338064047372528265 4.8933854837051748987 7.8717202866882090007 17.340040303200790817 27.555093151253778672 18.32149281812248276 13.180013345204796948 13.116835569720613819 15.654225953702924912 20.151791144239794562 22.935171634272432328 27.121087299322425679 29.446981056113102682 34.21490678054871637 37.826918444651496998 39.674743238302696113 389.51774496312327756 nan nan nan nan nan nan nan nan nan nan nan nan nan nan nan nan nan nan nan nan nan nan
nan nan nan nan nan nan nan nan nan nan nan nan nan nan nan nan nan nan nan 9.3829851827044290502 8.4326178895787133882 8.315225286997609544 7.8555080545215840715 5.2663207175139197247 5.2138421392105005481 5.0912711611580343529 4.945897630079794105 7.4749357482214540127 11.545303985578870609 90.899887181719734031 19.79838994527146312 16.398197315389463569 16.323007870756992332 52.729417201347821731 41.037305258733816515 29.516434548177009844 30.954862312546236325 31.154340659010138381 34.33672813921452871 38.979519853684450936 42.762254780641697494 nan nan nan nan nan nan nan nan nan nan nan nan nan nan nan nan nan nan nan nan nan nan nan
nan nan nan nan nan nan nan nan nan nan nan nan nan nan nan nan nan nan nan 9.4109628405528038542 8.953782060370793161 8.7914799985718925512 8.4280937044890720244 7.8819937397275756652 5.3035210616467622913 5.1524710342796407048 5.0782275122687572377 8.4417411980709022856 11.06523541803760935 194.44728913556764383 27.877963158888878326 20.877590439837291569 25.840817448536338219 238.02012557434971995 95.119429816338239903 34.738664417601221146 34.071124633346911992 33.688829925439229385 36.180206917327950578 48.127064580663599713 155.4287059403118576 nan nan nan nan nan nan nan nan nan nan nan nan nan nan nan nan nan nan nan nan nan nan nan
nan nan nan nan nan nan nan nan nan nan nan nan nan nan nan nan nan nan 10.380304829119191723 9.6869759364296577075 9.5217448301274245637 9.3255356671694382698 8.8932718929359388937 8.4479857674278004964 8.1251513075092294258 7.7302443012194625993 9.5426416972288166107 14.051385420602077403 20.701991216502044324 34.121518339616244475 226.65051358205201382 132.09546205096484073 264.28278139224897814 206.17024950684563578 84.379419744808046744 224.97095990365156126 105.01127796344124476 36.718826985329975798 39.35441320397654863 45.955942590740548326 nan nan nan nan nan nan nan nan nan nan nan nan nan nan nan nan nan nan nan nan nan nan nan nan
nan nan nan nan nan nan nan nan nan nan nan nan nan nan nan nan nan 12.920163000747114879 10.436194948935913374 10.185873659598733809 10.002588879479757722 9.805457978971908517 9.3355102266437501868 8.9447976274312352984 8.7133518783324515056 8.4092087807357636109 11.465484086414454268 14.88511532511400226 21.352942677494908708 25.829516714886405993 28.395619202605669074 36.456270350118956003 39.654402794242159302 61.89140745622095352 78.604894430677902051 273.35094876851701429 256.26668920702530841 112.82904324417079067 44.501492319080611537 nan nan nan nan nan nan nan nan nan nan nan nan nan nan nan nan nan nan nan nan nan nan nan nan nan
nan nan nan nan nan nan nan nan nan nan nan nan nan nan nan 25.217778880526509511 14.492360381716105522 12.46172313403075016 11.846056816463068628 11.729606400519958953 10.753583123872530791 10.410561294548120514 9.93844421229842645 9.5250322203522639342 9.4678475962666279742 9.1678553892303913386 12.894916898923073134 14.75364895987292968 19.754889369807081323 30.057584692224555312 34.404178661175592424 30.884911089794339745 30.876576977771133414 nan nan nan nan nan nan nan nan nan nan nan nan nan nan nan nan nan nan nan nan nan nan nan nan nan nan nan nan nan nan nan
nan nan nan nan nan nan nan nan nan nan nan nan nan nan 32.675710890916342066 22.492747252920370471 14.07369413933196256 12.92907486203658074 13.020461830923700575 12.898172830679534684 12.199950578927321487 11.303500148961752814 10.477626722673685222 10.258123372640412185 10.340430574487665893 10.058328673284433918 12.533186166902554604 22.184681789237600924 22.645148473958233382 24.640276432518554373 35.87081417113319759 nan nan nan nan nan nan nan nan nan nan nan nan nan nan nan nan nan nan nan nan nan nan nan nan nan nan nan nan nan nan nan nan nan
nan nan nan nan nan nan nan nan nan nan nan nan nan nan 32.356879329447927773 18.632192614761585503 16.053095283110522473 15.484554806654795556 14.518901877323749261 14.253270381907372055 13.251669148004843635 12.243994492514261196 10.612728189530754364 11.032569370977661549 12.105177543136301566 12.192778066975396456 12.724993665322127612 24.495747244625540873 22.997735744611425446 27.935643006028413993 nan nan nan nan nan nan nan nan nan nan nan nan nan nan nan nan nan nan nan nan nan nan nan nan nan nan nan nan nan nan nan nan nan nan
nan nan nan nan nan nan nan nan nan nan nan nan nan nan 29.491576155762995626 22.432172689038850422 22.689525355286246366 21.164991916373175229 18.144975245203305292 16.617693285825684057 15.422120235264184629 15.256717900134800558 14.979578150276431359 14.070975873879694618 12.894114192109444872 15.690865686331743944 16.853414866434565766 nan nan nan nan nan nan nan nan nan nan nan nan nan nan nan nan nan nan nan nan nan nan nan nan nan nan nan nan nan nan nan nan nan nan nan nan nan
nan nan nan nan nan nan nan nan nan nan nan nan nan nan nan 30.584477982209584468 32.559510032686674208 26.712903340761290139 23.006915252147404516 20.244922565675995685 18.809286767564401543 18.257059738212404909 21.430920238433401437 25.216729035473679943 18.92559116202237135 nan nan nan nan nan nan nan nan nan nan nan nan nan nan nan nan nan nan nan nan nan nan nan nan nan nan nan nan nan nan nan nan nan nan nan nan nan nan nan
nan nan nan nan nan nan nan nan nan nan nan nan nan nan nan nan nan 34.456706910812890499 34.112128933290669863 28.903310087081255375 29.979908200019302456 29.963365313347519958 nan nan nan nan nan nan nan nan nan nan nan nan nan nan nan nan nan nan nan nan nan nan nan nan nan nan nan nan nan nan nan nan nan nan nan nan nan nan nan nan nan nan
nan nan nan nan nan nan nan nan nan nan nan nan nan nan nan nan nan nan nan nan nan nan nan nan nan nan nan nan nan nan nan nan nan nan nan nan nan nan nan nan nan nan nan nan nan nan nan nan nan nan nan nan nan nan nan nan nan nan nan nan nan nan nan nan
nan nan nan nan nan nan nan nan nan nan nan nan nan nan nan nan nan nan nan nan nan nan nan nan nan nan nan nan nan nan nan nan nan nan nan nan nan nan nan nan nan nan nan nan nan nan nan nan nan nan nan nan nan nan nan nan nan nan nan nan nan nan nan nan
nan nan nan nan nan nan nan nan nan nan nan nan nan nan nan nan nan nan nan nan nan nan nan nan nan nan nan nan nan nan nan nan nan nan nan nan nan nan nan nan nan nan nan nan nan nan nan nan nan nan nan nan nan nan nan nan nan nan nan nan nan nan nan nan
nan nan nan nan nan nan nan nan nan nan nan nan nan nan nan nan nan nan nan nan nan nan nan nan nan nan nan nan nan nan nan nan nan nan nan nan nan nan nan nan nan nan nan nan nan nan nan nan nan nan nan nan nan nan nan nan nan nan nan nan nan nan nan nan
nan nan nan nan nan nan nan nan nan nan nan nan nan nan nan nan nan nan nan nan nan nan nan nan nan nan nan nan nan nan nan nan nan nan nan nan nan nan nan nan nan nan nan nan nan nan nan nan nan nan nan nan nan nan nan nan nan nan nan nan nan nan nan nan
nan nan nan nan nan nan nan nan nan nan nan nan nan nan nan nan nan nan nan nan nan nan nan nan nan nan nan nan nan nan nan nan nan nan nan nan nan nan nan nan nan nan nan nan nan nan nan nan nan nan nan nan nan nan nan nan nan nan nan nan nan nan nan nan
nan nan nan nan nan nan nan nan nan nan nan nan nan nan nan nan nan nan nan nan nan nan nan nan nan nan nan nan nan nan nan nan nan nan nan nan nan nan nan nan nan nan nan nan nan nan nan nan nan nan nan nan nan nan nan nan nan nan nan nan nan nan nan nan
nan nan nan nan nan nan nan nan nan nan nan nan nan nan nan nan nan nan nan nan nan nan nan nan nan nan nan nan nan nan nan nan nan nan nan nan nan nan nan nan nan nan nan nan nan nan nan nan nan nan nan nan nan nan nan nan nan nan nan nan nan nan nan nan
