results/rofental/swe_month_2019-12-01T0000_2019-12-31T2300.asc
ncols        322
nrows        225
xllcorner    622802.488000000012
yllcorner    5178049.378999999724
cellsize     100.000000000000
[rows 168 to 195 of 225, columns 63 to 125 of 322]
nan nan nan nan nan nan nan nan nan nan nan nan nan nan nan nan nan nan nan nan nan nan nan nan nan nan nan nan 359.01177307170149788 342.27021362074214039 331.95055741927421877 326.19347187904679686 340.68128474338482192 345.18187218080845469 332.5746983617888759 287.49604194462358464 285.44753939343053162 294.79759683854217656 297.31248390298350159 276.59600309470806678 267.68809848166290521 272.70370239206278029 274.69206216659279107 270.93597745254857045 261.65271498897197944 260.74603576807430727 263.41789456826347759 259.24568079364854611 249.63273075796072931 246.89727763722441978 245.40179080501559383 244.79427001905872885 246.66363897139788719 244.8567686807444943 241.12072904103644078 239.47146239733928041 238.01473546929639724 236.61786484743453229 241.00416433225200308 249.90909241400751739 254.38679915986068636 276.49230072864179419 294.68013157047380446
nan nan nan nan nan nan nan nan nan nan nan nan nan nan nan nan nan nan nan nan nan nan nan nan nan nan nan nan 366.73850586621892944 344.87832312830602177 304.5408546312990552 310.45065386728788326 320.74377076879699189 332.08815638927586633 337.63790619057573394 326.23007436570549089 296.09583405700857384 283.39305189103248495 289.29635792676970141 296.06612971250001465 288.21348285724371863 272.06822086927041937 268.39623321250587651 274.27890828639880283 268.94238139497406337 261.59955022210868947 258.76717592283119984 255.5275343440695508 251.76352442931752762 250.6479879182810464 250.87498932661057438 251.18500176342845975 249.74227393359271332 246.84763795096714034 247.04689621152417089 246.76280331900341025 250.87861477999433646 263.93565693575413889 274.32782750658134319 276.99088742434025789 274.35700576533366757 289.25812564872029498 303.32732897320937582
nan nan nan nan nan nan nan nan nan nan nan nan nan nan nan nan nan nan nan nan nan nan nan nan nan nan nan 303.36379665167032726 338.19032620176426462 315.43827761191471382 296.63639491347669264 298.58915585945044313 311.17238708275863246 323.07803956166935677 329.23553520615621437 329.49156504200198015 316.38035946186323599 295.34705067404127021 281.65857842069414119 297.50104968446015619 296.31721249566555798 275.03289144100136809 262.98414069849849284 272.27968208387949289 275.86474601567289255 273.15211348654327139 266.78519780153453667 262.22279717595688453 258.00674472779940061 254.641324040181388 252.94555700463158132 250.40578394651839744 249.25761519630268026 251.10195862911643871 255.58349291492513089 267.69845018688738492 280.42921437277158248 287.251914315793897 289.90762081728661315 292.25852779516725377 293.19394653863707845 304.71184481792698762 314.66649660169076697
nan nan nan nan nan nan nan nan nan nan nan nan nan nan nan nan nan nan nan nan nan nan nan nan nan nan nan 319.28546567085436436 309.27707571476281601 320.06033847317706886 317.12880781395398344 307.29477592612749959 309.30938124761360086 316.5473282575779308 330.09694888630093601 335.00610861408711116 330.98651793914092423 318.04004367011833665 306.01537420653721711 301.36170583405186107 300.38309020658675763 280.37589326477950635 271.18452651997137082 274.45739147734275321 282.48786482259640707 284.46124769649532027 279.40012975008943386 274.04864628648613234 270.24433609307749293 266.70755790566391852 263.38751431473713183 257.48185694432766013 265.49996073736861035 280.23744258634343396 290.64549460927867131 293.34770867827916163 296.92314468132593674 297.98210989390719305 300.05829290627804085 301.66536525093118826 306.6961231988345844 308.92349668594937384 nan
nan nan nan nan nan nan nan nan nan nan nan nan nan nan nan nan nan nan nan nan nan nan nan nan nan nan nan nan 351.02085792218508686 331.40920726215654213 333.97744067561950487 327.98660740588286444 318.38426259483031799 310.9400654937460331 319.01028259266803389 327.10361573114727207 329.64228433989597988 330.54663124330215851 322.39946782506768841 309.90087353764107547 314.48831661193281661 303.25107178095061045 286.30562987344978865 281.58557256370869482 283.8848133692454212 282.64551222878890258 273.84049240570715256 272.37400259076878228 277.26182248161228472 282.32816583887489514 295.10478718144389632 301.29032606663878369 305.26987647153907801 305.76829823254735174 306.02392316733494226 305.86739377330206935 308.06230684989952806 307.48835335106872435 307.51980448652767564 307.2313139901631871 317.62792331946832292 300.89684047602003147 nan
nan nan nan nan nan nan nan nan nan nan nan nan nan nan nan nan nan nan nan nan nan nan nan nan nan nan nan nan nan 353.50810211885732315 345.8057698229662833 338.64017320505416819 330.85370488943561895 322.79389973230462374 311.52331710454546965 313.10808047947887189 316.90697747640058424 319.44553701018980973 309.65621832654898071 298.54325989102676431 305.7568631463359452 298.64720848930022612 295.44768613382626654 291.33214986467629615 289.53417824076996112 285.87813567784570523 285.11383623331084891 293.60811714133831174 302.3285141301718113 306.82326205560070775 312.60325929743663664 311.70809294550696222 307.96460149543713669 310.13551131102417457 312.46131457901537942 313.00807813952155811 313.92041000514745974 313.47375776723652052 316.99314062925566304 319.97405798055166315 303.46115018912973937 nan nan
nan nan nan nan nan nan nan nan nan nan nan nan nan nan nan nan nan nan nan nan nan nan nan nan nan nan nan nan nan nan 359.12300644751610434 351.97187911135080185 344.61523352250725338 338.6756725877065719 330.40257562168562799 315.15422360578224925 313.7760283396852401 313.90631084672804718 313.64195112074060035 317.56044080247284001 320.94306821236892802 321.87355847982593104 322.29212776237898197 320.36993337148356886 315.26166464898426511 315.8392456672430626 317.37816984702482159 317.09828873070767941 315.77002852066584637 312.90948499729387322 310.83953152883049142 312.28922929469831615 314.55570504058374581 318.18699447720467788 320.06074984533864836 322.13798044524122588 323.95178629836584605 325.81290965445407437 nan nan nan nan nan
nan nan nan nan nan nan nan nan nan nan nan nan nan nan nan nan nan nan nan nan nan nan nan nan nan nan nan nan nan nan nan nan nan nan nan 325.89002744787967458 324.99714272117006431 325.6443203382512479 329.33599601312295135 333.35105503228624002 334.80887437809411722 336.05861455679445271 337.12800483439315258 333.66115631157481403 327.97049719619724328 323.77189911624395791 317.80974791250304179 312.02063543728837658 312.51343534914445854 310.05839251566442272 314.38132153880872011 318.46628204929930916 324.61461862637798959 nan nan nan nan nan nan nan nan nan nan
nan nan nan nan nan nan nan nan nan nan nan nan nan nan nan nan nan nan nan nan nan nan nan nan nan nan nan nan nan nan nan nan nan nan nan nan nan nan nan nan nan nan nan nan nan nan 306.71932622195504337 309.76210890819697852 313.51762191200640473 316.58077364739949644 321.18615620704650837 326.30756721102000029 319.5124950641524606 nan nan nan nan nan nan nan nan nan nan
nan nan nan nan nan nan nan nan nan nan nan nan nan nan nan nan nan nan nan nan nan nan nan nan nan nan nan nan nan nan nan nan nan nan nan nan nan nan nan nan nan nan nan nan nan nan nan 312.70464653244874853 322.02610016587374275 318.55562896736245193 319.64131804782022073 nan nan nan nan nan nan nan nan nan nan nan nan
nan nan nan nan nan nan nan nan nan nan nan nan nan nan nan nan nan nan nan nan nan nan nan nan nan nan nan nan nan nan nan nan nan nan nan nan nan nan nan nan nan nan nan nan nan nan nan nan nan nan nan nan nan nan nan nan nan nan nan nan nan nan nan
nan nan nan nan nan nan nan nan nan nan nan nan nan nan nan nan nan nan nan nan nan nan nan nan nan nan nan nan nan nan nan nan nan nan nan nan nan nan nan nan nan nan nan nan nan nan nan nan nan nan nan nan nan nan nan nan nan nan nan nan nan nan nan
nan nan nan nan nan nan nan nan nan nan nan nan nan nan nan nan nan nan nan nan nan nan nan nan nan nan nan nan nan nan nan nan nan nan nan nan nan nan nan nan nan nan nan nan nan nan nan nan nan nan nan nan nan nan nan nan nan nan nan nan nan nan nan
nan nan nan nan nan nan nan nan nan nan nan nan nan nan nan nan nan nan nan nan nan nan nan nan nan nan nan nan nan nan nan nan nan nan nan nan nan nan nan nan nan nan nan nan nan nan nan nan nan nan nan nan nan nan nan nan nan nan nan nan nan nan nan
nan nan nan nan nan nan nan nan nan nan nan nan nan nan nan nan nan nan nan nan nan nan nan nan nan nan nan nan nan nan nan nan nan nan nan nan nan nan nan nan nan nan nan nan nan nan nan nan nan nan nan nan nan nan nan nan nan nan nan nan nan nan nan
nan nan nan nan nan nan nan nan nan nan nan nan nan nan nan nan nan nan nan nan nan nan nan nan nan nan nan nan nan nan nan nan nan nan nan nan nan nan nan nan nan nan nan nan nan nan nan nan nan nan nan nan nan nan nan nan nan nan nan nan nan nan nan
nan nan nan nan nan nan nan nan nan nan nan nan nan nan nan nan nan nan nan nan nan nan nan nan nan nan nan nan nan nan nan nan nan nan nan nan nan nan nan nan nan nan nan nan nan nan nan nan nan nan nan nan nan nan nan nan nan nan nan nan nan nan nan
nan nan nan nan nan nan nan nan nan nan nan nan nan nan nan nan nan nan nan nan nan nan nan nan nan nan nan nan nan nan nan nan nan nan nan nan nan nan nan nan nan nan nan nan nan nan nan nan nan nan nan nan nan nan nan nan nan nan nan nan nan nan nan
nan nan nan nan nan nan nan nan nan nan nan nan nan nan nan nan nan nan nan nan nan nan nan nan nan nan nan nan nan nan nan nan nan nan nan nan nan nan nan nan nan nan nan nan nan nan nan nan nan nan nan nan nan nan nan nan nan nan nan nan nan nan nan
nan nan nan nan nan nan nan nan nan nan nan nan nan nan nan nan nan nan nan nan nan nan nan nan nan nan nan nan nan nan nan nan nan nan nan nan nan nan nan nan nan nan nan nan nan nan nan nan nan nan nan nan nan nan nan nan nan nan nan nan nan nan nan
nan nan nan nan nan nan nan nan nan nan nan nan nan nan nan nan nan nan nan nan nan nan nan nan nan nan nan nan nan nan nan nan nan nan nan nan nan nan nan nan nan nan nan nan nan nan nan nan nan nan nan nan nan nan nan nan nan nan nan nan nan nan nan
nan nan nan nan nan nan nan nan nan nan nan nan nan nan nan nan nan nan nan nan nan nan nan nan nan nan nan nan nan nan nan nan nan nan nan nan nan nan nan nan nan nan nan nan nan nan nan nan nan nan nan nan nan nan nan nan nan nan nan nan nan nan nan
nan nan nan nan nan nan nan nan nan nan nan nan nan nan nan nan nan nan nan nan nan nan nan nan nan nan nan nan nan nan nan nan nan nan nan nan nan nan nan nan nan nan nan nan nan nan nan nan nan nan nan nan nan nan nan nan nan nan nan nan nan nan nan
nan nan nan nan nan nan nan nan nan nan nan nan nan nan nan nan nan nan nan nan nan nan nan nan nan nan nan nan nan nan nan nan nan nan nan nan nan nan nan nan nan nan nan nan nan nan nan nan nan nan nan nan nan nan nan nan nan nan nan nan nan nan nan
nan nan nan nan nan nan nan nan nan nan nan nan nan nan nan nan nan nan nan nan nan nan nan nan nan nan nan nan nan nan nan nan nan nan nan nan nan nan nan nan nan nan nan nan nan nan nan nan nan nan nan nan nan nan nan nan nan nan nan nan nan nan nan
nan nan nan nan nan nan nan nan nan nan nan nan nan nan nan nan nan nan nan nan nan nan nan nan nan nan nan nan nan nan nan nan nan nan nan nan nan nan nan nan nan nan nan nan nan nan nan nan nan nan nan nan nan nan nan nan nan nan nan nan nan nan nan
nan nan nan nan nan nan nan nan nan nan nan nan nan nan nan nan nan nan nan nan nan nan nan nan nan nan nan nan nan nan nan nan nan nan nan nan nan nan nan nan nan nan nan nan nan nan nan nan nan nan nan nan nan nan nan nan nan nan nan nan nan nan nan
nan nan nan nan nan nan nan nan nan nan nan nan nan nan nan nan nan nan nan nan nan nan nan nan nan nan nan nan nan nan nan nan nan nan nan nan nan nan nan nan nan nan nan nan nan nan nan nan nan nan nan nan nan nan nan nan nan nan nan nan nan nan nan
