results/rofental/swe_month_2020-07-01T0000_2020-07-31T2300.asc
ncols        322
nrows        225
xllcorner    622802.488000000012
yllcorner    5178049.378999999724
cellsize     100.000000000000
[rows 180 to 209 of 225, columns 138 to 206 of 322]
nan nan nan nan nan nan 0 0 0 0 0 0 0 0 0 0 0 0 0 0 0 0 0.00040953083699655303028 0.0010635954762181197043 0.0018284855669647118604 0.005547974886369233874 39.74269712890790629 95.098856664583266252 76.011811262633045772 62.900973397869933024 90.031390417529522097 371.44056335444599881 489.17495116834794544 551.02547488017626165 448.05176656992153994 231.35615757934252201 229.3020719513473864 237.13372168478105095 nan nan nan nan nan nan nan nan nan nan nan nan nan nan nan nan nan nan nan nan nan nan nan nan nan nan nan nan nan nan nan
nan nan nan nan nan nan nan nan 0 0 0 0 0 0 0 0 0 0 0 0 0 0.00034678342543767166732 0.0028636521020667660142 0.0033760790778909655248 0.0033840822969465373 0.0071160635712456225821 21.669140968292698091 172.45851914948022454 198.61330643965777654 146.9864553812165866 108.23422493184681059 422.11559343065869143 640.48509456877570756 nan 297.01714913042667376 125.67328811321067406 nan nan nan nan nan nan nan nan nan nan nan nan nan nan nan nan nan nan nan nan nan nan nan nan nan nan nan nan nan nan nan nan nan
nan nan nan nan nan nan nan nan 0 0 0 0 0 0 0 0 0 0 0 13.502553430300812565 25.605575152196951905 5.1411611612251499892 0.08930527782883283805 0.0040484719503113735309 0.0069481515398309556114 0.0095235121135599665881 0.022081507721377367781 79.080362654529011479 191.10324350837564111 220.70380204528890999 276.43434594807064286 290.2737402615949236 nan nan nan nan nan nan nan nan nan nan nan nan nan nan nan nan nan nan nan nan nan nan nan nan nan nan nan nan nan nan nan nan nan nan nan nan nan
nan nan nan nan nan nan nan nan 0 0 0 0 0 0 0 0 0 11.46918913051210609 104.47715579368433225 109.75152106000238916 67.425376664944081995 13.628839673494658413 6.8816709042713775091 0.039500368850005823651 2.0647308149366718766 1.6254146079318636531 4.3536742246199446882 34.29818409060541029 96.896865207814499854 124.94955406252029206 114.17104322095964619 227.98997594414549894 nan nan nan nan nan nan nan nan nan nan nan nan nan nan nan nan nan nan nan nan nan nan nan nan nan nan nan nan nan nan nan nan nan nan nan nan nan
nan nan nan nan nan nan nan nan 0 0 0 0 0 0 0 0 0 0 61.134715949275538094 162.13299640990572925 27.038615501213051573 2.8069293627994076346 22.208344805766202512 53.570198318766315992 70.73239072582769893 42.053861065296288757 34.880390724996310325 41.562240442470780977 64.509462879651223943 78.578106423230977384 94.125207043291624132 447.62174835338674939 nan nan nan nan nan nan nan nan nan nan nan nan nan nan nan nan nan nan nan nan nan nan nan nan nan nan nan nan nan nan nan nan nan nan nan nan nan
nan nan nan nan nan nan nan nan nan 0.0020873915545714196752 0 0 0 0 0 0 0 0 0.0049329875591620402434 229.59573902753896846 34.165758679279605303 23.38559126312884473 45.434738158472939062 210.99502755730034664 205.54697050435134997 123.38079101711400654 88.351792818916678129 57.00297124379459035 68.525415673171352182 112.74334669142287169 76.716738930916022809 nan nan nan nan nan nan nan nan nan nan nan nan nan nan nan nan nan nan nan nan nan nan nan nan nan nan nan nan nan nan nan nan nan nan nan nan nan nan
nan nan nan nan nan nan nan nan nan 0 0 0 0 0 0 0 0 0.00030264104831120912332 0.0059028614991706047227 311.96899775962555168 113.26082579803313877 64.737039261293816139 84.746752336062158406 352.09451692159342429 238.62616046577718976 169.92579147707022003 137.10797145783274686 95.093864814107334382 108.11189491535968443 196.04199803122517665 257.12316989376574838 nan nan nan nan nan nan nan nan nan nan nan nan nan nan nan nan nan nan nan nan nan nan nan nan nan nan nan nan nan nan nan nan nan nan nan nan nan nan
nan nan nan nan nan nan nan nan 0 0 0 0 0 0 0 0 2.551888488664908472 23.732166641000002727 1.4983063583703903898 81.802563445116717844 339.96948067029700269 270.96999732604484734 362.65577207049398112 311.97255262293020905 226.76154147435727282 334.12513263835842281 244.18733063901677838 140.60891820106073169 155.66989621286410284 175.41719980403658496 nan nan nan nan nan nan nan nan nan nan nan nan nan nan nan nan nan nan nan nan nan nan nan nan nan nan nan nan nan nan nan nan nan nan nan nan nan nan nan
nan nan nan nan nan nan nan 6.5609649423370789207e-06 0 0 0 0 0 0 0 0 0.0015089464383544401449 0.0045066279760813780786 0.010011658875620188872 0.022373334927712401621 0.036556226770778653401 34.775581675779058344 35.925959049131868994 190.84748119820210377 208.87534223707805836 366.23084547566048741 354.51525629022722796 239.38451017837988388 162.96452029776980908 nan nan nan nan nan nan nan nan nan nan nan nan nan nan nan nan nan nan nan nan nan nan nan nan nan nan nan nan nan nan nan nan nan nan nan nan nan nan nan nan
nan nan nan nan nan 9.6937127316043483205 0.0002701374577664132008 5.0864039196464289102e-06 4.321217234757623395e-06 4.3200057461658622029e-06 3.3748255095993079574e-06 4.4325646654746117932e-06 3.8919928359161225849e-06 2.741288019005444058e-06 4.8536405634774998632e-06 3.3955003511938802914e-05 0.0025162927321361414773 0.0042111380032438631982 0.01017444862685148825 29.335482105476639703 23.831673711523201575 0.048017478052892782758 0.050185850417125962841 nan nan nan nan nan nan nan nan nan nan nan nan nan nan nan nan nan nan nan nan nan nan nan nan nan nan nan nan nan nan nan nan nan nan nan nan nan nan nan nan nan nan nan nan nan nan
nan nan nan nan 16.089894918038652349 0.0097368070506311001078 0.00033818759991608186508 3.3510355019596107693e-05 8.9720733594791170521e-05 0.00019043146568487208641 7.5877394256651108269e-05 6.3524752805538267576e-05 6.9251523441990494819e-05 0.00014235791215007817241 0.00035766215081787833307 0.0004646360878715182093 0.0028534597304955243435 8.6945867099481670692 0.01342308550673012614 0.018169898831884724599 69.868336653162799621 nan nan nan nan nan nan nan nan nan nan nan nan nan nan nan nan nan nan nan nan nan nan nan nan nan nan nan nan nan nan nan nan nan nan nan nan nan nan nan nan nan nan nan nan nan nan nan nan
nan nan nan nan 10.941376977322308406 0.0056651962349746004879 0.0016343956802387926697 0.0011221992872032483194 0.0006658318097136691361 0.0008769402586218410546 0.00066253878430028222222 0.00037636947363508778874 0.00023642857140006103586 0.00044959740167440888836 0.0011955676658044667084 0.0016750783040550844792 0.0030479900148428751804 1.6959752262360112685 0.017667503329316068539 0.026470868030534215609 nan nan nan nan nan nan nan nan nan nan nan nan nan nan nan nan nan nan nan nan nan nan nan nan nan nan nan nan nan nan nan nan nan nan nan nan nan nan nan nan nan nan nan nan nan nan nan nan nan
nan nan nan nan 6.7409033957236124124 2.0163945951005270985 12.564667886764425475 7.034150425146875385 0.02612766465372485386 0.0028447892950417968949 0.45239541927492749052 9.4823109179295030913 8.9805090352567020773 1.7935654176120727765 0.0031920855400973304622 0.96198374468981096008 0.004182248277118701639 nan nan nan nan nan nan nan nan nan nan nan nan nan nan nan nan nan nan nan nan nan nan nan nan nan nan nan nan nan nan nan nan nan nan nan nan nan nan nan nan nan nan nan nan nan nan nan nan nan nan nan nan
nan nan nan nan nan 48.133414057049513701 76.842076261643228463 39.233330013124032121 13.075374763253970301 4.8738154663784456488 3.8738571732986954999 6.6306484898279620666 43.78060132123543724 87.134345421811246979 9.7534862878829695632 nan nan nan nan nan nan nan nan nan nan nan nan nan nan nan nan nan nan nan nan nan nan nan nan nan nan nan nan nan nan nan nan nan nan nan nan nan nan nan nan nan nan nan nan nan nan nan nan nan nan nan nan nan nan
nan nan nan nan nan nan nan 105.16520805486051415 136.74827405354272969 72.792665122896792695 96.126600207407392418 73.117109220262264557 nan nan nan nan nan nan nan nan nan nan nan nan nan nan nan nan nan nan nan nan nan nan nan nan nan nan nan nan nan nan nan nan nan nan nan nan nan nan nan nan nan nan nan nan nan nan nan nan nan nan nan nan nan nan nan nan nan
nan nan nan nan nan nan nan nan nan nan nan nan nan nan nan nan nan nan nan nan nan nan nan nan nan nan nan nan nan nan nan nan nan nan nan nan nan nan nan nan nan nan nan nan nan nan nan nan nan nan nan nan nan nan nan nan nan nan nan nan nan nan nan nan nan nan nan nan nan
nan nan nan nan nan nan nan nan nan nan nan nan nan nan nan nan nan nan nan nan nan nan nan nan nan nan nan nan nan nan nan nan nan nan nan nan nan nan nan nan nan nan nan nan nan nan nan nan nan nan nan nan nan nan nan nan nan nan nan nan nan nan nan nan nan nan nan nan nan
nan nan nan nan nan nan nan nan nan nan nan nan nan nan nan nan nan nan nan nan nan nan nan nan nan nan nan nan nan nan nan nan nan nan nan nan nan nan nan nan nan nan nan nan nan nan nan nan nan nan nan nan nan nan nan nan nan nan nan nan nan nan nan nan nan nan nan nan nan
nan nan nan nan nan nan nan nan nan nan nan nan nan nan nan nan nan nan nan nan nan nan nan nan nan nan nan nan nan nan nan nan nan nan nan nan nan nan nan nan nan nan nan nan nan nan nan nan nan nan nan nan nan nan nan nan nan nan nan nan nan nan nan nan nan nan nan nan nan
nan nan nan nan nan nan nan nan nan nan nan nan nan nan nan nan nan nan nan nan nan nan nan nan nan nan nan nan nan nan nan nan nan nan nan nan nan nan nan nan nan nan nan nan nan nan nan nan nan nan nan nan nan nan nan nan nan nan nan nan nan nan nan nan nan nan nan nan nan
nan nan nan nan nan nan nan nan nan nan nan nan nan nan nan nan nan nan nan nan nan nan nan nan nan nan nan nan nan nan nan nan nan nan nan nan nan nan nan nan nan nan nan nan nan nan nan nan nan nan nan nan nan nan nan nan nan nan nan nan nan nan nan nan nan nan nan nan nan
nan nan nan nan nan nan nan nan nan nan nan nan nan nan nan nan nan nan nan nan nan nan nan nan nan nan nan nan nan nan nan nan nan nan nan nan nan nan nan nan nan nan nan nan nan nan nan nan nan nan nan nan nan nan nan nan nan nan nan nan nan nan nan nan nan nan nan nan nan
nan nan nan nan nan nan nan nan nan nan nan nan nan nan nan nan nan nan nan nan nan nan nan nan nan nan nan nan nan nan nan nan nan nan nan nan nan nan nan nan nan nan nan nan nan nan nan nan nan nan nan nan nan nan nan nan nan nan nan nan nan nan nan nan nan nan nan nan nan
nan nan nan nan nan nan nan nan nan nan nan nan nan nan nan nan nan nan nan nan nan nan nan nan nan nan nan nan nan nan nan nan nan nan nan nan nan nan nan nan nan nan nan nan nan nan nan nan nan nan nan nan nan nan nan nan nan nan nan nan nan nan nan nan nan nan nan nan nan
nan nan nan nan nan nan nan nan nan nan nan nan nan nan nan nan nan nan nan nan nan nan nan nan nan nan nan nan nan nan nan nan nan nan nan nan nan nan nan nan nan nan nan nan nan nan nan nan nan nan nan nan nan nan nan nan nan nan nan nan nan nan nan nan nan nan nan nan nan
nan nan nan nan nan nan nan nan nan nan nan nan nan nan nan nan nan nan nan nan nan nan nan nan nan nan nan nan nan nan nan nan nan nan nan nan nan nan nan nan nan nan nan nan nan nan nan nan nan nan nan nan nan nan nan nan nan nan nan nan nan nan nan nan nan nan nan nan nan
nan nan nan nan nan nan nan nan nan nan nan nan nan nan nan nan nan nan nan nan nan nan nan nan nan nan nan nan nan nan nan nan nan nan nan nan nan nan nan nan nan nan nan nan nan nan nan nan nan nan nan nan nan nan nan nan nan nan nan nan nan nan nan nan nan nan nan nan nan
nan nan nan nan nan nan nan nan nan nan nan nan nan nan nan nan nan nan nan nan nan nan nan nan nan nan nan nan nan nan nan nan nan nan nan nan nan nan nan nan nan nan nan nan nan nan nan nan nan nan nan nan nan nan nan nan nan nan nan nan nan nan nan nan nan nan nan nan nan
nan nan nan nan nan nan nan nan nan nan nan nan nan nan nan nan nan nan nan nan nan nan nan nan nan nan nan nan nan nan nan nan nan nan nan nan nan nan nan nan nan nan nan nan nan nan nan nan nan nan nan nan nan nan nan nan nan nan nan nan nan nan nan nan nan nan nan nan nan
nan nan nan nan nan nan nan nan nan nan nan nan nan nan nan nan nan nan nan nan nan nan nan nan nan nan nan nan nan nan nan nan nan nan nan nan nan nan nan nan nan nan nan nan nan nan nan nan nan nan nan nan nan nan nan nan nan nan nan nan nan nan nan nan nan nan nan nan nan
