results/rofental/swe_dates_2020-06-02T1200.asc
ncols        322
nrows        225
xllcorner    622802.488000000012
yllcorner    5178049.378999999724
cellsize     100.000000000000
[rows 160 to 191 of 225, columns 146 to 218 of 322]
308.18498703077142409 295.57284157371623223 329.45504805403510318 328.76954163955508648 320.80620315934129394 286.50935837647773496 320.73767354684821385 266.25681603789132623 114.00964468900212978 37.009653950714373138 0 0 0 0 0 0 0 0 0 0 35.841306650010402279 162.17291598907132766 169.46104053595098549 199.61931146921938307 263.92883062848227382 297.5102387132963031 228.63756252448115447 163.28643117604855206 153.38339978212337655 175.84723039099174002 114.18705742638474021 56.8849617094655855 61.401647639679310942 252.7697293783505188 440.30862008200040236 499.09493606484323891 530.43712305067026591 554.7715460524611899 555.20491399959212231 493.39366409306927608 nan nan nan nan nan nan nan nan nan nan nan nan nan nan nan nan nan nan nan nan nan nan nan nan nan nan nan nan nan nan nan nan nan
487.12428095295973662 344.40949634352250541 369.03736432105057474 304.44483137555619123 256.23260814690530651 248.57584084749709064 299.09828145790646658 181.34756453836888568 55.279322494360251028 13.25783074888376234 0 0 0 0 0 0 0 0 0 0 0 55.946568401588862685 150.0403057842480905 213.04424448132874659 265.4804167756675497 280.83570444005010813 275.51014078419296993 251.02541615638509143 203.22129356194767524 215.70194899146918033 234.15698700363705598 169.52348835145215844 75.461973631166074483 41.649042218212066757 126.61306257600742242 193.36957244139736645 370.09724340818956989 607.57419695609678456 646.45809212833296442 nan nan nan nan nan nan nan nan nan nan nan nan nan nan nan nan nan nan nan nan nan nan nan nan nan nan nan nan nan nan nan nan nan nan
407.51726822536176087 358.28876215900373836 336.9201709871812227 368.60188208884403593 344.75944516921083505 311.78369794631169043 322.74647486847879918 171.04947433282285374 77.641524548559374352 0 0 0 0 0 0 0.73392002033572623088 0 0 0 46.789136425497368066 81.444512100900325891 84.117061072033607161 151.03558650622133541 230.34057455125321212 307.07571379158036962 305.65863237026485422 281.84052190377155966 258.47135475182972186 219.71387957323349838 210.05938987187798261 255.20222346649885026 291.85469476855513449 280.54264364448624747 214.27423199445988189 214.04063261352874292 209.64721143167753326 188.80992668109223587 205.63485033058907447 289.01882383331030724 583.62054681044969584 nan nan nan nan nan nan nan nan nan nan nan nan nan nan nan nan nan nan nan nan nan nan nan nan nan nan nan nan nan nan nan nan nan
249.88524432972693035 265.13288124478583541 287.90523515170207247 316.01833108987852938 311.13548822023903995 260.81583869570806655 230.57862223553513559 107.59849259419138434 20.762055302686949432 0 0 0 0 0 0 28.281664391316990503 38.732152584569867315 17.198900607667003015 49.804804058551717105 105.33183997431461876 168.48867214208092946 143.89914579491983204 126.61005773119077844 196.61277057382176281 257.1212925876741906 260.55050394856266394 278.12681798404122446 280.65711247763624669 241.23751731744459903 197.211298420423077 214.22288981671721331 265.92213211798321026 330.07813059141960821 332.8868518432162773 313.05798414356661397 292.4767604703147299 296.33360379235159598 347.55432366198886029 360.30635649485969907 nan nan nan nan nan nan nan nan nan nan nan nan nan nan nan nan nan nan nan nan nan nan nan nan nan nan nan nan nan nan nan nan nan nan
239.55910332567947307 210.55541492683886418 212.26759129909140711 218.40989478438206106 231.51976500598422604 214.96362948842914875 127.14255235943033995 72.060205009912252194 0 0 0 0 0 0 0 41.450793631785977311 162.58766069603217375 106.88518499799778283 139.34139307172696931 167.09354454147390356 206.94468518880955799 173.18948147137444948 95.43458223127254314 146.5166128610595706 271.19964570939043824 301.21928039597139559 308.3395647099205803 310.96574884682883066 295.67821153481605734 213.10012598982046939 188.03682501589491949 227.05558249197463283 332.1339495749760431 362.9098702495993507 349.65222338570009697 328.34201381238625572 336.48336565350996352 410.42518108157048573 479.33599190181371341 nan nan nan nan nan nan nan nan nan nan nan nan nan nan nan nan nan nan nan nan nan nan nan nan nan nan nan nan nan nan nan nan nan nan
264.22259495162870735 188.82168782811959318 137.44457257627635727 145.47024946472726015 147.86387987332454941 145.57392747754531115 83.218344895237464698 8.4900814137783839897 0 0 0 0 0 0 0 0 115.06736858562101133 228.19458112915708625 162.02127854454977296 146.83818622197151171 138.58010673753810238 202.54913575596128794 197.55022791693772888 230.45385793321574397 271.0617288343371456 281.79452113672522273 294.34791633447611048 299.52328633288465198 304.55904862671377487 289.76086153159963033 261.74498968803101207 287.80556159862578625 343.14915532599076187 367.18599387063807171 372.2522839348610546 355.8761488845739791 359.93531517270571385 341.2265976265171048 nan nan nan nan nan nan nan nan nan nan nan nan nan nan nan nan nan nan nan nan nan nan nan nan nan nan nan nan nan nan nan nan nan nan nan
318.45253083940906436 279.2875286261522092 248.13820205431480304 192.14556282109072072 71.601632317416715523 8.0756307728589611372 0 0 0 0 0 0 0 0 3.8926785445646294725 59.934273624224424282 112.81310099033842675 168.72813771299283303 226.96814899836678592 179.45932122662810571 150.09687730934899719 173.56853545301063946 242.76901051775516294 267.81130238092703166 240.27060922397868126 283.22756814674590942 344.62175642709627255 347.16120149038260934 344.82770736272641443 327.2448016092864691 282.02256320490039343 334.31212099400818261 444.53883513215123457 410.34667531444421229 430.29664923986871372 448.93046485837624004 363.70999236221467754 nan nan nan nan nan nan nan nan nan nan nan nan nan nan nan nan nan nan nan nan nan nan nan nan nan nan nan nan nan nan nan nan nan nan nan nan
275.32804083857274691 275.77554258000179743 292.40488353754665241 259.07870088621683635 173.65949032556414977 0 0 0 0 0 0 0 0 0 100.17262052282961804 225.20423136316236423 242.77586979710463311 200.94496255238027516 187.70594254477327922 149.76692339973715207 137.2574490621749419 206.43945032178811516 311.88236657841781607 329.53271135810996384 289.40266671786480401 343.94958686990469232 386.96531489308085838 379.85334474959074669 362.6879840795754717 337.74127211714505847 272.5677928896147364 310.72420889227947782 552.93469475281494852 642.85599338983672624 644.81748371814899201 nan nan nan nan nan nan nan nan nan nan nan nan nan nan nan nan nan nan nan nan nan nan nan nan nan nan nan nan nan nan nan nan nan nan nan nan nan nan
217.67137716063979269 167.09307211225640799 202.01890960149228249 75.955984776666767289 16.338370735198072481 0 0 0 10.044881595834143084 21.166104978691535621 12.623877971115387453 0 0 32.076750620308907003 195.42861709493089961 165.37628927609455332 191.1616636588200322 151.17064738386309841 92.028270837206548549 133.72404511922738379 302.54471043958051268 370.29370851243470497 355.01007558753178728 355.30550258637379102 340.03567253075124199 341.69400075562782604 376.96084334435693108 373.35779717647233156 351.01639880615169886 335.70998251024809633 285.38666652147361447 270.69549742573235562 432.86691079760885259 656.00331898858428303 nan nan nan nan nan nan nan nan nan nan nan nan nan nan nan nan nan nan nan nan nan nan nan nan nan nan nan nan nan nan nan nan nan nan nan nan nan nan nan
182.34328892071053474 116.69110764248964074 85.426113407663478938 0 0 0 0 0 0 11.974176741977181848 15.216742551937789685 0 7.9882661315760676857 0 0 72.541384650590032379 133.22512705007551403 190.11478479803662367 194.05691547936984875 238.90428176562409135 315.6522141899528151 351.98544828130002315 357.67323606623978094 347.04769455996836314 320.58065185468564096 326.1440319008587494 357.12298636895707205 374.54772619004972967 365.18633019656260785 375.63799695918783073 329.21121847670019633 287.01059174314900702 287.67063136006515833 501.55195427290243515 nan nan nan nan nan nan nan nan nan nan nan nan nan nan nan nan nan nan nan nan nan nan nan nan nan nan nan nan nan nan nan nan nan nan nan nan nan nan nan
0 0 0 0 0 0 0 0 0 12.110306146161036622 25.45722285450565181 6.5845971205214146593 29.277421170441940035 12.315177573400799105 20.867263807547548282 115.99353035645474108 197.09203479208252929 259.73283729850356849 279.65980613881288264 324.1362672655054098 361.6426704420147189 371.87780176823127931 346.52290690907841508 331.23337356215552063 366.06231240389541881 403.34099776673423321 395.63043377292143532 380.42795585691459337 352.39884406883641077 372.19259151094411209 326.1537085115978698 310.25951459826637802 381.0126389204986026 562.97836905865358403 nan nan nan nan nan nan nan nan nan nan nan nan nan nan nan nan nan nan nan nan nan nan nan nan nan nan nan nan nan nan nan nan nan nan nan nan nan nan nan
0 0 0 0 0 0 0 0 0 12.3349092977622945 36.324841893228239087 24.966209154604122489 90.387450691360669452 100.35482020590826835 97.627469690226604371 145.91362815285435772 198.63961930289028146 340.08353778540481471 378.34607829468956197 397.12171819930154015 388.94601265164408233 368.93919261681656963 368.29563876335186023 406.90965792610467133 424.16885686510198639 404.85767237716447653 402.05469121992996406 385.19147501711978521 335.56316865759026769 334.10363418003601055 331.33264273622535256 208.34989716660686554 115.0787829689804056 151.14953675216295892 564.31714290625518515 nan nan nan nan nan nan nan nan nan nan nan nan nan nan nan nan nan nan nan nan nan nan nan nan nan nan nan nan nan nan nan nan nan nan nan nan nan nan
0 0 0 0 0 0 0 0 0 26.04013383337299814 61.227249385521112401 30.628033730113823907 117.36038182566831267 169.6729583355441946 133.16099681173977842 128.47075450541868236 249.67224587719934448 333.8914572843053179 386.58370945124977425 420.21152120257170282 412.0184473225760371 411.24624431823536952 444.00296067273995959 420.44208619633718627 389.67989514096029779 380.78415823706416177 392.77061252731027707 402.79330069478953646 393.69438545866410095 363.39111361037032566 337.68965073587872894 311.60870268279660422 273.55287688164651172 320.45900568651052254 614.24762003833177459 nan nan nan nan nan nan nan nan nan nan nan nan nan nan nan nan nan nan nan nan nan nan nan nan nan nan nan nan nan nan nan nan nan nan nan nan nan nan
0 0 0 0 0 0 0 0 0 0 101.10873714492151976 91.919894258802401055 95.984806832158170664 120.0184969581693224 173.40049825234217451 186.34440070226551711 279.88756097179930293 350.72134326635421075 389.07019228696697155 374.77900939707637917 384.0221718268147697 417.96933918944949937 483.63223611816079028 414.33468494186990938 400.46261430866093178 386.58698942190403613 395.72237698494205915 405.88106507506955722 416.01474245801239249 401.21115075810064354 363.8094936505538044 324.45111392075489221 407.88925320377347816 527.68565022144014165 558.30449184094709381 662.11869021877168962 nan nan nan nan nan nan nan nan nan nan nan nan nan nan nan nan nan nan nan nan nan nan nan nan nan nan nan nan nan nan nan nan nan nan nan nan nan
0 0 0 0 0 0 0 0 0 0 83.993251099830857243 71.450808119035301047 73.283510315986063688 68.675598568074434525 143.49064671669816562 260.79828882509696086 362.95443041135609974 395.81668894897137534 417.04434531300432809 400.87660801807743383 396.54073612642355329 341.46802951773838686 388.32820764686277926 456.70276383430012856 421.85501418967828613 424.69724123591805665 416.22513204377440843 401.94438516219770463 384.76898284966284791 376.26222669176331692 375.84140671818977353 356.76347113988890669 400.68626817129882056 604.56754858319254708 546.9449224411346222 nan nan nan nan nan nan nan nan nan nan nan nan nan nan nan nan nan nan nan nan nan nan nan nan nan nan nan nan nan nan nan nan nan nan nan nan nan nan
0 0 0 0 0 0 0 0 0 43.182481924159276332 128.07747166671367722 122.5420425155297437 96.94290561095948533 96.322316600283784283 82.516174826463100089 230.08860187995634305 476.39103047722153406 531.84868238934518558 417.19093424380582746 412.22826322799289755 439.78332951307720577 420.48500969534444494 407.22318340678526738 505.40440429643570042 494.24294591290987455 490.8150909019240089 463.75177579153074703 431.976323019933659 418.99811112121756196 404.66001217130394707 398.83466566908373352 385.06568788789820701 378.72164037029642714 416.28231421871737439 nan nan nan nan nan nan nan nan nan nan nan nan nan nan nan nan nan nan nan nan nan nan nan nan nan nan nan nan nan nan nan nan nan nan nan nan nan nan nan
0 0 0 0 0 0 0 0 36.22233932770782161 81.476501737634066558 138.17673205169151629 136.14868130680576996 118.08038131189823616 66.570134122422658152 65.745903545247571742 138.44962446769213216 297.80755454694406126 470.90936633164170644 428.47128305059368358 413.59292854296916175 442.34108373819123017 454.94810974603592513 418.54479389770642683 468.77475014747540172 442.30336656999031675 434.11643749889162791 435.65537830221961713 457.5373308871505742 463.85692101005173527 464.0789619504328698 444.13585248521070525 436.08153072920873683 396.46621367998602636 nan nan nan nan nan nan nan nan nan nan nan nan nan nan nan nan nan nan nan nan nan nan nan nan nan nan nan nan nan nan nan nan nan nan nan nan nan nan nan nan
0 0 0 0 0 0 0 0 16.24611334273099672 46.219063552163952124 54.753392649919149449 70.193587626611645192 86.116358339202975003 100.85592750848985588 100.62197418761411427 247.99662134106500844 228.81392069087644359 393.42378915413712548 493.18395268675652687 445.92064405015781858 436.54625504165107941 444.33320084521278659 423.89157489920569333 509.37842772170063199 484.98414517422082781 490.79402817959021377 479.32023094024248167 458.40231250517160788 464.54589560186030894 471.86062173521236218 469.46049297648943366 377.5407673187379487 nan nan nan nan nan nan nan nan nan nan nan nan nan nan nan nan nan nan nan nan nan nan nan nan nan nan nan nan nan nan nan nan nan nan nan nan nan nan nan nan nan
0 0 0 0 0 0 0 7.9531066094789411025 9.0310239730550740944 0 0.73877102502633018588 39.425703850331835554 106.68091091672943094 174.21357617287407038 158.63030384058353661 358.19766283943545204 395.02555762801762285 433.12346359688740449 495.7667026459647559 465.53515183775039077 461.41548827382280251 465.68404839850916233 449.43586565550367595 605.18767807959488891 591.05876139880103892 597.56484993629862856 596.1503139376436593 593.47246352867125552 523.70433175266077797 477.72632210866322566 468.35469686180510962 531.25704002204520293 nan nan nan nan nan nan nan nan nan nan nan nan nan nan nan nan nan nan nan nan nan nan nan nan nan nan nan nan nan nan nan nan nan nan nan nan nan nan nan nan nan
0 0 0 0 15.996192488711262314 0.30756140029658068924 0 0 0 0 0 0 54.628147632239226539 143.53425045961807882 13.779167878545456105 0 206.57548210236157615 396.33627142217557093 514.85285422716981429 557.21026502457584684 513.91031540581957415 435.71662930783617185 475.63650392071929218 616.59087900783526948 618.25276698738571213 623.0929934426451382 638.68547778182210095 637.95364194225169285 620.76328717353305819 564.77223470051126242 497.79707966371267958 nan nan nan nan nan nan nan nan nan nan nan nan nan nan nan nan nan nan nan nan nan nan nan nan nan nan nan nan nan nan nan nan nan nan nan nan nan nan nan nan nan nan
0 0 0 0 0 14.723106744723086337 0 0 0 0 0 0 70.328811869628040654 184.25010975574198824 234.31987239270176815 53.912316933463728219 0 81.73930358381940664 486.07955905546430131 571.12766175749788999 552.28000278960939795 533.70486048550094438 517.13218468975640008 629.52628952080885938 639.58934576483125056 653.55132818841548215 637.62297890906813791 575.8592259783845293 592.2180926070481064 598.29350299046132022 nan nan nan nan nan nan nan nan nan nan nan nan nan nan nan nan nan nan nan nan nan nan nan nan nan nan nan nan nan nan nan nan nan nan nan nan nan nan nan nan nan nan nan
0 0 0 0 59.737631533354594637 95.505126383050622962 8.9582906792226921766 0 0 48.435265393281760282 51.585355580997138247 70.446439099954716312 80.49110239144150114 268.38114566719275444 308.95823326943900611 277.10792793566918135 180.72372401134123265 177.50065388567020364 434.93289109798081427 581.56673488372041447 592.62195040890276232 570.62623493116836926 524.34300298487437431 629.5931780355592764 664.98858618241399654 nan 585.07622977846062895 509.82034956805478032 nan nan nan nan nan nan nan nan nan nan nan nan nan nan nan nan nan nan nan nan nan nan nan nan nan nan nan nan nan nan nan nan nan nan nan nan nan nan nan nan nan nan nan nan nan
0 0 0 12.44861141646320668 57.891842919102479925 95.2478035218564969 99.689246759356308303 49.623311829119522542 41.126878667340605489 178.59427401434848548 304.89478987119701969 421.80509428673110506 460.36011696577020302 387.86742161778522586 310.21635527415435263 267.41580433748089263 282.15601334310645143 181.53620522533361736 245.02650568405329068 501.06198103805621713 587.7885133887076563 598.44808560748674608 604.73203467201244621 596.70193729088850887 nan nan nan nan nan nan nan nan nan nan nan nan nan nan nan nan nan nan nan nan nan nan nan nan nan nan nan nan nan nan nan nan nan nan nan nan nan nan nan nan nan nan nan nan nan nan nan nan nan
94.737664619915776143 95.931424167860313901 79.107510516377445242 61.864049881163253986 94.509313882544915941 86.141758217683957355 110.70429880621264829 96.704142864464373019 168.16053820230249016 391.91481941466764738 515.39009137984930931 530.45303525193605765 516.53716532255862148 408.78983216251697286 373.32626633458664855 312.82364480775254378 341.47426743684195571 320.36973312603038266 338.71843739408382135 413.42713224180727138 517.7082143745861913 539.60296715740446416 513.77167496439165006 532.41756884305300446 nan nan nan nan nan nan nan nan nan nan nan nan nan nan nan nan nan nan nan nan nan nan nan nan nan nan nan nan nan nan nan nan nan nan nan nan nan nan nan nan nan nan nan nan nan nan nan nan nan
205.15128531091863806 170.94034893313400403 141.06997651402036809 132.28651199002342764 92.014488128179479531 60.46644506250586204 94.419756439641446377 71.895198286818597921 0 96.499294039602901307 489.27423448947666884 551.63749433104783293 423.45512520381794275 336.92573104153109398 439.3075275331959233 502.99886240150760841 527.93146628847557622 477.01991610549691814 467.22240619305364362 431.95276142351713133 470.44923744583684311 485.33155643574855276 494.23369466453004861 610.89630281929476041 nan nan nan nan nan nan nan nan nan nan nan nan nan nan nan nan nan nan nan nan nan nan nan nan nan nan nan nan nan nan nan nan nan nan nan nan nan nan nan nan nan nan nan nan nan nan nan nan nan
nan 289.9665190360447582 151.3706994794788443 114.62851122058283693 92.334252074437870306 53.611449039868546151 69.842373143968330851 47.577898115973326298 0 0 130.55882514249003634 541.34953101244173013 439.18208656930784173 432.19916670509616097 479.54190749710119235 577.65851676538613901 575.13350359695050429 542.44924781333133978 513.93321100205434959 464.34083037644853675 477.83698371482023504 525.9472596144404406 461.55419498940716494 nan nan nan nan nan nan nan nan nan nan nan nan nan nan nan nan nan nan nan nan nan nan nan nan nan nan nan nan nan nan nan nan nan nan nan nan nan nan nan nan nan nan nan nan nan nan nan nan nan nan
nan 88.521877783568484688 89.733970629223421156 119.23580933533102666 136.14764924951228409 92.034793914929736047 76.177155603086418978 53.94030766796441867 63.819778535164253697 24.721753145652098027 173.42708953415279893 557.53502914046055139 542.41767747550693457 519.06255874978535303 528.26578741826415353 589.2700814672011802 579.22570607063710213 566.76039940739792655 553.17383238552883995 520.4592319596673633 524.22834505602804711 580.07390938273579195 568.36209795600620964 nan nan nan nan nan nan nan nan nan nan nan nan nan nan nan nan nan nan nan nan nan nan nan nan nan nan nan nan nan nan nan nan nan nan nan nan nan nan nan nan nan nan nan nan nan nan nan nan nan nan
106.810509255047549 86.702400219918743574 110.22227436584122984 121.52084964202663286 130.86669277390183197 111.14692577226614389 94.349068363281119787 137.17054218069827698 333.61586063021854898 415.87666260592271783 279.6974913937390852 480.18948063154857664 570.57248222265059212 561.8307185164725297 585.6843706987879159 580.06274318891939856 576.02623782045782264 594.8106036194732269 585.16099591993452123 557.04170036835887458 556.85663214639248508 560.30250114968271191 nan nan nan nan nan nan nan nan nan nan nan nan nan nan nan nan nan nan nan nan nan nan nan nan nan nan nan nan nan nan nan nan nan nan nan nan nan nan nan nan nan nan nan nan nan nan nan nan nan nan nan
62.363407510067467854 84.972337501069574728 97.964370912165264826 121.82951484654881824 121.7532308423354408 123.01256513021115779 131.07690653300173267 87.854863026059234699 118.32050055143092493 150.51297127768722817 107.91790357441203696 128.49605903556263797 220.48628848736092323 381.04759942057580702 377.89104943544185744 547.15265481496419397 568.77605777089684125 599.26140827813981105 598.99302833536876278 586.74740493794683971 551.99963670355680279 nan nan nan nan nan nan nan nan nan nan nan nan nan nan nan nan nan nan nan nan nan nan nan nan nan nan nan nan nan nan nan nan nan nan nan nan nan nan nan nan nan nan nan nan nan nan nan nan nan nan nan nan
115.43176621307657115 121.57375907567916329 104.59950706504878326 137.8005835827593728 144.00036561251647527 144.60902832902507953 163.38877934021070359 93.87820866433298761 168.47513114728877781 114.65710863503053929 185.48070487458161892 429.910294380540563 357.98279802359411406 188.21693506990175138 172.42578140707792045 nan nan nan nan nan nan nan nan nan nan nan nan nan nan nan nan nan nan nan nan nan nan nan nan nan nan nan nan nan nan nan nan nan nan nan nan nan nan nan nan nan nan nan nan nan nan nan nan nan nan nan nan nan nan nan nan nan nan
162.30119537978714561 172.05343303827515911 133.60667667204330655 126.26918977838695923 139.23098806709583641 151.75284756917091045 173.95289313266144404 63.76028621321393075 207.82952835981478756 357.92217963949553905 176.82052399588067715 161.43563789997594426 446.15925065368662672 nan nan nan nan nan nan nan nan nan nan nan nan nan nan nan nan nan nan nan nan nan nan nan nan nan nan nan nan nan nan nan nan nan nan nan nan nan nan nan nan nan nan nan nan nan nan nan nan nan nan nan nan nan nan nan nan nan nan nan nan
188.35970306942397201 203.72604611848998957 182.0501298782847357 127.58933523477543304 96.829556954996974127 132.7184368405210364 197.15268725849654174 188.17920101800658017 165.82451269746414368 294.76157561123079631 236.13087858911734429 231.62277468947380044 nan nan nan nan nan nan nan nan nan nan nan nan nan nan nan nan nan nan nan nan nan nan nan nan nan nan nan nan nan nan nan nan nan nan nan nan nan nan nan nan nan nan nan nan nan nan nan nan nan nan nan nan nan nan nan nan nan nan nan nan nan
