results/rofental/swe_dates_2020-04-11T1200.asc
ncols        322
nrows        225
xllcorner    622802.488000000012
yllcorner    5178049.378999999724
cellsize     100.000000000000
[rows 84 to 111 of 225, columns 189 to 251 of 322]
383.97817294072376626 379.96530103393888567 387.8264667448905243 385.1366533890098367 331.58839163477853162 309.70395157127313723 286.32165111778590472 273.74585221313424199 273.29170433247918481 267.24951171772858061 261.00220378995521742 211.38624490837321446 228.72983959078825933 284.5684017926909064 308.93819577373284346 336.82593196589442641 357.58021457774640339 371.11462606712882462 337.39933615519277055 279.78391011483125794 229.12625196209177147 224.98984506514167947 194.72638428781809239 159.80011208746026341 208.28455041219734767 270.85578862270102718 271.95200927735800178 278.52585792472581261 nan nan nan nan nan nan nan nan nan nan nan nan nan nan nan nan nan nan nan nan nan nan nan nan nan nan nan nan nan nan nan nan nan nan nan
374.96302812777759073 352.94254512331815477 358.8418551472086051 379.24454179002418641 380.15666059334563442 361.9850729259986224 327.15727994901897091 282.62905695181200372 271.71962499564381233 262.31893367467409917 262.47015900955369716 201.32817278489653745 203.50366806179175683 240.60294502367082714 256.82297190590520586 256.97937464544520481 288.67561777176535998 348.66852578815826291 358.78976284809397157 324.38666130070805593 256.14714950282041173 213.05128557613835483 209.76396008473651023 174.14385850496023522 182.02942810423962783 241.48648665372371624 249.05389125941945849 236.73668776381867929 241.33401796747699564 nan nan nan nan nan nan nan nan nan nan nan nan nan nan nan nan nan nan nan nan nan nan nan nan nan nan nan nan nan nan nan nan nan nan
372.61279053667396965 384.37201814506670416 379.14630906801096444 391.24847266614148111 397.85897228901455946 384.50197158970627243 371.213998432562164 324.52669698982469981 282.14449172231650209 259.14459038850469597 262.53081298068974547 215.83843306419197461 193.17274334408193681 218.08171851923356144 256.43532467061089619 242.78836049886743353 244.69297299012063718 271.5783820077093651 324.69386876376472628 341.80313117662410605 277.64823736426330925 195.13144853052392591 158.75858536857433023 144.4550430456361596 166.57123915224104849 190.19328573347763722 212.35657264248547449 220.10989742245158141 224.82644826244444403 219.88422649654376073 248.76670254260949378 nan nan nan nan nan nan nan nan nan nan nan nan nan nan nan nan nan nan nan nan nan nan nan nan nan nan nan nan nan nan nan nan
393.99963405934545335 394.46353916530267725 401.06667483616911341 406.66171907146144804 406.55633031197959326 393.0753634438498807 373.08395689256502692 362.08381456355959926 319.07902255919555046 267.65914890365877454 255.32109218835705633 211.37023861820864568 191.2869885823521372 197.07815441560597947 232.26891398820609425 232.23502254168542436 244.91402117734736521 246.44105334724969225 258.60318111102606053 304.77093634430127622 306.22969985406780324 234.36237593928530032 150.59895373651858108 106.03576484189824214 132.24087155366291313 174.18961817940135006 171.9433353906965749 175.35805625947929798 194.11682000281231808 205.45840572210192931 222.96526178711252442 232.23911105377931108 nan nan nan nan nan nan nan nan nan nan nan nan nan nan nan nan nan nan nan nan nan nan nan nan nan nan nan nan nan nan nan
403.7138105372068253 406.7678753899158437 397.20455845402932482 386.69426805392038204 386.71102555587532379 378.2587865792681896 356.03776690696071228 351.51383679673051574 351.56581081604178962 313.61251783783058045 282.54013555014540771 232.4886802794943037 163.26122769081305819 168.58037746078446162 217.64949836234336544 213.62715587070917422 208.85574704374602106 183.32807669466748735 151.58261462627751825 150.27411958953635462 176.42145552384891971 209.73467835105128643 141.48069517550879937 94.564829479028276182 106.64148946695800646 150.84064516081022589 143.53339301524161442 150.8069880550402786 168.12201552635235657 160.56780180406781255 162.28663749382050696 154.96731310735162879 157.6596939020979562 nan nan nan nan nan nan nan nan nan nan nan nan nan nan nan nan nan nan nan nan nan nan nan nan nan nan nan nan nan nan
304.97544067133901535 375.02702025100268202 386.6740575203398862 364.12402396998766108 354.95364931628063232 360.8690410038010441 373.4291617772950076 369.06954277136105702 350.94015788610329309 325.82660742197623449 302.09668654253471232 261.98330165131648073 172.01932347085940478 147.82458912433523324 157.45467869066061439 159.73676683790100128 149.26641693210061135 114.72043472512444851 105.15123492708332265 122.20612651598990794 122.23468621777774956 160.42539200603465588 105.45805629574537932 53.187830746436198126 74.491585652949652285 103.49799774709413214 102.09756208146851009 94.304856539945518534 108.24020103064489717 106.2577901633249553 146.43913721878379874 121.97597319379784153 90.237965690610153047 75.903130474803234051 nan nan nan nan nan nan nan nan nan nan nan nan nan nan nan nan nan nan nan nan nan nan nan nan nan nan nan nan nan
249.35369411665504913 261.39368928473959386 336.20363788263853166 335.71499719072062362 330.96618465202857351 335.31508348732279501 315.64211688429276137 319.23393249318667131 308.25570677691166566 284.05477324102446346 263.69399223588402492 236.33473027594962446 164.32275566605653694 105.01303451851138959 137.55565460607570571 150.34454912719829167 133.77185287200535413 95.04328905765186164 82.434244230695512101 99.399181282944667259 97.93985731125599159 118.74070486516103529 68.624384159071681211 37.573128146308356179 42.670718374525641536 56.687997315285429067 54.86767057834452288 41.990341848983057105 49.63633933570358181 32.420481592488137323 94.949061507311753871 75.642178054354189953 18.740459166878448372 41.986290691706173561 nan nan nan nan nan nan nan nan nan nan nan nan nan nan nan nan nan nan nan nan nan nan nan nan nan nan nan nan nan
235.68592477935550278 224.14368538472510295 268.79076738246988043 337.36217852811864759 309.88736338403128912 278.79780837762780266 263.31456120545567501 270.33102411195767445 236.81494535881441266 214.31687270801228351 209.21509580320304167 193.35158757382171757 165.36111511116178008 81.345496136142614318 98.248819248946432481 124.8389286332367476 138.66832442866001429 114.69511451371747057 87.935541791034850689 78.748391580619625074 90.579232324101724316 105.95506253616186143 74.853642739283259289 6.9379275584520039288 0 0 0 0 0 0 0 19.280487809780776587 1.9596535572670727987 13.091465401259585022 36.378973439772302356 nan nan nan nan nan nan nan nan nan nan nan nan nan nan nan nan nan nan nan nan nan nan nan nan nan nan nan nan
241.33445080903680946 217.00637675784224712 209.02439723438277497 283.58525061576364124 290.89879570759342187 271.37613082449047397 265.8577372052411647 232.04505628348942992 197.18787989082596823 179.11265695499741923 174.64414152712697614 175.92557516289340924 166.62173469604894649 102.78200870823630453 50.398243604756750358 67.725016337286675139 78.957946258828002328 55.156243265094595074 44.954582934815178419 47.057562293994678271 54.41834544167426202 53.52408154979814725 65.793831092933331206 0 0 0 0 0 0 0 0 0 0 0 0 0 nan nan nan nan nan nan nan nan nan nan nan nan nan nan nan nan nan nan nan nan nan nan nan nan nan nan nan
227.03424059316546391 190.76816015664516613 159.90082568295480314 229.70771162787428921 275.31293388371670972 240.74515152355439795 197.70510419841366456 186.95345933451500287 185.39656109777976667 172.20876019409442392 152.77999329361000491 137.03645149097519607 127.40676496203589352 141.35213981076077516 72.220817524660816389 59.831788939587944753 56.512218951377377607 43.229830547888511205 7.8969321446639568762 0 0 5.5275937103143881757 46.249013970942264962 0 0 0 0 0 0 0 0 0 0 0 0 0 nan nan nan nan nan nan nan nan nan nan nan nan nan nan nan nan nan nan nan nan nan nan nan nan nan nan nan
213.8339676214834526 160.2956628911691439 125.41574091076697073 156.93455671635240378 250.20529332186515603 232.27112975188336463 193.64662046769160497 189.9644314498349047 178.14051612513458167 162.18458108515653748 142.9847263996269362 132.65928005273104873 117.92735694289969217 123.40549825385872396 93.524968242382868766 58.63589346708465655 51.585200991837837137 28.180693904437386976 0 0 0 0 20.898773071123262213 0.20134790011986677949 0 0 0 0 0 0 0 0 0 0 0 0 0 nan nan nan nan nan nan nan nan nan nan nan nan nan nan nan nan nan nan nan nan nan nan nan nan nan nan
351.2047351563085158 298.36853365121896786 146.58446406686863384 81.613088045011565441 193.27268121917228427 181.48283521056481504 173.31498370350979599 180.04704080549777245 174.3238444409028034 148.17082473910267026 136.62441684579891898 119.16720602448883426 110.29713251841934607 109.53709894296271443 120.78490332163509891 77.450039723539532588 73.477911891370922604 59.258319949145430883 11.39686612746215566 0 0 0 0 0 0 0 0 0 0 0 0 0 0 0 0 0 0 0 0 0 nan nan nan nan nan nan nan nan nan nan nan nan nan nan nan nan nan nan nan nan nan nan nan
292.08122742892487622 303.59237467143253753 267.27774772870077413 113.04691774333352328 179.17435352733329523 192.46963401823981599 182.68447303449178776 170.33747023918667196 160.78389625953764153 137.95520187631007047 157.96534481118456483 172.03787997446522695 141.90870966279328513 89.70788041108392008 62.808908089993138901 37.974394235530894548 0 31.264321998915047374 1.0151148629518242927 0 0 0 0 0 0 0 0 0 0 0 0 0 0 0 0 0 0 0 0 70.698664888656907124 nan nan nan nan nan nan nan nan nan nan nan nan nan nan nan nan nan nan nan nan nan nan nan
247.08761942555059932 222.86289117409543792 253.27265927716541682 161.31125918155194654 92.31133772315460817 181.00000801250357085 190.43102853658064078 188.54981308227559111 179.11345236870062081 151.93445292434887506 138.1396170444925815 144.93391495719686191 125.59648596842778545 120.56009671676658002 69.613544172239656405 45.798776157026942712 0 0 0 0 0 0 0 0 0 0 50.390799190262669072 111.99164792968858251 125.3067703821346015 114.61985121956787737 96.199940271376391365 88.393900705576754717 93.223773492382207451 100.89548449628233584 94.144209648224645548 65.519637457567796446 68.180989849643168554 65.11690884975197946 82.524837339303644512 116.86434064214392947 nan nan nan nan nan nan nan nan nan nan nan nan nan nan nan nan nan nan nan nan nan nan nan
214.68666678233324774 183.04192085620229591 167.08012416254464938 207.61895554608670977 114.82039328129184241 63.758987913425137606 149.30091462660314505 153.62160723075993474 161.81706453427517545 149.19089661540482439 107.22451754487036624 98.586834106986799497 92.934055682879858296 88.367933870220383596 59.345052635124524443 54.964190883750283945 41.455356711906304668 14.256569386085701012 0 0 0 0 8.1785258747295017656 71.226531910957476157 136.09737609631656596 155.2819484957455245 109.93714416874604467 81.558976800357854131 95.549201558158841863 126.2647412893504395 118.13980278596125117 93.018217079057535557 67.564285635178265466 83.559551264647666358 131.93347693704799894 153.8189163857637709 144.57838735392877538 159.02473453875558107 169.87950427100685147 146.86514882274465776 nan nan nan nan nan nan nan nan nan nan nan nan nan nan nan nan nan nan nan nan nan nan nan
210.68216604771006928 201.53483073368667533 180.82873130458551714 165.67946309895188506 164.05600132998443996 71.186071105389757463 49.685822434364510514 137.80157906254353861 134.37264508295334053 140.00734416484726808 115.49101352580717617 53.231279180556519748 32.191334352658493856 24.871211044211403163 3.7268932458442272093 14.097961285194363867 19.10892448661121179 12.092373250515663585 47.374630055244779214 115.06671426261709712 196.63087754395070306 215.23509436398649086 194.1132977340329262 176.04893341548091712 158.8430671272945176 144.9487963734634377 163.1790522351143693 208.77601573702528981 215.42901710998091858 216.78130146882620011 212.04360877752583292 223.88221516404027511 213.05135576492511973 209.88677492353789944 207.11783504465068972 221.91280114866034978 247.05598681890927537 257.41387587325635877 242.75509548291984174 192.40708201840675429 nan nan nan nan nan nan nan nan nan nan nan nan nan nan nan nan nan nan nan nan nan nan nan
200.49024546891914156 206.02976587727113156 188.0156955346584482 207.61113484660739914 215.36626621016341687 183.24926433705573459 81.978785403546723387 111.84274015391500257 111.45047418150375051 100.51206442491024973 77.598760204247795969 51.114993243491568364 57.701560031663433392 64.843253411166500655 30.748483764578569577 69.191052167618806834 172.05796625658189214 238.0171055281448389 277.50010428620669245 297.07371132623649146 300.7240032355925905 282.57704405738303421 253.5633189852935061 238.31008976024699564 249.58922088256204574 274.35877130081075848 278.90760791367335969 270.19359291143757673 286.57881155973842624 297.89117044647633747 297.54891766815063647 296.55978231393851274 295.23587748322313473 270.95928174540699729 254.78778768433772939 271.27354375487249172 279.1560553327285561 276.5122903962565033 269.43108965035600022 264.54939554855775441 nan nan nan nan nan nan nan nan nan nan nan nan nan nan nan nan nan nan nan nan nan nan nan
201.46039961091705095 191.76857797621488544 147.46950234648181777 156.36986460573069735 190.170642813880022 189.92103649177812486 99.20519904659590793 41.087456601871522821 106.07952156210386363 89.246119792114086522 61.856622470514565748 62.838486296699045397 66.636707210693913339 108.18853888811443653 191.71796597149909758 248.30194357709700625 277.18555995622216415 295.75718967667359038 303.14519033384505065 313.32454452868643102 312.70413720432719629 309.28618785020660198 310.49556577872715479 308.40009812353264351 307.51461383501657565 312.56616458508648293 313.6676943164963518 311.49485874746414993 314.6453012501564217 323.24932685225257956 314.33095674856167534 309.51471857411667088 309.8009779398973933 304.53882351237416515 297.46969971056586246 300.79439867882405224 307.67504207667138871 310.64815913538768655 299.84398394653976538 266.6586846713520913 nan nan nan nan nan nan nan nan nan nan nan nan nan nan nan nan nan nan nan nan nan nan nan
234.23912715544048524 255.75794865002120559 239.05293303683359341 184.35024769225157115 163.42535611587720723 127.08080136614776734 111.59657664394332244 13.516480400989136612 63.901801325520445118 96.819882600380537951 89.361633639382446859 113.38327038587306106 139.10279168228487379 254.62471930004730325 279.50264613224641153 300.83960329777988818 309.03844546279105998 313.21812873599566274 320.37758797591834536 332.16444891742708023 332.98041740761863139 326.13046069697827534 328.47562019494569086 329.3320602675244686 330.63985286655923801 332.1740852662501311 333.23898155961887824 332.89334909602445123 336.6481046057829758 337.28565353117437553 336.62912355009444809 330.97960839428486679 327.22964441697331495 319.86564485357712329 315.4274760110000102 318.56712900280501799 330.07428322533087339 333.62853203469063601 303.62647628683276935 nan nan nan nan nan nan nan nan nan nan nan nan nan nan nan nan nan nan nan nan nan nan nan nan
244.90923680876016988 241.91531343734135362 224.13869094622594957 198.37231052083791383 195.65337632637692877 165.54655278963286946 144.13070340894904575 78.345859494855460525 57.023665246124544126 103.82004560954595718 80.771734044655062235 131.01818417977349895 170.10424524710754213 240.14526205547150539 297.04619736746315084 320.23048907732362522 330.05078885327839089 331.14230785763470521 337.87006504088071779 346.50786072313360364 346.35936667726753058 340.480438245649907 338.96759636910616109 341.13271231469485656 343.16746517329067956 346.95518077514549304 349.19154877816390581 349.35004457270997591 349.04194434488022125 353.88572026102167456 354.25429363523448956 351.08626196497965566 348.16586524319984619 344.68215243251830771 339.80660394532077362 344.62640997842652268 351.128625970568919 340.64938219483872217 nan nan nan nan nan nan nan nan nan nan nan nan nan nan nan nan nan nan nan nan nan nan nan nan nan
246.442929293018409 221.56193740415614002 204.91353033585593835 192.90758129847054647 200.79110703837733354 230.16763246608024929 209.94866858683388955 120.16191980261208982 56.314316091122606167 81.0124181794034115 184.54874335267339802 287.17290102213382852 299.3289703691818886 309.62762608494369942 310.81806559038147952 333.28516351667741446 346.10229694394666922 350.67688954599304907 355.18864443252454066 359.6855380934838422 358.60901010835448233 356.53689941380866912 352.53307807935925666 350.72033290240699444 352.89488458041807917 354.85107712988445883 358.27377940737915196 362.05741033306389909 359.4584168045636261 364.18135011889677344 365.46132132650228641 363.29330282850571621 360.53142662408396291 358.5914743453090523 359.36962717507134357 362.09323960701817668 357.33170360238955254 nan nan nan nan nan nan nan nan nan nan nan nan nan nan nan nan nan nan nan nan nan nan nan nan nan nan
265.73730964816598998 238.08970893486775822 219.20264557814243744 187.53285194906038669 166.09966764109688597 147.35887593763015957 152.37185051908417677 126.96303724313628436 133.42131839297306328 241.7767000684766856 292.15967839528917693 307.26414708014544885 318.75694826279504923 321.61040031785512383 296.80817799776787069 338.02587731530081783 354.71591615619792037 359.54364323942752435 363.99215288977393357 364.29110943420567992 365.43972087329825627 364.96217673805472259 363.63761346012387321 361.52703855073207251 364.19182640826784336 366.19314845567765815 369.98450494950145639 371.48821134682157208 370.12610148065607518 372.17117248773303118 374.57249308727966763 373.50366608758378106 372.19497329707598965 370.46406753701808157 371.93469742470534811 367.40111947975492512 nan nan nan nan nan nan nan nan nan nan nan nan nan nan nan nan nan nan nan nan nan nan nan nan nan nan nan
274.22469669470706322 279.87481172740695001 268.83692591420458484 224.85572809628035884 94.469201834056349298 185.50302154139623667 87.324148517422514715 107.04225294722515116 224.57306524797974134 286.4552020109346131 309.42964874797252151 325.55515296731863373 335.69029111503397189 339.96770462949149305 307.67541488530690685 304.62469830656823433 362.97060743267405769 369.51402105559981237 370.51133004276766769 371.93894571706232455 373.50839675689525166 373.05333969544329875 372.22754885429031901 371.80496235309527719 373.4335058164836596 376.0172672127823148 378.35264167616128361 380.95071633648956322 380.87503392069436359 380.22496742482690024 382.17762457143862775 382.36188711610191149 382.04025699261421778 381.21539371787923756 378.45926370310451148 nan nan nan nan nan nan nan nan nan nan nan nan nan nan nan nan nan nan nan nan nan nan nan nan nan nan nan nan
259.58036958226404067 269.65697832185435345 273.47715647759423518 272.58478886892675064 139.01600476663364248 104.97712384213072312 99.30837389984955621 110.9711945183825037 262.07663954557938268 268.63977858161251788 318.62570358594098252 339.0205106813381235 347.99961413334460758 351.95534494718725682 339.25475719471324965 284.18831125507801971 366.60861376217343377 377.99404473505313717 381.47424213153203709 380.00943505810164424 378.69706206533908244 380.08751673729835829 380.87925801897358724 382.23638892117776322 384.65493991328014545 387.21579931061853586 389.65416571024798031 392.56985763455577398 392.91187803996444927 392.09612001657859537 392.69606471887914267 393.77769613964130713 394.25675599085491285 392.69407855443353128 nan nan nan nan nan nan nan nan nan nan nan nan nan nan nan nan nan nan nan nan nan nan nan nan nan nan nan nan nan
254.27407614530989122 131.18583043793557863 118.88709568357586477 112.76700771194848016 118.82472421579669231 122.82183720476042765 68.520019071451727655 185.16072547597451603 289.35299227817449719 305.22064679427057854 324.38389818566054146 351.81215964087073189 360.19256388958649495 362.18859887527645469 355.36349083735859722 332.15574772699119421 372.41308314231287113 384.56149288096992223 387.87860557827696084 388.53857968490854091 389.04313223877090877 388.3993400448906641 389.38378811400252744 390.79895026606106967 393.95103327674792126 395.05495332435816636 397.49559583588171563 400.49814506173629525 403.93498125292222767 405.31146366987616148 405.40475726720342209 408.20097061972296615 405.21659479384788938 nan nan nan nan nan nan nan nan nan nan nan nan nan nan nan nan nan nan nan nan nan nan nan nan nan nan nan nan nan nan
169.36835156805605607 86.678527487124668482 44.172116968064223386 11.536699596438076298 24.933047301857545364 82.645427687363195446 98.160974435338374633 258.63538098437152257 299.25179732560343382 330.75244015298721934 341.02787158302282933 360.81111971231649704 369.61901053155986574 372.73974770823917879 364.606998156202053 335.90383708313163424 357.84608004894039368 388.92808019378418294 395.33490026544279772 398.70784108569836235 399.11903022672692032 396.81857493760833222 397.40825736562555903 400.60754881791478965 404.47071020869174163 406.22192792357867575 408.01726982213398287 411.95904032692772034 417.46096235599986812 419.73514532471040184 417.14436922551385578 nan nan nan nan nan nan nan nan nan nan nan nan nan nan nan nan nan nan nan nan nan nan nan nan nan nan nan nan nan nan nan nan
96.717909885098080736 46.217500570869823662 80.510258523295306077 56.650802627315229643 2.4015356962194647217 72.174939858628903266 206.11299612514210366 273.00349130149231769 306.15847583716345071 339.89177537876020097 356.97707629471318569 371.88943455823664408 379.71907944909173693 377.56624331688880147 372.43269580810328989 357.24139249992538225 371.63470533021933306 398.91311323321565396 405.86788672676186707 411.38611835082195967 413.95542810600517214 412.3091654287319443 414.81439216278567983 414.02645638992004251 413.61291622201724749 419.96932019834036964 423.60889883862262195 422.94513575425770568 416.01922950145410596 nan nan nan nan nan nan nan nan nan nan nan nan nan nan nan nan nan nan nan nan nan nan nan nan nan nan nan nan nan nan nan nan nan nan
8.5995579312395946658 0 31.09330766306074878 63.80719210927573215 103.05674980862289658 213.36230503016179227 220.26971914171843991 288.17128646002743153 297.01018729446161615 326.95125923041319993 363.96746912889989289 382.40457646254139945 386.81636018666006294 385.60022282403161853 384.55578167048190608 368.40333595636519703 348.69713169861529423 404.71159754112966311 416.66131785105511653 421.25260204696598976 425.36282206345055101 427.59536920068791233 425.98196093991487032 414.02563192576724305 413.80183759886710959 433.0256413053133997 429.24806467276476951 421.62403512487907165 nan nan nan nan nan nan nan nan nan nan nan nan nan nan nan nan nan nan nan nan nan nan nan nan nan nan nan nan nan nan nan nan nan nan nan
