results/rofental/swe_month_2019-10-01T0000_2019-10-31T2300.asc
ncols        322
nrows        225
xllcorner    622802.488000000012
yllcorner    5178049.378999999724
cellsize     100.000000000000
[rows 112 to 139 of 225, columns 186 to 247 of 322]
0.41078992533199393256 0.33139695206208230616 0.19902608628925472223 0.10852614461084895969 0.078047141886929641275 0.057068326766219423796 0.046597243093144169457 0.072138618824514194605 0.14664058903991761262 0.17342027676454074836 0.21106339271929891455 0.46766856113679361462 0.64715600121976613046 0.80276463608671544403 1.4527286531385952273 1.5504621864056726821 1.5704357046989791957 1.5181039455924607573 1.1239296467185173611 0.65816529727060879562 0.82787548364941099255 1.4971726361644450698 1.7770160727655965882 1.8683667302084310258 1.556674135977974105 1.3089177471081996362 1.4981456233734344874 1.6375151226382480552 2.0259942455614945445 1.7419042264196780145 nan nan nan nan nan nan nan nan nan nan nan nan nan nan nan nan nan nan nan nan nan nan nan nan nan nan nan nan nan nan nan nan
0.26792020957687801008 0.16339340397317517195 0.10819196970909343569 0.085842206220913389036 0.062330013764473189697 0.056801222928247067923 0.084184772902953244889 0.083370432656964740814 0.17427114923166164839 0.3817691385297540263 0.51157144367101148319 0.87137681331480065783 1.0353971651686513233 1.0077615242587669719 1.348339163644310057 1.4220038679087632083 1.5256700056720429171 1.5832380908493113303 1.2605687425250713396 0.72494730200950352472 0.70468929733034713081 1.2074107194557321954 1.9525722186313907436 1.6371457752237066341 1.5022501125625984386 1.6783870551190276377 1.6249701202863082727 2.1260251332109705302 nan nan nan nan nan nan nan nan nan nan nan nan nan nan nan nan nan nan nan nan nan nan nan nan nan nan nan nan nan nan nan nan nan nan
0.23394349689632434885 0.14123249254328415492 0.078503780291261260338 0.063764311534649106838 0.050831335648909313496 0.083394711647078498262 0.15096026318053948345 0.19435759747111705509 0.32126432470955001985 0.55701603359612816835 0.71637782958550821899 0.7639538940436477743 1.0535972956968659986 1.3433624366985026377 1.481879708686417052 1.2934759216524223113 1.2087080255901572201 1.4494209533974580228 1.3185814738610404095 0.8077794034437730808 0.6686283301301194637 0.83142150225230426752 1.9259048719599691779 1.7495695175784162778 1.713166120897974487 1.7885865702192831339 1.7782585682956320028 3.3611485508546183887 nan nan nan nan nan nan nan nan nan nan nan nan nan nan nan nan nan nan nan nan nan nan nan nan nan nan nan nan nan nan nan nan nan nan
0.11878332819430137413 0.093762317126831418168 0.068637188352305755767 0.054955463102040635892 0.078275616416342411186 0.116834665524663317 0.2209831819311101897 0.35874311619643872717 0.47568720776203782252 0.58020787568964149461 0.60370923988193836429 0.63654373175365297488 0.76121558898726415787 1.17064765696558859 1.5617006348003450444 1.6118414497004616148 1.6319233387084544074 1.5222961182862055907 1.3932363488124368534 1.2700049927521206428 0.74949454591669117942 0.75395871132119074431 1.9641874293921690597 2.5738982770833382929 2.1407064003893987447 2.0960682817163869274 2.3019832462231817338 4.4298123494088459395 nan nan nan nan nan nan nan nan nan nan nan nan nan nan nan nan nan nan nan nan nan nan nan nan nan nan nan nan nan nan nan nan nan nan
0.080602375176731355655 0.05724016028907313175 0.072625382157282855622 0.17873369865505286946 0.1923044382900012117 0.2537836329726991802 0.48439475109538232545 0.67885284634019205097 0.84611060071893196 1.0620854290720675994 1.1394545710441865705 0.87715585872965129433 0.76322254448170356866 0.80479919844570468879 1.7874686048009837958 1.8935914904238100309 1.829571414883535807 1.6160044795061838663 1.5135749935470286243 1.4944071247731924856 1.1620853079321982193 1.128549381485163039 2.6614646869162963405 4.4758903473901998638 3.6327160777314198015 3.6594550289324350167 4.5528438659073877659 4.5954228995455013163 nan nan nan nan nan nan nan nan nan nan nan nan nan nan nan nan nan nan nan nan nan nan nan nan nan nan nan nan nan nan nan nan nan nan
0.066410370417405981125 0.13551991813291883182 0.1754723910981914603 0.31351403868907912198 0.39001503255243707979 0.45266248690365978868 0.92000069232745118608 1.1063428324645316891 1.093274734779607682 1.2928955055110276096 1.4567270355682058192 1.5672877909056384116 1.6395788065017560253 1.459988804063502732 1.5862466771520129516 1.9940022415690661362 1.9676118732696232794 1.9537960900970865463 1.8940806505816110139 1.7987781208663586874 1.4955744652394535876 1.2745809124115559108 2.8886109554451149251 5.935837052518782464 5.9300195218143016973 5.8151873491003192029 6.4018497196933008553 nan nan nan nan nan nan nan nan nan nan nan nan nan nan nan nan nan nan nan nan nan nan nan nan nan nan nan nan nan nan nan nan nan nan nan
0.10591996200925410387 0.22866643684513179857 0.3173378054221282496 0.49513377878313524771 0.72542095563604436226 0.83749537193848921923 1.1472549853355782368 1.2687202571282336638 1.2791152435819561628 1.4000765623744391153 1.5449965279071151691 1.7130297124001092612 1.8493748758076562488 2.0432693934680683512 1.8518562357218779635 1.8124987913653916038 1.982854523201884378 2.016131159713542953 1.9439765504889738867 1.8274013215576745406 1.6848198444866169243 2.0507797448343416669 3.5858317308329366035 6.4335324669283773247 8.5127520396534706038 8.4331555283355132957 nan nan nan nan nan nan nan nan nan nan nan nan nan nan nan nan nan nan nan nan nan nan nan nan nan nan nan nan nan nan nan nan nan nan nan nan
0.13338045338548351615 0.36763781088413155507 0.44912555798145803454 0.63846323363420265373 0.96225330317995161344 1.2076975064300119467 1.3206306650913457457 1.4175222674611251961 1.4304010587537816512 1.5854195242387425502 1.7348420134618911526 1.8263205542183280627 1.9752091210456397263 2.0571401213388678109 1.7872953250953467208 1.7948092585993296044 2.0466506108767039684 1.9687881270783846865 1.9352941632768041469 1.9084089782376894018 1.9199963274084601572 3.5375412730899036262 5.72450565388369359 7.4092738891209366514 14.245002280745818979 nan nan nan nan nan nan nan nan nan nan nan nan nan nan nan nan nan nan nan nan nan nan nan nan nan nan nan nan nan nan nan nan nan nan nan nan nan
0.1743558934618100742 0.52633362430393926257 0.74140610715567956124 0.83346972283471754128 1.1784526815480032003 1.3905542856350541214 1.508162988963046125 1.5620700129966851311 1.6273322572011628129 1.6834529396675426138 1.902302746814647838 2.773518019264305412 3.1274153416048733334 2.5985356906858081416 2.0263358053556430605 1.985349969561836847 2.8121463992261097609 2.7816756739512720209 2.9901959560761337542 2.7521953922888147126 3.8965524585630135768 5.4703627472985614233 6.2085382361358938397 8.4093958980182357266 17.32242597780583182 nan nan nan nan nan nan nan nan nan nan nan nan nan nan nan nan nan nan nan nan nan nan nan nan nan nan nan nan nan nan nan nan nan nan nan nan nan
0.18822070231516305205 0.35612000880510225054 0.82510511240009820622 1.0019113277270659257 1.2742368828380186141 1.5253662854022642659 1.6763332963769614903 1.7784845146957077855 1.7613393286701086726 1.923179856938366461 2.5961481300833537667 4.5213140944524434772 3.4118933300539460163 2.9515099789774517092 2.3530581182575898147 2.1138266908546743394 2.9937625924127928556 3.6273534215264078284 3.9510123723038157451 3.4890270436881571925 4.3812200938927086113 6.7830939189952816903 7.5651338036351480909 9.4332064574434522086 21.911504896308485968 nan nan nan nan nan nan nan nan nan nan nan nan nan nan nan nan nan nan nan nan nan nan nan nan nan nan nan nan nan nan nan nan nan nan nan nan nan
0.4350698756387891275 0.4985587202882723612 0.67903340551897106714 0.73068568837886149758 1.0340838381443628879 1.3395465078605661713 1.6699882406585468964 1.8492030303451825191 2.0701106589592330742 3.2728078573907444238 4.4591384534778875093 5.00540836375427034 3.6045704280368311423 3.4294347348128968456 3.0136251948133057077 3.2440971994014993207 3.9866378020381136871 4.0268015411453799146 4.0901150004227968537 4.0182713181980105333 4.541931624352194774 7.1432401155552289751 8.1176677208596554891 9.4002270183706819751 13.377884441869662524 nan nan nan nan nan nan nan nan nan nan nan nan nan nan nan nan nan nan nan nan nan nan nan nan nan nan nan nan nan nan nan nan nan nan nan nan nan
0.51662362523460358954 0.60945817392241030674 0.73987648305535647086 0.74120226168343061879 0.91116774325626537223 1.1305620376178726616 1.6815290024390499024 2.1085270298369445108 2.9249272653270632638 4.544573690448295622 5.5945225342743016839 4.7982772938192459478 4.2596243635540274042 4.373807523115639917 4.4534691816406093423 4.7776503759610831068 4.897932445556899772 4.8051420407813036917 4.6462482786211358743 4.8953766312219091361 4.2092703070243997487 4.4642890491127857899 5.9081637487230445061 7.2882355230179065586 8.977443319622992135 nan nan nan nan nan nan nan nan nan nan nan nan nan nan nan nan nan nan nan nan nan nan nan nan nan nan nan nan nan nan nan nan nan nan nan nan nan
0.55739365413615393763 0.64090525535867426399 0.71596520307262767613 0.87642932601208234367 1.1500769270033956992 1.3329925171869856371 1.7229827956466101657 2.6901691437519890115 4.2765848157015264874 6.2938609470840702897 6.7488265627905832389 5.247987973256688754 4.6554161477982338724 4.390456886810375714 4.6271096789526744431 4.8962210102014083191 5.1695577756909925071 5.1023506402990044251 4.6004993036318326816 5.0412987734660603678 5.4508556377647430224 4.7672731818719809027 5.6606952217353638801 7.6890387415264784821 9.1964122412863087419 nan nan nan nan nan nan nan nan nan nan nan nan nan nan nan nan nan nan nan nan nan nan nan nan nan nan nan nan nan nan nan nan nan nan nan nan nan
0.63926770649223008114 0.69204683409351852585 0.73712601032869606854 0.90960113285799737426 1.2606030306364863769 1.4781859124648935033 2.2488820988563018588 3.2073779695831157177 5.0755235566452956419 6.691115995932653604 6.3945190412130097357 6.3760624067241913338 5.7792520918065388713 5.5936300672108423271 5.6135988175786186716 5.6427040466428044496 5.7173030477124227033 5.5310966288759653153 5.409056856204712993 6.0102572694086084937 6.3952773705953216421 6.2577038497471804135 6.1932468171196441986 8.3603202633115270004 8.9610423229771249964 nan nan nan nan nan nan nan nan nan nan nan nan nan nan nan nan nan nan nan nan nan nan nan nan nan nan nan nan nan nan nan nan nan nan nan nan nan
0.54028977202482686426 0.60156187920311887662 0.65138489039925961954 0.83023426237042030618 1.2606087458991750427 1.7903514693756050757 2.8681160999473060969 3.8484649150854108868 5.6192723757160436548 7.8981170787335912564 7.3898993109434458759 7.0764494359901464193 6.8094797398155568757 6.4813499316216347523 6.2230704001069412357 6.1765301163776662463 6.1246013056555828058 6.0124950986928942243 6.378295849363822434 8.2434272034050906086 7.7798403162999800742 7.9317746710014267464 7.2230487724612899569 7.3521647864363064429 nan nan nan nan nan nan nan nan nan nan nan nan nan nan nan nan nan nan nan nan nan nan nan nan nan nan nan nan nan nan nan nan nan nan nan nan nan nan
0.96705196248808356074 0.85203718283828000502 0.73127765863631521981 0.88994601634283443392 1.2289977877123761107 1.6870965210687283165 3.1285901114317500316 4.2504700292272037387 5.7635005839613642209 8.9175050679782863483 10.369748436008920933 7.9843610131737259294 7.5386602071878874298 7.1220060004701482015 6.7155114466729175504 6.4626823719048616113 6.4506068260450906138 6.4330737785158484954 6.9232519426860115175 9.4998772481669497836 10.399970549572097767 9.0534964454676991608 8.7556095888655587345 9.3352962597496365049 nan nan nan nan nan nan nan nan nan nan nan nan nan nan nan nan nan nan nan nan nan nan nan nan nan nan nan nan nan nan nan nan nan nan nan nan nan nan
1.3087719019585046798 1.3541385051759735614 1.431346924911830687 1.4577267172337480261 1.3735451880128661806 2.2126928603519706584 3.8030080436622903939 6.0439016279621871064 7.4315047309345541038 9.6553091673657629457 8.5293630848156940516 8.233155723726834907 7.7411612835782168673 7.40661449540903849 7.0307972734150654404 6.85483181248280804 6.8496042363896565419 6.7796636657612729948 7.0946840316615640276 8.7715913964330969321 13.682510190839511921 12.620141939738655168 10.628441436138093223 9.913716003129120935 nan nan nan nan nan nan nan nan nan nan nan nan nan nan nan nan nan nan nan nan nan nan nan nan nan nan nan nan nan nan nan nan nan nan nan nan nan nan
0.96036438526381728842 1.2769751191007914226 1.3338264003320359219 1.5717706519803209542 1.9972609376590333419 2.6752684570390252716 3.3488527794458478049 5.5326779084547013099 7.5025254865046484554 9.7092930760228917109 9.9596094241050021623 8.6800766004107892115 7.8916423045913077772 7.6078978705892499335 7.3261612573005487903 7.3137215467365441768 7.3750715576959731123 7.527063464678161786 7.8808934291247529913 8.51203861746258994 15.68052701399783011 21.744034346169069494 nan nan nan nan nan nan nan nan nan nan nan nan nan nan nan nan nan nan nan nan nan nan nan nan nan nan nan nan nan nan nan nan nan nan nan nan nan nan nan nan
0.54990664934494948302 0.66144183943416923199 1.1183318997419333662 1.6203945895710547553 2.0298350161522162871 3.0296649484443558542 4.1374581647891215397 5.3144787909698676387 6.4707975784434994537 8.6010298313365964873 11.382861910492682256 9.6640231611487941166 8.9912204783456779467 8.701865161675057081 8.3045277155542525094 8.225337200293040496 9.8938003592165735256 11.847531134503965333 9.3520885850788708638 8.9538309622203815508 11.640677802129827612 nan nan nan nan nan nan nan nan nan nan nan nan nan nan nan nan nan nan nan nan nan nan nan nan nan nan nan nan nan nan nan nan nan nan nan nan nan nan nan nan nan
1.3289630190578809454 1.2389712335681237754 0.95360767919907463153 1.2682067512462253944 2.1494426362251086715 2.9105801556844639322 3.4015804455245652882 3.7265697646858995107 4.7735572025437216226 7.5027406505128571013 14.227471833855767969 13.34822616931644923 12.16464558635512816 11.359559882940965636 12.612826352727674717 16.560716654764942035 21.0888810252894352 16.274785427157141271 10.720974725154299279 10.613536536645009178 nan nan nan nan nan nan nan nan nan nan nan nan nan nan nan nan nan nan nan nan nan nan nan nan nan nan nan nan nan nan nan nan nan nan nan nan nan nan nan nan nan nan
0.72232214200717170804 1.3259985350286558337 1.7821483396838984081 2.6085748938250463702 3.0407648768834421027 3.2178712662152384461 3.7734593635347724039 4.4023269604574792879 5.6589585011696881267 7.6604150509812374281 12.930466533329862955 17.28358080912365935 17.890579139787590179 18.875862986933846344 17.460675431835419147 nan nan nan 12.52210753534785681 nan nan nan nan nan nan nan nan nan nan nan nan nan nan nan nan nan nan nan nan nan nan nan nan nan nan nan nan nan nan nan nan nan nan nan nan nan nan nan nan nan nan nan
0.85424416921039125761 1.0767579185761753102 1.8945440362783225741 3.0278701332653876754 3.1403581145945564934 3.300238869921075846 4.0891303442040998206 5.4104057165009455943 6.9153600745052603571 8.4951456588085250132 15.065482066537530415 24.642736243617278546 nan nan nan nan nan nan nan nan nan nan nan nan nan nan nan nan nan nan nan nan nan nan nan nan nan nan nan nan nan nan nan nan nan nan nan nan nan nan nan nan nan nan nan nan nan nan nan nan nan nan
1.5689087055451258479 1.1986034999898362852 1.3615138885154927095 2.3116796128930165999 3.2948976477477032176 3.7586651026616046956 4.5824794810674749357 6.1116938622591518993 8.0931979594360399233 9.4432321658953437549 12.669479397674560772 nan nan nan nan nan nan nan nan nan nan nan nan nan nan nan nan nan nan nan nan nan nan nan nan nan nan nan nan nan nan nan nan nan nan nan nan nan nan nan nan nan nan nan nan nan nan nan nan nan nan nan
1.9430553932753475976 1.6846730216925436263 2.2038954314420604597 2.7514273332617307233 3.3201096820585336289 4.2698283794922380352 5.2176592120947837827 7.0093254040042660691 8.9207681365402002882 10.659813376486139802 12.200809828447511052 nan nan nan nan nan nan nan nan nan nan nan nan nan nan nan nan nan nan nan nan nan nan nan nan nan nan nan nan nan nan nan nan nan nan nan nan nan nan nan nan nan nan nan nan nan nan nan nan nan nan nan
2.3792658420196661773 2.8584071449615180427 2.7587982386066132179 3.112857760301269483 3.1894145542239358271 3.5359986515986867595 4.0425305033382956665 4.7310606593568325096 6.3392152746159524668 8.0025922744352726568 15.698424424644915831 nan nan nan nan nan nan nan nan nan nan nan nan nan nan nan nan nan nan nan nan nan nan nan nan nan nan nan nan nan nan nan nan nan nan nan nan nan nan nan nan nan nan nan nan nan nan nan nan nan nan nan
2.311571325109020858 3.1435814231285070797 3.5471613417213720965 3.4751480529677074571 3.6447579687777538204 3.779099888766797033 3.9357373244448381477 4.5195904513975122541 6.2210916775052522709 8.4829135538170010733 14.437473592826526314 29.819964932208424813 nan nan nan nan nan nan nan nan nan nan nan nan nan nan nan nan nan nan nan nan nan nan nan nan nan nan nan nan nan nan nan nan nan nan nan nan nan nan nan nan nan nan nan nan nan nan nan nan nan nan
2.4578367370472995468 3.0326794732743813654 3.8535025689030235618 3.8415064161811498522 4.2998064019870021468 5.0097291397767911292 5.1669717692770742445 4.9086484486511006153 5.7143813859435761415 7.5651708802152226596 8.9375241045563758036 18.299625086128514795 nan nan nan nan nan nan nan nan nan nan nan nan nan nan nan nan nan nan nan nan nan nan nan nan nan nan nan nan nan nan nan nan nan nan nan nan nan nan nan nan nan nan nan nan nan nan nan nan nan nan
2.7993197419314364005 3.0599174112044065232 3.7851373992758068354 4.3021320875677275808 4.773598322457765164 5.3517573709440595664 5.727201951138446212 5.7600333175995794832 6.2749941635781221194 8.5852356471829764928 12.12793880904508903 28.106043122791543709 nan nan nan nan nan nan nan nan nan nan nan nan nan nan nan nan nan nan nan nan nan nan nan nan nan nan nan nan nan nan nan nan nan nan nan nan nan nan nan nan nan nan nan nan nan nan nan nan nan nan
