results/rofental/swe_month_2020-05-01T0000_2020-05-31T2300.asc
ncols        322
nrows        225
xllcorner    622802.488000000012
yllcorner    5178049.378999999724
cellsize     100.000000000000
[rows 140 to 167 of 225, columns 63 to 125 of 322]
nan nan nan nan nan nan nan nan nan nan nan nan nan nan nan nan nan nan nan nan nan nan nan nan nan nan nan nan nan nan nan nan nan nan nan nan nan nan nan nan nan nan nan nan nan nan nan nan nan nan nan 589.97454638717181297 575.16113419487408009 536.34980520845317642 497.71792508050879178 457.17962284395775896 437.31774175402495075 387.50864661228001751 378.5229724129487181 393.52521029404493902 377.69700286609298701 318.5582348547957281 281.83950690975598263
nan nan nan nan nan nan nan nan nan nan nan nan nan nan nan nan nan nan nan nan nan nan nan nan nan nan nan nan nan nan nan nan nan nan nan nan nan nan nan nan nan nan nan nan nan nan nan nan nan nan 573.93331160257571355 544.4100349803767358 551.58521356565449878 518.74157725965608279 467.9394349831592308 482.17997760281582487 466.01411363635907037 433.99201874770227505 425.92630140986477727 430.05684311610741588 432.31704716510557773 392.25966855800061239 316.36696915703464583
nan nan nan nan nan nan nan nan nan nan nan nan nan nan nan nan nan nan nan nan nan nan nan nan nan nan nan nan nan nan nan nan nan nan nan nan nan nan nan nan nan nan nan nan nan nan nan nan nan 520.76142957169224701 418.71849127223521236 398.06011391556523904 372.724750122102364 511.821097689672456 516.57343672297179182 480.8977462596121768 429.06488337709379266 385.58933600918959428 369.46826489794034387 358.35034202547802806 359.39572996355485657 356.43799404287034349 253.41285210608998568
nan nan nan nan nan nan nan nan nan nan nan nan nan nan nan nan nan nan nan nan nan nan nan nan nan nan nan nan nan nan nan nan nan nan nan nan nan nan nan nan nan nan nan nan nan nan nan nan 469.71329789236631314 474.33696953741878133 358.63643406319431506 312.71501290429375786 267.17915767642688252 259.10326638800330556 483.31551875361680004 535.68289481227657234 453.08846061203178124 377.8211434646313478 352.98740983405963334 343.47233348602344449 326.78947296778028431 257.57842461630849584 224.47962944190149415
nan nan nan nan nan nan nan nan nan nan nan nan nan nan nan nan nan nan nan nan nan nan nan nan nan nan nan nan nan nan nan nan nan nan nan nan nan nan nan nan nan nan nan nan nan 564.73041768313680677 505.63672630709510258 385.91342025365298696 418.10453356791231272 435.7558924001352807 363.96726781968516207 295.58533879614589068 250.48426847739523282 189.6111590322000211 238.37296409023940669 428.70833654542587965 491.94398026638032206 474.80609475918163298 421.28462383594609264 397.67086626158334184 398.85594846279690273 380.25715718741309956 349.30711761792093739
nan nan nan nan nan nan nan nan nan nan nan nan nan nan nan nan nan nan nan nan nan nan nan nan nan nan nan nan nan nan nan nan nan nan nan nan nan nan nan nan nan nan nan nan 361.35699007426239859 383.05112541531269699 443.56870411889383377 343.45509242792360283 313.24421787167233333 406.9658339172846695 424.13869694248131736 369.30690887837681657 281.5333630790748316 193.76921473399588081 164.71903843285284097 183.83606669114337251 307.79939410841473091 430.21496881513525068 476.58962054097298733 482.90902274266949235 468.38724032118318519 441.83570561735928095 406.41740847171325868
nan nan nan nan nan nan nan nan nan nan nan nan nan nan nan nan nan nan nan nan nan nan nan nan nan nan nan nan nan nan nan nan nan nan nan nan nan nan nan nan nan nan nan nan 332.60979838311413914 335.63303570212201521 341.98982899660688872 368.80419831633383865 273.3830941195677724 277.62979429546157917 279.26669645900943806 332.43510412789692055 295.2590402193586101 265.79885212107211601 194.24532908042840518 125.65912459962733294 143.60317344751956625 191.04817679138017184 212.14370449953787556 244.95534309857708877 309.61719940644826465 386.25803012069832221 362.58114237530401169
nan nan nan nan nan nan nan nan nan nan nan nan nan nan nan nan nan nan nan nan nan nan nan nan nan nan nan nan nan nan nan nan nan nan nan nan nan nan nan nan nan nan nan nan 439.51531283100302971 399.96236154653632866 351.51632893349818687 351.26424360116590151 340.2394228280999755 350.84085667833630851 334.84142021172607429 352.46681277936647803 346.48088239643033148 336.77888752757746715 331.95049210108021498 244.07375972236931716 152.48268170633454588 122.77791928524976584 119.82542357779573194 166.5253314628988619 154.96053315483240453 242.18015322963216818 159.85129719285919236
nan nan nan nan nan nan nan nan nan nan nan nan nan nan nan nan nan nan nan nan nan nan nan nan nan nan nan nan nan nan nan nan nan nan nan nan nan nan nan nan nan nan nan 571.62754985946992292 512.52979370562457007 432.00197990979916085 409.4978851272690008 424.01992849015670117 415.62964846032360811 407.38870060196211398 402.95304846456514269 406.92458705702529187 404.36847129989757832 390.90911422229265781 387.28561450904169305 376.6797830123281301 346.80293369028510142 285.81211964501824241 173.74317977324696471 139.41436008793618839 87.307332925795805068 89.17327078323783951 93.01271458902245115
nan nan nan nan nan nan nan nan nan nan nan nan nan nan nan nan nan nan nan nan nan nan nan nan nan nan nan nan nan nan nan nan nan nan nan nan nan nan nan nan nan nan nan 579.3064829678460228 553.24437707358003991 483.37719151565272568 434.99620372833692272 433.07701168380100398 429.91918973156259653 423.56062604571030761 422.03122986047753784 410.04293660777796049 387.02247806740166425 370.90505558496892036 371.6372599447305447 361.73629164589561924 340.97025329020652862 326.46232916341773489 315.45056440250988317 282.6388104074304124 235.99482179352901312 115.72833164988021792 79.740140863182617181
nan nan nan nan nan nan nan nan nan nan nan nan nan nan nan nan nan nan nan nan nan nan nan nan nan nan nan nan nan nan nan nan nan nan nan nan nan nan nan nan nan nan 589.00379746256191993 558.96862638344020979 520.57100362192966259 514.76209869978595179 486.57588840564790189 460.79907891955127752 459.63250002332671329 454.042148935821956 461.8607875641184819 455.94877739870378264 438.28211966982286185 410.84873339377645607 385.24216384580739714 352.40637939765963438 296.74894359614643236 215.55540470282747378 168.38013324424241546 131.98347547938044499 140.31379051303471783 154.92856964637056194 169.78151648574674937
nan nan nan nan nan nan nan nan nan nan nan nan nan nan nan nan nan nan nan nan nan nan nan nan nan nan nan nan nan nan nan nan nan nan nan nan nan nan nan nan nan 588.23136344365593686 578.73801678695394912 558.29247874507018423 561.96459031228118874 553.42675825321271077 539.51814760355421186 534.43877346185615806 529.63348390342366656 507.02530517869581672 502.90672034282044933 504.66486522933786318 494.54374288834185336 472.2827351721759328 444.80271883430953039 392.42456992748651601 338.11216559354880928 316.86119769289439319 271.78260801512817579 181.4756663638245584 149.0932207766799138 153.56197248200678018 193.09397177172613169
nan nan nan nan nan nan nan nan nan nan nan nan nan nan nan nan nan nan nan nan nan nan nan nan nan nan nan nan nan nan nan nan nan nan nan nan nan nan nan nan nan nan 570.21712291406709028 560.04338075110604223 558.06155993691322692 549.88166374489946975 536.51925419116389548 543.27349978877873582 553.04639441444726344 555.48739970967005775 560.82681486953845251 539.41381115819899605 527.40034933756294322 517.62138016708900068 504.77921832740747732 472.45547803374688556 431.58687160192283727 357.82578178892435972 323.85043910182548643 132.84095883843994557 71.807555259253618374 208.45894486128690914 222.90478201312231477
nan nan nan nan nan nan nan nan nan nan nan nan nan nan nan nan nan nan nan nan nan nan nan nan nan nan nan nan nan nan nan nan nan nan nan nan nan nan nan nan nan 606.14506577337499493 583.17378455195500919 578.95303859580963035 575.57881362173372963 569.25195333604699499 558.04402979650751604 562.14822101399443 572.11149977755815144 577.84590771649095586 585.05708588636616696 584.13582885100061048 581.896255854852825 562.11000832281206385 509.22994446128979007 467.90520214846901581 429.8477190557623544 359.50717231966569898 225.07249745872596236 168.35251257518763168 130.79704092586595721 151.89576225869939208 233.22838209484928029
nan nan nan nan nan nan nan nan nan nan nan nan nan nan nan nan nan nan nan nan nan nan nan nan nan nan nan nan nan nan nan nan nan nan nan nan nan nan nan nan nan 622.09475154268602637 604.28883155242021985 585.35079101854068995 579.38856440926178948 577.69818791327838881 575.59627857522434624 577.6101048489083496 588.33219177258320087 550.48666663609060379 401.42260959865598124 318.83095518823779457 385.54840817880750592 410.30499170569669332 390.09692616302606893 396.8494429484999273 368.85356145273652828 211.39630457123885776 154.67595406285559534 104.10202585386707597 146.19572676552118651 144.25816996260215319 143.89189687532140738
nan nan nan nan nan nan nan nan nan nan nan nan nan nan nan nan nan nan nan nan nan nan nan nan nan nan nan nan nan nan nan nan nan nan nan nan nan nan nan nan nan 626.32268604167791182 622.48195100780264966 612.11073558378211601 587.3600030622316126 572.79940621012940483 578.99225655607085628 566.49639795163875533 491.66150657548234904 437.44629899376536741 324.60306059139401214 281.17919015623402856 312.97999632571031725 387.13995797264510657 378.68764912390628297 345.17412552078138788 277.5036514630078841 183.55257287930669463 125.17940144408987635 124.17052256605846594 138.91074870867748814 137.91255908577591072 141.74578655325214527
nan nan nan nan nan nan nan nan nan nan nan nan nan nan nan nan nan nan nan nan nan nan nan nan nan nan nan nan nan nan nan nan nan nan nan nan nan nan nan nan nan 599.55507290373157048 603.01791290872040463 593.62950877051696352 587.12767718594432154 580.13413333865275945 506.97474388374706677 419.23046808177952016 421.78672442438448797 395.20413647577271377 320.58226553042385376 276.17628440668642043 231.80053993885624664 209.01383938653623318 271.80756488560564321 324.10459999333528458 312.7759570044991051 258.33716906838623117 159.17019689159101858 187.68375837436158804 193.71195242856398977 194.74477464995516129 190.19807106223518645
nan nan nan nan nan nan nan nan nan nan nan nan nan nan nan nan nan nan nan nan nan nan nan nan nan nan nan nan nan nan nan nan nan nan nan nan nan nan nan nan 541.87750313876745167 533.31384557044782468 547.92867994262235243 508.68058235187851324 465.5592056142486399 427.05908052492361549 412.78978935916495629 450.0752524415845528 460.07142152508589561 431.15529864968084439 363.90515203926747745 233.92090160101778906 181.86928350569399981 183.16624185011738746 201.33920001350986695 228.04564854014461162 243.27995071881161948 223.93633656465996751 175.31284802345524554 198.33304980451543997 198.05145939893276363 136.05352413415468504 129.86773780626262464
nan nan nan nan nan nan nan nan nan nan nan nan nan nan nan nan nan nan nan nan nan nan nan nan nan nan nan nan nan nan nan nan nan nan nan nan nan nan nan 472.9083782998182528 486.41682986217722373 502.09943715080328275 544.3416372200481419 540.70845422145123393 522.40916092238921919 495.11251935119292966 451.46656915244659558 471.695182958284704 484.06201110422802003 471.33920427799756681 430.5214448203036568 371.51529729838756566 272.57920971429177825 213.17891751560526359 205.96869570546675732 220.9658248388828099 212.63462055630554914 151.54121884953713106 208.62068585569338097 144.66741232002323159 141.8142715119763011 138.39094488008026929 134.9278027358171812
nan nan nan nan nan nan nan nan nan nan nan nan nan nan nan nan nan nan nan nan nan nan nan nan nan nan nan nan nan nan nan nan nan nan nan nan nan 575.51878057294186419 459.30378471570094234 423.81397273975466078 435.68403093283370708 455.98039792671346504 504.16025673380016769 552.18166310778360639 565.99024575226508205 546.20104918813740369 501.18077786194498913 467.99261567395905104 468.59705845234356048 485.29627993562530719 454.53039554553754442 433.27743820431436461 367.78965070124667136 277.55895565882650544 235.08963297210829069 214.79135296794623855 178.95670395700523159 130.58826336859257822 146.4342187238528652 146.75748060788561133 147.39397514264820188 142.24480395904436136 142.40476006327949676
nan nan nan nan nan nan nan nan nan nan nan nan nan nan nan nan nan nan nan nan nan nan nan nan nan nan nan nan nan nan nan nan nan nan nan nan 528.05045997788727163 498.40241939075406208 418.36619604377057158 407.74068331677528931 402.3606584711798746 417.51373706145369624 433.53899863459650987 455.99499084225345769 519.14444721924189707 569.47943474102805794 556.29537366264889897 495.29497874349499398 444.65770127898895225 405.80968337949656188 388.64207535731856069 412.11155136218877715 368.44091864566973982 246.76744872597080871 235.9962919925767153 274.53745162615376785 145.35330458480623861 142.18656147980794913 143.80506438278658266 153.55867589761402314 158.78665310786743703 155.21900877995409473 157.10095427005271063
nan nan nan nan nan nan nan nan nan nan nan nan nan nan nan nan nan nan nan nan nan nan nan nan nan nan nan nan nan nan nan nan nan nan 561.52729529409850784 431.28569706340829271 426.59033921707867876 431.66670715769311073 397.87317707448892179 397.39956413960140935 383.84646342897917748 390.88576466803806397 404.24084265572645336 418.46019357679767836 400.58502482035100911 401.87224069482613231 558.57938370072849921 569.49677611049128245 536.31150161694779399 501.57255064887550589 448.89509066450284536 416.5799686979054286 436.05519777901201905 449.66904469002730593 350.98180645038149805 294.17647177027765792 144.75748938007890843 158.5832474586586045 173.93365879330036705 182.59251006354787705 180.11865485976704804 174.6531581315406072 187.66051974227661958
nan nan nan nan nan nan nan nan nan nan nan nan nan nan nan nan nan nan nan nan nan nan nan nan nan nan nan nan nan nan nan nan 592.51077834973420977 565.49520054720369444 501.62778860597921948 447.02780486395676007 442.95804611039466181 409.54243543640967573 381.84511395314621041 379.93152666448366972 379.48489093157218122 371.88653790614074524 372.73169056868931648 385.94452300630916852 383.95672147483020353 336.28108870077073789 235.36007088805865806 350.08411684621006543 443.75063933979998865 488.1992688693582636 490.28263896772995167 516.92196524097664678 512.95487908109339514 485.46233549923744022 428.39510202876425637 382.72837996360408397 231.19824288771295073 239.79056382559031135 208.84326220388837214 206.1092206385514487 204.6098496358768557 181.94918013760425879 177.1641515844144692
nan nan nan nan nan nan nan nan nan nan nan nan nan nan nan nan nan nan nan nan nan nan nan nan nan nan 654.42881075204297758 625.61315306194899222 611.60505358729244563 598.40203692679972391 582.09927751877069113 557.51261089985860053 536.15428615877203811 529.37523514063741459 511.19141295371377964 459.96272840341873689 457.41578828152751157 393.83979091454432364 360.08631193327829578 355.70275231935403326 366.99625470290374096 385.14206806619603185 383.82955215182704478 386.07186054576305878 301.0430124390364881 288.8021009587636172 219.61750902654935658 173.13850793382755455 215.6995748787343814 310.98491486494117453 258.22578345536038569 265.78927895834897299 290.63233299787020769 312.35474084570847708 335.38367892299908135 282.04596964325787667 248.14090245435482984 223.07357834983827161 201.92910950842838247 205.71567454761648719 216.94269167865414261 200.24140539602490207 173.29687350408138968
nan nan nan nan nan nan nan nan nan nan nan nan nan nan nan nan nan nan nan nan nan nan nan nan nan nan 637.96103850332781349 601.88504834992284032 591.6893633103323964 572.13003811270630194 561.70487759992852261 550.08273927278912652 534.5373389580931871 519.41606571963086481 522.62084678582039032 495.75831537820124595 479.63618606919436615 415.13821537833183584 423.48949674817532696 397.40804170842744725 360.30413134830786248 299.29715103253101915 314.26522627879472793 339.9505577710189641 317.42303802270771484 305.6864362932548147 287.08927179794790163 189.11300582592792807 172.45188230630373027 269.76122711509475494 277.02971022882837815 239.77573497662578461 246.05994574682017628 227.58022200381688549 194.88973357719930846 199.35086768519281009 213.37053549689852616 195.23935908262569683 185.51687908910869851 183.90842713541101716 185.91520775387235176 189.72610060080714334 200.78986518986843635
nan nan nan nan nan nan nan nan nan nan nan nan nan nan nan nan nan nan nan nan nan nan nan nan nan nan 649.29560151820135161 631.29819411620019309 613.62935519467680479 591.57528617108835078 571.83283689550319195 560.15096400954382716 546.38220831430794533 519.40307230637301927 507.41311449234933662 520.35020666348805207 514.6686610304432179 454.61731617543375705 425.36098133325515391 361.5308047534981597 330.79693532618392737 300.33674368944025446 288.82065219920298205 303.27661688182382704 296.84898862781307116 266.84637031095894599 256.99793430347671119 187.11636100662195759 159.86478320820990007 195.41514028933605118 223.83559224361937368 200.91861437111018063 188.74023897267545635 113.90508285890848583 208.41547661769473621 227.90662458855786099 200.86486701095103058 181.26751585755880569 166.49174471279994236 153.31921083132326089 155.20029786792039772 171.26038218384559286 197.95575107916738489
nan nan nan nan nan nan nan nan nan nan nan nan nan nan nan nan nan nan nan nan nan nan nan nan nan nan 639.78376824252268307 645.94732754323160862 627.91663519304597685 600.348985878772055 591.4711365856728662 573.06685789733285219 539.88303867917863954 515.01932203443027447 483.34752437981541107 505.00240582373169218 524.56724426727441823 485.46091139784675761 355.54073907375936869 360.30357570980902437 365.25213224615600893 351.08185487220725918 326.39450607418211803 324.58528893633103962 293.68846531985963111 287.58773339238314293 268.21759017059230246 216.32255814730697807 183.79476225958231339 183.71583742648761017 218.96245515809334847 242.1670182031380989 197.67864305148927428 209.80862177752095477 200.67216390262780124 193.45254227598957186 188.42316051677650535 174.58100147016438086 152.93073413424215801 137.78372400407658915 144.04879274849395188 194.18156225188553776 242.94788420903068982
nan nan nan nan nan nan nan nan nan nan nan nan nan nan nan nan nan nan nan nan nan nan nan nan nan nan nan 610.61166116408685411 583.92933976109225114 555.85335882409503938 553.74390034493433177 584.05786261816297156 592.16026917622389192 560.47432968849329882 511.74051246356629008 464.22935746382813704 487.12063781001660345 503.77292391030619001 395.88166164775054767 354.48909589499658068 383.31617970040008458 395.52097958296269553 386.59508614440142082 391.20566442398393292 360.39976720844117608 344.41174659993015439 351.98774259902450012 315.57829765532204647 299.20355088686272893 296.38695410771464367 311.29704829267944888 318.33097866991494129 223.88167001601368611 198.16436209739518404 189.64182435271806071 186.38474872366435875 180.13406610543663078 165.13336205867562967 145.40784663874481453 150.50966048919897844 229.8913229477769562 318.54195674544814665 364.18942384922536348
