results/rofental/swe_month_2020-06-01T0000_2020-06-30T2300.asc
ncols        322
nrows        225
xllcorner    622802.488000000012
yllcorner    5178049.378999999724
cellsize     100.000000000000
[rows 116 to 144 of 225, columns 65 to 129 of 322]
nan nan nan nan nan nan nan nan nan nan nan nan nan nan nan nan nan nan nan nan nan nan nan nan nan nan nan nan nan nan nan nan nan nan nan nan nan nan nan nan nan nan nan nan nan nan nan nan nan nan nan nan nan nan nan nan nan nan nan nan nan nan nan nan 512.231509217235498
nan nan nan nan nan nan nan nan nan nan nan nan nan nan nan nan nan nan nan nan nan nan nan nan nan nan nan nan nan nan nan nan nan nan nan nan nan nan nan nan nan nan nan nan nan nan nan nan nan nan nan nan nan nan nan nan nan nan nan nan nan nan nan nan 517.61450664217102258
nan nan nan nan nan nan nan nan nan nan nan nan nan nan nan nan nan nan nan nan nan nan nan nan nan nan nan nan nan nan nan nan nan nan nan nan nan nan nan nan nan nan nan nan nan nan nan nan nan nan nan nan nan nan nan nan nan nan nan nan nan nan nan nan 515.15407562303380473
nan nan nan nan nan nan nan nan nan nan nan nan nan nan nan nan nan nan nan nan nan nan nan nan nan nan nan nan nan nan nan nan nan nan nan nan nan nan nan nan nan nan nan nan nan nan nan nan nan nan nan nan nan nan nan nan nan nan nan nan nan nan nan nan nan
nan nan nan nan nan nan nan nan nan nan nan nan nan nan nan nan nan nan nan nan nan nan nan nan nan nan nan nan nan nan nan nan nan nan nan nan nan nan nan nan nan nan nan nan nan nan nan nan nan nan nan nan nan nan nan nan nan nan nan nan nan nan nan nan nan
nan nan nan nan nan nan nan nan nan nan nan nan nan nan nan nan nan nan nan nan nan nan nan nan nan nan nan nan nan nan nan nan nan nan nan nan nan nan nan nan nan nan nan nan nan nan nan nan nan nan nan nan nan nan nan nan nan nan nan nan nan nan nan nan nan
nan nan nan nan nan nan nan nan nan nan nan nan nan nan nan nan nan nan nan nan nan nan nan nan nan nan nan nan nan nan nan nan nan nan nan nan nan nan nan nan nan nan nan nan nan nan nan nan nan nan nan nan nan nan nan nan nan nan nan nan nan nan nan nan nan
nan nan nan nan nan nan nan nan nan nan nan nan nan nan nan nan nan nan nan nan nan nan nan nan nan nan nan nan nan nan nan nan nan nan nan nan nan nan nan nan nan nan nan nan nan nan nan nan nan nan nan nan nan nan nan nan nan nan nan nan nan nan nan nan nan
nan nan nan nan nan nan nan nan nan nan nan nan nan nan nan nan nan nan nan nan nan nan nan nan nan nan nan nan nan nan nan nan nan nan nan nan nan nan nan nan nan nan nan nan nan nan nan nan nan nan nan nan nan nan nan nan nan nan nan nan nan nan nan nan nan
nan nan nan nan nan nan nan nan nan nan nan nan nan nan nan nan nan nan nan nan nan nan nan nan nan nan nan nan nan nan nan nan nan nan nan nan nan nan nan nan nan nan nan nan nan nan nan nan nan nan nan nan nan nan nan nan nan nan nan nan nan nan nan nan nan
nan nan nan nan nan nan nan nan nan nan nan nan nan nan nan nan nan nan nan nan nan nan nan nan nan nan nan nan nan nan nan nan nan nan nan nan nan nan nan nan nan nan nan nan nan nan nan nan nan nan nan nan nan nan nan nan nan nan nan nan nan nan nan nan nan
nan nan nan nan nan nan nan nan nan nan nan nan nan nan nan nan nan nan nan nan nan nan nan nan nan nan nan nan nan nan nan nan nan nan nan nan nan nan nan nan nan nan nan nan nan nan nan nan nan nan nan nan nan nan nan nan nan nan nan nan nan nan nan nan nan
nan nan nan nan nan nan nan nan nan nan nan nan nan nan nan nan nan nan nan nan nan nan nan nan nan nan nan nan nan nan nan nan nan nan nan nan nan nan nan nan nan nan nan nan nan nan nan nan nan nan nan nan nan nan nan nan nan nan nan nan nan nan nan nan 569.73096938137700818
nan nan nan nan nan nan nan nan nan nan nan nan nan nan nan nan nan nan nan nan nan nan nan nan nan nan nan nan nan nan nan nan nan nan nan nan nan nan nan nan nan nan nan nan nan nan nan nan nan nan nan nan nan nan nan nan nan nan nan nan nan nan nan 537.75148807683137875 479.26061329002646971
nan nan nan nan nan nan nan nan nan nan nan nan nan nan nan nan nan nan nan nan nan nan nan nan nan nan nan nan nan nan nan nan nan nan nan nan nan nan nan nan nan nan nan nan nan nan nan nan nan nan nan nan nan nan nan nan nan nan nan nan nan 632.20881877142039684 497.66086405155368766 450.48097685738554219 415.76904744683196213
nan nan nan nan nan nan nan nan nan nan nan nan nan nan nan nan nan nan nan nan nan nan nan nan nan nan nan nan nan nan nan nan nan nan nan nan nan nan nan nan nan nan nan nan nan nan nan nan nan nan nan nan nan nan nan nan nan nan nan nan nan 650.56250864176581672 498.26565583021459815 417.41796254792200216 374.63789699222161289
nan nan nan nan nan nan nan nan nan nan nan nan nan nan nan nan nan nan nan nan nan nan nan nan nan nan nan nan nan nan nan nan nan nan nan nan nan nan nan nan nan nan nan nan nan nan nan nan nan nan nan nan nan nan nan nan 597.22072494758253924 606.8306251185263136 nan 485.00002975649715609 398.5857436487999621 615.34023803212289749 616.99786400779282758 473.01607365865680777 294.9161207766542816
nan nan nan nan nan nan nan nan nan nan nan nan nan nan nan nan nan nan nan nan nan nan nan nan nan nan nan nan nan nan nan nan nan nan nan nan nan nan nan nan nan nan nan nan nan nan nan nan nan nan nan nan nan nan nan 594.86385717384064264 574.77349706098948445 548.05969344172376623 550.40544960131785501 361.97300275683431892 237.26786866923336561 403.68846334309722579 443.69633698622249085 437.95780117564663669 227.42114512367402313
nan nan nan nan nan nan nan nan nan nan nan nan nan nan nan nan nan nan nan nan nan nan nan nan nan nan nan nan nan nan nan nan nan nan nan nan nan nan nan nan nan nan nan nan nan nan nan nan nan nan nan nan nan nan 675.68511125290876862 580.04786050806558251 466.82435686533381158 373.08550879077932905 371.73141154981448153 180.18966616018934701 62.394561037331150999 271.95733026461266491 189.06293288568787148 216.07802524134891087 86.49376026055183786
nan nan nan nan nan nan nan nan nan nan nan nan nan nan nan nan nan nan nan nan nan nan nan nan nan nan nan nan nan nan nan nan nan nan nan nan nan nan nan nan nan nan nan nan nan nan nan nan nan nan nan nan nan 708.71272787640805291 667.47084266307911093 493.79836722214400879 339.73388844938602915 265.69672612988932769 166.22996762587979447 80.416396697555242667 65.861639387502208365 88.346163760701131196 87.16932501948410561 81.464323842458824743 55.308836110651199647
nan nan nan nan nan nan nan nan nan nan nan nan nan nan nan nan nan nan nan nan nan nan nan nan nan nan nan nan nan nan nan nan nan nan nan nan nan nan nan nan nan nan nan nan nan nan nan nan nan nan nan nan 575.26242208484313778 458.85105568598578429 543.35049014880200957 416.11478772346163169 358.47245182938610242 368.89824160072595305 278.98056408604549006 191.30776173659270967 190.63742413438214385 190.37555096620627637 184.36985021509900662 113.17252652215709929 107.14696672026079227
nan nan nan nan nan nan nan nan nan nan nan nan nan nan nan nan nan nan nan nan nan nan nan nan nan nan nan nan nan nan nan nan nan nan nan nan nan nan nan nan nan nan nan nan nan nan nan nan nan nan nan nan 567.53897976577832196 430.47579524177831445 519.95045028047843516 481.39065801799671362 464.22004378677405612 412.69754615923733354 299.96819319813494076 249.46334596633568026 188.78796475571650149 161.26217785236829627 129.53961998288176005 48.862670590331745757 49.299041318268088219
nan nan nan nan nan nan nan nan nan nan nan nan nan nan nan nan nan nan nan nan nan nan nan nan nan nan nan nan nan nan nan nan nan nan nan nan nan nan nan nan nan nan nan nan nan nan nan nan nan nan nan 606.06562508461081507 507.07618288560718156 382.59512320932327611 441.54886806674198851 430.03397431765728243 446.87654729975008649 467.10813588400611707 402.5009901425931389 391.13862955375634556 214.25185784696148517 160.80988033951774696 51.344788055228349322 25.071919663428182901 40.861794359584052927
nan nan nan nan nan nan nan nan nan nan nan nan nan nan nan nan nan nan nan nan nan nan nan nan nan nan nan nan nan nan nan nan nan nan nan nan nan nan nan nan nan nan nan nan nan nan nan nan nan nan 571.0981670938026582 595.5538865706504339 528.37953202015125953 396.202304357299397 405.75597447527002259 337.65801582875354825 234.09133102093045409 247.90937534757347294 206.51849028017727505 249.87501152234364099 307.74055255557493638 303.38213735191993692 196.74135512861693087 71.616412856391818309 40.666447088409725552
nan nan nan nan nan nan nan nan nan nan nan nan nan nan nan nan nan nan nan nan nan nan nan nan nan nan nan nan nan nan nan nan nan nan nan nan nan nan nan nan nan nan nan nan nan nan nan nan nan 673.25867544338586868 652.97051019082505263 577.07553820492501018 488.82788657707516222 406.84893007094854056 374.16593343483987155 219.78659394347107536 193.03338055027995779 217.72034559094879569 191.25839057058217918 107.56818632029126093 53.103616518330234442 96.857395337178203931 156.54033035712197375 114.33483460238196017 32.5834163401081085
nan nan nan nan nan nan nan nan nan nan nan nan nan nan nan nan nan nan nan nan nan nan nan nan nan nan nan nan nan nan nan nan nan nan nan nan nan nan nan nan nan nan nan nan nan nan nan nan 637.31390360958403107 580.35316506099263734 613.56694996441262901 547.37359971557145855 424.28723363513415734 441.70055425827996487 400.65834255316826784 275.0561782976305949 255.59865514449842294 261.67815046640794208 263.9891317254017622 191.67221115211000892 71.135309517607339558 26.985937698765919635 15.864197115039319286 47.144797935525751598 74.513605690976334017
nan nan nan nan nan nan nan nan nan nan nan nan nan nan nan nan nan nan nan nan nan nan nan nan nan nan nan nan nan nan nan nan nan nan nan nan nan nan nan nan nan nan nan nan nan nan nan 560.58030968868524724 405.93320554429311642 374.97400732035941928 305.36606069527107366 514.68067337695174501 516.89676227781205853 438.91662184091359222 282.06021065239508516 198.76272005808766608 174.77525774464743336 156.58168227622374502 153.73258050882049019 135.64347048587609379 24.321987124878166497 6.8334395623467747427 6.0504632621933982506 4.3540679785770954879 6.8697933096620067417
nan nan nan nan nan nan nan nan nan nan nan nan nan nan nan nan nan nan nan nan nan nan nan nan nan nan nan nan nan nan nan nan nan nan nan nan nan nan nan nan nan nan nan nan nan nan 467.78162456480413312 493.1486801398220905 298.59929845753282507 225.02490134515755926 157.14871503517710494 125.9723794395743397 438.53332260101626616 562.33728950785211964 325.35691003838792312 186.97372470442081749 142.18246669151690753 128.55614651031953599 101.16775628761024564 30.496137820082246606 9.0156561192612780786 4.0812361558871526057 3.7488159312981190752 3.5654777314203287553 4.1253668762717286
nan nan nan nan nan nan nan nan nan nan nan nan nan nan nan nan nan nan nan nan nan nan nan nan nan nan nan nan nan nan nan nan nan nan nan nan nan nan nan nan nan nan nan 607.15723557111061837 505.00760535861826384 337.95300522310185443 393.79518366161215681 403.12529586788286906 271.4421911086410546 106.96740891896379821 50.370234072067333386 10.986577382770985167 43.874364509630787268 350.65948444539731099 415.49805896689474594 352.05219270751848626 233.86319851060488872 190.42568041559212588 179.65021205256209669 161.01854281042650996 114.00621449259057272 9.4637760748882246986 3.3904419769750138158 3.2172495563148877373 2.835941435871503824
