results/rofental/swe_month_2020-04-01T0000_2020-04-30T2300.asc
ncols        322
nrows        225
xllcorner    622802.488000000012
yllcorner    5178049.378999999724
cellsize     100.000000000000
[rows 168 to 195 of 225, columns 126 to 188 of 322]
432.07306724909028617 403.14285621515853109 372.82753110348312475 328.88327880907223744 336.25020717583214491 392.51000425167802632 358.90487692673968922 268.82874244319617674 224.7941713129755783 259.62122401628391799 283.22760250507366209 278.73709287330842699 274.89140869083809093 278.12042185645867676 293.36417758793800203 332.21055044189938599 337.95054647065188647 353.92288625792252788 378.86104601354918486 387.02341381183862268 393.70747030345881967 383.21961217625135987 400.31586572244560784 352.96861700702140752 340.73555132562495373 330.21917334865008797 334.0071322654226833 362.93487015935323825 381.66889855191760716 386.12119351725976912 383.80541855419807007 366.3851236763504744 367.19112438029901568 387.39396297229438915 431.50229537283513537 423.54463221233470449 431.07227255338335681 418.87462233943114143 398.62547992402153341 415.89728489941012413 454.62221924506201276 463.6236794916557642 466.81107552585535814 468.03210502585261565 467.66067709223307247 469.67801344996343005 475.40482317925875577 475.95604796530432168 474.30310027529770878 473.23285328475560618 462.16867905333157296 451.68917690381067587 492.06043527931524295 568.94085867402577605 nan nan nan nan nan nan nan nan nan
447.21019775778233907 431.80292193410497248 391.0599235650756782 337.52910035449326642 280.59977825957111008 nan nan 327.76216216030252326 293.73509346833270683 302.32161465824776769 329.9050728521435758 308.36714265505253252 286.32601000484066844 265.44415720468822428 256.78904465654983369 280.24165381729920909 292.88129738137263303 302.25380869961600183 296.52502043718430969 315.1961796522188024 362.96295441349678867 351.12863928454549978 341.02193812687971786 300.01735171140808234 298.47135827263599595 307.62875699359250348 336.20764727438807995 358.31916543971908595 363.46017302315749475 375.20371257669853549 377.20413277840054889 365.93592276542779018 378.66560629585097786 368.53211761769409804 358.10152238641273925 390.85814829130225689 409.95970594804873599 428.18437847585926193 430.7135418452485851 439.70570892047220468 455.04005159119498103 462.77426496666151934 465.77888974785577147 465.97921585806551548 463.65342197556742576 465.63259019928909765 471.89738631921835577 475.04468173671676823 475.17789547204927203 477.88256216716962399 473.14765288632418105 456.77058961818187299 453.21103019798567857 502.33487970250075705 nan nan nan nan nan nan nan nan nan
451.01280543961848934 435.32647201691742112 404.33475772587041774 360.14430016920920252 nan nan nan nan nan nan 300.13597073186781472 267.40345784549697328 262.87327362034636735 267.66823548697539081 264.9824877859051071 268.55628337603639011 276.3553861661472979 298.65405618217789652 301.02956988791930826 283.35393069373606068 247.666830212242985 227.36125382516323157 234.34878992121707597 285.79806374791695589 293.73293730127699064 297.28880918236137632 336.9723872312650883 354.57830812712273882 355.94805828227515576 365.86565774212095903 372.52144060969209249 371.67201143859114154 375.52268895775000601 368.40788328725983547 365.05120274254483093 399.76798990855218108 424.59472543966336389 441.90743296921084493 445.92271276201961427 451.4105664573452259 459.12054888201998892 464.37331579800280679 462.83075622438082064 463.39678682489972061 469.09548964127924364 475.32730524472816569 475.59145376255946758 474.30444796286991505 472.98975676462185902 476.98722995396309443 471.51370747715981224 462.51666366610362502 483.05639078250021612 522.88591054281937431 nan nan nan nan nan nan nan nan nan
433.34920804035755282 nan nan nan nan nan nan nan nan nan 272.64390117856896723 237.07860265897750196 189.55902944304526159 192.03223209001089344 195.23467779213012818 190.59155351697489778 189.88738762318342879 212.80959161868511842 202.37620806132778739 212.48273726064584821 220.85143815425874436 220.52867438605318284 215.69589561021200552 223.60962860834069943 256.54948428538722283 265.4388544835205721 333.77232066732744897 347.90829594318876161 346.46997117766318297 357.46662916097471907 367.9255743317339693 367.86002268293498219 384.8097203993399944 384.64871449296657602 383.15459697123696969 404.06851224812550072 420.29300979560525775 447.83654446787613779 452.28949091523355719 458.17380839580420115 462.29447531444264996 462.70815450081579456 464.39896602747455745 470.99831841023575407 475.28811824722629353 474.4240791751212214 474.86594239515778781 473.51345961075702462 468.79860112077454914 470.19973105390141654 471.83128362022353031 426.10931137112169154 378.68370217709264125 392.9749305906805148 521.64790064857993457 nan nan nan nan nan nan nan nan
nan nan nan nan nan nan nan nan nan nan nan 217.10740374887603821 156.68594778648076726 143.56269656555593883 155.84713856503131524 167.14964230967797221 182.50154687866603354 189.79648371377538751 197.44416486973310043 195.38661397557049781 188.28205790036375333 184.39636805669366026 194.57914776907975352 199.84331847967050066 250.92659088932771283 268.63052937548002319 282.28792255999479721 298.57176703251110439 341.25672578380169853 355.0835943710645779 367.02511988377909802 359.82438126378787047 381.04443474768174838 396.63786847893959475 388.51136068678999891 386.54070743092614748 426.97526646551892782 444.30196643881998853 452.63463692236155111 461.61384528843655062 464.95063645606592218 466.73252460637229433 477.27834767259003002 472.4588245126582251 469.48133780650789504 469.75634476312467314 472.33278380016020037 474.82144632821581354 476.09389251446214075 475.11136245873029793 472.85936604619962509 467.70887103111186889 456.15835867175792373 465.68261787126374429 544.3865681634010798 nan nan nan nan nan nan nan nan
nan nan nan nan nan nan nan nan nan nan nan nan nan 154.11197255655503113 140.2059400274373786 120.3044455052994266 125.81404268457740159 135.31908141918196975 156.50026412789068786 155.82076321209274283 158.97526010746335601 166.42766498372790807 187.93969515305659002 229.2771017103975737 260.01913557761668017 262.31760090351809822 271.62510586012825797 287.98710895722570058 299.74451879317018665 318.28473601661653447 368.64834599605421772 367.07179000581430728 368.23329458733076081 377.3460039993429973 394.94324860778056063 396.35052136748271323 429.52359887848297149 443.91032903761362149 452.97973888881898574 455.22165169328559386 458.72613220693955327 465.78925525274485153 492.43713894650056773 469.73539787241071508 469.56717760401255646 469.31506917619600472 471.62700197029477067 475.07139710605770233 478.176319887971772 478.45169935241983694 476.49176604997256845 470.37744325191920325 484.72712047615937081 507.55323745904445332 523.9882150090338655 573.3391396469959318 nan nan nan nan nan nan nan
nan nan nan nan nan nan nan nan nan nan nan nan nan nan nan 123.61875574428374591 112.39460627167402151 119.42232383750186386 128.47097391688552648 139.97332224764463149 139.06051645850808995 171.85029915212277274 213.87036582771639814 246.53255112452922049 250.56599345893150144 243.39033909779931264 255.56706504304403893 277.48647749917586225 292.07346673401519865 312.59236514519841421 343.55269182469930911 341.16113938317789689 356.7296706627482763 357.35628680171379301 381.40045169223407129 410.21944321778835274 436.52079574649263805 450.65604996483489231 464.27626954482065003 459.00579042434247867 460.63169516780470758 453.59457970918333558 464.44700099374347246 485.02161893764963452 473.58388432891655384 474.87507755292079992 474.2520442982626605 474.06630588441259988 473.53046229471925699 474.66751489892322979 476.7874038462828139 476.47323495748031519 482.03195131244370941 536.66977978317265752 519.00003740241152173 nan nan nan nan nan nan nan nan
nan nan nan nan nan nan nan nan nan nan nan nan nan nan nan 138.9733692999970458 112.78248860916630747 123.84902245520207487 116.7331883408179749 106.61295650505998367 132.96902273767673819 184.66107088914301926 215.06310964824095322 229.28050651696139539 240.36158854949513852 233.4294540569212586 246.80803699917777294 275.31397125643030677 298.36035770899837871 318.60379644559520784 349.48563415881005767 350.69175426574992116 345.1000394340803723 360.88123710074535211 356.61893257642230992 396.55085339366638664 462.99359711057070399 494.04953460291250167 464.46679926682543282 462.01753949123713028 473.73721544107598902 469.14180868820153592 468.59253410229439396 499.9964321406766885 498.09942088986059616 497.56687343716112082 489.93071466447923967 482.27635490179511635 477.10517888454495505 477.3044065803895819 479.21368996272360619 480.7718831940296127 473.68771796012424602 461.4359426051698847 nan nan nan nan nan nan nan nan nan
nan nan nan nan nan nan nan nan nan nan nan nan nan nan nan nan 121.11030951636838893 129.78759568192279517 137.5087789961258693 131.45849699008036282 164.38540585182673226 196.7242188909248739 207.35346420465867823 221.91843644154178605 236.07908482880779388 234.35687219656554703 244.04561294439596963 273.07944699235258668 305.42654185122819399 322.39111387559466948 345.752612225381597 348.47862197923143412 345.9773875015338831 333.3102932448821889 346.149712094936433 364.95384342831204094 422.81907286034908111 476.04459740171824933 466.76062540430189074 464.00646366760116734 474.55348224692068015 480.66685779929332512 471.44278695364397436 489.22203737123641076 483.94378818094821781 482.88572171613736828 484.04961236549110026 490.50329683343159104 492.41946861926390966 495.49830110786149362 493.39480672490560664 492.97646303020945879 455.84747234864448728 nan nan nan nan nan nan nan nan nan nan
nan nan nan nan nan nan nan nan nan nan nan nan nan nan nan nan nan 155.53287237876583049 159.76520519195813108 155.05881667243360766 164.76661957408788339 186.67827657585044676 203.42567634982793834 219.72294626719281041 239.23843672489374512 250.78001042640707396 263.10488403465689089 277.91225429265756475 291.56881325642643787 303.97921859890300311 311.88980539997822916 321.30812684004104085 330.24127922342847796 340.00574276771686755 337.59670920583693032 398.86334024739750248 397.21205516606971742 451.64849857198129257 484.83117373764991953 475.33366187980254836 472.16077335895448641 478.92244122122713179 474.92676139576155947 501.70344922749967509 497.6705274182598373 499.90485056547618115 498.91091558353446089 495.49016119522838153 497.69417755916038004 500.60781209137996939 500.48991464977933674 477.51958663842304986 nan nan nan nan nan nan nan nan nan nan nan
nan nan nan nan nan nan nan nan nan nan nan nan nan nan nan nan nan 137.05199981751255223 148.3342239028387155 142.57827779604809848 146.78404907129782941 167.63933571213109985 194.38627118040938058 225.2290878756993493 249.64463168331366205 255.72472640205094763 253.98026359566082988 278.53068687352396182 282.71646806519555639 276.07551148209830671 288.14224938413957489 306.78472234744180014 333.42597983137170559 354.58033955084459876 345.98416696539874238 418.38756308373490356 435.36453309279784207 456.96386287706741314 484.49694264832470481 479.22514053885038265 481.40686060041360861 484.89733138105174248 481.55416830813231854 521.81530259335340816 519.20163128491412863 522.98460103435854762 524.27718638589271904 524.0644602391156468 516.44148866076977811 502.2433455147149175 500.2862267684033668 501.16735526342790763 nan nan nan nan nan nan nan nan nan nan nan
nan nan nan nan nan nan nan nan nan nan nan nan nan nan nan nan nan nan 126.37831792907694251 131.05704011925251962 146.18853148766805816 177.04489461693654562 201.32373003693879809 230.60448130005767098 259.50411901351299093 260.05004107212903364 236.89513654891970873 253.43228574616742321 264.01434219042761242 261.52438998446501728 275.57438494610255475 283.38429009904098166 306.94787145643783788 341.00432539366647688 290.57267647111649467 283.93669559400598246 381.45263883955277606 445.33384531468209389 486.00369085656876678 490.8074501747084355 481.89251455247898548 477.78551019330529925 472.79339023433635703 531.34230782170618568 533.49532315436204044 537.91478104419593365 549.25397785389316141 548.9837422701681362 534.6413404300072898 512.09110016354509298 491.51580248809381146 nan nan nan nan nan nan nan nan nan nan nan nan
nan nan nan nan nan nan nan nan nan nan nan nan nan nan nan nan nan nan 128.5044344176091613 157.09547143189629992 171.39804748483661001 181.29945501284660736 212.00495680651718544 232.29434779458594562 244.08129185138790262 259.83435133739101275 237.66960871888068141 224.01530815953964293 234.91101947227903679 245.65163832139711531 267.10893320693031683 282.2195522750387795 311.39374972897326188 350.84288352089907903 377.79725232698734771 309.05566100160473297 235.91884255255104108 335.42959211641624506 461.70806937661029679 494.8007548519464649 491.5302002327745754 491.98670788409418719 485.71794408384062081 540.73477230326045628 548.60564409415849241 560.02844208309295482 548.1471190895234713 510.53592859165871687 518.6390848220398766 521.13846824105974065 nan nan nan nan nan nan nan nan nan nan nan nan nan
nan nan nan nan nan nan nan nan nan nan nan nan nan nan nan nan nan nan nan nan 196.6844559177098688 196.28942851565983574 210.96509194754079886 239.23033233311312529 260.28674637589551821 277.93871291817049496 261.9287966407937347 241.39890085312688939 262.35825410098124166 289.29299398518878661 298.13180279551062313 305.53743371753472502 314.94628606438402585 386.14000784678864875 399.07883524963767741 393.2380733266610946 362.01564044250909546 351.21983138187277973 445.5529593000860018 498.90335724531900041 507.2493578838754047 505.06628037204092152 487.54711907538552396 540.57635104818132277 569.23808344752967514 nan 505.19461673355618814 485.30831385293873836 nan nan nan nan nan nan nan nan nan nan nan nan nan nan nan
nan nan nan nan nan nan nan nan nan nan nan nan nan nan nan nan nan nan nan nan 220.20293000377608905 227.61899235801962504 222.73517806055698998 237.12947652773533491 256.72448050353756344 275.07367828190444925 283.56237077958826376 274.38914168352056322 274.39459704632457715 327.42959085126983609 365.3284814369723108 401.90778686944122455 427.39045098268132961 422.78886330226913515 402.85291857772745061 391.33822407648756325 398.73508535445517964 353.48116148936020409 390.0770822018976105 467.58263995890189335 503.90218995855792627 513.09110280213747046 518.31157136358774551 520.84475751677564404 nan nan nan nan nan nan nan nan nan nan nan nan nan nan nan nan nan nan nan
nan nan nan nan nan nan nan nan nan nan nan nan nan nan nan nan nan nan nan nan 249.46819260388051021 254.64408708036265239 253.67496985071258564 251.85699681546429929 266.32093177124579597 269.53806205400803719 283.98902169257439709 286.15356470551398615 309.54810219530298809 375.59320573780206587 426.10638854630457217 442.78277682091191991 448.56462946760547084 429.17528231855897047 424.92690626060471004 414.85861457329968971 426.1843149674587039 414.61186041658129398 423.79216567360680301 436.61263980854386091 476.26250344758284427 488.7427002584780098 480.59514682269650621 483.26734088587744509 nan nan nan nan nan nan nan nan nan nan nan nan nan nan nan nan nan nan nan
nan nan nan nan nan nan nan nan nan nan nan nan nan nan nan nan nan nan nan nan 278.69945768264716435 274.43557936162130773 271.87230093419952937 271.16614941592939658 262.01045296106832438 257.30312618003017633 274.42507012850245474 272.64414532261713475 236.19506737132266494 281.12275423404440744 427.21219691028551324 463.08780560773323032 426.71582417069146231 414.75909091311336852 439.894909755519393 460.61642050049692898 474.09032153007154875 469.67194080534068235 453.113498798138437 444.43241855860873102 460.85466153420264845 468.77100103111479257 473.51527894050701661 520.67754098066916413 nan nan nan nan nan nan nan nan nan nan nan nan nan nan nan nan nan nan nan
nan nan nan nan nan nan nan nan nan nan nan nan nan nan nan nan nan nan nan nan nan 313.73449245662152407 270.92909959733009373 262.44689067046408582 259.4124166719590221 252.63801145022989658 262.82127076539870814 262.5210967614930837 215.70624870503402803 202.30997887909265387 296.08500782760290804 451.53387823841484305 432.54658834578236792 438.6346673746727447 449.70140211808137565 488.02041364107191157 488.34849435143064511 479.27555699002175515 468.4869025901907662 456.60810803805497926 462.70669680952607905 481.98660796149488306 457.2233427652561204 nan nan nan nan nan nan nan nan nan nan nan nan nan nan nan nan nan nan nan nan
nan nan nan nan nan nan nan nan nan nan nan nan nan nan nan nan nan nan nan nan nan 239.91905474891876793 247.80288706677117716 262.16050055833164834 272.75068644036394971 264.48767059022810599 264.47479435342506804 264.13890137672700575 273.96284886992344809 258.82481094568595381 309.73873271614820624 465.59611551681734909 455.5151565207358999 453.28617151886231795 459.64264831360168273 498.0881560449411154 491.86757062075207614 486.63189295054752392 483.65297583642592372 477.51489255084345587 478.04756695057955085 501.76799456507859531 491.38423034237018783 nan nan nan nan nan nan nan nan nan nan nan nan nan nan nan nan nan nan nan nan
nan nan nan nan nan nan nan nan nan nan nan nan nan nan nan nan nan nan nan nan 244.2225186820322449 240.95133356812996794 254.25735022126960416 261.97623450601315653 270.01466467244864589 269.44455828006840648 270.30889135904845944 290.38844182078912581 359.88866562578897401 395.09009004580735791 348.65629194404664304 433.05704731281673503 478.14422505468348845 472.11207608717216999 493.77636255765287387 490.63683995563388862 489.31849732338412196 505.2345919835555037 498.48393945534797922 490.23029589301694386 490.20503984512794204 491.91437105754687309 nan nan nan nan nan nan nan nan nan nan nan nan nan nan nan nan nan nan nan nan nan
nan nan nan nan nan nan nan nan nan nan nan nan nan nan nan nan nan nan nan 245.09731588537161429 228.123293362069262 241.02391506831551737 249.6277691576446216 261.57143313353338954 267.32701328597420343 273.52902189602463068 282.23144526615368477 269.29962564005580816 279.58752248689489761 296.96088391387212368 274.06091405116984561 253.01491427222683228 310.86347063972260685 393.37118574657694126 393.77951721988438294 470.6026510399249787 484.70257242097557082 508.62111727752738943 509.06298104658941384 500.18080025179887116 485.59688006008337879 nan nan nan nan nan nan nan nan nan nan nan nan nan nan nan nan nan nan nan nan nan nan
nan nan nan nan nan nan nan nan nan nan nan nan nan nan nan nan nan 316.18061949421718282 223.59752258197187302 230.59687847120096649 250.66749037755457152 255.79046773455917219 252.46445904231543977 268.72939353269202911 276.21591318579777408 282.01133591104064635 294.53007201884986443 269.84619489317640273 305.79146449348235137 286.07294197885750009 314.62858511088660407 413.4573863135198053 379.41020498359802104 286.11142482820497435 279.14609434623031348 nan nan nan nan nan nan nan nan nan nan nan nan nan nan nan nan nan nan nan nan nan nan nan nan nan nan nan nan
nan nan nan nan nan nan nan nan nan nan nan nan nan nan nan nan 332.16455934547661855 264.96035704090576246 238.8792026875022998 256.18163603266640393 273.53333834328316243 279.5624615656494143 266.46656698966995691 266.18099369406576216 276.75750849552588306 287.39320592325583448 300.2732671951725365 259.88243229530581857 322.79360663570622592 388.85187251324697399 307.61273920071874954 303.38066451070801577 416.7157172112216017 nan nan nan nan nan nan nan nan nan nan nan nan nan nan nan nan nan nan nan nan nan nan nan nan nan nan nan nan nan nan
nan nan nan nan nan nan nan nan nan nan nan nan nan nan nan nan 303.66260811874303727 250.23217387447843407 289.39861351672220735 297.90269134783233085 290.67294661523106925 297.59099989029385824 292.75048319081741965 272.90844497685571923 267.74812907944965445 283.69709568679166978 314.62329408857868884 314.26787356901775183 300.04023081441118848 363.38620155497898168 340.26628821733987706 304.46911274863987273 nan nan nan nan nan nan nan nan nan nan nan nan nan nan nan nan nan nan nan nan nan nan nan nan nan nan nan nan nan nan nan
nan nan nan nan nan nan nan nan nan nan nan nan nan nan nan nan 306.94301384533986266 322.70107998084506562 347.14966559156164294 342.50997705833214013 321.43172147828448715 318.10483641362071694 335.89664916667049965 364.29381185128204379 369.28460850007598992 369.29686928831159776 365.74376166440583802 366.6499401527814257 267.26279748650449619 nan nan nan nan nan nan nan nan nan nan nan nan nan nan nan nan nan nan nan nan nan nan nan nan nan nan nan nan nan nan nan nan nan nan
nan nan nan nan nan nan nan nan nan nan nan nan nan nan nan nan nan 383.34680101231862182 392.30209974367795667 377.20925985771572186 360.84745969978200719 356.83352204775849259 363.55546403429417524 373.67888618512472476 399.96043267149724443 415.36204734976854525 378.58489932353035101 nan nan nan nan nan nan nan nan nan nan nan nan nan nan nan nan nan nan nan nan nan nan nan nan nan nan nan nan nan nan nan nan nan nan nan nan
nan nan nan nan nan nan nan nan nan nan nan nan nan nan nan nan nan nan nan 405.90899873245149365 410.2301012974751302 404.08050986428088436 414.17863074186254835 413.8931308437549319 nan nan nan nan nan nan nan nan nan nan nan nan nan nan nan nan nan nan nan nan nan nan nan nan nan nan nan nan nan nan nan nan nan nan nan nan nan nan nan
nan nan nan nan nan nan nan nan nan nan nan nan nan nan nan nan nan nan nan nan nan nan nan nan nan nan nan nan nan nan nan nan nan nan nan nan nan nan nan nan nan nan nan nan nan nan nan nan nan nan nan nan nan nan nan nan nan nan nan nan nan nan nan
