results/rofental/swe_month_2020-06-01T0000_2020-06-30T2300.asc
ncols        322
nrows        225
xllcorner    622802.488000000012
yllcorner    5178049.378999999724
cellsize     100.000000000000
[rows 58 to 86 of 225, columns 195 to 259 of 322]
nan nan nan nan nan nan nan nan nan nan nan nan nan nan nan nan nan nan nan nan nan nan nan nan nan nan nan nan nan nan nan nan nan nan nan nan nan nan nan nan nan nan nan nan nan nan nan nan nan nan nan nan nan nan nan nan nan nan nan nan nan nan nan nan nan
nan nan nan nan nan nan 682.27460814707364989 nan nan nan nan nan nan nan nan nan nan nan nan nan nan nan nan nan nan nan nan nan nan nan nan nan nan nan nan nan nan nan nan nan nan nan nan nan nan nan nan nan nan nan nan nan nan nan nan nan nan nan nan nan nan nan nan nan nan
nan nan nan nan 715.45846818986672133 669.01488720233180629 540.85833404411914671 572.34366686814917102 663.11150931095198757 nan nan nan nan nan nan nan nan nan nan nan nan nan nan nan nan nan nan nan nan nan nan nan nan nan nan nan nan nan nan nan nan nan nan nan nan nan nan nan nan nan nan nan nan nan nan nan nan nan nan nan nan nan nan nan nan
nan nan 534.85421405262695771 541.52549667686787416 561.43624901178395703 561.82771864337621537 513.08940273823066036 443.19171168799272209 405.61999338559076023 537.92837279698971997 nan nan nan nan nan nan nan nan nan nan nan nan nan nan nan nan nan nan nan nan nan nan nan nan nan nan nan nan nan nan nan nan nan nan nan nan nan nan nan nan nan nan nan nan nan nan nan nan nan nan nan nan nan nan nan
744.02132487582298381 608.32073324393593339 454.36517385685607451 413.17633551807256254 387.64044016193287234 374.57526604236977619 422.28635513393862766 474.71097729385883213 327.0429106841805833 219.21209324638928706 285.13897396182767352 476.54898587348435512 nan nan nan nan nan nan nan nan nan nan nan nan nan nan nan nan nan nan nan nan nan nan nan nan nan nan nan nan nan nan nan nan nan nan nan nan nan nan nan nan nan nan nan nan nan nan nan nan nan nan nan nan nan
691.51916119158101992 551.58008132337067764 456.01574545018195295 423.12916805464953995 395.9965893561564485 354.54048807704629098 336.17482579459772296 403.19135711068946648 354.97034882900271668 207.47833403374053773 111.90711107471324226 97.6553363692074754 239.65634626447638311 568.81607525287108729 nan nan nan nan nan nan nan nan nan nan nan nan nan nan nan nan nan nan nan nan nan nan nan nan nan nan nan nan nan nan nan nan nan nan nan nan nan nan nan nan nan nan nan nan nan nan nan nan nan nan nan
716.82040369795447532 644.57825987975149928 495.30997252196738145 490.5619980681301513 483.27717127874768721 462.76774777672943628 415.14739898618364577 408.91382269116877524 385.50057800282337439 300.04201293219034596 202.14936093297359321 106.05369853967098948 75.23221667930894796 124.5837549552202006 364.70073601877925284 nan nan nan nan nan nan nan nan nan nan nan nan nan nan nan nan nan nan nan nan nan nan nan nan nan nan nan nan nan nan nan nan nan nan nan nan nan nan nan nan nan nan nan nan nan nan nan nan nan nan
663.49340990523865003 681.48095097944678855 626.52920832103347948 612.74585280980693369 636.85490239260786893 511.84345301146919383 380.67150789867758931 362.21125638564114979 384.05436966816773747 348.65081958266887341 291.266253428195796 197.51352952301380128 85.19910775207479503 72.562146423779978477 238.77160537665696438 439.83292768471306999 nan nan nan nan nan nan nan nan nan nan nan nan nan nan nan nan nan nan nan nan nan nan nan nan nan nan nan nan nan nan nan nan nan nan nan nan nan nan nan nan nan nan nan nan nan nan nan nan nan
351.12006107315698955 637.33144873176399869 655.68685973212700446 553.20538266398079941 553.72097947706799914 506.95319751447766521 391.29423794197646203 271.33839997225334173 319.09513572616896226 337.66987317366169918 283.15611532308236065 227.28738690378312981 137.2801514601710835 92.290652926556262514 202.38269457197992551 325.40615969132778673 469.3703747074068815 nan nan nan nan nan nan nan nan nan nan nan nan nan nan nan nan nan nan nan nan nan nan nan nan nan nan nan nan nan nan nan nan nan nan nan nan nan nan nan nan nan nan nan nan nan nan nan nan
228.61379275048099657 531.31536506060331249 673.18324531241250952 621.13759560013272676 556.36248670738279998 494.16993414652586125 460.35480931115768044 349.5702077963204033 285.91431148469729351 292.21802007462082429 245.82477187904211746 208.16820986373605251 143.76523075223474279 77.804874619970490812 152.29338627867841183 175.59232314897880656 294.88538844537453087 459.12314301612838108 nan nan nan nan nan nan nan nan nan nan nan nan nan nan nan nan nan nan nan nan nan nan nan nan nan nan nan nan nan nan nan nan nan nan nan nan nan nan nan nan nan nan nan nan nan nan nan
166.07596982446452216 273.03603012177268283 481.22634096370882162 694.64964531397015435 682.24667102845353384 510.72030575904477701 450.19216811435842374 379.66159268578786623 330.42037226264091032 303.95903483541530932 252.70178524154067645 222.65211400967947952 142.94709324147089546 14.587461233595474752 22.054735382047205405 7.6382133459116845486 19.213535815072294355 377.32132801520862131 nan nan nan nan nan nan nan nan nan nan nan nan nan nan nan nan nan nan nan nan nan nan nan nan nan nan nan nan nan nan nan nan nan nan nan nan nan nan nan nan nan nan nan nan nan nan nan
106.69295499574266728 185.38096951712623195 196.29036805893753126 313.35748847388072136 696.51598847800016756 689.55116959921531361 578.34993818280202049 442.74332170317904911 344.04449363558711639 297.47376544062518633 219.31101255091115831 191.97379465493588668 121.03799209476861165 36.128416291745445221 8.2317225932388637943 5.4397973105377390723 6.042612045214339922 159.42723612525276167 nan nan nan nan nan nan nan nan nan nan nan nan nan nan nan nan nan nan nan nan nan nan nan nan nan nan nan nan nan nan nan nan nan nan nan nan nan nan nan nan nan nan nan nan nan nan nan
71.024110670540324008 117.39171307715052706 100.57187062610158534 139.16252937208264484 272.71349627963439843 662.18983015796106883 692.4981021636249352 654.72029455276856424 451.9384169573897907 301.69324652896779071 176.75723951476271623 123.88765777112197952 90.296607069624627684 68.774231948172072748 52.682462930248192379 5.0918571575640241278 5.0118957101566756762 156.1556215855213452 nan nan nan nan nan nan nan nan nan nan nan nan nan nan nan nan nan nan nan nan nan nan nan nan nan nan nan nan nan nan nan nan nan nan nan nan nan nan nan nan nan nan nan nan nan nan nan
16.933515290368021056 33.523107580771629443 40.415486887716213005 69.921337266445348746 134.45338815550613276 241.62423878835397772 261.51868153311403375 579.56420858461262924 608.65657550682715282 450.27158306331619997 208.08497351945780451 69.139627675923875927 31.863833189042683358 17.206801298243803444 7.7550664220046607866 5.4021600790375341461 4.6689366997999801612 4.5817977109555956261 238.08224521788014272 nan nan nan nan nan nan nan nan nan nan nan nan nan nan nan nan nan nan nan nan nan nan nan nan nan nan nan nan nan nan nan nan nan nan nan nan nan nan nan nan nan nan nan nan nan nan
8.1961103092276470505 10.126468098618278901 11.436896086915758985 12.804045992846953439 61.988163106562282678 165.8744611704992451 67.333184987093360974 139.20946165467771038 513.45103963159488103 392.89816082569024047 214.25230401690797066 38.329051270255334316 6.4432328580775974913 5.6030480434485712138 4.3870701903277842248 4.4765207736670840077 4.0261294487138137299 3.8164685436218510617 4.4316766737729365033 210.07298761053715452 nan nan nan nan nan nan nan nan nan nan nan nan nan nan nan nan nan nan nan nan nan nan nan nan nan nan nan nan nan nan nan nan nan nan nan nan nan nan nan nan nan nan nan nan nan
6.1798612043233731583 7.0481500334002520347 7.6746211198553488941 8.0783233307274446844 11.102829815032132288 96.498625387749854099 24.892917128995161846 28.810958150721141635 263.82394646944987926 404.34518983587167895 199.93382813798663733 6.0113359123914467119 6.6670474383152455999 6.5258674197845074616 3.1831080561332072421 2.6517696095664851086 2.9608639677385406586 2.8927198379803962247 3.4113095048086203853 8.6959937240136415681 nan nan nan nan nan nan nan nan nan nan nan nan nan nan nan nan nan nan nan nan nan nan nan nan nan nan nan nan nan nan nan nan nan nan nan nan nan nan nan nan nan nan nan nan nan
5.2809815260786301394 5.565876724830242317 5.9216614243855039135 6.1321781133885444603 7.0512428643623499269 14.141290648861644996 29.540272157785327778 14.794066001772691266 51.971520532812995441 134.43817137719568677 258.32141215600302075 5.1910391634055530474 4.7982030273847069424 5.7686160126280956462 2.8549200215481840281 2.4392840160888562551 2.4722127254129264706 2.5716470712441457103 3.0891759858053902121 3.5195166448733226083 167.1429565947556739 nan nan nan nan nan nan nan nan nan nan nan nan nan nan nan nan nan nan nan nan nan nan nan nan nan nan nan nan nan nan nan nan nan nan nan nan nan nan nan nan nan nan nan nan
5.128439308791009843 4.6120010490732328279 4.541097353562250305 4.5679262389242110132 5.3975496544977774604 11.904545108726463098 53.596324762062913294 8.8909404580013600139 10.97735485847453063 11.101328641706395217 13.359441825908143997 4.3588047921216945824 3.2921685399616311685 3.2342562215523713576 2.610975322265130405 2.4304585494448858185 2.4236192901227329166 2.6340885699819702737 3.1590507268394598661 4.3518186062053842988 152.35091991758289964 nan nan nan nan nan nan nan nan nan nan nan nan nan nan nan nan nan nan nan nan nan nan nan nan nan nan nan nan nan nan nan nan nan nan nan nan nan nan nan nan nan nan nan nan
4.6150949909052725317 4.3286775241967019312 3.8904720734696924822 3.7444524020767464556 4.759180154349490266 7.7158715719247359388 207.63704310286610166 43.183393871088270544 5.9216448008265718528 7.2833953959958206426 7.8630294646137235404 4.0185566842982023417 2.7332616935867788399 2.5501416375117935686 2.3789024384405723644 2.4344412120580618542 2.4970290836011344027 2.6552834283900637047 3.5528016441517649149 4.6838072997830195732 nan nan nan nan nan nan nan nan nan nan nan nan nan nan nan nan nan nan nan nan nan nan nan nan nan nan nan nan nan nan nan nan nan nan nan nan nan nan nan nan nan nan nan nan nan
4.0794496153593513554 4.173178919277782839 3.8012693866844040613 3.4628756698590983376 4.239823704928233461 5.8417889414873167553 222.78109247589941333 67.54499253910285006 4.9082461011145026575 4.8365772009576959434 4.6671932541417611162 3.87324464568244764 2.6791679452709393772 2.3460573975913647793 2.205707378547823172 2.2619973477673500639 2.4464233365924377139 2.8874646756051718377 3.7688924728987895918 4.7026056556582753743 nan nan nan nan nan nan nan nan nan nan nan nan nan nan nan nan nan nan nan nan nan nan nan nan nan nan nan nan nan nan nan nan nan nan nan nan nan nan nan nan nan nan nan nan nan
3.7971777783392264283 3.7381421580682276939 3.7519332145150778857 3.2194245615749426115 3.8296997226113806967 4.910247242949701274 181.6876650033039482 284.48798806852613552 16.763786204643981392 5.3799293491275292922 3.9699202950101071252 2.9896292041016701013 2.328920905902655214 2.1499539656228812134 2.0344743727094454222 2.0697404666618393065 2.2966689404392788276 2.5997081622610695995 2.8547799646053744205 4.4591384741149795445 nan nan nan nan nan nan nan nan nan nan nan nan nan nan nan nan nan nan nan nan nan nan nan nan nan nan nan nan nan nan nan nan nan nan nan nan nan nan nan nan nan nan nan nan nan
3.8530844227409115632 3.4400253469632855463 3.3153396840873989859 3.714066468899842377 3.5306905074930994282 4.0742898198075607752 5.1490795545303384984 135.15083525982643664 28.44097513380135922 4.2755606263732639505 3.8239293034880605937 2.838194868797476289 2.1844153494391065351 2.0019734637428148183 1.8697713163358080646 2.0582776730359126915 2.296552995838370137 2.4477932222960796516 2.6390808576839859256 nan nan nan nan nan nan nan nan nan nan nan nan nan nan nan nan nan nan nan nan nan nan nan nan nan nan nan nan nan nan nan nan nan nan nan nan nan nan nan nan nan nan nan nan nan nan
4.2302103810298863351 3.4390938466667932971 2.8018603227639147235 3.5016012037309725002 2.9378792755528961855 3.4074474771139522389 3.8040868292041825072 7.953270633230906661 11.861707112316659973 3.7188342537835494817 3.3395233496577847454 2.6574823476796853861 2.0050582698687007266 1.8041816710580642624 1.7835535467685947886 2.0447315815449891296 2.1574810696489326034 2.2922678642456242315 2.4570870567974343324 nan nan nan nan nan nan nan nan nan nan nan nan nan nan nan nan nan nan nan nan nan nan nan nan nan nan nan nan nan nan nan nan nan nan nan nan nan nan nan nan nan nan nan nan nan nan
3.6455195648439255862 3.1662069981777158922 2.6843735967319561908 2.9502021387325738644 2.6155895988051769407 2.7605279542391252257 2.8810063998105208682 4.1104584153041905381 9.1501311509779643671 3.8465368587270876155 3.4060747439367649037 2.6176151037106771824 1.9331958965940048145 1.6735700453468742577 1.7006707154294511408 1.8192854520750130209 1.8666763950359208657 2.0685843600208988491 2.2870477750415014739 nan nan nan nan nan nan nan nan nan nan nan nan nan nan nan nan nan nan nan nan nan nan nan nan nan nan nan nan nan nan nan nan nan nan nan nan nan nan nan nan nan nan nan nan nan nan
2.8061661326326050592 2.670407581372303607 2.5388228983016678519 2.608665194748755134 2.5006954702917312261 2.5168582684894293955 2.6236131635190669265 2.7586168507924293536 3.6667323815849348634 3.4795711174849492942 3.1724771195031369331 2.6379999127073472387 1.9423557436843390533 1.5223801099374496548 1.4810263802792809074 1.5511798996096017866 1.5792494264636147694 1.7694052817421102031 2.0962945495544769159 2.1584474054884545957 nan nan nan nan nan nan nan nan nan nan nan nan nan nan nan nan nan nan nan nan nan nan nan nan nan nan nan nan nan nan nan nan nan nan nan nan nan nan nan nan nan nan nan nan nan
2.485537055614476909 2.4288816838841649215 2.4063332690870082864 2.4119879819394003384 2.3702591690843712868 2.3475223471748765114 2.4705692050014689265 2.5537966123716673295 2.6715143191011323509 2.765998722722031733 2.7119139604533932797 2.5972955367803365334 1.8947539340515422435 1.4460281813109643334 1.3263977198664791413 1.3710258746646464267 1.3710606051310481046 1.4898567442020371754 1.825281979546458988 1.7752021485917908183 1.5647255127599315472 nan nan nan nan nan nan nan nan nan nan nan nan nan nan nan nan nan nan nan nan nan nan nan nan nan nan nan nan nan nan nan nan nan nan nan nan nan nan nan nan nan nan nan nan
2.3375831430053790605 2.2804224064931930549 2.2868516947458372712 2.256184237760090916 2.2541671014066801959 2.1458722241492349525 2.2647328279470775314 2.4047390248534754598 2.4741314618511340839 2.5247755882067912658 2.5529692963210997014 2.5076910543494927985 1.8545192079850807421 1.4379578511241153382 1.2396010704528424018 1.2488375662004291833 1.2705876588328395282 1.2862520274886970473 1.4802310579460487006 1.5715254400400782142 1.4685721505978925894 1.3834273625220216974 nan nan nan nan nan nan nan nan nan nan nan nan nan nan nan nan nan nan nan nan nan nan nan nan nan nan nan nan nan nan nan nan nan nan nan nan nan nan nan nan nan nan nan
2.3620705080407211618 2.1846343522505593526 2.1446969209688448998 2.1236660988498878844 2.1198775039138166854 1.9522404262851755785 2.0305020140382397109 2.1845086834654354746 2.2415099775492088874 2.2031777408056845147 2.1712610633080853262 2.1556856268950084221 1.8703741925404488988 1.4975059685528253617 1.2417379077443722046 1.0642139584949001918 1.1326043561914485025 1.1083036461596564859 1.2337703716665506803 1.386521247173966076 1.3405178394754893034 1.2159081174759924782 1.11073834018885087 nan nan nan nan nan nan nan nan nan nan nan nan nan nan nan nan nan nan nan nan nan nan nan nan nan nan nan nan nan nan nan nan nan nan nan nan nan nan nan nan nan nan
2.7967938711422433151 2.2378214546138512908 2.0440199776928302811 2.0104133657064053864 1.9700400768292942733 1.7748981002544468311 1.741157682527818773 1.9526334489162948671 2.0716651440799451755 1.9733694657413953788 1.8803000407099874636 1.7545407982390830437 1.6675817570640192322 1.5835125616517633507 1.2476807977198540733 0.95869896686813482756 0.89359129350376853562 0.85713943393221714295 1.0107049284623204066 1.1252507122184682853 1.1009729171697399952 1.0315584972545228659 0.945556956345286026 0.7811335743818158539 0.63853114833533630712 nan nan nan nan nan nan nan nan nan nan nan nan nan nan nan nan nan nan nan nan nan nan nan nan nan nan nan nan nan nan nan nan nan nan nan nan nan nan nan nan
