results/rofental/swe_month_2020-09-01T0000_2020-09-30T2300.asc
ncols        322
nrows        225
xllcorner    622802.488000000012
yllcorner    5178049.378999999724
cellsize     100.000000000000
[rows 56 to 83 of 225, columns 189 to 251 of 322]
nan nan nan nan nan nan nan nan nan nan nan nan nan nan nan nan nan nan nan nan nan nan nan nan nan nan nan nan nan nan nan nan nan nan nan nan nan nan nan nan nan nan nan nan nan nan nan nan nan nan nan nan nan nan nan nan nan nan nan nan nan nan nan
nan nan nan nan nan nan nan nan nan nan nan nan nan nan nan nan nan nan nan nan nan nan nan nan nan nan nan nan nan nan nan nan nan nan nan nan nan nan nan nan nan nan nan nan nan nan nan nan nan nan nan nan nan nan nan nan nan nan nan nan nan nan nan
nan nan nan nan nan nan nan nan nan nan nan nan nan nan nan nan nan nan nan nan nan nan nan nan nan nan nan nan nan nan nan nan nan nan nan nan nan nan nan nan nan nan nan nan nan nan nan nan nan nan nan nan nan nan nan nan nan nan nan nan nan nan nan
nan nan nan nan nan nan nan nan nan nan nan nan 589.3452172130874942 nan nan nan nan nan nan nan nan nan nan nan nan nan nan nan nan nan nan nan nan nan nan nan nan nan nan nan nan nan nan nan nan nan nan nan nan nan nan nan nan nan nan nan nan nan nan nan nan nan nan
nan nan nan nan nan nan nan nan nan nan 749.00485309291877911 579.96352972156876149 313.80691182915001036 284.65707505035811664 472.25122656506641761 nan nan nan nan nan nan nan nan nan nan nan nan nan nan nan nan nan nan nan nan nan nan nan nan nan nan nan nan nan nan nan nan nan nan nan nan nan nan nan nan nan nan nan nan nan nan nan nan
nan nan nan nan nan nan nan nan 394.77606053955383913 413.86602503182501778 416.04760751439613387 372.82404839206412817 211.38910624248768499 92.131371679571032018 70.20000163860490261 156.16503912395137377 nan nan nan nan nan nan nan nan nan nan nan nan nan nan nan nan nan nan nan nan nan nan nan nan nan nan nan nan nan nan nan nan nan nan nan nan nan nan nan nan nan nan nan nan nan nan nan
nan nan nan nan nan nan 954.85353529169572084 536.60628516197436966 241.53680410093625142 152.92930679752311107 95.3741386351558873 89.625704736338704492 88.545381322906521859 95.870331918405099714 59.285226417589932169 39.094566542192097813 42.473705790383334602 54.866172756517244125 nan nan nan nan nan nan nan nan nan nan nan nan nan nan nan nan nan nan nan nan nan nan nan nan nan nan nan nan nan nan nan nan nan nan nan nan nan nan nan nan nan nan nan nan nan
nan nan nan nan nan 815.46014620646064941 774.69402993169387628 378.15253475339648048 184.04199528447350076 97.857604236174111634 89.149317066576585944 79.920377207925696439 70.302557770636852297 64.168155396087470876 46.733503100979987721 28.233795994286637665 12.839563090036975268 12.904467453842135782 36.579360006575555531 105.56263703701426948 nan nan nan nan nan nan nan nan nan nan nan nan nan nan nan nan nan nan nan nan nan nan nan nan nan nan nan nan nan nan nan nan nan nan nan nan nan nan nan nan nan nan nan
nan nan nan nan nan 927.4060468108978057 846.84863438696822868 523.03551098301795719 215.3439029493294754 148.73927511895919906 115.21384455381694067 80.029125709693602175 70.192499156807372174 57.426333223520394711 42.311406594550277305 26.622536055479240957 13.019343147158343399 12.300733407873549297 12.237634587098614958 30.998502849230760603 69.046793643410964592 nan nan nan nan nan nan nan nan nan nan nan nan nan nan nan nan nan nan nan nan nan nan nan nan nan nan nan nan nan nan nan nan nan nan nan nan nan nan nan nan nan nan
239.01421368960839686 628.83613422243308833 nan nan 425.24584072822977987 486.87197693840772672 621.79669925553719168 620.27130362159994093 433.27670306039328807 337.36642763506563369 393.68107588193913671 153.66598931810668205 59.837473684972231069 47.847887664104817418 38.830286356421297 28.857483612408454832 21.467962007414278958 12.654908080687437888 11.72863526377048693 11.804247093217819398 48.035533082444196395 54.48327747412622557 nan nan nan nan nan nan nan nan nan nan nan nan nan nan nan nan nan nan nan nan nan nan nan nan nan nan nan nan nan nan nan nan nan nan nan nan nan nan nan nan nan
104.21387386808927999 156.71852352705454337 367.39774244368737754 483.74919904601438247 318.28008924748974096 116.31376429998603328 116.87861812517827786 495.62770847595220403 502.51899480244179585 265.61055887227001904 263.78251249104039289 137.88500202003245931 54.642092912568848817 31.833539653913351941 32.021635162944022568 29.46638328717119748 21.036704602823391497 12.491311391712056178 11.617365765331378213 10.830562187594102497 39.369731770861889686 43.045997295783116954 39.283036226951075776 nan nan nan nan nan nan nan nan nan nan nan nan nan nan nan nan nan nan nan nan nan nan nan nan nan nan nan nan nan nan nan nan nan nan nan nan nan nan nan nan
78.312903906462352666 93.581473375820095839 117.67579805693621608 401.24024762819357193 104.44912637262947896 86.758126796976597461 89.52952346575520437 301.92164884104829525 561.23657322785470569 397.51912101339087258 252.43472541892694494 83.716613393161310341 52.708194120760985868 35.357054661493371839 27.490118926600249694 24.128776411899391263 12.756292442423522004 11.954032060952055616 11.322235075746522881 10.461939947168943377 25.755249839099771947 25.402583049976851015 28.488475652859190035 25.414717451100539591 nan nan nan nan nan nan nan nan nan nan nan nan nan nan nan nan nan nan nan nan nan nan nan nan nan nan nan nan nan nan nan nan nan nan nan nan nan nan nan
31.64214699347105153 49.360919787557556049 86.189636047329102553 250.53296810340847856 84.386443929360765992 58.707340985607430639 64.148478139105321816 98.965245676558481591 163.38137597171791526 621.67643339522885526 571.84457547602926297 121.67425439661042219 48.51320708551099159 34.059124619100330733 26.533448588831760162 20.8722708103879242 12.258187682366450844 11.771250199521443136 10.908384077917993693 9.7123383955064870321 9.3886983114956557017 8.8006593911768860039 10.062105282579189236 20.694116906924833188 nan nan nan nan nan nan nan nan nan nan nan nan nan nan nan nan nan nan nan nan nan nan nan nan nan nan nan nan nan nan nan nan nan nan nan nan nan nan nan
12.932431717872065136 33.158073718987338907 64.814943008984656103 65.70007942822181235 53.991880587115318235 31.50412414342071088 39.828920548625845299 66.251676535736876872 76.82445053169706739 98.432502963172865407 624.58460242345699953 590.50853168348726285 229.77849611187068035 40.469734369126953766 22.372430972763709178 12.741249595114409132 11.598592796075726241 10.988492145630676333 9.8217380443953565816 9.0056585944562552726 8.2083542699273603915 7.3190174882291758607 7.9355240426780122576 10.448806957540572427 nan nan nan nan nan nan nan nan nan nan nan nan nan nan nan nan nan nan nan nan nan nan nan nan nan nan nan nan nan nan nan nan nan nan nan nan nan nan nan
12.700045023032945579 10.723613201529657246 10.066697172397446991 10.899423709865908805 10.184670099328101855 10.648826512387911336 13.081615953086398463 35.471792293865128443 39.811226613948257125 58.725701781605792462 86.021953462414927571 467.73338131559330577 599.30798945535150324 435.74581359635220679 35.452092919491185796 11.742602010822464464 10.100117259285296356 9.4651375027990649613 8.953354799445842005 8.5328866408590489101 8.154936711133872862 7.6554954534547370315 7.5139709501957892002 9.4647483187572358787 nan nan nan nan nan nan nan nan nan nan nan nan nan nan nan nan nan nan nan nan nan nan nan nan nan nan nan nan nan nan nan nan nan nan nan nan nan nan nan
9.2677430759041339314 8.2791918660831562704 7.7547396584143273301 7.9866476939887371955 8.503861968296382301 9.2274622900701981365 9.9222125596082371146 10.857038271234257465 11.972574871064534108 24.398988584013530101 48.198396771559401941 64.373122689798094598 64.758967807505129599 268.2606652041448001 259.98828434672293497 22.817977293783958004 9.6580495930003529281 8.5004927684833386792 8.2131898105602232363 7.9542622879571061034 7.8569421378947978951 7.6796771150414100404 7.0663071572140276899 7.1747217379229288881 8.9535606955213253855 nan nan nan nan nan nan nan nan nan nan nan nan nan nan nan nan nan nan nan nan nan nan nan nan nan nan nan nan nan nan nan nan nan nan nan nan nan nan
8.8434299935673799098 7.8971032362636943702 7.3002501080155388635 7.4885128161657599222 7.9378575130042987595 8.1408172510032041913 8.4192537272982654883 9.0440920308915426773 9.4729748534275124427 9.9305464754479402245 13.180769179306278005 35.84979749163943552 23.568493496914733498 37.530883877792518888 60.068713712771199198 12.343788389583258081 9.0872739275103420198 7.929129375427522497 7.7222904362143776069 7.3663485281578804376 6.4548738539278778248 6.7006752524531654203 6.4651052563966686648 6.106525458633995207 6.9546402241767495411 8.4610911376673101358 nan nan nan nan nan nan nan nan nan nan nan nan nan nan nan nan nan nan nan nan nan nan nan nan nan nan nan nan nan nan nan nan nan nan nan nan nan
8.0156128281780443245 7.3693603395573124004 7.0651478760371322352 7.2698831401312968836 7.4485687854286855014 7.5185193587422878281 7.4707243463988994847 7.9479861824038735563 8.2215755430438619555 8.5192319592160572483 9.5770733749902881016 11.617233530268453734 10.839834547814211518 11.353957476361642875 13.101439909570224529 12.556833543594331459 8.6900963237730870503 7.3275857648707622971 7.3806840637200901156 6.7991256527056975756 5.6398097972475289552 5.4826172807678670296 5.7384825694834837861 5.7413357420930646313 5.8419494763549888461 7.3100385328928076945 nan nan nan nan nan nan nan nan nan nan nan nan nan nan nan nan nan nan nan nan nan nan nan nan nan nan nan nan nan nan nan nan nan nan nan nan nan
7.6275474356815582411 7.1803936210473997548 6.965954592448849958 6.9962821807847408451 7.1656021545974093456 7.128233398352675998 7.1407064247643567967 7.1027733011637890215 7.3265689121252366434 7.464950395850708631 8.1070420619581859967 9.4924002978023942489 9.8293391346367595673 9.7073384252444139264 9.5369564239352264678 8.9985073143299025844 8.8858017489716161208 6.801148709728935593 6.6165329005012285535 6.2180306797791224938 5.5023012986010311209 5.3426398414216018651 5.3819033806230685002 5.5085554289640681347 5.7481781654495183176 6.292821189481207611 8.0300151456797479455 nan nan nan nan nan nan nan nan nan nan nan nan nan nan nan nan nan nan nan nan nan nan nan nan nan nan nan nan nan nan nan nan nan nan nan nan
7.4969007021799134449 7.2275230087756119346 6.7837895432057875311 6.7900622144561726401 6.8814587790654826449 6.8804562141365543937 6.8045907943665495665 6.5608457560737711844 6.4813342747187361326 6.5805194824458341785 7.2235611879545293945 8.8215391475272593169 9.2682469738858248576 8.4026331558247573383 8.3444367719811243234 7.9221482060342607312 7.1012954113043269544 5.9759011585377663778 5.6425034358570096416 5.5492403644374501681 5.4233831582117337788 5.3664331748952882606 5.3405463313242504952 5.4900600994650998743 5.811317124947699142 6.7651317181249419619 8.2183365874894285241 nan nan nan nan nan nan nan nan nan nan nan nan nan nan nan nan nan nan nan nan nan nan nan nan nan nan nan nan nan nan nan nan nan nan nan nan
7.367586973363756897 7.0107828167503143391 6.6068352858880716738 6.6004165472357616551 6.6565076789860349038 6.5522383367389060993 6.3764782482667659025 6.2399357898412270984 6.104736990817945852 6.0862058788640860385 6.8923292617089213508 8.1043173656049170006 9.4687189204824573352 8.2979663664399261336 7.7920623038428855622 7.4183397179166181701 6.6909823054792214592 5.7909097829585274297 5.4447778292703068459 5.3809501456909689665 5.3142600711038285866 5.4077479001124286739 5.4154957480652727853 5.5792027537835160445 5.9549103972818153707 7.4583558014398168012 nan nan nan nan nan nan nan nan nan nan nan nan nan nan nan nan nan nan nan nan nan nan nan nan nan nan nan nan nan nan nan nan nan nan nan nan nan
7.2333528350212050739 6.7256470146184410552 6.4551682354719543966 6.363482016507289174 6.4732427975446809043 6.2182443811692200697 6.0348646384420101541 6.0491764409980532946 5.9542280191227510144 5.8574619630911319845 6.2713090742984229919 7.6282262437444998682 9.386589462507446413 7.9874063451346604126 6.8685883350616316889 6.6528471491325422704 6.3093051820636878446 5.832145295044518285 5.4165017725108244306 5.2549248061808304655 5.2405198883709456226 5.3043253337901603572 5.3608529408996492549 5.6693097359829298654 6.3280743563117587414 7.7517808199028630511 nan nan nan nan nan nan nan nan nan nan nan nan nan nan nan nan nan nan nan nan nan nan nan nan nan nan nan nan nan nan nan nan nan nan nan nan nan
7.993799549814822214 6.9483096632621785815 6.3171551727237718055 6.1188211925249369472 6.1740098461099526261 6.0804772016630384002 5.8641949772934935936 5.8414038335142235425 5.841385746528853673 5.7646727518109868171 5.9693455467048268659 7.0904531553744511996 9.0020409994985346458 8.6143838727748178741 7.1379055911634123888 6.5681438486437278002 5.9676221337447001858 5.4294824014797420375 5.18449181548401139 5.1628283236386574018 5.115794091761571849 5.1392506998487625935 5.3201460456644822372 5.6368647638082789442 6.108972895599227293 6.9651682115749871116 nan nan nan nan nan nan nan nan nan nan nan nan nan nan nan nan nan nan nan nan nan nan nan nan nan nan nan nan nan nan nan nan nan nan nan nan nan
7.8015987597208891202 7.5526346470345835371 6.5546260210689197834 6.0788934286907432281 5.9713896705776177143 5.956488790016200241 5.8158026954500359196 5.7073753083243561335 5.6626645796212802253 5.8279765540194174989 5.8940004669571353091 6.1359857845676524235 7.667149927723596825 8.4723208355228010191 7.221428654236239808 6.1771821578756807014 5.7441938470032605224 5.4054580453025131703 5.1491120066928797172 5.0484380033628228901 5.0234947054835146218 5.100955235357512052 5.3703237328552262397 5.5802870176053875895 5.8591597974678064631 nan nan nan nan nan nan nan nan nan nan nan nan nan nan nan nan nan nan nan nan nan nan nan nan nan nan nan nan nan nan nan nan nan nan nan nan nan nan
7.7023305383480265007 7.4504993920192621459 7.1510163895464087247 6.2123904242603948944 5.9562994447765689188 5.9137085277151015816 5.8341743988169572077 5.6389743910409890759 5.5525799435271352422 5.7796823195041424626 5.6909614224342162103 5.8093865386833751785 6.1115037973412178474 7.4188286833750236582 6.7690871477219785035 5.8553748238815046534 5.5389367354741168015 5.2971128853578610673 5.019850683442623307 4.9668749661754301172 4.9920841148407966159 5.1582116940850992748 5.2658745735853518255 5.4550826281962105924 5.6977099694732826762 nan nan nan nan nan nan nan nan nan nan nan nan nan nan nan nan nan nan nan nan nan nan nan nan nan nan nan nan nan nan nan nan nan nan nan nan nan nan
8.6914671399458232059 7.8560815608156717715 6.670565203082219341 6.272561184097392939 5.9319103520607381341 5.7496503771932658822 5.6785231028466087722 5.5916277115887931259 5.4977724959565135165 5.6108828955197509458 5.5249615138012817539 5.6420813369724074349 5.7336449346448308262 6.4977674385170764992 6.62253236969368686 5.9488871656343347283 5.5303899125745994425 5.2601839985262675015 4.9925499157119741511 4.9073050004594351847 4.9829875573008290957 5.0778348535727211299 5.0807706047884542144 5.2886224941088739726 5.5008269664833164825 nan nan nan nan nan nan nan nan nan nan nan nan nan nan nan nan nan nan nan nan nan nan nan nan nan nan nan nan nan nan nan nan nan nan nan nan nan nan
8.1569480620254797287 7.7826052282458650922 6.430585796853629077 5.7543513471479776911 5.7677280802341543975 5.5525458891723733501 5.4941834138181953051 5.4425636272863480158 5.4184434098418554626 5.4445922303528222486 5.454167949711304253 5.4350211295424122326 5.6662054827394756629 5.7951970300154611593 6.1810783682707395315 5.8888785775557455082 5.4912521641846376852 5.2766114648296964518 5.0004064821007956354 2.0149096246021733769 2.0414161306646487759 2.0764995027724419963 2.0696872327894451082 5.1015371720828222024 5.3688051833504353283 5.3796315645127208427 nan nan nan nan nan nan nan nan nan nan nan nan nan nan nan nan nan nan nan nan nan nan nan nan nan nan nan nan nan nan nan nan nan nan nan nan nan
7.9094578954681944438 7.2857770351952240162 6.340105868406118006 5.8016764485374734406 5.5252347092982123655 5.3921911006285725421 5.2895149080777335016 5.2706511248003975467 5.2839350360811749852 5.3302485066296219074 5.3031514849546095292 5.2849402985297109225 5.4679144130928918344 5.5923122378569924962 5.6004743001794725643 5.576346995945351992 5.4244194937212197871 5.2828750796136469958 4.9921256889683975899 1.9872124554941101859 1.9732443777590698009 2.0110674517473818845 1.9972449458447192328 2.0562801377408184145 5.1931672031553226532 2.1936201477194843257 2.1318072604247628732 nan nan nan nan nan nan nan nan nan nan nan nan nan nan nan nan nan nan nan nan nan nan nan nan nan nan nan nan nan nan nan nan nan nan nan nan
