results/rofental/temp_month_2020-01-01T0000_2020-01-31T2300.asc
ncols        322
nrows        225
xllcorner    622802.488000000012
yllcorner    5178049.378999999724
cellsize     100.000000000000
[rows 168 to 195 of 225, columns 63 to 125 of 322]
nan nan nan nan nan nan nan nan nan nan nan nan nan nan nan nan nan nan nan nan nan nan nan nan nan nan nan nan 264.72973850529609763 264.9487739104598063 265.0907050139076091 265.13022322876099679 265.16585856651801123 265.21831153350598242 265.31876660305010773 265.51659148278798739 265.55946034417570445 265.56533255311961739 265.6056059039751176 265.658278701185111 265.66668951068470506 265.67418416110575663 265.6706263038673228 265.68737102089346536 265.74016815522696788 265.76840595211280061 265.7791262954284548 265.79793789407119675 265.81994683060236184 265.82986443578460012 265.83886502800208973 265.84936922448912355 265.86442637715788351 265.88337854002674021 265.91122275298369004 265.95060249034997923 265.98999720996795304 266.03922039603099847 266.09371990914291928 266.12179771131877715 266.12343624228248018 266.05909322517732107 265.98929535968602522
nan nan nan nan nan nan nan nan nan nan nan nan nan nan nan nan nan nan nan nan nan nan nan nan nan nan nan nan 264.68046887035984582 264.93056368475487261 265.14201550901765359 265.17330960524253669 265.18701702550606569 265.21692891453164975 265.28672376064986338 265.40773251486916706 265.5543026946834857 265.57405201035027176 265.59744332895309071 265.61412272111806487 265.61836845347193048 265.65804728424751602 265.67247192423093338 265.67001892756957204 265.70962524677145211 265.73874357983436312 265.74744337361101998 265.76283598507382067 265.77816885382213741 265.78080285250786119 265.77854577782875367 265.78109339479397022 265.78861068453988992 265.80469824356782738 265.83037754928017193 265.86500319971435147 265.89118308588427908 265.91452366276348585 265.91748644740755481 265.92039341346162473 265.91675746227923582 265.82812432083886733 265.7738721257885004
nan nan nan nan nan nan nan nan nan nan nan nan nan nan nan nan nan nan nan nan nan nan nan nan nan nan nan 264.82313583233002419 264.84561529415663017 265.05745681421933568 265.19340361984848187 265.2259238825319585 265.21855476191780099 265.22633934095819086 265.27987141096770074 265.36776962360664811 265.47082398035735196 265.55297190871482371 265.59987999648257073 265.57435269531976019 265.57083639970011291 265.63437316814901124 265.67499239811655798 265.66232094547689258 265.66723764607689873 265.67845723153942572 265.69724192801152185 265.71430972038297114 265.72224954285934473 265.72195863796287085 265.71546210242041752 265.71863549215373723 265.72105666275041358 265.73493973524597322 265.75185543979921476 265.74588494571696629 265.73473759655587401 265.71502569087908796 265.70834427015927304 265.70618681032465247 265.66986493738875197 265.57457352565518249 265.50201101870408138
nan nan nan nan nan nan nan nan nan nan nan nan nan nan nan nan nan nan nan nan nan nan nan nan nan nan nan 264.90387456568936386 265.02991226310928141 265.13152561720249878 265.19836752319736206 265.2500860949837147 265.24429589848733713 265.24635344499392886 265.27029648525507355 265.30943581255166919 265.37464094003462378 265.4819372139263578 265.55086520446502618 265.52858913713583888 265.52762162990103434 265.61199321774614646 265.66166231309512114 265.63679148932368435 265.61645453412813822 265.61143806762521535 265.62753764944869772 265.64172267759477108 265.64148697965191559 265.64040429854759395 265.63222240359277748 265.64864720052293023 265.64204127342219408 265.61759887717357742 265.5950461800081257 265.56823844545402835 265.52501781289731753 265.50455941035045271 265.48389133898302816 265.46327434813298396 265.39040727930614594 265.34491873179786126 nan
nan nan nan nan nan nan nan nan nan nan nan nan nan nan nan nan nan nan nan nan nan nan nan nan nan nan nan nan 264.97044303824407052 265.14242299957817295 265.19578377366400446 265.22379392214344307 265.23986595038439873 265.26239242493704751 265.28225232672906486 265.2879678540289774 265.33763380614840344 265.39220112985918831 265.44367212208294404 265.4729991955849755 265.47574614980470642 265.5444958865024887 265.6023820611930546 265.59105999095908146 265.56515261246062209 265.55270837657332095 265.5808405222443298 265.58420145336191354 265.57068353813457406 265.54934287526367598 265.51846654629503064 265.48903758145632992 265.43767342414582799 265.40285669782474542 265.36492596707034863 265.32930406848447547 265.27351336656693093 265.26081924074787821 265.24515071211027362 265.2321499629898085 265.1129083547072014 265.1718750706645551 nan
nan nan nan nan nan nan nan nan nan nan nan nan nan nan nan nan nan nan nan nan nan nan nan nan nan nan nan nan nan 265.00083020922937749 265.16326708707111948 265.18732613353898842 265.21008529700310419 265.24863034483030333 265.28560337466257124 265.30353120642894282 265.33526145197697588 265.36393438155909053 265.41206371307708878 265.45134285255915074 265.44753120209509234 265.50154146832664992 265.5558275297650539 265.54898278174727011 265.51600804174302084 265.50266640505321902 265.53274335304206488 265.50076157444709679 265.45885430371129132 265.41365603832161923 265.33474906392399362 265.28385947576725812 265.26525035115741957 265.21050368739537362 265.14029705975508477 265.0843458753705022 265.03524717009855749 265.02336415010739756 264.97770843104200367 264.9165271997935065 264.96675958419183416 nan nan
nan nan nan nan nan nan nan nan nan nan nan nan nan nan nan nan nan nan nan nan nan nan nan nan nan nan nan nan nan nan 264.95598047790900864 265.04789342113264183 265.12605521913565099 265.18794136310503973 265.22919075093506081 265.30143170344592818 265.32857379859405 265.3519143477122384 265.3919297628412437 265.39663348802054088 265.38155385458566116 265.40519759082508244 265.43610380328675546 265.43074429949820114 265.40201793809978881 265.38778077646111342 265.37560967466419015 265.33895811114950902 265.29982664717010721 265.25577505299565928 265.19042283553022799 265.15250187929984804 265.09003077123526282 264.99023833211862211 264.92369243654815136 264.84782835685399505 264.78957924520972256 264.73422446415662534 nan nan nan nan nan
nan nan nan nan nan nan nan nan nan nan nan nan nan nan nan nan nan nan nan nan nan nan nan nan nan nan nan nan nan nan nan nan nan nan nan 265.27607434461629055 265.29375364980029417 265.31604372219135257 265.31875104218079287 265.28798299327297627 265.25778673617946879 265.25625021304654183 265.20320884224719293 265.21263255968170824 265.23905632966420853 265.25378684942251084 265.24833454845526148 265.2435815712478302 265.19293307675576443 265.14679431006862842 265.0852135161788965 264.99765609633726626 264.86082442624194755 nan nan nan nan nan nan nan nan nan nan
nan nan nan nan nan nan nan nan nan nan nan nan nan nan nan nan nan nan nan nan nan nan nan nan nan nan nan nan nan nan nan nan nan nan nan nan nan nan nan nan nan nan nan nan nan nan 265.21572811326836927 265.17891605484106776 265.10825842453726864 265.05074863342400704 264.95474284458913417 264.80953073040359413 264.70124823049036422 nan nan nan nan nan nan nan nan nan nan
nan nan nan nan nan nan nan nan nan nan nan nan nan nan nan nan nan nan nan nan nan nan nan nan nan nan nan nan nan nan nan nan nan nan nan nan nan nan nan nan nan nan nan nan nan nan nan 265.13176478190337093 265.00110203191496794 264.96690772579751183 264.84170288678461702 nan nan nan nan nan nan nan nan nan nan nan nan
nan nan nan nan nan nan nan nan nan nan nan nan nan nan nan nan nan nan nan nan nan nan nan nan nan nan nan nan nan nan nan nan nan nan nan nan nan nan nan nan nan nan nan nan nan nan nan nan nan nan nan nan nan nan nan nan nan nan nan nan nan nan nan
nan nan nan nan nan nan nan nan nan nan nan nan nan nan nan nan nan nan nan nan nan nan nan nan nan nan nan nan nan nan nan nan nan nan nan nan nan nan nan nan nan nan nan nan nan nan nan nan nan nan nan nan nan nan nan nan nan nan nan nan nan nan nan
nan nan nan nan nan nan nan nan nan nan nan nan nan nan nan nan nan nan nan nan nan nan nan nan nan nan nan nan nan nan nan nan nan nan nan nan nan nan nan nan nan nan nan nan nan nan nan nan nan nan nan nan nan nan nan nan nan nan nan nan nan nan nan
nan nan nan nan nan nan nan nan nan nan nan nan nan nan nan nan nan nan nan nan nan nan nan nan nan nan nan nan nan nan nan nan nan nan nan nan nan nan nan nan nan nan nan nan nan nan nan nan nan nan nan nan nan nan nan nan nan nan nan nan nan nan nan
nan nan nan nan nan nan nan nan nan nan nan nan nan nan nan nan nan nan nan nan nan nan nan nan nan nan nan nan nan nan nan nan nan nan nan nan nan nan nan nan nan nan nan nan nan nan nan nan nan nan nan nan nan nan nan nan nan nan nan nan nan nan nan
nan nan nan nan nan nan nan nan nan nan nan nan nan nan nan nan nan nan nan nan nan nan nan nan nan nan nan nan nan nan nan nan nan nan nan nan nan nan nan nan nan nan nan nan nan nan nan nan nan nan nan nan nan nan nan nan nan nan nan nan nan nan nan
nan nan nan nan nan nan nan nan nan nan nan nan nan nan nan nan nan nan nan nan nan nan nan nan nan nan nan nan nan nan nan nan nan nan nan nan nan nan nan nan nan nan nan nan nan nan nan nan nan nan nan nan nan nan nan nan nan nan nan nan nan nan nan
nan nan nan nan nan nan nan nan nan nan nan nan nan nan nan nan nan nan nan nan nan nan nan nan nan nan nan nan nan nan nan nan nan nan nan nan nan nan nan nan nan nan nan nan nan nan nan nan nan nan nan nan nan nan nan nan nan nan nan nan nan nan nan
nan nan nan nan nan nan nan nan nan nan nan nan nan nan nan nan nan nan nan nan nan nan nan nan nan nan nan nan nan nan nan nan nan nan nan nan nan nan nan nan nan nan nan nan nan nan nan nan nan nan nan nan nan nan nan nan nan nan nan nan nan nan nan
nan nan nan nan nan nan nan nan nan nan nan nan nan nan nan nan nan nan nan nan nan nan nan nan nan nan nan nan nan nan nan nan nan nan nan nan nan nan nan nan nan nan nan nan nan nan nan nan nan nan nan nan nan nan nan nan nan nan nan nan nan nan nan
nan nan nan nan nan nan nan nan nan nan nan nan nan nan nan nan nan nan nan nan nan nan nan nan nan nan nan nan nan nan nan nan nan nan nan nan nan nan nan nan nan nan nan nan nan nan nan nan nan nan nan nan nan nan nan nan nan nan nan nan nan nan nan
nan nan nan nan nan nan nan nan nan nan nan nan nan nan nan nan nan nan nan nan nan nan nan nan nan nan nan nan nan nan nan nan nan nan nan nan nan nan nan nan nan nan nan nan nan nan nan nan nan nan nan nan nan nan nan nan nan nan nan nan nan nan nan
nan nan nan nan nan nan nan nan nan nan nan nan nan nan nan nan nan nan nan nan nan nan nan nan nan nan nan nan nan nan nan nan nan nan nan nan nan nan nan nan nan nan nan nan nan nan nan nan nan nan nan nan nan nan nan nan nan nan nan nan nan nan nan
nan nan nan nan nan nan nan nan nan nan nan nan nan nan nan nan nan nan nan nan nan nan nan nan nan nan nan nan nan nan nan nan nan nan nan nan nan nan nan nan nan nan nan nan nan nan nan nan nan nan nan nan nan nan nan nan nan nan nan nan nan nan nan
nan nan nan nan nan nan nan nan nan nan nan nan nan nan nan nan nan nan nan nan nan nan nan nan nan nan nan nan nan nan nan nan nan nan nan nan nan nan nan nan nan nan nan nan nan nan nan nan nan nan nan nan nan nan nan nan nan nan nan nan nan nan nan
nan nan nan nan nan nan nan nan nan nan nan nan nan nan nan nan nan nan nan nan nan nan nan nan nan nan nan nan nan nan nan nan nan nan nan nan nan nan nan nan nan nan nan nan nan nan nan nan nan nan nan nan nan nan nan nan nan nan nan nan nan nan nan
nan nan nan nan nan nan nan nan nan nan nan nan nan nan nan nan nan nan nan nan nan nan nan nan nan nan nan nan nan nan nan nan nan nan nan nan nan nan nan nan nan nan nan nan nan nan nan nan nan nan nan nan nan nan nan nan nan nan nan nan nan nan nan
nan nan nan nan nan nan nan nan nan nan nan nan nan nan nan nan nan nan nan nan nan nan nan nan nan nan nan nan nan nan nan nan nan nan nan nan nan nan nan nan nan nan nan nan nan nan nan nan nan nan nan nan nan nan nan nan nan nan nan nan nan nan nan
