results/rofental/temp_month_2020-03-01T0000_2020-03-31T2300.asc
ncols        322
nrows        225
xllcorner    622802.488000000012
yllcorner    5178049.378999999724
cellsize     100.000000000000
[rows 168 to 195 of 225, columns 63 to 125 of 322]
nan nan nan nan nan nan nan nan nan nan nan nan nan nan nan nan nan nan nan nan nan nan nan nan nan nan nan nan 262.3425405356056217 262.7531368417328963 263.02549968938762959 263.11394431301062014 263.19664539937366499 263.31108149830453158 263.51367646114664467 263.89371466845381065 263.99509892662990751 264.03107714352853463 264.13070659609041968 264.25417924297994432 264.29899769535933274 264.34340282893072072 264.36890158844261123 264.43193779624692752 264.56066494376051423 264.64510180172072751 264.69745090447139546 264.76334759805024532 264.8331414927877745 264.878232332425398 264.9176905000878719 264.95459903741550534 264.9930317554182011 265.03025229866341306 265.07370001236677126 265.12660217814720909 265.1667406472889752 265.21075896173579167 265.2497747573835909 265.22641297714636721 265.1412478691436263 264.92413045795376547 264.68650109756794109
nan nan nan nan nan nan nan nan nan nan nan nan nan nan nan nan nan nan nan nan nan nan nan nan nan nan nan nan 262.26155623195677435 262.72939388839301955 263.12861482729647378 263.2034786171851124 263.24793694508554154 263.32314403840587147 263.47196851378220117 263.71495082509335361 264.0057658934445044 264.06898519984770246 264.14045721153809154 264.20145062741357833 264.24157365551184284 264.34726248896276957 264.40866609698423417 264.44071116425936907 264.54963768686928915 264.64005392044595055 264.69348334901093267 264.75826547993904114 264.82135820244451452 264.85889250591912969 264.88376080132405832 264.91206318293399136 264.94247644319250412 264.97972621460752407 265.02377635104232922 265.07157510177955828 265.08992951648468761 265.08751930020162035 265.03166936921462593 264.95881056726068437 264.85772359978403756 264.58798524331695035 264.36766632679990607
nan nan nan nan nan nan nan nan nan nan nan nan nan nan nan nan nan nan nan nan nan nan nan nan nan nan nan 262.51158584914264793 262.56775496535425418 262.9674726933369584 263.23131921537708422 263.30960917906111263 263.31728176122771856 263.35391984238850682 263.47490601060246718 263.65973879343550834 263.8737558875227478 264.05181770545829067 264.16804624217053288 264.15521138933149814 264.18401884390982559 264.33582431610375352 264.44786795201400764 264.46505490309141351 264.51523636063024014 264.57762912886079221 264.6540014598249968 264.72690413963647416 264.78208568006732548 264.82010194537048164 264.84331277375497393 264.87886594983893929 264.90612264646250651 264.94514004957966335 264.97849385569963943 264.95708096049355618 264.91075136066120876 264.83150132301341273 264.75700152052115754 264.67125837835249058 264.50467303374500716 264.2138232970989975 263.94890058320862636
nan nan nan nan nan nan nan nan nan nan nan nan nan nan nan nan nan nan nan nan nan nan nan nan nan nan nan 262.6637935508888404 262.90804738820162356 263.10946054396271165 263.24941887983823108 263.36353238007598065 263.37527451618370833 263.40288282496015881 263.47182439185257863 263.57009417160730891 263.7174207753500923 263.94284205736323656 264.10096526158002916 264.09631060447662776 264.13226725896294056 264.32454361682027866 264.45604969155237995 264.45461184617511208 264.46292435372561158 264.50012965225556627 264.57621157273700874 264.64887832336609108 264.69466271492484566 264.73700686993129239 264.76324559599839858 264.82903646074350945 264.84630371905819857 264.82218380004371738 264.78984215615435005 264.73553857811691614 264.63468551255721195 264.55573678347082023 264.45532745879523873 264.33291395334106255 264.09403577465877788 263.88400956494689353 nan
nan nan nan nan nan nan nan nan nan nan nan nan nan nan nan nan nan nan nan nan nan nan nan nan nan nan nan nan 262.80705796921756701 263.13653968774656278 263.25306526123040385 263.32533548809573176 263.37769821305761297 263.44350481828394095 263.50637019186740417 263.5456464409057844 263.66644635752146542 263.79826776857589721 263.92672630791054189 264.0174432253383543 264.06242519200901597 264.22902202468446831 264.37822113682261715 264.40442507533367689 264.40616085806726687 264.43380643641893357 264.53590935120860195 264.59370222586477439 264.62059981490398286 264.63186505780367952 264.62299569271544897 264.61210383059216156 264.55481818986254439 264.51823916639614254 264.46403791599612987 264.39900285854196227 264.27942701955362281 264.21678872156076068 264.12543071224217783 264.01405591849703569 263.68553071378119057 263.65529834162560974 nan
nan nan nan nan nan nan nan nan nan nan nan nan nan nan nan nan nan nan nan nan nan nan nan nan nan nan nan nan nan 262.88714482332176203 263.2016771251618934 263.26770178475987905 263.33312336588812741 263.42893982239348816 263.52388655116783411 263.58648971908218073 263.67623665090502527 263.76275237515022809 263.88682580801696531 263.99736129713141963 264.03251156119665666 264.17471016360047997 264.31989830928392848 264.35697477312788806 264.34902887030546026 264.37849482276550361 264.48793681179643045 264.48607286070927103 264.46630981062725141 264.43953518541775338 264.34933404885902064 264.30548584608465035 264.31348174694136333 264.24699828316011008 264.1403628988756509 264.04391819602830083 263.94075222116191526 263.88233144786340745 263.73738193163035248 263.5368475339553811 263.50950766199258624 nan nan
nan nan nan nan nan nan nan nan nan nan nan nan nan nan nan nan nan nan nan nan nan nan nan nan nan nan nan nan nan nan 262.83333029069274289 263.02278198116403019 263.18918204272381445 263.32808623231454703 263.43173250011909658 263.59357097886828569 263.67617384804788117 263.75430928840535216 263.86509857070598173 263.91465744381451941 263.93112556951837178 264.02030232281782673 264.12530859078628964 264.16739021641012641 264.16971382498422827 264.20045268397717564 264.23674972892320056 264.23003624055559158 264.21927325803295616 264.19895731032971753 264.13804228922475659 264.12278163844109713 264.05691309593203187 263.91456403921671381 263.82002831735974269 263.69267460270816628 263.57724506223905792 263.44319999927870413 nan nan nan nan nan
nan nan nan nan nan nan nan nan nan nan nan nan nan nan nan nan nan nan nan nan nan nan nan nan nan nan nan nan nan nan nan nan nan nan nan 263.55662064418379487 263.62302710722201482 263.70025306216160743 263.74468174059120429 263.73130436981904268 263.72175246341146249 263.7668554797720617 263.72171348659441037 263.79230361749853273 263.89631426938746017 263.98164591090647946 264.03258152616916732 264.08631803623666201 264.05784351887865569 264.03720235141730655 263.98689904203001788 263.88603586965041359 263.69015258150938052 nan nan nan nan nan nan nan nan nan nan
nan nan nan nan nan nan nan nan nan nan nan nan nan nan nan nan nan nan nan nan nan nan nan nan nan nan nan nan nan nan nan nan nan nan nan nan nan nan nan nan nan nan nan nan nan nan 263.99192247660653265 263.98955323291062314 263.92697651666139791 263.88808923194892486 263.7781195100893683 263.57585210270082143 263.43462737819839958 nan nan nan nan nan nan nan nan nan nan
nan nan nan nan nan nan nan nan nan nan nan nan nan nan nan nan nan nan nan nan nan nan nan nan nan nan nan nan nan nan nan nan nan nan nan nan nan nan nan nan nan nan nan nan nan nan nan 263.91535367294295611 263.74522135658185107 263.74951161377941844 263.58791899347386334 nan nan nan nan nan nan nan nan nan nan nan nan
nan nan nan nan nan nan nan nan nan nan nan nan nan nan nan nan nan nan nan nan nan nan nan nan nan nan nan nan nan nan nan nan nan nan nan nan nan nan nan nan nan nan nan nan nan nan nan nan nan nan nan nan nan nan nan nan nan nan nan nan nan nan nan
nan nan nan nan nan nan nan nan nan nan nan nan nan nan nan nan nan nan nan nan nan nan nan nan nan nan nan nan nan nan nan nan nan nan nan nan nan nan nan nan nan nan nan nan nan nan nan nan nan nan nan nan nan nan nan nan nan nan nan nan nan nan nan
nan nan nan nan nan nan nan nan nan nan nan nan nan nan nan nan nan nan nan nan nan nan nan nan nan nan nan nan nan nan nan nan nan nan nan nan nan nan nan nan nan nan nan nan nan nan nan nan nan nan nan nan nan nan nan nan nan nan nan nan nan nan nan
nan nan nan nan nan nan nan nan nan nan nan nan nan nan nan nan nan nan nan nan nan nan nan nan nan nan nan nan nan nan nan nan nan nan nan nan nan nan nan nan nan nan nan nan nan nan nan nan nan nan nan nan nan nan nan nan nan nan nan nan nan nan nan
nan nan nan nan nan nan nan nan nan nan nan nan nan nan nan nan nan nan nan nan nan nan nan nan nan nan nan nan nan nan nan nan nan nan nan nan nan nan nan nan nan nan nan nan nan nan nan nan nan nan nan nan nan nan nan nan nan nan nan nan nan nan nan
nan nan nan nan nan nan nan nan nan nan nan nan nan nan nan nan nan nan nan nan nan nan nan nan nan nan nan nan nan nan nan nan nan nan nan nan nan nan nan nan nan nan nan nan nan nan nan nan nan nan nan nan nan nan nan nan nan nan nan nan nan nan nan
nan nan nan nan nan nan nan nan nan nan nan nan nan nan nan nan nan nan nan nan nan nan nan nan nan nan nan nan nan nan nan nan nan nan nan nan nan nan nan nan nan nan nan nan nan nan nan nan nan nan nan nan nan nan nan nan nan nan nan nan nan nan nan
nan nan nan nan nan nan nan nan nan nan nan nan nan nan nan nan nan nan nan nan nan nan nan nan nan nan nan nan nan nan nan nan nan nan nan nan nan nan nan nan nan nan nan nan nan nan nan nan nan nan nan nan nan nan nan nan nan nan nan nan nan nan nan
nan nan nan nan nan nan nan nan nan nan nan nan nan nan nan nan nan nan nan nan nan nan nan nan nan nan nan nan nan nan nan nan nan nan nan nan nan nan nan nan nan nan nan nan nan nan nan nan nan nan nan nan nan nan nan nan nan nan nan nan nan nan nan
nan nan nan nan nan nan nan nan nan nan nan nan nan nan nan nan nan nan nan nan nan nan nan nan nan nan nan nan nan nan nan nan nan nan nan nan nan nan nan nan nan nan nan nan nan nan nan nan nan nan nan nan nan nan nan nan nan nan nan nan nan nan nan
nan nan nan nan nan nan nan nan nan nan nan nan nan nan nan nan nan nan nan nan nan nan nan nan nan nan nan nan nan nan nan nan nan nan nan nan nan nan nan nan nan nan nan nan nan nan nan nan nan nan nan nan nan nan nan nan nan nan nan nan nan nan nan
nan nan nan nan nan nan nan nan nan nan nan nan nan nan nan nan nan nan nan nan nan nan nan nan nan nan nan nan nan nan nan nan nan nan nan nan nan nan nan nan nan nan nan nan nan nan nan nan nan nan nan nan nan nan nan nan nan nan nan nan nan nan nan
nan nan nan nan nan nan nan nan nan nan nan nan nan nan nan nan nan nan nan nan nan nan nan nan nan nan nan nan nan nan nan nan nan nan nan nan nan nan nan nan nan nan nan nan nan nan nan nan nan nan nan nan nan nan nan nan nan nan nan nan nan nan nan
nan nan nan nan nan nan nan nan nan nan nan nan nan nan nan nan nan nan nan nan nan nan nan nan nan nan nan nan nan nan nan nan nan nan nan nan nan nan nan nan nan nan nan nan nan nan nan nan nan nan nan nan nan nan nan nan nan nan nan nan nan nan nan
nan nan nan nan nan nan nan nan nan nan nan nan nan nan nan nan nan nan nan nan nan nan nan nan nan nan nan nan nan nan nan nan nan nan nan nan nan nan nan nan nan nan nan nan nan nan nan nan nan nan nan nan nan nan nan nan nan nan nan nan nan nan nan
nan nan nan nan nan nan nan nan nan nan nan nan nan nan nan nan nan nan nan nan nan nan nan nan nan nan nan nan nan nan nan nan nan nan nan nan nan nan nan nan nan nan nan nan nan nan nan nan nan nan nan nan nan nan nan nan nan nan nan nan nan nan nan
nan nan nan nan nan nan nan nan nan nan nan nan nan nan nan nan nan nan nan nan nan nan nan nan nan nan nan nan nan nan nan nan nan nan nan nan nan nan nan nan nan nan nan nan nan nan nan nan nan nan nan nan nan nan nan nan nan nan nan nan nan nan nan
nan nan nan nan nan nan nan nan nan nan nan nan nan nan nan nan nan nan nan nan nan nan nan nan nan nan nan nan nan nan nan nan nan nan nan nan nan nan nan nan nan nan nan nan nan nan nan nan nan nan nan nan nan nan nan nan nan nan nan nan nan nan nan
