results/rofental/temp_month_2020-05-01T0000_2020-05-31T2300.asc
ncols        322
nrows        225
xllcorner    622802.488000000012
yllcorner    5178049.378999999724
cellsize     100.000000000000
[rows 56 to 83 of 225, columns 189 to 251 of 322]
nan nan nan nan nan nan nan nan nan nan nan nan nan nan nan nan nan nan nan nan nan nan nan nan nan nan nan nan nan nan nan nan nan nan nan nan nan nan nan nan nan nan nan nan nan nan nan nan nan nan nan nan nan nan nan nan nan nan nan nan nan nan nan
nan nan nan nan nan nan nan nan nan nan nan nan nan nan nan nan nan nan nan nan nan nan nan nan nan nan nan nan nan nan nan nan nan nan nan nan nan nan nan nan nan nan nan nan nan nan nan nan nan nan nan nan nan nan nan nan nan nan nan nan nan nan nan
nan nan nan nan nan nan nan nan nan nan nan nan nan nan nan nan nan nan nan nan nan nan nan nan nan nan nan nan nan nan nan nan nan nan nan nan nan nan nan nan nan nan nan nan nan nan nan nan nan nan nan nan nan nan nan nan nan nan nan nan nan nan nan
nan nan nan nan nan nan nan nan nan nan nan nan 270.72709814485563129 nan nan nan nan nan nan nan nan nan nan nan nan nan nan nan nan nan nan nan nan nan nan nan nan nan nan nan nan nan nan nan nan nan nan nan nan nan nan nan nan nan nan nan nan nan nan nan nan nan nan
nan nan nan nan nan nan nan nan nan nan 270.1890508405675746 270.48878676623326101 270.86706100181061174 271.08706721972885134 271.20490208743223093 nan nan nan nan nan nan nan nan nan nan nan nan nan nan nan nan nan nan nan nan nan nan nan nan nan nan nan nan nan nan nan nan nan nan nan nan nan nan nan nan nan nan nan nan nan nan nan nan
nan nan nan nan nan nan nan nan 270.14609892296613225 270.27592165539238067 270.47395546311707903 270.74423995749680216 271.00893800192585559 271.24834962287906137 271.53099725171085765 271.62804998476423179 nan nan nan nan nan nan nan nan nan nan nan nan nan nan nan nan nan nan nan nan nan nan nan nan nan nan nan nan nan nan nan nan nan nan nan nan nan nan nan nan nan nan nan nan nan nan nan
nan nan nan nan nan nan 269.64827487129286965 270.12949613887968781 270.54300500240259453 270.81070511764619368 271.01254704203955725 271.1674475356458629 271.27386991751393452 271.43711216758333649 271.72666479767798364 271.95943323100902944 271.98927851234907394 271.9213878861812077 nan nan nan nan nan nan nan nan nan nan nan nan nan nan nan nan nan nan nan nan nan nan nan nan nan nan nan nan nan nan nan nan nan nan nan nan nan nan nan nan nan nan nan nan nan
nan nan nan nan nan 269.58906412668960684 269.86110054892878907 270.42895420867256462 270.79521665478694104 271.01701605164726061 271.19488204238712115 271.37022575786613743 271.54823429748256558 271.68541768153880867 271.92091092481302894 272.14754120651764424 272.27469569870254418 272.27601790084213462 272.13655720328853249 271.90541153829468612 nan nan nan nan nan nan nan nan nan nan nan nan nan nan nan nan nan nan nan nan nan nan nan nan nan nan nan nan nan nan nan nan nan nan nan nan nan nan nan nan nan nan nan
nan nan nan nan nan 269.57050442535546608 269.9127047434068345 270.47226448457911374 270.90074926874450512 271.07630165682957113 271.2404010920350288 271.42414083917861944 271.61039888580103252 271.81173230969233146 272.02398077165474888 272.23774545798994495 272.36497327500478605 272.42635744630564432 272.40089564429069924 272.20213985315666605 271.89740038198954153 nan nan nan nan nan nan nan nan nan nan nan nan nan nan nan nan nan nan nan nan nan nan nan nan nan nan nan nan nan nan nan nan nan nan nan nan nan nan nan nan nan nan
270.48106590527947901 270.0229019799511434 nan nan 270.01936189840932911 270.13205533687653315 270.23288793340833536 270.50078481529078545 270.83342913528309737 271.02554707086437702 271.10645932004320002 271.40938064580444689 271.7517555665270379 271.95178333102410306 272.10183785812603219 272.2659750414499058 272.39168241928575753 272.4876833396189113 272.54540511411579473 272.47553442413101266 272.1744776741867895 272.15166869303027397 nan nan nan nan nan nan nan nan nan nan nan nan nan nan nan nan nan nan nan nan nan nan nan nan nan nan nan nan nan nan nan nan nan nan nan nan nan nan nan nan nan
270.82386917013604943 270.45625551008191678 270.22463211889493095 270.19264482311245956 270.48013858275709254 270.71127799365058308 270.77252947966837837 270.62960722641008715 270.77422211673012953 270.97841091905291933 271.19292347002675569 271.51320770497716239 271.8342935250502137 272.13231985199854535 272.20848633352972001 272.30221126224768113 272.45185510539238294 272.56768418089893657 272.64043817647711876 272.64128239592253067 272.3473351862257914 272.35496392640396834 272.44462068962053536 nan nan nan nan nan nan nan nan nan nan nan nan nan nan nan nan nan nan nan nan nan nan nan nan nan nan nan nan nan nan nan nan nan nan nan nan nan nan nan nan
271.20495589707769568 270.97872559583828433 270.71770841560754661 270.58522176732731168 270.90091114353947432 271.13281561467306346 271.11788211736546828 270.76393624988048714 270.7175212957677104 270.94735352744504553 271.23458930496434505 271.57903523026993753 271.86903652653455765 272.1255363348013816 272.28356483424562384 272.39776328676964567 272.55742672266404725 272.67194664255242742 272.7571664600375243 272.79465157016693411 272.56663793991202738 272.59289215765448944 272.63475884354073742 272.71151926606910365 nan nan nan nan nan nan nan nan nan nan nan nan nan nan nan nan nan nan nan nan nan nan nan nan nan nan nan nan nan nan nan nan nan nan nan nan nan nan nan
271.71321546797901192 271.51541141722276507 271.16218346205721446 270.92941932309418007 271.21920477808924943 271.51456237367057156 271.46481011173551678 271.14036100861250134 270.96358393916563045 270.85676737209126941 271.02396471500077269 271.5515750887399804 271.88596110779832316 272.12424548166751492 272.30343265029665645 272.46371475640074777 272.63534049913789659 272.74546936197668856 272.88257169812328584 273.00906152530410509 273.04386968230483035 273.13706685328025969 273.00159840329564531 272.84806044288365001 nan nan nan nan nan nan nan nan nan nan nan nan nan nan nan nan nan nan nan nan nan nan nan nan nan nan nan nan nan nan nan nan nan nan nan nan nan nan nan
271.96009502239547828 271.78159072077545488 271.50524619734636644 271.51247769451651948 271.63625641925392529 271.86897466870084372 271.81474295524094487 271.57748502448225736 271.45564805281225063 271.24402461101789186 271.00340153840591029 271.23069677392135191 271.69174783149071573 272.04921238834714359 272.33488022914036719 272.53221649621087863 272.73278012656629699 272.87807698504684595 273.06105554621706233 273.22920415150150575 273.40844705225583766 273.56650529567400554 273.44363352617000373 273.19415470573881066 nan nan nan nan nan nan nan nan nan nan nan nan nan nan nan nan nan nan nan nan nan nan nan nan nan nan nan nan nan nan nan nan nan nan nan nan nan nan nan
272.06975270581784798 272.18533506262701849 272.21141341103367495 272.14629913829742236 272.24426386809273026 272.2659087810304186 272.10577849669653006 271.97162596057137307 271.91262482101956266 271.72178242539507664 271.46765559132802537 271.28419670395447838 271.40305994046502747 271.71763834624681522 272.21169233587750114 272.59870051023699489 272.89759015121893526 273.09940729975829754 273.2672056631936357 273.43190430440984073 273.56311523860364332 273.6991794651914347 273.71465445101671321 273.43268542957105183 nan nan nan nan nan nan nan nan nan nan nan nan nan nan nan nan nan nan nan nan nan nan nan nan nan nan nan nan nan nan nan nan nan nan nan nan nan nan nan
272.4991055756478886 272.69627127275447265 272.8657725314553204 272.83589814199780221 272.71994003278490482 272.60762564944081987 272.48866880712250804 272.39506830991030029 272.29670609503273226 272.15070203423783823 271.94972510665559184 271.81654083783780607 271.8552149437737171 271.8061908782970022 272.00404736738516931 272.4959845008817183 272.99624164640209756 273.32744039811927905 273.50921892358235255 273.6513714397499939 273.73302217732708641 273.80954795849015682 273.95622962339086826 273.93286224086068614 273.68523195679563287 nan nan nan nan nan nan nan nan nan nan nan nan nan nan nan nan nan nan nan nan nan nan nan nan nan nan nan nan nan nan nan nan nan nan nan nan nan nan
272.65827206735792743 272.89652410213699341 273.10824885955338459 273.06372360654125941 272.97455997182811416 272.94308493146439787 272.89200060305819306 272.78709872330762209 272.68454992484191735 272.57556937734153735 272.33246329190984625 272.21096489413076824 272.31104943403613561 272.25726253424153356 272.15078241521388236 272.63986379057678278 273.12430068671841354 273.52490960938877151 273.70578546430346023 273.87044182514472368 274.11957849467847836 274.13077018549438435 274.22937151205911732 274.31018738519054523 274.13154284848201314 273.93350297904584068 nan nan nan nan nan nan nan nan nan nan nan nan nan nan nan nan nan nan nan nan nan nan nan nan nan nan nan nan nan nan nan nan nan nan nan nan nan
272.90176468403200261 273.11240958382711597 273.2598947097029054 273.21301426484819785 273.18776607596970507 273.19344319877933458 273.22853976318725699 273.10662134533652079 273.04692148498492088 272.98940194717823715 272.76584509339085116 272.61285503350325143 272.67543788867561716 272.66619605329452725 272.63566949711793086 272.76840832990944818 273.29445597803288592 273.72590270391924605 273.86103561560815933 274.09551913516122568 274.51328462831617117 274.68548631969741791 274.55483842983579734 274.58072141327636473 274.50337660916710547 274.25249228614069352 nan nan nan nan nan nan nan nan nan nan nan nan nan nan nan nan nan nan nan nan nan nan nan nan nan nan nan nan nan nan nan nan nan nan nan nan nan
273.04748554376311631 273.22733086434715233 273.33307926566936885 273.35482649739549288 273.33535590244252944 273.37387287158190929 273.43953925950791017 273.43065687589285062 273.37827905104546744 273.3424507641358332 273.17212763139315257 272.97237601060510315 272.94650658285615918 273.01040442525334129 273.08791176208819707 273.25607213188027345 273.41723300104655436 273.96203414113591634 274.14568859159737713 274.3641026905386866 274.73365471289355355 274.95844629101929968 274.94973014989346893 274.86288018401711497 274.67685758497975712 274.5257367640140842 274.25669032703615358 nan nan nan nan nan nan nan nan nan nan nan nan nan nan nan nan nan nan nan nan nan nan nan nan nan nan nan nan nan nan nan nan nan nan nan nan
273.11298239835787172 273.24816458851927337 273.43255659137383873 273.46284430989641123 273.46992619782025713 273.50133343785654461 273.55484771502415242 273.65111247391695315 273.69414087627092158 273.66545131584001638 273.48271643062560088 273.16918939066232497 273.15621626662186827 273.35311341090277892 273.46306682117375431 273.61063410190149625 273.88445231002094715 274.25618799429639694 274.55479202365887659 274.72622406160053288 274.94344515138823226 275.08336292238874421 275.15748492865924391 274.99085545205696235 274.7895394678566845 274.51945191825581105 274.2775248341578731 nan nan nan nan nan nan nan nan nan nan nan nan nan nan nan nan nan nan nan nan nan nan nan nan nan nan nan nan nan nan nan nan nan nan nan nan
273.15400388733763748 273.33500375117887415 273.52688298463351657 273.56188045583661506 273.58371168391988704 273.64936585839637928 273.73300257731636975 273.80906079233324135 273.90055954182736286 273.91646204922255947 273.68442554984295612 273.38663978234421847 273.19309175685509672 273.46463026185887202 273.67475963892150048 273.85941043547302343 274.12196591050502548 274.47668471501339127 274.8154549133860769 275.01411296961742892 275.18871388001275591 275.20514997731839912 275.23316056908873861 275.0646950808550173 274.82757595627958835 274.47449425834929571 nan nan nan nan nan nan nan nan nan nan nan nan nan nan nan nan nan nan nan nan nan nan nan nan nan nan nan nan nan nan nan nan nan nan nan nan nan
273.1771725744497985 273.4372887477071572 273.59802263382459842 273.66895141558586602 273.6704013206983177 273.7916712921177691 273.91224883076779406 273.93229846510871539 274.00038650791799455 274.06677724857132716 273.8783810464295243 273.55087044185296463 273.27348656220743806 273.58573106038403466 273.93194381760054057 274.12051216684807287 274.35875868275928724 274.64626759453892646 274.9741694736491695 275.26942565083766112 275.43480149799978562 275.42260103235025781 275.38815816654101809 275.08500883897812628 274.85258729164581837 274.51570741063238756 nan nan nan nan nan nan nan nan nan nan nan nan nan nan nan nan nan nan nan nan nan nan nan nan nan nan nan nan nan nan nan nan nan nan nan nan nan
272.97970310090670409 273.37802837286744762 273.65598053556516334 273.7887607000362209 273.79926778613037186 273.87994884956168562 274.03109233394906141 274.07970749259641252 274.10890266057168674 274.17514508034503251 274.05804709803817332 273.75593566303928128 273.41618941621516115 273.5413672144178463 273.92844707133838256 274.22175593947207517 274.56153318333389279 274.93289776926030754 275.33144284042566596 275.54187874095839561 275.68153738166756739 275.7027753805346606 275.52706011270043973 275.23471578395748338 275.04620634267314472 274.83938484920378187 nan nan nan nan nan nan nan nan nan nan nan nan nan nan nan nan nan nan nan nan nan nan nan nan nan nan nan nan nan nan nan nan nan nan nan nan nan
273.0513155415223423 273.26109747641754666 273.58873278199666856 273.82057523798829379 273.91528516943026261 273.95925946418645935 274.09364921185164121 274.20679560820383358 274.26870813032724072 274.18551611884038266 274.1518898489545677 274.04292249059932374 273.74069014784089404 273.65239399651534313 273.99745037182930218 274.41297143666253078 274.73010135323733039 275.12253873254331893 275.53569453128716304 275.76980228129076522 275.89651310404542528 275.84394472013070754 275.59506365550328155 275.41895984599653957 275.30675272378476848 nan nan nan nan nan nan nan nan nan nan nan nan nan nan nan nan nan nan nan nan nan nan nan nan nan nan nan nan nan nan nan nan nan nan nan nan nan nan
273.07723486845412708 273.28210120486068035 273.46913477375204593 273.7823817532856765 273.93989834906147962 274.00458296987204676 274.10916064194452701 274.28211895514829166 274.40165049930766372 274.25890157443166117 274.34692266487644474 274.27532974705241031 274.14607701274917417 273.96343242307017363 274.19674313099892515 274.60669258005356141 274.91876595996478727 275.31133731873660508 275.76053366540730849 275.977936133166736 276.04004287394025141 275.90393744815492028 275.81992917290807554 275.65888543712156888 275.54515187924334896 nan nan nan nan nan nan nan nan nan nan nan nan nan nan nan nan nan nan nan nan nan nan nan nan nan nan nan nan nan nan nan nan nan nan nan nan nan nan
272.86618422288466945 273.19352046432305769 273.57204367490902541 273.77182995809567956 273.96519561148352295 274.14204445605355431 274.25173582897048163 274.36464899509201132 274.48460830592210868 274.43611380608120953 274.54353038774479501 274.4844163323124917 274.43004269210325674 274.30703134469041515 274.37803302797829019 274.69815760743676947 275.01761251249234874 275.43993295745622163 275.8921339992399453 276.12860926813988272 276.1511088876943063 276.102699377737963 276.14438808012442905 275.96741666310037999 275.84264937359495207 nan nan nan nan nan nan nan nan nan nan nan nan nan nan nan nan nan nan nan nan nan nan nan nan nan nan nan nan nan nan nan nan nan nan nan nan nan nan
273.00649912805528174 273.24622443027169538 273.66102365192682555 273.99579389938429586 274.09311272546028704 274.31500130259837533 274.4166614502373136 274.51762896749147558 274.59013308342116488 274.61742644522388446 274.69648248707363791 274.71104735753090154 274.63067558279067271 274.6384673272332293 274.64033265131263306 274.84168856502111566 275.14800223135279111 275.51889401432322302 275.95596793275251457 276.2901502351938916 276.36508026630309587 276.36903986651577725 276.41782002472649538 276.29472180741709053 276.11475942329525424 276.21379968196600885 nan nan nan nan nan nan nan nan nan nan nan nan nan nan nan nan nan nan nan nan nan nan nan nan nan nan nan nan nan nan nan nan nan nan nan nan nan
273.17129319564452317 273.42896307842062242 273.73145732120536877 274.01764177943204004 274.27832754523996073 274.46023678739703655 274.60023069521110983 274.69626033368149365 274.75175277567569765 274.82443754959297166 274.90351795134461099 274.98127682968600993 274.86967862770006832 274.82876746314661887 274.92637755347470829 275.06921050344465129 275.30333704053015254 275.59501062112292402 276.04919992824989095 276.41337148253006717 276.57015748794930232 276.60738231548066324 276.67763762799745564 276.60467816681602926 276.43317716928913796 276.59592590184382743 276.81726837344950809 nan nan nan nan nan nan nan nan nan nan nan nan nan nan nan nan nan nan nan nan nan nan nan nan nan nan nan nan nan nan nan nan nan nan nan nan
