results/rofental/temp_month_2019-10-01T0000_2019-10-31T2300.asc
ncols        322
nrows        225
xllcorner    622802.488000000012
yllcorner    5178049.378999999724
cellsize     100.000000000000
[rows 56 to 83 of 225, columns 189 to 251 of 322]
nan nan nan nan nan nan nan nan nan nan nan nan nan nan nan nan nan nan nan nan nan nan nan nan nan nan nan nan nan nan nan nan nan nan nan nan nan nan nan nan nan nan nan nan nan nan nan nan nan nan nan nan nan nan nan nan nan nan nan nan nan nan nan
nan nan nan nan nan nan nan nan nan nan nan nan nan nan nan nan nan nan nan nan nan nan nan nan nan nan nan nan nan nan nan nan nan nan nan nan nan nan nan nan nan nan nan nan nan nan nan nan nan nan nan nan nan nan nan nan nan nan nan nan nan nan nan
nan nan nan nan nan nan nan nan nan nan nan nan nan nan nan nan nan nan nan nan nan nan nan nan nan nan nan nan nan nan nan nan nan nan nan nan nan nan nan nan nan nan nan nan nan nan nan nan nan nan nan nan nan nan nan nan nan nan nan nan nan nan nan
nan nan nan nan nan nan nan nan nan nan nan nan 273.36007705758072461 nan nan nan nan nan nan nan nan nan nan nan nan nan nan nan nan nan nan nan nan nan nan nan nan nan nan nan nan nan nan nan nan nan nan nan nan nan nan nan nan nan nan nan nan nan nan nan nan nan nan
nan nan nan nan nan nan nan nan nan nan 273.01584480628997653 273.20242202454210201 273.43874558390245966 273.57454021089006346 273.64541275471083281 nan nan nan nan nan nan nan nan nan nan nan nan nan nan nan nan nan nan nan nan nan nan nan nan nan nan nan nan nan nan nan nan nan nan nan nan nan nan nan nan nan nan nan nan nan nan nan nan
nan nan nan nan nan nan nan nan 272.98687939308103978 273.06551957542973241 273.18735296062999396 273.35494705930847203 273.5189103445597425 273.6667473183095467 273.84195113070205707 273.89931132017829896 nan nan nan nan nan nan nan nan nan nan nan nan nan nan nan nan nan nan nan nan nan nan nan nan nan nan nan nan nan nan nan nan nan nan nan nan nan nan nan nan nan nan nan nan nan nan nan
nan nan nan nan nan nan 272.67043759993111962 272.97194565088813079 273.23038864107383006 273.39620800013528878 273.52014512267533064 273.61420950670020602 273.67743177782699604 273.77664276435757529 273.95595067305958992 274.09917071613034523 274.11357211189158534 274.06592093212850614 nan nan nan nan nan nan nan nan nan nan nan nan nan nan nan nan nan nan nan nan nan nan nan nan nan nan nan nan nan nan nan nan nan nan nan nan nan nan nan nan nan nan nan nan nan
nan nan nan nan nan 272.62959335007570871 272.79810060726657639 273.1542464564785746 273.38237024514637596 273.51872961395611128 273.62712641155843585 273.73384605653285462 273.84218683829783458 273.92455711455500023 274.06926323693699032 274.20830222400172715 274.28418174650278161 274.28018894069634825 274.18685065966042202 274.03534122488400726 nan nan nan nan nan nan nan nan nan nan nan nan nan nan nan nan nan nan nan nan nan nan nan nan nan nan nan nan nan nan nan nan nan nan nan nan nan nan nan nan nan nan nan
nan nan nan nan nan 272.61107297259655979 272.82375425885072673 273.17428669117617801 273.44155142657592705 273.54821965195969824 273.6475426902302388 273.75925865280891003 273.87250870783549317 273.99527014582707807 274.12491252239101414 274.25548242626393858 274.33111270511989233 274.36494976068007645 274.34368078204784069 274.21246146311347047 274.01402612183613883 nan nan nan nan nan nan nan nan nan nan nan nan nan nan nan nan nan nan nan nan nan nan nan nan nan nan nan nan nan nan nan nan nan nan nan nan nan nan nan nan nan nan
273.20534766440329122 272.91020806315987102 nan nan 272.8942429027132448 272.96100202167315274 273.02014514364844899 273.18522369935084271 273.39130928875437121 273.50813624357272147 273.55431715304513318 273.74132156498745871 273.95330453534569415 274.07490143711930841 274.16474455220208029 274.26349661933608104 274.33784585335564543 274.39334320670349143 274.42456481769340826 274.37484902101886064 274.17847299407850414 274.15875171461181026 nan nan nan nan nan nan nan nan nan nan nan nan nan nan nan nan nan nan nan nan nan nan nan nan nan nan nan nan nan nan nan nan nan nan nan nan nan nan nan nan nan
273.41862168829123902 273.18057204664893334 273.02872661917393771 273.00347832516314384 273.18088489463741553 273.32243780438909653 273.35608960289101788 273.26008515361860418 273.34647555490681725 273.47059644981402471 273.601198519878551 273.79886121974698199 273.99697691468321636 274.18041240866443786 274.22301686400737708 274.27674133074907559 274.36594411409419081 274.43369466158435444 274.47413369637280312 274.46898130786206593 274.2768138613318456 274.2761170621432143 274.32758530182030654 nan nan nan nan nan nan nan nan nan nan nan nan nan nan nan nan nan nan nan nan nan nan nan nan nan nan nan nan nan nan nan nan nan nan nan nan nan nan nan nan
273.65652031657361931 273.50781100459619211 273.3369274461726377 273.24751613142871065 273.44243166799924438 273.58408620461511873 273.56900675171021931 273.33870144582976991 273.30348065450232298 273.44349610474370138 273.61987210850327301 273.8324929501974907 274.01050913592143843 274.16722132383426924 274.26141008310855796 274.32776471355134618 274.42296809493939236 274.4895353568159635 274.53753943892292 274.55530165704277579 274.40464743505845036 274.41545194845286915 274.43628538406767348 274.47940948646964898 nan nan nan nan nan nan nan nan nan nan nan nan nan nan nan nan nan nan nan nan nan nan nan nan nan nan nan nan nan nan nan nan nan nan nan nan nan nan nan
273.97544748623363375 273.84438429246017677 273.61458808439567747 273.46114455972343649 273.63922648115487846 273.82075496106716628 273.78318497177167501 273.57120526354839285 273.45286179490580025 273.37884261403701203 273.47864914379636048 273.80711879015711929 274.01291333206967238 274.15767847058776852 274.26490962907337234 274.36012701817014658 274.46254249777211953 274.52594788908487544 274.6065073453563059 274.68038966234627196 274.69617037963718076 274.74911162410000998 274.65707054093712713 274.55372228719755867 nan nan nan nan nan nan nan nan nan nan nan nan nan nan nan nan nan nan nan nan nan nan nan nan nan nan nan nan nan nan nan nan nan nan nan nan nan nan nan
274.12881457653463713 274.00959509339753595 273.82818553822926333 273.82664188982471387 273.89896821857303166 274.04033961421271215 273.99952172154928576 273.8424697172072797 273.75858692532187888 273.61765051790672487 273.45824275325998087 273.5957226433540086 273.88149577039365568 274.10148985288049062 274.27589134453899078 274.39422110568324342 274.51460006491856802 274.59992532240266883 274.70920397884032127 274.8091340655194017 274.9161923371453895 275.0099208423354753 274.92550967849109611 274.76092450709592185 nan nan nan nan nan nan nan nan nan nan nan nan nan nan nan nan nan nan nan nan nan nan nan nan nan nan nan nan nan nan nan nan nan nan nan nan nan nan nan
274.19540675411661823 274.26240381386821809 274.27250076706286563 274.22462950727702946 274.28015787960060834 274.28716273026191175 274.17872355676678353 274.08668699837369331 274.04226339472239715 273.91409681815588328 273.74570032903119454 273.62208931885061247 273.69028377225475879 273.88263971017835274 274.18886363385490768 274.42713918272829687 274.60949470943296546 274.73026708894616377 274.82949281382309437 274.92681768315520685 275.00298348390259662 275.08235072248845654 275.08534239118949927 274.89975622671380506 nan nan nan nan nan nan nan nan nan nan nan nan nan nan nan nan nan nan nan nan nan nan nan nan nan nan nan nan nan nan nan nan nan nan nan nan nan nan nan
274.46518244666089004 274.58352656428576211 274.68421494738817046 274.65828056576731342 274.57762329772617704 274.49918840201439707 274.4164509585928613 274.34972101938211608 274.27988885073625624 274.17974652156078719 274.04464719085086699 273.95250663934706381 273.96937507898229569 273.930544312802283 274.04835563853032454 274.35277777401853427 274.66247994557210177 274.86491505386635481 274.97256848463155166 275.05514280666409377 275.09941813265237442 275.14056825098145964 275.22640074612570515 275.20451317508332068 275.0405375870594753 nan nan nan nan nan nan nan nan nan nan nan nan nan nan nan nan nan nan nan nan nan nan nan nan nan nan nan nan nan nan nan nan nan nan nan nan nan nan
274.56378473014592601 274.70776398966052056 274.83480969634229041 274.79913971774647052 274.73504889933792583 274.70747802041637442 274.66737508676499147 274.5930336468223345 274.52010358687039115 274.44301385708422458 274.28073305731641085 274.19555987859564539 274.25094831428310727 274.208639403814459 274.13285484480610421 274.43500202701511625 274.73419873702908944 274.98021458054341792 275.08682583111510667 275.18321220476076405 275.33330934061666539 275.33253421153244744 275.38739770952827257 275.43117978124217871 275.31055024698741818 275.17790011840287434 nan nan nan nan nan nan nan nan nan nan nan nan nan nan nan nan nan nan nan nan nan nan nan nan nan nan nan nan nan nan nan nan nan nan nan nan nan
274.71618264793863773 274.8421911154464965 274.92801964691324201 274.89040623452223144 274.8664288880291906 274.8619871241107262 274.87612712463294429 274.79053670503355988 274.7443472714002155 274.69946085540237846 274.54912830220854403 274.44350803413192352 274.47463078764803868 274.46011938228855342 274.43205948339118549 274.50758441498408047 274.83270129281436311 275.09779637262244023 275.17488427136987639 275.31508798923692893 275.57170350945011705 275.67261405895186499 275.58150387877554977 275.58994456845908871 275.53313355750918845 275.36649620588809739 nan nan nan nan nan nan nan nan nan nan nan nan nan nan nan nan nan nan nan nan nan nan nan nan nan nan nan nan nan nan nan nan nan nan nan nan nan
274.80680278944737438 274.91280259432636512 274.97168354313913596 274.97716306149021648 274.9563940274417746 274.97233501897818542 275.00541670839129438 274.99110095425982081 274.9490961849693349 274.91751015076624753 274.8004911923589475 274.66472099358145442 274.63923050496390488 274.67064825350195179 274.71065515106772636 274.80815903044788229 274.90120624516464432 275.23772457957937831 275.34508639955282661 275.47456960278168481 275.70006336643632494 275.83382382308781189 275.81957227274227762 275.7559566620339524 275.62967386270008774 275.52586050096556392 275.34758263317797855 nan nan nan nan nan nan nan nan nan nan nan nan nan nan nan nan nan nan nan nan nan nan nan nan nan nan nan nan nan nan nan nan nan nan nan nan
274.84676846283315399 274.92395002470334475 275.03226800198427782 275.04269839207057657 275.03831253730555773 275.04927488005046143 275.07417767104533368 275.12612155888825782 275.1441921774179491 275.11666192746235993 274.99128687492674317 274.78282769917632322 274.76502912262151312 274.8803502158149854 274.94043941796053332 275.02435734723030691 275.18837255224332239 275.4145263106010475 275.59429464357793904 275.69341368737707398 275.82168281014344302 275.90102600682240563 275.93879100791127712 275.82399734885126463 275.68746995876051642 275.50763400089624611 275.34606237844980114 nan nan nan nan nan nan nan nan nan nan nan nan nan nan nan nan nan nan nan nan nan nan nan nan nan nan nan nan nan nan nan nan nan nan nan nan
274.87144414304538032 274.97721702041837943 275.08980527592797216 275.10274661713805244 275.10724535341591945 275.13946702365825558 275.18301170959506408 275.22165665121889333 275.27000905189424884 275.27029526599909559 275.11314479136359523 274.91418054382694436 274.78128351145687702 274.94346109680725476 275.06660134221891667 275.17352016674720971 275.32984402938780022 275.54464397719829094 275.74933760769113178 275.86516103118879073 275.96580203896928651 275.96619672546330548 275.97411244722604806 275.85757032417632217 275.69774622593121194 275.4646788228474179 nan nan nan nan nan nan nan nan nan nan nan nan nan nan nan nan nan nan nan nan nan nan nan nan nan nan nan nan nan nan nan nan nan nan nan nan nan
274.88501620178914209 275.04050217403033685 275.13283512941512754 275.16809345084493543 275.15917555288751828 275.22621145542933618 275.29271940712078504 275.29533938542505211 275.32835118138893904 275.36018976017606974 275.23023973183751423 275.01190954452420101 274.82529761316334316 275.01278581953880575 275.22175283289237768 275.33061128014429642 275.47094860956519824 275.64252320618038539 275.8397339789706848 276.01626277965192457 276.11044234464031888 276.09204955654047353 276.05971333058778328 275.85708131683145439 275.69962668992877752 275.47624134987921707 nan nan nan nan nan nan nan nan nan nan nan nan nan nan nan nan nan nan nan nan nan nan nan nan nan nan nan nan nan nan nan nan nan nan nan nan nan
274.75877535021214726 275.00146679930827531 275.16769094224559922 275.24170941826224634 275.23805193610809283 275.27884479856578537 275.36426668386513938 275.38453028270680534 275.39237284003854711 275.42362539618039818 275.33842378625206493 275.13570522176104305 274.90899971214980724 274.97724299670238679 275.21160187312295875 275.38637256873164461 275.59056971980169237 275.81477153488685872 276.05620921701824955 276.17829090722284491 276.25551829763810474 276.25770424685663329 276.13506590274886321 275.93864030424191469 275.80840578400182039 275.66692024068515821 nan nan nan nan nan nan nan nan nan nan nan nan nan nan nan nan nan nan nan nan nan nan nan nan nan nan nan nan nan nan nan nan nan nan nan nan nan
274.80348451176985236 274.92601210239217835 275.12326299957010178 275.25965203751894705 275.30894051631912589 275.32595187247841295 275.40025643090723406 275.46098699574412194 275.48910436359483356 275.42503059959904022 275.39230143950805996 275.31164582465555668 275.10822655736114939 275.04046193417644872 275.2476028360830469 275.49936539908969735 275.68860660758764425 275.92557963003253008 276.17566930712854401 276.31213578424529942 276.38049261384531974 276.33517281990418724 276.1654254447216772 276.04208586448407914 275.95959270146454401 nan nan nan nan nan nan nan nan nan nan nan nan nan nan nan nan nan nan nan nan nan nan nan nan nan nan nan nan nan nan nan nan nan nan nan nan nan nan
274.81935905635771178 274.93825055353312337 275.04576702095772589 275.23331877692015723 275.32197420057281079 275.35164219152517262 275.4065435611155408 275.50474783424800762 275.56894495967094372 275.46658448957259679 275.51055629509698974 275.45311088606757721 275.35894663075288236 275.23077189008051846 275.36644537665404187 275.61410164826946811 275.79954346375961904 276.03599019177056562 276.30831928529323704 276.43353121604747002 276.46021694332705465 276.36119409980682349 276.29537516728424862 276.18088219895543034 276.09670734153212379 nan nan nan nan nan nan nan nan nan nan nan nan nan nan nan nan nan nan nan nan nan nan nan nan nan nan nan nan nan nan nan nan nan nan nan nan nan nan
274.68498544891366464 274.88107883433326606 275.10961021452942532 275.22466089473039119 275.33557761541197806 275.43594350857051722 275.49361025165188721 275.55322988525603023 275.61721751061611485 275.57418670371401959 275.62997404461617634 275.5799444557131892 275.53278308414741105 275.44192024081155523 275.47403945649807611 275.66412065583779167 275.85365393630041808 276.10836353557886014 276.38195910813277578 276.51861080368502144 276.51947450309904752 276.47539777109108172 276.48862422134340022 276.36328756973563259 276.27136927808481914 nan nan nan nan nan nan nan nan nan nan nan nan nan nan nan nan nan nan nan nan nan nan nan nan nan nan nan nan nan nan nan nan nan nan nan nan nan nan
274.77370131515533558 274.91367606911353505 275.16472336308038393 275.36494344011174462 275.41442344918260687 275.54289541138462027 275.59499298080231711 275.6465608717124951 275.67996049658978563 275.68454924602121991 275.72185449427752246 275.71808804946215332 275.6539195728465188 275.64554146218461028 275.63324132028361646 275.74738376231164239 275.92798694996548647 276.1494429094559564 276.41279563372063421 276.61078392036733931 276.64422499915440312 276.63266284203427858 276.64964949283688611 276.55774589751575832 276.43003520201244783 276.47976824012891939 nan nan nan nan nan nan nan nan nan nan nan nan nan nan nan nan nan nan nan nan nan nan nan nan nan nan nan nan nan nan nan nan nan nan nan nan nan
274.87802748229364624 275.02887404790919845 275.2081507404955687 275.37705104913163723 275.52973088183830441 275.63236440706236863 275.7083277658405791 275.75630310104037335 275.77844730214690117 275.81137867631218796 275.84822867657049983 275.88408479798357575 275.79960424591172341 275.75980593955273434 275.80773389579371724 275.88418043688642456 276.01839037376947772 276.18896316597232499 276.46253825340670573 276.67888909956309362 276.76357894447306762 276.772401696595864 276.80226691085852053 276.74141291184901092 276.61828998345487207 276.7076671222144455 276.83473350036177862 nan nan nan nan nan nan nan nan nan nan nan nan nan nan nan nan nan nan nan nan nan nan nan nan nan nan nan nan nan nan nan nan nan nan nan nan
