results/rofental/temp_month_2020-01-01T0000_2020-01-31T2300.asc
ncols        322
nrows        225
xllcorner    622802.488000000012
yllcorner    5178049.378999999724
cellsize     100.000000000000
[rows 56 to 83 of 225, columns 189 to 251 of 322]
nan nan nan nan nan nan nan nan nan nan nan nan nan nan nan nan nan nan nan nan nan nan nan nan nan nan nan nan nan nan nan nan nan nan nan nan nan nan nan nan nan nan nan nan nan nan nan nan nan nan nan nan nan nan nan nan nan nan nan nan nan nan nan
nan nan nan nan nan nan nan nan nan nan nan nan nan nan nan nan nan nan nan nan nan nan nan nan nan nan nan nan nan nan nan nan nan nan nan nan nan nan nan nan nan nan nan nan nan nan nan nan nan nan nan nan nan nan nan nan nan nan nan nan nan nan nan
nan nan nan nan nan nan nan nan nan nan nan nan nan nan nan nan nan nan nan nan nan nan nan nan nan nan nan nan nan nan nan nan nan nan nan nan nan nan nan nan nan nan nan nan nan nan nan nan nan nan nan nan nan nan nan nan nan nan nan nan nan nan nan
nan nan nan nan nan nan nan nan nan nan nan nan 265.77113371381199158 nan nan nan nan nan nan nan nan nan nan nan nan nan nan nan nan nan nan nan nan nan nan nan nan nan nan nan nan nan nan nan nan nan nan nan nan nan nan nan nan nan nan nan nan nan nan nan nan nan nan
nan nan nan nan nan nan nan nan nan nan 265.49625656596219869 265.6409861423647385 265.82486094528081821 265.92950101056885615 265.98298073106906259 nan nan nan nan nan nan nan nan nan nan nan nan nan nan nan nan nan nan nan nan nan nan nan nan nan nan nan nan nan nan nan nan nan nan nan nan nan nan nan nan nan nan nan nan nan nan nan nan
nan nan nan nan nan nan nan nan 265.47116108607320939 265.53056543254228927 265.62390103989076806 265.7532067527270101 265.87958587971411362 265.99321326485863892 266.12837799141396999 266.17069555509675638 nan nan nan nan nan nan nan nan nan nan nan nan nan nan nan nan nan nan nan nan nan nan nan nan nan nan nan nan nan nan nan nan nan nan nan nan nan nan nan nan nan nan nan nan nan nan nan
nan nan nan nan nan nan 265.22077169431452148 265.45559819133802648 265.65634667890270748 265.78398371329740257 265.87850200068453432 265.94938022175915648 265.99587336519437031 266.07065690825140791 266.20850584901637603 266.31790595231262841 266.32582411249615006 266.28489359405284631 nan nan nan nan nan nan nan nan nan nan nan nan nan nan nan nan nan nan nan nan nan nan nan nan nan nan nan nan nan nan nan nan nan nan nan nan nan nan nan nan nan nan nan nan nan
nan nan nan nan nan 265.18572065883773803 265.31551215102280139 265.59295707196804415 265.76936406322340645 265.87331275484717708 265.95508640036803172 266.03541207310485106 266.11690808048950885 266.17785758908468097 266.2878597772133844 266.39336349438559637 266.44910119979880392 266.44193709498267708 266.3644418034008936 266.24121351849413486 nan nan nan nan nan nan nan nan nan nan nan nan nan nan nan nan nan nan nan nan nan nan nan nan nan nan nan nan nan nan nan nan nan nan nan nan nan nan nan nan nan nan nan
nan nan nan nan nan 265.16570542250747167 265.32987909095970736 265.60245298459881269 265.80922330058706393 265.88927757131671115 265.96337485935703171 266.04708444174195847 266.13187145861445515 266.22404427084427425 266.32155634740769301 266.41974583544555344 266.47462770432065327 266.49659402897509608 266.47519296836514968 266.36725352821889601 266.20648730902576062 nan nan nan nan nan nan nan nan nan nan nan nan nan nan nan nan nan nan nan nan nan nan nan nan nan nan nan nan nan nan nan nan nan nan nan nan nan nan nan nan nan nan
265.64386220571395825 265.40878207191411775 nan nan 265.38699672771866744 265.436011549405805 265.47877796872478484 265.60476950008342101 265.76284148131736629 265.85037382486041224 265.8820470158717626 266.0244921273377372 266.18645889357446777 266.27707840311001064 266.34257324144903123 266.41501127362937495 266.46818055541370995 266.50649142652929413 266.52571052119930073 266.48123831623757951 266.32133905407982866 266.3007942320414827 nan nan nan nan nan nan nan nan nan nan nan nan nan nan nan nan nan nan nan nan nan nan nan nan nan nan nan nan nan nan nan nan nan nan nan nan nan nan nan nan nan
265.80834446853094732 265.61794429909645032 265.4951710768536941 265.47184932758511877 265.60790512183461942 265.71542655888902118 265.73765511074958567 265.65745885025569351 265.72070719096001312 265.81343576047578381 265.91104027307261504 266.06126932192773893 266.21166657779156139 266.35033456044601508 266.3779107040152212 266.414146485996298 266.47826930594260375 266.52546436818369102 266.55115840318688925 266.54099565614768608 266.38360135684450825 266.37722935002108215 266.41217943320970107 nan nan nan nan nan nan nan nan nan nan nan nan nan nan nan nan nan nan nan nan nan nan nan nan nan nan nan nan nan nan nan nan nan nan nan nan nan nan nan nan
265.99232432340141941 265.87201124129336449 265.73390429185923267 265.65966312751083933 265.80911351887158389 265.91628035135494201 265.89964503658671902 265.7131311949322594 265.68002446727479082 265.78470047819808997 265.91775870312875441 266.07912786297515595 266.21301042286313532 266.32991253122077069 266.39738884087597626 266.44280474947248649 266.51085790315482882 266.55629963562205376 266.5871126885999729 266.59414614002474764 266.46858947239002191 266.47040223552812677 266.48033724299142477 266.50811921633845714 nan nan nan nan nan nan nan nan nan nan nan nan nan nan nan nan nan nan nan nan nan nan nan nan nan nan nan nan nan nan nan nan nan nan nan nan nan nan nan
266.24025468625984558 266.13354111854943085 265.94868031563936484 265.82361623559262398 265.95939403334676854 266.09752968180549715 266.06268960367981435 265.89009076222794192 265.79093141480933582 265.72637332884698935 265.79846481432741712 266.05043147574917839 266.20548546318866556 266.31222411926660243 266.38919111589547128 266.45652971758664762 266.52941742714824613 266.57149324223718168 266.62705774544059523 266.67738943426701326 266.68203109807654982 266.71610097704416376 266.63615965946780761 266.54759741455092126 nan nan nan nan nan nan nan nan nan nan nan nan nan nan nan nan nan nan nan nan nan nan nan nan nan nan nan nan nan nan nan nan nan nan nan nan nan nan nan
266.35786779193631446 266.26018204365772135 266.113103393745007 266.10733902148695051 266.15937583599946947 266.2654138219518245 266.22751491387634815 266.09765084533870549 266.02505861449407121 265.90715185592142689 265.77434568586051 265.87512553704380025 266.09244181750869984 266.25766061627376757 266.38672006334417119 266.47140230290284535 266.55754300130718093 266.61595812389714411 266.69319188454710456 266.76306535789109375 266.8386243361305219 266.90381943651442498 266.82887397579588651 266.69105059739786157 nan nan nan nan nan nan nan nan nan nan nan nan nan nan nan nan nan nan nan nan nan nan nan nan nan nan nan nan nan nan nan nan nan nan nan nan nan nan nan
266.40725172650905961 266.45597956607224432 266.45944242717564521 266.41679382517139629 266.45516970520458244 266.45487340365735918 266.36318292556887855 266.28398375980196988 266.24187547322560476 266.13337864539238353 265.99279321678619681 265.88712201883862463 265.9322243767437044 266.07483513489307825 266.30687937631688555 266.48514826358984919 266.61916466082124089 266.70451846570705356 266.77281124851197092 266.83958514636395876 266.8897365473429204 266.94253380027589628 266.93536043272644065 266.77990003807394714 nan nan nan nan nan nan nan nan nan nan nan nan nan nan nan nan nan nan nan nan nan nan nan nan nan nan nan nan nan nan nan nan nan nan nan nan nan nan nan
266.61687426868741113 266.70575730684879545 266.78025228718558992 266.75449998843419053 266.68514511486114316 266.61705280543924346 266.54508442217922948 266.48524726534844831 266.42249409367855151 266.33540101316145865 266.22032358688619524 266.13867110610186728 266.14250898190778116 266.10209809368899414 266.18477411951096201 266.41419111361705063 266.64753093959615171 266.79617513821051489 266.8700223809537988 266.92405834189082725 266.94794263293738368 266.96946983069824455 267.02639468011585677 266.99873641436141725 266.85951609620730096 nan nan nan nan nan nan nan nan nan nan nan nan nan nan nan nan nan nan nan nan nan nan nan nan nan nan nan nan nan nan nan nan nan nan nan nan nan nan
266.69180399236904577 266.80058816592048743 266.89550733383498482 266.86169486995584066 266.804953706824449 266.77644716627213484 266.73752924529651409 266.67110229611176919 266.60526215837876407 266.53563152414290016 266.39838378069805458 266.32141162709257287 266.35473523822463449 266.31066711340139364 266.23984386105752264 266.46644879396279748 266.69044393539320481 266.87231211639607409 266.94418533225621104 267.00791511585134685 267.11395635935156179 267.10121145529552678 267.13248231204545391 267.15530475244781883 267.04898228600694665 266.93369454704406962 nan nan nan nan nan nan nan nan nan nan nan nan nan nan nan nan nan nan nan nan nan nan nan nan nan nan nan nan nan nan nan nan nan nan nan nan nan
266.80930646349787594 266.90364086824837386 266.96574586948651131 266.93001145973795474 266.90443181418595486 266.89365144868901325 266.8969185580349972 266.82102068058509303 266.77558349947952365 266.73060157871964293 266.60198521311389186 266.50806172115346726 266.52136633572490609 266.49824012250235228 266.46400142766981389 266.51098294201091221 266.75427402645954089 266.9499981292085522 266.99738832711665282 267.09437792999437988 267.28304544942949406 267.34909244278003371 267.26401164951380451 267.25763931234115489 267.20025129932571417 267.05685449036354839 nan nan nan nan nan nan nan nan nan nan nan nan nan nan nan nan nan nan nan nan nan nan nan nan nan nan nan nan nan nan nan nan nan nan nan nan nan
266.87834185094828854 266.95662772882536729 266.99716493234978998 266.99499217348585489 266.97149429156189626 266.97626985196660598 266.99389879656507674 266.97353470629417416 266.93071117778106327 266.89546255786240181 266.79228418200392525 266.67373323885550462 266.64149643158145864 266.65355592839540577 266.67188167615648808 266.73505441977903274 266.79431791014923192 267.04507391924187232 267.11502342657240661 267.20222716474370372 267.36499523486799035 267.45551281693860801 267.4295536781228293 267.3649644325203667 267.25139635473084354 267.15606658048386635 267.0027483032824307 nan nan nan nan nan nan nan nan nan nan nan nan nan nan nan nan nan nan nan nan nan nan nan nan nan nan nan nan nan nan nan nan nan nan nan nan
266.9076927617015258 266.96299768083395065 267.04215415171910308 267.04349371035976901 267.03245642018561057 267.03280134679124558 267.04341591292575231 267.07462208317940622 267.07843098987495978 267.04561142990030476 266.9350152010047168 266.75829116174804767 266.7311424085897329 266.80826602162119343 266.8413038434335931 266.89259457125751851 267.00652876976971584 267.16902491500411543 267.2946577136596602 267.35652106435503583 267.44122482358352499 267.48736755631324513 267.50086294920976115 267.39440747703577017 267.27122110334198624 267.11446003464067189 266.97279776663270923 nan nan nan nan nan nan nan nan nan nan nan nan nan nan nan nan nan nan nan nan nan nan nan nan nan nan nan nan nan nan nan nan nan nan nan nan
266.9252416871411242 267.00280752750239799 267.0850042617370832 267.08793746694783522 267.08345317517967032 267.100036780459277 267.12476190073635962 267.1448454453342265 267.17179868334090997 267.16011010436221795 267.02362125336145482 266.8534470041515192 266.73460906955148175 266.84756946549561007 266.92912867294137413 266.99731227373712272 267.10388550937977925 267.25606587458946706 267.39990126859663633 267.47343044468465223 267.53481876712902476 267.51716794804974597 267.50552075087159665 267.39604190128989103 267.25284824455377475 267.05250454910799363 nan nan nan nan nan nan nan nan nan nan nan nan nan nan nan nan nan nan nan nan nan nan nan nan nan nan nan nan nan nan nan nan nan nan nan nan nan
266.9343073403042581 267.05078728870648774 267.11670975743277268 267.13684686568723237 267.12134721270189175 267.16484811879729477 267.20708406208495944 267.19813154617276041 267.2122722357477187 267.22464193893159745 267.1087056712601111 266.92231685798981289 266.76012180702315391 266.8919070586460407 267.03988970760775601 267.10832354594526805 267.20094450848233691 267.31763539578554401 267.4540696330583387 267.57385471072649352 267.62851977929261693 267.594383520367046 267.54929984095616646 267.37024339126651284 267.22715642861561491 267.03268738991363307 nan nan nan nan nan nan nan nan nan nan nan nan nan nan nan nan nan nan nan nan nan nan nan nan nan nan nan nan nan nan nan nan nan nan nan nan nan
266.83350355891747085 267.0184505234707899 267.14228517701371857 267.19258883496820545 267.18079344835803113 267.20310717803778289 267.25966155575719085 267.26395186435468077 267.25752708610230002 267.2686207778454559 267.18704528594975045 267.01197776832009367 266.8171301620121767 266.85381500957242906 267.0205666148419823 267.1396077106572875 267.28113302066049073 267.43779467003747641 267.6075012049363977 267.6827406601231587 267.72233401116704954 267.70263760179466317 267.5845864758184689 267.40856702713307413 267.28505723539819883 267.15324917297050433 nan nan nan nan nan nan nan nan nan nan nan nan nan nan nan nan nan nan nan nan nan nan nan nan nan nan nan nan nan nan nan nan nan nan nan nan nan
266.8676958264728114 266.95774299027789311 267.10573007077954344 267.20481182478641813 267.23429772725518205 267.23736739125928352 267.28457993873985288 267.32009265597122294 267.32890094733289743 267.26406516523496748 267.22292236448123504 267.14302868511782663 266.9654409578160994 266.89378953319811671 267.03782524363714401 267.21616178364695315 267.34444592616500813 267.50962090033374352 267.68450743398602754 267.76936079966458237 267.8001699644743212 267.74118330134444932 267.58410029816116094 267.46370869061649955 267.3758363863120735 nan nan nan nan nan nan nan nan nan nan nan nan nan nan nan nan nan nan nan nan nan nan nan nan nan nan nan nan nan nan nan nan nan nan nan nan nan nan
266.87950087410473543 266.96647461873283191 267.04348294180323364 267.18252381609516988 267.2426013243253351 267.25514215397197404 267.28648836789335519 267.35086611135267276 267.38735774804536049 267.29152732970385387 267.30989715508934523 267.24727996085744053 267.15466703808584725 267.03421797750934275 267.1206455481226385 267.29434658535512881 267.41813718512139531 267.58129878888439634 267.77201273848959318 267.84621322054965731 267.84232079271100702 267.73907820287308823 267.66187153828360579 267.54639649770638243 267.45511751911482179 nan nan nan nan nan nan nan nan nan nan nan nan nan nan nan nan nan nan nan nan nan nan nan nan nan nan nan nan nan nan nan nan nan nan nan nan nan nan
266.77328322475483446 266.92089211976417573 267.09298232445536314 267.17456374299820254 267.2517670565570711 267.31951778554531529 267.35247085714149762 267.38579357161506778 267.42137914810018628 267.37146321584623365 267.39821981595446232 267.3404273453110136 267.28373017656474531 267.19145987067219039 267.19497662585655462 267.3218870642060665 267.4473662813163628 267.6232759003066235 267.81324306195637064 267.89461264274063979 267.86843879762335519 267.80646702834695816 267.78944781854954726 267.66328386105624304 267.56372344857777534 nan nan nan nan nan nan nan nan nan nan nan nan nan nan nan nan nan nan nan nan nan nan nan nan nan nan nan nan nan nan nan nan nan nan nan nan nan nan
266.84321225788028187 266.94643515721105587 267.13601928008426967 267.28438200269596337 267.31278111874655679 267.40219680916447942 267.43020072958006494 267.45653345921618893 267.46728523650688203 267.45406221129684354 267.46533665422208514 267.44297472945248728 267.37175643250157009 267.34324662983436838 267.31042989554072165 267.37606202422267643 267.49294485680661637 267.6409811997487509 267.82109351903397965 267.94889662950112097 267.94639628514437391 267.90795656775776479 267.8917351682152912 267.7896847724156828 267.65965416240408103 267.66995584675601094 nan nan nan nan nan nan nan nan nan nan nan nan nan nan nan nan nan nan nan nan nan nan nan nan nan nan nan nan nan nan nan nan nan nan nan nan nan
266.92584508164674162 267.03748257757217743 267.17029303027328524 267.29367522007606794 267.4030001839362285 267.4715944989678178 267.51785482576622144 267.54072413536022168 267.54188582487751091 267.55017826485203614 267.56018207676532938 267.56802496840475669 267.47968503805316232 267.42519245182268151 267.43848764918254801 267.47296332176148326 267.55171892187229332 267.65797134672641278 267.84432520616491047 267.98466813775831952 268.02050853230667826 267.99599211907002427 267.98769210662203477 267.90780853732701416 267.77904595763374118 267.81821125974374809 267.88792687371170587 nan nan nan nan nan nan nan nan nan nan nan nan nan nan nan nan nan nan nan nan nan nan nan nan nan nan nan nan nan nan nan nan nan nan nan nan
