results/rofental/temp_month_2020-09-01T0000_2020-09-30T2300.asc
ncols        322
nrows        225
xllcorner    622802.488000000012
yllcorner    5178049.378999999724
cellsize     100.000000000000
[rows 168 to 195 of 225, columns 126 to 188 of 322]
274.91215968326042685 274.86319917323822892 274.80840832868847201 274.74655495567577645 274.53209803992416482 274.22008665742492894 274.28491114919933125 274.52360615042420022 274.6583815436237046 274.6698281728135953 274.74095063882049317 274.8592874195350646 274.93605728125515952 275.05411910121563324 275.16993554880480133 275.2385173573329098 275.36898351497058002 275.437423046724291 275.55083497729737019 275.67076876680380337 275.79493404275382318 275.92483687719840191 276.06462890812804289 276.29930423441322773 276.55712110079662125 276.81171210578736464 277.01474329385018791 277.10018346786142729 277.08553446030867917 277.09386128377474279 277.14087763273448672 277.22500050837726349 277.21383510063583344 277.13601404919290871 276.90484010704420825 276.79377292905201102 276.66909426227562108 276.63328200607782037 276.62191062153902976 276.59799746919640029 276.46116753484523088 276.27654215730098031 276.12027831910910436 276.07554301991558532 276.06520344331153183 275.99015737747276944 275.90909866183051236 275.90465461865670704 275.93406982974795483 275.95156818532296938 275.96341443718074515 275.87246816560787011 275.50381657269741709 275.07033979659689749 nan nan nan nan nan nan nan nan nan
274.5743058062986961 274.60368538774332592 274.65086032729175258 274.61586502176800195 274.4635634538591944 nan nan 274.52957942398614932 274.64826008393106349 274.68910365141329066 274.72324803855912023 274.83201147743108095 274.94917939498213855 275.11255004981069305 275.23034710374184897 275.30495413272012684 275.38208111394345678 275.4567812772439197 275.60564334932712427 275.70593172818934136 275.80255298249113594 275.9650186210423044 276.17694038343591956 276.45837940754904594 276.6975945526490932 276.900117527322152 277.02949902179148012 277.02213542293441151 277.02493139155211566 277.02159278886404081 277.07421040463856343 277.16028507498390354 277.12468989413872578 277.00998006760198678 276.8749857093062019 276.75589500418431044 276.65058403415497423 276.56720889147925391 276.56210094735001803 276.49642723719455262 276.3050017033042991 276.12080144342479571 276.01509787545495556 276.00048987657294219 275.99517307387003484 275.92744772483200677 275.86339531090266064 275.84817481617039903 275.88396563873158129 275.88243671769106413 275.88830944540433165 275.79605356343955691 275.49024161528592458 275.13170671544702373 nan nan nan nan nan nan nan nan nan
274.31279045344854239 274.39402853878129918 274.49857725098075889 274.46694914727487458 nan nan nan nan nan nan 274.72320973166858948 274.86086884019562149 275.01254494408254914 275.13508222658657587 275.23870996928411614 275.32336417907089299 275.39217580388907436 275.47515012743247098 275.59176964791396358 275.71588550852732169 275.92567030891262903 276.14935673579162767 276.37479518834783221 276.60568349292566381 276.80145392766667101 276.9652799722683767 276.97663570339454964 276.94291204309803334 276.95619880202303875 276.95433974849441938 277.01199859727785224 277.07638884970509707 277.00261973231772572 276.91725740429001235 276.80866681421673547 276.71297942041155693 276.56805894161698234 276.46487675789120431 276.44555804411504596 276.31704668125877333 276.12457522279424893 275.97543405476955058 275.93276963003467017 275.95310435209620437 275.90974524429907433 275.81055132269801788 275.77258598691014413 275.79498176777980234 275.84121976976643964 275.82695422088431769 275.8102696216577101 275.76119958435486978 275.40364641263681733 275.09772655337928882 nan nan nan nan nan nan nan nan nan
274.2011297546177957 nan nan nan nan nan nan nan nan nan 274.75256841778451644 274.92892006780124348 275.15179580061760589 275.26414850224250586 275.35426334469570975 275.44546272268411258 275.53611825172123417 275.59795379374912727 275.73993250957153123 275.89599749872041912 276.07800355413456828 276.28732604276933671 276.50868145550526833 276.70353982107940283 276.83462079684647961 276.95257969956048782 276.90606961958462762 276.87583924599567808 276.88806972918939664 276.89666904261093805 276.93993898346246851 276.98252624011229273 276.8707129959191775 276.78670366147002824 276.708594453545345 276.6194154683665829 276.50034754276975946 276.32846111854564697 276.23864068237395486 276.08467851958704387 275.940384068631829 275.86425262383500012 275.8693321533589824 275.84055321964501672 275.75364885451580221 275.71126062539480017 275.70172371054422911 275.74352702315803754 275.80477289004750219 275.7964956040227662 275.76649611701412823 275.70731708283210537 275.59165257394380433 275.3692204861135906 275.04832906067525755 nan nan nan nan nan nan nan nan
nan nan nan nan nan nan nan nan nan nan nan 275.04695526528121263 275.29278363407524921 275.42834128800728877 275.50248550367922462 275.58177281117997381 275.6215983910695968 275.7305715629227052 275.85558232821153979 276.02654034519110837 276.22916155906494851 276.44066779598449557 276.62054138431579986 276.78330381665153936 276.85101485564115364 276.88984912833939234 276.84874406757990073 276.81872687486441009 276.82674800141671767 276.83408623993244646 276.85022001024219662 276.87436640330071214 276.75667577737112879 276.63810456274023863 276.58447154786404099 276.53448778260667495 276.37131634713637141 276.18477995348968079 276.04510836998622381 275.88428626197827498 275.77620213012994554 275.76332441778896509 275.72267983341623676 275.68723227358287886 275.66718900316277541 275.65521885439608241 275.65598141492648665 275.69991851802211613 275.72287746261349639 275.73491693282852566 275.71402930044263258 275.66210635181153066 275.54919891693873524 275.37828547648859967 274.96014841470855572 nan nan nan nan nan nan nan nan
nan nan nan nan nan nan nan nan nan nan nan nan nan 275.51067368478436492 275.62163336469063779 275.72766761636080446 275.80939929021496937 275.90575226281913501 276.01834288486060132 276.19268658289161067 276.38300387173052286 276.55325475837975091 276.70846498797226332 276.77415704209738578 276.79156041787382492 276.8234146292306832 276.79420668951416928 276.76457643366876482 276.76751810449354707 276.76384002410236462 276.75525554712379517 276.74105788543545259 276.64323754554089874 276.55173495673642492 276.47597985193510794 276.4034449390608188 276.2231689883876129 276.02338346479990605 275.8579130153189567 275.75391191888962794 275.69571305833073893 275.66644947024678913 275.54505789367107127 275.58566114030656991 275.58728465380193029 275.59715242002698687 275.61606041717249127 275.63791256150233266 275.64256855701063387 275.64798699201753607 275.64599170254592764 275.61893322017772334 275.48746546081753195 275.15310229216549942 274.95247555013867213 274.78432427668502669 nan nan nan nan nan nan nan
nan nan nan nan nan nan nan nan nan nan nan nan nan nan nan 275.83518027386418225 275.96470955004878078 276.0518351721932504 276.18264862678728377 276.33270852019444419 276.50437593916393553 276.62932912850590128 276.69946746993224451 276.69546996759476087 276.726993315810887 276.77610223872886763 276.75376902725946593 276.71552192074818777 276.70682188108679611 276.69546224648235011 276.64126719587932257 276.59755274665997149 276.55073890955981142 276.49512701445195262 276.41250338798027997 276.24616904000890827 276.00276278887957915 275.8097147375468694 275.68948073309650226 275.63329755324201642 275.59959138543456447 275.58114081638922244 275.53213353783525008 275.46873761472045317 275.50443946058027223 275.51462722695151797 275.54347087188222076 275.56904919552351885 275.59260899349283136 275.60627131206291551 275.59389471034825192 275.55297027767949203 275.41013540939479753 274.99392381227363558 274.85039987418144847 nan nan nan nan nan nan nan nan
nan nan nan nan nan nan nan nan nan nan nan nan nan nan nan 275.90957137876233674 276.06840783462558875 276.15331530555351947 276.30339031443685371 276.49365678514811862 276.59416410567331468 276.63730605905084303 276.63564433673070653 276.64277933028199641 276.67644121657070855 276.73258445605205225 276.71395344021664187 276.66179156278906248 276.62801964924022968 276.60354429640005947 276.49409104739186205 276.46162011873758502 276.43133976842688071 276.40385539091079181 276.35612264888425216 276.13848056832858902 275.73545019084099295 275.50010688665543057 275.55849844517729252 275.53246030765023988 275.48950347627777546 275.46733871986731401 275.46238389896194576 275.34462364531481171 275.37754180216359146 275.39363960956427491 275.43424964021085088 275.49199347898712631 275.51870071914896698 275.53685548032535735 275.52838137954228159 275.4678927316109025 275.31693267459428398 275.0314326362963584 nan nan nan nan nan nan nan nan nan
nan nan nan nan nan nan nan nan nan nan nan nan nan nan nan nan 276.12162214189555698 276.22980401899337721 276.3837613867891605 276.53942916937353402 276.59292492356263438 276.57612837555393526 276.58297486411413502 276.59243141168326474 276.63086579216087557 276.67818277958565432 276.66464492329583891 276.60106897197317721 276.53760674260666974 276.4756410546585812 276.36084443798119992 276.33410925914358813 276.31991249958701928 276.30986875012507653 276.29471985864375938 276.0393239739022988 275.66311253841507778 275.38661454479557733 275.43991460590081033 275.43977003154833483 275.38793305152972835 275.3634227620404431 275.3570720852671343 275.26059597898273523 275.30240594132038723 275.33214463497199631 275.3865414566837444 275.40489524871128424 275.42436598328100672 275.43445119606053595 275.42746478991188042 275.37648993141328901 275.20061706892329312 nan nan nan nan nan nan nan nan nan nan
nan nan nan nan nan nan nan nan nan nan nan nan nan nan nan nan nan 276.25252303265909859 276.3911787849131656 276.52386801089818391 276.55413492728843039 276.53460160482006813 276.5305126446606323 276.54404036139789014 276.57411787271382764 276.59754473901659821 276.5790157995180607 276.50330461051788689 276.45774641486883638 276.36188422206112136 276.28715544391582171 276.26189091428472011 276.24466872547924368 276.22917546948787049 276.18596682675962484 275.87586055799692986 275.6376310867718189 275.37811743851267465 275.28728740461934876 275.31953019476350164 275.29623738904462016 275.27696139601266623 275.27241669661958667 275.15099691762350176 275.19658927389542669 275.2344258778403514 275.27110784944596844 275.31881941023482341 275.33806891952019669 275.34671134037927231 275.32793567523299316 275.28300369391376989 nan nan nan nan nan nan nan nan nan nan nan
nan nan nan nan nan nan nan nan nan nan nan nan nan nan nan nan nan 276.29033851147158884 276.40632960261217477 276.5061970068594519 276.53597186002252784 276.5142330464058773 276.4987590207808239 276.48725414841987913 276.48986486358342063 276.49595753586385172 276.49858071242340429 276.41895075921792113 276.35506862326553801 276.30498798503100488 276.25130189448100282 276.2162930103893359 276.17277654565816647 276.11285647558679557 276.05826322149982843 275.71593491801263553 275.46183947915960744 275.28493174852508218 275.16928562369440669 275.20295652359754968 275.1964385026689115 275.17748993469780316 275.17188845666458974 274.9945608236417911 275.04232150925219003 275.06320593680300135 275.1077467748654044 275.14362996330368105 275.19687548517310915 275.24949297788862168 275.25397238430235802 275.19186227588551219 nan nan nan nan nan nan nan nan nan nan nan
nan nan nan nan nan nan nan nan nan nan nan nan nan nan nan nan nan nan 276.43858965216838897 276.50625995175681737 276.52264678314571711 276.47906887929497088 276.44369884525929137 276.41866837394178447 276.38147406889692093 276.38363388856828351 276.43789368668279849 276.36409821374974172 276.29198684096155603 276.27649833817702074 276.21822679974349057 276.19422969723575534 276.13465109761796157 276.03021014489786467 275.9385909865808344 275.82794430019356469 275.53170832857972528 275.22852325022023479 275.07365431210018869 275.06578827347209426 275.09108094110143838 275.11221238498717412 275.08761882574890478 274.837555975758562 274.84479568625727097 274.88219788931360199 274.83044513582120771 274.87882317321464143 275.0054154302924303 275.13096887603802543 275.1736948228175379 nan nan nan nan nan nan nan nan nan nan nan nan
nan nan nan nan nan nan nan nan nan nan nan nan nan nan nan nan nan nan 276.46150128606439011 276.47524508232396556 276.45516704073139636 276.4341961915258139 276.37676106399180753 276.32203222861477343 276.29749063914300677 276.30587803885885023 276.35719789987678041 276.33313677807194608 276.29157718488653472 276.26178870042826929 276.20013273230534878 276.15491930182560054 276.08364002902652601 275.91188263940154002 275.81892245112049977 275.75175973840850929 275.70910755961182304 275.50876730406230308 275.05184395765877525 274.94391934658267473 274.9851611886663818 275.00386194390364381 274.95906590855202012 274.62391614171184528 274.55555286197176201 274.47561135789061382 274.56284567862201129 274.83249851158279853 274.95733140398505157 274.99207333269401943 nan nan nan nan nan nan nan nan nan nan nan nan nan
nan nan nan nan nan nan nan nan nan nan nan nan nan nan nan nan nan nan nan nan 276.3623538452302455 276.3545227148581489 276.30638809629931529 276.22945732906487137 276.19464963876094998 276.19906257863175369 276.24758651123750042 276.28090429803432926 276.26090589194535596 276.16209205745133204 276.11657239823068721 276.06253748037454443 275.99427639081329744 275.79477933134927525 275.67656299241929219 275.64668296377385559 275.61810114964032437 275.49123177079849256 275.05188709423669025 274.85112493902755659 274.84603784864452791 274.86633129048630053 274.79814937607136471 274.46206860698003993 274.16402985854995222 nan 274.594528513061789 274.86197263998616336 nan nan nan nan nan nan nan nan nan nan nan nan nan nan nan
nan nan nan nan nan nan nan nan nan nan nan nan nan nan nan nan nan nan nan nan 276.25343922335986235 276.22254748258785639 276.20515086595884213 276.14239934541222965 276.09966753776166115 276.10867385401337515 276.1362651177562384 276.18574009966363292 276.18159517886846288 276.04724750821543466 275.89999008229773381 275.76727397501628047 275.61674064898392089 275.57839916195803198 275.54816062403136812 275.58565666290957097 275.50152968929552344 275.40663905275198431 275.14397595744082992 274.85607956737624136 274.75054126190923398 274.7387931816807054 274.56892588681046163 274.26829191188448931 nan nan nan nan nan nan nan nan nan nan nan nan nan nan nan nan nan nan nan
nan nan nan nan nan nan nan nan nan nan nan nan nan nan nan nan nan nan nan nan 276.07928629671926046 276.06984143663373743 276.05084584553026161 276.03290010283279798 275.98951277518665393 276.02302359407752874 276.04361270529949479 276.08801216188464878 276.05906859389710917 275.76251946345007582 275.44368622976770666 275.31709448612377855 275.28900188131325422 275.39260638543163395 275.42222557419478335 275.47063179480164763 275.38342719697016037 275.27722054196789259 275.07470461626093083 274.89846242179550018 274.75000946512716382 274.65120622529997263 274.50696946030677736 274.28255798456177672 nan nan nan nan nan nan nan nan nan nan nan nan nan nan nan nan nan nan nan
nan nan nan nan nan nan nan nan nan nan nan nan nan nan nan nan nan nan nan nan 275.86742770009493597 275.8690025650734583 275.90487024058450061 275.87721875671724092 275.90040513849686477 275.96161020141420295 275.97138786348870099 275.99778295783556814 275.97634113734790162 275.72578260606383083 275.20795467208068885 274.93751903361959421 275.14854162278089689 275.3081689927687421 275.3078253312007746 275.22217873226753682 275.12111813343216227 275.06359047620583169 274.96220892951640735 274.89090678344047092 274.75358637673588191 274.63059123004660478 274.51993419522659678 274.24772839599319241 nan nan nan nan nan nan nan nan nan nan nan nan nan nan nan nan nan nan nan
nan nan nan nan nan nan nan nan nan nan nan nan nan nan nan nan nan nan nan nan nan 275.64162192795191686 275.75656924248409041 275.77638742731193133 275.83834775488736568 275.90560581673520346 275.91254822375441336 275.93180785321817439 275.90319940788003805 275.74568657253507808 275.29632271612916838 274.78877573863900352 275.05386030737366809 275.1501130799783823 275.12967800478065783 274.86686185488838419 274.87291141170487663 274.87633221894282087 274.85238157201990816 274.8413834465218315 274.73697898719211707 274.59240332716490229 274.47332237818534395 nan nan nan nan nan nan nan nan nan nan nan nan nan nan nan nan nan nan nan nan
nan nan nan nan nan nan nan nan nan nan nan nan nan nan nan nan nan nan nan nan nan 275.63122051340093321 275.68867208109861622 275.71316129874787748 275.75950769737909241 275.82691216392140632 275.84887495653964606 275.87264691264050498 275.80203548787204682 275.62110772202566977 275.27960761708311566 274.66016483534644976 274.84313729838657991 274.97388256161696063 274.8615557193843415 274.5850545929105806 274.67807684935877433 274.71213451044320664 274.73849391606364634 274.75167576091922683 274.67166437263313128 274.50162388609351183 274.39026540416318767 nan nan nan nan nan nan nan nan nan nan nan nan nan nan nan nan nan nan nan nan
nan nan nan nan nan nan nan nan nan nan nan nan nan nan nan nan nan nan nan nan 275.52673287458299001 275.59557243345000188 275.61970831656515202 275.64599309993951692 275.69744690214457705 275.75111070160204463 275.78420295274719365 275.8051116874979698 275.57618290034480424 275.29879189300777398 275.06619860885268736 274.72505600374972801 274.61691071394875507 274.7365395775577781 274.46036029206419471 274.44087724361537539 274.56869380694587335 274.50762861557564065 274.57267120196547694 274.6461521043030416 274.5710179172477865 274.41126904897248551 nan nan nan nan nan nan nan nan nan nan nan nan nan nan nan nan nan nan nan nan nan
nan nan nan nan nan nan nan nan nan nan nan nan nan nan nan nan nan nan nan 275.38174102854486591 275.51473500212694034 275.54623778301038328 275.56911802725477401 275.59013073347205136 275.64248849272485131 275.68594203173165624 275.7085991605891877 275.71706226036195631 275.46385555788975807 275.28409434217849139 275.08305701583947211 274.9317121826226753 274.84992001218392943 274.65676594077467598 274.53674213890167266 274.44480843614138621 274.47093177564971711 274.35824570207557827 274.41637377889003346 274.51834408275203714 274.44679575052708742 nan nan nan nan nan nan nan nan nan nan nan nan nan nan nan nan nan nan nan nan nan nan
nan nan nan nan nan nan nan nan nan nan nan nan nan nan nan nan nan 274.96233332327204835 275.24263914425512212 275.39332655403080707 275.45683696226655002 275.47621745237148616 275.52017507033781385 275.53411304063121179 275.57720394965832611 275.61522266099746048 275.61818477233356361 275.62578368853849042 275.39211708929138922 275.28348687904809822 275.13811119835276031 274.86048360771150101 274.74059946649606445 274.80483725319459154 274.78265566835125355 nan nan nan nan nan nan nan nan nan nan nan nan nan nan nan nan nan nan nan nan nan nan nan nan nan nan nan nan
nan nan nan nan nan nan nan nan nan nan nan nan nan nan nan nan 274.74571887386224489 275.0087780198521159 275.24857892051710451 275.35319969389104244 275.37528377253937606 275.39638993978877579 275.45083136283511749 275.48715461035448016 275.52297243455137732 275.54359446787350407 275.5367702961731311 275.53861952534259672 275.39004792032596924 275.12774293269546888 275.07659906092771962 274.98448989288658595 274.71628912842544423 nan nan nan nan nan nan nan nan nan nan nan nan nan nan nan nan nan nan nan nan nan nan nan nan nan nan nan nan nan nan
nan nan nan nan nan nan nan nan nan nan nan nan nan nan nan nan 274.75611528535341677 275.06935046732616001 275.18439717711822823 275.24013776806469878 275.28984372247072088 275.31722815267892202 275.3678772425301986 275.43500624476223493 275.49386631347078946 275.4870914871964942 275.46183832097887034 275.43960923909605754 275.37416410701013092 275.07028238149018762 275.08851627318142619 274.95166334336045111 nan nan nan nan nan nan nan nan nan nan nan nan nan nan nan nan nan nan nan nan nan nan nan nan nan nan nan nan nan nan nan
nan nan nan nan nan nan nan nan nan nan nan nan nan nan nan nan 274.83334187066628829 274.99211062729153809 275.01440856010293601 275.07284714293933803 275.1672151055950053 275.2205380848531604 275.26067014797041566 275.2706174418871683 275.27845047106421816 275.32177005127221037 275.38025487657023405 275.32690091138886146 275.29241628562044752 nan nan nan nan nan nan nan nan nan nan nan nan nan nan nan nan nan nan nan nan nan nan nan nan nan nan nan nan nan nan nan nan nan nan
nan nan nan nan nan nan nan nan nan nan nan nan nan nan nan nan nan 274.81521395256402229 274.77147310635569966 274.89955293938572822 274.99169148453643174 275.08413938459847259 275.12729787253124414 275.14344737519945738 275.10202299859560071 275.03839051536658644 275.22523511754400261 nan nan nan nan nan nan nan nan nan nan nan nan nan nan nan nan nan nan nan nan nan nan nan nan nan nan nan nan nan nan nan nan nan nan nan nan
nan nan nan nan nan nan nan nan nan nan nan nan nan nan nan nan nan nan nan 274.7112637183388415 274.72968563345807524 274.88181139502927408 274.87496017873417031 274.88629135903710221 nan nan nan nan nan nan nan nan nan nan nan nan nan nan nan nan nan nan nan nan nan nan nan nan nan nan nan nan nan nan nan nan nan nan nan nan nan nan nan
nan nan nan nan nan nan nan nan nan nan nan nan nan nan nan nan nan nan nan nan nan nan nan nan nan nan nan nan nan nan nan nan nan nan nan nan nan nan nan nan nan nan nan nan nan nan nan nan nan nan nan nan nan nan nan nan nan nan nan nan nan nan nan
