results/rofental/temp_month_2020-09-01T0000_2020-09-30T2300.asc
ncols        322
nrows        225
xllcorner    622802.488000000012
yllcorner    5178049.378999999724
cellsize     100.000000000000
[rows 112 to 139 of 225, columns 189 to 251 of 322]
279.48718238994456442 279.74616943319199436 279.95737759546454981 280.15219003131556974 279.98537681241981545 279.73635597860436519 279.53287737079745057 279.28917301055338385 278.9016897180641763 278.51650477018807806 278.18126216828540009 277.84174276863853947 277.81234441673103674 277.83880134840632081 277.89100942114089321 277.98822109671937142 277.93765040908823494 277.54124987354634868 277.24184174624025445 277.06151665228577485 276.94696972432336679 276.98647837297681917 277.15344592412179736 277.16794409540125343 276.92803215622205926 276.69571538139211953 276.81593739322204328 nan nan nan nan nan nan nan nan nan nan nan nan nan nan nan nan nan nan nan nan nan nan nan nan nan nan nan nan nan nan nan nan nan nan nan nan
279.71894078718111132 279.9294761941634988 280.10193779966772354 279.91491123794986606 279.80780301388278986 279.53900676871558062 279.23977700066723173 278.97377334400732707 278.51717459807053956 278.18882766671981699 277.9113577999081599 277.69465876419616279 277.66986110730960036 277.67954635513012818 277.67734728822915713 277.79814367655592378 277.79409096848081617 277.5763780654032189 277.18467676083724882 276.82891206657376415 276.85522546504557795 276.9747540990916832 277.02370676864336474 276.9137360595252062 276.60703561748920265 nan nan nan nan nan nan nan nan nan nan nan nan nan nan nan nan nan nan nan nan nan nan nan nan nan nan nan nan nan nan nan nan nan nan nan nan nan nan
279.94324313004625537 280.10326388063646164 279.89289034785133481 279.72189766319507953 279.54086379258677653 279.28235481992214773 278.97439742499000204 278.62772661458535595 278.29193378161676264 277.96780584335681397 277.67126539998099588 277.53101867909333578 277.55603604570217158 277.58576446076034472 277.56984528727065253 277.64770678160328998 277.65157755139796336 277.59422379506520429 277.17500126386141801 276.7409683975132566 276.81192045723412321 276.95685076501899857 276.93150077138830056 276.69184504909412681 276.33885243000321452 nan nan nan nan nan nan nan nan nan nan nan nan nan nan nan nan nan nan nan nan nan nan nan nan nan nan nan nan nan nan nan nan nan nan nan nan nan nan
280.08494223217161334 279.92192910440735432 279.74371409896980367 279.53328463161182071 279.30406415420105759 279.01740877199654278 278.73317821427031049 278.49828055033373175 278.20659317291938351 277.85629245661345976 277.55356033931218462 277.39770770326646243 277.41762591167810115 277.38203859140139684 277.44538545946039676 277.51986050726418398 277.49964637583923377 277.49502546454823459 277.19807965291249729 276.72906853389719117 276.63747668558534087 276.75966835637700569 276.73943344621267215 276.54446872737020158 276.15346862457533916 nan nan nan nan nan nan nan nan nan nan nan nan nan nan nan nan nan nan nan nan nan nan nan nan nan nan nan nan nan nan nan nan nan nan nan nan nan nan
279.79597259826681466 279.67637828459157845 279.51937212035988978 279.2347296110264665 278.95795406914254499 278.70074494433993095 278.41912824830001227 278.16770750631070541 278.01441632923786074 277.82510697468944727 277.60047699120985953 277.27299970821150055 277.1793361442139485 277.1990533570811408 277.30745515562864512 277.37700886084456897 277.36873142871218079 277.31941537088420091 277.05062943793132035 276.58368854155264671 276.34549734684782152 276.46093587939162717 276.42948454612354681 276.21380164806902258 276.09402057268721364 nan nan nan nan nan nan nan nan nan nan nan nan nan nan nan nan nan nan nan nan nan nan nan nan nan nan nan nan nan nan nan nan nan nan nan nan nan nan
279.53336864426478314 279.39600738370029376 279.24325537286551935 278.82716319802864291 278.57022322602028908 278.35825332281331157 278.07270603896887451 277.86909827376507565 277.67209999190032477 277.49223780745336398 277.32196505111033957 277.18471931760217331 276.98581943888785872 277.05182949948789428 277.09800548243873664 277.14715388547489283 277.17325228228594369 277.12124389514139011 276.89442281981763472 276.47055202088972692 276.03272647294699027 276.0019781973481372 276.0015154073080339 275.87014618581468994 nan nan nan nan nan nan nan nan nan nan nan nan nan nan nan nan nan nan nan nan nan nan nan nan nan nan nan nan nan nan nan nan nan nan nan nan nan nan nan
279.25660286437300783 279.07364138906723383 278.79046636785807323 278.46373857151183984 278.22322135079451755 278.01674445993995732 277.79499787493949725 277.58775726881037826 277.36648070616399764 277.22212388898458357 277.01080351304136684 276.95052198102592911 276.92647857295895619 276.91849054663435936 276.92599371364707395 276.97011481549515111 277.01246507998797597 276.93165123946312178 276.64539426791907317 276.30582215565539173 275.87756265316971849 275.59007475901171347 275.57982609326478496 nan nan nan nan nan nan nan nan nan nan nan nan nan nan nan nan nan nan nan nan nan nan nan nan nan nan nan nan nan nan nan nan nan nan nan nan nan nan nan nan
278.98928219032228526 278.68647554869937721 278.33533827568311381 278.10353314890039655 277.91566901039186632 277.73985310742563115 277.50922174677862131 277.28269151263168624 277.14133205106890045 276.95280816083487707 276.84794772085859904 276.85607230169841841 276.86468998970258326 276.80470588853034997 276.82847380186274222 276.8533479218795037 276.87709053352858746 276.75223883519339552 276.4337943539457001 275.98705105560475204 275.63615915258242239 275.3009409523962745 nan nan nan nan nan nan nan nan nan nan nan nan nan nan nan nan nan nan nan nan nan nan nan nan nan nan nan nan nan nan nan nan nan nan nan nan nan nan nan nan nan
278.67371666828847765 278.26986950365386519 277.97092256580566527 277.7642590156915503 277.63158520136772722 277.45315453255886951 277.23706470500195564 277.05063279471573878 276.81722277894158424 276.71289804996183648 276.72138335668546461 276.79319960634620656 276.78984753919274908 276.6806830586920114 276.69959268700563371 276.67689354220431142 276.69791700751352437 276.44373717949900993 276.06121330811862435 275.84172943810875722 275.42745659538132941 275.01940701061829486 nan nan nan nan nan nan nan nan nan nan nan nan nan nan nan nan nan nan nan nan nan nan nan nan nan nan nan nan nan nan nan nan nan nan nan nan nan nan nan nan nan
278.31665924765928821 277.95787793146627109 277.66921620126913695 277.49463587111563356 277.3414224827284329 277.18108716215624554 276.98176878166600545 276.79486405944965099 276.46123678816127267 276.59768181375613949 276.63835982196366103 276.71966942227402342 276.72534560554271366 276.6123353350339471 276.54107134600570816 276.49880990295696392 276.49639528105359432 276.2459432810332487 275.83469308262465347 275.60662091092035553 275.22295161417963527 274.83771251683657511 nan nan nan nan nan nan nan nan nan nan nan nan nan nan nan nan nan nan nan nan nan nan nan nan nan nan nan nan nan nan nan nan nan nan nan nan nan nan nan nan nan
278.15121410837764415 277.765817722366819 277.5355982406416615 277.29395557853348464 277.11002346464289303 276.93729244138290824 276.69256040010037623 276.41807297067856553 276.26783921322976312 276.50794616914953394 276.54482093707753165 276.63358551475403146 276.59466500263471289 276.44975664412612559 276.40864646283102957 276.39966638939449695 276.33357815804129132 276.14922492805459342 275.71706414786240202 275.46558148379381237 275.12523617221114591 274.80681859468620587 nan nan nan nan nan nan nan nan nan nan nan nan nan nan nan nan nan nan nan nan nan nan nan nan nan nan nan nan nan nan nan nan nan nan nan nan nan nan nan nan nan
277.98139708448888996 277.66959778378816281 277.45847285039803864 277.1272482719874688 276.91529542936160624 276.7156206932656346 276.38563983815458869 276.13604297407493959 276.24542312462881455 276.38980626187236567 276.41401227712185573 276.43094794370148293 276.33739300385360593 276.27136042544628936 276.26642307481546368 276.27908060159438719 276.1755699758543301 276.07806590878931274 275.91738319960023773 275.62370601124388259 275.31071659075252001 274.95810252458699097 nan nan nan nan nan nan nan nan nan nan nan nan nan nan nan nan nan nan nan nan nan nan nan nan nan nan nan nan nan nan nan nan nan nan nan nan nan nan nan nan nan
277.8258938955729036 277.55884708749590573 277.29034590591277265 276.975770421555751 276.75497291248655074 276.42646148944174911 276.03335899112602192 275.92596328439788067 276.1583522059754614 276.28222506484934229 276.33709047578952323 276.29409930695140929 276.22289907579363444 276.16511408209930778 276.16966430189336279 276.20017632622358406 276.11800981905054186 275.98146612421282953 275.94281359423865752 275.74890221680726654 275.35687293611152882 275.03130900773351186 nan nan nan nan nan nan nan nan nan nan nan nan nan nan nan nan nan nan nan nan nan nan nan nan nan nan nan nan nan nan nan nan nan nan nan nan nan nan nan nan nan
277.71508278869737296 277.42357261269404489 277.11692143769249697 276.82739922446808123 276.5841789449016801 276.18080187393456981 275.86195729313209313 275.93775242313677154 275.99404907145219568 276.11545156151589708 276.14184520347367879 276.11904824574213535 276.08396818336495926 276.05819798276303345 276.09188584124672161 276.10334880432117188 275.99526133782160287 275.90448931252143439 275.83882208508691747 275.75428334515191864 275.32364428662077671 275.04441722152898819 nan nan nan nan nan nan nan nan nan nan nan nan nan nan nan nan nan nan nan nan nan nan nan nan nan nan nan nan nan nan nan nan nan nan nan nan nan nan nan nan nan
277.64480063286356426 277.3107660349633079 276.95228932755856022 276.68068457873380339 276.39173852645268425 276.03360792508249233 275.71135086104499123 275.78119331649094192 275.86150717804520127 275.92541236732870402 275.96153952337976989 275.98490936585454847 275.97264947175466432 275.97945477709663464 276.00810287080020089 275.96042150608224119 275.70950529048946009 275.71262022015679349 275.65807224060154113 275.62253476391305185 275.38933669357197687 nan nan nan nan nan nan nan nan nan nan nan nan nan nan nan nan nan nan nan nan nan nan nan nan nan nan nan nan nan nan nan nan nan nan nan nan nan nan nan nan nan nan
277.56910170528027493 277.1921554354613022 276.88627676778281739 276.56094880081121801 276.25283173401726344 275.94225595117671901 275.59691392601291682 275.5400709951115914 275.70985259884702145 275.76560470179532558 275.8224060990299904 275.86927171152768778 275.89837191703350072 275.90969091736337759 275.91767093749837159 275.80897035721545762 275.55125850016321465 275.47358448899649375 275.50013196178690578 275.46425790396989441 275.24798484467100934 nan nan nan nan nan nan nan nan nan nan nan nan nan nan nan nan nan nan nan nan nan nan nan nan nan nan nan nan nan nan nan nan nan nan nan nan nan nan nan nan nan nan
277.30444949749846728 277.07779256682425739 276.77552171436940398 276.43406612253244248 276.00307931975237352 275.71553384507876672 275.39702941059874775 275.52620555777423306 275.60706739162162648 275.67705925602598427 275.73341561824298651 275.79249532227271402 275.82237276919994429 275.82821331888089844 275.82402758623595673 275.72125976184696583 275.48676756263392917 275.26717167154703247 275.30833549241333458 275.26839016268064597 275.12947403890677833 nan nan nan nan nan nan nan nan nan nan nan nan nan nan nan nan nan nan nan nan nan nan nan nan nan nan nan nan nan nan nan nan nan nan nan nan nan nan nan nan nan nan
277.16180463931362965 276.90531246577501179 276.6504825353799788 276.36831021812645304 275.9701357544636835 275.62196010285009606 275.35883032156931449 275.39148394929316055 275.51847317394265247 275.62799884884384483 275.67926498510911415 275.73754799364400014 275.74679339909414466 275.74665757917637166 275.70875149569212681 275.59711308525487539 275.45163286237834654 275.1367857572874982 275.03744717969976818 nan nan nan nan nan nan nan nan nan nan nan nan nan nan nan nan nan nan nan nan nan nan nan nan nan nan nan nan nan nan nan nan nan nan nan nan nan nan nan nan nan nan nan nan
277.02106335362566369 276.81787251590606047 276.57693281796883866 276.24899433650500669 275.9400154023687719 275.66431235299029368 275.41083035364994203 275.27050365462457648 275.4084119409854452 275.53350564269209144 275.57554037868624164 275.62053175607724143 275.64601835101632332 275.61519357363221161 275.49090882088410126 275.44373034835007275 275.34375565524152307 275.03833615352056086 nan nan nan nan nan nan nan nan nan nan nan nan nan nan nan nan nan nan nan nan nan nan nan nan nan nan nan nan nan nan nan nan nan nan nan nan nan nan nan nan nan nan nan nan nan
277.03055212249529404 276.76233322714961105 276.52299838181255609 276.25679484654284579 276.09749906687403609 275.87388905398768202 275.52506117605832969 275.17872563907496897 275.25687626797230223 275.35166055914635308 275.42348977875400351 275.4548593546636539 275.37571000463469773 275.20634668458365013 275.21392333636043759 275.2956069465869291 275.19010394340909897 nan nan nan nan nan nan nan nan nan nan nan nan nan nan nan nan nan nan nan nan nan nan nan nan nan nan nan nan nan nan nan nan nan nan nan nan nan nan nan nan nan nan nan nan nan nan
276.82941690051382011 276.62794658552707006 276.46176518443428449 276.25979123293717521 276.12116671552274738 275.86677546073065059 275.51049299144858651 275.17355085661876046 275.09653705507889754 275.15047624369799451 275.19360017519778694 275.19161664249651267 nan nan nan 275.17412388272612134 nan nan nan nan nan nan nan nan nan nan nan nan nan nan nan nan nan nan nan nan nan nan nan nan nan nan nan nan nan nan nan nan nan nan nan nan nan nan nan nan nan nan nan nan nan nan nan
276.67987229757233081 276.55727335638960085 276.42432429105036817 276.26580461525321653 276.03587054216467322 275.73568200674083073 275.42712044549580241 275.07854234011068684 274.87846989583948698 nan nan nan nan nan nan nan nan nan nan nan nan nan nan nan nan nan nan nan nan nan nan nan nan nan nan nan nan nan nan nan nan nan nan nan nan nan nan nan nan nan nan nan nan nan nan nan nan nan nan nan nan nan nan
276.70699787203801634 276.51600835026079039 276.36494256422474791 276.21331415992449365 275.9149783378088614 275.5912022614895136 275.29268584252838536 274.96974679516040396 nan nan nan nan nan nan nan nan nan nan nan nan nan nan nan nan nan nan nan nan nan nan nan nan nan nan nan nan nan nan nan nan nan nan nan nan nan nan nan nan nan nan nan nan nan nan nan nan nan nan nan nan nan nan nan
276.64306809586560121 276.49066806950855835 276.30503935042275998 276.11083633461316822 275.77620586292459848 275.45980494412117423 275.17002024790326686 274.94719754064237804 nan nan nan nan nan nan nan nan nan nan nan nan nan nan nan nan nan nan nan nan nan nan nan nan nan nan nan nan nan nan nan nan nan nan nan nan nan nan nan nan nan nan nan nan nan nan nan nan nan nan nan nan nan nan nan
276.57199609820997921 276.46555355253531161 276.32209796904453469 276.14523927727526598 275.93363760629046055 275.62032440586898474 275.3129658982167598 274.962804943559604 nan nan nan nan nan nan nan nan nan nan nan nan nan nan nan nan nan nan nan nan nan nan nan nan nan nan nan nan nan nan nan nan nan nan nan nan nan nan nan nan nan nan nan nan nan nan nan nan nan nan nan nan nan nan nan
276.50895795889175588 276.40880558742730955 276.30437259841221476 276.19550524235813782 276.03017232940447911 275.7327068759791473 275.33135852967433266 274.94481563488835718 274.62789566702741695 nan nan nan nan nan nan nan nan nan nan nan nan nan nan nan nan nan nan nan nan nan nan nan nan nan nan nan nan nan nan nan nan nan nan nan nan nan nan nan nan nan nan nan nan nan nan nan nan nan nan nan nan nan nan
276.42707035003684268 276.33799105262232843 276.2015058982636333 276.10609141833162994 276.0269404909593618 275.81998507702735424 275.44154502275392815 275.08238684432291166 274.69650361270788608 nan nan nan nan nan nan nan nan nan nan nan nan nan nan nan nan nan nan nan nan nan nan nan nan nan nan nan nan nan nan nan nan nan nan nan nan nan nan nan nan nan nan nan nan nan nan nan nan nan nan nan nan nan nan
276.34415854944268176 276.24382089125066386 276.11802350972970999 276.03235456725343511 275.9641715668467441 275.81624188642325635 275.4170337122555452 275.03897399634615795 274.64384018363591622 nan nan nan nan nan nan nan nan nan nan nan nan nan nan nan nan nan nan nan nan nan nan nan nan nan nan nan nan nan nan nan nan nan nan nan nan nan nan nan nan nan nan nan nan nan nan nan nan nan nan nan nan nan nan
