results/rofental/temp_month_2020-06-01T0000_2020-06-30T2300.asc
ncols        322
nrows        225
xllcorner    622802.488000000012
yllcorner    5178049.378999999724
cellsize     100.000000000000
[rows 168 to 195 of 225, columns 126 to 188 of 322]
274.41538648535288303 274.38249590537549238 274.34001642459242021 274.28520764599090853 274.03341363394292785 273.65334953001939766 273.74317048338087943 274.04654121437647518 274.21294654849759809 274.2181243666969408 274.29339252788179238 274.42351424918081193 274.49700587463115653 274.61900240588749966 274.73513708297917901 274.78919193503594443 274.91939197528745353 274.96987331443955327 275.07613563198333395 275.19011765098628075 275.30937396628604574 275.43623256111442288 275.57633458674325766 275.83730013767620903 276.12891565730774346 276.41816920306092698 276.64426854763991059 276.72402920164302031 276.67962165603802305 276.66637797640612462 276.7041216891153681 276.79081593294085906 276.75932546102598053 276.64569643510543528 276.34042529425431667 276.18848238272050821 276.0210122291840662 275.96721329841750503 275.94566698268045002 275.90958586470162572 275.7321894373129112 275.49554062991677483 275.2956314916368683 275.23730332445580871 275.22311746313107506 275.12791476875429453 275.02566205382896669 275.0205297448334818 275.05846847098177932 275.08161776459280645 275.09778798667201727 274.98430179967664344 274.52033997457948544 273.97444026783426807 nan nan nan nan nan nan nan nan nan
273.98250756424391739 274.05384811068449835 274.14542277524606106 274.12964590309866253 273.96096770558779099 nan nan 274.07812613951170988 274.22607652535521083 274.26951841576999414 274.29868651325261908 274.41678510456188178 274.54091663386031996 274.719465062561369 274.83729787620245588 274.89807515049659514 274.96008937714753984 275.0176624582990712 275.16796019056408795 275.2565773466952237 275.34061810813051352 275.50819850700361258 275.73899912193746786 276.05865501507582849 276.32643430516304761 276.5495441890778352 276.68216649677901842 276.64416856762568386 276.62101374229297335 276.59218301211268454 276.63603587321574651 276.72415702406220817 276.66074262242545956 276.49942487930354673 276.31435797230670914 276.15111267588542887 276.00690549686686381 275.89192013833383044 275.87713003464153871 275.7872287571817651 275.53984558016981055 275.30267410999800859 275.16554320223326613 275.14424484023999185 275.13544548948323154 275.04856500795438023 274.96689212656644941 274.94731515289464596 274.99248766013420209 274.99084867370345364 274.99873741887148526 274.8828902210299816 274.49755423887620509 274.04559120563379793 nan nan nan nan nan nan nan nan nan
273.64381719004899196 273.7865193820543368 273.95647237841109245 273.95068110225929559 nan nan nan nan nan nan 274.3278980276177208 274.4824443812036634 274.64964236112092522 274.77584246790394218 274.87475277827991249 274.94705493699223098 274.99740665547483331 275.06431259088725483 275.17292900573835368 275.29076124862302777 275.51689419787231827 275.76114427716453292 276.00850678024698936 276.26392651759817909 276.47644432902859535 276.65025564479714149 276.63341838644646487 276.56156123743960507 276.55096816113751856 276.52324601711893592 276.57262542778892112 276.63248060399752148 276.51993627915095431 276.39465102622824588 276.24187123738556693 276.10710796212339346 275.91185855629998969 275.77082109712426927 275.73705005404605117 275.56682098614737697 275.31710601085563894 275.12318838659854237 275.06464680596582184 275.08651197377469089 275.02880642122789823 274.90134630595133558 274.85175511371528501 274.87884046924511949 274.93642276006653447 274.91797065495956076 274.89668729002704595 274.83466481599629105 274.38340185036275898 273.99723938320852312 nan nan nan nan nan nan nan nan nan
273.49247808746838473 nan nan nan nan nan nan nan nan nan 274.39570182698395229 274.59895784765865301 274.85536036836589346 274.96767543426983593 275.04824205532486303 275.12737581150850019 275.20383641898024507 275.24267082594093381 275.38201499191131916 275.53905108076907027 275.72918800272304907 275.95452947046749159 276.19608771972451677 276.40548236886775157 276.53586239286494219 276.65130351694193678 276.56093972734885256 276.49294752713717571 276.48042593755775442 276.46524617122457812 276.49575241844701168 276.52732124816543546 276.36594492100647358 276.24150046507935485 276.12628528481604917 275.99881089919171018 275.83524570520012276 275.6065638915300724 275.48288067140595103 275.27959613900094382 275.08974900326251145 274.98705207388087501 274.98786795846814357 274.94688795533147641 274.83338853337573937 274.77679401751055366 274.76228645255531546 274.81310054177737356 274.88888938133277406 274.87729302229797668 274.83853930024446299 274.7631265584067819 274.61650731938289027 274.33514161364752226 273.92942631471430559 nan nan nan nan nan nan nan nan
nan nan nan nan nan nan nan nan nan nan nan 274.77950327251272711 275.0640506206336795 275.20440321414264417 275.26328997598682236 275.32571764119637692 275.33633143938607191 275.4330109771075854 275.54944195521323991 275.72395015835394361 275.93897584446619931 276.16613613700502583 276.35457567097853371 276.52282488618732259 276.57268467099282816 276.58777662670490827 276.50375076009589748 276.43553701664291111 276.41718588093823428 276.3998574135842432 276.39551699978795796 276.40316412894640052 276.23367431610716949 276.06487808128798633 275.97977647127294176 275.90096154613297585 275.68091985445641967 275.43291528604635232 275.24548159421851778 275.0326962333992924 274.88770300327399809 274.86399495407346194 274.80629272841713373 274.75609488398731628 274.72618385402176955 274.70721119819262412 274.70496087267258645 274.75775292100354363 274.78453951315572112 274.79792196726117481 274.77003843070434641 274.70318732346532897 274.55948836153146431 274.34261449261191501 273.81370736905455487 nan nan nan nan nan nan nan nan
nan nan nan nan nan nan nan nan nan nan nan nan nan 275.33766105549659642 275.44129284498609422 275.53561726624798212 275.5972375334742992 275.67619630524905006 275.77531104378635973 275.95264457787561696 276.15091029015331969 276.32498486272771743 276.48146215391699343 276.52653144793060846 276.51233685187503397 276.5181275913333252 276.44866543366850919 276.38050569229704934 276.35530318889772161 276.32360824530377386 276.28757715725566868 276.24630002173904586 276.10130622470506978 275.96605034189269645 275.85237927985645001 275.74442250278883648 275.50208672351357109 275.23663374188959097 275.01590149475629232 274.87406804711628183 274.7912717505178648 274.7461347488829233 274.58579217973027653 274.63082782058114617 274.62753605661299616 274.63541479394746148 274.65537514875524039 274.67963228478987503 274.68268024929147941 274.68709171801219782 274.6824613660438672 274.64643113429741561 274.4787895159130926 274.05517406847206985 273.80030200874222146 273.58631409471740881 nan nan nan nan nan nan nan
nan nan nan nan nan nan nan nan nan nan nan nan nan nan nan 275.69572909119955284 275.8157372947430872 275.88122015710990809 276.00166240263371265 276.14688800571991578 276.32037410738519156 276.43625522749118772 276.48454018570112112 276.44099012048411623 276.44406273895657478 276.4711678569325386 276.40997990762548397 276.33057516728723613 276.290316878934334 276.24855191957152556 276.15456380019645621 276.07560625885719219 275.99450847752183336 275.90403660109774364 275.78115555128528058 275.55425736507822876 275.23165298416068936 274.97407398156383351 274.80977897783208164 274.72762672276712692 274.67506877835683099 274.64290377023866085 274.57323074826234688 274.48636128116584132 274.5254132272541483 274.53304741265253597 274.56491192140697422 274.59325509212879979 274.6195623119228344 274.63380458448546051 274.61552805953226652 274.56148363097793208 274.37901355584762086 273.85166477768331106 273.66844209250189124 nan nan nan nan nan nan nan nan
nan nan nan nan nan nan nan nan nan nan nan nan nan nan nan 275.8117503064296443 275.96691150922066527 276.02787427467944781 276.17106763489300647 276.36567257039945389 276.44821153857520812 276.45990549795050129 276.41681791189142814 276.38670280257957756 276.39198455681770383 276.42756899508049173 276.37071784882613201 276.27345464771758543 276.20127190977308373 276.14266533292686745 275.97863768755786396 275.91353208042124834 275.85292865811015872 275.79754609057061998 275.71825327409754891 275.42613472755658677 274.90159384283833788 274.59010889755683138 274.65066607794807396 274.60597948317274586 274.5411600242899226 274.50371106521589581 274.48902652044210981 274.33295256321775923 274.3678934456148113 274.38239448020709688 274.42852671940238451 274.49689342982844664 274.52662340834217503 274.54600612903556112 274.53214919908953107 274.45293842971386766 274.25976713078739522 273.89694950253596062 nan nan nan nan nan nan nan nan nan
nan nan nan nan nan nan nan nan nan nan nan nan nan nan nan nan 276.05138872374146786 276.14026885327723448 276.28706100827986347 276.43687878063354901 276.45914467301633977 276.39442304381799431 276.36144660667787321 276.33376717077959484 276.34468405739795571 276.36882422836606565 276.31814988755775175 276.20626631771779103 276.0964139445304113 275.99029210482092367 275.81930006533985988 275.76118596316979392 275.7206009460277869 275.68691469497088065 275.64839179889048637 275.30824872116983215 274.81713499942969747 274.45327108638360869 274.50693149399643289 274.49442637926915722 274.41788972351196207 274.37695648886619892 274.35997728782206195 274.23022411972635837 274.27584733181890897 274.30702695519283907 274.37002898076121937 274.38817201868351958 274.40826713706752571 274.4169812755201292 274.40453695928101752 274.33689121542909106 274.11186952665440231 nan nan nan nan nan nan nan nan nan nan
nan nan nan nan nan nan nan nan nan nan nan nan nan nan nan nan nan 276.1815326063731959 276.30809719942214997 276.42813086091689456 276.42042761023367348 276.35171920025845793 276.30452103003750608 276.28165224586672366 276.28177476413770819 276.27557868248220529 276.21845815961125936 276.09113707113414193 276.00376207040773124 275.85474492677514036 275.73417718882672034 275.67775663366433037 275.63316085289193325 275.59237059178821028 275.51817583083146701 275.10869454834823955 274.79136768691284942 274.44857132435771518 274.31995960450643679 274.34790573423532578 274.30694978763148129 274.27216582738464012 274.25699734003853791 274.09529121939340257 274.14520697886047174 274.18612483119778744 274.22629559309103797 274.28101600284418282 274.30037371254974232 274.30682357726828968 274.27907686050548364 274.21865277377236225 nan nan nan nan nan nan nan nan nan nan nan
nan nan nan nan nan nan nan nan nan nan nan nan nan nan nan nan nan 276.23816185864507133 276.33568422462718672 276.41393208499039247 276.40531070600889052 276.33358718687202327 276.27184857629487169 276.21726790794372164 276.18264805428805175 276.1545269747372231 276.12406752631659401 275.99177928727550579 275.88125724508006442 275.78997635696123325 275.69590664885799924 275.62710695366541813 275.54921581855933255 275.45221370628189561 275.36346671176681866 274.91310176430584988 274.57549557121188855 274.33664865163933655 274.17639951364185436 274.20579878341908397 274.18563865553278447 274.15087612931000649 274.13396704575984586 273.90129230496103219 273.95351893297055312 273.9726162639838094 274.02227644141134988 274.06164740741758123 274.12348994838458793 274.18502915604602777 274.18624056353212382 274.10377071386852776 nan nan nan nan nan nan nan nan nan nan nan
nan nan nan nan nan nan nan nan nan nan nan nan nan nan nan nan nan nan 276.38149243231896435 276.41920463365266869 276.39378705122146584 276.29460490591901589 276.20786106517459757 276.13631523732630058 276.05156850334230967 276.01858612454174136 276.05338356177526293 275.92854434249301221 275.8077088669447221 275.76013003356280251 275.66029772670640341 275.60538687435553129 275.50718563871771494 275.35392466978845505 275.21833914927515252 275.06018139760902841 274.66920839481184657 274.27078739129990481 274.06078666941073152 274.03748524431267697 274.05715674631147749 274.07263931992457628 274.0314142697460511 273.7065911177523958 273.70731090516932227 273.74687308562226917 273.674639019365884 273.72939831156543278 273.88342411021710632 274.0366375012199569 274.08576122347170667 nan nan nan nan nan nan nan nan nan nan nan nan
nan nan nan nan nan nan nan nan nan nan nan nan nan nan nan nan nan nan 276.4121350048216641 276.38235504924892894 276.31141950518747308 276.24120310088312635 276.12699875915632219 276.01831263342251077 275.94982805406522175 275.92496471145233272 275.95628083537718567 275.89439981330650653 275.81228526450161098 275.74679661704857381 275.64279483104007795 275.56117626610358684 275.4482373972100504 275.21001812570318634 275.07268974808590656 274.96931521516410157 274.89821377219476517 274.62941036290203556 274.03804969626042976 273.88825751152302246 273.9278019761612768 273.93994044887250539 273.87292531922093985 273.44041827564490177 273.34541004077902926 273.23656332265812807 273.33938116026115495 273.67303116731409318 273.82450305759675757 273.86279407464957103 nan nan nan nan nan nan nan nan nan nan nan nan nan
nan nan nan nan nan nan nan nan nan nan nan nan nan nan nan nan nan nan nan nan 276.19466865787495635 276.14179084543218323 276.03997679351522265 275.9038367881419731 275.82288195467742753 275.7934210364094838 275.82156923020880868 275.83240434910004524 275.77776093304930782 275.62538790898520347 275.54192495026001097 275.44930862346626554 275.34027048183071429 275.06709664973612917 274.89790641334650445 274.84154779936284285 274.78813175410658687 274.61193474109967383 274.04261549600715853 273.77549851053373686 273.75637931696149963 273.77030178084766021 273.6735288006520932 273.23958225939571776 272.85446699406315929 nan 273.38190031279862069 273.71246579563688783 nan nan nan nan nan nan nan nan nan nan nan nan nan nan nan
nan nan nan nan nan nan nan nan nan nan nan nan nan nan nan nan nan nan nan nan 276.05534782407266903 275.97441090350463355 275.91228336792994469 275.79480726125302681 275.70451390980269935 275.6814161639178451 275.68363552338058753 275.71527601660562823 275.68099327252014064 275.48407945584153822 275.27248116094290253 275.08077600213493952 274.86807076437048636 274.79836745033321677 274.74026078063354817 274.76894638332686327 274.64541964805368934 274.50952095907564399 274.16306595906252142 273.78587034008529599 273.63983840668072389 273.61314861211405969 273.3878568881319211 272.99842035191738887 nan nan nan nan nan nan nan nan nan nan nan nan nan nan nan nan nan nan nan
nan nan nan nan nan nan nan nan nan nan nan nan nan nan nan nan nan nan nan nan 275.8316685959790675 275.77907241267382688 275.71603293075457941 275.65604969501401911 275.56574687365440468 275.57427313708342353 275.56825849576779319 275.59401042068378729 275.52887568178232414 275.12765440815417151 274.69985933167589565 274.51614307192568276 274.45815551203577343 274.56773517101225934 274.5852778929241822 274.62780207579845637 274.50042133088095397 274.35023374155434794 274.079633429122282 273.84325618195038032 273.64296124198540383 273.50628033584808918 273.31317247883850996 273.01974187768320235 nan nan nan nan nan nan nan nan nan nan nan nan nan nan nan nan nan nan nan
nan nan nan nan nan nan nan nan nan nan nan nan nan nan nan nan nan nan nan nan 275.55862630015616332 275.52139468914811005 275.52885901669407076 275.45772938674861052 275.45238653468157963 275.49667880854065061 275.4777256651155426 275.48136379825427866 275.42621591291583627 275.08347549056895787 274.40494603905443682 274.04002971137333589 274.28404420326296531 274.46452905785923804 274.44442278010342307 274.31790092060793995 274.17310848168318671 274.084382614570643 273.94140076925179983 273.83741037637696536 273.65109521791549696 273.48379022273826422 273.33293607963076965 272.97905172705935684 nan nan nan nan nan nan nan nan nan nan nan nan nan nan nan nan nan nan nan
nan nan nan nan nan nan nan nan nan nan nan nan nan nan nan nan nan nan nan nan nan 275.22883629124424942 275.33748571525472926 275.32747460097039038 275.37211713887194264 275.42496275326095656 275.40322326756046323 275.39854102860687135 275.33493961390695404 275.11012166206910479 274.51842191410099758 273.8546625851497538 274.16720744923827624 274.26797417247541944 274.22271839365782853 273.87278233277379513 273.8632658120305905 273.85152349840899433 273.80628679306704498 273.77839441000423903 273.63358456344968772 273.43898711976652294 273.27741768473526918 nan nan nan nan nan nan nan nan nan nan nan nan nan nan nan nan nan nan nan nan
nan nan nan nan nan nan nan nan nan nan nan nan nan nan nan nan nan nan nan nan nan 275.20891268596301416 275.24648332890257052 275.24366446998868696 275.26973944020602403 275.32376026975134664 275.32183701572029122 275.32359783462123914 275.20764234769563927 274.95383921861719045 274.49873790421759168 273.69419194200514767 273.90347162389139157 274.04805986347747648 273.88708817766899983 273.52007724736159844 273.62046139310643866 273.64748776096081428 273.66580712882978332 273.66846196369232302 273.55443617948708379 273.32767793189583472 273.17580108917354664 nan nan nan nan nan nan nan nan nan nan nan nan nan nan nan nan nan nan nan nan
nan nan nan nan nan nan nan nan nan nan nan nan nan nan nan nan nan nan nan nan 275.10356603132049713 275.15616581076972125 275.1532148057472682 275.15401028821605678 275.18772002547206057 275.22544676204029201 275.23848368678346787 275.23743215213829671 274.92239400594996823 274.54747180585599153 274.23032839744280409 273.77742654800158562 273.61973413114145615 273.75062623987685129 273.38316606438326062 273.34071552470652477 273.48518908878907041 273.3923196182345805 273.45955478822276064 273.53836698574053798 273.43052898247003668 273.21676162128102305 nan nan nan nan nan nan nan nan nan nan nan nan nan nan nan nan nan nan nan nan nan
nan nan nan nan nan nan nan nan nan nan nan nan nan nan nan nan nan nan nan 274.94340143263866594 275.07819622911642909 275.0853771499546383 275.08237385186424717 275.07788850080459042 275.11395969271706008 275.13988308857869924 275.14070589352610341 275.12478883784478967 274.77985162655738804 274.52877482471785697 274.25201607658857483 274.03911144982180303 273.91509826694328922 273.65165191143199763 273.48155385910138193 273.34793582265126588 273.36429418735684749 273.20645338761289622 273.26509320400526803 273.37995047388875491 273.27669885735656408 nan nan nan nan nan nan nan nan nan nan nan nan nan nan nan nan nan nan nan nan nan nan
nan nan nan nan nan nan nan nan nan nan nan nan nan nan nan nan nan 274.4637124215112749 274.786514735608705 274.94541902220657903 274.99433954025494131 274.98788969144834482 275.01300323744737852 275.00096299110668951 275.02657218655389215 275.0467370121795625 275.02368426739695906 275.00754317425435147 274.68802954152675966 274.52738834968272386 274.32146253151387327 273.94972044879284567 273.77809126625930958 273.8398405116719232 273.79354605791615995 nan nan nan nan nan nan nan nan nan nan nan nan nan nan nan nan nan nan nan nan nan nan nan nan nan nan nan nan
nan nan nan nan nan nan nan nan nan nan nan nan nan nan nan nan 274.20190926385163266 274.50565093346114054 274.77925215169057083 274.88186259507750719 274.88024242135435316 274.877585569545829 274.91741505378831789 274.93497800948080112 274.95263569295235584 274.9519511512767167 274.91753758866411772 274.89502318117649793 274.6836762328737791 274.32980835168376643 274.24340977679463549 274.1063167436490744 273.74800196425604781 nan nan nan nan nan nan nan nan nan nan nan nan nan nan nan nan nan nan nan nan nan nan nan nan nan nan nan nan nan nan
nan nan nan nan nan nan nan nan nan nan nan nan nan nan nan nan 274.19663764646520576 274.56549567219281016 274.68345320668493059 274.72611253891045635 274.76099836899453521 274.76781397334690382 274.80429687511997372 274.86205708884165233 274.90999953084741492 274.87583802268915179 274.81915720697543293 274.7671465329300986 274.66149275444627165 274.25586905655586634 274.25765037490737086 274.06465507697527073 nan nan nan nan nan nan nan nan nan nan nan nan nan nan nan nan nan nan nan nan nan nan nan nan nan nan nan nan nan nan nan
nan nan nan nan nan nan nan nan nan nan nan nan nan nan nan nan 274.27606054558884807 274.4516496572002211 274.45422110242503777 274.50190406994869363 274.59470589649112071 274.63572882101846062 274.66032180536103624 274.64720530652476782 274.6319350454442656 274.6620649975831725 274.71203260677532398 274.62163122778474644 274.55584521084898597 nan nan nan nan nan nan nan nan nan nan nan nan nan nan nan nan nan nan nan nan nan nan nan nan nan nan nan nan nan nan nan nan nan nan
nan nan nan nan nan nan nan nan nan nan nan nan nan nan nan nan nan 274.21236054554429984 274.13312410981160383 274.27019453636523849 274.36164401088365139 274.45343482699922788 274.48316475932654157 274.47910667825618702 274.40282015153394468 274.29903806119051524 274.51194579751421543 nan nan nan nan nan nan nan nan nan nan nan nan nan nan nan nan nan nan nan nan nan nan nan nan nan nan nan nan nan nan nan nan nan nan nan nan
nan nan nan nan nan nan nan nan nan nan nan nan nan nan nan nan nan nan nan 274.01971596085667215 274.01950777888976063 274.1879213687234369 274.155794732954746 274.14683436645424308 nan nan nan nan nan nan nan nan nan nan nan nan nan nan nan nan nan nan nan nan nan nan nan nan nan nan nan nan nan nan nan nan nan nan nan nan nan nan nan
nan nan nan nan nan nan nan nan nan nan nan nan nan nan nan nan nan nan nan nan nan nan nan nan nan nan nan nan nan nan nan nan nan nan nan nan nan nan nan nan nan nan nan nan nan nan nan nan nan nan nan nan nan nan nan nan nan nan nan nan nan nan nan
