results/rofental/temp_month_2020-09-01T0000_2020-09-30T2300.asc
ncols        322
nrows        225
xllcorner    622802.488000000012
yllcorner    5178049.378999999724
cellsize     100.000000000000
[rows 140 to 167 of 225, columns 63 to 125 of 322]
nan nan nan nan nan nan nan nan nan nan nan nan nan nan nan nan nan nan nan nan nan nan nan nan nan nan nan nan nan nan nan nan nan nan nan nan nan nan nan nan nan nan nan nan nan nan nan nan nan nan nan 273.94648910638198913 274.04286942640123925 274.26798271887986402 274.51622409697665717 274.71189943159356517 274.90204939450154598 275.0813112992788092 275.17159139966065595 275.24477225651003209 275.37337050593475851 275.53582749841723398 275.68653412539657666
nan nan nan nan nan nan nan nan nan nan nan nan nan nan nan nan nan nan nan nan nan nan nan nan nan nan nan nan nan nan nan nan nan nan nan nan nan nan nan nan nan nan nan nan nan nan nan nan nan nan 273.89434307183972805 274.00921260466014928 274.12113434969717218 274.36645919042496189 274.63265247896151777 274.77962613219568766 274.96666755568031704 275.11166154330294376 275.19414309599983426 275.28778252887923372 275.41284588499667052 275.58829588937925337 275.76533217171902379
nan nan nan nan nan nan nan nan nan nan nan nan nan nan nan nan nan nan nan nan nan nan nan nan nan nan nan nan nan nan nan nan nan nan nan nan nan nan nan nan nan nan nan nan nan nan nan nan nan 273.95466478832338453 274.26232565337261349 274.39461145881966786 274.52946877459476127 274.48788172094964466 274.61271421772482881 274.82178582351980367 275.0405522663170359 275.19569736104108415 275.30941322263680604 275.42874851347482945 275.55697985285752338 275.70184193468207923 275.86981806004428108
nan nan nan nan nan nan nan nan nan nan nan nan nan nan nan nan nan nan nan nan nan nan nan nan nan nan nan nan nan nan nan nan nan nan nan nan nan nan nan nan nan nan nan nan nan nan nan nan 274.15194004864162025 274.33761377120066527 274.62573494499997651 274.81546457898298286 274.88823602578736427 274.90501124349975726 274.72494275859691015 274.75433382077994793 275.05536838912507847 275.28578493082892464 275.431669427923282 275.54562877639438057 275.69020029148839512 275.86958208396555392 276.0336432891810432
nan nan nan nan nan nan nan nan nan nan nan nan nan nan nan nan nan nan nan nan nan nan nan nan nan nan nan nan nan nan nan nan nan nan nan nan nan nan nan nan nan nan nan nan nan 274.2274033339455741 274.28736402783187032 274.44654657013722954 274.51542660832222964 274.63496074862968044 274.86763651144656251 275.03514411051349953 275.15308603765299722 275.22171059981911867 275.10513670639926431 274.99251557225898068 275.04434326192159688 275.22652232444193032 275.41828893045385485 275.56801762384469612 275.71045281011407724 275.83900545696565132 276.00962408631488643
nan nan nan nan nan nan nan nan nan nan nan nan nan nan nan nan nan nan nan nan nan nan nan nan nan nan nan nan nan nan nan nan nan nan nan nan nan nan nan nan nan nan nan nan 274.57333516142631424 274.53226144540121823 274.52675190167985875 274.73331306050653211 274.86037915591549563 274.86044932900131244 274.95153911881590147 275.11901114970441995 275.2994105681194128 275.40308244131034598 275.45713006730869665 275.41623188425757007 275.31507861048589803 275.30993189295577395 275.36620793664110352 275.46048226078261223 275.59628975292451969 275.76988061520779638 275.98039015863292889
nan nan nan nan nan nan nan nan nan nan nan nan nan nan nan nan nan nan nan nan nan nan nan nan nan nan nan nan nan nan nan nan nan nan nan nan nan nan nan nan nan nan nan nan 274.83081686121721532 274.8218190905581082 274.90402180585527958 274.93829656088286129 275.1049906136570371 275.18345086499380159 275.2678595930643155 275.31205973565300837 275.4347483505754326 275.51853075111552016 275.61132336878364413 275.70776653848525939 275.69919926820710998 275.65540640256051574 275.66974634080060014 275.71203489888978311 275.75958390061333603 275.8203031387670876 276.03523430614819745
nan nan nan nan nan nan nan nan nan nan nan nan nan nan nan nan nan nan nan nan nan nan nan nan nan nan nan nan nan nan nan nan nan nan nan nan nan nan nan nan nan nan nan nan 274.8180189043960695 274.91811087521642776 275.01889670971092983 275.12753733425728342 275.20849507833236203 275.26341084550233518 275.32890181915433914 275.39207054188278789 275.47340287737375775 275.55936219687936273 275.63688796124694136 275.74906048086700139 275.86516902426762954 275.94640198638660422 275.97869901605025689 275.95859728433356395 276.02254435570648639 276.07077253312365883 276.2646030807995885
nan nan nan nan nan nan nan nan nan nan nan nan nan nan nan nan nan nan nan nan nan nan nan nan nan nan nan nan nan nan nan nan nan nan nan nan nan nan nan nan nan nan nan 274.57935962780123873 274.74097790241160055 274.94932900154475419 275.06693523774731602 275.12337995444170247 275.18582863922813431 275.25053051187421715 275.31148503012923356 275.37115741547484049 275.44282905888519508 275.52500914456322789 275.61307005880394172 275.72289839720207283 275.83318438681737916 275.93379524198280706 276.05526605518014094 276.1683481686566779 276.30850272297220727 276.42696364775753182 276.53334904450196063
nan nan nan nan nan nan nan nan nan nan nan nan nan nan nan nan nan nan nan nan nan nan nan nan nan nan nan nan nan nan nan nan nan nan nan nan nan nan nan nan nan nan nan 274.42888512932421463 274.62170982356087734 274.89008289406359609 275.04576010470617575 275.09959032337911822 275.15662135153513645 275.22117230899510787 275.27053065137869226 275.33975108806174603 275.4309045672719094 275.52565488897135992 275.61225134463882114 275.71585805640052058 275.82711749181413552 275.94480622303791506 276.04674319274181471 276.192924270683136 276.33081786736937602 276.55019909220084173 276.72432772337657525
nan nan nan nan nan nan nan nan nan nan nan nan nan nan nan nan nan nan nan nan nan nan nan nan nan nan nan nan nan nan nan nan nan nan nan nan nan nan nan nan nan nan 274.18882046472822367 274.35516434041250022 274.63303349417560639 274.81726153395362644 274.96428677211713421 275.04038912445196274 275.09180975110825784 275.15544066677603041 275.18376520180930811 275.25779479702600838 275.36203892398538073 275.46978081078759715 275.58122628096515427 275.70824315725957376 275.87164949935578306 276.06206982965341012 276.23499544040265619 276.38399087708251045 276.52856652057226938 276.64558816310767497 276.76966697901423231
nan nan nan nan nan nan nan nan nan nan nan nan nan nan nan nan nan nan nan nan nan nan nan nan nan nan nan nan nan nan nan nan nan nan nan nan nan nan nan nan nan 274.03716484485033789 274.09266086103849602 274.34886929470491168 274.51726191838764635 274.68297064586482747 274.82242046628499565 274.89039348442355504 274.93643956396624617 275.01120796069227481 275.05266998929857891 275.12524832592379198 275.21704603944391465 275.32683568057217371 275.46768110991371259 275.65547797610287262 275.88616169126595423 276.06287954965443987 276.23732216586819277 276.45723328111046158 276.59590052591340736 276.70370858050335983 276.76038548609091094
nan nan nan nan nan nan nan nan nan nan nan nan nan nan nan nan nan nan nan nan nan nan nan nan nan nan nan nan nan nan nan nan nan nan nan nan nan nan nan nan nan nan 274.0850556080494016 274.30374342137434951 274.43455880048912832 274.57832947395900192 274.72240512186851902 274.75444899152523703 274.77103948802721334 274.81808840350362289 274.81593401441278957 274.9325185967115317 275.03439628668701289 275.14560051582225242 275.28348828372173784 275.48829210473189733 275.74666924922604494 275.99843901899748744 276.21715855661773276 276.44794925531664376 276.64693895533247314 276.67441650382909302 276.69576277989654045
nan nan nan nan nan nan nan nan nan nan nan nan nan nan nan nan nan nan nan nan nan nan nan nan nan nan nan nan nan nan nan nan nan nan nan nan nan nan nan nan nan 273.75604261759309566 273.9935451578314769 274.18098855109371925 274.2871369463227893 274.43614195707550607 274.57677128628193941 274.59302996318820078 274.58028773844148418 274.57835133408889305 274.56647679181571675 274.66298825906187631 274.73500700512352068 274.87171936168891762 275.13028288625321238 275.37959182136978598 275.66666276234673205 275.95675393112327356 276.21271357706064009 276.45333573394589166 276.60041903659907803 276.60514211663530659 276.63369135703771917
nan nan nan nan nan nan nan nan nan nan nan nan nan nan nan nan nan nan nan nan nan nan nan nan nan nan nan nan nan nan nan nan nan nan nan nan nan nan nan nan nan 273.54176713020353873 273.74842521607882873 274.02300861030533952 274.1630631556487856 274.30145168845774606 274.39264881389476614 274.41241622238942455 274.32637741669861953 274.36437922981355086 274.67798547713869084 274.86059081400304649 274.87473457054971959 275.01239848654654452 275.22907285320894744 275.44243542931860702 275.71225028740559537 276.00826283181993404 276.27304041726301875 276.49698762788324302 276.53124627565364335 276.54720281630238787 276.57696293533774679
nan nan nan nan nan nan nan nan nan nan nan nan nan nan nan nan nan nan nan nan nan nan nan nan nan nan nan nan nan nan nan nan nan nan nan nan nan nan nan nan nan 273.36980406385879405 273.52368072183315917 273.70629688078508934 273.97605931202974716 274.18706885046333355 274.24965270406079298 274.22226601366475052 274.30724549848468996 274.60803562613978102 274.9116629266636096 275.03529100718316158 275.08717393354714886 275.1413507920889856 275.31439909681228073 275.56563330755659535 275.82144487597577154 276.08180684114842052 276.34422219031569057 276.46399978207256254 276.47255915036129181 276.4959777556574636 276.518722904648655
nan nan nan nan nan nan nan nan nan nan nan nan nan nan nan nan nan nan nan nan nan nan nan nan nan nan nan nan nan nan nan nan nan nan nan nan nan nan nan nan nan 273.36747237514055087 273.44789031548305047 273.655090516688972 273.88800446288638568 274.03352786896289217 274.18481913529018357 274.3860435535540887 274.58519580735787713 274.83020348378227027 275.0526778919253843 275.20272785399561144 275.33699725443040052 275.38348415468726671 275.48297818632823919 275.62233872250487821 275.8412280706513684 276.10779854119573429 276.37670240479519634 276.40490892704315229 276.41716954506034654 276.43364074728350488 276.45895218823585537
nan nan nan nan nan nan nan nan nan nan nan nan nan nan nan nan nan nan nan nan nan nan nan nan nan nan nan nan nan nan nan nan nan nan nan nan nan nan nan nan 273.46234734995755389 273.51785259571346387 273.59992464921253941 273.83348627536298636 274.03869507500331792 274.24474424851382537 274.40869320978418955 274.50037377121992677 274.66931513799295317 274.88390332035970687 275.11226665355388832 275.32780822141216959 275.45208796559518305 275.53405535908996171 275.62618288668932109 275.7611228371313814 275.94149237640101546 276.17659098493413694 276.34332005482110617 276.33971745042049406 276.35620820424270505 276.3716622070795097 276.39865379493875253
nan nan nan nan nan nan nan nan nan nan nan nan nan nan nan nan nan nan nan nan nan nan nan nan nan nan nan nan nan nan nan nan nan nan nan nan nan nan nan 273.70210989563929616 273.67489628492847942 273.69054197335316303 273.75208050033711515 273.90468021955655331 274.09868823108740798 274.28990848484556864 274.45096396704349218 274.54804049720348758 274.6838492715172606 274.88295970089444609 275.07652450957499468 275.26004357785114962 275.44890744999304388 275.60722231872534849 275.7188824567056713 275.83960747768901456 276.02738797556150985 276.25514807102308623 276.26704969394307909 276.27015931636469759 276.28738138429127957 276.30790599548282671 276.34499741291136843
nan nan nan nan nan nan nan nan nan nan nan nan nan nan nan nan nan nan nan nan nan nan nan nan nan nan nan nan nan nan nan nan nan nan nan nan nan 273.76126536167464565 273.88595352375921266 273.9282622815007926 273.90566866242374999 273.89537030993710687 273.91423132472647239 273.9632425910478446 274.05352075072420348 274.23550822741185584 274.41229960279730449 274.57070271216883839 274.72511124459254006 274.85107819096941739 275.01791547796301529 275.18131197836720503 275.38699065765746354 275.59490769868961024 275.73303877964315234 275.90116584052020698 276.1228175103528315 276.20632265671679306 276.19467942754869227 276.20506699603720335 276.21850313388495124 276.24537030546321148 276.2932385302003695
nan nan nan nan nan nan nan nan nan nan nan nan nan nan nan nan nan nan nan nan nan nan nan nan nan nan nan nan nan nan nan nan nan nan nan nan 273.88125693900877877 273.92968825528123489 274.08660057972923596 274.12165536542073596 274.124539928319507 274.09954010284781134 274.09505590060712166 274.11460620188017856 274.1587448341928166 274.1533498042402357 274.29868134526668655 274.53559790901886117 274.73679595080778881 274.8657754016932131 275.02231686208068595 275.14342032844160713 275.34853993842057207 275.61426460321126797 275.76501290141737854 275.90098858317759323 276.09673804556547339 276.13630532921735039 276.13609477314668084 276.13640843294342631 276.14508472788236304 276.18148708252414281 276.22939717479999899
nan nan nan nan nan nan nan nan nan nan nan nan nan nan nan nan nan nan nan nan nan nan nan nan nan nan nan nan nan nan nan nan nan nan 274.01468778958223993 274.0884692012481878 274.1185372085614631 274.1895873671196 274.27454009930136181 274.28949771072683461 274.30740811898402853 274.28791012279793904 274.27336922259195262 274.26770553738765557 274.30354779137121568 274.36754783984980577 274.28936330971646385 274.3520669168347581 274.59115787989929913 274.77988762925019728 274.93893941226860989 275.11076126919738272 275.3079303754145144 275.42422914218724372 275.64368192486534781 275.84170269715878021 276.07361131783454766 276.066664237498685 276.05590099690220995 276.04606776475117158 276.06312216425266115 276.11065360217287434 276.1408019324623524
nan nan nan nan nan nan nan nan nan nan nan nan nan nan nan nan nan nan nan nan nan nan nan nan nan nan nan nan nan nan nan nan 273.88801973936472223 273.93825365872493194 274.09040308873574077 274.20037325476153001 274.25541084003776859 274.36950660574706262 274.44228519552069656 274.46040455644794065 274.44998193989817992 274.45575265579134339 274.45262254204794772 274.44808742037230331 274.48445419312008653 274.53778740466879071 274.61285485678627083 274.58293528332228561 274.64007878746338065 274.73665650918388792 274.88162555303250656 274.99556212075253825 275.10161057620217662 275.26826345939161911 275.49684850197627384 275.72264966918561413 275.95550418651856717 275.92811705817433676 275.94591640517234055 275.94714935007669965 275.97131439751706239 276.02622516786448159 276.05596883120114171
nan nan nan nan nan nan nan nan nan nan nan nan nan nan nan nan nan nan nan nan nan nan nan nan nan nan 272.56386309171438143 272.86610123201512579 273.17507897477645429 273.45348947686170504 273.63391683366882035 273.82132580269586697 273.91440217407654245 274.02655324590750752 274.15171526144706604 274.28579620508133985 274.36351848371884898 274.52479642768639678 274.61003837695159291 274.62065496279348054 274.59676696230815196 274.5558601081451684 274.55776470741585626 274.5722021862259794 274.65589165964667018 274.72192809274849878 274.81236447872345252 274.90037939814061474 274.88958594606066299 274.87741136709269085 275.02346942716684453 275.10597197607148701 275.20201376110406954 275.34305938146457038 275.49484350046412828 275.70236329993554136 275.80739102985450018 275.8251644251253083 275.85353838018676242 275.8585057164269756 275.881338510135663 275.92994849970153837 275.96553436012783322
nan nan nan nan nan nan nan nan nan nan nan nan nan nan nan nan nan nan nan nan nan nan nan nan nan nan 272.55633679521702106 272.92966439757742592 273.20714146490291796 273.52243754179261259 273.69785784921594995 273.84030104241367098 273.96668578228889146 274.10197779486617264 274.1972259944143957 274.31412014876127614 274.43915072605523164 274.61365458658190164 274.63443413578499985 274.65144751383951416 274.68920860750205293 274.69727712584847268 274.6766365622887065 274.68814786010057105 274.76488677162325303 274.84257598649077181 274.91750910184975965 275.03914340325422927 275.06868594889499491 275.03192407570253408 275.09260893064021047 275.21509019367761084 275.3113617409391054 275.44889562943814099 275.57216527262221462 275.69478728568560655 275.71943354133105686 275.76070490473648533 275.78170839225157351 275.79036888267290806 275.81507108827776165 275.86020945416674977 275.85499756082043632
nan nan nan nan nan nan nan nan nan nan nan nan nan nan nan nan nan nan nan nan nan nan nan nan nan nan 272.52710194944813793 272.79052814948812511 273.098784241856265 273.43088283061302945 273.67751223423010742 273.85439845811009718 273.98707050443124444 274.1331295414998408 274.26220819364164072 274.32306460748878862 274.45154051736579959 274.605723710813038 274.65276212840359449 274.69692966204468121 274.75538541426300299 274.78782067181992943 274.8040722243952132 274.83058730429337402 274.88932826203807736 274.9751091059160899 275.0681846584746495 275.17639629963986181 275.2092733495105108 275.19904746022262998 275.24296157139201568 275.34431940149130469 275.46041569664669169 275.55765558047880859 275.58388302066549613 275.60749345396402532 275.66057391323801085 275.70425168143191286 275.72337798702358214 275.74392850757601536 275.77674031577856795 275.79766811195867149 275.7386428590168066
nan nan nan nan nan nan nan nan nan nan nan nan nan nan nan nan nan nan nan nan nan nan nan nan nan nan 272.56951531591693083 272.66117418651333537 272.94845260936341447 273.35500198726623466 273.59067457001134471 273.7882507725532264 274.01533760608566581 274.19102980870690089 274.30761544436074928 274.36500700263235331 274.44230202628904181 274.55969022938739954 274.713319280547978 274.75912551548600504 274.78528257023339165 274.81076716706041907 274.85965442207424303 274.89232882722654949 274.98681640226271838 275.05762228141622927 275.15863149789259978 275.25428596795211433 275.29343599486998073 275.3199302545365299 275.34728270359528324 275.41068582272413323 275.47511437544790169 275.50950049181346913 275.53181347699273829 275.57293511505071137 275.61721898321047775 275.64828912330455069 275.67772954048695055 275.71107159195946679 275.74439597200347407 275.70301089705628783 275.59827441958253758
nan nan nan nan nan nan nan nan nan nan nan nan nan nan nan nan nan nan nan nan nan nan nan nan nan nan nan 272.77402148816844374 273.1184940865803128 273.49014890732979666 273.68367160220321921 273.78570194889960021 273.84542174857051577 274.09897056162628814 274.29832319886986625 274.43675126010464282 274.48310922133947543 274.55166227699010051 274.71227982958430403 274.80620591930693308 274.79313765964053573 274.81026505991502518 274.85045589101287078 274.90258278016631266 274.98399939560778193 275.07729505232452993 275.14768774646086058 275.22955997643254022 275.27111794586932092 275.29389978039824882 275.32207207928541948 275.36548040827506156 275.42607252667664852 275.46813566035359599 275.50178425296951445 275.53958360005441364 275.57183699798821408 275.60372696473348242 275.63817074696868303 275.68795435728083021 275.64296307021197663 275.51222247142675315 275.37521818277377861
