results/rofental/temp_month_2020-06-01T0000_2020-06-30T2300.asc
ncols        322
nrows        225
xllcorner    622802.488000000012
yllcorner    5178049.378999999724
cellsize     100.000000000000
[rows 140 to 167 of 225, columns 63 to 125 of 322]
nan nan nan nan nan nan nan nan nan nan nan nan nan nan nan nan nan nan nan nan nan nan nan nan nan nan nan nan nan nan nan nan nan nan nan nan nan nan nan nan nan nan nan nan nan nan nan nan nan nan nan 272.96049045916720388 273.08058517193705939 273.36310132386915939 273.6747434160291732 273.91995903032790238 274.15807436707063971 274.38228702592192576 274.49401486357442081 274.58393198643705091 274.74351360905535557 274.94552242073967818 275.13237383809484982
nan nan nan nan nan nan nan nan nan nan nan nan nan nan nan nan nan nan nan nan nan nan nan nan nan nan nan nan nan nan nan nan nan nan nan nan nan nan nan nan nan nan nan nan nan nan nan nan nan nan 272.90025832789592641 273.04410987287036505 273.18421891437668592 273.49261493445595761 273.82725557048411247 274.01132703794701229 274.24579771847595566 274.42700814840367229 274.52909528973032138 274.64498614623045114 274.80021739212651255 275.01868238145124224 275.23876584054153227
nan nan nan nan nan nan nan nan nan nan nan nan nan nan nan nan nan nan nan nan nan nan nan nan nan nan nan nan nan nan nan nan nan nan nan nan nan nan nan nan nan nan nan nan nan nan nan nan nan 272.98145158437284863 273.36903747936787568 273.53530220460203282 273.70476545020403591 273.65149176199554404 273.80810610957354356 274.07086615589020084 274.34566428602227006 274.53994165500608915 274.68166130733425234 274.83015289705593887 274.98951048062258451 275.16945490657178652 275.37812962456013111
nan nan nan nan nan nan nan nan nan nan nan nan nan nan nan nan nan nan nan nan nan nan nan nan nan nan nan nan nan nan nan nan nan nan nan nan nan nan nan nan nan nan nan nan nan nan nan nan 273.23493550050966405 273.46905134369018242 273.83244278486330359 274.07163920959749248 274.1631773445672593 274.1839487365085688 273.95617826587755417 273.99254088750296887 274.37146414500563196 274.66100267526559264 274.84355365582882769 274.98545707214913136 275.16558444456313737 275.3891896477747423 275.59297006335668812
nan nan nan nan nan nan nan nan nan nan nan nan nan nan nan nan nan nan nan nan nan nan nan nan nan nan nan nan nan nan nan nan nan nan nan nan nan nan nan nan nan nan nan nan nan 273.33370463999852973 273.4095615268620918 273.61068513793236434 273.69789178576655786 273.8490295213441641 274.14292229182240135 274.35452738121961147 274.50349773078113458 274.59010784990135789 274.44284729129481093 274.30036312836722345 274.36514043881356884 274.59410430243337942 274.83481402483693046 275.02207439683269286 275.19968073921859286 275.35927009504547414 275.57139716954458208
nan nan nan nan nan nan nan nan nan nan nan nan nan nan nan nan nan nan nan nan nan nan nan nan nan nan nan nan nan nan nan nan nan nan nan nan nan nan nan nan nan nan nan nan 273.77274117867563064 273.72155019709811086 273.71530670764087745 273.97672569126387998 274.13785554186728177 274.13872749238834103 274.25442547792357573 274.46644406001149719 274.69467142189733977 274.8259305873684184 274.89437944660954827 274.84278000970448375 274.71485990334770122 274.70775582205652654 274.77777427081485939 274.89530283203305316 275.06474888638069842 275.28132748859991352 275.54389534064813461
nan nan nan nan nan nan nan nan nan nan nan nan nan nan nan nan nan nan nan nan nan nan nan nan nan nan nan nan nan nan nan nan nan nan nan nan nan nan nan nan nan nan nan nan 274.10067741380805728 274.0904804739701035 274.1954332167136954 274.2399482063844971 274.45158195882737573 274.55186282177413659 274.65960757242430645 274.71653437398458664 274.87238798646524174 274.97898443616969644 275.09674340734829912 275.21885225237826944 275.20813922947758101 275.15261196619428574 275.17002383104187402 275.22222788684666739 275.28053568632765291 275.35487038187216058 275.62315547296577734
nan nan nan nan nan nan nan nan nan nan nan nan nan nan nan nan nan nan nan nan nan nan nan nan nan nan nan nan nan nan nan nan nan nan nan nan nan nan nan nan nan nan nan nan 274.08792843259959682 274.21590097252760643 274.34480875778393738 274.48366673937783844 274.58760431724044793 274.65866272310790919 274.74301595143077748 274.8243513016670363 274.9284787764118505 275.03827146674893811 275.13719962723439494 275.27957451012434831 275.42658697008550917 275.52920255423566687 275.56961819385395529 275.54340206153500503 275.62267469756972105 275.68147492691258549 275.92331116245179601
nan nan nan nan nan nan nan nan nan nan nan nan nan nan nan nan nan nan nan nan nan nan nan nan nan nan nan nan nan nan nan nan nan nan nan nan nan nan nan nan nan nan nan 273.78843017068004428 273.99446491614708066 274.25954782969898815 274.41017711390526301 274.48366214637479743 274.56473339036267589 274.64862766994554022 274.7277387059564262 274.80513904871185105 274.89754605095532725 275.00303179707697154 275.11570595761446612 275.25556125396110474 275.39564843557934637 275.52311917429159394 275.67644118964011568 275.8186383956869463 275.99439053860544391 276.14208960188096853 276.27380259150697839
nan nan nan nan nan nan nan nan nan nan nan nan nan nan nan nan nan nan nan nan nan nan nan nan nan nan nan nan nan nan nan nan nan nan nan nan nan nan nan nan nan nan nan 273.60213210007970019 273.84803000408680873 274.18933854468002664 274.38849319795383508 274.45916211442153099 274.53387953947634514 274.61806559090433666 274.68302473446561862 274.77295380567306893 274.89042275514293578 275.01224505805799936 275.12353983684278091 275.25600466339597006 275.39776968702494742 275.54722543041310701 275.67631221500363381 275.86066670825368874 276.03392422061415346 276.30929594756605638 276.52677063826013182
nan nan nan nan nan nan nan nan nan nan nan nan nan nan nan nan nan nan nan nan nan nan nan nan nan nan nan nan nan nan nan nan nan nan nan nan nan nan nan nan nan nan 273.30011905964158814 273.51297385390142836 273.86665420205878263 274.10224529575526731 274.29094897786558249 274.39019204380258543 274.45830082982911335 274.54179978102354198 274.58069321375154459 274.67717101426285353 274.81164186402907035 274.95034287576589804 275.09347965351702214 275.25596883112302748 275.46401617332395517 275.70572110239322683 275.92484369007138412 276.11318485951875346 276.29528350195118946 276.44186280729246619 276.59651387790694343
nan nan nan nan nan nan nan nan nan nan nan nan nan nan nan nan nan nan nan nan nan nan nan nan nan nan nan nan nan nan nan nan nan nan nan nan nan nan nan nan nan 273.10912164595924878 273.18243270773950826 273.50912704819711507 273.725098909224414 273.93776289819652447 274.11735251704425309 274.20678646638538112 274.26856751282491587 274.36658159872683882 274.42252130564043 274.51764385318460882 274.63689303904737926 274.77867080815809686 274.95940735161883595 275.19910009610242696 275.49255231507441977 275.71747145219251252 275.93900681052076607 276.21732208432752032 276.39242980185036913 276.52781899456329029 276.59781485614735175
nan nan nan nan nan nan nan nan nan nan nan nan nan nan nan nan nan nan nan nan nan nan nan nan nan nan nan nan nan nan nan nan nan nan nan nan nan nan nan nan nan nan 273.17668177991106404 273.45643788521203987 273.62540151996716986 273.8107950704210225 273.99663946578476725 274.04115760050552808 274.06619978080294686 274.12967579415834507 274.13102899577449989 274.28215019856600065 274.41460126183534385 274.55866149837839885 274.73617826481205384 274.99785832672944252 275.32679410495524053 275.64696555176521997 275.92491951804441896 276.21750376216272116 276.46925928131275896 276.50378327882185658 276.52966740719296013
nan nan nan nan nan nan nan nan nan nan nan nan nan nan nan nan nan nan nan nan nan nan nan nan nan nan nan nan nan nan nan nan nan nan nan nan nan nan nan nan nan 272.76139896118814931 273.06516667574334178 273.30586825383772975 273.44407845510352217 273.63645396885556238 273.8183312087199397 273.84331943278675681 273.8317467451192897 273.83382209193285917 273.82334059257914305 273.94958261148991596 274.04482806562424457 274.22157461748014384 274.55189465649897329 274.87028155344881952 275.23599309085687992 275.60510667245097238 275.93064976646087416 276.23624004747205163 276.42308933651020197 276.42947883523027031 276.46500548830226762
nan nan nan nan nan nan nan nan nan nan nan nan nan nan nan nan nan nan nan nan nan nan nan nan nan nan nan nan nan nan nan nan nan nan nan nan nan nan nan nan nan 272.49467041732089001 272.75984649913937119 273.11083968784589615 273.29216535579820402 273.47147540210846728 273.59131093497535403 273.62107309857765358 273.51736678632443045 273.57021797258204288 273.9708623654817643 274.20617368936171943 274.22884421824892343 274.40728306231108036 274.68526989651741133 274.95885832600964704 275.3033904162701333 275.68060204135827007 276.01792198917542009 276.30313488145793599 276.34828013205617481 276.36950839680605441 276.40720653086208358
nan nan nan nan nan nan nan nan nan nan nan nan nan nan nan nan nan nan nan nan nan nan nan nan nan nan nan nan nan nan nan nan nan nan nan nan nan nan nan nan nan 272.28133314921910824 272.48018545658726453 272.71540178844333013 273.06068153511654373 273.33190872950149242 273.41591876146020468 273.38646893580926189 273.49887927562548384 273.88367410577586725 274.27208412939694426 274.43336439621066347 274.50409099347365327 274.57765486618376372 274.8011156602998426 275.12306983537598626 275.45055487626905233 275.78344738212217635 276.11849322064330181 276.27298986284267812 276.28645829897158137 276.31785969965989125 276.34745045133882968
nan nan nan nan nan nan nan nan nan nan nan nan nan nan nan nan nan nan nan nan nan nan nan nan nan nan nan nan nan nan nan nan nan nan nan nan nan nan nan nan nan 272.28196585922154327 272.38834341962325425 272.6547979344588839 272.95378910533753469 273.14258900919253392 273.33875373790073127 273.59801440330790001 273.85474281051466505 274.16941424155209006 274.45572004921950793 274.65068795250999756 274.82577490403679121 274.89008892626367242 275.02124830935127875 275.20261152263969961 275.48415317418994164 275.82559193402579467 276.16959341254727178 276.20934960388814261 276.22833438334021139 276.25183040781251975 276.28551867243965035
nan nan nan nan nan nan nan nan nan nan nan nan nan nan nan nan nan nan nan nan nan nan nan nan nan nan nan nan nan nan nan nan nan nan nan nan nan nan nan nan 272.40011006876648025 272.47512886620444306 272.58374969150713696 272.88361357150114372 273.14777854598486329 273.41308741029132534 273.62535857572606801 273.74652909134726997 273.96529717410305693 274.24177436611341818 274.53574395132972086 274.81363998948967264 274.97646721924337498 275.08597260030330744 275.20833447786890247 275.38470278667352886 275.61830638366080848 275.92078534520624089 276.13668419829116374 276.13719863747598993 276.16247016000960457 276.18566228174512389 276.22245933174889387
nan nan nan nan nan nan nan nan nan nan nan nan nan nan nan nan nan nan nan nan nan nan nan nan nan nan nan nan nan nan nan nan nan nan nan nan nan nan nan 272.70067847216608925 272.6713569945591189 272.69617653268227286 272.77896533818329772 272.97672441461708104 273.22680250555879411 273.47343779932117513 273.68209589749386623 273.81012224758757156 273.98714627453625781 274.24419027062458554 274.49439166522176947 274.73208304940771995 274.97668881010980613 275.18290510206782074 275.33038236650850195 275.48938742312702743 275.7330290522442624 276.02704396270036113 276.04846534503087696 276.05844093608141065 276.08569898225107409 276.11640303799106277 276.16708131143292348
nan nan nan nan nan nan nan nan nan nan nan nan nan nan nan nan nan nan nan nan nan nan nan nan nan nan nan nan nan nan nan nan nan nan nan nan nan 272.76798739505204594 272.93033677595082054 272.98876552752892621 272.96532367844650935 272.95742529767750284 272.98635251123249645 273.05336109890475882 273.1724894993889734 273.40740699959667381 273.63584957137965148 273.84119662845557741 274.04164259853030217 274.20637116425120894 274.4228807241303798 274.63528452451004114 274.90130219586916382 275.17041073568145748 275.35171223811829577 275.5710879948812817 275.85816610457419529 275.97098057645536073 275.96366119093977431 275.98391272625104875 276.00758539711210915 276.04755803214737853 276.1131408096953237
nan nan nan nan nan nan nan nan nan nan nan nan nan nan nan nan nan nan nan nan nan nan nan nan nan nan nan nan nan nan nan nan nan nan nan nan 272.91674627345423687 272.982901297607782 273.18595701454466962 273.23523988154499875 273.24392071391048376 273.21740516248314634 273.21677138766386861 273.2464676989087593 273.30720778572725749 273.30547944197564902 273.494023049738189 273.79824687137397632 274.05755252584549453 274.22593237890049522 274.42935440974900985 274.58837114397755386 274.85376762747671364 275.19603297015669341 275.39361112665625342 275.57293277172533408 275.82801684645198748 275.88625597744027118 275.89440648745824092 275.90314693221301923 275.92214854176933159 275.9755906568248065 276.04272551292763183
nan nan nan nan nan nan nan nan nan nan nan nan nan nan nan nan nan nan nan nan nan nan nan nan nan nan nan nan nan nan nan nan nan nan 273.07714302863928424 273.17532585827126468 273.21834189138184001 273.3130551626800866 273.42528069519141809 273.44913613430639998 273.47666634423353571 273.45693536480695229 273.44340656991835203 273.44103670195050881 273.49101938933750944 273.57654053154658413 273.48268586228635968 273.56671959390854454 273.87350286704901237 274.11697428304069035 274.32331369365618912 274.54616700185113132 274.80148036754656005 274.95527874630136012 275.23982220166845991 275.49790177400348057 275.79929133295513566 275.79973096294281731 275.79568039255553913 275.79293504009626758 275.82400361715201598 275.89312169707733347 275.93956502305474032
nan nan nan nan nan nan nan nan nan nan nan nan nan nan nan nan nan nan nan nan nan nan nan nan nan nan nan nan nan nan nan nan 272.90897785431258171 272.97751243984788516 273.17464746421188693 273.31853192338371628 273.39305411972696902 273.54204103299770168 273.63881082205756456 273.66651154014550684 273.65808889723888342 273.66998845656826234 273.67054533235631197 273.6692299523695624 273.71945300731687212 273.7910475613355743 273.89008285285257216 273.85671757321222231 273.93338532080190362 274.06008170684145853 274.2482189589469499 274.39768599738346211 274.53780027500789629 274.75509184634859139 275.05131124885815552 275.34483172686913122 275.64805694893368582 275.62361651771243487 275.65679449777746868 275.6694563434851375 275.71116785312096908 275.79145019918939852 275.83936026862892277
nan nan nan nan nan nan nan nan nan nan nan nan nan nan nan nan nan nan nan nan nan nan nan nan nan nan 271.20868978653817294 271.59518838031596033 271.99023577928073792 272.3467468909998388 272.57963924177289528 272.82135559844209638 272.94403154930478195 273.09075810484034719 273.25386276740658786 273.42815922690215302 273.53124952827505467 273.73966806992814327 273.85200217071297857 273.87001126171202259 273.84430778376372473 273.79694766513154036 273.80343096003497294 273.82556094663601698 273.93493855181776553 274.02194220860070573 274.13970283742554557 274.25445960896973929 274.24468814968525976 274.23345917838565811 274.42233347097322849 274.53158945133657198 274.65866896995373736 274.84342293513299182 275.04273306086872708 275.31346256812469164 275.45596750969093591 275.48942907658619106 275.53719987072463482 275.55614513596782444 275.59803607505540413 275.67246577099842852 275.73001601746312872
nan nan nan nan nan nan nan nan nan nan nan nan nan nan nan nan nan nan nan nan nan nan nan nan nan nan 271.20025790420498879 271.67660768291199247 272.03203746803700369 272.43521444959401379 272.66189066244754713 272.84694477951774161 273.01170608301237053 273.18765538062336873 273.31299468023689769 273.46554188985049905 273.62821901514723777 273.85315852529021186 273.88391468553902541 273.90969350123964432 273.96140738360185196 273.9753915101085795 273.95288386156505567 273.97069634131702287 274.07059644416420952 274.17152275933187866 274.26887316470714495 274.42516005172524274 274.46537012312529669 274.42220219997011554 274.50247658600608247 274.66140591288723272 274.78814284726718142 274.96803303697697629 275.13118650746645244 275.2949221751707114 275.33649249122510128 275.40049869067695454 275.4402687147021993 275.46557331878398145 275.51188702761862714 275.5843054750664578 275.59296773527523783
nan nan nan nan nan nan nan nan nan nan nan nan nan nan nan nan nan nan nan nan nan nan nan nan nan nan 271.16448949666801127 271.50227920638337764 271.89666216287332645 272.32113935846246022 272.63775145424540369 272.86632110597145129 273.03903770772359394 273.22855906070094534 273.39653172238854495 273.47825786692260408 273.64511939799189122 273.84418892638728948 273.90778251352821826 273.96744955325902993 274.04481443839711119 274.08899135212016063 274.11238568149872208 274.14838007784402407 274.22471860844160574 274.33491218205193718 274.45412920409950175 274.59238315656250506 274.63566292836264893 274.6248323181765727 274.68282697447227747 274.81406781659342187 274.96493376405953768 275.0933014030705408 275.13360539464412113 275.17236027257285969 275.25019046122753252 275.31807582058763728 275.35680926289921899 275.39893792460634359 275.45775929331051657 275.50228900445233648 275.44600116048246718
nan nan nan nan nan nan nan nan nan nan nan nan nan nan nan nan nan nan nan nan nan nan nan nan nan nan 271.21916589967088385 271.34030889527173258 271.70831325136481382 272.22681533551491384 272.52965335119250767 272.78435637625744903 273.07620658910724387 273.30307363217292504 273.45518625204988439 273.53239114839823287 273.63445655880065033 273.78681348363107873 273.98455474875811433 274.04584273883926926 274.08190701948882406 274.11666663778464681 274.18048796060844552 274.22338435044093785 274.34384545872478611 274.4340427419616617 274.56206709171806324 274.68318115904173737 274.73301690804123609 274.76713156915923264 274.80284801474095957 274.88488502101563427 274.96938200429457311 275.0174835527562891 275.05220167876865389 275.11279937643456606 275.17974697799400019 275.2324790628463802 275.2855642656584223 275.34575949599957312 275.40771081754400029 275.37657816075255823 275.26595698630018205
nan nan nan nan nan nan nan nan nan nan nan nan nan nan nan nan nan nan nan nan nan nan nan nan nan nan nan 271.48396444760129498 271.92421678869277457 272.39873964868496614 272.64841817323150508 272.78255104638702733 272.86316367153477813 273.18819950471691982 273.44462763363992508 273.62390670204115395 273.68668017107171408 273.77708423610766886 273.98323197026320486 274.10473565354442371 274.09068990962958878 274.1141783223357038 274.1661781908693456 274.23264558617489683 274.33550357935553166 274.45283952680586026 274.54086062597394857 274.64310082942409963 274.69440151023582075 274.72219959927872424 274.75730724761177726 274.81251905160092974 274.89070702886516528 274.94724445888886066 274.99533214028423345 275.05122531254198748 275.10300478837200444 275.15739817459746064 275.21809943060185333 275.30104411805297104 275.26684688371466336 275.1262373334262179 274.9786597290369059
