results/rofental/temp_month_2020-08-01T0000_2020-08-31T2300.asc
ncols        322
nrows        225
xllcorner    622802.488000000012
yllcorner    5178049.378999999724
cellsize     100.000000000000
[rows 112 to 139 of 225, columns 189 to 251 of 322]
282.83493244738878047 283.11633080892249836 283.3445745859814906 283.55476886685158888 283.36056698217862504 283.07463023763261845 282.83989404403655499 282.56035608011950444 282.12011118751632921 281.68260294136990751 281.3011244152070276 280.91498059021273548 280.87597856774567617 280.89956642730652447 280.95204283602828355 281.05494227243298155 280.99252183741015187 280.54315469398272853 280.20238187273690755 279.99492985977082071 279.86115816331800943 279.89986765029021853 280.08131342773191363 280.09226391828502756 279.81866704294304782 279.55374595327458564 279.6835373168867136 nan nan nan nan nan nan nan nan nan nan nan nan nan nan nan nan nan nan nan nan nan nan nan nan nan nan nan nan nan nan nan nan nan nan nan nan
283.09130832387671717 283.31900536481299469 283.50438848992877183 283.28776624397659134 283.16083824059700191 282.85321545142062405 282.5117559443762616 282.20767477425658853 281.69048187701497454 281.31695897695470876 281.00049789475679063 280.75214967007138966 280.71863720535162656 280.72378591488040911 280.71569587479245911 280.84529453800018928 280.83522625650829241 280.58610523000129433 280.14232809486662745 279.73881694421311295 279.76293052987267629 279.8914312941652156 279.94104633984420616 279.81293110072516583 279.46480150989407321 nan nan nan nan nan nan nan nan nan nan nan nan nan nan nan nan nan nan nan nan nan nan nan nan nan nan nan nan nan nan nan nan nan nan nan nan nan nan
283.33934686794816571 283.51102863906015727 283.26849538480973933 283.07029205307907205 282.8610964454049963 282.56542741443678324 282.21462680381932842 281.82068509116430732 281.43907450041325546 281.07065303674767165 280.73321722976294268 280.5707754367812754 280.5933480025270228 280.6212531043281615 280.59812470150961872 280.67998065344841052 280.67907136518823563 280.60968115478118534 280.13537696324721082 279.64453971758842954 279.71885481261199402 279.8760185438852659 279.84271051101967487 279.56968357459902563 279.16994844350188032 nan nan nan nan nan nan nan nan nan nan nan nan nan nan nan nan nan nan nan nan nan nan nan nan nan nan nan nan nan nan nan nan nan nan nan nan nan nan
283.49497688944819629 283.30567287284731037 283.09961365232157959 282.85774879276124238 282.595083635208141 282.26835490019647068 281.9445275821958603 281.67607196721371565 281.3442092999927695 280.94687664311823028 280.60287538741630442 280.423319457867251 280.44052210567127759 280.39565909507712149 280.46154386188834451 280.53990865640008678 280.51233371829425778 280.5022288971537705 280.1650214867536306 279.63529372977933463 279.52795462987251085 279.65990091960338759 279.63253248242898508 279.40971902470528221 278.96763926420288726 nan nan nan nan nan nan nan nan nan nan nan nan nan nan nan nan nan nan nan nan nan nan nan nan nan nan nan nan nan nan nan nan nan nan nan nan nan nan
283.1687162832578224 283.02849313432653844 282.84664475518161453 282.5221933561597325 282.20675775579366018 281.91341157722405342 281.59292522260352598 281.3063808101432528 281.12977700004574899 280.91297406254881253 280.6567315193781269 280.28546431955993512 280.17589482203845819 280.19323810142918774 280.30984623984892323 280.38299572535174775 280.36905784913034267 280.30920401601554204 280.00376366684679397 279.47659530008223783 279.20543507842523923 279.33004236309352564 279.29032736566665562 279.044520796669417 278.90612499018931203 nan nan nan nan nan nan nan nan nan nan nan nan nan nan nan nan nan nan nan nan nan nan nan nan nan nan nan nan nan nan nan nan nan nan nan nan nan nan
282.87202572478355478 282.71239983939557305 282.5357768318326066 282.06467735613620107 281.77187481161973892 281.5295754848431784 281.20509863862201883 280.97245333349735574 280.7473194195100632 280.5414546668025082 280.3463929234512193 280.18834249593800223 279.9613333428537203 280.0307915910804013 280.07806356886590038 280.12866265557079259 280.15346391465794795 280.09085524920897114 279.83262084684065485 279.35388262267287018 278.85954208807436316 278.82076663594244792 278.81592344289390439 278.66464837841959934 nan nan nan nan nan nan nan nan nan nan nan nan nan nan nan nan nan nan nan nan nan nan nan nan nan nan nan nan nan nan nan nan nan nan nan nan nan nan nan
282.55956806753749788 282.34937674282230091 282.02725448551632326 281.65659529001680994 281.38259488979315392 281.14685383731409729 280.894171327898448 280.65784589932741255 280.40591535912255949 280.2401412697951173 279.99949009924512211 279.9278972680355082 279.89687787684891873 279.88383179154033087 279.8881161332349734 279.93336466811746277 279.9766141113351523 279.88201889719721294 279.55750780291873525 279.17332569591798119 278.68989895939927237 278.36401562007057464 278.34840437513179268 nan nan nan nan nan nan nan nan nan nan nan nan nan nan nan nan nan nan nan nan nan nan nan nan nan nan nan nan nan nan nan nan nan nan nan nan nan nan nan nan
282.25777337702180603 281.913915214993267 281.51617399261022001 281.25216019901182563 281.03749184793315408 280.83646086128692332 280.57422285557436226 280.31668616876135047 280.15454885239972782 279.93969893677262917 279.81851739710174343 279.8237964583938151 279.82963459125880945 279.75869643315877511 279.78146153602114055 279.80543727697204304 279.82811526896153964 279.68447712162708285 279.32417059429070605 278.82026940899493184 278.42361814895855332 278.04450674114036701 nan nan nan nan nan nan nan nan nan nan nan nan nan nan nan nan nan nan nan nan nan nan nan nan nan nan nan nan nan nan nan nan nan nan nan nan nan nan nan nan nan
281.90209444953740103 281.44559345950909801 281.10667189930256882 280.87119869917768256 280.71868657555796744 280.51511461561335636 280.26952348971258289 280.05722167059178673 279.79242655060284051 279.67213830643902384 279.67812192345667199 279.7549873807813583 279.747729218230063 279.6220399972688142 279.63963806073439855 279.61063211140890417 279.63050786165348427 279.34237177998051038 278.91056987292199665 278.66118177808419887 278.19378998113245416 277.73334956709652488 nan nan nan nan nan nan nan nan nan nan nan nan nan nan nan nan nan nan nan nan nan nan nan nan nan nan nan nan nan nan nan nan nan nan nan nan nan nan nan nan nan
281.50009669931995404 281.09443233235293746 280.7674174355090031 280.56823504907350753 280.39311729969102771 280.21016473160437954 279.98370178242737438 279.77122074339473556 279.39461671012224997 279.54408859971891843 279.5864122672298322 279.67420294745784304 279.67733571113052449 279.54761641434794228 279.46456478752367047 279.41391178740286705 279.40778858101612059 279.12403903169081332 278.66029182695717736 278.40148020732084433 277.96850924618252066 277.53375607437595818 nan nan nan nan nan nan nan nan nan nan nan nan nan nan nan nan nan nan nan nan nan nan nan nan nan nan nan nan nan nan nan nan nan nan nan nan nan nan nan nan nan
281.31264143443922876 280.87757778416744259 280.61633929506342611 280.34248013976218772 280.13334810725319812 279.93687754653257116 279.65993942180568865 279.34978487734503005 279.17873267778162472 279.44452209789960762 279.48289282844490344 279.57931629098311532 279.53281993304557318 279.36766758239707542 279.31860719291523765 279.30543037797031047 279.22827121841442022 279.01869255698284178 278.53173444605317854 278.24690077007858235 277.86257376898424809 277.50274692436909163 nan nan nan nan nan nan nan nan nan nan nan nan nan nan nan nan nan nan nan nan nan nan nan nan nan nan nan nan nan nan nan nan nan nan nan nan nan nan nan nan nan
281.12041792672914653 280.76807483923408881 280.52855961770507065 280.15480321048431733 279.91465731697456931 279.68837132265724676 279.31636427752772533 279.0343840094720349 279.15416376438588486 279.31313532580526271 279.33761965839084951 279.35394144430563301 279.24657157831848053 279.16993587483995043 279.16159077998776183 279.17284862870178586 279.05401817904066775 278.94181930046715934 278.75883531260996051 278.42694765817333291 278.07338410812042184 277.67542858319154675 nan nan nan nan nan nan nan nan nan nan nan nan nan nan nan nan nan nan nan nan nan nan nan nan nan nan nan nan nan nan nan nan nan nan nan nan nan nan nan nan nan
280.94433971025574692 280.64241581911909407 280.33902748950868045 279.98423054988421654 279.73451003359133438 279.36436703055687758 278.9220351575779091 278.79948923116359083 279.05721832779374836 279.19352559270356551 279.25259664073729482 279.20212322399657978 279.12002227946948096 279.05285508158277707 279.05535148124727129 279.08679880496885062 278.99204784284120251 278.83634143693984697 278.79008057363444095 278.56998781435817136 278.12811464309669418 277.76055767738250779 nan nan nan nan nan nan nan nan nan nan nan nan nan nan nan nan nan nan nan nan nan nan nan nan nan nan nan nan nan nan nan nan nan nan nan nan nan nan nan nan nan
280.81840344376968233 280.48941965663823339 280.14365086480017908 279.81719654411676856 279.54268638216956333 279.08906319959282882 278.73012264438278862 278.81286356379598601 278.87381797825037211 279.00763384111979803 279.03510733190341853 279.00748504818045603 278.9660448498173082 278.9349307704122225 278.97024619537000945 278.98057440728456413 278.85699935132589644 278.75268165012420241 278.67634409110235083 278.57878548971353894 278.09383508349191061 277.77824924535883611 nan nan nan nan nan nan nan nan nan nan nan nan nan nan nan nan nan nan nan nan nan nan nan nan nan nan nan nan nan nan nan nan nan nan nan nan nan nan nan nan nan
280.73795116276608042 280.36167291140208135 279.95819728559052919 279.65207823601622295 279.3266801304710043 278.92396787740426589 278.56148286828471328 278.63783238666241004 278.72592776223592637 278.79565925164007467 278.83427456048258364 278.85855469645133553 278.84287930295477054 278.84843366070202819 278.87831010635869688 278.82263899003498864 278.53940285678675082 278.54030568002940527 278.47655386091304308 278.43396005914269153 278.17007406944964032 nan nan nan nan nan nan nan nan nan nan nan nan nan nan nan nan nan nan nan nan nan nan nan nan nan nan nan nan nan nan nan nan nan nan nan nan nan nan nan nan nan nan
280.6515672036180149 280.22753783254194104 279.8831873925988134 279.5172119018942567 279.17062026292279597 278.82138140566752327 278.43331793118142059 278.3681520622058656 278.55661362249020385 278.61746350585269738 278.67944924441604826 278.73024826054142977 278.7610719534841337 278.77188003070779132 278.77881683187837325 278.65503668473212429 278.36435554951958693 278.274996983271933 278.30212661428748788 278.25927564345022347 278.01443812959115576 nan nan nan nan nan nan nan nan nan nan nan nan nan nan nan nan nan nan nan nan nan nan nan nan nan nan nan nan nan nan nan nan nan nan nan nan nan nan nan nan nan nan
280.35386444095718161 280.09826210405344682 279.75819161680232128 279.37440843515679489 278.89055750049209337 278.56732678109119661 278.2095304091944854 278.3527613985509106 278.44194740388303444 278.51895807587925447 278.58066578383733258 278.64534509010280772 278.67724077911839231 278.68210862612005485 278.67560847918241507 278.55863023595611594 278.29408135680569103 278.04603967378108109 278.0896467484922141 278.04234908625528533 277.88417671799282971 nan nan nan nan nan nan nan nan nan nan nan nan nan nan nan nan nan nan nan nan nan nan nan nan nan nan nan nan nan nan nan nan nan nan nan nan nan nan nan nan nan nan
280.19282090971483967 279.90405523577925351 279.61729354452563712 279.30006865673851735 278.853152008299503 278.4622878889341564 278.16667236060044388 278.20210324370100352 278.34311974585233429 278.46457969792965059 278.52079580577657225 278.58478157591594027 278.59377814916422267 278.59213624559487243 278.5480667425839556 278.42131332980954994 278.25651028341292204 277.90200130473965601 277.78849007898958234 nan nan nan nan nan nan nan nan nan nan nan nan nan nan nan nan nan nan nan nan nan nan nan nan nan nan nan nan nan nan nan nan nan nan nan nan nan nan nan nan nan nan nan nan
280.0340324481039147 279.80511571957794104 279.53409615453557535 279.16585221910412429 278.8189433910642947 278.50937265117090647 278.22474654443851705 278.06679751933285161 278.22022609803997284 278.35929925798518525 278.40537380916481425 278.45466916562185133 278.48201620810635859 278.44619754768717712 278.3056196925215886 278.25114004195847883 278.13738594232984269 277.79353948578648215 nan nan nan nan nan nan nan nan nan nan nan nan nan nan nan nan nan nan nan nan nan nan nan nan nan nan nan nan nan nan nan nan nan nan nan nan nan nan nan nan nan nan nan nan nan
280.04348055731446721 279.74197622591606205 279.47292997659161529 279.17394454770510492 278.99471056792668833 278.74360610035404306 278.35245555844647924 277.96414600800079597 278.05087703677770605 278.15620670806282533 278.23579531067014159 278.27001595420614422 278.18043258312570742 277.98973567969085252 277.99685851981581663 278.08671017590745578 277.96688456879559226 nan nan nan nan nan nan nan nan nan nan nan nan nan nan nan nan nan nan nan nan nan nan nan nan nan nan nan nan nan nan nan nan nan nan nan nan nan nan nan nan nan nan nan nan nan nan
279.81734883714699436 279.59070241490485387 279.40367619310563896 279.1767206576999456 279.02077036460968884 278.73537099369121961 278.33602979532258814 277.95838487527208827 277.87163434939679973 277.93141253134933777 277.97903448305692109 277.97608486084095603 nan nan nan 277.95194887003094664 nan nan nan nan nan nan nan nan nan nan nan nan nan nan nan nan nan nan nan nan nan nan nan nan nan nan nan nan nan nan nan nan nan nan nan nan nan nan nan nan nan nan nan nan nan nan nan
279.64906357617417143 279.51082403087190187 279.36112632193561467 279.18293336233841728 278.9249353786891561 278.58841740877124948 278.24260933975097032 277.85207616643373285 277.62775260736987093 nan nan nan nan nan nan nan nan nan nan nan nan nan nan nan nan nan nan nan nan nan nan nan nan nan nan nan nan nan nan nan nan nan nan nan nan nan nan nan nan nan nan nan nan nan nan nan nan nan nan nan nan nan nan
279.67858934053600706 279.46394858613615497 279.29410147331918779 279.12373846198556748 278.78930984335772791 278.42650831630271568 278.09205311220728163 277.73032473141995524 nan nan nan nan nan nan nan nan nan nan nan nan nan nan nan nan nan nan nan nan nan nan nan nan nan nan nan nan nan nan nan nan nan nan nan nan nan nan nan nan nan nan nan nan nan nan nan nan nan nan nan nan nan nan nan
279.60632167573817242 279.4349828167095211 279.22656862141514011 279.00866623354340845 278.63372055231457125 278.27926727177793964 277.95467725918990709 277.70507874053907926 nan nan nan nan nan nan nan nan nan nan nan nan nan nan nan nan nan nan nan nan nan nan nan nan nan nan nan nan nan nan nan nan nan nan nan nan nan nan nan nan nan nan nan nan nan nan nan nan nan nan nan nan nan nan nan
279.52615468911034213 279.40635246581064166 279.24523137488125712 279.0468296154122072 278.80964403690222753 278.4587264483024569 278.11454845148750792 277.72253010298220488 nan nan nan nan nan nan nan nan nan nan nan nan nan nan nan nan nan nan nan nan nan nan nan nan nan nan nan nan nan nan nan nan nan nan nan nan nan nan nan nan nan nan nan nan nan nan nan nan nan nan nan nan nan nan nan
279.45506019110905527 279.34239680720776278 279.22503453018822484 279.10280029438433758 278.91746598003908275 278.58435101931780764 278.13505811342906782 277.70238901514579766 277.34766306667120261 nan nan nan nan nan nan nan nan nan nan nan nan nan nan nan nan nan nan nan nan nan nan nan nan nan nan nan nan nan nan nan nan nan nan nan nan nan nan nan nan nan nan nan nan nan nan nan nan nan nan nan nan nan nan
279.36294089052569234 279.26276231998264166 279.10961633228885148 279.00251144630408362 278.91368516858210569 278.68191405235563707 278.25830960038700823 277.85633448218754893 277.42448274289154142 nan nan nan nan nan nan nan nan nan nan nan nan nan nan nan nan nan nan nan nan nan nan nan nan nan nan nan nan nan nan nan nan nan nan nan nan nan nan nan nan nan nan nan nan nan nan nan nan nan nan nan nan nan nan
279.26972774404140409 279.15703905941205676 279.01593259841206418 278.9198033853036236 278.84331135188949702 278.67764472837393441 278.23084406110649525 277.807755500746282 277.36558591765117399 nan nan nan nan nan nan nan nan nan nan nan nan nan nan nan nan nan nan nan nan nan nan nan nan nan nan nan nan nan nan nan nan nan nan nan nan nan nan nan nan nan nan nan nan nan nan nan nan nan nan nan nan nan nan
