results/rofental/temp_month_2020-08-01T0000_2020-08-31T2300.asc
ncols        322
nrows        225
xllcorner    622802.488000000012
yllcorner    5178049.378999999724
cellsize     100.000000000000
[rows 168 to 195 of 225, columns 63 to 125 of 322]
nan nan nan nan nan nan nan nan nan nan nan nan nan nan nan nan nan nan nan nan nan nan nan nan nan nan nan nan 275.71883790567056849 276.12600668345038457 276.39498979386502242 276.48012523148435093 276.55961397818498426 276.67096448262435615 276.87063403102933989 277.24794372339590609 277.3468358787643524 277.3805999150046091 277.47833544394200089 277.60027595690900171 277.64396263427380518 277.68766918702920066 277.7129262209006697 277.7761879022069138 277.90559992014863155 277.99114967179747282 278.04497892371279022 278.11262698739818688 278.18430678993189531 278.23123662712742998 278.27225885554571505 278.31018368596795654 278.34877411697902971 278.38495832687704024 278.4258365165224518 278.47432214830143948 278.50794467999747894 278.54319712960091238 278.5711884224377286 278.53470937114150274 278.43469273890764271 278.20153740336201054 277.94739246093354268
nan nan nan nan nan nan nan nan nan nan nan nan nan nan nan nan nan nan nan nan nan nan nan nan nan nan nan nan 275.63728306858030237 276.10170844185967098 276.49758101440340852 276.56918648218857015 276.61050664903137886 276.68272995729421382 276.82876330610122295 277.06918927833788757 277.35772829817398133 277.41899992831338295 277.48890209609857038 277.54875264337198359 277.58820631666247891 277.69374026767110308 277.75553509310259415 277.78853518265236744 277.89897886216368761 277.99144707865661985 278.04740345752350095 278.1150878594261826 278.18131171556535719 278.22200676129972408 278.24980957226472356 278.28050776225592244 278.31241449424203438 278.34985367104644638 278.39237172832980605 278.43651666358806551 278.44875535052091209 278.4375376996988507 278.370121405775933 278.28307841579106707 278.16556808813317048 277.87778644038439779 277.63863468869590179
nan nan nan nan nan nan nan nan nan nan nan nan nan nan nan nan nan nan nan nan nan nan nan nan nan nan nan 275.89024202671242847 275.94296557845274265 276.33929272165653401 276.59982888231365905 276.67491814049822096 276.67953354389652532 276.71329643492418882 276.83163246693692372 277.01408765443517268 277.22605116156449867 277.40243807109084173 277.51742704573780429 277.5038449081056342 277.53245217304424841 277.68465412013659943 277.7977312067235971 277.81661465445023396 277.86916146447697429 277.9345669376464798 278.01454253332246935 278.09153833181517257 278.151149466929553 278.19371769396286709 278.2213218987694745 278.26075962864820212 278.29097597097234029 278.33155806165331114 278.36458050971856437 278.34044406019597773 278.28855699128075685 278.20058910011272246 278.1140660741349393 278.01309252462471022 277.8284550117612639 277.51741692651353333 277.23112726490461455
nan nan nan nan nan nan nan nan nan nan nan nan nan nan nan nan nan nan nan nan nan nan nan nan nan nan nan 276.04197812464519757 276.28279976242680505 276.48084900245049766 276.61753972320627781 276.72851449937968482 276.73728425882836746 276.76212905823649635 276.82856362471818557 276.92463553955576572 277.07013062483503063 277.29414778386643547 277.45135795811751223 277.44634596489174783 277.48256405394687363 277.67577892346855606 277.80894991609562794 277.80993844584048702 277.82145305661720158 277.86262192291758311 277.94337711941915359 278.02132765286927452 278.07284919611839769 278.12115857376113581 278.15328846008003438 278.2245121974929134 278.24628841682510938 278.22521630166573914 278.19387474915890834 278.13792564278151076 278.03222744034923153 277.94479518486105007 277.83202183310100963 277.69339861990079044 277.43483957380493621 277.20240261719504815 nan
nan nan nan nan nan nan nan nan nan nan nan nan nan nan nan nan nan nan nan nan nan nan nan nan nan nan nan nan 276.18141263541485841 276.50756049010925608 276.6208639278408441 276.69005926150697405 276.73953510516690812 276.8026891056392742 276.86318801440677362 276.90044131009022976 277.01962430926511161 277.15030181055215053 277.27815970813060176 277.36889106841999819 277.41457349139670896 277.58262352515981775 277.73408677696346558 277.76340991381294998 277.76914311782553568 277.80165821450077601 277.90945752264292423 277.97367820170791219 278.00757718902559645 278.02618491731476524 278.02468062618930844 278.02076361415987549 277.96955290555536067 277.93754914397771927 277.88575418250309212 277.8202561023455246 277.69667620694559673 277.62593058076026864 277.52200609535907461 277.39355677137990597 277.04379197148136882 276.98893555311974524 nan
nan nan nan nan nan nan nan nan nan nan nan nan nan nan nan nan nan nan nan nan nan nan nan nan nan nan nan nan nan 276.25786188244200048 276.56921822322027538 276.63223113495945427 276.6948488897779157 276.78811901583719646 276.88083249419184995 276.94157703814147453 277.02990717038312596 277.11552010690678571 277.23928082152150409 277.35017188651147535 277.38642397850088628 277.53054502046092011 277.67854256515295219 277.71936803503206193 277.71614254101734787 277.75130247664151284 277.86737409128500076 277.87298523581523568 277.86138682366765806 277.84323044908364864 277.76177145494608567 277.72635438882662129 277.74192428297317292 277.68150357533414763 277.57867533217182654 277.48298506966204968 277.37673325917836564 277.31069699523948202 277.15312236040080052 276.9348039196628406 276.88481176151253749 nan nan
nan nan nan nan nan nan nan nan nan nan nan nan nan nan nan nan nan nan nan nan nan nan nan nan nan nan nan nan nan nan 276.20067579707028926 276.38717575792117032 276.55084960894197366 276.68730544376586522 276.78883988136396965 276.94896804270433677 277.03033314203167947 277.10777981920779212 277.2185101488915393 277.26872336195748403 277.28664287381690201 277.37814876200548042 277.48643512799804967 277.5328077751840965 277.54047272175938588 277.5776129982848488 277.6213407169412335 277.62300286936402927 277.62140812228017239 277.61081673070106035 277.55984647835225587 277.55430070388410968 277.49734360998252214 277.36240517603374656 277.27297217836257914 277.14753191133826249 277.02993371094311215 276.88882768244445742 nan nan nan nan nan
nan nan nan nan nan nan nan nan nan nan nan nan nan nan nan nan nan nan nan nan nan nan nan nan nan nan nan nan nan nan nan nan nan nan nan 276.9123248073982495 276.97764559259030648 277.05436265203786661 277.09894346831578105 277.0864665557966191 277.07865137780987652 277.12641270953366757 277.08492887762633927 277.16024243449550113 277.27008697531914549 277.36237873485811178 277.42137579633157429 277.48419616243523933 277.46567960889535698 277.45563587912960202 277.41623095670371413 277.32610831725889966 277.14021632675246565 nan nan nan nan nan nan nan nan nan nan
nan nan nan nan nan nan nan nan nan nan nan nan nan nan nan nan nan nan nan nan nan nan nan nan nan nan nan nan nan nan nan nan nan nan nan nan nan nan nan nan nan nan nan nan nan nan 277.38379763078063434 277.39099143655147373 277.33890436932045986 277.31120108938199564 277.21277157969780092 277.02193868523983156 276.89144277344900047 nan nan nan nan nan nan nan nan nan nan
nan nan nan nan nan nan nan nan nan nan nan nan nan nan nan nan nan nan nan nan nan nan nan nan nan nan nan nan nan nan nan nan nan nan nan nan nan nan nan nan nan nan nan nan nan nan nan 277.31886104769637313 277.15946292938969009 277.17520211687008214 277.02543703854439627 nan nan nan nan nan nan nan nan nan nan nan nan
nan nan nan nan nan nan nan nan nan nan nan nan nan nan nan nan nan nan nan nan nan nan nan nan nan nan nan nan nan nan nan nan nan nan nan nan nan nan nan nan nan nan nan nan nan nan nan nan nan nan nan nan nan nan nan nan nan nan nan nan nan nan nan
nan nan nan nan nan nan nan nan nan nan nan nan nan nan nan nan nan nan nan nan nan nan nan nan nan nan nan nan nan nan nan nan nan nan nan nan nan nan nan nan nan nan nan nan nan nan nan nan nan nan nan nan nan nan nan nan nan nan nan nan nan nan nan
nan nan nan nan nan nan nan nan nan nan nan nan nan nan nan nan nan nan nan nan nan nan nan nan nan nan nan nan nan nan nan nan nan nan nan nan nan nan nan nan nan nan nan nan nan nan nan nan nan nan nan nan nan nan nan nan nan nan nan nan nan nan nan
nan nan nan nan nan nan nan nan nan nan nan nan nan nan nan nan nan nan nan nan nan nan nan nan nan nan nan nan nan nan nan nan nan nan nan nan nan nan nan nan nan nan nan nan nan nan nan nan nan nan nan nan nan nan nan nan nan nan nan nan nan nan nan
nan nan nan nan nan nan nan nan nan nan nan nan nan nan nan nan nan nan nan nan nan nan nan nan nan nan nan nan nan nan nan nan nan nan nan nan nan nan nan nan nan nan nan nan nan nan nan nan nan nan nan nan nan nan nan nan nan nan nan nan nan nan nan
nan nan nan nan nan nan nan nan nan nan nan nan nan nan nan nan nan nan nan nan nan nan nan nan nan nan nan nan nan nan nan nan nan nan nan nan nan nan nan nan nan nan nan nan nan nan nan nan nan nan nan nan nan nan nan nan nan nan nan nan nan nan nan
nan nan nan nan nan nan nan nan nan nan nan nan nan nan nan nan nan nan nan nan nan nan nan nan nan nan nan nan nan nan nan nan nan nan nan nan nan nan nan nan nan nan nan nan nan nan nan nan nan nan nan nan nan nan nan nan nan nan nan nan nan nan nan
nan nan nan nan nan nan nan nan nan nan nan nan nan nan nan nan nan nan nan nan nan nan nan nan nan nan nan nan nan nan nan nan nan nan nan nan nan nan nan nan nan nan nan nan nan nan nan nan nan nan nan nan nan nan nan nan nan nan nan nan nan nan nan
nan nan nan nan nan nan nan nan nan nan nan nan nan nan nan nan nan nan nan nan nan nan nan nan nan nan nan nan nan nan nan nan nan nan nan nan nan nan nan nan nan nan nan nan nan nan nan nan nan nan nan nan nan nan nan nan nan nan nan nan nan nan nan
nan nan nan nan nan nan nan nan nan nan nan nan nan nan nan nan nan nan nan nan nan nan nan nan nan nan nan nan nan nan nan nan nan nan nan nan nan nan nan nan nan nan nan nan nan nan nan nan nan nan nan nan nan nan nan nan nan nan nan nan nan nan nan
nan nan nan nan nan nan nan nan nan nan nan nan nan nan nan nan nan nan nan nan nan nan nan nan nan nan nan nan nan nan nan nan nan nan nan nan nan nan nan nan nan nan nan nan nan nan nan nan nan nan nan nan nan nan nan nan nan nan nan nan nan nan nan
nan nan nan nan nan nan nan nan nan nan nan nan nan nan nan nan nan nan nan nan nan nan nan nan nan nan nan nan nan nan nan nan nan nan nan nan nan nan nan nan nan nan nan nan nan nan nan nan nan nan nan nan nan nan nan nan nan nan nan nan nan nan nan
nan nan nan nan nan nan nan nan nan nan nan nan nan nan nan nan nan nan nan nan nan nan nan nan nan nan nan nan nan nan nan nan nan nan nan nan nan nan nan nan nan nan nan nan nan nan nan nan nan nan nan nan nan nan nan nan nan nan nan nan nan nan nan
nan nan nan nan nan nan nan nan nan nan nan nan nan nan nan nan nan nan nan nan nan nan nan nan nan nan nan nan nan nan nan nan nan nan nan nan nan nan nan nan nan nan nan nan nan nan nan nan nan nan nan nan nan nan nan nan nan nan nan nan nan nan nan
nan nan nan nan nan nan nan nan nan nan nan nan nan nan nan nan nan nan nan nan nan nan nan nan nan nan nan nan nan nan nan nan nan nan nan nan nan nan nan nan nan nan nan nan nan nan nan nan nan nan nan nan nan nan nan nan nan nan nan nan nan nan nan
nan nan nan nan nan nan nan nan nan nan nan nan nan nan nan nan nan nan nan nan nan nan nan nan nan nan nan nan nan nan nan nan nan nan nan nan nan nan nan nan nan nan nan nan nan nan nan nan nan nan nan nan nan nan nan nan nan nan nan nan nan nan nan
nan nan nan nan nan nan nan nan nan nan nan nan nan nan nan nan nan nan nan nan nan nan nan nan nan nan nan nan nan nan nan nan nan nan nan nan nan nan nan nan nan nan nan nan nan nan nan nan nan nan nan nan nan nan nan nan nan nan nan nan nan nan nan
nan nan nan nan nan nan nan nan nan nan nan nan nan nan nan nan nan nan nan nan nan nan nan nan nan nan nan nan nan nan nan nan nan nan nan nan nan nan nan nan nan nan nan nan nan nan nan nan nan nan nan nan nan nan nan nan nan nan nan nan nan nan nan
