results/rofental/temp_month_2019-12-01T0000_2019-12-31T2300.asc
ncols        322
nrows        225
xllcorner    622802.488000000012
yllcorner    5178049.378999999724
cellsize     100.000000000000
[rows 140 to 167 of 225, columns 63 to 125 of 322]
nan nan nan nan nan nan nan nan nan nan nan nan nan nan nan nan nan nan nan nan nan nan nan nan nan nan nan nan nan nan nan nan nan nan nan nan nan nan nan nan nan nan nan nan nan nan nan nan nan nan nan 264.75178037167989942 264.8338661176808273 265.01110348370565362 265.20553460407546709 265.36127546599510652 265.5130288778270824 265.65681589867108414 265.73497221844985461 265.8005276548253164 265.90697770230042352 266.03837943108209174 266.16103699068861488
nan nan nan nan nan nan nan nan nan nan nan nan nan nan nan nan nan nan nan nan nan nan nan nan nan nan nan nan nan nan nan nan nan nan nan nan nan nan nan nan nan nan nan nan nan nan nan nan nan nan 264.69960893182803829 264.79506657517572421 264.88852182011191871 265.08060480248911972 265.28824089568746558 265.40801475253425679 265.55747495155492288 265.67598831403716986 265.74842190048332213 265.82912036463761751 265.9330080346117029 266.07404481944945474 266.21617309416882335
nan nan nan nan nan nan nan nan nan nan nan nan nan nan nan nan nan nan nan nan nan nan nan nan nan nan nan nan nan nan nan nan nan nan nan nan nan nan nan nan nan nan nan nan nan nan nan nan nan 264.73034763270703706 264.9677782890224762 265.07597934840578091 265.18628517127530131 265.16655398701055901 265.26983692918253155 265.43545766579489964 265.60837177924378238 265.73443703435611951 265.8300013037388112 265.92975510117196336 266.03607750587093506 266.15463504323628285 266.29016810955442907
nan nan nan nan nan nan nan nan nan nan nan nan nan nan nan nan nan nan nan nan nan nan nan nan nan nan nan nan nan nan nan nan nan nan nan nan nan nan nan nan nan nan nan nan nan nan nan nan 264.86208525913525591 265.00909460891892877 265.23197444075003659 265.38248297882267934 265.44690875787205186 265.47023558426951695 265.34848797939241649 265.38153490878687535 265.61524754141174753 265.79697279457718651 265.91640450810831453 266.01233074147722846 266.13086497956550147 266.27505713868845305 266.40785408918247867
nan nan nan nan nan nan nan nan nan nan nan nan nan nan nan nan nan nan nan nan nan nan nan nan nan nan nan nan nan nan nan nan nan nan nan nan nan nan nan nan nan nan nan nan nan 264.88568095246955636 264.93888502828338005 265.06560541401620412 265.12596269988057429 265.22400099279070673 265.40584322969118602 265.53987692100469076 265.63761071017836457 265.69921535250756506 265.62437975569764603 265.55269199420786208 265.60258416034224638 265.74885405540453576 265.90232583935107868 266.02484905558128503 266.14201752120430911 266.24891266294986281 266.38677084496197267
nan nan nan nan nan nan nan nan nan nan nan nan nan nan nan nan nan nan nan nan nan nan nan nan nan nan nan nan nan nan nan nan nan nan nan nan nan nan nan nan nan nan nan nan 265.12818620967982497 265.10624594249696884 265.11086179765243287 265.27232495068449225 265.37544209767298753 265.38515983011296839 265.46239718661985307 265.59634859702475751 265.74017133990463435 265.82767881230660123 265.87885695382414042 265.86022880568810933 265.79736747376483663 265.80557035578408431 265.85926625028986336 265.94111440780426392 266.05366692979544041 266.1940939894510052 266.36169082419445431
nan nan nan nan nan nan nan nan nan nan nan nan nan nan nan nan nan nan nan nan nan nan nan nan nan nan nan nan nan nan nan nan nan nan nan nan nan nan nan nan nan nan nan nan 265.31331744428581487 265.31474692312337993 265.38383425268796145 265.4179052024622365 265.55008624978205489 265.61752382934241723 265.68973848330892906 265.73266180121834168 265.83389754693064333 265.90678479640814658 265.98667096268013665 266.06957323540399329 266.07525497947904114 266.05518193531372617 266.07821187245292549 266.12200920396003312 266.16976446132940737 266.2272464196652777 266.39848272032986642
nan nan nan nan nan nan nan nan nan nan nan nan nan nan nan nan nan nan nan nan nan nan nan nan nan nan nan nan nan nan nan nan nan nan nan nan nan nan nan nan nan nan nan nan 265.29814849456386128 265.3797801995066834 265.46230591923045949 265.55103088998492922 265.61974172125849236 265.66966243780916557 265.7278280510253694 265.78472130830112974 265.85545843392191045 265.93003645898073728 265.99879582622503449 266.09350580992094137 266.19146212062656787 266.26397243269605042 266.30060453542085952 266.29873991053125337 266.35901954302232753 266.40772815769184945 266.56385305170675792
nan nan nan nan nan nan nan nan nan nan nan nan nan nan nan nan nan nan nan nan nan nan nan nan nan nan nan nan nan nan nan nan nan nan nan nan nan nan nan nan nan nan nan 265.10839193786659962 265.23470608138330817 265.39590923439283188 265.4905565127573368 265.54050783283463488 265.59535915647916227 265.65235927135876182 265.70709112894786585 265.76137985064303848 265.82502652974460489 265.89692064697749174 265.97362732594444878 266.06684343024807049 266.16080128724240694 266.24797271400666432 266.3508362607154254 266.44773477848923449 266.56476421843154867 266.66584487703585182 266.75798331746034364
nan nan nan nan nan nan nan nan nan nan nan nan nan nan nan nan nan nan nan nan nan nan nan nan nan nan nan nan nan nan nan nan nan nan nan nan nan nan nan nan nan nan nan 264.99023549729440674 265.13918663325785019 265.34433223334195873 265.46676257426116763 265.51451550029815962 265.56515338841120411 265.62188677674771498 265.66796850825915044 265.7292821287654192 265.80735775963421474 265.88865370022006118 265.96447858960686972 266.05337658672573298 266.14839994929502609 266.24859286665491709 266.33751914856111398 266.45938585709683366 266.57533376769487177 266.75153038851249221 266.89432651279923903
nan nan nan nan nan nan nan nan nan nan nan nan nan nan nan nan nan nan nan nan nan nan nan nan nan nan nan nan nan nan nan nan nan nan nan nan nan nan nan nan nan nan 264.79925325838058825 264.92779732442454588 265.13908801076360078 265.28173290671452378 265.39742801383710002 265.46132190429341335 265.50757890581530773 265.56345810127083951 265.59391073530946414 265.65874631440618714 265.74653747372610724 265.83756018237477292 265.93194999407626256 266.03843730036612669 266.17234514125328815 266.32669710291582987 266.46857150659121771 266.59313535529440742 266.71469415883223064 266.81606706423787045 266.92268592067097188
nan nan nan nan nan nan nan nan nan nan nan nan nan nan nan nan nan nan nan nan nan nan nan nan nan nan nan nan nan nan nan nan nan nan nan nan nan nan nan nan nan 264.67396621921557198 264.71977243088491605 264.91413819150926656 265.04414871425234423 265.1726867693490135 265.28239873467003918 265.33995483537432847 265.3819697844656389 265.44586494473162475 265.48588803763379929 265.54961149613967564 265.62826634148717631 265.72094667557723824 265.83728138804667651 265.98897468341613148 266.17298252948188519 266.31775834676898285 266.46137872281138925 266.63899180933327671 266.75696649290506457 266.85237382801790318 266.91012334091306002
nan nan nan nan nan nan nan nan nan nan nan nan nan nan nan nan nan nan nan nan nan nan nan nan nan nan nan nan nan nan nan nan nan nan nan nan nan nan nan nan nan nan 264.70466248241939411 264.87077311576769034 264.97251652009038025 265.08436893003135992 265.19704928880634043 265.22769730642295372 265.24764910967007836 265.2908392360437233 265.29851008981876248 265.39465026070689646 265.48078378744133943 265.57465585706125921 265.68906828147868282 265.85369002213559497 266.05862808652494778 266.25939969279039587 266.43640496542144547 266.62284720844996855 266.78622743675202855 266.82329391376850936 266.85597008636176497
nan nan nan nan nan nan nan nan nan nan nan nan nan nan nan nan nan nan nan nan nan nan nan nan nan nan nan nan nan nan nan nan nan nan nan nan nan nan nan nan nan 264.44766865047705551 264.62658340333490514 264.76900579877349173 264.85194369076253906 264.96709819727726654 265.076721615901306 265.09526480305277119 265.09318353816490799 265.09991816920791052 265.10020974100132207 265.18143497910966744 265.24554636618904624 265.3583862420844639 265.56213885166494038 265.76001225463630817 265.98666427481049368 266.21638491367713186 266.42166299657742456 266.61625914976497143 266.74232242111992264 266.7636699822073183 266.8028014198711162
nan nan nan nan nan nan nan nan nan nan nan nan nan nan nan nan nan nan nan nan nan nan nan nan nan nan nan nan nan nan nan nan nan nan nan nan nan nan nan nan nan 264.27861010097836925 264.43403883363691875 264.64007441672669074 264.74735891067001603 264.85403404850501374 264.92657646835368723 264.9471753228535249 264.89053522771718008 264.92637858039000776 265.16664028443875623 265.31126282327846866 265.33263878002355796 265.44630338486143728 265.61940870882716581 265.79117437675927249 266.00566792792420756 266.24048797823434143 266.4531463659082533 266.63643750876877903 266.68034290277324772 266.71119459025095466 266.75250581815492978
nan nan nan nan nan nan nan nan nan nan nan nan nan nan nan nan nan nan nan nan nan nan nan nan nan nan nan nan nan nan nan nan nan nan nan nan nan nan nan nan nan 264.13973483749526849 264.2554008088561659 264.39276104735733952 264.59500843477150056 264.75454404017949628 264.80527333593533967 264.79043635925285116 264.85947102403304143 265.08881990505909698 265.32137206066187218 265.42224972358366131 265.47141256293076594 265.52354702719901525 265.66471357740101666 265.86487052953583543 266.06964597429839614 266.27894648780619491 266.49082325639585633 266.59834335238571157 266.62453148389352009 266.66225407180672846 266.69983613913279896
nan nan nan nan nan nan nan nan nan nan nan nan nan nan nan nan nan nan nan nan nan nan nan nan nan nan nan nan nan nan nan nan nan nan nan nan nan nan nan nan nan 264.12498784476684932 264.18553228158498314 264.34013942564808985 264.51430578534092319 264.62465179200904686 264.74004539823715731 264.89319692509099013 265.04583483562242918 265.23344536771298863 265.40565593439185932 265.52573584257629591 265.63557125514961399 265.68207396193122349 265.76918945729448751 265.88721653552636326 266.06539217480161597 266.28013412186970754 266.49785675516068295 266.53902738739992628 266.56934581873093748 266.60347081252666612 266.64457690992975358
nan nan nan nan nan nan nan nan nan nan nan nan nan nan nan nan nan nan nan nan nan nan nan nan nan nan nan nan nan nan nan nan nan nan nan nan nan nan nan nan 264.18109881662388716 264.2218606179960716 264.28261516253661512 264.45566376097877992 264.60837275647349998 264.76240665610276892 264.88619694893014866 264.95760881508738294 265.08714468870522296 265.25160566129341078 265.42759744571196734 265.59560822662757573 265.69784394768151969 265.770512427380595 265.85239137896559214 265.96759264773402265 266.11801733777804202 266.31045300477723003 266.45391731163647364 266.47298179350696046 266.50798394852427009 266.54307564829548483 266.58725621076700918
nan nan nan nan nan nan nan nan nan nan nan nan nan nan nan nan nan nan nan nan nan nan nan nan nan nan nan nan nan nan nan nan nan nan nan nan nan nan nan 264.3455200864648873 264.32385793130316642 264.33409461606174773 264.37856247891778594 264.49070687104864419 264.63399958642611409 264.77595313258848364 264.89650585714207409 264.97085451781879328 265.07497108612614056 265.22715362975708331 265.37674648878595463 265.52057838482079433 265.67014168480852732 265.79905016947884633 265.89548873045754362 266.00061364793032226 266.15720770906813186 266.3452114843866525 266.37565931229488569 266.40119537574167907 266.43848049303710468 266.47924380326975324 266.53294628021836843
nan nan nan nan nan nan nan nan nan nan nan nan nan nan nan nan nan nan nan nan nan nan nan nan nan nan nan nan nan nan nan nan nan nan nan nan nan 264.38108622666027259 264.4701716853357425 264.4985148394706016 264.47908652301117627 264.46895134503375857 264.48065747694613492 264.51505351471536187 264.58047866753099697 264.71431500669831394 264.84520357854592021 264.9635874846399588 265.08028125271300723 265.17743702815840834 265.30640951095847413 265.43468053446031263 265.59616827075927858 265.76145919291531072 265.87749665815130129 266.01798429583777761 266.20028481297578082 266.28285671230207754 266.29729593579378388 266.32987954197704994 266.36631665403740499 266.41393071455479458 266.47792213200040123
nan nan nan nan nan nan nan nan nan nan nan nan nan nan nan nan nan nan nan nan nan nan nan nan nan nan nan nan nan nan nan nan nan nan nan nan 264.46129553889284125 264.49300673465171485 264.60472293788978959 264.62649094787036574 264.62458174806039324 264.60224832228868763 264.59532224649672116 264.60652812792176292 264.63642268712027317 264.63046575601799759 264.73665782764862797 264.91155489726020278 265.06141842983925017 265.1595420596669328 265.27981117605685313 265.37595826261474485 265.53636809932902452 265.74394852113323395 265.8692487392233943 265.98631745336047061 266.15019670557865084 266.20143045819702365 266.22578959002299825 266.25278547855714351 266.28788303713690766 266.34497809465369755 266.41164337602862133
nan nan nan nan nan nan nan nan nan nan nan nan nan nan nan nan nan nan nan nan nan nan nan nan nan nan nan nan nan nan nan nan nan nan 264.55773863776062171 264.60740922188364266 264.62459592685559073 264.67184372305194984 264.72920883498591138 264.73482437286958202 264.74260677910206141 264.72285824909710072 264.70696214569113636 264.69794858529814974 264.72006220982837021 264.76363827826929764 264.70316140050164222 264.74780453597128371 264.92402972153900009 265.06475200029376538 265.18552401697837695 265.31796210463176067 265.47162141536546187 265.56834636849237086 265.74416167235358444 265.90724450419338609 266.0984789515190414 266.11651162028459794 266.13467555545372534 266.15621513490771122 266.19992353636843063 266.26798769506842746 266.32454207731620954
nan nan nan nan nan nan nan nan nan nan nan nan nan nan nan nan nan nan nan nan nan nan nan nan nan nan nan nan nan nan nan nan 264.46486109495265282 264.49674435038366482 264.60352301580161338 264.67884948213759344 264.71332714089129468 264.79111905025109763 264.83817837504722092 264.8447123874033764 264.83007108868798696 264.82736732706763405 264.81819711016834162 264.8082378443918401 264.82889033199626283 264.86269371704935338 264.91340541497612548 264.88776350560965511 264.92781945292989576 264.9987437186107968 265.10748963819804658 265.19578281047063228 265.28104485636396248 265.41414136363988518 265.59631553669316872 265.77999296127177331 265.9725330645297845 265.97663158514154702 266.01757952149557696 266.04951655290813051 266.10118032801750587 266.17779891635416334 266.23746350401989957
nan nan nan nan nan nan nan nan nan nan nan nan nan nan nan nan nan nan nan nan nan nan nan nan nan nan 263.50780647130773104 263.72697085187991206 263.95078528765390047 264.15169394738433084 264.27991886441219549 264.41291731797417697 264.47589581513341273 264.55254959094514788 264.63839796074466904 264.73042223429644082 264.78045147266095682 264.89177666526558141 264.94663817668555339 264.94612765904633989 264.91992809779077334 264.88103881911303006 264.87374044612766966 264.87583549464221733 264.92937356663287574 264.97043363563324192 265.03031787564140132 265.08953320913053631 265.07727982083281404 265.06584614324589211 265.17344726711178282 265.2368023175702092 265.31323264662472639 265.42635688521659176 265.55122968883085832 265.72133136478657889 265.82003579734731602 265.85861646920920975 265.90916982503398458 265.94629621900480743 265.99998895916053243 266.07546076938069746 266.14331499190905106
nan nan nan nan nan nan nan nan nan nan nan nan nan nan nan nan nan nan nan nan nan nan nan nan nan nan 263.49793679197335905 263.76900321078966272 263.96894858400531803 264.1964089622352958 264.32020458807357954 264.41921415027405828 264.50590477785556232 264.5986864297193506 264.66141609988193295 264.73962061863966255 264.82333095010159241 264.94307073625077464 264.94888760622205837 264.95150882206445431 264.96909275176886922 264.96449965384425695 264.93857532810977773 264.93639563972561746 264.98256805678215642 265.02988850568476664 265.07590804412188845 265.15746790730514704 265.17251307052146103 265.14051160592737233 265.18280184137739752 265.2735721275013816 265.34837604491099228 265.45750883913865437 265.56043413084461235 265.66756725658677851 265.70731521597809888 265.76435146177612978 265.81134419184348872 265.85383268012685676 265.91224339327146708 265.98909432510140505 266.0312429994055492
nan nan nan nan nan nan nan nan nan nan nan nan nan nan nan nan nan nan nan nan nan nan nan nan nan nan 263.47199737763793337 263.66137937016503656 263.88342469694634929 264.1226124688063237 264.29823019177877086 264.42185586804720288 264.51230466579033873 264.61206677892351991 264.69870733975295707 264.73438997322381283 264.81937181360802924 264.92272129500531719 264.9463984013941058 264.96740223724657426 264.99845487225326224 265.0098886497072499 265.00908066383652795 265.01570675464324722 265.04617746046574212 265.09691643725091126 265.15365805320374193 265.22255923331522354 265.23727630254751375 265.22209325780107747 265.24933414535075826 265.32203017305022286 265.40927710821944174 265.48689062428633179 265.51694569510698329 265.55041126770697701 265.61132435206388891 265.67116528298822686 265.71870005787485525 265.77279254576905032 265.84086467681822796 265.90426102604061498 265.9116856383495815
nan nan nan nan nan nan nan nan nan nan nan nan nan nan nan nan nan nan nan nan nan nan nan nan nan nan 263.49894233957382994 263.56098336718480368 263.76693292183455242 264.06040255770903968 264.22719915898863974 264.36529094341295831 264.52454283190417073 264.64520550179776137 264.72155663152636862 264.75350659524474395 264.79941927395083212 264.87418915565342559 264.97497903170449263 264.99548013496615795 265.00081961336422864 265.00507909810932006 265.02613825344377574 265.03490920266528974 265.08918475508232859 265.12612182827456309 265.18581884782724956 265.24242928952543252 265.25867573394668852 265.26747693504370318 265.2794360277848682 265.32122017184451579 265.36771233805239945 265.39672901664255278 265.42225153557444628 265.46771004197034927 265.52205000943865798 265.57347239157189733 265.63054996057951485 265.6970769804843826 265.76953811925210402 265.79185427945799347 265.77117324692699185
nan nan nan nan nan nan nan nan nan nan nan nan nan nan nan nan nan nan nan nan nan nan nan nan nan nan nan 263.63941617466758771 263.88697937181808584 264.15403445050560549 264.28899675592379026 264.35577086543895575 264.39061384455226289 264.56777646749486621 264.70415226547424936 264.79473902967322374 264.81651894226911281 264.8538106107541239 264.95817741379926247 265.01245298367251735 264.98692352546493112 264.9829112204074022 264.99525145953873562 265.01587609862679074 265.05779339145072981 265.10841692853040286 265.14241357242542563 265.18558473129036201 265.20021788407558461 265.20282332091096578 265.21194737721663159 265.2356533899844635 265.27624349764721501 265.3082587931545504 265.34005438774397589 265.38172173999288361 265.4267737700678822 265.47947702733495134 265.54211774745169805 265.62389213035976354 265.64287094272725653 265.60464825301852443 265.56645470239448059
