results/rofental/temp_month_2019-11-01T0000_2019-11-30T2300.asc
ncols        322
nrows        225
xllcorner    622802.488000000012
yllcorner    5178049.378999999724
cellsize     100.000000000000
[rows 140 to 167 of 225, columns 63 to 125 of 322]
nan nan nan nan nan nan nan nan nan nan nan nan nan nan nan nan nan nan nan nan nan nan nan nan nan nan nan nan nan nan nan nan nan nan nan nan nan nan nan nan nan nan nan nan nan nan nan nan nan nan nan 264.96857919865288977 265.05304610069407545 265.24488034259877622 265.45606503603067949 265.62350571294660995 265.78638382389453909 265.94020849089474723 266.0198770650977167 266.0852649978751856 266.19677446740439564 266.33641048314660793 266.46613556231483244
nan nan nan nan nan nan nan nan nan nan nan nan nan nan nan nan nan nan nan nan nan nan nan nan nan nan nan nan nan nan nan nan nan nan nan nan nan nan nan nan nan nan nan nan nan nan nan nan nan nan 264.91370606712229119 265.0134657896534236 265.11089471510928206 265.31960670987450612 265.54580730011855394 265.67273711011500836 265.83311275102465743 265.95847861940745815 266.03175122572559985 266.11429052664590245 266.22295077423905241 266.37349857365802563 266.52523041934529147
nan nan nan nan nan nan nan nan nan nan nan nan nan nan nan nan nan nan nan nan nan nan nan nan nan nan nan nan nan nan nan nan nan nan nan nan nan nan nan nan nan nan nan nan nan nan nan nan nan 264.95234198256747504 265.21260317090775516 265.32688268790064967 265.44345949723856393 265.41313968158812031 265.52162489032468784 265.70040887514539918 265.88734470370900453 266.02130490102581462 266.12074861033363504 266.2248455549524806 266.33628607146920331 266.46147349849405828 266.60576700501769665
nan nan nan nan nan nan nan nan nan nan nan nan nan nan nan nan nan nan nan nan nan nan nan nan nan nan nan nan nan nan nan nan nan nan nan nan nan nan nan nan nan nan nan nan nan nan nan nan 265.1049091470363237 265.26330478015876224 265.5072772439621076 265.6694539897949312 265.73435157950922303 265.75275567804834509 265.6072725588691128 265.63646254062467733 265.8921150618266438 266.08897704916847715 266.21541407735895746 266.31522197293520549 266.44046861974123885 266.59460326414034625 266.73579913120966012
nan nan nan nan nan nan nan nan nan nan nan nan nan nan nan nan nan nan nan nan nan nan nan nan nan nan nan nan nan nan nan nan nan nan nan nan nan nan nan nan nan nan nan nan nan 265.149721748382035 265.20261018352005067 265.33841952905902417 265.39921832143380698 265.50247213424313486 265.70025137309011143 265.84395731470175406 265.94657972421049408 266.00830785498055775 265.91588426010821422 265.82690614904714721 265.87508590335232839 266.03196929894573941 266.19687511341311392 266.32673287705864595 266.45044303075366088 266.56245821186121248 266.70934322411460471
nan nan nan nan nan nan nan nan nan nan nan nan nan nan nan nan nan nan nan nan nan nan nan nan nan nan nan nan nan nan nan nan nan nan nan nan nan nan nan nan nan nan nan nan 265.42664091097702794 265.3949407300191865 265.39314054034434776 265.56833946743688557 265.67757285477114237 265.68125931721499455 265.76107640501896867 265.90481898777431979 266.05959500524789973 266.150672947991211 266.20061354368067441 266.17161707177405106 266.09255434517069716 266.09359909849092674 266.14588134658504259 266.22982516606322179 266.34831603490772522 266.49816488053920693 266.67858378481457748
nan nan nan nan nan nan nan nan nan nan nan nan nan nan nan nan nan nan nan nan nan nan nan nan nan nan nan nan nan nan nan nan nan nan nan nan nan nan nan nan nan nan nan nan 265.63198826138710729 265.62685008207256487 265.69801303368740264 265.72954929647602285 265.87175696695010174 265.94076263454184073 266.01505048621368132 266.05614942120877231 266.16296039182731192 266.23763440849791095 266.32007460929997933 266.40578007728549892 266.40415814076948209 266.3733138422767297 266.39099004795406245 266.43197118611448104 266.47728275922293051 266.53344381402774843 266.71791284885279083
nan nan nan nan nan nan nan nan nan nan nan nan nan nan nan nan nan nan nan nan nan nan nan nan nan nan nan nan nan nan nan nan nan nan nan nan nan nan nan nan nan nan nan nan 265.61151317261055738 265.69710779926759869 265.78362077019278331 265.87703493893570794 265.94774687875059271 265.9971303771175144 266.05570039825892081 266.11270323974599705 266.18519750335144636 266.26188202916910086 266.33184429879611343 266.43094748693431484 266.53355382621947456 266.60726656008336022 266.64030707355573213 266.62972068391985658 266.68913812999585389 266.73533846411766035 266.90267032100535971
nan nan nan nan nan nan nan nan nan nan nan nan nan nan nan nan nan nan nan nan nan nan nan nan nan nan nan nan nan nan nan nan nan nan nan nan nan nan nan nan nan nan nan 265.40055589164489902 265.53687453410663011 265.7124962112146136 265.81287866339999937 265.86269372544342104 265.91792732527841281 265.9754631938793068 266.03030401634288182 266.08450014179885557 266.14910743864743381 266.22286294893734748 266.3018805200223369 266.39935962744493736 266.49749310011031866 266.58777836863504263 266.69559358206817024 266.79648854537015268 266.91993020838134498 267.02518956496948022 267.12018571429450731
nan nan nan nan nan nan nan nan nan nan nan nan nan nan nan nan nan nan nan nan nan nan nan nan nan nan nan nan nan nan nan nan nan nan nan nan nan nan nan nan nan nan nan 265.26429882997786081 265.42637436973819831 265.6518047061919674 265.78374671115085448 265.83126468814504051 265.88191749829269384 265.93931777531548732 265.98454499274373575 266.0468101456332306 266.12782889747910531 266.21230120874582781 266.29040449679422409 266.38306760237861681 266.48244016798776101 266.58743918305646048 266.67950626460901731 266.80855382588487146 266.93071241884143774 267.12069378568236289 267.27277395562197171
nan nan nan nan nan nan nan nan nan nan nan nan nan nan nan nan nan nan nan nan nan nan nan nan nan nan nan nan nan nan nan nan nan nan nan nan nan nan nan nan nan nan 265.05198305969196326 265.19131002496214933 265.4239774489239494 265.57904826536412202 265.70358700664058915 265.76952275804546844 265.81541430027374417 265.87202348919277028 265.89976431098546072 265.96614889503297263 266.05826120013227865 266.1538190031733393 266.252963678879496 266.36554237779563437 266.50884788378635903 266.67499882354502461 266.8268236649651044 266.95886691965785076 267.08728412930446439 267.19268466715033128 267.30379178516704997
nan nan nan nan nan nan nan nan nan nan nan nan nan nan nan nan nan nan nan nan nan nan nan nan nan nan nan nan nan nan nan nan nan nan nan nan nan nan nan nan nan 264.91369931629191115 264.95990624473984099 265.17376838711015807 265.31488769126144689 265.45424865779563106 265.57224466860714074 265.63123008293217708 265.67252769730612272 265.73837025302378834 265.77708440237654486 265.84236352419668492 265.92429036809130594 266.02182654719655375 266.14582953217251315 266.30950215760725541 266.50939875816527547 266.66473520207335923 266.81849884181116295 267.01037426545207154 267.13465364799537838 267.23319951091019675 267.28898542618418332
nan nan nan nan nan nan nan nan nan nan nan nan nan nan nan nan nan nan nan nan nan nan nan nan nan nan nan nan nan nan nan nan nan nan nan nan nan nan nan nan nan nan 264.94088040899009684 265.1230747383808648 265.23251258390138219 265.35326565101871665 265.4748390757197285 265.50366301013553993 265.52025899487352945 265.562920032610009 265.56528626670177573 265.6673242879925283 265.75783175983121964 265.85682515098432077 265.97874173986519963 266.15706503294410368 266.38061505469596568 266.59916254757359866 266.79057589198725964 266.99234415663261188 267.1677805767712357 267.20032020264534367 267.22763168534481792
nan nan nan nan nan nan nan nan nan nan nan nan nan nan nan nan nan nan nan nan nan nan nan nan nan nan nan nan nan nan nan nan nan nan nan nan nan nan nan nan nan 264.65417737197861925 264.8511446926465851 265.00684207681587168 265.09529624905303535 265.22002399664017958 265.33838802952521974 265.35377974965223302 265.34572355792835197 265.34743497221620601 265.34166197500042017 265.42703161528152123 265.49282179218170086 265.61334892315812795 265.83622105387684087 266.05214078701766311 266.30022560239501672 266.55144019219113716 266.77472050234024437 266.98560471196793742 267.11878421740425438 267.13341913526761573 267.16783132593229766
nan nan nan nan nan nan nan nan nan nan nan nan nan nan nan nan nan nan nan nan nan nan nan nan nan nan nan nan nan nan nan nan nan nan nan nan nan nan nan nan nan 264.46185501905273441 264.63256689435587532 264.86035020234834292 264.97655841798967913 265.09197743952762494 265.16873647814821879 265.18670238802133099 265.11728982480400418 265.15209340344824795 265.41746302500962429 265.57459584905166139 265.59229484143179434 265.71388065329085748 265.90224410170316105 266.08874308876897885 266.3231167860820392 266.58006412957502107 266.81161128303199348 267.00962569166131289 267.04990176614194297 267.07508701496777803 267.11174823345032792
nan nan nan nan nan nan nan nan nan nan nan nan nan nan nan nan nan nan nan nan nan nan nan nan nan nan nan nan nan nan nan nan nan nan nan nan nan nan nan nan nan 264.30399330315520956 264.4300904142521631 264.58062050046942204 264.80433081650068061 264.9797166769234309 265.03213021543740524 265.01036308335397962 265.08310543195432274 265.3366315544697045 265.593525250867458 265.70147213712129997 265.75071709376430817 265.8029727192273981 265.95537707222661084 266.17398951626552162 266.39740527995860475 266.62550816538498566 266.85609428198694104 266.96843675537763829 266.98854252314515634 267.02127908280823476 267.05348948094490424
nan nan nan nan nan nan nan nan nan nan nan nan nan nan nan nan nan nan nan nan nan nan nan nan nan nan nan nan nan nan nan nan nan nan nan nan nan nan nan nan nan 264.28666244976750477 264.35082377344531324 264.52113068807841501 264.71344503687248562 264.83360365848614038 264.95933222691849096 265.12753000606733167 265.29495259795038464 265.50162827345889127 265.69064650280256501 265.82049850056330342 265.93843726487290269 265.98448884302564466 266.07597903903712222 266.20192798245932408 266.39532478509158864 266.62953167535954435 266.8666254091714336 266.90391297075854027 266.92848916955307459 266.95692732432627281 266.99284236591404351
nan nan nan nan nan nan nan nan nan nan nan nan nan nan nan nan nan nan nan nan nan nan nan nan nan nan nan nan nan nan nan nan nan nan nan nan nan nan nan nan 264.35356871235842391 264.39574076198545072 264.46045886777415035 264.65191453400569799 264.82033628986823715 264.99015604440671723 265.12569974082816771 265.20194031693262104 265.34359893068670999 265.52444075524095979 265.71800843521884872 265.90222728899880167 266.01180141478539554 266.08756836525463996 266.17327128317651841 266.29610101756986751 266.45817950518062389 266.66715496169803146 266.82030079590055038 266.83246254503865202 266.86210392552834492 266.89136094724284476 266.93043284284374295
nan nan nan nan nan nan nan nan nan nan nan nan nan nan nan nan nan nan nan nan nan nan nan nan nan nan nan nan nan nan nan nan nan nan nan nan nan nan nan 264.54248793241504245 264.5145085578702151 264.52254704278709596 264.56921959687593926 264.69226554673906548 264.85041706183631049 265.00696348732913066 265.13921840502194982 265.21913722663532553 265.33244948220198012 265.49976534842022602 265.66384137121508502 265.82104418788173916 265.9842965280770386 266.12375730716564703 266.22604122109055425 266.3375762115842349 266.5066357222666511 266.71055350605331569 266.73597560343307578 266.75525053927185581 266.78721150109714699 266.82255671754177229 266.87201646858090953
nan nan nan nan nan nan nan nan nan nan nan nan nan nan nan nan nan nan nan nan nan nan nan nan nan nan nan nan nan nan nan nan nan nan nan nan nan 264.58890455890752946 264.68622353038995243 264.71500495333998515 264.68988374285441978 264.67527399508247754 264.68532470829592285 264.72097062440747095 264.79159818495577383 264.93937843858964243 265.08370446911493445 265.21374012902379036 265.34164389027409925 265.44720879236268729 265.58835619727790345 265.728310206871015 265.90530354318781292 266.08606759389249419 266.21064478408214882 266.36220174306998842 266.56030506758366982 266.64512678693500902 266.65233235138447299 266.67934116631505503 266.71004599867518436 266.75276016169829063 266.81341556669343618
nan nan nan nan nan nan nan nan nan nan nan nan nan nan nan nan nan nan nan nan nan nan nan nan nan nan nan nan nan nan nan nan nan nan nan nan 264.68192854089647881 264.71471960574041304 264.83790664200893161 264.85960123634970387 264.85461579355927597 264.82660886131913003 264.81601616382880593 264.82588890362842449 264.85682445923055184 264.84720741435154423 264.96409040401528046 265.15837213288267549 265.32416052108351323 265.43123900014785477 265.56295750041897463 265.66700626843623922 265.84310138161589521 266.07187386261927031 266.20710329892756363 266.33233543901667417 266.50966929761960955 266.55904459116555927 266.57728914143024213 266.59773317906820012 266.62657991381701095 266.67957313059270064 266.74275682492083206
nan nan nan nan nan nan nan nan nan nan nan nan nan nan nan nan nan nan nan nan nan nan nan nan nan nan nan nan nan nan nan nan nan nan 264.79591035484349959 264.84910846852096711 264.8657209013538818 264.91636412595829597 264.97851923943204611 264.98233126424185002 264.98866415363931992 264.96397378856090654 264.94367303743695174 264.93115668742314028 264.95376436571996237 265.00054326700819729 264.92973337656809463 264.97744032985849572 265.17347507847807719 265.32912019590628461 265.46185555434215075 265.60729278835071909 265.77613359297077977 265.88005250522803635 266.07254553140131748 266.24987093550521422 266.45813156429039736 266.46995517527500397 266.48102555284600612 266.49501693606811159 266.53318633629800161 266.59806926589197928 266.64926405968276413
nan nan nan nan nan nan nan nan nan nan nan nan nan nan nan nan nan nan nan nan nan nan nan nan nan nan nan nan nan nan nan nan 264.69565622159615259 264.72884480436323429 264.84669247134280567 264.92913593163530095 264.96557081658960442 265.05102222907675014 265.101888188333362 265.10710798573040847 265.08851955367600794 265.08349426119343661 265.071233166507227 265.05811896500784997 265.07956896472251174 265.11582532870630757 265.1710768929727351 265.13996465124728275 265.18279603319297166 265.26016456130332699 265.37982948392078697 265.4758991987397394 265.56794148707035674 265.71328331695718816 265.91323093600323091 266.11398395463533006 266.32378006992178143 266.31980711192960598 266.35640413829270301 266.38180350195347046 266.42849547585797154 266.50246186698007023 266.55649761354925431
nan nan nan nan nan nan nan nan nan nan nan nan nan nan nan nan nan nan nan nan nan nan nan nan nan nan 263.63122750068356481 263.87560768419518809 264.12529326684847319 264.34918411752778411 264.49109067604518941 264.63847596902530768 264.70690664824553551 264.79088762893252351 264.8853694070049869 264.98695175155103243 265.04125424227953545 265.16489945667962047 265.22493362912041448 265.22258612607066652 265.19136219818415157 265.14592510817578841 265.13624908189410689 265.1372446908422944 265.19635068842535475 265.24135162506365759 265.30753118950076441 265.37281190897505212 265.35717727541089062 265.34215010729809592 265.46109487217000833 265.52954881706529022 265.61210998885781009 265.73532296827249866 265.87090554371081907 266.05655011973084356 266.16049178008091758 266.19539384888008726 266.24262354992544033 266.27351071127765181 266.32196823779150918 266.39397444834963835 266.45647347874052002
nan nan nan nan nan nan nan nan nan nan nan nan nan nan nan nan nan nan nan nan nan nan nan nan nan nan 263.61792786172469505 263.92105845814205622 264.14395994721644456 264.39800787193473752 264.53510849110517711 264.64433082042319256 264.73976285135830722 264.84220171218197493 264.91085162337890324 264.99712342140969668 265.08976955945939835 265.22325767844847633 265.22828912855430872 265.22987710773389836 265.2485167371822854 265.24226390718541779 265.212054330006481 265.20875250088784014 265.26010366141014174 265.31276432577652713 265.36390847191159992 265.4550562771464115 265.47089508128902935 265.43330100600837795 265.47915084708114364 265.57917188058377178 265.6604620887868009 265.7796617604864764 265.89086098830586025 266.00568564928528303 266.0431905424441652 266.09888931351321162 266.14187677770843266 266.17840727388562527 266.23159591321484641 266.30439308836281498 266.33695865955019144
nan nan nan nan nan nan nan nan nan nan nan nan nan nan nan nan nan nan nan nan nan nan nan nan nan nan 263.58664196618769893 263.79770057527468907 264.04571949992975988 264.31318844441722149 264.50899397860979434 264.64622173945798522 264.7461282610258877 264.85669957668034158 264.95261852482639142 264.99117802349087469 265.08558138796752246 265.2009134149457168 265.22648831383997958 265.24924124763947475 265.28353164180401791 265.29585346381821864 265.29451794255413688 265.30171299862468004 265.33592926177612981 265.39307910602968832 265.4569921678156561 265.53453998074206766 265.55072140362932487 265.53283893192502774 265.56241600288711879 265.64272572715827891 265.73871351110472006 265.82290322677027916 265.85230374019556621 265.88429625037440474 265.94587455511657481 266.00472660503055522 266.04810155666359606 266.09728652396654525 266.1607149868618194 266.21744638993141052 266.20975373270789532
nan nan nan nan nan nan nan nan nan nan nan nan nan nan nan nan nan nan nan nan nan nan nan nan nan nan 263.61520911052133442 263.68264806370621045 263.91266014339856838 264.24159533721677917 264.42763748850700267 264.58141091825893909 264.75922983312955239 264.89365022281879192 264.97822577579557901 265.01286873620762208 265.06348579292483691 265.14690320905486942 265.25992474379302166 265.28252765411508562 265.28824098863077552 265.29295555882396229 265.31684254132215983 265.32703574831134574 265.38874862162839463 265.43097917566404931 265.49893384874638969 265.56334703064322866 265.58202720552213805 265.59201507599067327 265.60513418578733535 265.65132355193344438 265.7020375043579179 265.73202882367058919 265.75687590882461109 265.80283052763735441 265.85722934426786424 265.90660360288501352 265.96053682162721543 266.0232846420470878 266.0909288976837388 266.10029004014552356 266.05965677941406966
nan nan nan nan nan nan nan nan nan nan nan nan nan nan nan nan nan nan nan nan nan nan nan nan nan nan nan 263.76963033571320238 264.04679009420453895 264.34608119599170095 264.49637569478426258 264.56984035865121996 264.607427257904817 264.80588780424494644 264.95850523453879077 265.05964752159468389 265.08334121123107252 265.1247972807590827 265.24224235766331503 265.30339813714033426 265.27471830712386236 265.27059419703641652 265.28518222287590334 265.30935074310860955 265.35775190057012196 265.41612593677473342 265.45580415831034315 265.50583009329557171 265.52351490955004465 265.52736365099610794 265.53815320168212111 265.56479780376673716 265.60968214731701664 265.64382771111309012 265.67642142266123528 265.71861137366875028 265.76284517619080816 265.81374861004462673 265.87377002149565897 265.95323832989237189 265.95969450285889479 265.89960110879911781 265.83782462797535118
