results/rofental/temp_month_2020-05-01T0000_2020-05-31T2300.asc
ncols        322
nrows        225
xllcorner    622802.488000000012
yllcorner    5178049.378999999724
cellsize     100.000000000000
[rows 112 to 139 of 225, columns 189 to 251 of 322]
277.07698075675307336 277.41369962141016003 277.69254751319783736 277.95247651967878255 277.76616294194695911 277.47966309199080115 277.25125880535671286 276.97488013956512987 276.52243892327680896 276.07491219563826235 275.6914029582405874 275.30488984789445794 275.30472187883412971 275.37617066725056247 275.48201780645797498 275.646123255106545 275.62978655948961659 275.1877492092543207 274.86815943925694228 274.69820162596840873 274.61164895142985642 274.7174973034842651 274.98244430421556217 275.05946440684635945 274.82182464724337478 274.59332385220426431 274.8003870913939295 nan nan nan nan nan nan nan nan nan nan nan nan nan nan nan nan nan nan nan nan nan nan nan nan nan nan nan nan nan nan nan nan nan nan nan nan
277.35076108897266067 277.62634028066662495 277.85592696567050552 277.6416748273265398 277.52771292583662444 277.21501745127500271 276.86620659870789041 276.56021284286862283 276.02004109523761599 275.64056957210237897 275.32611173166816343 275.08901946180048981 275.0917347600385483 275.13943104722017097 275.17475099701766794 275.36470970308397455 275.40243828933142822 275.17792524084694605 274.74018553879659521 274.34897026118915164 274.43262048629702576 274.63321822157791985 274.74763019203226122 274.66606319375841849 274.34123407655243909 nan nan nan nan nan nan nan nan nan nan nan nan nan nan nan nan nan nan nan nan nan nan nan nan nan nan nan nan nan nan nan nan nan nan nan nan nan nan
277.61520668707231607 277.82706981469613083 277.58136390009497063 277.38552375485170387 277.17846081500937316 276.87679172748437395 276.51532688025622519 276.10747072455899342 275.71473633256744051 275.33821033373868659 274.99771385323145978 274.85269639194427782 274.91435047505859757 274.98396537538508255 274.99923940394182864 275.13281764307112098 275.1769696795883533 275.14744907707046195 274.67193310455769506 274.17996716280185865 274.3149073406944467 274.54286902960978978 274.5611203149566677 274.3147776229000101 273.92841693726870744 nan nan nan nan nan nan nan nan nan nan nan nan nan nan nan nan nan nan nan nan nan nan nan nan nan nan nan nan nan nan nan nan nan nan nan nan nan nan
277.77732466247420007 277.58804499787771647 277.38083244060607058 277.13471730194771681 276.86641898904451864 276.5281980749512627 276.19427622322376692 275.92284223646032615 275.58261876076642238 275.17145832933198335 274.82092942923873125 274.65408482579232441 274.70677860396091319 274.69273550288500019 274.80321196818943008 274.92951472639970234 274.94061926538324769 274.97301666259443209 274.64538461378106149 274.1064799140285686 274.03643141425709473 274.23240508357480394 274.25308821757789701 274.05814276389435236 273.62079626746344729 nan nan nan nan nan nan nan nan nan nan nan nan nan nan nan nan nan nan nan nan nan nan nan nan nan nan nan nan nan nan nan nan nan nan nan nan nan nan
277.4062152275059816 277.26947444657520236 277.08718395375075261 276.74773061651808348 276.41898030980911471 276.11552342969724805 275.78302546279911667 275.4892025594103302 275.31827488703885365 275.10426412808783425 274.84813772539251886 274.4663860790691956 274.37590972177963522 274.42766654818734651 274.59112458637315513 274.70840496274104225 274.73123165259153211 274.70511155375658063 274.40904548792423157 273.86929682887995341 273.61424252570628823 273.79827710937547636 273.80144291997191885 273.57719348177516849 273.47200201048866575 nan nan nan nan nan nan nan nan nan nan nan nan nan nan nan nan nan nan nan nan nan nan nan nan nan nan nan nan nan nan nan nan nan nan nan nan nan nan
277.06775931442228966 276.90778252629763756 276.72940930130050674 276.22574855221591861 275.9199867095268246 275.67086166507698408 275.33171070224886989 275.09519099694284705 274.86814902830667506 274.66372706994638975 274.47268498108536505 274.32413475916422385 274.10093316546442566 274.20746190956538157 274.29122428505166909 274.38047561833013788 274.44298760264058501 274.41055205789268712 274.16335915420501124 273.67375956113590973 273.16828318150561472 273.16800589205269034 273.20617867140049384 273.08294365149293981 nan nan nan nan nan nan nan nan nan nan nan nan nan nan nan nan nan nan nan nan nan nan nan nan nan nan nan nan nan nan nan nan nan nan nan nan nan nan nan
276.7117979969065118 276.4941047875418576 276.15289383354684105 275.75841175365610525 275.47142027085203608 275.22743580323077595 274.96552006618281894 274.72265233024921827 274.46360853571212601 274.30111066673242703 274.05712112532324909 274.00164141593893419 273.9926177046991711 274.00512523553061328 274.03850825340987285 274.11894220109542175 274.19888894143230118 274.12801193561108448 273.80436800872797676 273.41619604609638827 272.91955392817328629 272.59834711241086325 272.62131024897610132 nan nan nan nan nan nan nan nan nan nan nan nan nan nan nan nan nan nan nan nan nan nan nan nan nan nan nan nan nan nan nan nan nan nan nan nan nan nan nan nan
276.36756546844861759 276.00021467372516781 275.57348820537015399 275.29506594631328653 275.07171155294741993 274.86404995098723703 274.58941279367070365 274.32086137166413664 274.15888350783660599 273.93974741731994982 273.82553497495217698 273.85264294024932497 273.88187543742077423 273.82774881066535499 273.87893325983088744 273.93312320219894218 273.98753911158888741 273.85956951578697272 273.4934318357853158 272.96986258043625639 272.5662428247663911 272.18313170899193665 nan nan nan nan nan nan nan nan nan nan nan nan nan nan nan nan nan nan nan nan nan nan nan nan nan nan nan nan nan nan nan nan nan nan nan nan nan nan nan nan nan
275.96363127383943947 275.46988778782832696 275.10639798412404389 274.85764171712202142 274.70107877569620314 274.48856698938709542 274.23025165367550926 274.00959860277652069 273.73184427587676737 273.6150860508732876 273.63927938850116561 273.74325851209084703 273.75562719914398713 273.63850605751434841 273.68150873523160271 273.67456779392091448 273.72332164436824087 273.43287155607657724 272.9849754399089079 272.74029577603403141 272.2556759983892789 271.77982669618211276 nan nan nan nan nan nan nan nan nan nan nan nan nan nan nan nan nan nan nan nan nan nan nan nan nan nan nan nan nan nan nan nan nan nan nan nan nan nan nan nan nan
275.50834088172126712 275.06908353769910036 274.71694199417134996 274.50645047804397336 274.32293414238750984 274.13124233877971392 273.89205321846498009 273.66912683433622533 273.26556072665528063 273.44512271018049887 273.50735706976337269 273.62123232041312804 273.64287900819078914 273.51905189377112038 273.44841884225752437 273.41521498433064608 273.43285415130191041 273.14486901819213927 272.65920291412089682 272.40163571990245828 271.95260763192555942 271.5026671990029854 nan nan nan nan nan nan nan nan nan nan nan nan nan nan nan nan nan nan nan nan nan nan nan nan nan nan nan nan nan nan nan nan nan nan nan nan nan nan nan nan nan
275.29027531444711485 274.81674428644015507 274.5355707495911588 274.2405994014090993 274.01754593739980237 273.80895595512538421 273.51194980947417434 273.17896406356925354 273.00080503486418593 273.30703427285948237 273.36286068994530751 273.48424312988845486 273.44892612486393091 273.28382767733177161 273.24871506602602267 273.25486461116804549 273.19177407771951493 272.9836831312578056 272.47013758644288828 272.18154958535438936 271.78408272264630341 271.41476218008392607 nan nan nan nan nan nan nan nan nan nan nan nan nan nan nan nan nan nan nan nan nan nan nan nan nan nan nan nan nan nan nan nan nan nan nan nan nan nan nan nan nan
275.06675717034551099 274.68301583133563781 274.42409374287638002 274.01677108728080157 273.75754299498157707 273.51407926137432014 273.109988495411244 272.80626540640992062 272.94796916989616875 273.13411328741688067 273.17267987385599781 273.20355034872505939 273.0989997669826721 273.029950407807803 273.03799403184638095 273.06927407877719816 272.95815574831715367 272.8558553594031082 272.6766437876815985 272.3339881962100435 271.96852180852044967 271.55495870061554342 nan nan nan nan nan nan nan nan nan nan nan nan nan nan nan nan nan nan nan nan nan nan nan nan nan nan nan nan nan nan nan nan nan nan nan nan nan nan nan nan nan
274.860888246979016 274.53121908170737697 274.19987312940094171 273.81173617742587112 273.54010048256191112 273.135649570457133 272.65192603887180667 272.52278169569342481 272.81531154101298853 272.97460481361321172 273.04968743150681121 273.00493075433604417 272.92663082979316869 272.8663634379493601 272.88471190108538167 272.93663343736398019 272.8504452697815168 272.69827465951522072 272.66856785830026411 272.44780484965536971 271.98280745402644243 271.6010232205723014 nan nan nan nan nan nan nan nan nan nan nan nan nan nan nan nan nan nan nan nan nan nan nan nan nan nan nan nan nan nan nan nan nan nan nan nan nan nan nan nan nan
274.71024883716324894 274.34895500365621501 273.9689954122987956 273.61046534881086245 273.30963938822395676 272.81106576879068371 272.41785877808246141 272.5141215368124108 272.58726103844765021 272.7421577912630255 272.78068482554181173 272.75965430204456652 272.72481865820475377 272.70294169672291673 272.75611435624256274 272.78318285081127215 272.66360348869903873 272.56676342258174373 272.5022227454574022 272.41543476602981855 271.90114498335788085 271.57519406994293831 nan nan nan nan nan nan nan nan nan nan nan nan nan nan nan nan nan nan nan nan nan nan nan nan nan nan nan nan nan nan nan nan nan nan nan nan nan nan nan nan nan
274.60966123876255551 274.19438517150479129 273.74889047752037641 273.41115179327925944 273.05231561977018373 272.60837594200518197 272.20958619011935298 272.29716207610016454 272.3987703186361955 272.48126725612524979 272.53068542591927326 272.56569990979136264 272.55803835464013218 272.57543282754443226 272.62130778861757108 272.5740766539296942 272.27655688694812852 272.2948080966557427 272.24282991082122862 272.21544643801155416 271.94428392707413877 nan nan nan nan nan nan nan nan nan nan nan nan nan nan nan nan nan nan nan nan nan nan nan nan nan nan nan nan nan nan nan nan nan nan nan nan nan nan nan nan nan nan
274.50223063282817293 274.03250221356387328 273.65077336927646456 273.24515099372342775 272.86121643820411009 272.47481809259573993 272.04615654953562398 271.97565459495245932 272.186874726601161 272.25819534807180844 272.33220103006033241 272.39535958925551995 272.43800762320802278 272.46012034927986178 272.47954214104100856 272.35588317388163659 272.04903326111843853 271.96629081184619281 272.01368286448183653 271.9847785034686467 271.73339563978316846 nan nan nan nan nan nan nan nan nan nan nan nan nan nan nan nan nan nan nan nan nan nan nan nan nan nan nan nan nan nan nan nan nan nan nan nan nan nan nan nan nan nan
274.16073197342132062 273.87576861863590238 273.49717113358258302 273.07023917332224983 272.53285524347990076 272.17368689342436028 271.77703265008312883 271.93570153960490643 272.03578566292321739 272.12378930265924737 272.19638998461141455 272.27389696597487045 272.31679362552398516 272.33144475685872976 272.33513269933825995 272.21812746429736762 271.93928950565339164 271.68003380018319604 271.74464410427043504 271.7097365105313429 271.55308184434164787 nan nan nan nan nan nan nan nan nan nan nan nan nan nan nan nan nan nan nan nan nan nan nan nan nan nan nan nan nan nan nan nan nan nan nan nan nan nan nan nan nan nan
273.97020144594711155 273.64701658419193109 273.32584710484235302 272.97100405138127144 272.4729619456072669 272.03749931073332391 271.70825658935376623 271.74637588400383947 271.90264035119957953 272.03878074476830307 272.10438280364843422 272.18030363307343578 272.19712730944115719 272.20389033653879096 272.16534616185805362 272.03684766691173991 271.86764770012592862 271.48981517551436582 271.37972903182605933 nan nan nan nan nan nan nan nan nan nan nan nan nan nan nan nan nan nan nan nan nan nan nan nan nan nan nan nan nan nan nan nan nan nan nan nan nan nan nan nan nan nan nan nan
273.78200865961395039 273.52356935481276423 273.21832540672920686 272.80555004559579402 272.41670487535077427 272.06980084267831899 271.7514302096622032 271.57443198034121679 271.74340113367458116 271.89814369347732281 271.95177702323320545 272.01081436095222443 272.04739972905912282 272.01586270370290777 271.87007032089854874 271.82103763969996635 271.70776358853817101 271.3410908894043132 nan nan nan nan nan nan nan nan nan nan nan nan nan nan nan nan nan nan nan nan nan nan nan nan nan nan nan nan nan nan nan nan nan nan nan nan nan nan nan nan nan nan nan nan nan
273.77990138280750898 273.43975539035255906 273.13527575603848163 272.7977150486303799 272.59301126487019928 272.30949788792537447 271.8720843696889915 271.43917050782954448 271.53345389980319169 271.65013233241262469 271.74026739983992229 271.78217910586249673 271.68904285514332742 271.48585159105283537 271.50317889267910232 271.61349920868735808 271.49309797326196758 nan nan nan nan nan nan nan nan nan nan nan nan nan nan nan nan nan nan nan nan nan nan nan nan nan nan nan nan nan nan nan nan nan nan nan nan nan nan nan nan nan nan nan nan nan nan
273.51725013515698492 273.2586194746156707 273.04355465353171439 272.78436208941110408 272.60413682782694877 272.2814790676484904 271.83392102073065644 271.41187402250210425 271.31345939311063375 271.37915730726888341 271.43350938875488509 271.43402117729550582 nan nan nan 271.44080980317147578 nan nan nan nan nan nan nan nan nan nan nan nan nan nan nan nan nan nan nan nan nan nan nan nan nan nan nan nan nan nan nan nan nan nan nan nan nan nan nan nan nan nan nan nan nan nan nan
273.31887724877100254 273.15686538944868289 272.981878544085248 272.77541716356518009 272.48110961572911037 272.10079842360403291 271.71149446971634234 271.27437187418911435 271.02311418297239243 nan nan nan nan nan nan nan nan nan nan nan nan nan nan nan nan nan nan nan nan nan nan nan nan nan nan nan nan nan nan nan nan nan nan nan nan nan nan nan nan nan nan nan nan nan nan nan nan nan nan nan nan nan nan
273.33984396669649186 273.09225047616911297 272.89388468875415583 272.69499716652615007 272.31507351999999855 271.90470505606634788 271.52710415321041637 271.12115117328914948 nan nan nan nan nan nan nan nan nan nan nan nan nan nan nan nan nan nan nan nan nan nan nan nan nan nan nan nan nan nan nan nan nan nan nan nan nan nan nan nan nan nan nan nan nan nan nan nan nan nan nan nan nan nan nan
273.24889269039232431 273.04832711368845821 272.80637302592191418 272.55395986828881405 272.12830470190704091 271.72633452401186105 271.35891963838741958 271.07644549377306475 nan nan nan nan nan nan nan nan nan nan nan nan nan nan nan nan nan nan nan nan nan nan nan nan nan nan nan nan nan nan nan nan nan nan nan nan nan nan nan nan nan nan nan nan nan nan nan nan nan nan nan nan nan nan nan
273.15011999873308923 273.00589925743679487 272.81555459223335447 272.58398333871042496 272.31002228942685406 271.9112918580779592 271.52162313607806254 271.08112487768329402 nan nan nan nan nan nan nan nan nan nan nan nan nan nan nan nan nan nan nan nan nan nan nan nan nan nan nan nan nan nan nan nan nan nan nan nan nan nan nan nan nan nan nan nan nan nan nan nan nan nan nan nan nan nan nan
273.06248825556656357 272.92573072213667729 272.78332516490741 272.63552447625147579 272.41842850869448966 272.03891983816004085 271.53254123841020373 271.04675203576806553 270.64981575199408326 nan nan nan nan nan nan nan nan nan nan nan nan nan nan nan nan nan nan nan nan nan nan nan nan nan nan nan nan nan nan nan nan nan nan nan nan nan nan nan nan nan nan nan nan nan nan nan nan nan nan nan nan nan nan
272.9528304008071018 272.82971776854344625 272.6475190690766226 272.51622602981626642 272.4056574763098979 272.13802932183062921 271.65985482321241307 271.20786162340124292 270.72550743456588407 nan nan nan nan nan nan nan nan nan nan nan nan nan nan nan nan nan nan nan nan nan nan nan nan nan nan nan nan nan nan nan nan nan nan nan nan nan nan nan nan nan nan nan nan nan nan nan nan nan nan nan nan nan nan
272.84325452894063346 272.70641650525953992 272.53762965103192073 272.418543722964273 272.32165788771516191 272.12718076024930269 271.62334482254129853 271.14799658735222465 270.65424600032821445 nan nan nan nan nan nan nan nan nan nan nan nan nan nan nan nan nan nan nan nan nan nan nan nan nan nan nan nan nan nan nan nan nan nan nan nan nan nan nan nan nan nan nan nan nan nan nan nan nan nan nan nan nan nan
