results/rofental/temp_month_2020-04-01T0000_2020-04-30T2300.asc
ncols        322
nrows        225
xllcorner    622802.488000000012
yllcorner    5178049.378999999724
cellsize     100.000000000000
[rows 140 to 167 of 225, columns 63 to 125 of 322]
nan nan nan nan nan nan nan nan nan nan nan nan nan nan nan nan nan nan nan nan nan nan nan nan nan nan nan nan nan nan nan nan nan nan nan nan nan nan nan nan nan nan nan nan nan nan nan nan nan nan nan 268.36948993961294718 268.49225392348625974 268.77746237757327208 269.09182446561112556 269.33979247772936105 269.58069725249237081 269.80774083358807047 269.92234519393940673 270.01518808508325264 270.17774774211312661 270.38278908638676512 270.5727288036513869
nan nan nan nan nan nan nan nan nan nan nan nan nan nan nan nan nan nan nan nan nan nan nan nan nan nan nan nan nan nan nan nan nan nan nan nan nan nan nan nan nan nan nan nan nan nan nan nan nan nan 268.30787491438314873 268.45433092053923474 268.59706945167727099 268.90812510128830581 269.24546082298076044 269.43226824653123685 269.66952114927420325 269.85356531740541186 269.95854267839661134 270.07738476648728465 270.23563218795891316 270.45718145364691054 270.6804194805868633
nan nan nan nan nan nan nan nan nan nan nan nan nan nan nan nan nan nan nan nan nan nan nan nan nan nan nan nan nan nan nan nan nan nan nan nan nan nan nan nan nan nan nan nan nan nan nan nan nan 268.38772801161712778 268.77784453668607512 268.94666581417072848 269.1187169626171567 269.06806831850849449 269.22735090992813412 269.49282862095418523 269.77040010375395696 269.96751269738905421 270.1121354050058585 270.26360345730154222 270.42601593331767162 270.60909796151190676 270.82099632251151888
nan nan nan nan nan nan nan nan nan nan nan nan nan nan nan nan nan nan nan nan nan nan nan nan nan nan nan nan nan nan nan nan nan nan nan nan nan nan nan nan nan nan nan nan nan nan nan nan 268.63992444714978092 268.87648972352479859 269.24235632551648223 269.48405923584107313 269.57814129079196164 269.60150058007792495 269.37636887009944076 269.41542824214320717 269.7971134913905189 270.08948650198948371 270.27495154989668436 270.41985540905267271 270.60307589928368088 270.82987250705667748 271.03694731778932692
nan nan nan nan nan nan nan nan nan nan nan nan nan nan nan nan nan nan nan nan nan nan nan nan nan nan nan nan nan nan nan nan nan nan nan nan nan nan nan nan nan nan nan nan nan 268.73279662478796581 268.81098115972162077 269.01444785372473234 269.10401718439567276 269.25754210876073103 269.55385218079402421 269.76791094164332208 269.91937817872747019 270.00853576386060695 269.86388104329489579 269.72406921672109092 269.79159370819326114 270.02338803576873261 270.26701989014526362 270.45730223043528895 270.63803814488471744 270.80087183638823944 271.01636433042591534
nan nan nan nan nan nan nan nan nan nan nan nan nan nan nan nan nan nan nan nan nan nan nan nan nan nan nan nan nan nan nan nan nan nan nan nan nan nan nan nan nan nan nan nan 269.17085059205425068 269.12190029338188424 269.11791136906492738 269.38160262845565285 269.54502711626923883 269.54822151799459107 269.66627599230673695 269.88069205392918093 270.11136551601560996 270.24512764376561336 270.31614510179872468 270.26718911484232422 270.1419968561392011 270.13771477348279859 270.21065918824143637 270.33122739831281933 270.50383621227626918 270.72370961300856607 270.9897124897690901
nan nan nan nan nan nan nan nan nan nan nan nan nan nan nan nan nan nan nan nan nan nan nan nan nan nan nan nan nan nan nan nan nan nan nan nan nan nan nan nan nan nan nan nan 269.50003233819370507 269.49200033481338323 269.59913319550463484 269.64584774027088088 269.85970562079614865 269.96224119091669991 270.07227808409112413 270.13154213875884579 270.28978656593807273 270.39883656250009381 270.51912163248385923 270.64383951164671771 270.63582930298031215 270.58310981994191025 270.60344581802621633 270.65870178612260588 270.72020055546971662 270.79787619482169703 271.06966251107178323
nan nan nan nan nan nan nan nan nan nan nan nan nan nan nan nan nan nan nan nan nan nan nan nan nan nan nan nan nan nan nan nan nan nan nan nan nan nan nan nan nan nan nan nan 269.48843984457658962 269.61850043375540054 269.74951217695115702 269.89049469006147319 269.99658298212506224 270.06982484016089074 270.15640175180840288 270.24000942804281067 270.34646716928267551 270.45865820506764976 270.56006370849331688 270.70500655372353549 270.85468982643703839 270.96009180051891008 271.0034224954979436 270.98026337622599158 271.06274829561516526 271.1249291979564191 271.37032717349893574
nan nan nan nan nan nan nan nan nan nan nan nan nan nan nan nan nan nan nan nan nan nan nan nan nan nan nan nan nan nan nan nan nan nan nan nan nan nan nan nan nan nan nan 269.18801055521817034 269.3960430720890713 269.66313573315761687 269.8157907959148929 269.89132268265399262 269.97446791503386976 270.06047040434913242 270.14173199245652768 270.22133437808577128 270.31600507057629557 270.42382728569521078 270.53892275114998256 270.68129710530121201 270.82401478994307809 270.95424184016593472 271.1104608834484111 271.25571113604496531 271.43468786292413597 271.58579857386939693 271.72112556239716241
nan nan nan nan nan nan nan nan nan nan nan nan nan nan nan nan nan nan nan nan nan nan nan nan nan nan nan nan nan nan nan nan nan nan nan nan nan nan nan nan nan nan nan 269.00276873835537117 269.25058527884027626 269.59382363792326487 269.79492362464037569 269.86755877208918264 269.94426979583528237 270.03048440107261285 270.09751577808737011 270.18957063253242268 270.30922992624078915 270.43331926747561056 270.5469709980764037 270.68189694232893316 270.82624246221507747 270.97841415981230284 271.11036918654662031 271.29776164951238115 271.47424473970130521 271.75304777309486326 271.97417761994364582
nan nan nan nan nan nan nan nan nan nan nan nan nan nan nan nan nan nan nan nan nan nan nan nan nan nan nan nan nan nan nan nan nan nan nan nan nan nan nan nan nan nan 268.69989241206610586 268.91457928811144029 269.27009799043298699 269.50753721258286078 269.69810335132564205 269.79922886706737017 269.86924692543368565 269.95469001104976314 269.99557172658910531 270.09409251678329156 270.230672906008067 270.37156313138649466 270.51698318293216516 270.68186530328370054 270.89243202976780367 271.13680064020371674 271.35875004071044714 271.55010083833445833 271.73541230041473682 271.8854284958028984 272.04376168056171537
nan nan nan nan nan nan nan nan nan nan nan nan nan nan nan nan nan nan nan nan nan nan nan nan nan nan nan nan nan nan nan nan nan nan nan nan nan nan nan nan nan 268.50810641626407005 268.58316870934510234 268.91161582446886769 269.12934459032959467 269.34377322151567569 269.52513992491788031 269.6163692783027841 269.67997116763376653 269.77983996057179183 269.83767802524550916 269.93475377373243873 270.05602363349839834 270.19990363239935505 270.38283949559541952 270.62484561302011343 270.92074360713365877 271.14826058992150593 271.37256676155448076 271.65384782608310843 271.83213929039499135 271.97095395828586106 272.04464137666201395
nan nan nan nan nan nan nan nan nan nan nan nan nan nan nan nan nan nan nan nan nan nan nan nan nan nan nan nan nan nan nan nan nan nan nan nan nan nan nan nan nan nan 268.5782984103377089 268.85972746553267143 269.0303654806127156 269.21743847487130097 269.40497215021497368 269.45119540425304194 269.47796586508582095 269.54320204435674668 269.54635750010538686 269.69933479316074454 269.83370912925016682 269.97977480353608826 270.1593958095625112 270.42329720172642737 270.75459131565918369 271.07727959401239559 271.35793187778318725 271.65342031323177707 271.90831155393476593 271.94622956883443976 271.97579369067290145
nan nan nan nan nan nan nan nan nan nan nan nan nan nan nan nan nan nan nan nan nan nan nan nan nan nan nan nan nan nan nan nan nan nan nan nan nan nan nan nan nan 268.1622207272142191 268.4675855682557426 268.70987996045300861 268.84968116359681289 269.04364943542839228 269.22712593279271687 269.25372593993029113 269.24378497792929466 269.24752090632097179 269.23873935405089242 269.36673288263386894 269.46379537231820223 269.64244027755142952 269.97475765090899813 270.29526041693316074 270.66322779653620501 271.03476048347960159 271.36291102727153657 271.67132388727907255 271.86123925788535871 271.87096815949041684 271.91013862573362303
nan nan nan nan nan nan nan nan nan nan nan nan nan nan nan nan nan nan nan nan nan nan nan nan nan nan nan nan nan nan nan nan nan nan nan nan nan nan nan nan nan 267.89629709121169299 268.16299377131292658 268.51549966573657002 268.69833247139945342 268.87914749026595018 269.00049043316329289 269.03176837278158473 268.92959358591633645 268.98400101449817612 269.38623704476697185 269.62318790913997191 269.64756032763375515 269.82777988594051521 270.10764483462207863 270.38322949969017372 270.72989882938964001 271.10941372861179843 271.44923011953136438 271.7371617872574916 271.78527923582350923 271.80976600908445562 271.85104349120700817
nan nan nan nan nan nan nan nan nan nan nan nan nan nan nan nan nan nan nan nan nan nan nan nan nan nan nan nan nan nan nan nan nan nan nan nan nan nan nan nan nan 267.68369527174331779 267.88399252626322777 268.12064196509174963 268.46734503102015879 268.73998888394231699 268.82541325126612719 268.79738113025052826 268.91121974234073377 269.2974622718506339 269.68735009809563508 269.85015091521705699 269.92245556494867742 269.99767198277641 270.22287914494205552 270.54669525682413678 270.87618200770111798 271.2112426672579204 271.54865221136412856 271.70573959416663001 271.7220595710044222 271.75660924037094901 271.78968293655935895
nan nan nan nan nan nan nan nan nan nan nan nan nan nan nan nan nan nan nan nan nan nan nan nan nan nan nan nan nan nan nan nan nan nan nan nan nan nan nan nan nan 267.68499948896464957 267.79274778094753628 268.06055694871702144 268.36088837429952036 268.55101686816141182 268.74850245821767203 269.00908155695691448 269.26713280827925701 269.5831400537645095 269.87080511435306107 270.06716827360548905 270.24370132629820773 270.30952958134002984 270.44229120347443995 270.62536723759302504 270.90875764319702057 271.25220925001178784 271.59841862486086939 271.64061146193364493 271.66229799136607426 271.68879976305106538 271.72583906632434037
nan nan nan nan nan nan nan nan nan nan nan nan nan nan nan nan nan nan nan nan nan nan nan nan nan nan nan nan nan nan nan nan nan nan nan nan nan nan nan nan 267.80243786398625616 267.87877615173078993 267.98869561925511107 268.28983763515992678 268.55526144763712182 268.82181207029884717 269.03531130317503539 269.15770093282617381 269.37768545808182807 269.65538445826928182 269.95059123248074684 270.22975206213942556 270.39388634092546226 270.50475833223873678 270.62856652645018585 270.80648400391100949 271.04176588244610002 271.34608167758210584 271.5640085415145677 271.56677793464842807 271.59457016967377285 271.62059050304412722 271.66056778569429753
nan nan nan nan nan nan nan nan nan nan nan nan nan nan nan nan nan nan nan nan nan nan nan nan nan nan nan nan nan nan nan nan nan nan nan nan nan nan nan 268.10235542642493556 268.0743123048919756 268.100386179731629 268.18440448186566982 268.38336806156712555 268.63462630341729209 268.88241897734860686 269.09221437528975684 269.22136193539841997 269.39949658930760279 269.65764789102985333 269.9089625458495334 270.14778470858618675 270.39355289711085106 270.60098023775094589 270.74973723725531727 270.91011409230890195 271.15524643832316087 271.45090142055846627 271.47414627983056334 271.48616637908332905 271.51573106663170165 271.54904832936983894 271.60269396964554289
nan nan nan nan nan nan nan nan nan nan nan nan nan nan nan nan nan nan nan nan nan nan nan nan nan nan nan nan nan nan nan nan nan nan nan nan nan 268.16778649210425556 268.33140527532111719 268.39107994201731344 268.36885837781591135 268.36215289455066113 268.39224433417149385 268.46038776814100402 268.58062162405178697 268.81661601896644243 269.04610876640464312 269.25248233313300261 269.45393564318072777 269.61965858354500369 269.83715776102440032 270.05055695625827639 270.31758899915348593 270.58774709432537975 270.77015287905777541 270.99071081711031184 271.27907604391452878 271.39331362919818957 271.38758850552244439 271.40964466779126951 271.43537549752181803 271.47770675922481587 271.54599911956540836
nan nan nan nan nan nan nan nan nan nan nan nan nan nan nan nan nan nan nan nan nan nan nan nan nan nan nan nan nan nan nan nan nan nan nan nan 268.31599312965573745 268.38339180819190233 268.58766803579032967 268.63814559206838339 268.647992851520371 268.62261332357491028 268.62308340110826066 268.65385008996526039 268.7156263498068256 268.71489995304335707 268.90441213357382821 269.20957307940994951 269.46978765022544167 269.63905305286505154 269.84334403826022708 270.00322220635996473 270.26948438536885533 270.61263459929222108 270.81113526951639869 270.99143948086930322 271.24759285754913662 271.30701922078600319 271.3165107223124437 271.32678637552339751 271.34756236677412744 271.40306726014182459 271.4726064896161688
nan nan nan nan nan nan nan nan nan nan nan nan nan nan nan nan nan nan nan nan nan nan nan nan nan nan nan nan nan nan nan nan nan nan 268.47461215340490526 268.57403595372755944 268.61827420580044645 268.7141878710203855 268.82758898370246925 268.85259231943138047 268.8812400308722772 268.86259365119514086 268.85011430939312049 268.84875683589916662 268.8997133707418925 268.98616886483824828 268.8932087925947485 268.97809798688552974 269.28569932866810177 269.52995457602082752 269.73704851194548837 269.96063416508258115 270.2166674912906501 270.37118642940373547 270.65646774754691251 270.91532342861933103 271.21755298036890736 271.2189271747133148 271.2159416868797166 271.21443317935762707 271.24695676703021263 271.31779929247051086 271.36629223638146868
nan nan nan nan nan nan nan nan nan nan nan nan nan nan nan nan nan nan nan nan nan nan nan nan nan nan nan nan nan nan nan nan 268.30470493416157751 268.37447337300864092 268.57282870275690811 268.71791680534590796 268.79362286654577474 268.94377076583839425 269.04167559745309291 269.07048240608338574 269.06313397199863857 269.07607303454966541 269.07763202406783876 269.0772788699309217 269.12842201256819408 269.20089260114667695 269.30075841560244498 269.26817731148787516 269.34558289763907624 269.47297193516061498 269.66175931452130499 269.81183859208931608 269.9525343762146008 270.17038701656827016 270.46716115438562156 270.76124862345466227 271.06507679797238097 271.04130462287054115 271.07525148871837928 271.08882428296260514 271.13163622007067488 271.21326151484083766 271.26281518994426278
nan nan nan nan nan nan nan nan nan nan nan nan nan nan nan nan nan nan nan nan nan nan nan nan nan nan 266.59780248810290004 266.98552672232119676 267.38180247253012567 267.73954203666397689 267.97366022650311379 268.21659700378279467 268.34048507566734543 268.48841250991677043 268.6527038184622711 268.8281696659154818 268.93240904844475381 269.1419533016850778 269.25538667518247848 269.27446552963345994 269.24979923850304431 269.20344066972853625 269.21088683071195646 269.23393797911205638 269.34419207271491814 269.43202467256583077 269.55056400181655363 269.66604683211915017 269.65694687574080035 269.64633369044037181 269.83576801291678748 269.94552983434715543 270.07306478765468682 270.25823050678422987 270.45791919929217784 270.729009224202116 270.87187727728382924 270.90573145493215179 270.95395808652318692 270.97346324186537458 271.01606598608850618 271.09141389583334103 271.15014919909600621
nan nan nan nan nan nan nan nan nan nan nan nan nan nan nan nan nan nan nan nan nan nan nan nan nan nan 266.59021268875551414 267.06776211843811097 267.42439313783665966 267.82877045284487849 268.05664351891448405 268.24288834712376683 268.40883148805454539 268.58595095981002032 268.71244593306130355 268.86613143899296574 269.02992657173518865 269.2559608549174186 269.28778557008047301 269.31460369078797612 269.36732453254217035 269.3822800917247946 269.36070505703395384 269.37940790208477893 269.48015253215248777 269.58187377798685702 269.67996560639682002 269.83693640402566416 269.87776889845076767 269.83515817926127056 269.91592139613641166 270.07526908568200952 270.2023535301824495 270.38252253411639003 270.545891816089636 270.70979063890058569 270.75148761175228174 270.81560702641735361 270.85550765882680935 270.88099941255291014 270.92760435886577852 271.00047366898905921 271.00980909027697408
nan nan nan nan nan nan nan nan nan nan nan nan nan nan nan nan nan nan nan nan nan nan nan nan nan nan 266.55522708445340641 266.8941910273049416 267.2897488794066021 267.71539929647150302 268.03318052205889899 268.26291272587013736 268.43678275921973864 268.6274458342483058 268.79654588116693503 268.87938241320881616 269.04733463924020498 269.2474724346146786 269.31210906987928411 269.3727910679276647 269.4511398345514408 269.49626640142656697 269.52057277876332364 269.55743794387944945 269.63460191436638524 269.74557109602272931 269.86550887424584744 270.00442316299086087 270.04829676361578095 270.037986989848946 270.09642286484478291 270.22801897899398682 270.37914887797194297 270.50768564027703178 270.5480634540484175 270.58680080771603116 270.66453203992068666 270.73225441605279684 270.77078708921447969 270.81271322233334331 270.87137648686211833 270.91584854281308026 270.85966836306374717
nan nan nan nan nan nan nan nan nan nan nan nan nan nan nan nan nan nan nan nan nan nan nan nan nan nan 266.61062938022109847 266.73292172970263891 267.10207537878676476 267.62172452836369985 267.92570515371659212 268.18154405603883106 268.47452110080189414 268.70250359168602472 268.85571791813953269 268.93400840719266398 269.03714090478911203 269.19054398846532195 269.38930800654594577 269.45159277369799611 269.48862513807893038 269.52432120661751469 269.58904408570560918 269.63280343606436418 269.75408462359723671 269.84505407705159996 269.9737967552448481 270.09556832395298898 270.14599260718591722 270.18061752534219977 270.21675559737974481 270.29911453598492699 270.38382259279796926 270.4320140371566481 270.46669273112456722 270.52711737710581019 270.59375985476350479 270.64606424017767949 270.69861861020780225 270.75821084533578187 270.81953038041683612 270.78779285651387454 270.67666072676473732
nan nan nan nan nan nan nan nan nan nan nan nan nan nan nan nan nan nan nan nan nan nan nan nan nan nan nan 266.87722412171569886 267.31860082837641812 267.79424547861793826 268.04504120598591044 268.18028466019973166 268.261999202056586 268.58812624879863051 268.84563286174250152 269.02597567397953071 269.08979614738615282 269.18122847434761979 269.38838369185964439 269.51087196263824808 269.4977856404007639 269.52220578619937896 269.57510678988018071 269.64244125484020742 269.74612801506845017 269.86424917107405008 269.95300536692457172 270.05592241401359388 270.10783168564739753 270.13615805096054601 270.17169946892994403 270.22723436729563673 270.30561709680262084 270.36220268007571121 270.41017449437521236 270.4657731743657223 270.51707023370596517 270.57079211746099645 270.63064263504935525 270.71258071540484025 270.67725956874153326 270.53546302031332971 270.38670424707578377
