results/rofental/temp_month_2020-07-01T0000_2020-07-31T2300.asc
ncols        322
nrows        225
xllcorner    622802.488000000012
yllcorner    5178049.378999999724
cellsize     100.000000000000
[rows 168 to 195 of 225, columns 63 to 125 of 322]
nan nan nan nan nan nan nan nan nan nan nan nan nan nan nan nan nan nan nan nan nan nan nan nan nan nan nan nan 275.41902901938783543 275.84541340662553921 276.12748114325961524 276.21758723349375941 276.30147252161151528 276.41819545446384154 276.62656721031339657 277.01965960165620118 277.12195758487024477 277.15577724173817842 277.25566568757301411 277.38012441701573607 277.42230487841339936 277.4637965018417276 277.48534934249778416 277.54585262347723074 277.67471794771631721 277.75736424750493825 277.80661770775151354 277.87018864207675506 277.9381823743006521 277.98098588561327915 278.01872715039758077 278.05491077328821348 278.09411853189658359 278.1338726315316876 278.18233527793961457 278.24329301607480147 278.29399678974186827 278.35217528174956669 278.40887151281435763 278.40446045284960519 278.33958459419852716 278.14097816652736128 277.92450180932968351
nan nan nan nan nan nan nan nan nan nan nan nan nan nan nan nan nan nan nan nan nan nan nan nan nan nan nan nan 275.33468624490785714 275.82053834867826936 276.23463370520863691 276.3103312274852783 276.35407328542191863 276.42959902003843808 276.58158475816890132 276.83142993942607291 277.13082516619004991 277.19261133813176912 277.2626666044684498 277.32146117606521329 277.3581661693103797 277.46290942393937939 277.52118961997302904 277.54860638979897658 277.65597533560372767 277.74392134369264795 277.79328344139946694 277.85459135122221142 277.91441869553443667 277.94809529249562274 277.96932652462538726 277.9952166217315721 278.02476217169885331 278.06332140380845885 278.11133583082278165 278.16613497431097812 278.19363111445130698 278.20336207542698048 278.16167791616936711 278.10685276687598844 278.02731215735542492 277.77656941219964892 277.58165379758037261
nan nan nan nan nan nan nan nan nan nan nan nan nan nan nan nan nan nan nan nan nan nan nan nan nan nan nan 275.59732080646938357 275.65400699546694341 276.06864201845831985 276.3413855749411141 276.42041808410800741 276.42554969353932393 276.46058097550951516 276.58323188491323208 276.77211020202770442 276.99106186299673027 277.17216092777607628 277.28841699621932548 277.26973234497074827 277.29407594022018202 277.4462725046011542 277.55665358299700074 277.56781052004134835 277.6130826957599993 277.67087189725714325 277.74311821233129649 277.81176026805457013 277.86211175296898546 277.89497326646608144 277.91308399103911597 277.94509137650265984 277.96989384385994981 278.00889004593210529 278.04446941990539699 278.02604705734239587 277.9853765019421985 277.91473196448816907 277.85393748519118162 277.78673872994772864 277.64080058577218324 277.37082908484995869 277.1330981986959614
nan nan nan nan nan nan nan nan nan nan nan nan nan nan nan nan nan nan nan nan nan nan nan nan nan nan nan 275.75629624471417856 276.00890121113661735 276.21660809746538234 276.35998948206901105 276.47614890819278344 276.48528125107361575 276.51063313034450175 276.57873319013589253 276.67704394148148594 276.82611299903896906 277.05619511631016394 277.21569449600713142 277.20505605090102108 277.23631673879299342 277.43010881100292409 277.56011413833590495 277.55111037181512756 277.55190315969190351 277.58251057757792069 277.65343035867545041 277.72069563932979008 277.76000961770813547 277.79603547916860862 277.81585807152572443 277.87786866095160576 277.89069446383376771 277.86231742787390431 277.82794553351357081 277.77396216029001152 277.67549181857719987 277.60466512388825322 277.51697863978631631 277.41243842113675555 277.19292040847790304 277.0099891297181216 nan
nan nan nan nan nan nan nan nan nan nan nan nan nan nan nan nan nan nan nan nan nan nan nan nan nan nan nan nan 275.90378793052923356 276.24484367973963117 276.36361026919689721 276.43594382953779132 276.48720418913330832 276.55213736164472493 276.61363619359400445 276.6501494713760394 276.77123875801299846 276.90337885600808931 277.03155235751250984 277.11989970905648306 277.1600740441057269 277.32653940439888629 277.47436953893361533 277.4934872666077581 277.48664219655114493 277.50640747639488382 277.6034761991076607 277.6541433869393245 277.67255777730889577 277.67485372968843649 277.65663159858110021 277.63715488724500347 277.57064469987727762 277.52764727246466236 277.46890642618279799 277.40230784897875083 277.28317238172115822 277.22864194299455676 277.15029521860662953 277.05795514755709519 276.7466136634158147 276.75382686574300806 nan
nan nan nan nan nan nan nan nan nan nan nan nan nan nan nan nan nan nan nan nan nan nan nan nan nan nan nan nan nan 275.98493239280452372 276.30996637120591686 276.37560844274946703 276.44028647928018927 276.53629088650291123 276.63099945695921633 276.69157154624912209 276.77999844172893518 276.86458582776344883 276.98783287658835661 277.09644654953626741 277.1259283404292546 277.26646099647990695 277.40955163433426378 277.43937636606432307 277.42172955087215769 277.44259452838923607 277.54641604022191359 277.53387889415643031 277.50251955196341669 277.46390576810966877 277.35951685251450272 277.30419402629092929 277.30416551606106168 277.22836410818683817 277.11334685760868979 277.0125013892500192 276.90921070698311723 276.85821005314676313 276.72370423974371079 276.53889774804753188 276.54300101132787404 nan nan
nan nan nan nan nan nan nan nan nan nan nan nan nan nan nan nan nan nan nan nan nan nan nan nan nan nan nan nan nan nan 275.92601222835173758 276.12017788456176959 276.28996176870765566 276.43070220554056959 276.53427762614779795 276.69808486778470069 276.77881786858569058 276.85439629522289806 276.96349166769738304 277.00819694473801746 277.01782441898649267 277.10265539660440481 277.20337718210362254 277.23788133168477543 277.23033164825926633 277.25183382625482409 277.2786171040849581 277.26014206843626653 277.23717303063142481 277.20418203047239558 277.12909386754080288 277.10222714073393036 277.02374257382018641 276.86733065095364736 276.7633979763133425 276.62886820653039877 276.51151876730295953 276.3807407529150737 nan nan nan nan nan
nan nan nan nan nan nan nan nan nan nan nan nan nan nan nan nan nan nan nan nan nan nan nan nan nan nan nan nan nan nan nan nan nan nan nan 276.65902055809044668 276.72266944825713608 276.79708083987424061 276.83674940575679102 276.81557073447146422 276.79776977967463836 276.83631366998804424 276.7801173911012711 276.84391320624695254 276.94189054935867489 277.01975577190944477 277.06117275917557663 277.10500777925096827 277.06276748984481628 277.02852977448691263 276.96349077204985178 276.84625894958008985 276.6310109853345125 nan nan nan nan nan nan nan nan nan nan
nan nan nan nan nan nan nan nan nan nan nan nan nan nan nan nan nan nan nan nan nan nan nan nan nan nan nan nan nan nan nan nan nan nan nan nan nan nan nan nan nan nan nan nan nan nan 277.01570788945804225 277.00054422087703188 276.92217688133422371 276.86826790242457719 276.74029479617809102 276.51653362877965492 276.35738356822969308 nan nan nan nan nan nan nan nan nan nan
nan nan nan nan nan nan nan nan nan nan nan nan nan nan nan nan nan nan nan nan nan nan nan nan nan nan nan nan nan nan nan nan nan nan nan nan nan nan nan nan nan nan nan nan nan nan nan 276.92148476984192484 276.73067813589176467 276.72143697329215684 276.53925360647002663 nan nan nan nan nan nan nan nan nan nan nan nan
nan nan nan nan nan nan nan nan nan nan nan nan nan nan nan nan nan nan nan nan nan nan nan nan nan nan nan nan nan nan nan nan nan nan nan nan nan nan nan nan nan nan nan nan nan nan nan nan nan nan nan nan nan nan nan nan nan nan nan nan nan nan nan
nan nan nan nan nan nan nan nan nan nan nan nan nan nan nan nan nan nan nan nan nan nan nan nan nan nan nan nan nan nan nan nan nan nan nan nan nan nan nan nan nan nan nan nan nan nan nan nan nan nan nan nan nan nan nan nan nan nan nan nan nan nan nan
nan nan nan nan nan nan nan nan nan nan nan nan nan nan nan nan nan nan nan nan nan nan nan nan nan nan nan nan nan nan nan nan nan nan nan nan nan nan nan nan nan nan nan nan nan nan nan nan nan nan nan nan nan nan nan nan nan nan nan nan nan nan nan
nan nan nan nan nan nan nan nan nan nan nan nan nan nan nan nan nan nan nan nan nan nan nan nan nan nan nan nan nan nan nan nan nan nan nan nan nan nan nan nan nan nan nan nan nan nan nan nan nan nan nan nan nan nan nan nan nan nan nan nan nan nan nan
nan nan nan nan nan nan nan nan nan nan nan nan nan nan nan nan nan nan nan nan nan nan nan nan nan nan nan nan nan nan nan nan nan nan nan nan nan nan nan nan nan nan nan nan nan nan nan nan nan nan nan nan nan nan nan nan nan nan nan nan nan nan nan
nan nan nan nan nan nan nan nan nan nan nan nan nan nan nan nan nan nan nan nan nan nan nan nan nan nan nan nan nan nan nan nan nan nan nan nan nan nan nan nan nan nan nan nan nan nan nan nan nan nan nan nan nan nan nan nan nan nan nan nan nan nan nan
nan nan nan nan nan nan nan nan nan nan nan nan nan nan nan nan nan nan nan nan nan nan nan nan nan nan nan nan nan nan nan nan nan nan nan nan nan nan nan nan nan nan nan nan nan nan nan nan nan nan nan nan nan nan nan nan nan nan nan nan nan nan nan
nan nan nan nan nan nan nan nan nan nan nan nan nan nan nan nan nan nan nan nan nan nan nan nan nan nan nan nan nan nan nan nan nan nan nan nan nan nan nan nan nan nan nan nan nan nan nan nan nan nan nan nan nan nan nan nan nan nan nan nan nan nan nan
nan nan nan nan nan nan nan nan nan nan nan nan nan nan nan nan nan nan nan nan nan nan nan nan nan nan nan nan nan nan nan nan nan nan nan nan nan nan nan nan nan nan nan nan nan nan nan nan nan nan nan nan nan nan nan nan nan nan nan nan nan nan nan
nan nan nan nan nan nan nan nan nan nan nan nan nan nan nan nan nan nan nan nan nan nan nan nan nan nan nan nan nan nan nan nan nan nan nan nan nan nan nan nan nan nan nan nan nan nan nan nan nan nan nan nan nan nan nan nan nan nan nan nan nan nan nan
nan nan nan nan nan nan nan nan nan nan nan nan nan nan nan nan nan nan nan nan nan nan nan nan nan nan nan nan nan nan nan nan nan nan nan nan nan nan nan nan nan nan nan nan nan nan nan nan nan nan nan nan nan nan nan nan nan nan nan nan nan nan nan
nan nan nan nan nan nan nan nan nan nan nan nan nan nan nan nan nan nan nan nan nan nan nan nan nan nan nan nan nan nan nan nan nan nan nan nan nan nan nan nan nan nan nan nan nan nan nan nan nan nan nan nan nan nan nan nan nan nan nan nan nan nan nan
nan nan nan nan nan nan nan nan nan nan nan nan nan nan nan nan nan nan nan nan nan nan nan nan nan nan nan nan nan nan nan nan nan nan nan nan nan nan nan nan nan nan nan nan nan nan nan nan nan nan nan nan nan nan nan nan nan nan nan nan nan nan nan
nan nan nan nan nan nan nan nan nan nan nan nan nan nan nan nan nan nan nan nan nan nan nan nan nan nan nan nan nan nan nan nan nan nan nan nan nan nan nan nan nan nan nan nan nan nan nan nan nan nan nan nan nan nan nan nan nan nan nan nan nan nan nan
nan nan nan nan nan nan nan nan nan nan nan nan nan nan nan nan nan nan nan nan nan nan nan nan nan nan nan nan nan nan nan nan nan nan nan nan nan nan nan nan nan nan nan nan nan nan nan nan nan nan nan nan nan nan nan nan nan nan nan nan nan nan nan
nan nan nan nan nan nan nan nan nan nan nan nan nan nan nan nan nan nan nan nan nan nan nan nan nan nan nan nan nan nan nan nan nan nan nan nan nan nan nan nan nan nan nan nan nan nan nan nan nan nan nan nan nan nan nan nan nan nan nan nan nan nan nan
nan nan nan nan nan nan nan nan nan nan nan nan nan nan nan nan nan nan nan nan nan nan nan nan nan nan nan nan nan nan nan nan nan nan nan nan nan nan nan nan nan nan nan nan nan nan nan nan nan nan nan nan nan nan nan nan nan nan nan nan nan nan nan
nan nan nan nan nan nan nan nan nan nan nan nan nan nan nan nan nan nan nan nan nan nan nan nan nan nan nan nan nan nan nan nan nan nan nan nan nan nan nan nan nan nan nan nan nan nan nan nan nan nan nan nan nan nan nan nan nan nan nan nan nan nan nan
