results/rofental/temp_month_2020-03-01T0000_2020-03-31T2300.asc
ncols        322
nrows        225
xllcorner    622802.488000000012
yllcorner    5178049.378999999724
cellsize     100.000000000000
[rows 168 to 195 of 225, columns 126 to 188 of 322]
264.5569415436935401 264.5149122053618953 264.4641303397044112 264.40254053596333961 264.16677891007390144 263.81817180283570679 263.88754527684426421 264.14796297205117526 264.28896223645540431 264.28938833238993311 264.35471525874089593 264.4717420857534762 264.54185977260510754 264.65846125422126534 264.7733541898650742 264.83651463828493888 264.97011854479109161 265.0352994223497376 265.15134692142771655 265.27461741145498308 265.40187495594904021 265.53419725096898674 265.67579135108263699 265.92156051868602162 266.19125210043932839 266.45559394429886879 266.66087605807626915 266.73366064249279361 266.69400368104817289 266.68006297050970943 266.7098085539321346 266.78178447171092103 266.74807699148988149 266.64090063197164682 266.36334897846882086 266.22149648727560134 266.065723909467863 266.01069345328647842 265.98426902405816463 265.94500568884757286 265.78050613250690049 265.56356239015389065 265.37931033404419168 265.32072735730764634 265.30140657327052622 265.21035646175573675 265.1131678469957933 265.10221585652777776 265.12956825414323703 265.14391451801128596 265.1521823405311693 265.04558604585008652 264.62831080894608249 264.13850232130062068 nan nan nan nan nan nan nan nan nan
264.17413866348408646 264.22214219234575694 264.28760079712350262 264.25779987635451107 264.09278727826642807 nan nan 264.15703455070763539 264.27863434936585918 264.3100331446561313 264.33162819716540071 264.43528829676023406 264.54779481173943623 264.71225799088335862 264.82664441760857699 264.8940745910969099 264.96588278361974744 265.0364224030985838 265.19101743743487987 265.29173788887925411 265.38816199008545027 265.55743387023534297 265.78071069583319286 266.08014468685445308 266.33062005778339199 266.53845583644636008 266.66314225270491534 266.63387240516078691 266.61544238584963296 266.5900117684142856 266.62741809996504116 266.70278402472865764 266.64275456351441562 266.4951303249812895 266.32586913353065938 266.17554327061799313 266.04181154490856898 265.93380375558729156 265.91453422454043221 265.82859922259297036 265.60299464918762169 265.38645982870912121 265.2586752606039795 265.23365946792586101 265.21978663267049114 265.13673737624782234 265.05837601604866904 265.03515428284970312 265.06942887412037635 265.06227244257553366 265.06365130898393545 264.95539476433106074 264.60825842873498459 264.20214845634808398 nan nan nan nan nan nan nan nan nan
263.87557091010370414 263.98429686816604089 264.11642715050862762 264.09243979584618955 nan nan nan nan nan nan 264.32876428349419484 264.46203142892187543 264.61024672254615098 264.72607865802166316 264.82178844615805247 264.89789188050428947 264.95819155690151092 265.0362463415832508 265.15353967509236099 265.2802593558073454 265.50320977187362814 265.74140511724124281 265.98068473802220524 266.22480571069445432 266.42820080787191728 266.59444799907350898 266.58885476370073775 266.53188043352901104 266.52691236346271353 266.50473786633074269 266.54923091678131186 266.60160283129118852 266.49994704633354559 266.38607921950955415 266.24711247853292662 266.12356890658384145 265.94596619111212021 265.81612487696548897 265.78117831879768573 265.62506022860935673 265.39834480485859558 265.22103999611869085 265.1637459383556461 265.17773936777399513 265.1211711197958607 265.0027598000841067 264.95342782117864999 264.97212713937932449 265.01791451829086554 264.99632707877685789 264.97228942788757422 264.91219449017341958 264.50700416017082262 264.15963602846784397 nan nan nan nan nan nan nan nan nan
263.74376730248332024 nan nan nan nan nan nan nan nan nan 264.35959698457310196 264.53344301052658238 264.75843172045642859 264.8599346802948844 264.93770595052797034 265.01856160517826311 265.10108788617372966 265.15370928730862943 265.2981008708943591 265.45982168802169099 265.65146475418561067 265.87386742730433298 266.1093089629303563 266.31421710562858607 266.44661489987151981 266.56312091644656448 266.49446172568917746 266.44310658202249442 266.43862113238924394 266.42971840983108223 266.45954636602135679 266.48880348982669375 266.34569547629570252 266.23429894281889574 266.13024146747250143 266.01463227292379088 265.86647578652605262 265.6601462045193216 265.54659361605121148 265.3621917082730306 265.18950723070832964 265.09395675829034644 265.09008935827529285 265.04907743463570569 264.94370060908829601 264.88875181969279993 264.87110766240812154 264.91138717680155423 264.97382417570361213 264.95879098097941551 264.91970912570724295 264.84816463158205124 264.71353345156393289 264.45948179188860649 264.09524317944573113 nan nan nan nan nan nan nan nan
nan nan nan nan nan nan nan nan nan nan nan 264.66192044545255158 264.90979593413902649 265.03444256775776466 265.09162971654995999 265.15667290103624509 265.1801621660604269 265.2837766278324807 265.40787389217808823 265.58543149059255484 265.79979629162818355 266.02475804054517994 266.21431668097238799 266.38420639583580396 266.4468749705476398 266.47622584395372769 266.41512695339480388 266.3655701041524253 266.35791812760720632 266.34908197222279114 266.3499180923282097 266.35978671671199436 266.21120879912052715 266.06209775725295685 265.98624874151937547 265.91518239610928731 265.71822628385274356 265.49594129683180199 265.32693824721866349 265.13510443591002286 265.00310739349134792 264.97844055732934976 264.92344957343061651 264.87497312392457616 264.84437813185525101 264.82340090001997623 264.81719307702621791 264.85975611129424578 264.87923479075709565 264.88681980814322969 264.85781851544868459 264.794283689890392 264.66263778426423414 264.46615241913718819 263.99302450964353284 nan nan nan nan nan nan nan nan
nan nan nan nan nan nan nan nan nan nan nan nan nan 265.11907208015117021 265.21494578118495156 265.30761125043568427 265.37596808490849298 265.46377258170554114 265.57266490365310574 265.75311179147075791 265.95322515462652291 266.13194680026805372 266.29421596098654845 266.35612866646232533 266.36343054463020508 266.38611304112220068 266.33961229501107937 266.29184790238110736 266.27988650590231146 266.26006356718494317 266.23450846196948305 266.2026400363843095 266.07735505850416757 265.95946909825164539 265.85967325697401975 265.76405766583229706 265.5485313923945796 265.3118832525592552 265.11437589135903181 264.98640650793072382 264.9104363004444167 264.86756996302608513 264.72230045408690557 264.75896306498452759 264.75261074562956765 264.7560374339449254 264.77007834447641699 264.78785375004326852 264.78676634634251741 264.78685264472255767 264.77890311781015953 264.74310768905212399 264.59061581907570826 264.21115973916812436 263.98139118459585006 263.78794115614613247 nan nan nan nan nan nan nan
nan nan nan nan nan nan nan nan nan nan nan nan nan nan nan 265.41806545042567222 265.53806644257053904 265.61396480834849854 265.74196612242860738 265.89427842185483541 266.07290316647760164 266.20066356320302248 266.26780071567321784 266.25210735993903199 266.27586079891131021 266.31872052720666488 266.28094026482278878 266.22466056285230707 266.2008444867423691 266.17359721488566038 266.09813440621866221 266.03430064333002747 265.96707278584341339 265.89022974452984727 265.78352267884338289 265.58361077692381969 265.29800614843588846 265.06936835981048262 264.92286421322916112 264.84870587623640859 264.8003725692764192 264.76977175345672322 264.70561453478461544 264.62596188823823695 264.65777145989824248 264.66155207189325438 264.68668331318525588 264.70858270495074294 264.72859194680984274 264.7378395177277639 264.71820741230874319 264.66683330665028961 264.50156696950398327 264.03047668443184648 263.86458337893100179 nan nan nan nan nan nan nan nan
nan nan nan nan nan nan nan nan nan nan nan nan nan nan nan 265.4940667722542571 265.64524801584570923 265.71722269562775409 265.8655407410201974 266.0618416722648476 266.16009187135352931 266.19584086304132597 266.18245985833527811 266.17933577111841714 266.20585097068732239 266.25716996041319362 266.22429216400632868 266.15332254020296432 266.10240427422434095 266.06146342683331341 265.92513961331934524 265.87482604166194733 265.82697890581749789 265.7824168100447082 265.7154762871759317 265.45878364422867435 264.99509998134470834 264.71959537066140911 264.77336568400158967 264.73325152390941639 264.67481016248910919 264.64023767592584591 264.62551021160618347 264.48510988413357836 264.51385571520188478 264.52427079907090501 264.56256593953639822 264.62043871564480924 264.64393623129927846 264.6581699433914423 264.64286149114400359 264.56955301405378123 264.39515990222326991 264.07031879866917734 nan nan nan nan nan nan nan nan nan
nan nan nan nan nan nan nan nan nan nan nan nan nan nan nan nan 265.69873048535157523 265.79547568480103337 265.94697076680029113 266.10352943038918738 266.14832860071555842 266.11637768754496847 266.11213287959810714 266.11147080597271497 266.14343048935160141 266.18519166190208125 266.1585125052970966 266.07540776736959742 265.99199834931931719 265.90989333331236821 265.76839927626559756 265.72530383809930754 265.69622165977762052 265.67189314297377223 265.64207067970409071 265.34371657818223866 264.91056012172640521 264.5894457129754187 264.63789369749804337 264.62706596032319339 264.55893764394141954 264.52193657436072272 264.50579522452585479 264.38931924804205664 264.42808627084099271 264.45380752585998607 264.50754848321298596 264.52134160300187204 264.53672803185452267 264.54191067409965399 264.52824313597005812 264.46555863162262767 264.263270258605246 nan nan nan nan nan nan nan nan nan nan
nan nan nan nan nan nan nan nan nan nan nan nan nan nan nan nan nan 265.81629274374671468 265.94959639512802596 266.07942912905457433 266.09732833938971908 266.06156302525533874 266.04452092776853078 266.04806865091057944 266.07054898258024878 266.08565489625357259 266.05365137169650325 265.95737691199741448 265.89452616469952773 265.77508940348508304 265.67907669800268877 265.63828503122897473 265.60646602726535548 265.57666026397350834 265.51601733710322151 265.15696907273223815 264.87869464701009292 264.57700216275338789 264.46451945245723891 264.49023652556712705 264.45429965487971913 264.42335672779887545 264.4093934379866937 264.2651229113657223 264.3082080448709803 264.34304881563849676 264.37700094290903507 264.42366417266219969 264.43880773603132184 264.44237253510095798 264.41550545767842095 264.35957719587906922 nan nan nan nan nan nan nan nan nan nan nan
nan nan nan nan nan nan nan nan nan nan nan nan nan nan nan nan nan 265.85634847172156014 265.96335214371754319 266.05549616245218658 266.07192158302120788 266.03285970683566575 266.00239225720326885 265.97741966173691708 265.96884891388992855 265.96443494707779109 265.95615720689534101 265.85570635982458043 265.7726827741318516 265.70490246107681287 265.6329240331060646 265.58174881262954159 265.52103694624867103 265.44203887918359897 265.36915641635926022 264.97451677602589371 264.67891322151507438 264.47004116215009617 264.33012160318679662 264.35772359020461408 264.34080021415934425 264.3104230896253739 264.29543784152349417 264.08872967971933576 264.13433685410376484 264.15027710185694332 264.19307221173409062 264.22653077009499611 264.27973707771849377 264.33252372497321403 264.33168805627354914 264.2565447641034666 nan nan nan nan nan nan nan nan nan nan nan
nan nan nan nan nan nan nan nan nan nan nan nan nan nan nan nan nan nan 265.998267781289087 266.05351570673593642 266.05406768760963132 265.9897151921440468 265.93622850664462476 265.89550489580591375 265.84193987814620641 265.83284740754601216 265.88224332789428672 265.78836221814856344 265.69629811799677555 265.66749780647137413 265.59073237184088612 265.5522735317846923 265.47400797361467539 265.34561749737406444 265.23172254474297915 265.09674785837347599 264.75436165678991074 264.40452060229785047 264.22101370216091709 264.20240091288252415 264.22130469178932799 264.2359724055309016 264.19989380619239228 263.91192049149873355 263.91228458699163184 263.94678739681887691 263.88188425583564367 263.92936846447878452 264.06468500507395447 264.19911453512554544 264.24109879752870711 nan nan nan nan nan nan nan nan nan nan nan nan
nan nan nan nan nan nan nan nan nan nan nan nan nan nan nan nan nan nan 266.02422785578818321 266.01839462227127342 265.97732699097167597 265.93745001551548057 265.85850143298870307 265.78387529805820577 265.74393428900430081 265.74142553641650011 265.78729792840687196 265.74898081774421144 265.69114025588675077 265.64647688018379768 265.56614529519134749 265.50422504846983429 265.41318537365890506 265.20980480219759556 265.09475491925945789 265.00878000515552912 264.95048938482261747 264.71603725438757237 264.19479078076091128 264.06445191709019582 264.10141745236734323 264.11354898209708608 264.05501807467203434 263.67195712293721499 263.58782264027570363 263.49109614013696046 263.58179243176277851 263.87694576327783125 264.01033487784872023 264.04317617087190229 nan nan nan nan nan nan nan nan nan nan nan nan nan
nan nan nan nan nan nan nan nan nan nan nan nan nan nan nan nan nan nan nan nan 265.87351770934537853 265.84759581387248772 265.77831827027790723 265.6781747192467833 265.62617455014213874 265.61877083327181026 265.66119905150839031 265.68690558059557816 265.65312551271063057 265.53125470163701038 265.46909983867362826 265.39749238152637645 265.31006127449279575 265.07589968846389183 264.93286341700439834 264.88888948105511645 264.8466180172051736 264.69464366149964007 264.19331036994714168 263.95930178341353667 263.94461922966735301 263.95870498263235504 263.87415231073856603 263.49017516872788747 263.14912793732537466 nan 263.61684317774387409 263.90958334004574226 nan nan nan nan nan nan nan nan nan nan nan nan nan nan nan
nan nan nan nan nan nan nan nan nan nan nan nan nan nan nan nan nan nan nan nan 265.75256016777137802 265.700192391819769 265.66464837816226918 265.57973781491205045 265.51830556169295505 265.51557346128936388 265.53421810117282575 265.57775898023822947 265.56158075684913911 265.39990340368615307 265.2239388714581878 265.06438963804259856 264.88504888153568118 264.83142075761281831 264.78705101754519546 264.81870034436968808 264.71449907401932933 264.59853252829145731 264.29512503183349281 263.96380447437883277 263.83688983454226218 263.81527817863673135 263.61707404767236085 263.27288421750819225 nan nan nan nan nan nan nan nan nan nan nan nan nan nan nan nan nan nan nan
nan nan nan nan nan nan nan nan nan nan nan nan nan nan nan nan nan nan nan nan 265.55910349861102304 265.53022798061471121 265.49233255629616224 265.45699797159022637 265.39430788258624716 265.41854189165479738 265.42898143910935005 265.46656698421929832 265.4224556073749568 265.07917177701597211 264.71118722914070531 264.55853745575421954 264.51631118768614215 264.62166357836821362 264.64444052950625519 264.68847827972552977 264.58101986242445491 264.45257718235512812 264.21665873462006857 264.01045629125832193 263.83567721493511726 263.71679139077343734 263.54739857079277954 263.28861974113908673 nan nan nan nan nan nan nan nan nan nan nan nan nan nan nan nan nan nan nan
nan nan nan nan nan nan nan nan nan nan nan nan nan nan nan nan nan nan nan nan 265.32365295828645912 265.30674495526744749 265.3298015003481396 265.28313463264839811 265.29448498066676621 265.34929428517159522 265.34728247829605152 265.36444157398642574 265.32852389828957484 265.03657989737740763 264.44585381875157282 264.1322387793360349 264.3576463309684641 264.52578256803747081 264.51515014361257272 264.40931647400338989 264.28650403951576209 264.21269156025960001 264.09010240944706993 264.00148272953720152 263.83930298371541312 263.69347629535013766 263.56178022015120632 263.24962470772845791 nan nan nan nan nan nan nan nan nan nan nan nan nan nan nan nan nan nan nan
nan nan nan nan nan nan nan nan nan nan nan nan nan nan nan nan nan nan nan nan nan 265.05366464690581552 265.16489966948063284 265.17098811541632131 265.22535185698268378 265.28657775978166455 265.28107737940189281 265.28999053654484896 265.24585341846017172 265.05789471790740208 264.54370520201302952 263.96472661603422694 264.25065316078922706 264.34792864468784046 264.31490037602844723 264.01091394334520146 264.00808507101163514 264.00260657643178774 263.96679839107019916 263.94579207986697611 263.82057218990195224 263.65071404044397241 263.50970078093109805 nan nan nan nan nan nan nan nan nan nan nan nan nan nan nan nan nan nan nan nan
nan nan nan nan nan nan nan nan nan nan nan nan nan nan nan nan nan nan nan nan nan 265.043311869015497 265.09001780425029438 265.10107822096466634 265.13768396440570996 265.19878779938966318 265.20983156382055768 265.22356647679526986 265.13224376282676076 264.91794954773513382 264.52438043494305475 263.8201464074559226 264.01418727982024848 264.15009733198274944 264.01430111229871045 263.69508475550748017 263.78968144852092337 263.81859529083055804 263.83919924690655989 263.84536495739490647 263.74755320598728758 263.54930523292091493 263.4170341905502255 nan nan nan nan nan nan nan nan nan nan nan nan nan nan nan nan nan nan nan nan
nan nan nan nan nan nan nan nan nan nan nan nan nan nan nan nan nan nan nan nan 264.94637518688574573 265.00448688270006414 265.01384255045223881 265.02676589207254665 265.06889571338336964 265.11441448807522647 265.13770854254482856 265.1480555726836883 264.87941504408820492 264.55705704083788987 264.28528121422158392 263.89243689736014176 263.76069586380879173 263.88418869811403056 263.56508119254243638 263.5335473352711233 263.66716211734029685 263.58972046692838376 263.6537100434731542 263.72745287918996837 263.63519805118534123 263.44856332930135068 nan nan nan nan nan nan nan nan nan nan nan nan nan nan nan nan nan nan nan nan nan
nan nan nan nan nan nan nan nan nan nan nan nan nan nan nan nan nan nan nan 264.80468048206245157 264.93354393485554965 264.95003159683705007 264.95802311884841629 264.96500280037622588 265.00804456910481122 265.04200763651482475 265.05348471171282654 265.04977106355994465 264.75384629006936166 264.54064891708475216 264.30412186415560427 264.12363517715419903 264.02137693486878334 263.79486805045166875 263.65054464164592218 263.53799121046540677 263.55787608427925761 263.42274753548713306 263.47908497531818739 263.58479751818856585 263.49664481365834945 nan nan nan nan nan nan nan nan nan nan nan nan nan nan nan nan nan nan nan nan nan nan
nan nan nan nan nan nan nan nan nan nan nan nan nan nan nan nan nan 264.37725124846048175 264.66935963329700598 264.8173802277144091 264.86888087867913555 264.87205508140630172 264.9037704065153207 264.90288225735116612 264.93554040914051484 264.9633680454575142 264.95273096419708736 264.94797011310333801 264.67383725159282903 264.54017805439377753 264.36589657282320331 264.04407157611132106 263.89918553627074971 263.96072896319685697 263.92593169499372152 nan nan nan nan nan nan nan nan nan nan nan nan nan nan nan nan nan nan nan nan nan nan nan nan nan nan nan nan
nan nan nan nan nan nan nan nan nan nan nan nan nan nan nan nan 264.1541295800119542 264.42703879198842287 264.6745859266073353 264.77166334026992445 264.77726604809447508 264.78270082186600121 264.82636736320245063 264.85066057338451628 264.87524436184986598 264.88362211332099605 264.86202210613919306 264.85080033268349098 264.67186211063699375 264.36620704192705489 264.29735871613303289 264.18313393522527122 263.87228518820984391 nan nan nan nan nan nan nan nan nan nan nan nan nan nan nan nan nan nan nan nan nan nan nan nan nan nan nan nan nan nan
nan nan nan nan nan nan nan nan nan nan nan nan nan nan nan nan 264.16209078432649449 264.49206467497441508 264.60078542250346345 264.64380545305073156 264.68082878008817715 264.69368024998453848 264.73339041009523953 264.79235822441938808 264.84286093576770327 264.82066297860228588 264.77848718505583747 264.74034530825792899 264.65444240656438524 264.302270177873595 264.31107032770046317 264.14679278224372183 nan nan nan nan nan nan nan nan nan nan nan nan nan nan nan nan nan nan nan nan nan nan nan nan nan nan nan nan nan nan nan
nan nan nan nan nan nan nan nan nan nan nan nan nan nan nan nan 264.24435239550996357 264.40236536844247439 264.4080760198291955 264.45477692351704491 264.54232505139987097 264.58464116617955142 264.61292452291235122 264.60816353245405708 264.60175751054100601 264.63575764696457782 264.68738915886410723 264.61448972415979597 264.56328778662168588 nan nan nan nan nan nan nan nan nan nan nan nan nan nan nan nan nan nan nan nan nan nan nan nan nan nan nan nan nan nan nan nan nan nan
nan nan nan nan nan nan nan nan nan nan nan nan nan nan nan nan nan 264.20070419487501567 264.13328535381128859 264.25858803669217423 264.34421017931731512 264.43078165443534999 264.46283676510881833 264.46532440829457755 264.40403989293963605 264.31854524226770309 264.51396528412766429 nan nan nan nan nan nan nan nan nan nan nan nan nan nan nan nan nan nan nan nan nan nan nan nan nan nan nan nan nan nan nan nan nan nan nan nan
nan nan nan nan nan nan nan nan nan nan nan nan nan nan nan nan nan nan nan 264.04522425428785937 264.04893551458945922 264.20278585530093096 264.1792949324028541 264.17673654503801117 nan nan nan nan nan nan nan nan nan nan nan nan nan nan nan nan nan nan nan nan nan nan nan nan nan nan nan nan nan nan nan nan nan nan nan nan nan nan nan
nan nan nan nan nan nan nan nan nan nan nan nan nan nan nan nan nan nan nan nan nan nan nan nan nan nan nan nan nan nan nan nan nan nan nan nan nan nan nan nan nan nan nan nan nan nan nan nan nan nan nan nan nan nan nan nan nan nan nan nan nan nan nan
