results/rofental/temp_month_2020-02-01T0000_2020-02-29T2300.asc
ncols        322
nrows        225
xllcorner    622802.488000000012
yllcorner    5178049.378999999724
cellsize     100.000000000000
[rows 112 to 139 of 225, columns 189 to 251 of 322]
269.34594342111188325 269.56915752342655423 269.75407421260194951 269.9269252186387007 269.8000997284285063 269.60652742020585038 269.45274685129521686 269.26736233837345935 268.96415240800956781 268.6649138196891613 268.40940580493105472 268.15248890495053047 268.1561885358262316 268.20862435479745045 268.28469426647779983 268.40039972703880267 268.39501262569217488 268.10338549245938111 267.89439053213345687 267.78624853631362157 267.73430637284383238 267.8118501078506597 267.99639093749493668 268.05428506148479073 267.90016933454120363 267.75193177764640495 267.89654591675338224 nan nan nan nan nan nan nan nan nan nan nan nan nan nan nan nan nan nan nan nan nan nan nan nan nan nan nan nan nan nan nan nan nan nan nan nan
269.52465378818214958 269.70562132783533116 269.85637952785759808 269.70915935012925502 269.63021074199559735 269.41827326731549874 269.18280264324027939 268.97692244980004261 268.61418368598162942 268.36035315401011303 268.15100268072728795 267.99441471704761852 267.99988614327344294 268.03623684389424398 268.0648065515589451 268.19794783648990233 268.22904657137485174 268.08398342536969494 267.79567201296526946 267.53886489480117916 267.60178767556709545 267.74345394979735602 267.82706207920335828 267.77864016432545213 267.5662969541905909 nan nan nan nan nan nan nan nan nan nan nan nan nan nan nan nan nan nan nan nan nan nan nan nan nan nan nan nan nan nan nan nan nan nan nan nan nan nan
269.69660799164881837 269.83356770368101252 269.66339002956482318 269.52762845212737375 269.38517371323501948 269.17990684696843573 268.9352578921713075 268.66024369441686304 268.39625572182382029 268.14400688373592629 267.91681233407263107 267.82195993012595636 267.86694103234253816 267.91795783903938855 267.93301847181680841 268.02826098855626924 268.06379497068508044 268.05014646364406872 267.73663217901474809 267.41228515136236865 267.51004854555185375 267.67049290139544837 267.68977512376829964 267.53087783371250907 267.2775802694354752 nan nan nan nan nan nan nan nan nan nan nan nan nan nan nan nan nan nan nan nan nan nan nan nan nan nan nan nan nan nan nan nan nan nan nan nan nan nan
269.79912547738359763 269.66493967071374982 269.51962149367403754 269.34906690836743337 269.16453684323494144 268.93390285287455299 268.70712107914971511 268.52335071697302737 268.29421913188025428 268.01826068262244007 267.78400283623534506 267.67423285393874721 267.71303789314026744 267.70767865148366127 267.78682310538630418 267.87724233236053806 267.89067001611596197 267.918892838123611 267.70516509045205567 267.349522545367563 267.30965449205302775 267.44894940445180964 267.47028429897324031 267.34642788413577819 267.05928622641920356 nan nan nan nan nan nan nan nan nan nan nan nan nan nan nan nan nan nan nan nan nan nan nan nan nan nan nan nan nan nan nan nan nan nan nan nan nan nan
269.5420828908755766 269.44209381659914015 269.31248143593057875 269.07813188690755624 268.85203952081479883 268.64402878911675998 268.41752753738308002 268.21810712747509342 268.10244036449262239 267.95878926906419792 267.78777450623204004 267.53314800449339828 267.47546680400603236 267.51435571265068347 267.62919709304503613 267.71365091099096389 267.73514119843719072 267.72420936049911688 267.53201353910350235 267.17613618367090567 267.0121202864269776 267.14379134352958545 267.15377965118750581 267.01067060452476198 266.9475890712403725 nan nan nan nan nan nan nan nan nan nan nan nan nan nan nan nan nan nan nan nan nan nan nan nan nan nan nan nan nan nan nan nan nan nan nan nan nan nan
269.30626349100413108 269.18945093221901743 269.06138964869398933 268.71552989739967643 268.50402529014911579 268.33180057703066268 268.10014029866931651 267.93871090039039018 267.7847985413732772 267.64722586774064439 267.51974085139050885 267.42189527568268659 267.27478956527392029 267.35054037395502746 267.41181731155620582 267.47755664209512361 267.5259769759065307 267.51107371955282588 267.35210619500219309 267.03036257597909753 266.69821301121555734 266.70628162263540162 266.74031428853794523 266.6657009606333304 nan nan nan nan nan nan nan nan nan nan nan nan nan nan nan nan nan nan nan nan nan nan nan nan nan nan nan nan nan nan nan nan nan nan nan nan nan nan nan
269.05780716947049314 268.90094707232827886 268.66218267179397117 268.3888093484031856 268.18904338577442559 268.01948950623369683 267.83913303041566678 267.67285815527390014 267.49694210215955081 267.38723136333413777 267.22385812809085337 267.18850803266963112 267.18551024275177497 267.19801950320976403 267.22551483136993511 267.28552516098920933 267.34595644209400689 267.30551710930353693 267.09548380621373553 266.842445972173266 266.5167175803736086 266.30928169209369116 266.3336071366849751 nan nan nan nan nan nan nan nan nan nan nan nan nan nan nan nan nan nan nan nan nan nan nan nan nan nan nan nan nan nan nan nan nan nan nan nan nan nan nan nan
268.81629307244082838 268.55748683905898133 268.26004855056771703 268.06378066604202104 267.90594304365021117 267.76004381420682421 267.57044512117369095 267.38631907684856515 267.27528825518157873 267.12712399129151208 267.05088307728834707 267.07101369269395263 267.09376361940132938 267.06152037548645239 267.1011862366313494 267.14380385051839539 267.18739577764682736 267.10893718137555197 266.87076452712938135 266.52710033351689844 266.26452477570990141 266.01599106809482009 nan nan nan nan nan nan nan nan nan nan nan nan nan nan nan nan nan nan nan nan nan nan nan nan nan nan nan nan nan nan nan nan nan nan nan nan nan nan nan nan nan
268.53355006366558655 268.18844164308575273 267.93243625140593167 267.75511125145266078 267.64131597012686825 267.49135497893695401 267.31206540759933432 267.1596255719466626 266.97024057526726892 266.89068221986644858 266.90742044621839568 266.97923265827489558 266.99068774197667153 266.91620718141388124 266.95062703519369052 266.95244776133318965 266.99265448386660182 266.80532519565826988 266.51266781398038574 266.35730533310322699 266.04083010547481081 265.73051842408415268 nan nan nan nan nan nan nan nan nan nan nan nan nan nan nan nan nan nan nan nan nan nan nan nan nan nan nan nan nan nan nan nan nan nan nan nan nan nan nan nan nan
268.2151108293347761 267.90542943404273046 267.6559157391720305 267.50330688478885577 267.3704460900598292 267.23369691253043356 267.0666072957230881 266.91209666337698536 266.63762563747087597 266.75724498672258278 266.79945409381497257 266.87792455541000436 266.89574663205462457 266.81699093707294423 266.77526961318199028 266.75985174050379101 266.77963517787100045 266.59455161855970573 266.2771124512992742 266.11375649171816349 265.82194618635065808 265.52979914167161724 nan nan nan nan nan nan nan nan nan nan nan nan nan nan nan nan nan nan nan nan nan nan nan nan nan nan nan nan nan nan nan nan nan nan nan nan nan nan nan nan nan
268.05514094606138542 267.72112606720787653 267.51821375706953177 267.30768732302317403 267.14727826308751446 266.99834730854786358 266.79167122249822341 266.5625542489155464 266.43941907569393379 266.64406393919631455 266.68187673319033593 266.76546074766565653 266.7451393835335125 266.63892949577598301 266.62155565668763302 266.63316598116824707 266.59923790289218459 266.46862446865009133 266.13316883200928942 265.94971988827569476 265.69342413774393208 265.45636094597244892 nan nan nan nan nan nan nan nan nan nan nan nan nan nan nan nan nan nan nan nan nan nan nan nan nan nan nan nan nan nan nan nan nan nan nan nan nan nan nan nan nan
267.89024598752706652 267.61538019136776256 267.42625630863307151 267.13903123563210329 266.95332014768519002 266.78009867176211856 266.50067513656398432 266.29073802665436688 266.38253999862195087 266.50616706250877996 266.53233455833168364 266.55512780022672814 266.48848855043172534 266.44734828197096022 266.45956838444021741 266.48874863089503151 266.42323982710109931 266.36464882804511944 266.25509559705528773 266.03615947098899142 265.80232477622945453 265.53640816021561477 nan nan nan nan nan nan nan nan nan nan nan nan nan nan nan nan nan nan nan nan nan nan nan nan nan nan nan nan nan nan nan nan nan nan nan nan nan nan nan nan nan
267.73594482843998321 267.49616144424692266 267.25707397092048723 266.98165766206392391 266.78661894530847576 266.50420801639387491 266.17051010604222938 266.07757101107375775 266.270560127941053 266.3759648115053551 266.42674138344148105 266.39883885819637044 266.35024259583320827 266.31554153556606934 266.33536308408997684 266.3792197763230547 266.33137018741331303 266.24016579824018436 266.23224545837047117 266.09638747197743669 265.79660677144551073 265.55311970664092769 nan nan nan nan nan nan nan nan nan nan nan nan nan nan nan nan nan nan nan nan nan nan nan nan nan nan nan nan nan nan nan nan nan nan nan nan nan nan nan nan nan
267.61753130197627115 267.35511837890544484 267.0820586883965575 266.8254311176012834 266.6097388062824507 266.26312158237612948 265.98966285484829086 266.04793808855532689 266.09295263481465099 266.19529011791973971 266.22155476904970328 266.2099106922345868 266.19104411581537306 266.18282832808154126 266.22688577880063576 266.25493884811493217 266.18564126080690357 266.13278150856297088 266.10256817175979904 266.05806377150094022 265.72628632794646819 265.52154343223310207 nan nan nan nan nan nan nan nan nan nan nan nan nan nan nan nan nan nan nan nan nan nan nan nan nan nan nan nan nan nan nan nan nan nan nan nan nan nan nan nan nan
267.53155661072537441 267.23142843552835757 266.91296489978918771 266.66914981563223819 266.41336702565507721 266.10263767977613725 265.8247180257715172 265.87664288819439662 265.94052924408379113 265.99406808319338325 266.02781913310286654 266.0542725882574473 266.05427885686970058 266.0732682959178419 266.11335316693634923 266.09247569422444712 265.9045988375069669 265.93047105551084996 265.91002763930595165 265.90684029400051713 265.74003237589801074 nan nan nan nan nan nan nan nan nan nan nan nan nan nan nan nan nan nan nan nan nan nan nan nan nan nan nan nan nan nan nan nan nan nan nan nan nan nan nan nan nan nan
267.43980654578723488 267.10160329600819296 266.82471529361993134 266.53397543664311797 266.26020524993543859 265.98727970554938338 265.68852291929874809 265.63353574157036974 265.7709210908791988 265.81690555038773027 265.8674239947638398 265.91328408888352897 265.94784871157520456 265.97092215365069023 265.99429526056616169 265.92322201693758643 265.73042864640405014 265.68976844549558791 265.73769764905165403 265.73498657207301221 265.58297308172444673 nan nan nan nan nan nan nan nan nan nan nan nan nan nan nan nan nan nan nan nan nan nan nan nan nan nan nan nan nan nan nan nan nan nan nan nan nan nan nan nan nan nan
267.1894732379934112 266.97415794177834414 266.69797602891395627 266.39159756346379027 266.01338961334380429 265.75781308520924995 265.47982883338295323 265.57855676823049862 265.64086331004426711 265.69807456952554503 265.74792455035827743 265.80399473979923641 265.83954039334116715 265.8586429075040769 265.87268312195317321 265.80751352508377749 265.63512570998778983 265.47729288605466991 265.53848656111915716 265.5334119664378818 265.44680248045546023 nan nan nan nan nan nan nan nan nan nan nan nan nan nan nan nan nan nan nan nan nan nan nan nan nan nan nan nan nan nan nan nan nan nan nan nan nan nan nan nan nan nan
267.03990650818712993 266.79733996594882228 266.5583459143428513 266.29912243952173867 265.94616851678591729 265.63819545147021017 265.40476025343878064 265.421780351309053 265.52161559571680982 265.61124478704988405 265.65671435617025509 265.712356092833204 265.73128543334780716 265.74627822261027177 265.73332240452435826 265.66203171941316441 265.56518959261501323 265.32938171866152288 265.27486361048880781 nan nan nan nan nan nan nan nan nan nan nan nan nan nan nan nan nan nan nan nan nan nan nan nan nan nan nan nan nan nan nan nan nan nan nan nan nan nan nan nan nan nan nan nan
266.89132230238135435 266.69075723095164676 266.46094925715891577 266.16128888051792956 265.88052528202621261 265.63103592412278431 265.40402671930041834 265.27563824862062347 265.38371606183642371 265.48589197753801727 265.52367934777282699 265.56867724593934099 265.60195802896282657 265.59252214251404212 265.50898744284461372 265.49299590615021316 265.43575611797518832 265.2095073703258663 nan nan nan nan nan nan nan nan nan nan nan nan nan nan nan nan nan nan nan nan nan nan nan nan nan nan nan nan nan nan nan nan nan nan nan nan nan nan nan nan nan nan nan nan nan
266.86772140201247794 266.61053749815516767 266.37964499361879689 266.12908547864134334 265.97086696628792879 265.76283196024576228 265.45472421809671459 265.15340161613715964 265.21086122674734042 265.28743529734941831 265.35019504550280089 265.38445726587417539 265.3315875790307814 265.20811456624886659 265.23615958308823792 265.32944014064452176 265.26957851048535986 nan nan nan nan nan nan nan nan nan nan nan nan nan nan nan nan nan nan nan nan nan nan nan nan nan nan nan nan nan nan nan nan nan nan nan nan nan nan nan nan nan nan nan nan nan nan
266.66888185424687663 266.46490622616482824 266.29254053820829995 266.09312778878404515 265.94989871493226019 265.71420769423292541 265.39820479947002241 265.10343233367945004 265.03078430881868144 265.07303669649377298 265.11212882748122865 265.11937379838900597 nan nan nan 265.18955018798152423 nan nan nan nan nan nan nan nan nan nan nan nan nan nan nan nan nan nan nan nan nan nan nan nan nan nan nan nan nan nan nan nan nan nan nan nan nan nan nan nan nan nan nan nan nan nan nan
266.51389433990192401 266.37328137575923392 266.22619621884564367 266.06061107002835797 265.83902586413927338 265.5631243292133945 265.28516339780463795 264.97938614459775408 264.80338054762722777 nan nan nan nan nan nan nan nan nan nan nan nan nan nan nan nan nan nan nan nan nan nan nan nan nan nan nan nan nan nan nan nan nan nan nan nan nan nan nan nan nan nan nan nan nan nan nan nan nan nan nan nan nan nan
266.50764461415593587 266.30778204692893496 266.14325798042801807 265.98106807908601468 265.70022179307954957 265.40259805895090039 265.1312480017101052 264.84549222155931147 nan nan nan nan nan nan nan nan nan nan nan nan nan nan nan nan nan nan nan nan nan nan nan nan nan nan nan nan nan nan nan nan nan nan nan nan nan nan nan nan nan nan nan nan nan nan nan nan nan nan nan nan nan nan nan
266.42773056827184064 266.25794435267590643 266.06241590517294071 265.86249929661306624 265.54920638048588444 265.25568304078637993 264.98983882689185521 264.78613915780925936 nan nan nan nan nan nan nan nan nan nan nan nan nan nan nan nan nan nan nan nan nan nan nan nan nan nan nan nan nan nan nan nan nan nan nan nan nan nan nan nan nan nan nan nan nan nan nan nan nan nan nan nan nan nan nan
266.34479714003140316 266.21148759899307379 266.04912738299185548 265.86159965749482126 265.64876407111063372 265.35585171575053209 265.07362726194719471 264.76243333780979583 nan nan nan nan nan nan nan nan nan nan nan nan nan nan nan nan nan nan nan nan nan nan nan nan nan nan nan nan nan nan nan nan nan nan nan nan nan nan nan nan nan nan nan nan nan nan nan nan nan nan nan nan nan nan nan
266.27217939516128808 266.14264579680326506 266.01115526405499168 265.87850798304191358 265.70239601173119581 265.42089969861228838 265.05872168636159358 264.71587470844292511 264.43899379472452438 nan nan nan nan nan nan nan nan nan nan nan nan nan nan nan nan nan nan nan nan nan nan nan nan nan nan nan nan nan nan nan nan nan nan nan nan nan nan nan nan nan nan nan nan nan nan nan nan nan nan nan nan nan nan
266.18808431138148762 266.06676639937302298 265.9073527780209929 265.78453907018899827 265.67876223446569384 265.47118422602102328 265.12667310690750355 264.80543372578847539 264.4702176992789191 nan nan nan nan nan nan nan nan nan nan nan nan nan nan nan nan nan nan nan nan nan nan nan nan nan nan nan nan nan nan nan nan nan nan nan nan nan nan nan nan nan nan nan nan nan nan nan nan nan nan nan nan nan nan
266.10784713681357516 265.97668203396062836 265.82550569731341739 265.70995791902669225 265.61231623429085857 265.45283259428646261 265.08991903446980132 264.751943085608616 264.40827379006663023 nan nan nan nan nan nan nan nan nan nan nan nan nan nan nan nan nan nan nan nan nan nan nan nan nan nan nan nan nan nan nan nan nan nan nan nan nan nan nan nan nan nan nan nan nan nan nan nan nan nan nan nan nan nan
