results/rofental/temp_month_2020-01-01T0000_2020-01-31T2300.asc
ncols        322
nrows        225
xllcorner    622802.488000000012
yllcorner    5178049.378999999724
cellsize     100.000000000000
[rows 112 to 139 of 225, columns 189 to 251 of 322]
269.07517525577952711 269.22148352291623041 269.33862220816752142 269.44604104031634506 269.33004257311938545 269.16361068780634014 269.02583429010286409 268.86361993782878699 268.61286023079651386 268.36397748049802203 268.1464563669137533 267.92672138022248873 267.89938711166803387 267.90703758378595012 267.93102342855053166 267.98324980507271675 267.94436090848671483 267.69174513507709889 267.49952144339550841 267.38135783117007804 267.30425106886849562 267.32284643742769958 267.42067914391355998 267.4244625906006263 267.27109549507406427 267.12277899622847599 267.19305943992208086 nan nan nan nan nan nan nan nan nan nan nan nan nan nan nan nan nan nan nan nan nan nan nan nan nan nan nan nan nan nan nan nan nan nan nan nan
269.22250251384502917 269.33803513848044986 269.43050740553997002 269.30096311783802321 269.22142502032960465 269.0423312721747493 268.84493382481912249 268.66863584404575249 268.37487241179815101 268.16101291210082991 267.9791442662992722 267.83537509051967618 267.81086437367008557 267.80814521805092454 267.79849704676456668 267.86540064018350904 267.855413489846228 267.71354402369217951 267.46433963416762936 267.23774470070338793 267.2480303541574358 267.31637214352031151 267.34137329629174928 267.26834268708790887 267.07387881380566341 nan nan nan nan nan nan nan nan nan nan nan nan nan nan nan nan nan nan nan nan nan nan nan nan nan nan nan nan nan nan nan nan nan nan nan nan nan nan
269.36470230469655007 269.44816464253943877 269.30295183144801285 269.18274048561914924 269.05693727856646547 268.88379382376666626 268.68065188418353273 268.45414483239352421 268.23495657209724641 268.02355597434200263 267.82977961557514845 267.73328125712674819 267.73959194409411566 267.7492998355875784 267.73120946459761171 267.77161380828249548 267.76663637896081127 267.72416412191273594 267.45807027673305356 267.1831892996916622 267.22129041793107262 267.30555361293704664 267.28476721095029234 267.13167563179990793 266.90878377589217507 nan nan nan nan nan nan nan nan nan nan nan nan nan nan nan nan nan nan nan nan nan nan nan nan nan nan nan nan nan nan nan nan nan nan nan nan nan nan
269.45514846715980184 269.33782771779038967 269.21182568994697704 269.06660804663408726 268.91047717580096332 268.71949880667574462 268.53071292769902811 268.37313813650126804 268.18105667103145606 267.95331443585860143 267.75561632923688649 267.64941294443087827 267.6525618256952157 267.6218650125835552 267.6529025259093828 267.69129463303244165 267.67151401301316582 267.66181196199653414 267.47155647312160909 267.17518071140119673 267.11283127530549564 267.18320192752366893 267.16577617361832608 267.04055353245030346 266.79434361945300225 nan nan nan nan nan nan nan nan nan nan nan nan nan nan nan nan nan nan nan nan nan nan nan nan nan nan nan nan nan nan nan nan nan nan nan nan nan nan
269.27826139693030427 269.18700658275940896 269.07343903378438199 268.88169314719783642 268.69563534216393919 268.52248739600190675 268.3350027067820065 268.16695544981445209 268.06036899264091744 267.9321667121693622 267.78274646577273188 267.57027175928192264 267.50311806059607989 267.50669922828359404 267.56569672856079478 267.60113389457524136 267.5888534506968881 267.55160999438817271 267.37892765745579027 267.08398620970490356 266.9310478954661221 266.99741019733107805 266.97322104255897557 266.83535981521816893 266.7572400773894401 nan nan nan nan nan nan nan nan nan nan nan nan nan nan nan nan nan nan nan nan nan nan nan nan nan nan nan nan nan nan nan nan nan nan nan nan nan nan
269.11685467457994037 269.0137945397636372 268.90217527586020196 268.6284820469945771 268.45423151643302617 268.30870940254567358 268.11849545947160323 267.97982516529839359 267.84602625543192289 267.72357413568204265 267.60775521900575313 267.51303684024054519 267.38076632220190731 267.41306385168337556 267.43362352871872645 267.45653119087126015 267.46564897415282758 267.42686931071233403 267.28030581507908892 267.0121757239390945 266.7358101525027223 266.71183781124159395 266.70699930625113439 266.62150422832235108 nan nan nan nan nan nan nan nan nan nan nan nan nan nan nan nan nan nan nan nan nan nan nan nan nan nan nan nan nan nan nan nan nan nan nan nan nan nan nan
268.94572778870593766 268.81364646075445535 268.62062122484132942 268.40169528762612572 268.23716221417595307 268.09468632205874883 267.94369905618316352 267.80258665374225302 267.65363165824845737 267.55308991818156983 267.41184035570574906 267.36478706360281876 267.34081490933618852 267.32738453479879581 267.32410498023079981 267.34401722883006869 267.36332397346268408 267.30684900831380446 267.1236345096185687 266.90783633396262076 266.63754295037659858 266.45478967587843044 266.44404887591326769 nan nan nan nan nan nan nan nan nan nan nan nan nan nan nan nan nan nan nan nan nan nan nan nan nan nan nan nan nan nan nan nan nan nan nan nan nan nan nan nan
268.77938580694558368 268.57234506183806388 268.3366051690205154 268.17591478509052649 268.04355712540592549 267.91973933821105902 267.76301639184544001 267.60980420260437995 267.51023021645977451 267.38231285071810817 267.30698090902427566 267.3023271223081565 267.29865733655179838 267.25314578339646232 267.26005852380410488 267.26819094299202106 267.27612059855925963 267.19252971003083985 266.98953659865844656 266.70754131686948085 266.48528842479925061 266.27313328194873066 nan nan nan nan nan nan nan nan nan nan nan nan nan nan nan nan nan nan nan nan nan nan nan nan nan nan nan nan nan nan nan nan nan nan nan nan nan nan nan nan nan
268.58201381800222407 268.31168608957875676 268.10764447738546323 267.96202627797526929 267.8634510405979654 267.73773029036368598 267.58981351569855178 267.46130656209317067 267.30469903741391136 267.22891225929743086 267.22380088022043765 267.25866639938584512 267.24770569136921949 267.17188758790814518 267.17594360663298403 267.15478308847838207 267.16118837169489098 266.99769446926342198 266.75518658900767832 266.61402419502621797 266.3526787939267706 266.0955761617382791 nan nan nan nan nan nan nan nan nan nan nan nan nan nan nan nan nan nan nan nan nan nan nan nan nan nan nan nan nan nan nan nan nan nan nan nan nan nan nan nan nan
268.357700658712929 268.11457230586171363 267.91632767313313934 267.79011996545045804 267.67848943746901114 267.5637307629272641 267.42604676542742936 267.2971770686203854 267.07852857229789834 267.15184497922660967 267.16676330541241668 267.20764125977234471 267.20242953575444744 267.12440600413856373 267.07282281617062836 267.03973558700926105 267.03181059371098627 266.87079568294626597 266.61066638587590205 266.46433849827008089 266.22207908257911413 265.97922917027813128 nan nan nan nan nan nan nan nan nan nan nan nan nan nan nan nan nan nan nan nan nan nan nan nan nan nan nan nan nan nan nan nan nan nan nan nan nan nan nan nan nan
268.25067224317973569 267.99041630287371163 267.82782663166483417 267.65970071211398817 267.52876203430537316 267.40614036524863195 267.24024580665570738 267.05714192918998151 266.9520756273883535 267.08967344568202407 267.1023915218228808 267.14807079961468617 267.11545864388290283 267.01790605484950447 266.9852083024996432 266.97293682573064189 266.92579667563472867 266.80588721119698903 266.53298397046438595 266.37231787702978636 266.15701640327762334 265.95565684045368471 nan nan nan nan nan nan nan nan nan nan nan nan nan nan nan nan nan nan nan nan nan nan nan nan nan nan nan nan nan nan nan nan nan nan nan nan nan nan nan nan nan
268.1395481009113837 267.92425401207901814 267.77301324954669326 267.54908067045533926 267.40055758446180789 267.26112253457421275 267.04241525078901986 266.87476308996417629 266.93052380254630407 267.0090346244296029 267.01412389176431361 267.01558086569383477 266.94940708308240573 266.900946772296777 266.89090082799953052 266.89226984690333211 266.82219014682317493 266.75624849773225833 266.65158306286411971 266.46495280140442219 266.26672037456864928 266.04430721171917185 nan nan nan nan nan nan nan nan nan nan nan nan nan nan nan nan nan nan nan nan nan nan nan nan nan nan nan nan nan nan nan nan nan nan nan nan nan nan nan nan nan
268.0358636378726942 267.84773376841172876 267.66055929367934141 267.44663837786060867 267.29245934071087731 267.07319410211312061 266.81543426385172779 266.7359194502400328 266.86800850469631996 266.93405989281228585 266.95840813969493865 266.92307338715079368 266.87105577492599195 266.82801697070175351 266.82414708143272719 266.83684968894596068 266.78023558230341905 266.69034734317784796 266.66141243709171249 266.53669845518356851 266.28966452619158645 266.08410033533959904 nan nan nan nan nan nan nan nan nan nan nan nan nan nan nan nan nan nan nan nan nan nan nan nan nan nan nan nan nan nan nan nan nan nan nan nan nan nan nan nan nan
267.95842302428576431 267.75467185151046579 267.54352513714434281 267.34487746143594222 267.17669731032140135 266.91107543882736763 266.69937359525329157 266.73343975464570121 266.75677060221289594 266.82160211953777207 266.82867523301206347 266.80621516655219239 266.77693749401953482 266.75408818237355035 266.76860469432119771 266.7698318339100183 266.69744948002812635 266.63613195922283694 266.59066699448408144 266.53381293872519109 266.26299486344646539 266.08620244834128243 nan nan nan nan nan nan nan nan nan nan nan nan nan nan nan nan nan nan nan nan nan nan nan nan nan nan nan nan nan nan nan nan nan nan nan nan nan nan nan nan nan
267.90468379367644047 267.67419551014262424 267.43067191158337437 267.24294037397322654 267.04639513582912969 266.80883641075092783 266.59517929330263541 266.6258096872016381 266.66433454112296886 266.69395799926934387 266.70748197859182937 266.7140464728293523 266.69934094223560805 266.69708535585431264 266.70887766384913675 266.67384376057509598 266.5133449293593344 266.51039520443453057 266.47200735909774494 266.44563132167320418 266.29713872953527698 nan nan nan nan nan nan nan nan nan nan nan nan nan nan nan nan nan nan nan nan nan nan nan nan nan nan nan nan nan nan nan nan nan nan nan nan nan nan nan nan nan nan
267.84627947959489802 267.58888038512361618 267.37768456230480751 267.15658037380450196 266.94817028355953425 266.74016854894102835 266.51244715109129402 266.46497606427493565 266.5592889623200108 266.58432945872112896 266.61115491961004409 266.63278346844788302 266.64419424837637962 266.64521822271581186 266.64465726514941935 266.57223405159538743 266.40784835990632473 266.35513903282253523 266.36714002880029284 266.34068223865517666 266.20274158043616808 nan nan nan nan nan nan nan nan nan nan nan nan nan nan nan nan nan nan nan nan nan nan nan nan nan nan nan nan nan nan nan nan nan nan nan nan nan nan nan nan nan nan
267.66971429014756723 267.50507126071772745 267.29593668436376674 267.06479216729042037 266.78038279308907477 266.5868196613068335 266.37600663016030467 266.44408620091786588 266.4838339975720487 266.51823300782450588 266.54536448297670859 266.57514727954355749 266.58761792467572604 266.58579109269885521 266.57818190972113825 266.50984244817487934 266.36016185966400371 266.21984489081000902 266.24106382111045832 266.21218407169277498 266.12216891908218486 nan nan nan nan nan nan nan nan nan nan nan nan nan nan nan nan nan nan nan nan nan nan nan nan nan nan nan nan nan nan nan nan nan nan nan nan nan nan nan nan nan nan
267.56765871044996175 267.38433210529825601 267.20445295826385745 267.01000767407913372 266.74603085983864048 266.51517697008546293 266.33900343848318926 266.34779758420773987 266.41665591451101136 266.47614889496469459 266.5007870328925037 266.53074114943564155 266.53108074082132362 266.52614470846009453 266.49817837345608496 266.42477598465490018 266.33052895430171247 266.13147915370956298 266.06585922471720096 nan nan nan nan nan nan nan nan nan nan nan nan nan nan nan nan nan nan nan nan nan nan nan nan nan nan nan nan nan nan nan nan nan nan nan nan nan nan nan nan nan nan nan nan
267.46598368122874945 267.31550518232506874 267.1441701254501595 266.92144754278211849 266.71286079251166257 266.52716922144270484 266.35738864256205716 266.25963202373668537 266.33587527752166579 266.40569838530188918 266.42535032822877383 266.44780583044922651 266.45889543723842507 266.43559234781383793 266.35469376850761591 266.32162725438587358 266.25586564854796734 266.06285079174466546 nan nan nan nan nan nan nan nan nan nan nan nan nan nan nan nan nan nan nan nan nan nan nan nan nan nan nan nan nan nan nan nan nan nan nan nan nan nan nan nan nan nan nan nan nan
267.45677882098584632 267.26596443083991517 267.0956260546030876 266.91122647502288601 266.79552435050624126 266.64243001665039401 266.41410039946742927 266.18940509245248904 266.22934294651736309 266.28115922334308152 266.32004498951800997 266.33485175952233703 266.28190512735170614 266.17349706730715297 266.17477368970276075 266.22189618188531313 266.15299172194590938 nan nan nan nan nan nan nan nan nan nan nan nan nan nan nan nan nan nan nan nan nan nan nan nan nan nan nan nan nan nan nan nan nan nan nan nan nan nan nan nan nan nan nan nan nan nan
267.31696798253290126 267.16746474053564953 267.04247446020821144 266.89799349714053278 266.79535818840815864 266.62360322856312678 266.39117974626628893 266.17293856459974677 266.11756025161838579 266.14489814084856789 266.16685044402089488 266.16183222401394914 nan nan nan 266.13896786040442066 nan nan nan nan nan nan nan nan nan nan nan nan nan nan nan nan nan nan nan nan nan nan nan nan nan nan nan nan nan nan nan nan nan nan nan nan nan nan nan nan nan nan nan nan nan nan nan
267.20921425820944251 267.10860414705308585 267.00431269754574259 266.88694239173469214 266.7280975207053757 266.52842646051959719 266.32610311810242365 266.10133470874734485 265.9705512147254467 nan nan nan nan nan nan nan nan nan nan nan nan nan nan nan nan nan nan nan nan nan nan nan nan nan nan nan nan nan nan nan nan nan nan nan nan nan nan nan nan nan nan nan nan nan nan nan nan nan nan nan nan nan nan
267.21130132456886486 267.06850910001486454 266.95320039243568999 266.84036405413837656 266.63953641970863373 266.42573450643243405 266.23021739910763017 266.02202039759788477 nan nan nan nan nan nan nan nan nan nan nan nan nan nan nan nan nan nan nan nan nan nan nan nan nan nan nan nan nan nan nan nan nan nan nan nan nan nan nan nan nan nan nan nan nan nan nan nan nan nan nan nan nan nan nan
267.1578402104472616 267.03919073497382897 266.90276585120079744 266.76390694923787805 266.54102150683314676 266.33229052225630085 266.14278785893446866 265.99727683127520095 nan nan nan nan nan nan nan nan nan nan nan nan nan nan nan nan nan nan nan nan nan nan nan nan nan nan nan nan nan nan nan nan nan nan nan nan nan nan nan nan nan nan nan nan nan nan nan nan nan nan nan nan nan nan nan
267.1010903312256346 267.01125718248516705 266.90131391662180249 266.77360016941719323 266.62734042266748702 266.42106047786739964 266.22130219874816248 265.99766718264413612 nan nan nan nan nan nan nan nan nan nan nan nan nan nan nan nan nan nan nan nan nan nan nan nan nan nan nan nan nan nan nan nan nan nan nan nan nan nan nan nan nan nan nan nan nan nan nan nan nan nan nan nan nan nan nan
267.05070022640433081 266.9652517984988549 266.87994613628137586 266.79481543166673418 266.67772413642325091 266.48182915214351851 266.22451795711850764 265.97904595911853676 265.77900112199006344 nan nan nan nan nan nan nan nan nan nan nan nan nan nan nan nan nan nan nan nan nan nan nan nan nan nan nan nan nan nan nan nan nan nan nan nan nan nan nan nan nan nan nan nan nan nan nan nan nan nan nan nan nan nan
266.99019718507997823 266.91222561577603756 266.80767284284104335 266.7314549188722026 266.66830497758513729 266.52904837449545994 266.28655008082387212 266.05868085920548083 265.81659572006822145 nan nan nan nan nan nan nan nan nan nan nan nan nan nan nan nan nan nan nan nan nan nan nan nan nan nan nan nan nan nan nan nan nan nan nan nan nan nan nan nan nan nan nan nan nan nan nan nan nan nan nan nan nan nan
266.93068102122475693 266.84649148676021468 266.74926285116674762 266.67975344166745799 266.62404587131635481 266.52196511274860313 266.26723068439764575 266.02825741283703564 265.78099985963820018 nan nan nan nan nan nan nan nan nan nan nan nan nan nan nan nan nan nan nan nan nan nan nan nan nan nan nan nan nan nan nan nan nan nan nan nan nan nan nan nan nan nan nan nan nan nan nan nan nan nan nan nan nan nan
