results/rofental/temp_month_2020-02-01T0000_2020-02-29T2300.asc
ncols        322
nrows        225
xllcorner    622802.488000000012
yllcorner    5178049.378999999724
cellsize     100.000000000000
[rows 168 to 195 of 225, columns 126 to 188 of 322]
265.31906985169518975 265.3434783134696886 265.36233257409713815 265.37263513164344886 265.25134320284143996 265.04288935858340892 265.14153496964274837 265.37747319884061881 265.51891901636690818 265.54973633657129994 265.62274068823916195 265.72807054496541923 265.79241636360967505 265.88560004268646253 265.97216440252492475 266.01545263811999575 266.1072061465229126 266.14491846245232409 266.21842682481604925 266.29626215652871224 266.37698375100234216 266.4622138353741434 266.55569221006504677 266.72845942139076669 266.92089450361055469 267.11115650101669416 267.25907813245896705 267.30972940617897393 267.27777808168991669 267.26584775398885085 267.28708791120976684 267.34021842194306373 267.31493323097146231 267.23510017346262657 267.02846435357139399 266.92288884859954123 266.80691110327109072 266.76589022073574142 266.74609290063619937 266.71665089586110753 266.59386696267779371 266.43195727089391767 266.29433572050555767 266.25026059476971341 266.23541081810225251 266.16716222001542747 266.09439280406502348 266.08593117805992279 266.1061268023557318 266.1168186833668301 266.12322022353771445 266.04438099946600005 265.73454748781222179 265.37113415524868287 nan nan nan nan nan nan nan nan nan
265.01250005520267905 265.11048945496207807 265.22281539821597107 265.26380254236357814 265.20205559838450426 nan nan 265.4077858390311917 265.53936605137175775 265.59707869873011532 265.64059525303775899 265.73831479899121177 265.8358651986870882 265.96566230317921509 266.05220077740966644 266.09845375082375085 266.14347067445595485 266.18402096515205812 266.28472213600178975 266.34396613582015334 266.39971308362851232 266.51029619418818584 266.66235024331314207 266.87279349485555713 267.04864466686012747 267.19460918857726028 267.28038506147629505 267.25302898346654956 267.23501328023138512 267.21280429350889563 267.23818113338631974 267.29242168462678819 267.246269803635073 267.13519288793492024 267.00820932112969786 266.89545855607997282 266.79514392165236814 266.71402766240703386 266.69901210793904056 266.63435847720000993 266.46569800564958541 266.30379712035386319 266.208001548361608 266.18876522070678448 266.17787578171169116 266.11554540814609027 266.05680872025726558 266.03927027764729019 266.06472413376434361 266.05954511831174614 266.06099150371892392 265.98111839951388902 265.72373986022483905 265.42289367711072146 nan nan nan nan nan nan nan nan nan
264.76776744613960091 264.91809916458765883 265.08765950301295788 265.14070317874615057 nan nan nan nan nan nan 265.67784506103407693 265.80001949613085799 265.92577217209435503 266.02021759284275504 266.09302170270979104 266.14528560539247337 266.18073950628848934 266.22543213722036626 266.29652728312942145 266.37301604292571255 266.5206609385429033 266.68011234427160616 266.84155742212169571 267.00827402255703191 267.14656984599514544 267.25915203820278521 267.24561701776008249 267.19547940154780008 267.18549842920413084 267.16389329045881595 267.19289776992371799 267.22853340303197456 267.15006251376030377 267.06295441270043511 266.95750282555422928 266.86379891314766155 266.73003658201355393 266.63199294841831488 266.60473470145279862 266.48734026563010957 266.31745955127365733 266.18445632708079529 266.14090805989286537 266.15054033375673725 266.10773511049529816 266.0190044251791619 265.98186811493178539 265.99557503863519514 266.02966974705765324 266.01384662614259469 265.99649776760031727 265.9526454855429165 265.65220869423302474 265.39529076008494712 nan nan nan nan nan nan nan nan nan
264.64681624620845923 nan nan nan nan nan nan nan nan nan 265.74402383715630549 265.89875912881109343 266.08314014068758979 266.16755118171522554 266.22688945762445201 266.28192901405088833 266.33261191295059689 266.3565839618218547 266.44572087215891543 266.54587509317644844 266.66763145212303243 266.81264769471226828 266.96852471058491574 267.10335081045792549 267.18615471936777794 267.25918116625888388 267.19630563110683852 267.14813607261066863 267.1364718176689621 267.12288710269740477 267.1392876064217603 267.15620152922326724 267.04551954867702079 266.95906500937280725 266.87856703514245282 266.78986140084089129 266.67723770508973757 266.52155540700067604 266.43518156256419616 266.29623657322946428 266.1661864027799993 266.09373429365138009 266.08971088739576771 266.05818352544326899 265.97889041115797681 265.93732981447459451 265.92374832815090713 265.95352487633715555 266.00005423518513226 265.9891795051084955 265.96072126463042196 265.90845691981996879 265.80962885779905491 265.62233808491441778 265.35351620724821942 nan nan nan nan nan nan nan nan
nan nan nan nan nan nan nan nan nan nan nan 266.04266787866441746 266.24526309936703683 266.34720831444258238 266.39074839022089236 266.43288675906029539 266.43794253036963937 266.49780611942389896 266.56944146857222222 266.67879279727384301 266.81474985123088572 266.95889762311099958 267.07783463809272462 267.18386071098848333 267.21210502634596651 267.21771653456977447 267.15810566979996565 267.10907484814174495 267.09302789534478961 267.07764809982768384 267.07079290882802525 267.07177547813699903 266.9556912298682505 266.83997602889934342 266.77945095407648068 266.72301235724688695 266.57326412435151042 266.40502370777676333 266.27677847114824772 266.13180938083115734 266.03164916155606079 266.01164654466009551 265.96928240390928977 265.93198637698873199 265.90822614733252749 265.89185666256065588 265.88672841695358784 265.91818088575809043 265.93272896649870063 265.93873490394628334 265.91784377172490395 265.87162171546390255 265.77510569168759957 265.63077726683070523 265.28095936553410183 nan nan nan nan nan nan nan nan
nan nan nan nan nan nan nan nan nan nan nan nan nan 266.46017716891907412 266.53166271611797811 266.59289384779077636 266.62941060738569377 266.6752067218167781 266.73299684340037174 266.84184299393456286 266.96446884514682552 267.07145729408136958 267.16738249084249901 267.19037959120453252 267.17487080408938027 267.17311623614602922 267.12211814081751982 267.07232056221135963 267.05112851580804545 267.02580032209675664 266.99769335507852475 266.96615939953858287 266.86614038581825525 266.7725428718947569 266.69318496016182962 266.61758895158408222 266.45324912631684811 266.27365307278790851 266.12361507035365094 266.02572316970798738 265.96688032593141315 265.93298953137644958 265.82312405053795601 265.84901337884934946 265.8431410178167198 265.8448250017021337 265.85469631132531276 265.86764595829299651 265.86686523950470473 265.86729861156220522 265.86211586781928418 265.83659680009162685 265.72461180940513259 265.44408566383907555 265.27554571064018774 265.13461268323237618 nan nan nan nan nan nan nan
nan nan nan nan nan nan nan nan nan nan nan nan nan nan nan 266.72017418413486212 266.79303691541804255 266.8276146522400154 266.8971494950085912 266.98250374556818088 267.08658440233091369 267.15311187096415324 267.17573837132312065 267.13856209204936931 267.13301410442204542 267.14410253298319731 267.09753860063739239 267.03947510930686349 267.00767404797340987 266.9751841128702381 266.90842733716425528 266.85175034697533647 266.79376600297524647 266.72966510147915642 266.64421661184712775 266.49012327793695931 266.2728722990846677 266.09861188398508602 265.98601248547402065 265.92772907799457016 265.88907484755048927 265.86399054612496684 265.81425876538833108 265.75331376693787888 265.77569027019546866 265.77751008111499686 265.79554925460013237 265.8115110116498272 265.82640869128641725 265.83365454994202537 265.81977932516485907 265.78267818484994223 265.66120556323375013 265.31246677488331898 265.19151318344518131 nan nan nan nan nan nan nan nan
nan nan nan nan nan nan nan nan nan nan nan nan nan nan nan 266.81707265695263231 266.91107348085034801 266.94052440298588635 267.02294593970458436 267.13882983558062278 267.1808710209407991 267.17674571134523376 267.13733465675431944 267.10750163299343285 267.10206090511707089 267.11757724238697165 267.07288246153552791 267.00219974129123557 266.94864770961527256 266.9045100506141921 266.79110223819827752 266.74328587205559415 266.69864511308537658 266.65760834064019491 266.60090618789428163 266.40376308045642872 266.05322719389312169 265.84347899976933149 265.87951181471260043 265.84614375592184388 265.79959062797684055 265.77123600203788101 265.7580540921468355 265.65165972194404276 265.67158566462990166 265.67821479958712416 265.70595872427219319 265.74863945881480731 265.76608887090804956 265.77702098076321136 265.76635291472882727 265.71291431628498003 265.58464579071466005 265.3448150606039917 nan nan nan nan nan nan nan nan nan
nan nan nan nan nan nan nan nan nan nan nan nan nan nan nan nan 266.98266703414253698 267.02873364286085689 267.11173214404396958 267.19629508652548111 267.19686867918107964 267.14071455640919339 267.10652934523420754 267.07698034334345039 267.07407270770141849 267.08098503011683533 267.03946585472999686 266.95836501252404105 266.87930749057045432 266.80328717168117691 266.68488921635031375 266.64140055890504755 266.60977975405961615 266.58294886588998907 266.55311536489386981 266.32426022297801183 265.99584963997125442 265.75160329270863713 265.78320791876171825 265.77124718814326343 265.71713624358767447 265.68668131228304219 265.67220205514172449 265.5834217838774407 265.61064636048990906 265.62854325379692 265.66768807241345485 265.6774670444862636 265.68882028357199943 265.69297230633645768 265.68349780968190998 265.63794913549259036 265.48888794175530847 nan nan nan nan nan nan nan nan nan nan
nan nan nan nan nan nan nan nan nan nan nan nan nan nan nan nan nan 267.06692703836074543 267.13522663913164479 267.19881794186596835 267.17834570933774785 267.11836085791236428 267.0736527938644258 267.0462271240347718 267.03522588337659727 267.02123683197697801 266.97469613976147684 266.8827421958847026 266.81797502241357734 266.7131759166898064 266.62772066361179668 266.58508160653059349 266.55062237676963832 266.51898045334627341 266.46553177789542133 266.19088223791419523 265.97727735372228608 265.74702347587469831 265.65837293830975341 265.67326670671997135 265.64281764959366683 265.616608706195791 265.60352695155376068 265.49386103247888968 265.52414653639374365 265.54870882932584664 265.57301660426907119 265.6071937638671443 265.618303747336995 265.6212016912687659 265.60185736194011952 265.56130411918536538 nan nan nan nan nan nan nan nan nan nan nan
nan nan nan nan nan nan nan nan nan nan nan nan nan nan nan nan nan 267.1115138974155343 267.15983736728992426 267.19504557318151683 267.17318433983143677 267.11043304244066121 267.05536114393879643 267.00625616596914824 266.97161122651294818 266.94249243463917765 266.9129678317822254 266.81721223819897659 266.73671143495050728 266.66966733599605277 266.60141194865599346 266.55036960906642207 266.49376004171699606 266.42489398020592262 266.36178577549651436 266.06013535838513917 265.83317760774980343 265.67164456345921053 265.56220714543911754 265.57819253347793165 265.5616307670377978 265.53560878612427132 265.52156576632336282 265.3652344022650027 265.39725628471569507 265.40762623209826643 265.43842256833494275 265.46268720605530689 265.50207635818941299 265.54157360450557235 265.54156546660641425 265.48665667452354455 nan nan nan nan nan nan nan nan nan nan nan
nan nan nan nan nan nan nan nan nan nan nan nan nan nan nan nan nan nan 267.19290972606813739 267.20110331807705961 267.16786363907471014 267.08664807777307715 267.01469195303064907 266.95398315486062302 266.8858211562434235 266.85308010996868688 266.86625568102323314 266.77505631624939042 266.68742275710025069 266.64896393697159738 266.57667929094134251 266.5346366124011297 266.46449278343891365 266.35840029985655519 266.2643306121674982 266.15565668062612303 265.89350172131588579 265.62666589110051518 265.48447721459967852 265.46578724983112352 265.47567630406979333 265.48299865992754576 265.45307526178396529 265.23607946841980265 265.2342840379677682 265.25837096279548177 265.20887687110973729 265.24351016981074736 265.34397979490591979 265.44421677347224886 265.47604155802395098 nan nan nan nan nan nan nan nan nan nan nan nan
nan nan nan nan nan nan nan nan nan nan nan nan nan nan nan nan nan nan 267.21230467676400622 267.1762083616235941 267.11310408084153778 267.05111822869127991 266.96103970313430409 266.87573852932877116 266.81818939638964139 266.7906425620041091 266.80132979140074667 266.75151246249748738 266.6892645782929776 266.63881391671884558 266.56363883067956522 266.50385409198679554 266.42390720174989838 266.26167399178399364 266.16645054079515376 266.0939827311449335 266.0431209925013718 265.86196485317719862 265.46804076815419648 265.36594516911156916 265.38910094284369734 265.39437231752185653 265.34758683172458404 265.05965734147770263 264.99483039333995293 264.92110096534122476 264.9873987667642723 265.20639640923911884 265.30536789093252992 265.32989571277516916 nan nan nan nan nan nan nan nan nan nan nan nan nan
nan nan nan nan nan nan nan nan nan nan nan nan nan nan nan nan nan nan nan nan 267.03303004374458851 266.98298835844997257 266.90145614464643131 266.79827112795112498 266.73263332168897932 266.70211835556915503 266.71072480175769215 266.7089021446659558 266.66475085145731327 266.55687379142915461 266.49521773249836087 266.42813924239004564 266.35075553929158332 266.16544755564609659 266.04921406954287022 266.00784766311835483 265.9687395291333587 265.84883302841592467 265.46957710075997738 265.29013131807187165 265.27468918870573589 265.28129251676330114 265.21501887922818241 264.92630928394748935 264.6700778234860536 nan 265.01529039537888366 265.23242890771751945 nan nan nan nan nan nan nan nan nan nan nan nan nan nan nan
nan nan nan nan nan nan nan nan nan nan nan nan nan nan nan nan nan nan nan nan 266.93562814189311894 266.86788332245458832 266.81322648795503483 266.72288630223164319 266.65147170923836484 266.62544135123619071 266.61712258648776697 266.62917371922810617 266.59855871313618536 266.46133104749446829 266.3151062153713724 266.18263653242354394 266.0368415904382573 265.98595751209381888 265.94314928858830172 265.95802566631823538 265.87271344076236801 265.7795281506564038 265.54756872584556504 265.29556320979293105 265.19645474023224097 265.17639125622997653 265.0254062811767426 264.76625475513475294 nan nan nan nan nan nan nan nan nan nan nan nan nan nan nan nan nan nan nan
nan nan nan nan nan nan nan nan nan nan nan nan nan nan nan nan nan nan nan nan 266.78038050321964647 266.73243782641009147 266.67808969226427962 266.62646146999583152 266.5556365159784491 266.55095772279486255 266.53756356129309779 266.54600453796774673 266.49523066527916626 266.22325227066443176 265.9343941958724713 265.80731917927857921 265.76380517823258742 265.83142110799013835 265.83867712863400357 265.86280398443659578 265.77506505595266617 265.67256962996316361 265.490836575744936 265.33196534390731358 265.19717045158063229 265.10462455124570624 264.97505064282881904 264.7794597858473935 nan nan nan nan nan nan nan nan nan nan nan nan nan nan nan nan nan nan nan
nan nan nan nan nan nan nan nan nan nan nan nan nan nan nan nan nan nan nan nan 266.59074411243369696 266.55421893025010149 266.54752089717072749 266.48944960092444489 266.47548919021636493 266.49504845547585319 266.47361009847043078 266.46784998234085151 266.4239957464070585 266.19090138444278182 265.73668403912768099 265.49013683101890138 265.64622483431082856 265.76081807832605364 265.74335712910891516 265.65599217669455356 265.55689711014758814 265.49513344482949151 265.39782329874350353 265.32652703580561138 265.20111678285331891 265.08850267096727293 264.98698916275816373 264.75163378374173817 nan nan nan nan nan nan nan nan nan nan nan nan nan nan nan nan nan nan nan
nan nan nan nan nan nan nan nan nan nan nan nan nan nan nan nan nan nan nan nan nan 266.35165996989314863 266.41299146083377991 266.39631967916648136 266.41624683783783212 266.44218901809529143 266.4195198595795091 266.40876851874065778 266.35974801577754079 266.20487339160075635 265.80828822785917964 265.36464209677814097 265.56620543174483373 265.62835193018923974 265.594464801818674 265.35973400230000152 265.35013757556941982 265.33937391939110739 265.30677235305938666 265.28588851909751156 265.18804604573330153 265.05756682604271646 264.94913464172748263 nan nan nan nan nan nan nan nan nan nan nan nan nan nan nan nan nan nan nan nan
nan nan nan nan nan nan nan nan nan nan nan nan nan nan nan nan nan nan nan nan nan 266.32814258419728048 266.34380659250354029 266.33299462985524997 266.34161660280426531 266.3691500311206255 266.36025658907237812 266.35434092040782161 266.27123602132905944 266.09763351531864828 265.79160685613027226 265.2552918166273912 265.38892674765060065 265.48024868363592077 265.37016041854980131 265.12435280090431888 265.18751969555819414 265.20253701996347218 265.21207939031688738 265.21153666816985606 265.13418812502931132 264.98263232256681476 264.8807594831428105 nan nan nan nan nan nan nan nan nan nan nan nan nan nan nan nan nan nan nan nan
nan nan nan nan nan nan nan nan nan nan nan nan nan nan nan nan nan nan nan nan 266.25520084143181521 266.28224142397419882 266.27243161240693325 266.26514629343063234 266.27980747170698805 266.29744448003094703 266.29917299596326075 266.29203558719626699 266.07800401614065322 265.82488203291649143 265.61035954454769126 265.30660919165461564 265.1982082815293893 265.2807559685465435 265.03455117534474539 265.00329902092300927 265.09578870906699422 265.03182429556215993 265.07385463456586194 265.12378185388155316 265.05069049920757607 264.90787886962749553 nan nan nan nan nan nan nan nan nan nan nan nan nan nan nan nan nan nan nan nan nan
nan nan nan nan nan nan nan nan nan nan nan nan nan nan nan nan nan nan nan 266.14230442307166413 266.22555558319066904 266.22398453624737158 266.21540201053056762 266.2057636505006144 266.222991004454002 266.23371782913983452 266.22815162485159135 266.21186646663261399 265.97866939370771888 265.80783359959934842 265.62041578683522403 265.47553459367532014 265.38970960845659874 265.212142872957088 265.09653926354587838 265.00532568008452472 265.01343510528334946 264.90677359868146823 264.94332359032813429 265.01723952432166698 264.94735340354566233 nan nan nan nan nan nan nan nan nan nan nan nan nan nan nan nan nan nan nan nan nan nan
nan nan nan nan nan nan nan nan nan nan nan nan nan nan nan nan nan 265.81678252833546594 266.02775094940318468 266.12922793182832493 266.15715500013129713 266.14788892246707519 266.15908298363933682 266.145556765927779 266.15686566666204271 266.1646713454009614 266.14411705865546764 266.1283681261548395 265.91255940891102227 265.80196962313760878 265.66178787154700558 265.412418326195791 265.29550649614981239 265.3330103257374617 265.29945030070643952 nan nan nan nan nan nan nan nan nan nan nan nan nan nan nan nan nan nan nan nan nan nan nan nan nan nan nan nan
nan nan nan nan nan nan nan nan nan nan nan nan nan nan nan nan 265.62645624447668524 265.82769675714513369 266.00745637641426811 266.07305217824921328 266.06887022926736108 266.06332005176557232 266.08536765087427511 266.09243846664162447 266.0994506790115679 266.09434806669980844 266.06706037912249485 266.04778615329774993 265.90401346296283691 265.66635610302006398 265.60558044430166547 265.51158696119614433 265.27176504358664033 nan nan nan nan nan nan nan nan nan nan nan nan nan nan nan nan nan nan nan nan nan nan nan nan nan nan nan nan nan nan
nan nan nan nan nan nan nan nan nan nan nan nan nan nan nan nan 265.60584958026140612 265.85113499128266312 265.92922855729449338 265.95638065861948007 265.97744595484363117 265.97925557224277782 266.00014221065970332 266.03473865026268186 266.0626540523624044 266.03626839393876935 265.99502147665180019 265.95693855988986343 265.88356265469531081 265.61226185363813102 265.61019523835915379 265.47971097934873796 nan nan nan nan nan nan nan nan nan nan nan nan nan nan nan nan nan nan nan nan nan nan nan nan nan nan nan nan nan nan nan
nan nan nan nan nan nan nan nan nan nan nan nan nan nan nan nan 265.64216871683015597 265.76069852472272714 265.76355183359817147 265.79502239898971538 265.85534441279202156 265.88073679337082922 265.89472727381183859 265.88342251553206097 265.87043734560705843 265.88728671451673335 265.91717978919513143 265.85439091932965994 265.80792686914787737 nan nan nan nan nan nan nan nan nan nan nan nan nan nan nan nan nan nan nan nan nan nan nan nan nan nan nan nan nan nan nan nan nan nan
nan nan nan nan nan nan nan nan nan nan nan nan nan nan nan nan nan 265.58832587188857133 265.53796430391633976 265.62932641034228709 265.68963983213615165 265.74944016014251247 265.76768305650364255 265.7631841376979196 265.71068299998239581 265.63982558840564252 265.77799135943456577 nan nan nan nan nan nan nan nan nan nan nan nan nan nan nan nan nan nan nan nan nan nan nan nan nan nan nan nan nan nan nan nan nan nan nan nan
nan nan nan nan nan nan nan nan nan nan nan nan nan nan nan nan nan nan nan 265.45191213245726658 265.45246238606750921 265.56363749796923912 265.54179754880647124 265.53480399024545022 nan nan nan nan nan nan nan nan nan nan nan nan nan nan nan nan nan nan nan nan nan nan nan nan nan nan nan nan nan nan nan nan nan nan nan nan nan nan nan
nan nan nan nan nan nan nan nan nan nan nan nan nan nan nan nan nan nan nan nan nan nan nan nan nan nan nan nan nan nan nan nan nan nan nan nan nan nan nan nan nan nan nan nan nan nan nan nan nan nan nan nan nan nan nan nan nan nan nan nan nan nan nan
