results/rofental/temp_month_2020-07-01T0000_2020-07-31T2300.asc
ncols        322
nrows        225
xllcorner    622802.488000000012
yllcorner    5178049.378999999724
cellsize     100.000000000000
[rows 140 to 167 of 225, columns 63 to 125 of 322]
nan nan nan nan nan nan nan nan nan nan nan nan nan nan nan nan nan nan nan nan nan nan nan nan nan nan nan nan nan nan nan nan nan nan nan nan nan nan nan nan nan nan nan nan nan nan nan nan nan nan nan 276.3632691949979403 276.48228010546290534 276.75132122535939061 277.04716181977346423 277.28146582283227417 277.50908671644049264 277.72373988199240102 277.83428719617245406 277.92456258476931907 278.07913975572040499 278.27283832536539876 278.45241987192162014
nan nan nan nan nan nan nan nan nan nan nan nan nan nan nan nan nan nan nan nan nan nan nan nan nan nan nan nan nan nan nan nan nan nan nan nan nan nan nan nan nan nan nan nan nan nan nan nan nan nan 276.3050691955489242 276.44595129325756488 276.58325835644143353 276.87604111330165324 277.19298229121585564 277.37061750462316922 277.59475248569697214 277.76955550031323128 277.87111921876055476 277.98536030672255492 278.13589025791338827 278.34480023981336672 278.55512513345729531
nan nan nan nan nan nan nan nan nan nan nan nan nan nan nan nan nan nan nan nan nan nan nan nan nan nan nan nan nan nan nan nan nan nan nan nan nan nan nan nan nan nan nan nan nan nan nan nan nan 276.37778370250845228 276.74388149939937875 276.90526418388509455 277.06951108938358175 277.02774351805686592 277.17994074663999982 277.43019526391054796 277.69150686336882927 277.87830674024462496 278.01645132267691451 278.16079553418057912 278.31512647000249672 278.48843228975783859 278.6882416480253255
nan nan nan nan nan nan nan nan nan nan nan nan nan nan nan nan nan nan nan nan nan nan nan nan nan nan nan nan nan nan nan nan nan nan nan nan nan nan nan nan nan nan nan nan nan nan nan nan 276.60995362498164241 276.83401108327643669 277.17750679709018868 277.40610450520199493 277.49811693878945107 277.52463810730921523 277.32131560938631765 277.36213754866724912 277.71961764083931712 277.9944148291970123 278.17025870774114082 278.30848546947430577 278.48201604637813489 278.69570866480131599 278.89103795797097973
nan nan nan nan nan nan nan nan nan nan nan nan nan nan nan nan nan nan nan nan nan nan nan nan nan nan nan nan nan nan nan nan nan nan nan nan nan nan nan nan nan nan nan nan nan 276.68418813967110736 276.76188917728552497 276.95533260357740346 277.04338814572463434 277.19048466458923485 277.4695016364643152 277.67238611216595245 277.81731380691024924 277.90454483475394909 277.77551927829892975 277.65087921321310205 277.71783344307084462 277.93656291024007032 278.16613593548822791 278.34628075429088767 278.51748932617590526 278.67203063617500902 278.87513407565148782
nan nan nan nan nan nan nan nan nan nan nan nan nan nan nan nan nan nan nan nan nan nan nan nan nan nan nan nan nan nan nan nan nan nan nan nan nan nan nan nan nan nan nan nan 277.08870316748857476 277.04871086204747144 277.05021821178888786 277.29913294638356547 277.45527651176672634 277.46321062568506477 277.5772638390065481 277.78033383818979019 277.99836197775204027 278.12672013562024631 278.19699534510613148 278.15627618581470415 278.04499618234837044 278.04541904536370112 278.11715314770083296 278.23282407727924692 278.39650846709656662 278.6037831261021438 278.85359041234818278
nan nan nan nan nan nan nan nan nan nan nan nan nan nan nan nan nan nan nan nan nan nan nan nan nan nan nan nan nan nan nan nan nan nan nan nan nan nan nan nan nan nan nan nan 277.39779622208368437 277.39540883364264801 277.49943898795714858 277.54755405447230032 277.7501410406667901 277.84975095619932972 277.95624026820621566 278.01573350174697907 278.16668206713382006 278.27209390890578788 278.38783672063874519 278.50761947016434306 278.50462965731099985 278.46023846262073675 278.48331665213947872 278.53859943273374711 278.59956527525389447 278.67538878278645598 278.93056429443680599
nan nan nan nan nan nan nan nan nan nan nan nan nan nan nan nan nan nan nan nan nan nan nan nan nan nan nan nan nan nan nan nan nan nan nan nan nan nan nan nan nan nan nan nan 277.39155143508872925 277.51661788923212271 277.64252072685042094 277.77759907775612191 277.88037497083672633 277.95274307533389901 278.03740105144771633 278.11927650154893854 278.22224096506795377 278.33046954205934753 278.42868903293168614 278.56712002940889761 278.70988967752441567 278.81167029471282603 278.85600707214041449 278.83880575021618142 278.91919814193130378 278.98072951543531417 279.21154762805963401
nan nan nan nan nan nan nan nan nan nan nan nan nan nan nan nan nan nan nan nan nan nan nan nan nan nan nan nan nan nan nan nan nan nan nan nan nan nan nan nan nan nan nan 277.11332636299016485 277.31030156505011064 277.56184849122968217 277.70756426709158404 277.78194879066711565 277.86334570426674873 277.94736054819213678 278.02697129008856791 278.10502936417549336 278.19700141044364727 278.30111579918218467 278.41193696344043929 278.54795801742176309 278.68427164221122894 278.80900570319147391 278.95772948804437874 279.09626051507700595 279.26590756148658556 279.40971154838285884 279.53882637492142749
nan nan nan nan nan nan nan nan nan nan nan nan nan nan nan nan nan nan nan nan nan nan nan nan nan nan nan nan nan nan nan nan nan nan nan nan nan nan nan nan nan nan nan 276.9461380565543891 277.17967960626435797 277.50142135587395842 277.69173451856522661 277.76326393091721911 277.83855112414261157 277.92261831794439786 277.98894777187877025 278.07841332475766194 278.19340367452088003 278.31249458346746906 278.42193984342117119 278.55105515688632067 278.688875361361454 278.83391944520320749 278.9602503560453215 279.13779903498988233 279.30520991061541736 279.56714824793209573 279.7756754771002079
nan nan nan nan nan nan nan nan nan nan nan nan nan nan nan nan nan nan nan nan nan nan nan nan nan nan nan nan nan nan nan nan nan nan nan nan nan nan nan nan nan nan 276.66562912085180415 276.86834191103599778 277.20124585680304108 277.4249730519374566 277.60535998002836777 277.70305684144466341 277.77199999033211952 277.85521591779382788 277.89725115554853119 277.99259785100792897 278.12315796778437971 278.25773094376506833 278.39652004457167322 278.55332782279253934 278.7523920474973238 278.98271783084362596 279.19231476623349408 279.37360488188784302 279.5492746633896104 279.69225384864012085 279.84283827059852001
nan nan nan nan nan nan nan nan nan nan nan nan nan nan nan nan nan nan nan nan nan nan nan nan nan nan nan nan nan nan nan nan nan nan nan nan nan nan nan nan nan 276.48790815016576516 276.56132168708342078 276.86899051989951204 277.07429431145874332 277.27654913140099779 277.44824554580492304 277.53662288189428864 277.59948107532369477 277.69590022060526735 277.75349955506129618 277.84742076968018409 277.9637609587047109 278.10105897356180549 278.27452003417897686 278.50264555909109276 278.78064193657439773 278.99545438713499834 279.20732034346275441 279.47186460881914627 279.64117266389246197 279.7739371295476758 279.84641323209012853
nan nan nan nan nan nan nan nan nan nan nan nan nan nan nan nan nan nan nan nan nan nan nan nan nan nan nan nan nan nan nan nan nan nan nan nan nan nan nan nan nan nan 276.56006402883008377 276.82404474806179451 276.9856020563128709 277.16236705341782454 277.33957950078200838 277.38617752779384773 277.41483214759148268 277.479101022577197 277.48603609270395509 277.63155623521959114 277.75995524860996966 277.89924598710950931 278.06964419473388261 278.31804476495972267 278.62882840612707014 278.9317213276133316 279.19580027062096406 279.47362368177249436 279.71391510625392129 279.75357813460504985 279.78545098183138862
nan nan nan nan nan nan nan nan nan nan nan nan nan nan nan nan nan nan nan nan nan nan nan nan nan nan nan nan nan nan nan nan nan nan nan nan nan nan nan nan nan 276.17469822725473705 276.4605803587149353 276.68815908327377429 276.82099452432589715 277.00393292544760016 277.17720633223046889 277.20549012821476254 277.20005087699911428 277.20732961051771781 277.20312169052090212 277.32546400211384707 277.41931728801068857 277.58871050709490191 277.90029649268120693 278.20107693838139085 278.54585122722869528 278.89402151707258781 279.20216562527440374 279.49211905706488324 279.67254453920742208 279.68637149626033533 279.7273638306654675
nan nan nan nan nan nan nan nan nan nan nan nan nan nan nan nan nan nan nan nan nan nan nan nan nan nan nan nan nan nan nan nan nan nan nan nan nan nan nan nan nan 275.93156902854514101 276.18147002942623658 276.51071683874903329 276.68311873632933384 276.85368976666921981 276.96932559254764783 277.00175740190508122 276.91088818668151816 276.96487998897339367 277.34056168664648112 277.56356009768887816 277.5901641957785273 277.76100376888422261 278.0241245634354641 278.28344515034370943 278.60863734969962024 278.9643359855874678 279.28345244543629633 279.55469272358584476 279.60427508054141299 279.63202380432369409 279.67525872744045046
nan nan nan nan nan nan nan nan nan nan nan nan nan nan nan nan nan nan nan nan nan nan nan nan nan nan nan nan nan nan nan nan nan nan nan nan nan nan nan nan nan 275.73735667130318916 275.92563180751750451 276.14753329783764002 276.47121259999198628 276.72646694564292602 276.80869333783181219 276.78610636850390847 276.89478312007958039 277.2554256349654338 277.61957917139648089 277.77394425547123546 277.84481987119397672 277.91857784275794074 278.13120583124083396 278.43520310288653263 278.74464175927676024 279.05942049818452233 279.3765368513374483 279.52707581878797782 279.54756653374420239 279.58495613695936299 279.62096671803965364
nan nan nan nan nan nan nan nan nan nan nan nan nan nan nan nan nan nan nan nan nan nan nan nan nan nan nan nan nan nan nan nan nan nan nan nan nan nan nan nan nan 275.74052298071012501 275.84298750459475968 276.09345450705120584 276.37402594039457426 276.55276609515044584 276.73838282385258935 276.98242843290933024 277.22425814540224565 277.51981592304861124 277.78934163998570739 277.97465123750839666 278.14184417706542263 278.20692242287816498 278.33413063103631657 278.508110691603747 278.77508750733551324 279.09783495528319008 279.42335281461595287 279.46798643696700992 279.49380387904170675 279.52415836013420858 279.56427142182207035
nan nan nan nan nan nan nan nan nan nan nan nan nan nan nan nan nan nan nan nan nan nan nan nan nan nan nan nan nan nan nan nan nan nan nan nan nan nan nan nan 275.84809371824240998 275.92125137267157697 276.02546558693114775 276.30649472401603362 276.55454338870657693 276.80369680812350452 277.00388968347056107 277.11996275508823828 277.3264074328514539 277.58638329415219914 277.86274871083452354 278.12451220433177923 278.280191172815762 278.38691248632608222 278.50589711497758572 278.67522200147806188 278.89789865660662826 279.1847069525259144 279.39193257976779705 279.40049008873830871 279.43238310007274094 279.46277443157561038 279.50612677896873493
nan nan nan nan nan nan nan nan nan nan nan nan nan nan nan nan nan nan nan nan nan nan nan nan nan nan nan nan nan nan nan nan nan nan nan nan nan nan nan 276.12452412707756366 276.10091324544612235 276.12733034500860185 276.2073270755968224 276.39361911315870657 276.62830475262171603 276.85985641697334358 277.05637652361639311 277.17846469259683317 277.34600615944469837 277.58772475296410676 277.82335931963325493 278.04771780187280683 278.27880676403793814 278.47478862660619825 278.61689382734164155 278.77012521501103492 279.00210593087496136 279.2811812342885105 279.30877041465600996 279.32631007458195427 279.36034406513886097 279.39804901881035448 279.45465975326715125
nan nan nan nan nan nan nan nan nan nan nan nan nan nan nan nan nan nan nan nan nan nan nan nan nan nan nan nan nan nan nan nan nan nan nan nan nan 276.18224969349097364 276.33560695752123593 276.39283661389237068 276.37432989879863499 276.37015820671018673 276.4000111476872803 276.46506810661600184 276.57833138910194748 276.79869362635253083 277.01315213735193765 277.20637984011756316 277.39524211917961338 277.55129705237362714 277.75549176156937392 277.95621237533180192 278.20687851461235596 278.46083576300617324 278.63409911445756961 278.84309672799929558 279.11525993131078849 279.22691284824173863 279.22811511432104226 279.25542339946821357 279.28649253466215896 279.33319295634254331 279.40407735726620331
nan nan nan nan nan nan nan nan nan nan nan nan nan nan nan nan nan nan nan nan nan nan nan nan nan nan nan nan nan nan nan nan nan nan nan nan 276.31900669222522993 276.38317593825246377 276.57384965468912696 276.62229412369316606 276.6331449170892256 276.61140987719380746 276.61357233069628592 276.64376481550448261 276.70267261357173538 276.70387232897326157 276.88106692855370738 277.16533767896771678 277.40825623641529774 277.56734220077026976 277.75911630627354043 277.9101905608304719 278.16003554015350119 278.48143314231043632 278.66961155314010057 278.84151701903346066 279.08412140620606579 279.14542790347354639 279.1611376496448429 279.17810648159542097 279.20525673118277155 279.26490135989837427 279.33779411985898378
nan nan nan nan nan nan nan nan nan nan nan nan nan nan nan nan nan nan nan nan nan nan nan nan nan nan nan nan nan nan nan nan nan nan 276.46386996800629277 276.55748945528983995 276.60003291443177886 276.69029520636775032 276.79667030856973042 276.82126934936303542 276.84919669117618923 276.83337133017556653 276.8232373992134967 276.82339881676887217 276.87196758409112363 276.95343243334514227 276.86913977197752956 276.94943830962245102 277.23585838680145343 277.46398992019254592 277.65810486873800755 277.86787337377847962 278.10811445696941746 278.25504180635795137 278.52346195835860954 278.76810089795554859 279.05352720600751582 279.06150972497954399 279.06616261547674185 279.07285053922697671 279.11160998832690439 279.18631065175759431 279.24073685234111508
nan nan nan nan nan nan nan nan nan nan nan nan nan nan nan nan nan nan nan nan nan nan nan nan nan nan nan nan nan nan nan nan 276.3054914916888265 276.37156880870412579 276.55646883693242444 276.69205645281016359 276.76342924661543066 276.90355512074472699 276.99531188090878686 277.02312167103514184 277.01745004047074872 277.03049348862327861 277.032993221395202 277.03372717542549708 277.08210393164455354 277.15026944572741741 277.243878853445608 277.2152065296762089 277.28844983709990402 277.40820202179946818 277.58509086764820495 277.72664450809747905 277.86005650115754406 278.06541766019603301 278.34443698249265253 278.62173387046402695 278.90885168361927526 278.89394252168096955 278.93325219812498972 278.95455688193203514 279.00366491175782357 279.0893288071708298 279.1458749462433957
nan nan nan nan nan nan nan nan nan nan nan nan nan nan nan nan nan nan nan nan nan nan nan nan nan nan 274.72030349797586268 275.08035473781967539 275.44829955924831211 275.78059255932015503 275.99855879270171499 276.2246318939575076 276.34058474034361552 276.47869705372374938 276.63186464300571288 276.7952834545216092 276.8927670839983648 277.08752187833340486 277.19333438847434081 277.21183307778647986 277.18981657073373981 277.14768704324939108 277.15526287380521353 277.17725293644230078 277.27988434055293965 277.36184689547894777 277.47230849987170131 277.58011266113169313 277.57297298921821493 277.56474834970902066 277.74187379554490462 277.84583425340809981 277.96682026718809766 278.14178264080481995 278.33096579631359191 278.58704601201480955 278.72554164095726037 278.7642645696041086 278.81731252363397289 278.84483053072841585 278.89467053947782915 278.97564908015505125 279.04198258900271412
nan nan nan nan nan nan nan nan nan nan nan nan nan nan nan nan nan nan nan nan nan nan nan nan nan nan 274.71615933304428836 275.15910750743063318 275.49023886116344784 275.86547683180782542 276.07748374128328805 276.25094493615773672 276.40556667181266448 276.5704413964671744 276.6884238139033414 276.83144899492782542 276.98371999844795255 277.19342932610771868 277.22348314381639511 277.248808816163546 277.29799103199064803 277.31218014287668439 277.29253681385785058 277.3100986990238539 277.40351165869464012 277.49787155152370133 277.58897286359194823 277.73467019755275942 277.773230630854016 277.73496923109757972 277.81119366257121328 277.96060495493867393 278.08084010638606287 278.25092967592678406 278.4063880246093845 278.56335454831184961 278.60846411945868795 278.67550573436477634 278.72140443446852487 278.75523293405132108 278.80978459675060321 278.88971755167244737 278.91184785007584424
nan nan nan nan nan nan nan nan nan nan nan nan nan nan nan nan nan nan nan nan nan nan nan nan nan nan 274.68648406489194258 275.00115814947531589 275.36811884164603725 275.76285259125495486 276.05779762468949912 276.27126630295265386 276.43300484193576949 276.61017437750291492 276.7673040596691294 276.84456832709747687 277.00040584654504983 277.18587731376908323 277.24595061868370749 277.30224684244149103 277.37476252538124299 277.41646153134036012 277.43882824204888493 277.47274818610588909 277.54390211638286701 277.64633080453478442 277.7571277623993069 277.88561403811695527 277.92645999600290452 277.91753684883991582 277.97260877094379339 278.09588481381302927 278.23792649648157749 278.35993663531155562 278.40145240405763616 278.44261392180214898 278.52112707866371011 278.59180116967229424 278.63697948951198669 278.68681296844602002 278.75360451592734989 278.80865791140661258 278.77186349337853244
nan nan nan nan nan nan nan nan nan nan nan nan nan nan nan nan nan nan nan nan nan nan nan nan nan nan 274.74018995546060751 274.85439898183517471 275.19679059581756064 275.67825905834644118 275.96026252999644157 276.19767162221774015 276.46931772048833409 276.68076464126841074 276.82296573825794894 276.89576772281350259 276.99139929793705051 277.13336447055320377 277.31712149165946357 277.37455481213328312 277.4085019514184296 277.44108444177436468 277.50039064204196393 277.54022758226318501 277.65168149595410796 277.73510182575631688 277.85349243116860407 277.96555799366143447 278.01186960206058529 278.04388983783240974 278.07775099261721152 278.15493265093272157 278.23503868741454426 278.28231660173247519 278.31822394060651504 278.37924771665865364 278.44751478403964029 278.50417746901774763 278.56283934502602051 278.62983563961768141 278.70024449588999005 278.68634012266278432 278.60057047452733059
nan nan nan nan nan nan nan nan nan nan nan nan nan nan nan nan nan nan nan nan nan nan nan nan nan nan nan 274.98998510481118274 275.39899422393136774 275.83961255415971436 276.07226570134344001 276.19798805365871885 276.27410876402177564 276.57607040049612124 276.8144532250525458 276.9813478420426236 277.04035687866087301 277.12472919238359736 277.31592124266671817 277.42866556919398136 277.41589938836409601 277.4376490109173119 277.48558441586959589 277.54674072540814223 277.6414145439914023 277.74938590238394909 277.83021885247768523 277.9242286289365893 277.97125863850340011 277.99677942693813293 278.02940405668806534 278.08111132243982411 278.15473004628864828 278.20919729435627232 278.25693138975998409 278.31318535605299758 278.36716399072696504 278.42529677526187015 278.49117601820489654 278.57965997711920636 278.56193788834980296 278.44789867599189392 278.32935515118424519
