results/rofental/temp_month_2020-09-01T0000_2020-09-30T2300.asc
ncols        322
nrows        225
xllcorner    622802.488000000012
yllcorner    5178049.378999999724
cellsize     100.000000000000
[rows 168 to 195 of 225, columns 63 to 125 of 322]
nan nan nan nan nan nan nan nan nan nan nan nan nan nan nan nan nan nan nan nan nan nan nan nan nan nan nan nan 273.13259006707818344 273.49217504388400357 273.72821518072919389 273.7999156088832251 273.86653073690575866 273.96159127793907828 274.1355625164123353 274.46827895775413708 274.55221685808191978 274.57799386127175012 274.6609954654086323 274.76570665105759872 274.8005903810587256 274.83561591186366968 274.85430152814467419 274.90711844545688791 275.01924052314109304 275.09238020097245681 275.13740792140697522 275.19503712865815714 275.25653869100631255 275.29620725336366149 275.33089257245512727 275.36311505599280736 275.39624367665260252 275.42753680461635213 275.46333986610079592 275.50625424110768336 275.53619522301818279 275.5678943476542031 275.59339752151362291 275.56157109638309066 275.47323670195504519 275.26618462462425896 275.0406194501405821
nan nan nan nan nan nan nan nan nan nan nan nan nan nan nan nan nan nan nan nan nan nan nan nan nan nan nan nan 273.0574126560098307 273.46810883072691922 273.81748604945590841 273.87704335752772522 273.90949910437632298 273.96954507911260635 274.09553794158688333 274.30588652022606766 274.55925199102858869 274.60956852423561259 274.66765863190681785 274.7168488431454989 274.74791657597540961 274.8381620139698498 274.88947169771540757 274.915223162375014 275.01037532060382773 275.08968178013896022 275.13659857524208974 275.194252484058552 275.25087479315612882 275.28497218593133766 275.30784883309547695 275.33362195474205691 275.36079042335592248 275.39322150520899868 275.43051039330697449 275.46957011327833698 275.48043017598871529 275.47063459146278319 275.41091533579367479 275.33394311858717174 275.23001859856435658 274.97419753758470051 274.76207997757978774
nan nan nan nan nan nan nan nan nan nan nan nan nan nan nan nan nan nan nan nan nan nan nan nan nan nan nan 273.28560393179759558 273.32841739411514936 273.67821445517847678 273.90660841746006327 273.9692358005420374 273.96884987560855507 273.99448691523718935 274.09569073581945986 274.25419936761437611 274.43910154059625484 274.59225524044876465 274.69060633720800979 274.67414909452133998 274.69550024827975676 274.82742777640083887 274.92454584433750142 274.93766710215624016 274.98106933593209078 275.03618285094654539 275.10455751578825812 275.1705292515746919 275.22124243803079935 275.25701695365188471 275.27972241455421454 275.31331467516258726 275.33898493296203469 275.37423990596408885 275.40306163527492345 275.3811251516547145 275.33470545956566866 275.25635156623860667 275.17958812345301567 275.09020014567602175 274.92632538008734855 274.64976066168708257 274.39556150804133949
nan nan nan nan nan nan nan nan nan nan nan nan nan nan nan nan nan nan nan nan nan nan nan nan nan nan nan 273.41922483204348282 273.6300884842470964 273.80266471330162403 273.92035326957721963 274.01501502510313912 274.01830960007350768 274.03594716027174627 274.09074274610657085 274.17203165583384816 274.29751250677350072 274.49320764097882375 274.6292688680330798 274.62045296996376464 274.64859060986924533 274.81715573240262529 274.93222023111047747 274.92934287025906315 274.93607299813271538 274.96952557483285773 275.03859650119915159 275.10542323715594648 275.14891143811320262 275.18982247834475174 275.21658037286732679 275.27858738961089102 275.29672764983445177 275.27690160072080516 275.24822277563430362 275.19787617698824533 275.10339019682453454 275.02553730547487021 274.92534063154738533 274.80233501465085055 274.57243176665036799 274.36613781200469475 nan
nan nan nan nan nan nan nan nan nan nan nan nan nan nan nan nan nan nan nan nan nan nan nan nan nan nan nan nan 273.53763086863085618 273.82465100836213878 273.9214146703559436 273.97871769289866961 274.01836583661338409 274.07021700811088749 274.11969027335743476 274.14840184366630638 274.25035588876409065 274.36262940409784505 274.47245139082525611 274.54918597861353646 274.58577579887588627 274.73184991328309934 274.86325934380636227 274.88570276577030427 274.88726875002345196 274.91299199451890445 275.00623530460791244 275.06079947742426839 275.08854778490393755 275.10292600748101677 275.0996379941694272 275.09450915558522865 275.04743925812528005 275.01785771603010744 274.97091562969211509 274.91205125990626357 274.80160243690272637 274.73867884160091535 274.646408930982318 274.53251570638371959 274.22113198827446467 274.17355142627781106 nan
nan nan nan nan nan nan nan nan nan nan nan nan nan nan nan nan nan nan nan nan nan nan nan nan nan nan nan nan nan 273.59980091404065661 273.87353177933925963 273.92529577166533272 273.97667545506430997 274.05542869591943145 274.13368135986979723 274.18337915922461434 274.25775873215883394 274.32976004250514279 274.43592098387881606 274.53067280299518416 274.55883947622930918 274.68353582302177074 274.81185528338818358 274.84458570226126994 274.83815543436867301 274.86625242446893935 274.9668989689809564 274.96910013399872241 274.95620301164626653 274.93774024630039321 274.86301551045181668 274.82974990805070092 274.84236855360791196 274.7874054646440527 274.69487161134742337 274.60903965907965585 274.51408853215184536 274.45538685069220719 274.31518851005961324 274.12100187871146773 274.07751637558368429 nan nan
nan nan nan nan nan nan nan nan nan nan nan nan nan nan nan nan nan nan nan nan nan nan nan nan nan nan nan nan nan nan 273.54264599126378243 273.70475528678633736 273.84643778040714324 273.96378208165788237 274.04991908897056874 274.18843173455150009 274.25659328738981912 274.32130513178810816 274.41583179043345808 274.45637241286908647 274.46816981321137519 274.54586263229134602 274.63871076093533929 274.67641420345586312 274.67973223629337554 274.70961548734936741 274.74563080977247864 274.74431928796553848 274.74037729129918262 274.72868971889158729 274.6812244322224501 274.67466564108411831 274.62248536262234211 274.50094354089583248 274.42039072233211527 274.30798385319121735 274.20290315131177294 274.07712737566231453 nan nan nan nan nan
nan nan nan nan nan nan nan nan nan nan nan nan nan nan nan nan nan nan nan nan nan nan nan nan nan nan nan nan nan nan nan nan nan nan nan 274.15436582167973256 274.20820556482709662 274.27228296386539341 274.3077165277087488 274.292256860819748 274.2810791372382937 274.3197037613053908 274.2787379014686735 274.34232682696671191 274.43697751816466734 274.51616781118121935 274.56585000335621771 274.61921132729855799 274.60016719457451018 274.58898695668460732 274.55187289728871747 274.46974927196305316 274.30236329635118864 nan nan nan nan nan nan nan nan nan nan
nan nan nan nan nan nan nan nan nan nan nan nan nan nan nan nan nan nan nan nan nan nan nan nan nan nan nan nan nan nan nan nan nan nan nan nan nan nan nan nan nan nan nan nan nan nan 274.53149658353800078 274.53517438285661001 274.48615426165997633 274.45921399518454109 274.3693729005896671 274.19726862842497894 274.07939868537835082 nan nan nan nan nan nan nan nan nan nan
nan nan nan nan nan nan nan nan nan nan nan nan nan nan nan nan nan nan nan nan nan nan nan nan nan nan nan nan nan nan nan nan nan nan nan nan nan nan nan nan nan nan nan nan nan nan nan 274.47028373377520438 274.32539543934308313 274.33729981877212367 274.20160483848519561 nan nan nan nan nan nan nan nan nan nan nan nan
nan nan nan nan nan nan nan nan nan nan nan nan nan nan nan nan nan nan nan nan nan nan nan nan nan nan nan nan nan nan nan nan nan nan nan nan nan nan nan nan nan nan nan nan nan nan nan nan nan nan nan nan nan nan nan nan nan nan nan nan nan nan nan
nan nan nan nan nan nan nan nan nan nan nan nan nan nan nan nan nan nan nan nan nan nan nan nan nan nan nan nan nan nan nan nan nan nan nan nan nan nan nan nan nan nan nan nan nan nan nan nan nan nan nan nan nan nan nan nan nan nan nan nan nan nan nan
nan nan nan nan nan nan nan nan nan nan nan nan nan nan nan nan nan nan nan nan nan nan nan nan nan nan nan nan nan nan nan nan nan nan nan nan nan nan nan nan nan nan nan nan nan nan nan nan nan nan nan nan nan nan nan nan nan nan nan nan nan nan nan
nan nan nan nan nan nan nan nan nan nan nan nan nan nan nan nan nan nan nan nan nan nan nan nan nan nan nan nan nan nan nan nan nan nan nan nan nan nan nan nan nan nan nan nan nan nan nan nan nan nan nan nan nan nan nan nan nan nan nan nan nan nan nan
nan nan nan nan nan nan nan nan nan nan nan nan nan nan nan nan nan nan nan nan nan nan nan nan nan nan nan nan nan nan nan nan nan nan nan nan nan nan nan nan nan nan nan nan nan nan nan nan nan nan nan nan nan nan nan nan nan nan nan nan nan nan nan
nan nan nan nan nan nan nan nan nan nan nan nan nan nan nan nan nan nan nan nan nan nan nan nan nan nan nan nan nan nan nan nan nan nan nan nan nan nan nan nan nan nan nan nan nan nan nan nan nan nan nan nan nan nan nan nan nan nan nan nan nan nan nan
nan nan nan nan nan nan nan nan nan nan nan nan nan nan nan nan nan nan nan nan nan nan nan nan nan nan nan nan nan nan nan nan nan nan nan nan nan nan nan nan nan nan nan nan nan nan nan nan nan nan nan nan nan nan nan nan nan nan nan nan nan nan nan
nan nan nan nan nan nan nan nan nan nan nan nan nan nan nan nan nan nan nan nan nan nan nan nan nan nan nan nan nan nan nan nan nan nan nan nan nan nan nan nan nan nan nan nan nan nan nan nan nan nan nan nan nan nan nan nan nan nan nan nan nan nan nan
nan nan nan nan nan nan nan nan nan nan nan nan nan nan nan nan nan nan nan nan nan nan nan nan nan nan nan nan nan nan nan nan nan nan nan nan nan nan nan nan nan nan nan nan nan nan nan nan nan nan nan nan nan nan nan nan nan nan nan nan nan nan nan
nan nan nan nan nan nan nan nan nan nan nan nan nan nan nan nan nan nan nan nan nan nan nan nan nan nan nan nan nan nan nan nan nan nan nan nan nan nan nan nan nan nan nan nan nan nan nan nan nan nan nan nan nan nan nan nan nan nan nan nan nan nan nan
nan nan nan nan nan nan nan nan nan nan nan nan nan nan nan nan nan nan nan nan nan nan nan nan nan nan nan nan nan nan nan nan nan nan nan nan nan nan nan nan nan nan nan nan nan nan nan nan nan nan nan nan nan nan nan nan nan nan nan nan nan nan nan
nan nan nan nan nan nan nan nan nan nan nan nan nan nan nan nan nan nan nan nan nan nan nan nan nan nan nan nan nan nan nan nan nan nan nan nan nan nan nan nan nan nan nan nan nan nan nan nan nan nan nan nan nan nan nan nan nan nan nan nan nan nan nan
nan nan nan nan nan nan nan nan nan nan nan nan nan nan nan nan nan nan nan nan nan nan nan nan nan nan nan nan nan nan nan nan nan nan nan nan nan nan nan nan nan nan nan nan nan nan nan nan nan nan nan nan nan nan nan nan nan nan nan nan nan nan nan
nan nan nan nan nan nan nan nan nan nan nan nan nan nan nan nan nan nan nan nan nan nan nan nan nan nan nan nan nan nan nan nan nan nan nan nan nan nan nan nan nan nan nan nan nan nan nan nan nan nan nan nan nan nan nan nan nan nan nan nan nan nan nan
nan nan nan nan nan nan nan nan nan nan nan nan nan nan nan nan nan nan nan nan nan nan nan nan nan nan nan nan nan nan nan nan nan nan nan nan nan nan nan nan nan nan nan nan nan nan nan nan nan nan nan nan nan nan nan nan nan nan nan nan nan nan nan
nan nan nan nan nan nan nan nan nan nan nan nan nan nan nan nan nan nan nan nan nan nan nan nan nan nan nan nan nan nan nan nan nan nan nan nan nan nan nan nan nan nan nan nan nan nan nan nan nan nan nan nan nan nan nan nan nan nan nan nan nan nan nan
nan nan nan nan nan nan nan nan nan nan nan nan nan nan nan nan nan nan nan nan nan nan nan nan nan nan nan nan nan nan nan nan nan nan nan nan nan nan nan nan nan nan nan nan nan nan nan nan nan nan nan nan nan nan nan nan nan nan nan nan nan nan nan
nan nan nan nan nan nan nan nan nan nan nan nan nan nan nan nan nan nan nan nan nan nan nan nan nan nan nan nan nan nan nan nan nan nan nan nan nan nan nan nan nan nan nan nan nan nan nan nan nan nan nan nan nan nan nan nan nan nan nan nan nan nan nan
