results/rofental/temp_month_2019-11-01T0000_2019-11-30T2300.asc
ncols        322
nrows        225
xllcorner    622802.488000000012
yllcorner    5178049.378999999724
cellsize     100.000000000000
[rows 168 to 195 of 225, columns 63 to 125 of 322]
nan nan nan nan nan nan nan nan nan nan nan nan nan nan nan nan nan nan nan nan nan nan nan nan nan nan nan nan 264.05122998288641156 264.33991465187904168 264.52503483697825004 264.57255453254902022 264.61514489735395728 264.68070765129834854 264.81125816843638177 265.07328930051596672 265.12716727262659333 265.13171744696597898 265.18308317344639136 265.25167312799970887 265.26123201995545742 265.2701205629137462 265.26469196601328804 265.28713725565722825 265.35861988914786025 265.39748311526551561 265.41311069237946185 265.43984196351283344 265.47091002009034355 265.48550341496354577 265.49837679019219649 265.51244038954615689 265.53139049884794076 265.55387815084469594 265.58612520357706899 265.6311655842204118 265.67297843146104697 265.72431498819628359 265.77868900154385301 265.79322160591669899 265.76787410231156628 265.64962448372688186 265.52039079178183556
nan nan nan nan nan nan nan nan nan nan nan nan nan nan nan nan nan nan nan nan nan nan nan nan nan nan nan nan 263.98159278561576002 264.31234559649442417 264.59133279767280555 264.62808937458623859 264.64149826567779655 264.67708627693912149 264.76676808164438626 264.92583720375813527 265.11980160213209956 265.14357029944807209 265.17280305504800708 265.19359458931899098 265.19826924440280891 265.25128108053178266 265.2709418075190797 265.26851775733064187 265.32331649270798835 265.36454391343119141 265.37874107571025206 265.40227185946588406 265.42586440747220422 265.4322643479757744 265.43167576081327752 265.43677188724723237 265.44732128937351945 265.46764605422777095 265.49853691930530886 265.53850412181060392 265.5635131818003174 265.58053652781995879 265.56549590902932323 265.54544813079064625 265.51158835637284028 265.35850316470401822 265.24737913587193816
nan nan nan nan nan nan nan nan nan nan nan nan nan nan nan nan nan nan nan nan nan nan nan nan nan nan nan 264.17645205307076139 264.20081021654567621 264.48031977446680685 264.65793998749006732 264.69664662787528187 264.6820103743218624 264.68816939965387292 264.75635087754824326 264.87127803271914672 265.00713592235371152 265.11542296256146756 265.17688669221774944 265.14149545910515826 265.13642263208930672 265.22232781469028851 265.27811150116906447 265.26288599839460858 265.27204355997639595 265.29034369997179965 265.31940190229795462 265.34659565738405718 265.3617671763035446 265.36587832600906722 265.36133398758460089 265.36909940554096465 265.37464873711491009 265.3938379164292769 265.41465316509646755 265.40147901648737161 265.37741055355076014 265.33717878954081471 265.30925180686722342 265.28176225477949401 265.20247640965482105 265.03817289264628698 264.89935272549098499
nan nan nan nan nan nan nan nan nan nan nan nan nan nan nan nan nan nan nan nan nan nan nan nan nan nan nan 264.28201535612777207 264.4460027893754841 264.57737167215640284 264.66223071050563931 264.72706923475055873 264.71487224380382486 264.71366418352397432 264.74238850741647866 264.79208855486143648 264.87744538797528548 265.02008078830630211 265.11173224661848735 265.08132050099686694 265.08034621998513103 265.19503865628587391 265.26382718184981968 265.23309345178125795 265.20927152662233084 265.206843171374544 265.23353574808339772 265.25822646898080848 265.26390272831321226 265.26858927888071094 265.2635383717389459 265.29100332749055724 265.28632285159142157 265.25584496085889441 265.22537562836060943 265.18581101224634722 265.11990882812585824 265.07954673017576397 265.03304361354594221 264.98019144849666873 264.85032359382620371 264.75075167254891539 nan
nan nan nan nan nan nan nan nan nan nan nan nan nan nan nan nan nan nan nan nan nan nan nan nan nan nan nan nan 264.36322220740476041 264.58954829699626998 264.65651194197232599 264.68970879517416961 264.7072386458244182 264.73390778437959625 264.75748735801130351 264.76257797150731221 264.82743720496461037 264.89955289108041825 264.96821255223295566 265.00782724185273764 265.01247363556376513 265.10682491729488675 265.18743998572796272 265.17579678290502443 265.14542538459591015 265.13405563541198262 265.1781225562959321 265.18954779384705489 265.17878534483503472 265.15778091159927499 265.12389232017886798 265.09146061433000341 265.02844369571687366 264.98594887097965511 264.93668319428871882 264.88700878273891703 264.80565648046882643 264.77677372784091858 264.73741199397647961 264.69444087745546312 264.50085585807875077 264.53961138915303763 nan
nan nan nan nan nan nan nan nan nan nan nan nan nan nan nan nan nan nan nan nan nan nan nan nan nan nan nan nan nan 264.39658924938498785 264.6106235127812738 264.638757692593515 264.6655661440384506 264.71409817739339587 264.76103937657734377 264.78292263623688996 264.82402244695674653 264.86170099426283286 264.92632366764513563 264.97984305805886152 264.97622099889650826 265.05135129260207805 265.1278092618817368 265.12296047786952613 265.08393100374206597 265.07230840818198203 265.12005939745881733 265.08509572623415806 265.03743560317417405 264.9857706010565721 264.88881713296262888 264.82921431039312665 264.8121113587753257 264.74466757437221531 264.6538241924642989 264.57854661222847881 264.50772787387518292 264.48106333834255111 264.40188057986267722 264.29383402578383766 264.3272474508349319 nan nan
nan nan nan nan nan nan nan nan nan nan nan nan nan nan nan nan nan nan nan nan nan nan nan nan nan nan nan nan nan nan 264.32956761390914835 264.44927962448900871 264.55092189594796537 264.63114700760979758 264.68413826509618048 264.77945221353331817 264.81471882748701319 264.84559196935418868 264.89969845482119126 264.90711865065111397 264.8888164654235311 264.92360705765253215 264.96918777636682307 264.96699960233547699 264.93442528899009858 264.92241854104787535 264.91421453455046731 264.87398893692585489 264.83120683387051031 264.78235161732749248 264.70503928042944608 264.6644124652506207 264.58989064239966638 264.46350929030887755 264.37931370491918415 264.27888432877358582 264.19721811639607267 264.11316968859523513 nan nan nan nan nan
nan nan nan nan nan nan nan nan nan nan nan nan nan nan nan nan nan nan nan nan nan nan nan nan nan nan nan nan nan nan nan nan nan nan nan 264.74459535297887669 264.76741996153941727 264.79719776693576705 264.8014258681046158 264.76146836798199047 264.72322244065622954 264.72455968355279765 264.65762041724752862 264.6758688628721643 264.71812846471158309 264.74577564074189695 264.74734992700820158 264.75088289686465259 264.69350913448738538 264.6428584262256436 264.57174468942451995 264.4655288212392179 264.29223433148627009 nan nan nan nan nan nan nan nan nan nan
nan nan nan nan nan nan nan nan nan nan nan nan nan nan nan nan nan nan nan nan nan nan nan nan nan nan nan nan nan nan nan nan nan nan nan nan nan nan nan nan nan nan nan nan nan nan 264.70653560802850279 264.66748863306884232 264.58381846872958931 264.51856904853923425 264.40189750275629876 264.21893077106517467 264.08500386877841493 nan nan nan nan nan nan nan nan nan nan
nan nan nan nan nan nan nan nan nan nan nan nan nan nan nan nan nan nan nan nan nan nan nan nan nan nan nan nan nan nan nan nan nan nan nan nan nan nan nan nan nan nan nan nan nan nan nan 264.60589154699772507 264.44178038272207232 264.40828158919185853 264.2527015220392741 nan nan nan nan nan nan nan nan nan nan nan nan
nan nan nan nan nan nan nan nan nan nan nan nan nan nan nan nan nan nan nan nan nan nan nan nan nan nan nan nan nan nan nan nan nan nan nan nan nan nan nan nan nan nan nan nan nan nan nan nan nan nan nan nan nan nan nan nan nan nan nan nan nan nan nan
nan nan nan nan nan nan nan nan nan nan nan nan nan nan nan nan nan nan nan nan nan nan nan nan nan nan nan nan nan nan nan nan nan nan nan nan nan nan nan nan nan nan nan nan nan nan nan nan nan nan nan nan nan nan nan nan nan nan nan nan nan nan nan
nan nan nan nan nan nan nan nan nan nan nan nan nan nan nan nan nan nan nan nan nan nan nan nan nan nan nan nan nan nan nan nan nan nan nan nan nan nan nan nan nan nan nan nan nan nan nan nan nan nan nan nan nan nan nan nan nan nan nan nan nan nan nan
nan nan nan nan nan nan nan nan nan nan nan nan nan nan nan nan nan nan nan nan nan nan nan nan nan nan nan nan nan nan nan nan nan nan nan nan nan nan nan nan nan nan nan nan nan nan nan nan nan nan nan nan nan nan nan nan nan nan nan nan nan nan nan
nan nan nan nan nan nan nan nan nan nan nan nan nan nan nan nan nan nan nan nan nan nan nan nan nan nan nan nan nan nan nan nan nan nan nan nan nan nan nan nan nan nan nan nan nan nan nan nan nan nan nan nan nan nan nan nan nan nan nan nan nan nan nan
nan nan nan nan nan nan nan nan nan nan nan nan nan nan nan nan nan nan nan nan nan nan nan nan nan nan nan nan nan nan nan nan nan nan nan nan nan nan nan nan nan nan nan nan nan nan nan nan nan nan nan nan nan nan nan nan nan nan nan nan nan nan nan
nan nan nan nan nan nan nan nan nan nan nan nan nan nan nan nan nan nan nan nan nan nan nan nan nan nan nan nan nan nan nan nan nan nan nan nan nan nan nan nan nan nan nan nan nan nan nan nan nan nan nan nan nan nan nan nan nan nan nan nan nan nan nan
nan nan nan nan nan nan nan nan nan nan nan nan nan nan nan nan nan nan nan nan nan nan nan nan nan nan nan nan nan nan nan nan nan nan nan nan nan nan nan nan nan nan nan nan nan nan nan nan nan nan nan nan nan nan nan nan nan nan nan nan nan nan nan
nan nan nan nan nan nan nan nan nan nan nan nan nan nan nan nan nan nan nan nan nan nan nan nan nan nan nan nan nan nan nan nan nan nan nan nan nan nan nan nan nan nan nan nan nan nan nan nan nan nan nan nan nan nan nan nan nan nan nan nan nan nan nan
nan nan nan nan nan nan nan nan nan nan nan nan nan nan nan nan nan nan nan nan nan nan nan nan nan nan nan nan nan nan nan nan nan nan nan nan nan nan nan nan nan nan nan nan nan nan nan nan nan nan nan nan nan nan nan nan nan nan nan nan nan nan nan
nan nan nan nan nan nan nan nan nan nan nan nan nan nan nan nan nan nan nan nan nan nan nan nan nan nan nan nan nan nan nan nan nan nan nan nan nan nan nan nan nan nan nan nan nan nan nan nan nan nan nan nan nan nan nan nan nan nan nan nan nan nan nan
nan nan nan nan nan nan nan nan nan nan nan nan nan nan nan nan nan nan nan nan nan nan nan nan nan nan nan nan nan nan nan nan nan nan nan nan nan nan nan nan nan nan nan nan nan nan nan nan nan nan nan nan nan nan nan nan nan nan nan nan nan nan nan
nan nan nan nan nan nan nan nan nan nan nan nan nan nan nan nan nan nan nan nan nan nan nan nan nan nan nan nan nan nan nan nan nan nan nan nan nan nan nan nan nan nan nan nan nan nan nan nan nan nan nan nan nan nan nan nan nan nan nan nan nan nan nan
nan nan nan nan nan nan nan nan nan nan nan nan nan nan nan nan nan nan nan nan nan nan nan nan nan nan nan nan nan nan nan nan nan nan nan nan nan nan nan nan nan nan nan nan nan nan nan nan nan nan nan nan nan nan nan nan nan nan nan nan nan nan nan
nan nan nan nan nan nan nan nan nan nan nan nan nan nan nan nan nan nan nan nan nan nan nan nan nan nan nan nan nan nan nan nan nan nan nan nan nan nan nan nan nan nan nan nan nan nan nan nan nan nan nan nan nan nan nan nan nan nan nan nan nan nan nan
nan nan nan nan nan nan nan nan nan nan nan nan nan nan nan nan nan nan nan nan nan nan nan nan nan nan nan nan nan nan nan nan nan nan nan nan nan nan nan nan nan nan nan nan nan nan nan nan nan nan nan nan nan nan nan nan nan nan nan nan nan nan nan
nan nan nan nan nan nan nan nan nan nan nan nan nan nan nan nan nan nan nan nan nan nan nan nan nan nan nan nan nan nan nan nan nan nan nan nan nan nan nan nan nan nan nan nan nan nan nan nan nan nan nan nan nan nan nan nan nan nan nan nan nan nan nan
nan nan nan nan nan nan nan nan nan nan nan nan nan nan nan nan nan nan nan nan nan nan nan nan nan nan nan nan nan nan nan nan nan nan nan nan nan nan nan nan nan nan nan nan nan nan nan nan nan nan nan nan nan nan nan nan nan nan nan nan nan nan nan
