results/rofental/temp_month_2019-11-01T0000_2019-11-30T2300.asc
ncols        322
nrows        225
xllcorner    622802.488000000012
yllcorner    5178049.378999999724
cellsize     100.000000000000
[rows 56 to 83 of 225, columns 189 to 251 of 322]
nan nan nan nan nan nan nan nan nan nan nan nan nan nan nan nan nan nan nan nan nan nan nan nan nan nan nan nan nan nan nan nan nan nan nan nan nan nan nan nan nan nan nan nan nan nan nan nan nan nan nan nan nan nan nan nan nan nan nan nan nan nan nan
nan nan nan nan nan nan nan nan nan nan nan nan nan nan nan nan nan nan nan nan nan nan nan nan nan nan nan nan nan nan nan nan nan nan nan nan nan nan nan nan nan nan nan nan nan nan nan nan nan nan nan nan nan nan nan nan nan nan nan nan nan nan nan
nan nan nan nan nan nan nan nan nan nan nan nan nan nan nan nan nan nan nan nan nan nan nan nan nan nan nan nan nan nan nan nan nan nan nan nan nan nan nan nan nan nan nan nan nan nan nan nan nan nan nan nan nan nan nan nan nan nan nan nan nan nan nan
nan nan nan nan nan nan nan nan nan nan nan nan 265.8909952075802039 nan nan nan nan nan nan nan nan nan nan nan nan nan nan nan nan nan nan nan nan nan nan nan nan nan nan nan nan nan nan nan nan nan nan nan nan nan nan nan nan nan nan nan nan nan nan nan nan nan nan
nan nan nan nan nan nan nan nan nan nan 265.52135616983616728 265.72437610492744398 265.98015886455328882 266.12931184794626915 266.20958925611188306 nan nan nan nan nan nan nan nan nan nan nan nan nan nan nan nan nan nan nan nan nan nan nan nan nan nan nan nan nan nan nan nan nan nan nan nan nan nan nan nan nan nan nan nan nan nan nan nan
nan nan nan nan nan nan nan nan 265.48460192249706324 265.57349445742778471 265.70821603403004474 265.89148086155444162 266.07089429386633128 266.23319295889643854 266.42449442934457693 266.49077507065680948 nan nan nan nan nan nan nan nan nan nan nan nan nan nan nan nan nan nan nan nan nan nan nan nan nan nan nan nan nan nan nan nan nan nan nan nan nan nan nan nan nan nan nan nan nan nan nan
nan nan nan nan nan nan 265.14141886424471295 265.4670212735678092 265.74698418467755801 265.92873720777470226 266.06608809513028291 266.17176458632940239 266.24472811041920295 266.35584846325809849 266.55189466822139366 266.70962694130366799 266.73067983367474199 266.68585008709874273 nan nan nan nan nan nan nan nan nan nan nan nan nan nan nan nan nan nan nan nan nan nan nan nan nan nan nan nan nan nan nan nan nan nan nan nan nan nan nan nan nan nan nan nan nan
nan nan nan nan nan 265.09512442879565697 265.28003064118104248 265.66399374227449925 265.91221384098338376 266.06313720067828399 266.1844229835319311 266.30393941348705766 266.42517351946662529 266.51884926628258654 266.678611626029749 266.8323217659097395 266.91898728899724347 266.92086550310813209 266.82789097432151948 266.67310804031683347 nan nan nan nan nan nan nan nan nan nan nan nan nan nan nan nan nan nan nan nan nan nan nan nan nan nan nan nan nan nan nan nan nan nan nan nan nan nan nan nan nan nan nan
nan nan nan nan nan 265.07815968970822951 265.31034200263417233 265.68877996883634296 265.97894489411260111 266.09881210114542682 266.21091089403000751 266.33616480416185368 266.46304507369205794 266.59999954320915094 266.74422421423059859 266.88938943608997079 266.97622539243900519 267.01865708575701319 267.00254535157142755 266.86970115163933315 266.66542669824440281 nan nan nan nan nan nan nan nan nan nan nan nan nan nan nan nan nan nan nan nan nan nan nan nan nan nan nan nan nan nan nan nan nan nan nan nan nan nan nan nan nan nan
265.67684987638995153 265.37047898482973096 nan nan 265.37405648473850306 265.451851615894725 265.52163201962446237 265.70382243847217296 265.92955038554242719 266.06064566714252351 266.1168385036626205 266.3224034471190862 266.55446223777863679 266.69064482797591609 266.79312201184762898 266.90500454652868711 266.99094386158122916 267.05680790655674173 267.0968231431310187 267.05087141770161452 266.84922285681199128 266.83476217136433206 nan nan nan nan nan nan nan nan nan nan nan nan nan nan nan nan nan nan nan nan nan nan nan nan nan nan nan nan nan nan nan nan nan nan nan nan nan nan nan nan nan
265.90327250522261693 265.65788200832287203 265.50402225992860394 265.48452561250763893 265.68005093128499539 265.8376262552574758 265.88082913027722043 265.7865771484998163 265.88582434999437965 266.02512894365850116 266.17133698103475581 266.38868765361723945 266.60652357166094362 266.80878010711307979 266.86164517036576171 266.92626162729322914 267.02844502852752839 267.10779374313273138 267.15807090896072395 267.15986456530845317 266.96315415901619872 266.96933666250669148 267.03063516860800064 nan nan nan nan nan nan nan nan nan nan nan nan nan nan nan nan nan nan nan nan nan nan nan nan nan nan nan nan nan nan nan nan nan nan nan nan nan nan nan nan
266.1556120431868635 266.00542234664652597 265.83182279991348196 265.74473272984022287 265.95929244154672233 266.11744577264681766 266.10944009975014524 265.873229759074718 265.84398307790087301 266.00063882076921118 266.19589364718746083 266.42961277538142895 266.62663944716717879 266.80106558333835665 266.90915712467915455 266.98768749249467191 267.09675474807954743 267.17536799317912255 267.23418657715160407 267.26079799634771916 267.10862557108947613 267.12750730155426027 267.15680468403292025 267.20949023086939178 nan nan nan nan nan nan nan nan nan nan nan nan nan nan nan nan nan nan nan nan nan nan nan nan nan nan nan nan nan nan nan nan nan nan nan nan nan nan nan
266.49369086904056303 266.36267846662303782 266.12706387536860575 265.97253524160589677 266.16972184694395764 266.37065285834631823 266.33928721106912008 266.12301330570966229 266.0061130274802963 265.93627578417471113 266.05084054655077352 266.40795596206726259 266.63497691131635747 266.79726988297977641 266.91973711907974121 267.02942636975012647 267.14669258654191708 267.22250361792765716 267.31640177216183929 267.40308355304580346 267.42797772082110441 267.49208769340384606 267.40219767450901145 267.3000488488740416 nan nan nan nan nan nan nan nan nan nan nan nan nan nan nan nan nan nan nan nan nan nan nan nan nan nan nan nan nan nan nan nan nan nan nan nan nan nan nan
266.65597613785894282 266.53800298655613688 266.354191685785338 266.36125955419868205 266.44677833001355793 266.60562251941070144 266.57132322134015112 266.41382437616937295 266.33399922727954845 266.19372277497421919 266.03390464700049733 266.18900424412385064 266.50140756599819269 266.7440525718744766 266.93833141336853032 267.07310989145918256 267.21000905846437945 267.30965248235122544 267.43459599873199295 267.54948929702811711 267.67177515743571803 267.7797208018835704 267.69849073647867499 267.53194897395133012 nan nan nan nan nan nan nan nan nan nan nan nan nan nan nan nan nan nan nan nan nan nan nan nan nan nan nan nan nan nan nan nan nan nan nan nan nan nan nan
266.72602908949949096 266.80605216755606079 266.82585396349043094 266.78429314308453968 266.85250939835907502 266.86936432343435399 266.7638738181149165 266.67586712528407134 266.63843744411190073 266.51225834063723141 266.34346933017468473 266.22222609873733745 266.30444503792261912 266.51836661988255628 266.85305530678493824 267.11565486497119082 267.31889923232785122 267.4567558000343297 267.57165829532658563 267.6844109659765536 267.77455328789824307 267.86788420687304324 267.87996333111038894 267.69174547575227052 nan nan nan nan nan nan nan nan nan nan nan nan nan nan nan nan nan nan nan nan nan nan nan nan nan nan nan nan nan nan nan nan nan nan nan nan nan nan nan
267.01138345256350703 267.14637536047132471 267.26277492087677956 267.24500292888768627 267.16930929445481979 267.09608327657537075 267.01839730107144533 266.95778484824205634 266.89396993968836114 266.79808667890563356 266.66519634590872556 266.57792505228843538 266.60631230067082242 266.57565159251134901 266.71113487217701277 267.04452580800250416 267.38347949392817782 267.60860015902301257 267.73309886220903309 267.83086810894212704 267.88784892249145742 267.9413056488022562 268.04189904040543979 268.0279431549763558 267.86293789468527393 nan nan nan nan nan nan nan nan nan nan nan nan nan nan nan nan nan nan nan nan nan nan nan nan nan nan nan nan nan nan nan nan nan nan nan nan nan nan
267.11499710928075046 267.27770332529297548 267.42258895853831291 267.39502904054154442 267.3374506387373799 267.31872387504233757 267.2868175229129406 267.21870294467942131 267.15218337040198548 267.08134187944961013 266.92022649779886478 266.84096089592077305 266.9108313587598218 266.87712311605713467 266.80793139693560079 267.13957553234939724 267.46806425913712246 267.74009395463491501 267.86418238600560926 267.97730154951085524 268.14722120079102297 268.15691469318227291 268.22536042912298626 268.28174312323835693 268.16338548277082054 268.03185784095848021 nan nan nan nan nan nan nan nan nan nan nan nan nan nan nan nan nan nan nan nan nan nan nan nan nan nan nan nan nan nan nan nan nan nan nan nan nan
267.27547794850943319 267.41966491527324479 267.52138142599682169 267.49231248737163469 267.47783789694454981 267.4842092470219086 267.51040958544342629 267.43095073423535268 267.39339012482133739 267.35731361074988399 267.2094937347505379 267.10917890243592865 267.15396464699637136 267.15040508364978677 267.13251179436173288 267.22449490952141105 267.58118441236200624 267.87417187216613002 267.9676805929150305 268.12801396739200754 268.4116542438728743 268.52994438896070051 268.4443150265691429 268.46395214436091692 268.41400510691488535 268.2471350613104164 nan nan nan nan nan nan nan nan nan nan nan nan nan nan nan nan nan nan nan nan nan nan nan nan nan nan nan nan nan nan nan nan nan nan nan nan nan
267.37025394913428045 267.49377465406536203 267.56747024829138581 267.58467156011221277 267.57417224857573501 267.60274233114836306 267.64962245001214569 267.64635885724692344 267.61384959942296291 267.59250607628428043 267.48065998160723211 267.34902483763761438 267.33443967442718758 267.38028342204722776 267.43529014327776849 267.55130945120117758 267.66260626944921341 268.03210293986052193 268.15849134970926571 268.30823675339541978 268.55965952144350695 268.71358513155075798 268.71026670677309767 268.65426877721898791 268.53141572677407112 268.43193437060671158 268.25294401072909523 nan nan nan nan nan nan nan nan nan nan nan nan nan nan nan nan nan nan nan nan nan nan nan nan nan nan nan nan nan nan nan nan nan nan nan nan
267.41113011785779463 267.50465433848358998 267.63135554120731285 267.65438545678227911 267.66184658308219468 267.68572878632318179 267.72453658639159357 267.79216205136987128 267.82399585066070813 267.80759531275498375 267.68754425514248396 267.47948982203962487 267.47375648801784109 267.60930189415933 267.68634132502012335 267.78870470440767804 267.9760437091937888 268.22927882840951952 268.43327081090785668 268.55163516023759485 268.70077557183816452 268.7978278155882208 268.85052258661085034 268.74108534193391051 268.60819677055991406 268.42889726742345147 268.26841116104935736 nan nan nan nan nan nan nan nan nan nan nan nan nan nan nan nan nan nan nan nan nan nan nan nan nan nan nan nan nan nan nan nan nan nan nan nan
267.43562375644319218 267.5600522619882895 267.69186589920553843 267.71814694862888473 267.73562543367023636 267.78265781654204147 267.8418497304580228 267.89599461492906585 267.96058374122691248 267.97433965096081465 267.8212592138596051 267.62396635815514401 267.49687094388565356 267.68284668738033361 267.82751532166486186 267.95505365590133806 268.13503823165478934 268.37705664280838391 268.60833034745155601 268.74527545516133387 268.86599219540090644 268.8802006389881285 268.9021318279566799 268.7917338106580587 268.63502179649771051 268.40013307038225321 nan nan nan nan nan nan nan nan nan nan nan nan nan nan nan nan nan nan nan nan nan nan nan nan nan nan nan nan nan nan nan nan nan nan nan nan nan
267.44818669495379027 267.62593141614576098 267.73685450165561406 267.78740129572122441 267.79125206004584925 267.87581859773752058 267.95998560315086934 267.97655473540640969 268.02552080195329154 268.07340563241456266 267.94985764823826457 267.73272989900209495 267.54939194492499155 267.7629646888307775 267.9994398538144651 268.12983990678731061 268.29370009689864673 268.49073034393160242 268.71494905571375966 268.91718216820231646 269.03196818046171757 269.02718719348740706 269.00737235294030825 268.8066142470804607 268.65335662104018866 268.42966287597903374 nan nan nan nan nan nan nan nan nan nan nan nan nan nan nan nan nan nan nan nan nan nan nan nan nan nan nan nan nan nan nan nan nan nan nan nan nan
267.31232327235824187 267.58315669278374571 267.77304818152879307 267.86530614980307519 267.87534327420860336 267.93269105256268858 268.03754324564590661 268.07346308048693118 268.09638774950320794 268.14432240900356419 268.06892691887838964 267.86907210504097065 267.6439511215939433 267.73181965737239807 267.99602199448679585 268.19715513066694257 268.42960173389980127 268.68333483634603454 268.9553755897113092 269.10080288326372511 269.19857351174931637 269.21660117623696351 269.1020067276938903 268.90883195306895459 268.78544169377261142 268.64959577963088577 nan nan nan nan nan nan nan nan nan nan nan nan nan nan nan nan nan nan nan nan nan nan nan nan nan nan nan nan nan nan nan nan nan nan nan nan nan
267.35764739019697345 267.50163752397611461 267.72503895179164601 267.8840521855909742 267.95085325659522368 267.98359459122616499 268.07728216433622492 268.15676109312249764 268.20184505877585934 268.14935089673895163 268.13030494831497208 268.0606326926064753 267.86095861389088668 267.80535554878395033 268.04150129982633644 268.32513659683849028 268.54259887759332059 268.81078914579632055 269.09295116303644591 269.2546108876888411 269.34397686157194585 269.3126462178223619 269.14913117168271128 269.03452470194736179 268.96282212786604759 nan nan nan nan nan nan nan nan nan nan nan nan nan nan nan nan nan nan nan nan nan nan nan nan nan nan nan nan nan nan nan nan nan nan nan nan nan nan
267.3722859772720426 267.51302494934981269 267.64185682420651347 267.85573756956915759 267.96489908335473729 268.01167843561836435 268.08541111040034366 268.20527238596122288 268.28927691995886562 268.19684985425351442 268.25985101798647747 268.21551987117965155 268.1324761958078966 268.01358806429061588 268.17475605497998004 268.4548937804072466 268.66922172977734817 268.93778723006516884 269.24450739420149148 269.39523703760727358 269.44144548997019228 269.35422408212514256 269.3020248296153909 269.19790341392479149 269.12552333187920794 nan nan nan nan nan nan nan nan nan nan nan nan nan nan nan nan nan nan nan nan nan nan nan nan nan nan nan nan nan nan nan nan nan nan nan nan nan nan
267.22748981564132009 267.45071334426125986 267.70849451684682663 267.84607970625256712 267.97945381921357466 268.10182395933372845 268.1791073755692878 268.25867660652966151 268.34310703996328584 268.31427427985960321 268.39050052172638061 268.35475626893355638 268.32231740577191204 268.24379059175561224 268.29595401293181567 268.51589289323430876 268.73546742075211569 269.02435206817000335 269.33340692948729611 269.49730164892264384 269.51719269000864188 269.4893500752978639 269.52211609653073765 269.40764139225962026 269.32820415444632545 nan nan nan nan nan nan nan nan nan nan nan nan nan nan nan nan nan nan nan nan nan nan nan nan nan nan nan nan nan nan nan nan nan nan nan nan nan nan
267.31924883510242807 267.48355072842622349 267.76580518307446255 267.99431227626723739 268.06311847378577795 268.2158955640668978 268.28787890940157013 268.35952820018644616 268.41215385263564031 268.43448509968862936 268.4917930323945825 268.50582919046581765 268.45609933936026437 268.46584022505112443 268.47171640377467838 268.61198143695617091 268.82299706038213571 269.07757147614825044 269.3767680216931808 269.60676740458177392 269.66230363644092449 269.67007788985995376 269.70799559622781771 269.63016711684014126 269.51396769012632149 269.58542012456666725 nan nan nan nan nan nan nan nan nan nan nan nan nan nan nan nan nan nan nan nan nan nan nan nan nan nan nan nan nan nan nan nan nan nan nan nan nan
267.42753820754199978 267.60395869396785429 267.81067354274966874 268.0065398966784187 268.18537796618517177 268.31133252006043222 268.4092184762144484 268.47766074831616834 268.51896936064105148 268.57200321933061105 268.62949675270630223 268.68625588573320329 268.61571685442595481 268.59290617466893991 268.66347620266691365 268.76462221520023377 268.92734285104393166 269.12891045672375867 269.4399599205528375 269.69049587252231959 269.80149575736834322 269.83204282864085144 269.88480928942902892 269.84113039694040026 269.73103233434437698 269.84577074802979268 269.99975857953148761 nan nan nan nan nan nan nan nan nan nan nan nan nan nan nan nan nan nan nan nan nan nan nan nan nan nan nan nan nan nan nan nan nan nan nan nan
