results/rofental/temp_month_2020-04-01T0000_2020-04-30T2300.asc
ncols        322
nrows        225
xllcorner    622802.488000000012
yllcorner    5178049.378999999724
cellsize     100.000000000000
[rows 168 to 195 of 225, columns 63 to 125 of 322]
nan nan nan nan nan nan nan nan nan nan nan nan nan nan nan nan nan nan nan nan nan nan nan nan nan nan nan nan 267.33823976511507681 267.79866433671395498 268.10309775596772397 268.20002113415438316 268.29035321595921459 268.41635593212504318 268.6416557894305015 269.06693575210925928 269.17787529701064386 269.21494894741988446 269.32369493767498625 269.45923153208468648 269.50598802180974189 269.5522089675662869 269.57706091570872786 269.6442196572792227 269.78546623733353726 269.87682115121162951 269.93209632724762059 270.0028156279361724 270.07817179492496962 270.12600194677918353 270.16791335804839491 270.20749868784355385 270.24948015576251237 270.29090989980818449 270.34031957367540144 270.40148910232716162 270.44949386703757455 270.50321073850278708 270.55269937425822491 270.53329240832005098 270.44561652186160927 270.2104876911363931 269.95343235673522031
nan nan nan nan nan nan nan nan nan nan nan nan nan nan nan nan nan nan nan nan nan nan nan nan nan nan nan nan 267.24511238055549711 267.77002916170033586 268.21745096925116059 268.29898657258104322 268.34611059283577106 268.42778178422082647 268.59233956127064857 268.86294561361904698 269.18736121234718439 269.25499845175107794 269.33181778465160505 269.39670288282331967 269.43794476097320967 269.55302747660010709 269.61809493779804825 269.65000400761636001 269.76858937996797749 269.8663227952087027 269.92242085756191727 269.99145832959123936 270.05880659333303129 270.09764375958718574 270.12261928889859064 270.15201725599928295 270.18449091526480288 270.22552891020961852 270.27526000867203493 270.33041500154104142 270.35372826266217317 270.3551322894400073 270.29789117195758763 270.22314812086176516 270.1182515662180208 269.82478134307865503 269.58850276327615347
nan nan nan nan nan nan nan nan nan nan nan nan nan nan nan nan nan nan nan nan nan nan nan nan nan nan nan 267.52794650994292169 267.58871139383069249 268.03676023176376475 268.33146649921957305 268.41679791156354895 268.42236276901024894 268.46045299129241357 268.59351808641594062 268.79843687444088118 269.03612056914005279 269.23311374093145787 269.3602364778147944 269.34168016364588993 269.36994986872485924 269.53679825705035 269.65870374863675352 269.67356050212174523 269.72557127852746817 269.79133932367255966 269.87290967507755113 269.95067020827428905 270.0086306228919284 270.04751639854509904 270.0701073826536458 270.10715721610364426 270.13555411924204464 270.17809756674176924 270.21533656522564115 270.19210579423918261 270.14226973807205923 270.05698969043163515 269.9788975097749244 269.89005669256778219 269.71201147531127162 269.39574069188455496 269.11046364341120807
nan nan nan nan nan nan nan nan nan nan nan nan nan nan nan nan nan nan nan nan nan nan nan nan nan nan nan 267.69805753558648576 267.97087793859714111 268.19526071534954781 268.35021039358480266 268.47587780487646114 268.48596201269651829 268.51378981136554103 268.58807483982059239 268.69527547772236176 268.8576356925852906 269.10789829267429241 269.28210937576795914 269.27260209044703743 269.30873495073910817 269.52099621235618088 269.66459576194631609 269.65816603894165837 269.66264519286261248 269.69965673242353432 269.78050837936262951 269.85757329825042916 269.90446974672732949 269.94773399493288935 269.97320865452536509 270.04380659087416916 270.06038515436512171 270.03119482965735187 269.99386093140770981 269.9331310993066495 269.82152520085168135 269.73646988971779592 269.62926516398528065 269.49944220659955363 269.24054613422856619 269.01641072412417088 nan
nan nan nan nan nan nan nan nan nan nan nan nan nan nan nan nan nan nan nan nan nan nan nan nan nan nan nan nan 267.85555553556594077 268.22431697167871789 268.35279723130139473 268.43122736817275609 268.48705737989246245 268.55789023400285487 268.62524325911653023 268.66582721294054181 268.798168751624587 268.94276163397842083 269.08338284088682713 269.1812644964293213 269.22739521206796098 269.41049458760414836 269.57381445763888905 269.59829367291297331 269.59506182363179505 269.62096263658099815 269.73078811928041887 269.79067125982379594 269.81582002767459016 269.82354864411081508 269.80890873499112104 269.79248249114624514 269.72442392755351648 269.68062183135123178 269.61810735383045312 269.54481301454671893 269.41174247973282263 269.34489032477375758 269.24791978793064118 269.13084201097098003 268.77146664490118155 268.75103401126114022 nan
nan nan nan nan nan nan nan nan nan nan nan nan nan nan nan nan nan nan nan nan nan nan nan nan nan nan nan nan nan 267.94174403556615971 268.29347204416961858 268.364816790172938 268.43532324212520734 268.53993948424442806 268.64340269869813937 268.71021437766376039 268.80744972958433436 268.90085070318821181 269.03640912722858047 269.15650410282967187 269.19139303917432926 269.34680235551934402 269.50539712486755661 269.54190687854804764 269.52749646616172186 269.55515507202801473 269.67292456389310473 269.66516364003172157 269.63728246971692215 269.60166112260958471 269.49481353022781605 269.44069695354716032 269.44570354535846946 269.3676223797926923 269.24544059627237402 269.13623859343312006 269.02127896636653759 268.95893543428297789 268.80148918060376673 268.5840903979968175 268.56488607361177401 nan nan
nan nan nan nan nan nan nan nan nan nan nan nan nan nan nan nan nan nan nan nan nan nan nan nan nan nan nan nan nan nan 267.87687936619323636 268.0873762422463642 268.27171480909584034 268.4248755615788582 268.53809759268193602 268.71675300498463912 268.80586251743272896 268.88973235663189598 269.01021690729578495 269.06144250421908737 269.07513917724844532 269.17061381261214592 269.28373159996021968 269.32569580828305789 269.32264913192790345 269.35149616307109 269.38650277531644406 269.37295674407022261 269.35486956046105433 269.32613653913659846 269.25187950861118225 269.22952969700372705 269.15074341343546394 268.98659716796765906 268.87755010111141019 268.73301822759140123 268.60382880937225991 268.4559303803974899 nan nan nan nan nan
nan nan nan nan nan nan nan nan nan nan nan nan nan nan nan nan nan nan nan nan nan nan nan nan nan nan nan nan nan nan nan nan nan nan nan 268.67387409771617968 268.74467123336546592 268.8274585545588593 268.87304416332369783 268.85322105307517404 268.83748503128282437 268.88315378582046833 268.82683290867504411 268.90080331656832868 269.01226161867452902 269.10248288469205136 269.15378166235325352 269.20815732645252183 269.16981949337321112 269.14040700144835228 269.0777682864834901 268.95850593220893643 268.73269588943384178 nan nan nan nan nan nan nan nan nan nan
nan nan nan nan nan nan nan nan nan nan nan nan nan nan nan nan nan nan nan nan nan nan nan nan nan nan nan nan nan nan nan nan nan nan nan nan nan nan nan nan nan nan nan nan nan nan 269.10618658602334108 269.09713340480158195 269.02015523927298091 268.9699566728542095 268.83979659966553299 268.6059195716134127 268.44145552123904963 nan nan nan nan nan nan nan nan nan nan
nan nan nan nan nan nan nan nan nan nan nan nan nan nan nan nan nan nan nan nan nan nan nan nan nan nan nan nan nan nan nan nan nan nan nan nan nan nan nan nan nan nan nan nan nan nan nan 269.0124357903962391 268.81409206285036362 268.81248901948350749 268.62400592533862209 nan nan nan nan nan nan nan nan nan nan nan nan
nan nan nan nan nan nan nan nan nan nan nan nan nan nan nan nan nan nan nan nan nan nan nan nan nan nan nan nan nan nan nan nan nan nan nan nan nan nan nan nan nan nan nan nan nan nan nan nan nan nan nan nan nan nan nan nan nan nan nan nan nan nan nan
nan nan nan nan nan nan nan nan nan nan nan nan nan nan nan nan nan nan nan nan nan nan nan nan nan nan nan nan nan nan nan nan nan nan nan nan nan nan nan nan nan nan nan nan nan nan nan nan nan nan nan nan nan nan nan nan nan nan nan nan nan nan nan
nan nan nan nan nan nan nan nan nan nan nan nan nan nan nan nan nan nan nan nan nan nan nan nan nan nan nan nan nan nan nan nan nan nan nan nan nan nan nan nan nan nan nan nan nan nan nan nan nan nan nan nan nan nan nan nan nan nan nan nan nan nan nan
nan nan nan nan nan nan nan nan nan nan nan nan nan nan nan nan nan nan nan nan nan nan nan nan nan nan nan nan nan nan nan nan nan nan nan nan nan nan nan nan nan nan nan nan nan nan nan nan nan nan nan nan nan nan nan nan nan nan nan nan nan nan nan
nan nan nan nan nan nan nan nan nan nan nan nan nan nan nan nan nan nan nan nan nan nan nan nan nan nan nan nan nan nan nan nan nan nan nan nan nan nan nan nan nan nan nan nan nan nan nan nan nan nan nan nan nan nan nan nan nan nan nan nan nan nan nan
nan nan nan nan nan nan nan nan nan nan nan nan nan nan nan nan nan nan nan nan nan nan nan nan nan nan nan nan nan nan nan nan nan nan nan nan nan nan nan nan nan nan nan nan nan nan nan nan nan nan nan nan nan nan nan nan nan nan nan nan nan nan nan
nan nan nan nan nan nan nan nan nan nan nan nan nan nan nan nan nan nan nan nan nan nan nan nan nan nan nan nan nan nan nan nan nan nan nan nan nan nan nan nan nan nan nan nan nan nan nan nan nan nan nan nan nan nan nan nan nan nan nan nan nan nan nan
nan nan nan nan nan nan nan nan nan nan nan nan nan nan nan nan nan nan nan nan nan nan nan nan nan nan nan nan nan nan nan nan nan nan nan nan nan nan nan nan nan nan nan nan nan nan nan nan nan nan nan nan nan nan nan nan nan nan nan nan nan nan nan
nan nan nan nan nan nan nan nan nan nan nan nan nan nan nan nan nan nan nan nan nan nan nan nan nan nan nan nan nan nan nan nan nan nan nan nan nan nan nan nan nan nan nan nan nan nan nan nan nan nan nan nan nan nan nan nan nan nan nan nan nan nan nan
nan nan nan nan nan nan nan nan nan nan nan nan nan nan nan nan nan nan nan nan nan nan nan nan nan nan nan nan nan nan nan nan nan nan nan nan nan nan nan nan nan nan nan nan nan nan nan nan nan nan nan nan nan nan nan nan nan nan nan nan nan nan nan
nan nan nan nan nan nan nan nan nan nan nan nan nan nan nan nan nan nan nan nan nan nan nan nan nan nan nan nan nan nan nan nan nan nan nan nan nan nan nan nan nan nan nan nan nan nan nan nan nan nan nan nan nan nan nan nan nan nan nan nan nan nan nan
nan nan nan nan nan nan nan nan nan nan nan nan nan nan nan nan nan nan nan nan nan nan nan nan nan nan nan nan nan nan nan nan nan nan nan nan nan nan nan nan nan nan nan nan nan nan nan nan nan nan nan nan nan nan nan nan nan nan nan nan nan nan nan
nan nan nan nan nan nan nan nan nan nan nan nan nan nan nan nan nan nan nan nan nan nan nan nan nan nan nan nan nan nan nan nan nan nan nan nan nan nan nan nan nan nan nan nan nan nan nan nan nan nan nan nan nan nan nan nan nan nan nan nan nan nan nan
nan nan nan nan nan nan nan nan nan nan nan nan nan nan nan nan nan nan nan nan nan nan nan nan nan nan nan nan nan nan nan nan nan nan nan nan nan nan nan nan nan nan nan nan nan nan nan nan nan nan nan nan nan nan nan nan nan nan nan nan nan nan nan
nan nan nan nan nan nan nan nan nan nan nan nan nan nan nan nan nan nan nan nan nan nan nan nan nan nan nan nan nan nan nan nan nan nan nan nan nan nan nan nan nan nan nan nan nan nan nan nan nan nan nan nan nan nan nan nan nan nan nan nan nan nan nan
nan nan nan nan nan nan nan nan nan nan nan nan nan nan nan nan nan nan nan nan nan nan nan nan nan nan nan nan nan nan nan nan nan nan nan nan nan nan nan nan nan nan nan nan nan nan nan nan nan nan nan nan nan nan nan nan nan nan nan nan nan nan nan
nan nan nan nan nan nan nan nan nan nan nan nan nan nan nan nan nan nan nan nan nan nan nan nan nan nan nan nan nan nan nan nan nan nan nan nan nan nan nan nan nan nan nan nan nan nan nan nan nan nan nan nan nan nan nan nan nan nan nan nan nan nan nan
nan nan nan nan nan nan nan nan nan nan nan nan nan nan nan nan nan nan nan nan nan nan nan nan nan nan nan nan nan nan nan nan nan nan nan nan nan nan nan nan nan nan nan nan nan nan nan nan nan nan nan nan nan nan nan nan nan nan nan nan nan nan nan
