results/rofental/temp_month_2020-01-01T0000_2020-01-31T2300.asc
ncols        322
nrows        225
xllcorner    622802.488000000012
yllcorner    5178049.378999999724
cellsize     100.000000000000
[rows 168 to 195 of 225, columns 126 to 188 of 322]
265.9837273947125027 266.02935496325449094 266.07113865192991398 266.10618771048478948 266.04251474301270264 265.91265548989451872 266.00915070721578104 266.20565747084458508 266.32992564712827743 266.37002232555994397 266.43962370178155652 266.53163940820650168 266.59189890747347818 266.67258030329242047 266.74764325663068121 266.79010975692733609 266.86830319031844283 266.90614251578216454 266.97031340637840913 267.03728007230125741 267.1057351081378215 267.17661282394004729 267.25243581034072804 267.38577757342847008 267.53222929666873142 267.67553356716570079 267.78589571042635953 267.82261219981626255 267.7967167388087546 267.78459779848765265 267.796177865018592 267.83065001249048009 267.80620002676892 267.74066625419453658 267.58046167039651664 267.49492520720554012 267.40130843433752261 267.36305869563210535 267.340285287272593 267.31007290971564316 267.21025375977154681 267.08110356546671937 266.96972560030434352 266.92756072124728917 266.90681627956877264 266.84610051416990473 266.78170685382667671 266.76474724273742822 266.76871866027693159 266.76525121142674379 266.75819382627889809 266.68738559496460994 266.4445234068323316 266.16136868805398308 nan nan nan nan nan nan nan nan nan
265.73981036127946709 265.84276196708441375 265.95665765822593585 266.01705247236606056 265.99992021271600606 nan nan 266.22684187958685698 266.3444415705645838 266.40472970245343731 266.45221644054333865 266.53798870521529807 266.62199595179237122 266.72869040935779594 266.80235062982461614 266.84551248497751885 266.88743440604451962 266.92586077343105444 267.00881633637595769 267.0607274641473623 267.10960843487936245 267.19855733269838538 267.31740635770233894 267.47852038795497265 267.61268766636334249 267.72333675995480462 267.78795946745964329 267.76728355140789972 267.75238343066803282 267.73332151241851307 267.74868521221770834 267.78468624895691619 267.74541530933680633 267.65731542266263432 267.55688090439116422 267.46656662830753248 267.38508939168065126 267.31751143290910022 267.29870241165446032 267.24270363329685551 267.10913788345425246 266.98029351909679008 266.90025555966769844 266.87678526948349145 266.85920272540806764 266.80308342181768921 266.74929711203753868 266.72576332976160529 266.73379744901075128 266.71868705832599744 266.70808812984512315 266.63664623287286304 266.43288246259368179 266.19633848834422452 nan nan nan nan nan nan nan nan nan
265.54190637400017749 265.68668043926703604 265.84607004668026775 265.91827814830122634 nan nan nan nan nan nan 266.48144569974471096 266.58482727824838321 266.68887215949354186 266.76810300271932874 266.83014094875272804 266.8762084103616985 266.90940607773262627 266.94930726148510303 267.0087594655584553 267.07212823449935968 267.18813386299439117 267.31248940902850109 267.43768399923982315 267.565948970897864 267.6720985577007923 267.75804696756125622 267.74917282998319479 267.71198912888604582 267.70357239274540007 267.68553713879651923 267.70420685670194416 267.72700717702377915 267.66433842315399261 267.59463193326814689 267.51074931971231763 267.43510448761520593 267.32926204483891297 267.24955213298727585 267.22205338180930312 267.12724486219190112 266.99310881086597647 266.88603750303553852 266.84509125700293453 266.84332197638912021 266.80226567646252533 266.72675203964638513 266.68921396920302413 266.68908075200255325 266.70371344497317523 266.68086800552538307 266.65647368808464535 266.61195426686811061 266.37636866699858729 266.17262468397530029 nan nan nan nan nan nan nan nan nan
265.43632169263645437 nan nan nan nan nan nan nan nan nan 266.53448708356773977 266.66153992128226946 266.80824302978419382 266.8788177402641395 266.92941803632476194 266.97595919936372866 267.01880742524156176 267.04165718336247437 267.11292877689601255 267.19243443439535213 267.2879572611251433 267.40056699822696373 267.52085151504320493 267.62490417351483529 267.68954795654047984 267.74604321601748325 267.70062916178983414 267.6651664395494663 267.65586836199958043 267.64423724168949548 267.65403837379045626 267.6634500734591029 267.57737797166515747 267.50867391182333677 267.44382738691894019 267.37237040788261311 267.28267775362058956 267.16056760480205412 267.08954155461856317 266.97908221259467609 266.8748654093618029 266.81308059565827762 266.80177856720547425 266.76969620342111966 266.70177956757208904 266.66153635584453241 266.6417132479523957 266.65372428784183967 266.67779309896019413 266.65881710322520348 266.62636064490732224 266.57578250497454064 266.49015622079605237 266.33833391051507533 266.12543974974579442 nan nan nan nan nan nan nan nan
nan nan nan nan nan nan nan nan nan nan nan 266.77406494170156748 266.9334283219294548 267.01583948791420653 267.05327363158141907 267.08863810696811925 267.09591432270389078 267.14373892070665306 267.20038111208333476 267.28521072050193652 267.38994449494998662 267.50077769328629529 267.59271817547096362 267.67470857811395035 267.69838177203234864 267.70456515842818135 267.66152573981923979 267.62552347904153294 267.61318904040456346 267.60053280364002148 267.59342880091503503 267.59141564418342796 267.5017610935619814 267.41175756140080466 267.36218064579622933 267.3151140054041548 267.19824654742234316 267.06719081737691113 266.9654220793823356 266.85082770791228768 266.76913376312808168 266.74661043949885197 266.70710748792288314 266.67100424473966314 266.64459071705840643 266.62329883251237561 266.60998320213718671 266.62345935023256516 266.62398525364949364 266.6177606122057 266.59113614606047804 266.54525920190599209 266.46156788802193205 266.34188594860933108 266.06906043132664763 nan nan nan nan nan nan nan nan
nan nan nan nan nan nan nan nan nan nan nan nan nan 267.10528745806215056 267.16207739287244749 267.21005683680027687 267.23904563200505891 267.27474121963746256 267.31946276778177207 267.40238089564644497 267.49582153271796869 267.57784263398519897 267.65168554789983091 267.67120894973447776 267.66180350952441813 267.66213736195999218 267.6252961770524621 267.58867670533686578 267.57259748251090059 267.55272645252335906 267.53008441921122085 267.50421716041432774 267.42683177737092137 267.35361288831387583 267.29040822839453995 267.22947221885743829 267.10212053978307267 266.96297373905179029 266.84534742818055975 266.76604155541883756 266.7153426105914491 266.68279005953161231 266.59341747575592763 266.60451392964239403 266.59163984631669564 266.58400143858295905 266.58206352176648579 266.5820247193065029 266.57139040516358364 266.56125212410881886 266.5465241785678927 266.51625804411816034 266.42131377349545573 266.20070461035692233 266.06280437433986208 265.94491225722185845 nan nan nan nan nan nan nan
nan nan nan nan nan nan nan nan nan nan nan nan nan nan nan 267.30868399524587176 267.36307986437736872 267.38882102982807965 267.44067475979784376 267.50462742090940083 267.58289791200263608 267.63362300464712007 267.65195429741680755 267.62590710271723538 267.6232233288047837 267.63260469255413909 267.59873397012302121 267.55579991823867658 267.53179213082177057 267.50665687986969488 267.45544105173098615 267.41109535572292089 267.36517958852886068 267.31414664297557238 267.24671049394379452 267.12776486801789133 266.96141337607360811 266.8265338119521175 266.73701728344195772 266.68742561854082851 266.65200606528321714 266.62626864138621841 266.58183122867973225 266.52867855270210384 266.53703868435064805 266.5297447843428813 266.53411379308124651 266.53654936762308125 266.53779795939209407 266.53295778314384279 266.51201347979224465 266.47339037303214582 266.37165361861286783 266.10063926542898116 265.99837085013859905 nan nan nan nan nan nan nan nan
nan nan nan nan nan nan nan nan nan nan nan nan nan nan nan 267.38558967948165446 267.4542211618590386 267.47465325561501004 267.53459259916871815 267.61979239585298274 267.65063693809150891 267.64766144594875641 267.6188396883382552 267.59734225763833138 267.59400169804541747 267.60610207142303807 267.57320603743414722 267.52062550140101393 267.4803113485487529 267.44647954510094223 267.36065033324672413 267.32299647285020683 267.28715498026667774 267.25345597578478873 267.20760223578929526 267.05692302898825119 266.791817230118113 266.63083828538412945 266.65199886582900035 266.62117921845987212 266.58015247550468985 266.55224234833411856 266.5352087345657992 266.44854209432611469 266.45532677138396593 266.45184790780359663 266.46366715430116301 266.48619209868621738 266.48957884700223531 266.48772302015260038 266.46941259868543739 266.41891219527633439 266.31239633552951318 266.12256734741043829 nan nan nan nan nan nan nan nan nan
nan nan nan nan nan nan nan nan nan nan nan nan nan nan nan nan 267.51113698623697701 267.54260119316637656 267.60165449951273331 267.66230250154336545 267.66111904865704219 267.61835983426374241 267.59239985779754534 267.57022391992148869 267.56801623841880655 267.57311922897133627 267.54211511836524551 267.48145752995390012 267.42197473260085872 267.36433814165008016 267.27476707395436506 267.24036373947063794 267.21428649545055123 267.19127698517388581 267.16555302202056055 266.99151131095618439 266.74305407050269423 266.55667248145368831 266.57477569803637607 266.56009517673470555 266.51369274765352202 266.48446179742745699 266.46670377075287206 266.39336089839986244 266.40580629369713961 266.41093705945911552 266.43146611141565927 266.42979271418272447 266.4288976051697091 266.42225722270262622 266.40509270338918668 266.36072185755620012 266.23904000108166201 nan nan nan nan nan nan nan nan nan nan
nan nan nan nan nan nan nan nan nan nan nan nan nan nan nan nan nan 267.57322841742825403 267.62028447071458004 267.66427662244910834 267.64640916316403718 267.59980696156554814 267.56510894289675662 267.54368481676772262 267.53474825775936097 267.52372411074441061 267.48850630169420128 267.41941565007505233 267.37028226247321072 267.29109465222660447 267.22590463950160711 267.19211137325032723 267.16396237549741954 267.13746280416540912 267.09431748717918254 266.88640770396324342 266.72340772281688714 266.54761036874049296 266.47658337294274133 266.4820630600325444 266.45345562531235828 266.42760111435279669 266.41110708035677135 266.32247800005438876 266.3374289463556579 266.34774600552560742 266.3574918288218214 266.37418597020996458 266.37335905629555555 266.36604307493911392 266.34181139367336755 266.30142670404035243 nan nan nan nan nan nan nan nan nan nan nan
nan nan nan nan nan nan nan nan nan nan nan nan nan nan nan nan nan 267.60788122770094333 267.63930585922008731 267.66139159959590188 267.64166130530958299 267.5921871071576561 267.54901085894260859 267.51076136725220067 267.48361557904763686 267.46079356401071436 267.43775003948309177 267.36546206830774963 267.30435711583777447 267.25301542094700835 267.20047655992652835 267.1603805431808496 267.11577293593933291 267.06166435845551632 267.01142566310124948 266.78357212559478739 266.61079239981739875 266.48620455719179745 266.39991155044521065 266.40639033637069133 266.38829724663253273 266.36278766174865495 266.34579223330848663 266.22271593063032924 266.23918078877437665 266.2391845162322852 266.25398585273552499 266.26355838850730606 266.28398830543756048 266.30411846127901754 266.29451892961469639 266.24374990428174215 nan nan nan nan nan nan nan nan nan nan nan
nan nan nan nan nan nan nan nan nan nan nan nan nan nan nan nan nan nan 267.66377443269772129 267.66525207155046928 267.63648454887857042 267.57268586459275639 267.5163585909089079 267.46890288699842131 267.41631416357427042 267.39031341533365094 267.39856862976279217 267.32931544793763123 267.2626344331342807 267.23232004359982739 267.17664579182218176 267.14315211239846803 267.08845962695988874 267.00671159167995938 266.93352601780543409 266.84911199157397732 266.65029831609723487 266.44762036791820492 266.33715098078437222 266.31803912253440103 266.31977589989099897 266.31922762089737944 266.29063569728310767 266.12270294664597259 266.11426261879512367 266.12467989719107209 266.08006844804691582 266.09758316278458778 266.16363584308697909 266.22914557482505415 266.2434631307374957 nan nan nan nan nan nan nan nan nan nan nan nan
nan nan nan nan nan nan nan nan nan nan nan nan nan nan nan nan nan nan 267.67697803223512665 267.64529902250939131 267.59401472576962533 267.54411209585572351 267.47389896315559099 267.40773975518794714 267.36260996879246932 267.34007059032177267 267.34612114728827237 267.30730248974452934 267.25922736045538386 267.21980826287017408 267.1618444844783653 267.11507954702847201 267.05305988204474943 266.92960401239344037 266.85559461309043172 266.79814147902391142 266.75638053633286972 266.61746551787354065 266.3201274592282175 266.23920858949873036 266.25096640233056178 266.24907271968510258 266.20814387735555329 265.9877167718221358 265.9326617313386123 265.87063333580317703 265.91226588306960821 266.06697372184521555 266.13216042790901383 266.14168699768219994 nan nan nan nan nan nan nan nan nan nan nan nan nan
nan nan nan nan nan nan nan nan nan nan nan nan nan nan nan nan nan nan nan nan 267.53201336567451563 267.49080737959428689 267.4267035656893654 267.34697974646223884 267.29554389963266203 267.2705039356824841 267.27473044719215522 267.27131562352315086 267.23647096211766439 267.15422041455701674 267.10616984374064486 267.05389891807016056 266.99373522367210398 266.85312667400404507 266.76353164958834441 266.72923390600578841 266.69628186612351328 266.6029671424839762 266.31664599084484735 266.17840502524825297 266.16164352071899657 266.16090636753426679 266.10568004530176722 265.88486427109120314 265.68782465064975895 nan 265.92982774727300921 266.0833877711589821 nan nan nan nan nan nan nan nan nan nan nan nan nan nan nan
nan nan nan nan nan nan nan nan nan nan nan nan nan nan nan nan nan nan nan nan 267.4563453359053824 267.40200424243840871 267.35779635040159974 267.2874832644356502 267.23158447858958198 267.20968401330418374 267.20114237184890271 267.20784894966550382 267.18289517572662817 267.07870350123732806 266.96772324715453806 266.86680111527368808 266.7557749933491209 266.71501260683947976 266.67997960243764055 266.68750656435281599 266.62030017777169633 266.54692609179278406 266.37013541595922561 266.17812072570114879 266.09935068364160315 266.07896184383110949 265.96097822771019992 265.76230332261775402 nan nan nan nan nan nan nan nan nan nan nan nan nan nan nan nan nan nan nan
nan nan nan nan nan nan nan nan nan nan nan nan nan nan nan nan nan nan nan nan 267.33692056946637194 267.29746686960385205 267.25356779756879178 267.21201376236069791 267.15649744190238835 267.15036518695688983 267.13794034336126515 267.14184670036217994 267.1018052025752354 266.89741453533019921 266.68039944413357034 266.58342920692780353 266.54835244117833781 266.59561301539037004 266.59778956861248389 266.61223072767904796 266.54328600339067634 266.46308047530055774 266.32370413675539567 266.20099534718048062 266.09585155024905134 266.02176932896264816 265.9198553494245516 265.7685740487298176 nan nan nan nan nan nan nan nan nan nan nan nan nan nan nan nan nan nan nan
nan nan nan nan nan nan nan nan nan nan nan nan nan nan nan nan nan nan nan nan 267.19123120437518537 267.16056216916598487 267.15226000753284552 267.10603292291659727 267.09280424742013338 267.10467341740621805 267.08623637499437109 267.07953888624473393 267.04457719937579441 266.86901456704839575 266.52911398754304173 266.3433605938070059 266.45654497894105361 266.53870773470185895 266.52254781936170502 266.45421102775475219 266.37689406425408833 266.32702848225488879 266.25046565866097126 266.19292814961369231 266.09488662508283596 266.00604176245218468 265.9251314239813837 265.74448254980450201 nan nan nan nan nan nan nan nan nan nan nan nan nan nan nan nan nan nan nan
nan nan nan nan nan nan nan nan nan nan nan nan nan nan nan nan nan nan nan nan nan 267.00505229972219468 267.04757643126146149 267.03230445999031417 267.04437761911492544 267.06106002676301614 267.04173934728675022 267.03133774027412528 266.99252673726545027 266.87505314633227727 266.5779499554982408 266.24577265282243843 266.39274258274173235 266.43596276975949877 266.40763392981062907 266.22987496901805571 266.21910868088110647 266.20721092328926716 266.1788150950982299 266.15883965574334979 266.0814043395311046 265.97942939668035933 265.8935339485983036 nan nan nan nan nan nan nan nan nan nan nan nan nan nan nan nan nan nan nan nan
nan nan nan nan nan nan nan nan nan nan nan nan nan nan nan nan nan nan nan nan nan 266.98211238228174125 266.9910637110608036 266.98041003804257798 266.98427689950966624 267.00227373939287645 266.99327314246130527 266.98651755829769172 266.922418892469409 266.79105317987995249 266.5612375676719239 266.16023757358732382 266.25676949218632217 266.32169519672089564 266.23680357154290732 266.05087270734020422 266.09422934301846908 266.10156724257308269 266.10457632778297921 266.09982316112746048 266.0377371067422132 265.92024362747122268 265.83937204387467546 nan nan nan nan nan nan nan nan nan nan nan nan nan nan nan nan nan nan nan nan
nan nan nan nan nan nan nan nan nan nan nan nan nan nan nan nan nan nan nan nan 266.92434828063625218 266.94221414775256562 266.93262929458580857 266.92490258478221676 266.93349262079857454 266.94431583260239904 266.94333665761490693 266.93576841503175956 266.77447920128628311 266.58409441551657437 266.42229663214368429 266.19409911747629849 266.1108747314762013 266.16932940039203004 265.98337749853072864 265.95689529322066846 266.02211015712424569 265.97086323736141367 265.99810573896525057 266.03095637501786541 265.97215702650913727 265.86129575903248679 nan nan nan nan nan nan nan nan nan nan nan nan nan nan nan nan nan nan nan nan nan
nan nan nan nan nan nan nan nan nan nan nan nan nan nan nan nan nan nan nan 266.83548052715798349 266.89582226234807649 266.89290976922751497 266.8846375698559541 266.87549249132001705 266.88625396590470018 266.89215332885356702 266.88591851294995649 266.87168152681886113 266.69625425202264069 266.56707605839136477 266.42548043773172139 266.315360703344993 266.24896590668737417 266.11425361734910666 266.02538554393140657 265.95443345271246471 265.95704738516724319 265.8741739354325091 265.89744713178208713 265.94823073585200746 265.89193645093240548 nan nan nan nan nan nan nan nan nan nan nan nan nan nan nan nan nan nan nan nan nan nan
nan nan nan nan nan nan nan nan nan nan nan nan nan nan nan nan nan 266.58708948034018249 266.7438104900908229 266.81862950286210889 266.83839209357159916 266.83022296552979924 266.83703919721006059 266.82534192709942999 266.8319857363305232 266.83594332393863624 266.81875950461278535 266.8050704703515521 266.64268213561143739 266.55835936297518174 266.45194033887452179 266.264278819868764 266.17486485118519113 266.19999271776237038 266.1721472972027982 nan nan nan nan nan nan nan nan nan nan nan nan nan nan nan nan nan nan nan nan nan nan nan nan nan nan nan nan
nan nan nan nan nan nan nan nan nan nan nan nan nan nan nan nan 266.43629093112582495 266.58705046075118616 266.72111626260453932 266.76979057763963965 266.76617595602493793 266.76119757608978489 266.7764569100708627 266.7803899031155197 266.78412272599786093 266.77872758423961841 266.75673906714263239 266.74059562990021277 266.63185757030993273 266.45325899172621575 266.40592960812688261 266.33378251062242725 266.15315031976774662 nan nan nan nan nan nan nan nan nan nan nan nan nan nan nan nan nan nan nan nan nan nan nan nan nan nan nan nan nan nan
nan nan nan nan nan nan nan nan nan nan nan nan nan nan nan nan 266.41265997060907011 266.59657450202308837 266.65556840485339762 266.67613039679895337 266.69169544639709102 266.6925770107459357 266.7073284751211304 266.73202298369102436 266.75155747377488069 266.73058774163519047 266.69843108717878977 266.66848758922589013 266.61219190628975184 266.40872916861565045 266.4051255484464491 266.30597389521506102 nan nan nan nan nan nan nan nan nan nan nan nan nan nan nan nan nan nan nan nan nan nan nan nan nan nan nan nan nan nan nan
nan nan nan nan nan nan nan nan nan nan nan nan nan nan nan nan 266.43172833871216199 266.52183355995492775 266.52531079619512866 266.54946174089548094 266.59455988883013333 266.61331041709036072 266.6232618738815745 266.61415007459208937 266.60356084372824625 266.61493691034991116 266.63582661480842262 266.58770407498099075 266.55155224216895249 nan nan nan nan nan nan nan nan nan nan nan nan nan nan nan nan nan nan nan nan nan nan nan nan nan nan nan nan nan nan nan nan nan nan
nan nan nan nan nan nan nan nan nan nan nan nan nan nan nan nan nan 266.38659708443447016 266.35084854933990073 266.41980856047331372 266.46521772471334089 266.50983473512542332 266.52323319215958008 266.51944265006255819 266.47973959634651919 266.42617817101233868 266.5276915477392663 nan nan nan nan nan nan nan nan nan nan nan nan nan nan nan nan nan nan nan nan nan nan nan nan nan nan nan nan nan nan nan nan nan nan nan nan
nan nan nan nan nan nan nan nan nan nan nan nan nan nan nan nan nan nan nan 266.28172273736601028 266.28300238840512293 266.36604619391579263 266.34992109830204754 266.3445145590697507 nan nan nan nan nan nan nan nan nan nan nan nan nan nan nan nan nan nan nan nan nan nan nan nan nan nan nan nan nan nan nan nan nan nan nan nan nan nan nan
nan nan nan nan nan nan nan nan nan nan nan nan nan nan nan nan nan nan nan nan nan nan nan nan nan nan nan nan nan nan nan nan nan nan nan nan nan nan nan nan nan nan nan nan nan nan nan nan nan nan nan nan nan nan nan nan nan nan nan nan nan nan nan
