results/rofental/temp_month_2020-04-01T0000_2020-04-30T2300.asc
ncols        322
nrows        225
xllcorner    622802.488000000012
yllcorner    5178049.378999999724
cellsize     100.000000000000
[rows 112 to 139 of 225, columns 189 to 251 of 322]
275.35832698675903885 275.69354921718343121 275.96899530927271371 276.22429493542932732 276.0238336672179571 275.72024933065694086 275.47479495723320042 275.17929017819960791 274.7031165319716024 274.23066955637830233 273.82213408259673315 273.40915418300903639 273.38853192831595607 273.43946568198532532 273.52401670109054521 273.66651807474272573 273.62371493241704457 273.14569277894162269 272.7912290457392146 272.58814876347048539 272.46910167962278138 272.54536392646815557 272.78321181060152867 272.82920015149812798 272.5544461209726137 272.28929313099320098 272.46871007728339009 nan nan nan nan nan nan nan nan nan nan nan nan nan nan nan nan nan nan nan nan nan nan nan nan nan nan nan nan nan nan nan nan nan nan nan nan
275.64898181995022242 275.92270042824850407 276.1487954620673122 275.92169634359356678 275.79592159653236649 275.46662235560648924 275.09947074815323731 274.77484654040222267 274.21036145788860949 273.80842717286179777 273.47146451091600738 273.21202021079767519 273.1956293815629806 273.22370211912709692 273.23777782050041196 273.40810193170335651 273.42194394784502265 273.16723998565197462 272.69403666082911286 272.26719714040575582 272.32344621470082302 272.49815987631438929 272.58450650241775293 272.47082003613473944 272.10917539502815998 nan nan nan nan nan nan nan nan nan nan nan nan nan nan nan nan nan nan nan nan nan nan nan nan nan nan nan nan nan nan nan nan nan nan nan nan nan nan
275.93062501990038982 276.14024387139392047 275.88279093923699747 275.67538315241245073 275.4556799829689453 275.1386177200572547 274.75960114367262577 274.33222081286470484 273.91910613454734857 273.52130488029536082 273.15896832750462409 272.99457196647705359 273.03949588882773014 273.09119503715902511 273.08617339412637648 273.20041870752390878 273.22224909101970525 273.16778706849129321 272.65764025068921228 272.12973077188934212 272.23993013995522006 272.44425744355385177 272.43435715039146316 272.15451491988329735 271.73195177243565013 nan nan nan nan nan nan nan nan nan nan nan nan nan nan nan nan nan nan nan nan nan nan nan nan nan nan nan nan nan nan nan nan nan nan nan nan nan nan
276.10847569183556516 275.91011274898943384 275.6928088533128971 275.43511082035490745 275.15397861550320613 274.80067450820718022 274.45076961205114685 274.16349794322411526 273.80498970241376355 273.37299606135542263 273.00156535208503783 272.81607810019045246 272.85305284437782802 272.82069943978814308 272.91396000420490964 273.02207762823803705 273.01155524856540069 273.02157786418348451 272.66358227797240943 272.08930226409097486 271.99208692682424271 272.16536708089614649 272.15953286966345104 271.93368305205279967 271.46076374616660587 nan nan nan nan nan nan nan nan nan nan nan nan nan nan nan nan nan nan nan nan nan nan nan nan nan nan nan nan nan nan nan nan nan nan nan nan nan nan
275.74335031943758167 275.59945001669836984 275.40849720804322942 275.05664688872144552 274.71490707555864219 274.3980637998827774 274.05065563717954547 273.74162383371253782 273.5567379304992528 273.32676640113737676 273.05264491162853346 272.6492204059135247 272.54138794996731576 272.57723288040102716 272.72564767100362815 272.82574823572684863 272.82838155758497578 272.78000245494712317 272.45545660848125635 271.88162971217184349 271.59719947748550339 271.759691216864951 271.73740773086450417 271.48310971162891292 271.35015303570833112 nan nan nan nan nan nan nan nan nan nan nan nan nan nan nan nan nan nan nan nan nan nan nan nan nan nan nan nan nan nan nan nan nan nan nan nan nan nan
275.41201814875643095 275.24539142554004911 275.05941963717560839 274.54121785102051945 274.22394119698799386 273.96351986730871886 273.6103831483490012 273.36081136827203864 273.11978581110548703 272.90063793557936833 272.69389871189304131 272.52920312299630723 272.28713442563253011 272.37984780121200856 272.44808358718557884 272.52067622980126771 272.56483402279087613 272.51111450446848039 272.23750237222481019 271.71593608487438587 271.1774418037812211 271.15327551470386425 271.16788987078990658 271.01777764322423536 nan nan nan nan nan nan nan nan nan nan nan nan nan nan nan nan nan nan nan nan nan nan nan nan nan nan nan nan nan nan nan nan nan nan nan nan nan nan nan
275.06336522239496389 274.83891693443462145 274.48800782655598596 274.08213512561167136 273.78505138475532021 273.53093402062580708 273.25757817233562719 273.00258634430775828 272.7299785074046099 272.55457757395396357 272.2948694135799883 272.22601124471407275 272.2031986442182756 272.20102795825675912 272.21885144422765279 272.28338934137048 272.34625176089144816 272.25429440167096118 271.90371737412618813 271.48650288895368021 270.95800565885303968 270.60774987669674374 270.60788956234978286 nan nan nan nan nan nan nan nan nan nan nan nan nan nan nan nan nan nan nan nan nan nan nan nan nan nan nan nan nan nan nan nan nan nan nan nan nan nan nan nan
274.72720104962638743 274.35127589169599105 273.91428734591920602 273.62779889002911204 273.39667042164438726 273.18066105350885664 272.89540906912174023 272.61528514274357349 272.44262478700392194 272.21047640492446362 272.08398385691708654 272.10020715504941791 272.11725687343590607 272.04800990328607213 272.0847910211301155 272.12337553076599761 272.16100043161151234 272.01163339734978308 271.61852982241072141 271.06410794448663637 270.6312289091204093 270.21870018466859165 nan nan nan nan nan nan nan nan nan nan nan nan nan nan nan nan nan nan nan nan nan nan nan nan nan nan nan nan nan nan nan nan nan nan nan nan nan nan nan nan nan
274.33073763933708733 273.8271076585444348 273.45570671976201993 273.20059400690752227 273.03867298130450081 272.81883220548286317 272.55129755280353265 272.32103476636410733 272.03136542748416105 271.90450450798101656 271.91996409733906148 272.01536521873833863 272.01600125986806233 271.88327368603256673 271.91239886397715964 271.88932638510499373 271.92180557196763857 271.60744406139502871 271.13161501471773818 270.86205384692351572 270.34723377529365962 269.84081280817486004 nan nan nan nan nan nan nan nan nan nan nan nan nan nan nan nan nan nan nan nan nan nan nan nan nan nan nan nan nan nan nan nan nan nan nan nan nan nan nan nan nan
273.88249888158134127 273.43558697811334923 273.07694743301590279 272.86202678486756668 272.67380753601941024 272.47632848895534607 272.2293838371697916 271.99784294421812092 271.58091485480298388 271.75697193881745761 271.81202667610972412 271.91825972258152433 271.9290235415846837 271.79006422960492273 271.70391197967956032 271.65456608701185814 271.65578953314184218 271.34437264195855732 270.83046629662112537 270.54818619513014255 270.07006483748853043 269.59048597190047758 nan nan nan nan nan nan nan nan nan nan nan nan nan nan nan nan nan nan nan nan nan nan nan nan nan nan nan nan nan nan nan nan nan nan nan nan nan nan nan nan nan
273.6766331900794853 273.19604408334640766 272.91099821995351249 272.61122257295915006 272.3839266135393018 272.17039949778035179 271.8656394464462096 271.52296054311096896 271.33672516758014126 271.64274122967628955 271.69202124856798264 271.8065626808468096 271.75982829897873216 271.57927651532577329 271.52972259089341378 271.52081707172055758 271.44003854635218431 271.21029780715440438 270.66820161995627814 270.35452370642030928 269.9291800282959457 269.53201052385117009 nan nan nan nan nan nan nan nan nan nan nan nan nan nan nan nan nan nan nan nan nan nan nan nan nan nan nan nan nan nan nan nan nan nan nan nan nan nan nan nan nan
273.46581099159487849 273.07807099601126311 272.81703742041230498 272.40406335567172391 272.14117079660138643 271.89331300269878966 271.48054376113236685 271.16872923222098279 271.30943742138049402 271.4938695578559873 271.52624428805665957 271.54909544592703696 271.43223904031145821 271.34991645225301227 271.34458501658571095 271.36144917464378068 271.23181285375216021 271.10994730612804915 270.90863982442203906 270.53987179350286851 270.14716782664316952 269.70494695903147431 nan nan nan nan nan nan nan nan nan nan nan nan nan nan nan nan nan nan nan nan nan nan nan nan nan nan nan nan nan nan nan nan nan nan nan nan nan nan nan nan nan
273.27358611216158124 272.94237317934698694 272.6089338210389883 272.2168981635675209 271.94269212084873288 271.5320090824862973 271.03923604138492465 270.90640038972514958 271.20174422458893559 271.35957299259865749 271.42977876950652671 271.37601031768923576 271.28622660712420611 271.21303912899514899 271.21827845677449886 271.25615233850959385 271.15182268595555115 270.97897383597899079 270.92986358863169016 270.68514175200306227 270.190812341311414 269.78082561799578798 nan nan nan nan nan nan nan nan nan nan nan nan nan nan nan nan nan nan nan nan nan nan nan nan nan nan nan nan nan nan nan nan nan nan nan nan nan nan nan nan nan
273.13825740885789628 272.77631354962375099 272.39481998180190203 272.03442076634485147 271.73186122768566975 271.22655337744339477 270.82722858742255312 270.92518501362144434 270.99780951997894363 271.15187353932583392 271.18535653707493793 271.15612631933936427 271.11082639806608086 271.07679371141330193 271.11741570844202442 271.12973459901826345 270.99106194070481024 270.87424031892027187 270.78922843662752484 270.68065462589800063 270.13569744173884146 269.78226366634089572 nan nan nan nan nan nan nan nan nan nan nan nan nan nan nan nan nan nan nan nan nan nan nan nan nan nan nan nan nan nan nan nan nan nan nan nan nan nan nan nan nan
273.0545255351867695 272.63915348932414418 272.19244709964061713 271.85478160119521363 271.49456623117436038 271.04630744812590137 270.64251990600109821 270.7326843551883826 270.83519852410495332 270.91613920804809368 270.96117894997030362 270.98931598793092235 270.97175527082424651 270.97760779158744526 271.0104910893751935 270.94665144176093463 270.62608973725855321 270.62598293941994143 270.55315480483659485 270.50450657975028435 270.20675533554162939 nan nan nan nan nan nan nan nan nan nan nan nan nan nan nan nan nan nan nan nan nan nan nan nan nan nan nan nan nan nan nan nan nan nan nan nan nan nan nan nan nan nan
272.96435448902860799 272.49516700378961787 272.11512708322862863 271.70990234740457936 271.32565393024731293 270.93747069707308128 270.5045070105138052 270.43463264318972961 270.64972696219683712 270.71989878508230731 270.79037382755836916 270.84732493742006909 270.88093585631543192 270.89127954120289132 270.89670076573935376 270.75431691332602213 270.42349191972073186 270.31962849923172598 270.34723212376644597 270.29619038662576713 270.01779146394699183 nan nan nan nan nan nan nan nan nan nan nan nan nan nan nan nan nan nan nan nan nan nan nan nan nan nan nan nan nan nan nan nan nan nan nan nan nan nan nan nan nan nan
272.6360696748544683 272.35697548646504629 271.98189471863457811 271.556671527986623 271.01765419393194634 270.65872195858480609 270.25970078662362539 270.424506704575208 270.52717987953388956 270.61493421378105495 270.68427097803868264 270.75585665449699491 270.7894620174304805 270.79169870744254922 270.78037468624944495 270.6438998019065707 270.34063564114040901 270.05580495783328843 270.09987378643592137 270.04164494155543252 269.8587772604639099 nan nan nan nan nan nan nan nan nan nan nan nan nan nan nan nan nan nan nan nan nan nan nan nan nan nan nan nan nan nan nan nan nan nan nan nan nan nan nan nan nan nan
272.46199104680414393 272.14580178578654568 271.83111248082849443 271.48117759480658151 270.98397717464365542 270.54885622145309299 270.21991916205212192 270.2629900386645545 270.42377418161999003 270.56113056645716597 270.62354884194280658 270.69340890692558332 270.7000240169130052 270.69352920526506523 270.63823618113985958 270.48894030927112908 270.29618922156453209 269.88919709224279586 269.7538871742142419 nan nan nan nan nan nan nan nan nan nan nan nan nan nan nan nan nan nan nan nan nan nan nan nan nan nan nan nan nan nan nan nan nan nan nan nan nan nan nan nan nan nan nan nan
272.29046039405568536 272.04220006458666603 271.74568681020008398 271.3386079913864819 270.95451083371170853 270.61130361082462059 270.29488676345857812 270.11987425820910858 270.29446369237473391 270.45128745427734884 270.50164757612498079 270.5540738324750123 270.58025767379507442 270.53384213205208653 270.36809344073100192 270.29844578126096621 270.16121446168540388 269.76404425880701865 nan nan nan nan nan nan nan nan nan nan nan nan nan nan nan nan nan nan nan nan nan nan nan nan nan nan nan nan nan nan nan nan nan nan nan nan nan nan nan nan nan nan nan nan nan
272.3085341972846436 271.97899474622522575 271.68527729970691098 271.35684297016416622 271.1623187270578228 270.88545315217089637 270.44921048570040512 270.01457756286367839 270.11391645926892124 270.23242891835946011 270.3200679811768623 270.35470349015582769 270.24794504678538942 270.0254993693203005 270.02464191037762475 270.11582581956190552 269.96959943482221433 nan nan nan nan nan nan nan nan nan nan nan nan nan nan nan nan nan nan nan nan nan nan nan nan nan nan nan nan nan nan nan nan nan nan nan nan nan nan nan nan nan nan nan nan nan nan
272.06070954903458414 271.81628788836184185 271.61577310696412724 271.36926202662334617 271.20165055047567648 270.88669472126900928 270.44168694987183699 270.01939804742869455 269.92322949129066956 269.99025499166100417 270.04144499456646145 270.03344995341979029 nan nan nan 269.9678861958779521 nan nan nan nan nan nan nan nan nan nan nan nan nan nan nan nan nan nan nan nan nan nan nan nan nan nan nan nan nan nan nan nan nan nan nan nan nan nan nan nan nan nan nan nan nan nan nan
271.87771114266223549 271.73380264013087526 271.57622502633591921 271.38554521911288475 271.10367386194189976 270.73182470501262742 270.34782868198254846 269.91149612163673055 269.66047488383838981 nan nan nan nan nan nan nan nan nan nan nan nan nan nan nan nan nan nan nan nan nan nan nan nan nan nan nan nan nan nan nan nan nan nan nan nan nan nan nan nan nan nan nan nan nan nan nan nan nan nan nan nan nan nan
271.91718302869981017 271.68803908114136902 271.50869787222762852 271.3278222803890003 270.96072464633391519 270.56014656417852393 270.18976426201231789 269.78657176110380078 nan nan nan nan nan nan nan nan nan nan nan nan nan nan nan nan nan nan nan nan nan nan nan nan nan nan nan nan nan nan nan nan nan nan nan nan nan nan nan nan nan nan nan nan nan nan nan nan nan nan nan nan nan nan nan
271.84105452733274433 271.66173321744122404 271.43994994249862884 271.20654886142830264 270.79484862797636424 270.40473522525934413 270.0464408967163763 269.77050700725499155 nan nan nan nan nan nan nan nan nan nan nan nan nan nan nan nan nan nan nan nan nan nan nan nan nan nan nan nan nan nan nan nan nan nan nan nan nan nan nan nan nan nan nan nan nan nan nan nan nan nan nan nan nan nan nan
271.75495606323630682 271.63478390569929388 271.46743651550315235 271.25718322415701778 271.00200996566411504 270.61704544394302729 270.23775114455065705 269.80216358186430625 nan nan nan nan nan nan nan nan nan nan nan nan nan nan nan nan nan nan nan nan nan nan nan nan nan nan nan nan nan nan nan nan nan nan nan nan nan nan nan nan nan nan nan nan nan nan nan nan nan nan nan nan nan nan nan
271.67774642820023701 271.566656344374735 271.44977245214812456 271.32659807700161991 271.13112464364485277 270.7674646424823095 270.27080891672045482 269.79042368551858999 269.39494160733175931 nan nan nan nan nan nan nan nan nan nan nan nan nan nan nan nan nan nan nan nan nan nan nan nan nan nan nan nan nan nan nan nan nan nan nan nan nan nan nan nan nan nan nan nan nan nan nan nan nan nan nan nan nan nan
271.57518254104024891 271.47915054459133444 271.32299167811976304 271.21803838158831468 271.13261144674669367 270.88446900576110465 270.41797786981783247 269.97328592783054546 269.49170233774498229 nan nan nan nan nan nan nan nan nan nan nan nan nan nan nan nan nan nan nan nan nan nan nan nan nan nan nan nan nan nan nan nan nan nan nan nan nan nan nan nan nan nan nan nan nan nan nan nan nan nan nan nan nan nan
271.46942222528986122 271.3601510266487935 271.21853879875772009 271.12702435108064947 271.05663812342658048 270.88420351143287235 270.39269600373739877 269.92523564604067587 269.43285764385296943 nan nan nan nan nan nan nan nan nan nan nan nan nan nan nan nan nan nan nan nan nan nan nan nan nan nan nan nan nan nan nan nan nan nan nan nan nan nan nan nan nan nan nan nan nan nan nan nan nan nan nan nan nan nan
