results/rofental/temp_month_2019-12-01T0000_2019-12-31T2300.asc
ncols        322
nrows        225
xllcorner    622802.488000000012
yllcorner    5178049.378999999724
cellsize     100.000000000000
[rows 168 to 195 of 225, columns 63 to 125 of 322]
nan nan nan nan nan nan nan nan nan nan nan nan nan nan nan nan nan nan nan nan nan nan nan nan nan nan nan nan 263.89205583346489448 264.14956085664181273 264.31519957779909191 264.35881000448358691 264.39788468434261404 264.45712019423211814 264.5737138516362279 264.80654343710051535 264.85477542030969289 264.85907004584936431 264.90457129877660236 264.96506113553164141 264.97299462365594991 264.98006353366292842 264.97418856218951078 264.99275569466806246 265.054537711082844 265.0872518979804795 265.09926818975003471 265.12107996549661948 265.14679535233779006 265.15810916256367591 265.16824607932625213 265.17996961746393936 265.19676819705085791 265.21768651344336831 265.24849222060686316 265.29213466104550889 265.33467445616764735 265.38762322377948522 265.44539675808755419 265.47009640907805306 265.4616662329619885 265.373007975131884 265.27642571829386497
nan nan nan nan nan nan nan nan nan nan nan nan nan nan nan nan nan nan nan nan nan nan nan nan nan nan nan nan 263.83143325901647813 264.12604674576544994 264.37466003268696113 264.40855847451388172 264.42159220157930122 264.45406695850164169 264.53423188028000368 264.67561467523700003 264.84764783884719463 264.86866305937172683 264.89423018737079474 264.91202128292508178 264.91522985132218082 264.96094088471653549 264.97680588544199054 264.97281656122436289 265.0192411927139915 265.05341532242329095 265.06347492440846736 265.08170643045269799 265.10000177248446107 265.10321240901538431 265.10054345631806427 265.10342274980979482 265.1118844149162328 265.13002908970378257 265.15885586330966817 265.19735741357163761 265.22455262428144351 265.24689279414496923 265.24326649686651081 265.23776139945420027 265.22258210251942501 265.10422660654387528 265.02518007061985372
nan nan nan nan nan nan nan nan nan nan nan nan nan nan nan nan nan nan nan nan nan nan nan nan nan nan nan 264.00334509125036675 264.02657924951449786 264.2756592082493512 264.43433145616279489 264.46978484505331153 264.45779155277170958 264.46399723490816314 264.52489742195854205 264.62694118935183951 264.74724408819082555 264.84282857567870906 264.89662492863817533 264.86430417258384296 264.85849378051307212 264.93291387563203898 264.98030456358230822 264.96445953450984234 264.96988912705211305 264.98312951205429044 265.00566513414395331 265.0263927895336451 265.0364203738232618 265.03673782585548224 265.02965132155787842 265.03394837320325905 265.03702576237139965 265.05323283946836455 265.07227115800617412 265.06296188818078008 265.04613011967688863 265.01745244880083874 265.00242461683131978 264.99071471408620937 264.93609841820904194 264.80902394947764833 264.70705881160012041
nan nan nan nan nan nan nan nan nan nan nan nan nan nan nan nan nan nan nan nan nan nan nan nan nan nan nan 264.09789526937498749 264.24467134637336585 264.36240093298386 264.43876191592369196 264.4971968940948841 264.48718657788066366 264.48667439644896149 264.51241714093885093 264.55645970647566401 264.63178323747479226 264.75751682543761945 264.83775027551700987 264.80950904887515662 264.80696384872601357 264.90647798857230555 264.9649411391806666 264.9348664017130659 264.91053900460701698 264.90481567826128639 264.92458992005873597 264.94236937284921396 264.9431893007886174 264.9431543645767988 264.93469913802914562 264.95547906713943576 264.94850637462008081 264.91974060792796308 264.89242432398816618 264.85891661978553202 264.80438305289476375 264.77519176869623152 264.74364099693269736 264.70979517562665251 264.61115390938778091 264.5426573961293002 nan
nan nan nan nan nan nan nan nan nan nan nan nan nan nan nan nan nan nan nan nan nan nan nan nan nan nan nan nan 264.17222580642618368 264.37392817826457758 264.43429656818398144 264.46455246012112639 264.48070564313167097 264.50470496780764051 264.52569589100744452 264.53001505217235945 264.58695209849031471 264.64997216303868299 264.70956367300379952 264.74304026549231139 264.74513627506217972 264.82626120449009477 264.89478627305857117 264.88116199624397495 264.85052476246613651 264.83631704861653589 264.87085396002743209 264.87619235781181715 264.86169216185504638 264.83807342144484664 264.80318224822860884 264.76996144273704203 264.71033231551911058 264.66992673055511887 264.62499799875803319 264.58165922750367827 264.51272201601511824 264.49321766987708315 264.46783702709188901 264.44299515967475145 264.28864235988083919 264.34389266373187866 nan
nan nan nan nan nan nan nan nan nan nan nan nan nan nan nan nan nan nan nan nan nan nan nan nan nan nan nan nan nan 264.20373859941008732 264.39423754170360326 264.41986756453513863 264.44408636700262605 264.487285455883125 264.52879028528872141 264.54779021440202769 264.58347371790313218 264.61576389378956264 264.67152989169181865 264.71704777968216149 264.71151823106129086 264.77528516250566781 264.83975856976405794 264.83174175822267671 264.79297945792228575 264.77803973850018338 264.81527448410469106 264.77889803177657768 264.73102301218864341 264.67948507070093456 264.58790623178902024 264.52972818414110634 264.50982687242776592 264.44636119406681019 264.36365714035275687 264.29675683378684425 264.23639769147445122 264.2183214921697072 264.15744077543871526 264.07512800046379198 264.12247216892149027 nan nan
nan nan nan nan nan nan nan nan nan nan nan nan nan nan nan nan nan nan nan nan nan nan nan nan nan nan nan nan nan nan 264.14588694013303893 264.25250027046030254 264.34286302659353396 264.41398583460681948 264.46069104520688597 264.54455911169054616 264.57489185314778979 264.60095464206330007 264.64718894018557194 264.6516386801841918 264.63284637593375237 264.66059727213178121 264.6974056615915174 264.69139450287957516 264.65795969105943186 264.64224556545161704 264.62943639353534309 264.58786063704155822 264.54370767073601201 264.49399675085254557 264.41908860020504335 264.3769312197609338 264.3053350685900682 264.18879628536649307 264.11110607658991967 264.02109617259230845 263.9504002525511055 263.88095014356639467 nan nan nan nan nan
nan nan nan nan nan nan nan nan nan nan nan nan nan nan nan nan nan nan nan nan nan nan nan nan nan nan nan nan nan nan nan nan nan nan nan 264.51363782481854514 264.53279437848198086 264.5577193096182782 264.55959479447568583 264.52188568126041446 264.48521608153112084 264.48310441698919249 264.41999724166424812 264.43180613631318465 264.46434204215205455 264.48340512863882168 264.47887317518478767 264.47562793597950304 264.41807572716436425 264.36624731543088274 264.29624791513930404 264.19536237336080831 264.03559869101189861 nan nan nan nan nan nan nan nan nan nan
nan nan nan nan nan nan nan nan nan nan nan nan nan nan nan nan nan nan nan nan nan nan nan nan nan nan nan nan nan nan nan nan nan nan nan nan nan nan nan nan nan nan nan nan nan nan 264.44079798370927392 264.39954260980186973 264.31837063847063973 264.25324764599980654 264.14249448824489264 263.97318783728070457 263.84781360881413548 nan nan nan nan nan nan nan nan nan nan
nan nan nan nan nan nan nan nan nan nan nan nan nan nan nan nan nan nan nan nan nan nan nan nan nan nan nan nan nan nan nan nan nan nan nan nan nan nan nan nan nan nan nan nan nan nan nan 264.34381641185518674 264.19123080432251527 264.154048568869257 264.00863483208803473 nan nan nan nan nan nan nan nan nan nan nan nan
nan nan nan nan nan nan nan nan nan nan nan nan nan nan nan nan nan nan nan nan nan nan nan nan nan nan nan nan nan nan nan nan nan nan nan nan nan nan nan nan nan nan nan nan nan nan nan nan nan nan nan nan nan nan nan nan nan nan nan nan nan nan nan
nan nan nan nan nan nan nan nan nan nan nan nan nan nan nan nan nan nan nan nan nan nan nan nan nan nan nan nan nan nan nan nan nan nan nan nan nan nan nan nan nan nan nan nan nan nan nan nan nan nan nan nan nan nan nan nan nan nan nan nan nan nan nan
nan nan nan nan nan nan nan nan nan nan nan nan nan nan nan nan nan nan nan nan nan nan nan nan nan nan nan nan nan nan nan nan nan nan nan nan nan nan nan nan nan nan nan nan nan nan nan nan nan nan nan nan nan nan nan nan nan nan nan nan nan nan nan
nan nan nan nan nan nan nan nan nan nan nan nan nan nan nan nan nan nan nan nan nan nan nan nan nan nan nan nan nan nan nan nan nan nan nan nan nan nan nan nan nan nan nan nan nan nan nan nan nan nan nan nan nan nan nan nan nan nan nan nan nan nan nan
nan nan nan nan nan nan nan nan nan nan nan nan nan nan nan nan nan nan nan nan nan nan nan nan nan nan nan nan nan nan nan nan nan nan nan nan nan nan nan nan nan nan nan nan nan nan nan nan nan nan nan nan nan nan nan nan nan nan nan nan nan nan nan
nan nan nan nan nan nan nan nan nan nan nan nan nan nan nan nan nan nan nan nan nan nan nan nan nan nan nan nan nan nan nan nan nan nan nan nan nan nan nan nan nan nan nan nan nan nan nan nan nan nan nan nan nan nan nan nan nan nan nan nan nan nan nan
nan nan nan nan nan nan nan nan nan nan nan nan nan nan nan nan nan nan nan nan nan nan nan nan nan nan nan nan nan nan nan nan nan nan nan nan nan nan nan nan nan nan nan nan nan nan nan nan nan nan nan nan nan nan nan nan nan nan nan nan nan nan nan
nan nan nan nan nan nan nan nan nan nan nan nan nan nan nan nan nan nan nan nan nan nan nan nan nan nan nan nan nan nan nan nan nan nan nan nan nan nan nan nan nan nan nan nan nan nan nan nan nan nan nan nan nan nan nan nan nan nan nan nan nan nan nan
nan nan nan nan nan nan nan nan nan nan nan nan nan nan nan nan nan nan nan nan nan nan nan nan nan nan nan nan nan nan nan nan nan nan nan nan nan nan nan nan nan nan nan nan nan nan nan nan nan nan nan nan nan nan nan nan nan nan nan nan nan nan nan
nan nan nan nan nan nan nan nan nan nan nan nan nan nan nan nan nan nan nan nan nan nan nan nan nan nan nan nan nan nan nan nan nan nan nan nan nan nan nan nan nan nan nan nan nan nan nan nan nan nan nan nan nan nan nan nan nan nan nan nan nan nan nan
nan nan nan nan nan nan nan nan nan nan nan nan nan nan nan nan nan nan nan nan nan nan nan nan nan nan nan nan nan nan nan nan nan nan nan nan nan nan nan nan nan nan nan nan nan nan nan nan nan nan nan nan nan nan nan nan nan nan nan nan nan nan nan
nan nan nan nan nan nan nan nan nan nan nan nan nan nan nan nan nan nan nan nan nan nan nan nan nan nan nan nan nan nan nan nan nan nan nan nan nan nan nan nan nan nan nan nan nan nan nan nan nan nan nan nan nan nan nan nan nan nan nan nan nan nan nan
nan nan nan nan nan nan nan nan nan nan nan nan nan nan nan nan nan nan nan nan nan nan nan nan nan nan nan nan nan nan nan nan nan nan nan nan nan nan nan nan nan nan nan nan nan nan nan nan nan nan nan nan nan nan nan nan nan nan nan nan nan nan nan
nan nan nan nan nan nan nan nan nan nan nan nan nan nan nan nan nan nan nan nan nan nan nan nan nan nan nan nan nan nan nan nan nan nan nan nan nan nan nan nan nan nan nan nan nan nan nan nan nan nan nan nan nan nan nan nan nan nan nan nan nan nan nan
nan nan nan nan nan nan nan nan nan nan nan nan nan nan nan nan nan nan nan nan nan nan nan nan nan nan nan nan nan nan nan nan nan nan nan nan nan nan nan nan nan nan nan nan nan nan nan nan nan nan nan nan nan nan nan nan nan nan nan nan nan nan nan
nan nan nan nan nan nan nan nan nan nan nan nan nan nan nan nan nan nan nan nan nan nan nan nan nan nan nan nan nan nan nan nan nan nan nan nan nan nan nan nan nan nan nan nan nan nan nan nan nan nan nan nan nan nan nan nan nan nan nan nan nan nan nan
nan nan nan nan nan nan nan nan nan nan nan nan nan nan nan nan nan nan nan nan nan nan nan nan nan nan nan nan nan nan nan nan nan nan nan nan nan nan nan nan nan nan nan nan nan nan nan nan nan nan nan nan nan nan nan nan nan nan nan nan nan nan nan
nan nan nan nan nan nan nan nan nan nan nan nan nan nan nan nan nan nan nan nan nan nan nan nan nan nan nan nan nan nan nan nan nan nan nan nan nan nan nan nan nan nan nan nan nan nan nan nan nan nan nan nan nan nan nan nan nan nan nan nan nan nan nan
