results/rofental/temp_month_2020-02-01T0000_2020-02-29T2300.asc
ncols        322
nrows        225
xllcorner    622802.488000000012
yllcorner    5178049.378999999724
cellsize     100.000000000000
[rows 56 to 83 of 225, columns 189 to 251 of 322]
nan nan nan nan nan nan nan nan nan nan nan nan nan nan nan nan nan nan nan nan nan nan nan nan nan nan nan nan nan nan nan nan nan nan nan nan nan nan nan nan nan nan nan nan nan nan nan nan nan nan nan nan nan nan nan nan nan nan nan nan nan nan nan
nan nan nan nan nan nan nan nan nan nan nan nan nan nan nan nan nan nan nan nan nan nan nan nan nan nan nan nan nan nan nan nan nan nan nan nan nan nan nan nan nan nan nan nan nan nan nan nan nan nan nan nan nan nan nan nan nan nan nan nan nan nan nan
nan nan nan nan nan nan nan nan nan nan nan nan nan nan nan nan nan nan nan nan nan nan nan nan nan nan nan nan nan nan nan nan nan nan nan nan nan nan nan nan nan nan nan nan nan nan nan nan nan nan nan nan nan nan nan nan nan nan nan nan nan nan nan
nan nan nan nan nan nan nan nan nan nan nan nan 265.19642910891860765 nan nan nan nan nan nan nan nan nan nan nan nan nan nan nan nan nan nan nan nan nan nan nan nan nan nan nan nan nan nan nan nan nan nan nan nan nan nan nan nan nan nan nan nan nan nan nan nan nan nan
nan nan nan nan nan nan nan nan nan nan 264.82707933660270783 265.03126661250786356 265.28811126293538791 265.43822569543783629 265.51936919772043666 nan nan nan nan nan nan nan nan nan nan nan nan nan nan nan nan nan nan nan nan nan nan nan nan nan nan nan nan nan nan nan nan nan nan nan nan nan nan nan nan nan nan nan nan nan nan nan nan
nan nan nan nan nan nan nan nan 264.79030671708943601 264.88060529180580716 265.01661087955091034 265.20104245944554577 265.38151030896733573 265.5447561134454304 265.73690262207099977 265.80393148602439624 nan nan nan nan nan nan nan nan nan nan nan nan nan nan nan nan nan nan nan nan nan nan nan nan nan nan nan nan nan nan nan nan nan nan nan nan nan nan nan nan nan nan nan nan nan nan nan
nan nan nan nan nan nan 264.44668387256604092 264.77397673324816196 265.05549174119602185 265.23866279967268156 265.377302198526138 265.48414243081492714 265.55814987196271204 265.6701994396541977 265.86706544237836169 266.0255135370748576 266.04718386820530895 266.00287892263236245 nan nan nan nan nan nan nan nan nan nan nan nan nan nan nan nan nan nan nan nan nan nan nan nan nan nan nan nan nan nan nan nan nan nan nan nan nan nan nan nan nan nan nan nan nan
nan nan nan nan nan 264.40142738041390658 264.58820100402704156 264.97388123244593316 265.22367207093998331 265.37602399247487028 265.49860064994635422 265.61927501293212117 265.74153909068451185 265.83612204863771922 265.99667427077315551 266.15106254304510003 266.23830029341775116 266.24065086248270973 266.1480550598111563 265.9935636797442271 nan nan nan nan nan nan nan nan nan nan nan nan nan nan nan nan nan nan nan nan nan nan nan nan nan nan nan nan nan nan nan nan nan nan nan nan nan nan nan nan nan nan nan
nan nan nan nan nan 264.38747877553407761 264.62156345682973324 265.00174486854439238 265.29349809683014882 265.41480259388441709 265.52819211256968401 265.65459492895359972 265.78248730893920992 265.92032238530862287 266.06530171513657024 266.21110146620890191 266.29845790645003945 266.34130239332125711 266.32550239321994923 266.19287577839492087 265.98873195169187511 nan nan nan nan nan nan nan nan nan nan nan nan nan nan nan nan nan nan nan nan nan nan nan nan nan nan nan nan nan nan nan nan nan nan nan nan nan nan nan nan nan nan
264.97701801142574141 264.67346494407604496 nan nan 264.68442423664163243 264.76432840086994247 264.83604626280015282 265.02000581016579872 265.24733822146498596 265.37987735412377788 265.43735783811791862 265.64405897364656539 265.87710757510575377 266.0141389889755601 266.11732972347749637 266.22979657436115986 266.3161973421060793 266.38240668865586258 266.42265813816624132 266.37684095553237285 266.1752330429031872 266.16072723804592215 nan nan nan nan nan nan nan nan nan nan nan nan nan nan nan nan nan nan nan nan nan nan nan nan nan nan nan nan nan nan nan nan nan nan nan nan nan nan nan nan nan
265.20641348025986872 264.96392391976195313 264.8127765384242025 264.79580449550667254 264.99366811732249971 265.1533975001822796 265.19857278991196381 265.10611467375008488 265.20698074155490076 265.34773317426510175 265.49522239366291387 265.71369234407859494 265.9324907637254114 266.13555852758662468 266.18908943043783211 266.25423261499867067 266.35681031533158603 266.43642800550873062 266.4868563634373686 266.48869141290214202 266.29192103238392519 266.29795106660486681 266.35901390337295425 nan nan nan nan nan nan nan nan nan nan nan nan nan nan nan nan nan nan nan nan nan nan nan nan nan nan nan nan nan nan nan nan nan nan nan nan nan nan nan nan
265.46184602613311654 265.31464423833705268 265.1438340493062924 265.05933530194278092 265.27628951048978934 265.43664235300246901 265.43064362209065621 265.1962505973274915 265.16863503721367579 265.32673959537623887 265.52326525813384706 265.75808199788571073 265.95603823693903678 266.13123151020312207 266.23993382051025947 266.31892511861479989 266.42831048508094227 266.50710655350439993 266.56598073787171188 266.59252914649465538 266.44018426469449423 266.45879380448371876 266.48772949989597691 266.53997458892860095 nan nan nan nan nan nan nan nan nan nan nan nan nan nan nan nan nan nan nan nan nan nan nan nan nan nan nan nan nan nan nan nan nan nan nan nan nan nan nan
265.80313194454686254 265.6751981792474453 265.44245278365485774 265.29058413473347855 265.49022247522680118 265.69339859750698452 265.66407366808891766 265.44963887569429062 265.33437941214526745 265.26598848332514535 265.38180933418487939 265.73999535857836918 265.96790666257584235 266.13091545589679754 266.25393022158095846 266.36400550086824524 266.48150361965190314 266.55740041699669973 266.65124683736314637 266.73774868830923879 266.76234471197994935 266.8260489817834582 266.73565700729955097 266.63292188467170263 nan nan nan nan nan nan nan nan nan nan nan nan nan nan nan nan nan nan nan nan nan nan nan nan nan nan nan nan nan nan nan nan nan nan nan nan nan nan nan
265.9687312005238482 265.85393103192120634 265.67307142838933487 265.68286966254129311 265.77089819174312879 265.93203293493485262 265.89980703584262756 265.74416706173269631 265.66598942799629413 265.52715282869030489 265.36857109750030759 265.52470835729911869 265.83795586264153599 266.0812573883218306 266.27601149917421708 266.41109105064401774 266.54812483764789022 266.64774490527588569 266.77251634242981027 266.88709890021652882 267.00894624693091828 267.11633731803476621 267.03444913421026286 266.86715897219551152 nan nan nan nan nan nan nan nan nan nan nan nan nan nan nan nan nan nan nan nan nan nan nan nan nan nan nan nan nan nan nan nan nan nan nan nan nan nan nan
266.04219664194471306 266.12549049057491857 266.14832893308255279 266.10957032516097343 266.18035484421034198 266.19954528729550702 266.09615940940977907 266.01002890993800065 265.97425001055518123 265.84949984682566537 265.6819220481170305 265.56167697256205429 265.64468627047335758 265.85919630112016421 266.19427809486745673 266.45708272776698777 266.66035225325242664 266.79806304754777102 266.91265875025362675 267.02495449511889092 267.11450164644031702 267.20711204608329581 267.2183591821826667 267.02921267572759234 nan nan nan nan nan nan nan nan nan nan nan nan nan nan nan nan nan nan nan nan nan nan nan nan nan nan nan nan nan nan nan nan nan nan nan nan nan nan nan
266.33105230790965834 266.46941600437747866 266.58893936112616529 266.57404261613601193 266.50097594161536563 266.43012959286869545 266.35457765643656103 266.29585588565106491 266.23369115423008679 266.13922098317533482 266.00751064135090473 265.92119082559531762 265.95030626310483512 265.92015637802859374 266.05593980745845784 266.38942776383555611 266.72828382283415749 266.95312171858620331 267.07716311730717962 267.17431229911875334 267.23052327329025957 267.28307459832990389 267.38264244513294443 267.36755743235312366 267.2013370551396747 nan nan nan nan nan nan nan nan nan nan nan nan nan nan nan nan nan nan nan nan nan nan nan nan nan nan nan nan nan nan nan nan nan nan nan nan nan nan
266.4382450006546037 266.60442700297062402 266.75252550519536499 266.72791475665138705 266.67302187720116535 266.65671778187322616 266.62697270328550303 266.5607600756183615 266.49588578273011308 266.42643613232559119 266.26646296924837998 266.18809441212880529 266.25862188351840132 266.22533651952858236 266.15634031970785145 266.48796035655766445 266.81621419310931742 267.08780823108378399 267.2112715662425444 267.32358891768024023 267.49254422291130595 267.50112650626078903 267.56833131626626709 267.62336192222750242 267.50356086872761807 267.37051941939165545 nan nan nan nan nan nan nan nan nan nan nan nan nan nan nan nan nan nan nan nan nan nan nan nan nan nan nan nan nan nan nan nan nan nan nan nan nan
266.60237005222023754 266.75013949351995279 266.85515956261377823 266.82911428641460816 266.81738332128048796 266.82621885305974274 266.85460517753165277 266.77705596429763091 266.74113106421543762 266.70641932207075797 266.55969687140617452 266.46021636312639203 266.5055783107602565 266.50234264869880008 266.48452774037673407 266.57635159830783778 266.93265333564096409 267.22503504769719029 267.3177321011511367 267.4770616105383283 267.75952129784889166 267.87647140673772128 267.7893616393753291 267.80739879609518539 267.75575464777955403 267.58711412034529076 nan nan nan nan nan nan nan nan nan nan nan nan nan nan nan nan nan nan nan nan nan nan nan nan nan nan nan nan nan nan nan nan nan nan nan nan nan
266.70084133308654373 266.82805356246990414 266.90514468863597131 266.92544439618461638 266.91774602877990219 266.94882000166865055 266.99790798117675195 266.99655781358728746 266.96566968538883202 266.94565769041810199 266.83485681209538143 266.70398453155576135 266.6898846114453363 266.73594162080115666 266.79089632475614735 266.90660627818533612 267.01734577405801474 267.38604814245610442 267.51141806173711757 267.65993554425267575 267.90993781546313812 268.06226938607113652 268.0572046069058274 267.99933136824120083 267.87449939243401786 267.77296255643335599 267.59186858729941605 nan nan nan nan nan nan nan nan nan nan nan nan nan nan nan nan nan nan nan nan nan nan nan nan nan nan nan nan nan nan nan nan nan nan nan nan
266.74544813281789857 266.84277492047846181 266.97296455613007993 266.9991675033413685 267.00948579337836009 267.03590949852394942 267.07694392332973621 267.14648244111111808 267.17991752663249372 267.16480883199881191 267.04574307347746753 266.83837096445842008 266.83302135117361331 266.96865721518844339 267.04550034690754501 267.14738856229064368 267.33398305419365215 267.58621569546608043 267.78896072453949273 267.90584945718143217 268.05330390233757498 268.14848076623127326 268.19913434796842466 268.08751632502873008 267.9523360590828247 267.77066477952075729 267.60775938747752889 nan nan nan nan nan nan nan nan nan nan nan nan nan nan nan nan nan nan nan nan nan nan nan nan nan nan nan nan nan nan nan nan nan nan nan nan
266.7736903949094085 266.90203409257554767 267.03742961239942133 267.06695789207680036 267.08734836408444835 267.13695750944651763 267.19839148773178295 267.25444471235840638 267.32060985996537283 267.33561133787179642 267.18344841622939612 266.98674807798875008 266.85992405580105924 267.04585496160933644 267.19016868957822908 267.31704974934399388 267.49608421874609121 267.73687137144537473 267.96664679315523472 268.10184345207653678 268.22058140837691553 268.23260371119567935 268.25216761353345873 268.13925057684537023 267.97990025673078662 267.74228909133518073 nan nan nan nan nan nan nan nan nan nan nan nan nan nan nan nan nan nan nan nan nan nan nan nan nan nan nan nan nan nan nan nan nan nan nan nan nan
266.79000095069125109 266.97177461880659166 267.08637318637636326 267.14024063495594419 267.14705654222825615 267.234232548015882 267.32065359292130324 267.33912192961952314 267.38963329498773192 267.43871082462908362 267.31600471614029857 267.0993704121304404 266.91618068172124367 267.1295607016659801 267.36550782937621307 267.49505186175713334 267.6577374395900506 267.85328631983395553 268.07573157812180398 268.27591701413552983 268.38840250682977739 268.38109329955756266 268.35855158360465111 268.15490089905881632 267.99862168351330638 267.77181741145756178 nan nan nan nan nan nan nan nan nan nan nan nan nan nan nan nan nan nan nan nan nan nan nan nan nan nan nan nan nan nan nan nan nan nan nan nan nan
266.65786354301150141 266.93284029702476801 267.12650059883401354 267.22215154138490334 267.23520506019173126 267.29519231400666968 267.4023070054654454 267.4401125195644795 267.46454641623228099 267.51361448213356198 267.43897758483319649 267.23950811162694663 267.01440156988314811 267.10191709203456867 267.36540384936859027 267.56546558026246885 267.79649399171080404 268.04847392720620292 268.31844160421240986 268.46149469795818732 268.55661292867733891 268.57173739991327466 268.45402105821113992 268.25754253241416336 268.13070810204203553 267.99132324249177373 nan nan nan nan nan nan nan nan nan nan nan nan nan nan nan nan nan nan nan nan nan nan nan nan nan nan nan nan nan nan nan nan nan nan nan nan nan
266.7068699755683383 266.85511791472737286 267.08238078002034399 267.24485788260682284 267.31472449679438341 267.35013254223036938 267.44608760526017477 267.52743446502392999 267.57398651342390394 267.52256041187280289 267.50418257950803991 267.43477903341408819 267.23497553680130068 267.17884729894694829 267.41407601092583946 267.69640829283400763 267.91219001435649716 268.17833373182230616 268.45809847734170717 268.6170297848943278 268.70336061854271748 268.6687178333353927 268.50164898157532889 268.38328811938418994 268.30767726548413066 nan nan nan nan nan nan nan nan nan nan nan nan nan nan nan nan nan nan nan nan nan nan nan nan nan nan nan nan nan nan nan nan nan nan nan nan nan nan
266.7251237365390466 266.8702344695562374 267.00301923890845046 267.2204330109659054 267.33270695777650872 267.38217748550624719 267.45817933284246237 267.57988687988984111 267.66531373635706359 267.57388392626808127 267.63745625059101485 267.59326947271205199 267.50994333584071683 267.39034694316728746 267.55038346906326296 267.82897126246842845 268.04133833471064463 268.30754302069340156 268.61151765901166755 268.75913724036269059 268.80189690956149207 268.71092004959177757 268.65469740901465912 268.5463303072235135 268.46953471971175986 nan nan nan nan nan nan nan nan nan nan nan nan nan nan nan nan nan nan nan nan nan nan nan nan nan nan nan nan nan nan nan nan nan nan nan nan nan nan
266.58385105737784215 266.8115591220606575 267.0733829896752809 267.21456832182121843 267.35109938320630363 267.47618247045124917 267.55573370485529949 267.63712410125481256 267.72292713476394965 267.69501620099578076 267.77171117408056489 267.73598039946892868 267.7030981409902779 267.62367044949269257 267.67447648942356864 267.8926047234394332 268.1099216017200888 268.39611171988866545 268.70205004316301256 268.86242673716907348 268.87842530546532771 268.846350103254224 268.87458565390215881 268.75533308242836483 268.67092934010912586 nan nan nan nan nan nan nan nan nan nan nan nan nan nan nan nan nan nan nan nan nan nan nan nan nan nan nan nan nan nan nan nan nan nan nan nan nan nan
266.67901652367294218 266.84791380945080164 267.13429857663800249 267.36647058005331701 267.43847578615202565 267.59398505171981242 267.66823220654873694 267.74167472749257968 267.79562014697665973 267.8187942495507059 267.87646431876902398 267.89037803891687872 267.8400376949132351 267.84867746679645961 267.85296091924254824 267.9911429757638075 268.19958998032410591 268.45111898032905628 268.74680745991906861 268.97285667343777504 269.02402865805061083 269.02706107796734614 269.05990513029468048 268.97672674286053507 268.85496665652755155 268.9207227520704464 nan nan nan nan nan nan nan nan nan nan nan nan nan nan nan nan nan nan nan nan nan nan nan nan nan nan nan nan nan nan nan nan nan nan nan nan nan
266.79056957727374311 266.97169356671849982 267.18262358516085442 267.38221694752655822 267.56429357240227773 267.69299719607732868 267.79314078164270541 267.86334628005090508 267.90591975831222271 267.95971528772383863 268.01746181124673285 268.07395946299618572 268.00263885424681121 267.97852164869402714 268.04725687066814999 268.14603887717748876 268.30586883157133116 268.50402620918879393 268.81115889350860471 269.05729169883557006 269.16343076602794326 269.18869779672974119 269.23581424739893464 269.18617617631946359 269.06988240943974233 269.17827278288859816 269.32585496400594138 nan nan nan nan nan nan nan nan nan nan nan nan nan nan nan nan nan nan nan nan nan nan nan nan nan nan nan nan nan nan nan nan nan nan nan nan
