results/rofental/temp_month_2020-05-01T0000_2020-05-31T2300.asc
ncols        322
nrows        225
xllcorner    622802.488000000012
yllcorner    5178049.378999999724
cellsize     100.000000000000
[rows 168 to 195 of 225, columns 63 to 125 of 322]
nan nan nan nan nan nan nan nan nan nan nan nan nan nan nan nan nan nan nan nan nan nan nan nan nan nan nan nan 269.17320136358227955 269.62477979298768105 269.92337595928853489 270.01844479386090825 270.10711587534080991 270.23085541683406063 270.45209094241147341 270.86960698951583026 270.9787880502644839 271.01557168840304257 271.12274967511592649 271.25628565299649608 271.30278678112244961 271.34882832959601728 271.37396367020539856 271.44065852249707405 271.58008279185190759 271.67058133883926985 271.72568669430290811 271.79592728839634219 271.87067145401266544 271.91832932142511936 271.96006078282442786 271.9993450280916818 272.04076372742525791 272.08136811353665507 272.12946857819883917 272.18871173545682041 272.23458241961100157 272.28554533138395755 272.3318007329695547 272.3098679261883035 272.22034580919188329 271.98554889248327981 271.72866130109900951
nan nan nan nan nan nan nan nan nan nan nan nan nan nan nan nan nan nan nan nan nan nan nan nan nan nan nan nan 269.0826377596099519 269.59751538872717447 270.03642975704053697 270.11643321573586718 270.16274839627288884 270.2430351388416625 270.40472285040146971 270.67053802018762099 270.98922899092889338 271.05606890012160193 271.13200023247492254 271.19630425502737125 271.23749081682723272 271.35120096592487471 271.41590984510986573 271.44814816200533869 271.56547854832564326 271.66238706729421892 271.7184638717384928 271.7872307198063595 271.85430639517124973 271.89334058969018315 271.91866554354726304 271.94817299124196097 271.98048782962052883 272.02093560744242495 272.06957869039075604 272.12314333123873666 272.145001721992287 272.14483869978596431 272.08656120495726327 272.01050112510944246 271.90423073079608685 271.61232791861692704 271.37595538154261021
nan nan nan nan nan nan nan nan nan nan nan nan nan nan nan nan nan nan nan nan nan nan nan nan nan nan nan 269.36108071928055097 269.42051632545525308 269.85999915818314321 270.14910577712981876 270.2328637726639613 270.23843869776044357 270.2760064149543382 270.40684067985773709 270.60825887637429332 270.84191169864249105 271.03573110011927838 271.16108843838082976 271.1436051841339463 271.17215271248016961 271.33674937917760417 271.45733114871893576 271.47295640056938737 271.52509651880518504 271.59078206232055663 271.67200114765824992 271.74948848267956691 271.8075267102711905 271.84679266655484753 271.86997206695417617 271.90718956672196782 271.93571371739108145 271.97785163125570307 272.01445200164835114 271.99132019696116913 271.94161214095498735 271.85659144203140158 271.77803189886026303 271.68829867391116295 271.5104023632251824 271.19626017057413492 270.91194149849997075
nan nan nan nan nan nan nan nan nan nan nan nan nan nan nan nan nan nan nan nan nan nan nan nan nan nan nan 269.52868198016739143 269.79619052187427997 270.01624869401797469 270.16826010338155584 270.29162105083759116 270.30166199769547575 270.32919719836678496 270.40240148267258746 270.50799148057086541 270.66779386582931011 270.91393555077348765 271.0855572815169694 271.0770238747586518 271.11336528898436882 271.32260509843735008 271.4645672223845736 271.45941220738689026 271.46503148524925564 271.50262680199898568 271.5832744663740641 271.6602232034069857 271.70756024899696968 271.75128595891709438 271.7774677817839688 271.84778179586146507 271.86489868034306028 271.83684890621691466 271.80047774154917306 271.7407469983475039 271.63062155858966662 271.54599884665509535 271.43904077877277814 271.30924888173279896 271.05216371138936893 270.82854554723212459 nan
nan nan nan nan nan nan nan nan nan nan nan nan nan nan nan nan nan nan nan nan nan nan nan nan nan nan nan nan 269.6837180637191409 270.04545008287720975 270.17151355967553172 270.2485536256534715 270.30350575405321933 270.37326681515565951 270.43970616819325414 270.47997709215741224 270.61037265828645104 270.75288900835624872 270.89161077655586496 270.98850216065557106 271.03472115183001279 271.21542435392882453 271.37681685074102234 271.40207717366149609 271.4002283316528974 271.42702807363394868 271.53621679884815876 271.59643041090015458 271.62256120995920128 271.63156140003809469 271.61853335198441073 271.60362050980063486 271.53785903103192823 271.49563993073132906 271.43473282031413873 271.36284422618126655 271.23182562802332995 271.1652227000882931 271.0684565589630779 270.95130939515473756 270.59577071803272474 270.5721357407039136 nan
nan nan nan nan nan nan nan nan nan nan nan nan nan nan nan nan nan nan nan nan nan nan nan nan nan nan nan nan nan 269.76885542556357223 270.11397366602517423 270.18408379755715032 270.25346000883774877 270.3563946374432021 270.45829376579933978 270.5243320380568548 270.620322130495083 270.71265490897303607 270.8464562662412618 270.96519337155660878 271.00043916278360712 271.15403645589958614 271.31086020016840621 271.34799703210944699 271.3352595301942074 271.36386915485638838 271.4809437473725211 271.4748880172832628 271.44909466494658545 271.41567488288910681 271.31229774646459418 271.26053102269679584 271.26658737211630523 271.19087229792847893 271.07156374330736526 270.96458701074527653 270.85147939097731751 270.78943918659473411 270.63347282373609914 270.41802610555743058 270.396363700804784 nan nan
nan nan nan nan nan nan nan nan nan nan nan nan nan nan nan nan nan nan nan nan nan nan nan nan nan nan nan nan nan nan 269.70585716145666311 269.91251194673435521 270.09359269191065778 270.24417843182084198 270.35567730292143551 270.53147680029098865 270.61952499121326809 270.70254012672120325 270.8215888851908062 270.87279625911372705 270.88729338472245445 270.98213425360046358 271.09439030426187855 271.13693387413201208 271.13540500872971961 271.1652442100614735 271.20118548140106896 271.1895263744032718 271.17341954396545134 271.14684036028836545 271.07552616738752249 271.05501928291664626 270.97896134481811714 270.81890762466406386 270.71259309669602544 270.57106410230301208 270.44410906472080569 270.29824379973160831 nan nan nan nan nan
nan nan nan nan nan nan nan nan nan nan nan nan nan nan nan nan nan nan nan nan nan nan nan nan nan nan nan nan nan nan nan nan nan nan nan 270.49005881365832238 270.56016266503178258 270.64214016182336309 270.68772960605429034 270.6692572811990658 270.65490757053544257 270.70091489858987188 270.64696394875215901 270.72094665885640552 270.83180128558359456 270.92189790557341666 270.9738674152282556 271.02889434486138498 270.99296743341807314 270.9657729413674474 270.90591240314608967 270.79037971462645373 270.57013440970655438 nan nan nan nan nan nan nan nan nan nan
nan nan nan nan nan nan nan nan nan nan nan nan nan nan nan nan nan nan nan nan nan nan nan nan nan nan nan nan nan nan nan nan nan nan nan nan nan nan nan nan nan nan nan nan nan nan 270.92793327947856596 270.92074744092263927 270.84692905205633906 270.79936130514073511 270.67327540092213667 270.44531471554824975 270.28528519920513418 nan nan nan nan nan nan nan nan nan nan
nan nan nan nan nan nan nan nan nan nan nan nan nan nan nan nan nan nan nan nan nan nan nan nan nan nan nan nan nan nan nan nan nan nan nan nan nan nan nan nan nan nan nan nan nan nan nan 270.83815928079206969 270.64525757145651141 270.64535976642463311 270.46204229884614278 nan nan nan nan nan nan nan nan nan nan nan nan
nan nan nan nan nan nan nan nan nan nan nan nan nan nan nan nan nan nan nan nan nan nan nan nan nan nan nan nan nan nan nan nan nan nan nan nan nan nan nan nan nan nan nan nan nan nan nan nan nan nan nan nan nan nan nan nan nan nan nan nan nan nan nan
nan nan nan nan nan nan nan nan nan nan nan nan nan nan nan nan nan nan nan nan nan nan nan nan nan nan nan nan nan nan nan nan nan nan nan nan nan nan nan nan nan nan nan nan nan nan nan nan nan nan nan nan nan nan nan nan nan nan nan nan nan nan nan
nan nan nan nan nan nan nan nan nan nan nan nan nan nan nan nan nan nan nan nan nan nan nan nan nan nan nan nan nan nan nan nan nan nan nan nan nan nan nan nan nan nan nan nan nan nan nan nan nan nan nan nan nan nan nan nan nan nan nan nan nan nan nan
nan nan nan nan nan nan nan nan nan nan nan nan nan nan nan nan nan nan nan nan nan nan nan nan nan nan nan nan nan nan nan nan nan nan nan nan nan nan nan nan nan nan nan nan nan nan nan nan nan nan nan nan nan nan nan nan nan nan nan nan nan nan nan
nan nan nan nan nan nan nan nan nan nan nan nan nan nan nan nan nan nan nan nan nan nan nan nan nan nan nan nan nan nan nan nan nan nan nan nan nan nan nan nan nan nan nan nan nan nan nan nan nan nan nan nan nan nan nan nan nan nan nan nan nan nan nan
nan nan nan nan nan nan nan nan nan nan nan nan nan nan nan nan nan nan nan nan nan nan nan nan nan nan nan nan nan nan nan nan nan nan nan nan nan nan nan nan nan nan nan nan nan nan nan nan nan nan nan nan nan nan nan nan nan nan nan nan nan nan nan
nan nan nan nan nan nan nan nan nan nan nan nan nan nan nan nan nan nan nan nan nan nan nan nan nan nan nan nan nan nan nan nan nan nan nan nan nan nan nan nan nan nan nan nan nan nan nan nan nan nan nan nan nan nan nan nan nan nan nan nan nan nan nan
nan nan nan nan nan nan nan nan nan nan nan nan nan nan nan nan nan nan nan nan nan nan nan nan nan nan nan nan nan nan nan nan nan nan nan nan nan nan nan nan nan nan nan nan nan nan nan nan nan nan nan nan nan nan nan nan nan nan nan nan nan nan nan
nan nan nan nan nan nan nan nan nan nan nan nan nan nan nan nan nan nan nan nan nan nan nan nan nan nan nan nan nan nan nan nan nan nan nan nan nan nan nan nan nan nan nan nan nan nan nan nan nan nan nan nan nan nan nan nan nan nan nan nan nan nan nan
nan nan nan nan nan nan nan nan nan nan nan nan nan nan nan nan nan nan nan nan nan nan nan nan nan nan nan nan nan nan nan nan nan nan nan nan nan nan nan nan nan nan nan nan nan nan nan nan nan nan nan nan nan nan nan nan nan nan nan nan nan nan nan
nan nan nan nan nan nan nan nan nan nan nan nan nan nan nan nan nan nan nan nan nan nan nan nan nan nan nan nan nan nan nan nan nan nan nan nan nan nan nan nan nan nan nan nan nan nan nan nan nan nan nan nan nan nan nan nan nan nan nan nan nan nan nan
nan nan nan nan nan nan nan nan nan nan nan nan nan nan nan nan nan nan nan nan nan nan nan nan nan nan nan nan nan nan nan nan nan nan nan nan nan nan nan nan nan nan nan nan nan nan nan nan nan nan nan nan nan nan nan nan nan nan nan nan nan nan nan
nan nan nan nan nan nan nan nan nan nan nan nan nan nan nan nan nan nan nan nan nan nan nan nan nan nan nan nan nan nan nan nan nan nan nan nan nan nan nan nan nan nan nan nan nan nan nan nan nan nan nan nan nan nan nan nan nan nan nan nan nan nan nan
nan nan nan nan nan nan nan nan nan nan nan nan nan nan nan nan nan nan nan nan nan nan nan nan nan nan nan nan nan nan nan nan nan nan nan nan nan nan nan nan nan nan nan nan nan nan nan nan nan nan nan nan nan nan nan nan nan nan nan nan nan nan nan
nan nan nan nan nan nan nan nan nan nan nan nan nan nan nan nan nan nan nan nan nan nan nan nan nan nan nan nan nan nan nan nan nan nan nan nan nan nan nan nan nan nan nan nan nan nan nan nan nan nan nan nan nan nan nan nan nan nan nan nan nan nan nan
nan nan nan nan nan nan nan nan nan nan nan nan nan nan nan nan nan nan nan nan nan nan nan nan nan nan nan nan nan nan nan nan nan nan nan nan nan nan nan nan nan nan nan nan nan nan nan nan nan nan nan nan nan nan nan nan nan nan nan nan nan nan nan
nan nan nan nan nan nan nan nan nan nan nan nan nan nan nan nan nan nan nan nan nan nan nan nan nan nan nan nan nan nan nan nan nan nan nan nan nan nan nan nan nan nan nan nan nan nan nan nan nan nan nan nan nan nan nan nan nan nan nan nan nan nan nan
nan nan nan nan nan nan nan nan nan nan nan nan nan nan nan nan nan nan nan nan nan nan nan nan nan nan nan nan nan nan nan nan nan nan nan nan nan nan nan nan nan nan nan nan nan nan nan nan nan nan nan nan nan nan nan nan nan nan nan nan nan nan nan
