results/rofental/temp_month_2020-04-01T0000_2020-04-30T2300.asc
ncols        322
nrows        225
xllcorner    622802.488000000012
yllcorner    5178049.378999999724
cellsize     100.000000000000
[rows 168 to 195 of 225, columns 126 to 188 of 322]
269.81924950209202052 269.78453061882356678 269.74041620212972248 269.68427686001058419 269.43156781761354068 269.05111422374727681 269.14118070679717221 269.44554298020159422 269.61380080071052134 269.6218122843583842 269.70101942198471079 269.83630747875366751 269.91630063469426659 270.04620843296100929 270.17168007844583144 270.23642670950454203 270.37849046995569324 270.44169913315880649 270.56112517203456491 270.68819257022067859 270.81990703907769102 270.95807814939098535 271.10791930969537589 271.37675502168252706 271.6742235928971354 271.9673027379526502 272.19530064727564422 272.27520938968888231 272.2294182695809468 272.21349239463620506 272.2474823420507164 272.32955961629551211 272.29277206844875536 272.17332149600809998 271.86183314278554235 271.70338156739819624 271.52919392096220008 271.46853290874577169 271.44002888321239197 271.39693093405617219 271.21248509140235683 270.96877298062281625 270.76179929782830413 270.69641343284121149 270.67518147449277421 270.57294670238627532 270.46367681669880767 270.45154224114560293 270.48249321218469277 270.49866885989553111 270.50787941032695016 270.38744784442957325 269.91655581147324483 269.36374254179190757 nan nan nan nan nan nan nan nan nan
269.38368411105705036 269.45220304263534672 269.54105492757844331 269.52278185697832669 269.35196160855508651 nan nan 269.46605658849847487 269.61451673814900687 269.65944747410884474 269.69121981841436764 269.81317505626913089 269.94254183783073131 270.12780054354431059 270.25385951964454989 270.3243349319045592 270.39736431248951476 270.46698885492770614 270.62997318510872446 270.73142007993237712 270.82790192067096768 271.00702484043182494 271.24803890822408903 271.57626811353674157 271.85080488662163134 272.07880919329790004 272.2145211492112935 272.17794163735453594 272.15471261016074322 272.1245132333247625 272.1659017931751805 272.25064993915657396 272.18312188917849426 272.01709596752476727 271.8268501392037706 271.65805788226623463 271.50801942379877119 271.38698565446708244 271.36598315072802734 271.26974692707693748 271.0159381199729296 270.7722744747378556 270.62860285927536097 270.60072849521043281 270.5853274446648129 270.4918264592568562 270.40351923034069159 270.37729771654358046 270.4158183301652798 270.40752251154430041 270.40875176872572183 270.28624478576819001 269.89425128995918612 269.43563586190862225 nan nan nan nan nan nan nan nan nan
269.04276256832463332 269.18157379069799617 269.34762533964715203 269.33807238847271037 nan nan nan nan nan nan 269.70504376756116471 269.86214499568285419 270.03334371150026527 270.16510733799867694 270.27120677404212756 270.35230222483465923 270.41291850486999238 270.49130050690729377 270.61222249869740608 270.74271421324897346 270.98134050896197778 271.23741259929499847 271.49549043475889221 271.76019208744355637 271.9803567648135072 272.16009885645252098 272.14749647078048156 272.07827322070738774 272.06885571838091664 272.04101782549804511 272.08916363928506144 272.14683504765133648 272.03131119590858589 271.90238799953124271 271.74543087008271414 271.60605192977442357 271.40583297965849852 271.25954170115403485 271.22028927311203006 271.04439698905406431 270.78887351644880255 270.5890310912801624 270.52447122798656665 270.54024252154306396 270.47638150518753264 270.34271533024548262 270.28687620162543226 270.3076787934631966 270.35894936442599601 270.3341616679128947 270.30652344208658633 270.23813118369815811 269.78048775846178842 269.38793840517985245 nan nan nan nan nan nan nan nan nan
268.88966995600088694 nan nan nan nan nan nan nan nan nan 269.75742157198760651 269.96198873744725688 270.22124255404725091 270.33808269239767696 270.42492698324463163 270.51208417273858231 270.59819403009305461 270.64805529929162731 270.79943255102813282 270.96904189033881494 271.1717795094581902 271.40924669363857902 271.66201608308688265 271.88136763713350774 272.02022715430234712 272.1425609289006502 272.05749080429171727 271.99325512014763717 271.98306441697343416 271.96892963361426609 271.99934600547197761 272.0298404358817379 271.86654705931533726 271.7394719296349308 271.62102666575503918 271.48982184782198601 271.32211044025422098 271.08893792271584289 270.96047899868193554 270.75218299527642785 270.55712909411374767 270.44906320535034183 270.44437491449343725 270.39777747712770406 270.27856525557712075 270.21617722456937827 270.1958075303425062 270.24070101156991086 270.31051941525851134 270.29291035032923673 270.24810842882357065 270.16661822983633101 270.01389814935686218 269.72641385209084319 269.31456768264865786 nan nan nan nan nan nan nan nan
nan nan nan nan nan nan nan nan nan nan nan 270.12623804505284397 270.41262209091536306 270.55661586101712146 270.62103408484489364 270.69088056528465813 270.71068226423267333 270.81807166474436599 270.94636525566937735 271.13342679256930978 271.36118880033262712 271.60076947724923002 271.8008728764824582 271.97968201497184282 272.03875938452500804 272.06159553549326802 271.98380257346781264 271.92034506091113144 271.90535873422788882 271.89011982891605612 271.88672495748039637 271.89430822535035759 271.72387529500167602 271.5533775806951553 271.46592527052160904 271.38420689963658106 271.16079294306331349 270.90901940589998276 270.71748141595912784 270.50030827364781771 270.35068732963918592 270.32214807301375004 270.25944156598245627 270.20409175110745537 270.16890228250400696 270.14454253569812181 270.13681153104772648 270.18404218040069509 270.20519779305033126 270.2128894840887483 270.17926417005480744 270.10662826252968216 269.9571088848252316 269.73438595110894767 269.19960773987298808 nan nan nan nan nan nan nan nan
nan nan nan nan nan nan nan nan nan nan nan nan nan 270.67281978751162796 270.781423587543145 270.88273671130525599 270.95323415045817228 271.04270296722216926 271.15358718550487538 271.34348881380606144 271.55461905679760548 271.7413625330223681 271.90987691576572161 271.96600294147924615 271.96163828865724099 271.97588662839791596 271.91345260771208814 271.85090454149258221 271.82996071260453164 271.80126737734968856 271.76709446551018345 271.72665226229980817 271.58158911466261998 271.44547233389511121 271.33025246487528648 271.22015216541495874 270.97516058069470546 270.70661152041731157 270.48240523202844088 270.33677331322485315 270.24989986662427555 270.20044599924108297 270.03557996845864864 270.07591369904753265 270.06776553551918596 270.07065385091078724 270.08550734381583425 270.10455640077344697 270.10230837977320562 270.10134773208721981 270.09127968565360334 270.04975576636707046 269.87657328793869738 269.44737802254547887 269.18689491538748371 268.96727205452538101 nan nan nan nan nan nan nan
nan nan nan nan nan nan nan nan nan nan nan nan nan nan nan 271.02677692941392706 271.15547662276571828 271.23135287789637005 271.3635097887204779 271.52131227615046782 271.70774424792494983 271.83646037136719542 271.8970441845589221 271.86491417247975733 271.87828060449186296 271.91439985149276026 271.8608758829811336 271.78778127502346251 271.75252478589561633 271.71453176729221468 271.62318358018387698 271.54584070681812591 271.46544042929588159 271.374853300687505 271.25114186088541146 271.02278731442174831 270.69818066429826331 270.43812445002851064 270.2709395914072843 270.18553913603540195 270.1294217244537208 270.09342666008018341 270.0196880739132439 269.92854777881848349 269.9631497387372292 269.96617737676007209 269.99329842430375948 270.01677840748720882 270.03811786481810486 270.04730127753572333 270.02388690477937416 269.96463663629492657 269.77690282005789868 269.2442417541458326 269.05566698658952873 nan nan nan nan nan nan nan nan
nan nan nan nan nan nan nan nan nan nan nan nan nan nan nan 271.12909649786405453 271.29284462304184444 271.36411993798952835 271.51896465078874598 271.72610615694338776 271.82158803709808126 271.84616985755070573 271.81550719482856948 271.79702369315225496 271.81290133902774642 271.85789014342094561 271.80917286558360502 271.7187566447191216 271.65216468900689506 271.59795595015214076 271.43721669522346929 271.37438407084277969 271.31513564733853627 271.2602859398906503 271.18079490925794062 270.88783148656960975 270.36187591065089464 270.04847548659313361 270.10667778557319707 270.0592510907336532 269.9913538850232726 269.95053114826527008 269.93221312541385259 269.77227768627147952 269.80315675802268061 269.81341986929209043 269.85515933673133304 269.91899719031573568 269.9440788851447337 269.95870879177681445 269.94000794653231878 269.85587437211330553 269.65771258157911916 269.28984714376576903 nan nan nan nan nan nan nan nan nan
nan nan nan nan nan nan nan nan nan nan nan nan nan nan nan nan 271.36620321557404623 271.46529869532406565 271.62362394984154434 271.78585029020570119 271.82094190369548414 271.76902617717075827 271.74845081912775413 271.73245454938495413 271.75410391486633443 271.78787186385460473 271.7456367850450647 271.64097796099150628 271.53715411177404349 271.43591436898469738 271.26872827385443543 271.21342587570342175 271.17474519014200496 271.1421429483840484 271.10396776221614346 270.76351509241743543 270.27150734627468864 269.90623125188534459 269.95802096805948622 269.94323991557911313 269.86406937109455839 269.82018612956954939 269.79997771778914739 269.66674867768216473 269.70867805448608578 269.7359712266128895 269.79491663479666386 269.80885285061924606 269.82460877952757983 269.82886739502646378 269.8118657319871545 269.73957404357804535 269.50982996076373865 nan nan nan nan nan nan nan nan nan nan
nan nan nan nan nan nan nan nan nan nan nan nan nan nan nan nan nan 271.49806973765663543 271.635956230562158 271.76815483029071174 271.77302755079256258 271.71689831271555704 271.68192425006242274 271.67063201262095617 271.68146336597050094 271.68495898564464142 271.63642694241030995 271.51655775874007759 271.43550583947234145 271.29172068415084595 271.175351822742698 271.12216731494362421 271.0799211923169878 271.04067228621181584 270.96728716626836331 270.55795684519188171 270.24019051068370345 269.89642706314396037 269.76637783592502728 269.79246766748252639 269.74928296399042438 269.71193918854453386 269.69391672135185445 269.52909528930319993 269.57566362175873564 269.61302795557372747 269.64946233746724147 269.70028430681543341 269.7156002179629013 269.71788182424302249 269.68585574400492533 269.62105522838186289 nan nan nan nan nan nan nan nan nan nan nan
nan nan nan nan nan nan nan nan nan nan nan nan nan nan nan nan nan 271.54885094179269345 271.65736756612449199 271.74740768851717121 271.75097526061051667 271.69146165581247487 271.64162444357231152 271.59836638357137417 271.57428438202185816 271.55577320027799715 271.53390901446323369 271.40916231389365976 271.30512672538174002 271.21930402275330607 271.12971074449643538 271.06446487093523956 270.98927115470087301 270.89417911991677101 270.80662375621784577 270.35679865620227247 270.01914363958991316 269.7797180264460053 269.61841445897363201 269.64633295943878011 269.62431050024082424 269.587344482339347 269.56792708625465593 269.33247184000225616 269.38167504839645972 269.39753233280572431 269.44375947427658957 269.47952572295218943 269.53761113761231627 269.59525831351209035 269.59245875768664291 269.50587367020619922 nan nan nan nan nan nan nan nan nan nan nan
nan nan nan nan nan nan nan nan nan nan nan nan nan nan nan nan nan nan 271.69932861386274681 271.74833338656623027 271.7345890087024145 271.64711825710480753 271.57182372940917503 271.51121734059802293 271.43670884442019542 271.41312730428745681 271.45640195567938235 271.33907268450246875 271.22477058277848982 271.18276547360562745 271.08758308621918331 271.0364469094926676 270.94120137612077315 270.7901372494599741 270.65605080307693697 270.49875439741418859 270.10806263533663696 269.70939711957390728 269.49867674282467078 269.47422719366124966 269.49236483744471116 269.50596674440487277 269.46254954773155532 269.13525476187322738 269.13325236947724761 269.1698680064527025 269.09448674318542771 269.14591969718804876 269.2964595880191041 269.44604536937754347 269.49141616019949197 nan nan nan nan nan nan nan nan nan nan nan nan
nan nan nan nan nan nan nan nan nan nan nan nan nan nan nan nan nan nan 271.72818061339978613 271.7090820975315637 271.64919467462624425 271.59008359714653125 271.4867699415793254 271.38853386153698466 271.32988173236816465 271.31410428568898396 271.35367464739175603 271.29916894404976802 271.2235345675969711 271.16363895940844486 271.0643690920858262 270.98665993809635211 270.8768547348971083 270.64104477531617476 270.5054546956307604 270.4032007706417744 270.33265417555674048 270.06388947427745961 269.47209812496873838 269.32144944813666143 269.35975191918180371 269.37029996063694171 269.30137990199898468 268.86668442618434938 268.76923251740504384 268.65771264162719945 268.75765132571041249 269.08823763070540735 269.23648089691943142 269.27139638018263668 nan nan nan nan nan nan nan nan nan nan nan nan nan
nan nan nan nan nan nan nan nan nan nan nan nan nan nan nan nan nan nan nan nan 271.53098942762710521 271.4885301803893185 271.39696807204495599 271.27070796782015805 271.19909776666241896 271.17832446142875824 271.21441974634086591 271.23241137439214299 271.18411172137319909 271.03726981026210296 270.95854239384351558 270.86989544504058358 270.76409832884712614 270.49348021191394764 270.32620617217509107 270.27117090442169456 270.21853153571004214 270.04260927179103646 269.47310552535020634 269.2053850218104003 269.18528089159610772 269.19787190586413317 269.09945321480603297 268.6635764030709197 268.27627360492374464 nan 268.79865827396008626 269.12640680000293969 nan nan nan nan nan nan nan nan nan nan nan nan nan nan nan
nan nan nan nan nan nan nan nan nan nan nan nan nan nan nan nan nan nan nan nan 271.39151624330668255 271.32025902511333015 271.26769180879728083 271.15947037915930196 271.07797579511333197 271.06310624766842921 271.0729017557446241 271.11141427737157983 271.08327232343827973 270.89176126690335877 270.68483681614156922 270.49709762332298624 270.28768000931785309 270.22062117357347688 270.16455442195916703 270.19471559263735116 270.07214058409050494 269.93670962533576585 269.59027686982437899 269.21269474694736346 269.06590226266706622 269.03811040637009455 268.81140544872397413 268.42027268625298575 nan nan nan nan nan nan nan nan nan nan nan nan nan nan nan nan nan nan nan
nan nan nan nan nan nan nan nan nan nan nan nan nan nan nan nan nan nan nan nan 271.16872548237000728 271.12504546078059775 271.07084751933206235 271.01946268773230031 270.93737707508034873 270.95363167794164383 270.95477746975109312 270.9870686300117768 270.92782085072298059 270.53182164083273165 270.10858590125815226 269.92877983395499086 269.87407535038852302 269.98633893113304794 270.00599825474660065 270.05010578612910876 269.92381016612785061 269.77424451656065685 269.5038373131308731 269.26725753213264625 269.06639612050042842 268.92881483861526704 268.73450097299945583 268.43958521947456575 nan nan nan nan nan nan nan nan nan nan nan nan nan nan nan nan nan nan nan
nan nan nan nan nan nan nan nan nan nan nan nan nan nan nan nan nan nan nan nan 270.89737204541222582 270.86829252740955098 270.88387504218468393 270.82067759790453465 270.82295440418738508 270.87445305685747599 270.86221685353103794 270.87202876087656023 270.82247743541682894 270.484738976190215 269.81061316008748463 269.4495092242825649 269.69676021593824089 269.87992709175023265 269.86197398296349093 269.73710477095056604 269.59349429497581241 269.50551012198826584 269.36285999844875505 269.25882102376272087 269.07210566555733067 268.90407632124669135 268.75219979133362358 268.39701970145893029 nan nan nan nan nan nan nan nan nan nan nan nan nan nan nan nan nan nan nan
nan nan nan nan nan nan nan nan nan nan nan nan nan nan nan nan nan nan nan nan nan 270.57726612360835361 270.69332431449754495 270.69058667713693467 270.74225180940953805 270.80177527060232023 270.78629602920676689 270.78740302574107091 270.72908377465813601 270.50901981054147427 269.92153727917519745 269.26145994904328518 269.57716112848618195 269.68057408182795598 269.63747446661966478 269.28922757121785025 269.28095822012630833 269.27004712990998314 269.22525211087338448 269.1974381262077145 269.05236909902527032 268.85719979682033909 268.6947697412995808 nan nan nan nan nan nan nan nan nan nan nan nan nan nan nan nan nan nan nan nan
nan nan nan nan nan nan nan nan nan nan nan nan nan nan nan nan nan nan nan nan nan 270.5593156493843594 270.60361371169597078 270.60743071323480535 270.63994477168137109 270.70012090352923906 270.70400000259843409 270.71115783611463712 270.60015683783029772 270.35084182830581767 269.8997497981524134 269.09873125195173316 269.31106105585803334 269.45823265436297334 269.29939260649643984 268.93407991436640714 269.03574947333930822 269.06367042320329119 269.08251628978047165 269.08535252462166909 268.97118586993872213 268.74398686381437074 268.59139110578530563 nan nan nan nan nan nan nan nan nan nan nan nan nan nan nan nan nan nan nan nan
nan nan nan nan nan nan nan nan nan nan nan nan nan nan nan nan nan nan nan nan 270.45021507018344664 270.50884406458203557 270.51197715925104603 270.51880184063537627 270.55839050104424359 270.60176565316731967 270.62015533287291191 270.62411012787839582 270.31369437084850915 269.94298493364351543 269.62962924725729863 269.18008335330893033 269.0253155661097253 269.15870717899048259 268.79333208384429099 268.75256630863145801 268.89834090437420855 268.80640701625054589 268.87423167187046147 268.95330717477003191 268.8454263824486361 268.63133009120059569 nan nan nan nan nan nan nan nan nan nan nan nan nan nan nan nan nan nan nan nan nan
nan nan nan nan nan nan nan nan nan nan nan nan nan nan nan nan nan nan nan 270.28790002912319324 270.42792645653344152 270.44051968276642128 270.44300145073600561 270.44397613530139779 270.48539624205244536 270.51648385568103095 270.52222526757270771 270.51093256728836423 270.17028830106858095 269.92314629597893827 269.64994666446000338 269.44021587656925476 269.31898833601860588 269.05794199975127867 268.88986532544578267 268.75790045315346788 268.77555680567525087 268.61867375559307902 268.67794733127237805 268.79313144413885084 268.68991726681241516 nan nan nan nan nan nan nan nan nan nan nan nan nan nan nan nan nan nan nan nan nan nan
nan nan nan nan nan nan nan nan nan nan nan nan nan nan nan nan nan 269.80351203852728759 270.13031739450195801 270.29360896751632026 270.3471974563270237 270.34559572252061344 270.37564278901760417 270.36853466757349906 270.39899720712543285 270.423869480972769 270.40532174388550857 270.39343708368443231 270.07789506875138841 269.92091356294673687 269.71831657696606044 269.34956073680837108 269.1805696347690855 269.24460839956583413 269.20025875454717834 nan nan nan nan nan nan nan nan nan nan nan nan nan nan nan nan nan nan nan nan nan nan nan nan nan nan nan nan
nan nan nan nan nan nan nan nan nan nan nan nan nan nan nan nan 269.54316728340137388 269.85001242625094164 270.12715773089956883 270.23366488715294054 270.2362050438699157 270.23788496597262565 270.28214473453232358 270.30415469004861961 270.32620680232543009 270.32980320235577665 270.29950495074120909 270.2808968623663759 270.07321235879129517 269.72273610691928525 269.63943865130516997 269.5051429926562605 269.14931424518027825 nan nan nan nan nan nan nan nan nan nan nan nan nan nan nan nan nan nan nan nan nan nan nan nan nan nan nan nan nan nan
nan nan nan nan nan nan nan nan nan nan nan nan nan nan nan nan 269.54258405353618855 269.91418389976399794 270.03528010727131914 270.081400123224455 270.11999230583353437 270.1306845122373943 270.17114184485910755 270.23290657264504944 270.28482179787681616 270.25454630368386688 270.20161693331397146 270.15318270704437964 270.05089717802695759 269.64840720494720472 269.65306776620457185 269.46268303880418671 nan nan nan nan nan nan nan nan nan nan nan nan nan nan nan nan nan nan nan nan nan nan nan nan nan nan nan nan nan nan nan
nan nan nan nan nan nan nan nan nan nan nan nan nan nan nan nan 269.62639128397961485 269.80440646117165215 269.80976030138441502 269.86051841354679937 269.95662274857767216 270.00111040198231649 270.02926721901252449 270.01975404060357278 270.0080716123021034 270.04172438193529615 270.09510620692964267 270.00797301069928835 269.94527784449883256 nan nan nan nan nan nan nan nan nan nan nan nan nan nan nan nan nan nan nan nan nan nan nan nan nan nan nan nan nan nan nan nan nan nan
nan nan nan nan nan nan nan nan nan nan nan nan nan nan nan nan nan 269.56891856039209188 269.49215248641030485 269.63195839265466702 269.72635250395995854 269.82124090563445407 269.85416644482762649 269.85334963340676495 269.78030127448624853 269.67970983639690985 269.8957211465947239 nan nan nan nan nan nan nan nan nan nan nan nan nan nan nan nan nan nan nan nan nan nan nan nan nan nan nan nan nan nan nan nan nan nan nan nan
nan nan nan nan nan nan nan nan nan nan nan nan nan nan nan nan nan nan nan 269.3844429450667235 269.38686309857808965 269.55804796306040316 269.52878778606225296 269.52274314649332609 nan nan nan nan nan nan nan nan nan nan nan nan nan nan nan nan nan nan nan nan nan nan nan nan nan nan nan nan nan nan nan nan nan nan nan nan nan nan nan
nan nan nan nan nan nan nan nan nan nan nan nan nan nan nan nan nan nan nan nan nan nan nan nan nan nan nan nan nan nan nan nan nan nan nan nan nan nan nan nan nan nan nan nan nan nan nan nan nan nan nan nan nan nan nan nan nan nan nan nan nan nan nan
