results/rofental/temp_month_2020-02-01T0000_2020-02-29T2300.asc
ncols        322
nrows        225
xllcorner    622802.488000000012
yllcorner    5178049.378999999724
cellsize     100.000000000000
[rows 140 to 167 of 225, columns 63 to 125 of 322]
nan nan nan nan nan nan nan nan nan nan nan nan nan nan nan nan nan nan nan nan nan nan nan nan nan nan nan nan nan nan nan nan nan nan nan nan nan nan nan nan nan nan nan nan nan nan nan nan nan nan nan 264.41120815254413401 264.50438769925000315 264.70480131938745672 264.92443193778700561 265.10018611346237094 265.27124733828986791 265.43312757439883853 265.52072758421485332 265.59392656556303791 265.71313053748519906 265.86034820254855049 265.9975453828155878
nan nan nan nan nan nan nan nan nan nan nan nan nan nan nan nan nan nan nan nan nan nan nan nan nan nan nan nan nan nan nan nan nan nan nan nan nan nan nan nan nan nan nan nan nan nan nan nan nan nan 264.36095768175579224 264.46943365268873549 264.57544186404237507 264.79259535365116562 265.02710026154511525 265.16219908044382692 265.33061133497608353 265.4638851528250143 265.54494135217350959 265.63514452330707627 265.75135362132738237 265.90933976503004033 266.06840351494639663
nan nan nan nan nan nan nan nan nan nan nan nan nan nan nan nan nan nan nan nan nan nan nan nan nan nan nan nan nan nan nan nan nan nan nan nan nan nan nan nan nan nan nan nan nan nan nan nan nan 264.40436408779652311 264.67335310955206751 264.79621941286603715 264.92124026551670113 264.89922172944324075 265.0158669409854042 265.20267245097301156 265.39749521878144378 265.53921251444251084 265.6462888251556933 265.75789955225042149 265.87674077323430311 266.00922135685362946 266.16070551816022771
nan nan nan nan nan nan nan nan nan nan nan nan nan nan nan nan nan nan nan nan nan nan nan nan nan nan nan nan nan nan nan nan nan nan nan nan nan nan nan nan nan nan nan nan nan nan nan nan 264.56182909959358085 264.72897463128600748 264.98155161003847979 265.15218465886715649 265.22538941268572898 265.251952372950484 265.11448224055169476 265.1515431489731327 265.41492950884094171 265.61939412451812359 265.75330908589614864 265.86047709317534782 265.99297297724200462 266.15425271791400519 266.30249577438615916
nan nan nan nan nan nan nan nan nan nan nan nan nan nan nan nan nan nan nan nan nan nan nan nan nan nan nan nan nan nan nan nan nan nan nan nan nan nan nan nan nan nan nan nan nan 264.59364947783871003 264.65560092876876297 264.80033857229892647 264.86992234774311328 264.98181140942477896 265.18807190855756062 265.34010297646875642 265.45089424342739903 265.52063669898393528 265.43607632564885535 265.35481524327553871 265.41057198307180442 265.57489944442892238 265.74712421936573037 265.8841840496874056 266.01498768582456478 266.13399587367314325 266.28778102883285328
nan nan nan nan nan nan nan nan nan nan nan nan nan nan nan nan nan nan nan nan nan nan nan nan nan nan nan nan nan nan nan nan nan nan nan nan nan nan nan nan nan nan nan nan 264.8755313014606827 264.85294705664460935 264.86012783356017053 265.04416223816207321 265.16207733803997826 265.17428575869558927 265.2624613453867255 265.41439749845983442 265.57720282887464691 265.67614849800014554 265.73379972031290208 265.71236285580982894 265.64071613647780623 265.64904177321568568 265.70847901446086325 265.79946161711080777 265.92488487224522942 266.08156934229987201 266.2687362626097638
nan nan nan nan nan nan nan nan nan nan nan nan nan nan nan nan nan nan nan nan nan nan nan nan nan nan nan nan nan nan nan nan nan nan nan nan nan nan nan nan nan nan nan nan 265.09502474837540831 265.09893666609644924 265.17900304298933634 265.219285674485036 265.37007462526503332 265.44749086532470983 265.53001538580548413 265.57917627436108887 265.6938759649253825 265.77626910082466338 265.86626441397908138 265.95936830808483364 265.96499688743944034 265.9412651251922739 265.96592665216456908 266.01377716468675771 266.06585360528293904 266.12868630909196099 266.31974460096876101
nan nan nan nan nan nan nan nan nan nan nan nan nan nan nan nan nan nan nan nan nan nan nan nan nan nan nan nan nan nan nan nan nan nan nan nan nan nan nan nan nan nan nan nan 265.08868617703672044 265.18327112676996649 265.27861529929214157 265.38069118839882776 265.45988748457426709 265.51757264911719858 265.58425890449603912 265.64919236331729735 265.72943391395273238 265.81368701181065717 265.89104588434275911 265.9973823340132526 266.10706881145461011 266.18772004333476389 266.22756981631590634 266.22367641143949868 266.28968374004375619 266.34238389620861653 266.51613810818236061
nan nan nan nan nan nan nan nan nan nan nan nan nan nan nan nan nan nan nan nan nan nan nan nan nan nan nan nan nan nan nan nan nan nan nan nan nan nan nan nan nan nan nan 264.88275331684639013 265.02816889182366822 265.21272807177899722 265.32187567032138986 265.3802730578580622 265.44389831394414614 265.50963004153658176 265.57246856664471579 265.63446463560399025 265.70667719293260234 265.78784889241410383 265.87410152135390717 265.97864455699175323 266.08368257458283779 266.18072613962772266 266.29516754364283315 266.40257135165489899 266.53241950823411344 266.64399787551661802 266.74523996681631388
nan nan nan nan nan nan nan nan nan nan nan nan nan nan nan nan nan nan nan nan nan nan nan nan nan nan nan nan nan nan nan nan nan nan nan nan nan nan nan nan nan nan nan 264.7606283665850242 264.9317695809235147 265.16609248874794957 265.30674065723212607 265.362767669185871 265.4217244352198577 265.48721854358325345 265.54032740192059237 265.61026292571420981 265.69874461852356262 265.79047905772432614 265.87565283637928815 265.97520624138985568 266.08130228268771589 266.19287284224014911 266.29137552893132579 266.42673941195050702 266.55511193960705896 266.75122159864963578 266.90936066679154237
nan nan nan nan nan nan nan nan nan nan nan nan nan nan nan nan nan nan nan nan nan nan nan nan nan nan nan nan nan nan nan nan nan nan nan nan nan nan nan nan nan nan 264.55319430012463044 264.70173633297622473 264.94344770630141284 265.10737504118827701 265.24056900314138829 265.31494752423878936 265.36906117153637297 265.43366669918708567 265.46917621089403383 265.54310320467760675 265.64253620727993166 265.74520062235109208 265.85124828027596777 265.97053930139696831 266.12038156418259405 266.29291046703832535 266.45097244202031561 266.58913066118338975 266.72355954262178557 266.83488711432431728 266.95185468953565078
nan nan nan nan nan nan nan nan nan nan nan nan nan nan nan nan nan nan nan nan nan nan nan nan nan nan nan nan nan nan nan nan nan nan nan nan nan nan nan nan nan 264.41957859480061188 264.4751693977591458 264.69824955765494678 264.84840165474082596 264.99659301567953662 265.12320238367266256 265.19057232896432197 265.24001698262520677 265.31376376270139872 265.36013748920123589 265.43283326446504589 265.52193908642595943 265.62642520633568211 265.75716088054889497 265.92736353089685508 266.13360444183439313 266.2951182806500583 266.4549124866145462 266.65269244450416863 266.78277127734634178 266.88703210237292751 266.94846831867329229
nan nan nan nan nan nan nan nan nan nan nan nan nan nan nan nan nan nan nan nan nan nan nan nan nan nan nan nan nan nan nan nan nan nan nan nan nan nan nan nan nan nan 264.47013440704319009 264.66156173238857718 264.78003286575898301 264.90960124532608688 265.03975635949865364 265.07691570205997778 265.10159147608999319 265.15207094342599703 265.1619923045694236 265.27132411366005726 265.36886990185678314 265.47465578603322456 265.60313221939372852 265.78779902804376434 266.01749520160524298 266.24201249744629649 266.43924169980624583 266.64669498402480485 266.82770872920406191 266.86574056886411199 266.89848069107500805
nan nan nan nan nan nan nan nan nan nan nan nan nan nan nan nan nan nan nan nan nan nan nan nan nan nan nan nan nan nan nan nan nan nan nan nan nan nan nan nan nan 264.18789840137498004 264.39431940462208104 264.55927784029177019 264.65677857024206787 264.79031876452916094 264.91724420992096611 264.94093251328973793 264.94089780955886226 264.95034922598586036 264.95203249777114252 265.04457673520437311 265.11726624693574195 265.2444281032559843 265.47368498421968752 265.69575768730925347 265.94978487651212617 266.20675471976466042 266.43562814280613793 266.65196898069058307 266.79049415186983651 266.81038843164958507 266.84999688617790525
nan nan nan nan nan nan nan nan nan nan nan nan nan nan nan nan nan nan nan nan nan nan nan nan nan nan nan nan nan nan nan nan nan nan nan nan nan nan nan nan nan 264.00936076661827201 264.18958187537174354 264.42666842146752515 264.55195039289259284 264.6761924391733487 264.76150527421242487 264.78774051547662793 264.72630132629808486 264.76877500639136542 265.04150867088264931 265.20570146308466519 265.23016319977534749 265.35822617745520802 265.55279739003771056 265.74525498620704411 265.98536179992953521 266.24784302340185604 266.48475272376424527 266.68798688542887021 266.73336809247513202 266.76357075022480103 266.80518653467396462
nan nan nan nan nan nan nan nan nan nan nan nan nan nan nan nan nan nan nan nan nan nan nan nan nan nan nan nan nan nan nan nan nan nan nan nan nan nan nan nan nan 263.86517641408698864 264.00085327967428839 264.16074395849841494 264.39357032073132814 264.5778044944006524 264.63877820989887368 264.62526609396644517 264.70594523391366693 264.96708135764248482 265.23125465677441071 265.34615243460842748 265.4020267324929705 265.46060276159306568 265.6190363934588845 265.84340950480321908 266.07234379114504463 266.30575250532456266 266.54146304735797912 266.65878042822646421 266.68374281290817862 266.72124711319935386 266.75816302618960663
nan nan nan nan nan nan nan nan nan nan nan nan nan nan nan nan nan nan nan nan nan nan nan nan nan nan nan nan nan nan nan nan nan nan nan nan nan nan nan nan nan 263.86140078254311447 263.93522816825094424 264.1149691862053146 264.31645811113071431 264.44550632760501685 264.57981683418665853 264.75626969139284483 264.93160546662659272 265.14584223028180077 265.34206467712209587 265.47876513780278174 265.60320390614759845 265.65542056140259319 265.75276045516574186 265.88426875123536774 266.08296423643264461 266.32224231278024718 266.56421502385705935 266.60622521642852689 266.63540255998736939 266.66835275132410743 266.70871937661735274
nan nan nan nan nan nan nan nan nan nan nan nan nan nan nan nan nan nan nan nan nan nan nan nan nan nan nan nan nan nan nan nan nan nan nan nan nan nan nan nan 263.93174130836280256 263.98389504868021049 264.05838200621872147 264.25936234038084649 264.43703453309370843 264.61580242182168377 264.75996660259329474 264.84447819298321747 264.99404088700663351 265.1824075676040593 265.38311451790235651 265.57408725441803199 265.69003707061921205 265.77181588392727463 265.86318821256617184 265.99137275143760917 266.15852480810218594 266.37233015632830302 266.5301022774662556 266.54672739117683022 266.58070851437969395 266.61421767109374059 266.65748519046871934
nan nan nan nan nan nan nan nan nan nan nan nan nan nan nan nan nan nan nan nan nan nan nan nan nan nan nan nan nan nan nan nan nan nan nan nan nan nan nan 264.12349075611041371 264.10580927605667512 264.12395815624364559 264.18051935439490308 264.31319834330201957 264.48069446999625143 264.64626602569524039 264.7871981431373456 264.87542131130351208 264.99664464363974048 265.17146340301701457 265.34262567969392421 265.50649695343412304 265.67600673139236278 265.82132898022274503 265.92910166881529221 266.04578371306786266 266.21968619638022346 266.42818562506136004 266.45797389452991411 266.48144613330066477 266.51748036612247006 266.55681543808634615 266.61021587524783172
nan nan nan nan nan nan nan nan nan nan nan nan nan nan nan nan nan nan nan nan nan nan nan nan nan nan nan nan nan nan nan nan nan nan nan nan nan 264.16135671522795292 264.2694017886770439 264.30878779041000826 264.29411447018765102 264.28975982781048515 264.30983625866150533 264.35524193065373311 264.43532739910983764 264.59222930492308024 264.74530872630526801 264.8837009596485359 265.0195405172112828 265.13260227907488797 265.28079644462565057 265.42734405183165336 265.61048375629962948 265.79696244862668664 265.92684774390812663 266.08334069735434468 266.28605046640319642 266.37519799927719077 266.38650162018012679 266.41743466806087781 266.45194173345186073 266.49838268399679464 266.56272788726158751
nan nan nan nan nan nan nan nan nan nan nan nan nan nan nan nan nan nan nan nan nan nan nan nan nan nan nan nan nan nan nan nan nan nan nan nan 264.25561276966453761 264.29938202283904047 264.43346086347935397 264.46592572942688548 264.47155224496356141 264.45396083768110884 264.45354817101929257 264.47332597182298741 264.51385239982386111 264.51347391094429895 264.63920710912157119 264.84191794029732137 265.01568616560325609 265.13027309578501445 265.26901405994931338 265.37959364747246127 265.56173245910440528 265.79607711215129484 265.93643423387226221 266.06638774979774098 266.24808486908068517 266.3015215233126014 266.32358692736949024 266.34767433957773619 266.38004765143176655 266.43650492812076891 266.50313433264557261
nan nan nan nan nan nan nan nan nan nan nan nan nan nan nan nan nan nan nan nan nan nan nan nan nan nan nan nan nan nan nan nan nan nan 264.35892783895940283 264.42334314410885554 264.45115531956707855 264.51294898358059982 264.58617110868931377 264.60093040418678356 264.6180524734759274 264.60395305394956722 264.59400343465568994 264.5915558865808066 264.62390725146656223 264.68006253089436086 264.61822118544057503 264.67445129412453753 264.87853073583164587 265.04171519203384833 265.18146563394009263 265.33338460022258687 265.50817615862661114 265.61753000417439807 265.81497083080716948 265.99679906138993601 266.20917211163680349 266.22478252964185685 266.23938579078293287 266.2567304199799878 266.29814533307148849 266.36623037740088193 266.42063580356807506
nan nan nan nan nan nan nan nan nan nan nan nan nan nan nan nan nan nan nan nan nan nan nan nan nan nan nan nan nan nan nan nan 264.24707357058559865 264.29158335123321422 264.42079741204554466 264.51462526863673475 264.56243287333035141 264.65921310261785493 264.72132917372402972 264.73768302060864244 264.73007275079891087 264.73582762029792548 264.7341045854367394 264.73124070293050636 264.76260674641622472 264.80839831590401445 264.87275878258458306 264.85028618484983554 264.90124920905640238 264.98620881876666999 265.11290006797315755 265.21541779835206398 265.3133290653973404 265.46397481350163616 265.66869123088508786 265.87372417010760728 266.08737298936370053 266.08690028208701506 266.12672915259963702 266.15518009779373187 266.20482944409161519 266.28173635040280942 266.33875809355691899
nan nan nan nan nan nan nan nan nan nan nan nan nan nan nan nan nan nan nan nan nan nan nan nan nan nan 263.12651243626885389 263.38162149700195869 263.6422013298150091 263.87713804501413506 264.03022645045626859 264.18891194221026808 264.2687414118037168 264.36419774868528521 264.47020701905847773 264.58334202093709564 264.64919269068388985 264.7843491738154853 264.8558223936636864 264.86480347751836462 264.8447565214559063 264.81030081907698559 264.81136403433833948 264.82280796620943875 264.8920209729779458 264.94673643110456851 265.0221872260086684 265.09624695135090633 265.08885391200738013 265.08149173917524877 265.20749429558861721 265.2823796075290943 265.37074071479088389 265.49913398266551212 265.63930773867161861 265.82900460897155881 265.93652905221176752 265.97463059020594756 266.02477516507349264 266.05839766345383168 266.1095147426915446 266.18419877889931513 266.24947008646716995
nan nan nan nan nan nan nan nan nan nan nan nan nan nan nan nan nan nan nan nan nan nan nan nan nan nan 263.12248440112296066 263.43645963186929748 263.67037535729974707 263.93559401023401279 264.08400687948744689 264.20466600912089916 264.31164026516188414 264.42570533446735226 264.50604150923425095 264.60403303376176609 264.70840292665457127 264.85358637890595901 264.87024911882588185 264.8833654255143415 264.91338813184040646 264.91832747841181117 264.8990702915002089 264.90642923152739741 264.96809526129226242 265.03066895783587142 265.0912678382905483 265.1913566468292629 265.21557034111015128 265.18573823525468924 265.23869889537201061 265.3451533340091828 265.43218881405618959 265.55645390063983768 265.67206884137777934 265.79071331603387307 265.83151964196201789 265.8901005392211232 265.93566673610916951 265.97459805389962639 266.03013527564337437 266.10534405781089617 266.14047854400587312
nan nan nan nan nan nan nan nan nan nan nan nan nan nan nan nan nan nan nan nan nan nan nan nan nan nan 263.10011687385525647 263.32212787052327485 263.58127324546973114 263.86003029962409983 264.06727136477371687 264.21606584865304512 264.32765189387907867 264.44999479373234408 264.55775409643564444 264.60819666465715727 264.71449676774437876 264.84170693595746116 264.87910566685786762 264.9135887604685422 264.95947246234396744 264.9832036459241067 264.99304254202979791 265.01112233719555888 265.05587558051007591 265.12315390656584668 265.19672462801082702 265.28339692547740469 265.30810940103503981 265.29810915265363747 265.3348724996089345 265.42163772941916022 265.52333214808362527 265.61248275049547374 265.6461268024741571 265.68170209886341127 265.74628821992143912 265.80768637322097447 265.85328146263202598 265.90451042851907459 265.96995925060980426 266.02882922797778065 266.02351095803470571
nan nan nan nan nan nan nan nan nan nan nan nan nan nan nan nan nan nan nan nan nan nan nan nan nan nan 263.13723756127239994 263.21572741904969917 263.45696900795087458 263.79730066436394509 263.99489278195920861 264.16035426503253802 264.34998174904916368 264.49631129011117991 264.59287405143226124 264.63955690972409229 264.70223807416618911 264.79771193042870436 264.92274666923447057 264.95727999952782739 264.97479717784784725 264.9911407672890391 265.02642911940620252 265.04773867003626719 265.12022117539572719 265.17280920305461223 265.25064094556603322 265.3243812475114396 265.35176991407507785 265.36978278315740454 265.39018615347799823 265.44287407069646179 265.49927352353643073 265.53413329924643449 265.56305664602035677 265.61235345604251279 265.66945412167376617 265.72101834508174534 265.77678784141318147 265.84119665717946646 265.91051151920839857 265.92172762538461939 265.88328082803940333
nan nan nan nan nan nan nan nan nan nan nan nan nan nan nan nan nan nan nan nan nan nan nan nan nan nan nan 263.31097560811548419 263.59945738520752911 263.91024270393160123 264.07219099619629787 264.15745447816487967 264.20696853717913655 264.41746554471853869 264.58220708661912113 264.6955365915226821 264.73145285679464678 264.78513556910468196 264.91477616379069104 264.9880568717557594 264.97138727945184655 264.97910964449329185 265.00532607839892307 265.04084526624757245 265.10025437413787586 265.16922373083076536 265.21901058982143695 265.27858166226747016 265.30517066383202973 265.3172076058471589 265.33540088551006875 265.36860806911994359 265.41917530717262252 265.45811075122128386 265.49462041862898332 265.53991025640630141 265.5865286676223036 265.63924564366402592 265.70069257239225635 265.78140973455992935 265.78916149861896656 265.73062525716073878 265.67085145497827625
