results/rofental/temp_month_2019-12-01T0000_2019-12-31T2300.asc
ncols        322
nrows        225
xllcorner    622802.488000000012
yllcorner    5178049.378999999724
cellsize     100.000000000000
[rows 168 to 195 of 225, columns 126 to 188 of 322]
265.25522869351289046 265.29417236664653501 265.3279810154958227 265.35358187048854006 265.26167008229276689 265.09138449314099262 265.19182391485384187 265.41258917405042439 265.54847805623404611 265.58536557913726028 265.658822443264512 265.76036362073125474 265.82531203386378138 265.91574265051031034 266.00043512331598095 266.04703392945611995 266.13681667512832973 266.17891483181546164 266.25273213051002585 266.33016603791185162 266.40968611899074858 266.49249404307107625 266.58172378433323502 266.74019800554526682 266.91509464630644288 267.08712688872293484 267.22082830661963726 267.26768575566450181 267.24083760077542138 267.23131788599249603 267.25089408136847169 267.29853015480995282 267.27660019700795146 267.20629538364710243 267.0236497562679574 266.93049962857099899 266.8281226415023184 266.79211420038797087 266.77486629312505784 266.74901775359950307 266.64041272840506736 266.49704530121402968 266.37505515402727951 266.33575813340871719 266.32215707279169692 266.26104384836872896 266.19568411170428135 266.18701441768763516 266.20343287500236329 266.21111407193700416 266.21464970057314758 266.14231443860740001 265.864985180038218 265.53977231355605682 nan nan nan nan nan nan nan nan nan
264.96878026746372825 265.07466550078908085 265.19293774593114676 265.2472071729063714 265.20927430383454748 nan nan 265.4325744205468709 265.55973743284317834 265.62019486581908723 265.6670624463837953 265.76122330905502622 265.85482993910562755 265.97688487385926237 266.06075471139615729 266.10923957194114564 266.15699564746194028 266.20112410414344595 266.29871967104202213 266.35957260697995252 266.4170530969452102 266.52258254400811666 266.66412344237710386 266.85653143872644932 267.01740118412442371 267.15092113643709126 267.23032734376363351 267.20883557968181776 267.19504378577533998 267.17708618191835512 267.20093380110364478 267.25009629889837015 267.2101621049803839 267.11259822435437172 267.00085627435544211 266.90165131905985163 266.81339963732466458 266.74208838469911598 266.72924985089809979 266.67235727833462988 266.52323637272922952 266.37997290583933818 266.29510705695764727 266.27787401349712582 266.2678327631917341 266.212003972467528 266.1591082817533902 266.142428402181622 266.16352923374296324 266.15717573685509478 266.15634370284783472 266.08311428962986156 265.85226884130202052 265.58250038184854702 nan nan nan nan nan nan nan nan nan
264.73747898057018801 264.89165528214522283 265.06245758797422241 265.12904636126194191 nan nan nan nan nan nan 265.69357443656474516 265.80869126582160789 265.92644908101465262 266.01630335186621323 266.08711963224146757 266.14009741922052399 266.17866063993386661 266.2258845330915733 266.2968628414964769 266.37279038052696478 266.51166594002319243 266.66066851890366252 266.8108867611439905 266.96506578157550393 267.09327881308990982 267.19790804374684967 267.19006474788227479 267.14911111038941272 267.14313153247746868 267.12636574680220747 267.15403233046077958 267.18726408029027652 267.11919174550729394 267.04328468909920957 266.95098421202357031 266.86896701315527025 266.75136051471486098 266.66528483437133445 266.6417947225406806 266.53834955433040932 266.38828205594654719 266.2707256448814519 266.2322295469330129 266.24064430187456765 266.20240103644283636 266.12324566348263488 266.0895307977759785 266.10056893747412232 266.12936295874811776 266.11361973855633778 266.09617817990891808 266.05489218627946002 265.7859521928430695 265.55514001410665514 nan nan nan nan nan nan nan nan nan
264.61642549893156229 nan nan nan nan nan nan nan nan nan 265.74699567670813849 265.89021032094336761 266.05902190695377385 266.13904724515992939 266.1969910901788694 266.25153533353000057 266.30279872288446086 266.33102550702005828 266.41751171829662326 266.51411759952151215 266.62997485142034293 266.76629040322694664 266.91184450289478036 267.03818827485230258 267.11777337855619407 267.18796717001839625 267.1370666203851556 267.09851569158786333 267.09169555618876757 267.08265594131785292 267.09974023185219494 267.11692184929023597 267.0207984040886231 266.94589496494921832 266.87606867899904728 266.79880184838839341 266.70019656614744008 266.56330771337229635 266.48766090245504756 266.36530025804466959 266.2506571715565542 266.18685554308643759 266.1834725381146427 266.15552184498000088 266.08503877160040929 266.04773108113369062 266.03494028594695919 266.06026764539842588 266.10012822076919292 266.08881965515428192 266.06159083003950627 266.01290924311649633 265.92259674871428388 265.7535210226129152 265.51179929827867454 nan nan nan nan nan nan nan nan
nan nan nan nan nan nan nan nan nan nan nan 266.01312461874584869 266.19718049889064559 266.29177693125268434 266.33476000423621599 266.37695613166789599 266.38697955380325766 266.44630012628613258 266.51674773567168586 266.6211375897159428 266.74939173211294019 266.88493409282904167 266.9979290710521127 267.09906486118029534 267.13074052470875586 267.14172281243787666 267.09426680201642057 267.05553254292834708 267.04541307279777129 267.03535027219083986 267.03237388379187678 267.03594336386402119 266.93548951418449633 266.83507777321250387 266.78330411601695005 266.73493501078627332 266.60372541243566502 266.45595386644492919 266.34342801199642281 266.21590971602182663 266.12789348635567421 266.1106787050491107 266.07345051176429251 266.04048952448221144 266.01928004887628276 266.00436266638172356 265.99913044762575964 266.02600906072643738 266.03760775180717246 266.04131455318866983 266.02085345885313927 265.97759259396747211 265.88940255889701803 265.75846180574848177 265.44509379294487417 nan nan nan nan nan nan nan nan
nan nan nan nan nan nan nan nan nan nan nan nan nan 266.38689878261163813 266.45367847727357002 266.51186726054714882 266.54891746327967894 266.59505249683610373 266.65264906428092218 266.75615733809109997 266.87233169191063098 266.97485090138081887 267.06750618530094243 267.09528083945804156 267.08849718756414404 267.09333783746626523 267.05395564279376686 267.0150252506562083 267.00084711172780771 266.98246836226667256 266.96114738508379105 266.93636774184722071 266.85056062819029421 266.77011915396587938 266.70200694000254771 266.63697406230971865 266.49310884103806529 266.33551463263006553 266.20389179745677666 266.11824900730232457 266.06698353983108518 266.03760331378612136 265.94070704062664845 265.96381531888806649 265.95854349780000803 265.95970200499976954 265.96783470057255272 265.97840082406867168 265.97649653653576252 265.97534187214665735 265.96887046287400835 265.94402744124181481 265.84222374712174997 265.59074694247374282 265.43804684867473043 265.30937037349610819 nan nan nan nan nan nan nan
nan nan nan nan nan nan nan nan nan nan nan nan nan nan nan 266.61931894776643048 266.68774074481189018 266.72320779096770593 266.79058614699710006 266.87279410229223231 266.97218755326804285 267.03865683805213393 267.06631639506952069 267.04084950414744526 267.04305588169410157 267.05953171037151606 267.02440682643532455 266.97853277772730962 266.95536283203290395 266.93105511828736098 266.87591106523262852 266.82925605516237511 266.78105086481980379 266.72707848518660967 266.65388515913792844 266.51960871999483516 266.32913191836473743 266.176487732484361 266.07822282419118665 266.0278363387014906 265.99460598751431917 265.97316168638053568 265.92964747850498952 265.87595371678105494 265.89580079719337391 265.89717059966778834 265.91262345816022616 265.9259401527136788 265.93800415586446206 265.94296615252818583 265.92888148770890666 265.89387096290755608 265.78376206695367046 265.47197592924231913 265.3615431531889044 nan nan nan nan nan nan nan nan
nan nan nan nan nan nan nan nan nan nan nan nan nan nan nan 266.70131824995723946 266.78769137811116252 266.81790710898479801 266.89606927981651552 267.00478488110019271 267.04880694948741393 267.05239552866703434 267.02492739648607767 267.00590285410339675 267.0082507970373058 267.02878815427436621 266.99553343817672157 266.93875281694806745 266.89662555647873887 266.86232993709359107 266.76620191579257835 266.72772620158730206 266.69165845612434396 266.65841495456135135 266.6109615886954316 266.43881077378932787 266.13051317108801186 265.94664526738120003 265.98021249516654052 265.95206036028525887 265.91198247977166602 265.88777471871787839 265.87675320223854669 265.7829134076046671 265.80069057442676694 265.80641430813568604 265.83055283112162215 265.86762276748356726 265.88203456952896886 265.89035102409678757 265.87920024513852013 265.82981842334930889 265.71379714057877663 265.49858923163702684 nan nan nan nan nan nan nan nan nan
nan nan nan nan nan nan nan nan nan nan nan nan nan nan nan nan 266.84786915451741152 266.89214221513731218 266.97020302217038079 267.05062952370997209 267.05745680502803907 267.01459126713621117 266.99148361415581121 266.97254788825767946 266.97707763063789344 266.99002350857188048 266.9596879223815904 266.89384772129221801 266.8293431334279262 266.76705206613507926 266.66676461552219735 266.63238831674806306 266.60811604775727801 266.58770921203370108 266.56429448893527479 266.36428024023854277 266.07578604963583757 265.86155144934610917 265.89136802951901473 265.88233192049074205 265.8357005384752938 265.80976016379986504 265.79770623490333037 265.71957515647500259 265.74391746818560023 265.75971681483019893 265.79404577080481431 265.80206545298273113 265.81116978589835753 265.8135755826372133 265.80358097155135511 265.76129272916938362 265.62696876004645219 nan nan nan nan nan nan nan nan nan nan
nan nan nan nan nan nan nan nan nan nan nan nan nan nan nan nan nan 266.92329834995791771 266.98777419267304367 267.04909126481095427 267.0367943434335416 266.99012105141872553 266.95736068901709359 266.94006304148297204 266.93727243597419374 266.9316398663809764 266.89686731067945402 266.82148919328125203 266.76976728394714655 266.68214927275505488 266.61122753146679543 266.57780604018483928 266.55122772698905464 266.52676655389859661 266.48263626137259052 266.24225242054001228 266.05562277458295739 265.85394832464317005 265.77740716578858837 265.79229807897814908 265.76675454993329595 265.74469492763233802 265.73399012797108298 265.63746461058605064 265.66461693318979087 265.68641517489726311 265.70769609418800883 265.73741877393212008 265.74640239690302224 265.74779550232966585 265.72916218941253419 265.69140850583221436 nan nan nan nan nan nan nan nan nan nan nan
nan nan nan nan nan nan nan nan nan nan nan nan nan nan nan nan nan 266.96110113908952144 267.007390884913832 267.0430745273915818 267.02907405813220976 266.97951947772241965 266.9372089072661538 266.90041125627436713 266.87645906611305691 266.85728385101060667 266.83751337913548696 266.7587627141356279 266.69315316184037101 266.63906506797724205 266.58349824456945498 266.54277570764230632 266.49673305044024119 266.43946223784627136 266.38693712382513468 266.12279551986671322 265.92449021993979841 265.78382621673688391 265.68900872866464624 265.70499280193990899 265.69186754835413922 265.67008422992324768 265.65863240865132866 265.52087396158572119 265.54965986536672062 265.55898118327797874 265.58610186801655573 265.60713850936042491 265.64126547056201844 265.67517523144607594 265.6737740789816371 265.62341865617827352 nan nan nan nan nan nan nan nan nan nan nan
nan nan nan nan nan nan nan nan nan nan nan nan nan nan nan nan nan nan 267.03533293253821057 267.04665853365787598 267.02214165105635857 266.95581120926118501 266.89816208473826009 266.85075680823763378 266.79685207260132529 266.77427033617362895 266.79218812344032585 266.71740207385033727 266.64545716507728912 266.61671371412052167 266.55763907375535382 266.52497450414261948 266.46704922555312578 266.37692267805243773 266.29709675937590418 266.20400123515827318 265.97464410462464457 265.74083149177789664 265.61712081607123537 265.60250243951446691 265.61290996910935291 265.62076041371057045 265.59533931546297936 265.40394264151581183 265.40286721449660945 265.42442824019229874 265.38052547113881019 265.41083861238519148 265.49916156362479569 265.58697027930435297 265.61387115775812617 nan nan nan nan nan nan nan nan nan nan nan nan
nan nan nan nan nan nan nan nan nan nan nan nan nan nan nan nan nan nan 267.05177617457798078 267.02352158009887262 266.97216849972528507 266.92247833276752544 266.84840264987258251 266.77887572384156556 266.73407980446035026 266.71586348077772755 266.73140012153874068 266.6931453678864159 266.64361428383972452 266.60422276945985232 266.54259765765357315 266.49425712688520207 266.42770935309977176 266.28793397446281688 266.20717235816709945 266.14623752996800476 266.1041212356625465 265.94629242325208907 265.59971126984629564 265.51131267810842473 265.53356186713330089 265.539684694624043 265.49941577571019025 265.24527812326249432 265.18846045988357218 265.12347047068237771 265.1822142967948821 265.37591253919998735 265.46300367489180871 265.48385625277586541 nan nan nan nan nan nan nan nan nan nan nan nan nan
nan nan nan nan nan nan nan nan nan nan nan nan nan nan nan nan nan nan nan nan 266.90035428027954367 266.86089614868700437 266.79404016632850016 266.70834130853342003 266.65608266570183105 266.6349824591907236 266.64846955306984455 266.65256685212443699 266.61895321122199221 266.52862930145954579 266.4789453759771618 266.42414190741959601 266.3598856610028065 266.19971241306114962 266.1003953871316412 266.06707065992412709 266.03543428928406911 265.93192873081380867 265.59841516480923929 265.44158325015791888 265.42972295507337321 265.43710289608543462 265.37965068432413318 265.1249003587097377 264.8986324883039174 nan 265.20489417912165209 265.3970339832138734 nan nan nan nan nan nan nan nan nan nan nan nan nan nan nan
nan nan nan nan nan nan nan nan nan nan nan nan nan nan nan nan nan nan nan nan 266.81362868254871046 266.75819618767707198 266.71483062756072968 266.64019749318111963 266.58253042097902608 266.56514166059042736 266.56341557001542242 266.5796201635986904 266.55785602356996833 266.44143468600373126 266.31678043369402076 266.20402239068556582 266.07916164552631244 266.03805812461774849 266.00379940216259911 266.02032643854352045 265.9478123112454 265.86802666691414743 265.66503310710737651 265.44399490565791666 265.35809371350018182 265.34192027880465048 265.20950594047207005 264.98100581254664121 nan nan nan nan nan nan nan nan nan nan nan nan nan nan nan nan nan nan nan
nan nan nan nan nan nan nan nan nan nan nan nan nan nan nan nan nan nan nan nan 266.67598829470176724 266.6378549396401354 266.59449122833018464 266.55386366152714572 266.49644344884876546 266.49771050708881148 266.49126204185284905 266.50407543594155868 266.46429773055297119 266.22840152330684305 265.97732273340182019 265.86927922819870673 265.83497141157994292 265.89880723245823901 265.90889059317316878 265.93362434613112555 265.85898541795586425 265.77098700677777288 265.61251995982644303 265.47401799085798757 265.35655930106275946 265.27624165363306474 265.16284965163310972 264.99070810846222912 nan nan nan nan nan nan nan nan nan nan nan nan nan nan nan nan nan nan nan
nan nan nan nan nan nan nan nan nan nan nan nan nan nan nan nan nan nan nan nan 266.50812131613383826 266.47991233486476403 266.47852420666220041 266.43194052340544431 266.4246330980047901 266.44712506905977989 266.43332818668295658 266.43336558101475475 266.39954763108869429 266.19795211629451614 265.80030148898987363 265.58635559000998683 265.72877781561203392 265.83418265345801501 265.82235220307961754 265.74832942602120056 265.66363803751579553 265.61173249150368747 265.52806476004349179 265.46716114365591466 265.35805272455365866 265.26000407356877986 265.17151441932367106 264.96420673856744088 nan nan nan nan nan nan nan nan nan nan nan nan nan nan nan nan nan nan nan
nan nan nan nan nan nan nan nan nan nan nan nan nan nan nan nan nan nan nan nan nan 266.30062621996808048 266.35930419169187644 266.34917240705419772 266.37165190291733552 266.39957117850480017 266.3844696852324887 266.37989040913294048 266.34132356742208003 266.20886012588852054 265.86213192065537214 265.47351353408566865 265.65613705993064286 265.71503232157397179 265.68861397105223432 265.48404358172655293 265.47861211084870092 265.47187906638237109 265.44553548111241525 265.42930217951169425 265.34463772464238218 265.23079925351908059 265.13622151083353629 nan nan nan nan nan nan nan nan nan nan nan nan nan nan nan nan nan nan nan nan
nan nan nan nan nan nan nan nan nan nan nan nan nan nan nan nan nan nan nan nan nan 266.28008496240141767 266.29816127862892472 266.29303441995472213 266.30529834068806849 266.33441985811361974 266.33131772128962211 266.33083192060809097 266.26190382306776883 266.11270076995754152 265.84605081156041706 265.37524482806736614 265.49761415691261845 265.58228041070810832 265.48831670965478224 265.27389788165532991 265.33288998575295636 265.34897957010821301 265.35996208695871701 265.36175320223321705 265.29525696669890067 265.16277486327487622 265.07403828691127501 nan nan nan nan nan nan nan nan nan nan nan nan nan nan nan nan nan nan nan nan
nan nan nan nan nan nan nan nan nan nan nan nan nan nan nan nan nan nan nan nan 266.21208166715013022 266.23984914146581104 266.23523889561982969 266.23307781378537129 266.25051214069554817 266.27068029546967409 266.2767982718978601 266.27504977741426728 266.08999001591945444 265.87020331737807055 265.68446560425661573 265.41952966025667138 265.32742684020661272 265.40424154759074327 265.18965373491340642 265.16522095002665083 265.25014944877864309 265.19626080020651671 265.23600643370360785 265.28249755374883989 265.21977916959986032 265.0950575791334245 nan nan nan nan nan nan nan nan nan nan nan nan nan nan nan nan nan nan nan nan nan
nan nan nan nan nan nan nan nan nan nan nan nan nan nan nan nan nan nan nan 266.10914918278945152 266.18640854024278042 266.18877849191932228 266.18515417623632402 266.1807740838388554 266.20032385160288868 266.21420171265873478 266.21368509714932316 266.2036640229148361 266.00146734977846563 265.85441317927615046 265.69254749921714165 265.5682050555500382 265.49599501662981993 265.34233551537147378 265.24335110509275637 265.16575199198990731 265.17589931818810101 265.08416109618582368 265.11903179156297483 265.18675949058939523 265.12687905512785846 nan nan nan nan nan nan nan nan nan nan nan nan nan nan nan nan nan nan nan nan nan nan
nan nan nan nan nan nan nan nan nan nan nan nan nan nan nan nan nan 265.81496276734645789 266.00500185070512771 266.09822535088721907 266.1264910028784243 266.12200292199463547 266.13581082259702271 266.12787061757006768 266.14203881536775498 266.15317579268185 266.13922415830558066 266.12951837660529009 265.9425684865502717 265.84872983800073598 265.72856828749240776 265.51155879360584322 265.41170856067850536 265.44844827225080053 265.42205319256117946 nan nan nan nan nan nan nan nan nan nan nan nan nan nan nan nan nan nan nan nan nan nan nan nan nan nan nan nan
nan nan nan nan nan nan nan nan nan nan nan nan nan nan nan nan 265.64374642542890115 265.82520575867465595 265.98770760708157468 266.04920689221074781 266.04904163075235601 266.04780958575599925 266.07115797418600778 266.08135818506929127 266.09159585286136007 266.09116020431758898 266.07109730035477924 266.0581197632524777 265.93482670535667012 265.72830254806484618 265.67834143769937327 265.59883117106357986 265.39001034089835684 nan nan nan nan nan nan nan nan nan nan nan nan nan nan nan nan nan nan nan nan nan nan nan nan nan nan nan nan nan nan
nan nan nan nan nan nan nan nan nan nan nan nan nan nan nan nan 265.62606953812280608 265.84665886131159596 265.91919726905643984 265.94669073298132389 265.96889185909361686 265.97414570878180484 265.99640021462079176 266.03088758904544875 266.05952607003501953 266.04011182056177631 266.00754855477191541 265.97777206436262531 265.91669165832240651 265.6802348097814388 265.6821461907519506 265.57019778236855245 nan nan nan nan nan nan nan nan nan nan nan nan nan nan nan nan nan nan nan nan nan nan nan nan nan nan nan nan nan nan nan
nan nan nan nan nan nan nan nan nan nan nan nan nan nan nan nan 265.6589699972806784 265.76737756654313216 265.77333548226647508 265.80468362373306945 265.86165226690212648 265.88775972481215604 265.90384405375709775 265.89759009532775735 265.88989752928506505 265.90865866994352018 265.93897794123165568 265.8871877273987252 265.84981203098385549 nan nan nan nan nan nan nan nan nan nan nan nan nan nan nan nan nan nan nan nan nan nan nan nan nan nan nan nan nan nan nan nan nan nan
nan nan nan nan nan nan nan nan nan nan nan nan nan nan nan nan nan 265.61565448310392412 265.57451728767244958 265.65892621479866875 265.71587524577586237 265.77242060809976465 265.79220994113228471 265.79190204714706169 265.74911099514895341 265.69007787388102315 265.81617637521867437 nan nan nan nan nan nan nan nan nan nan nan nan nan nan nan nan nan nan nan nan nan nan nan nan nan nan nan nan nan nan nan nan nan nan nan nan
nan nan nan nan nan nan nan nan nan nan nan nan nan nan nan nan nan nan nan 265.50288258890554971 265.50687623317531916 265.60888193641341104 265.59310668192830462 265.59050925285077938 nan nan nan nan nan nan nan nan nan nan nan nan nan nan nan nan nan nan nan nan nan nan nan nan nan nan nan nan nan nan nan nan nan nan nan nan nan nan nan
nan nan nan nan nan nan nan nan nan nan nan nan nan nan nan nan nan nan nan nan nan nan nan nan nan nan nan nan nan nan nan nan nan nan nan nan nan nan nan nan nan nan nan nan nan nan nan nan nan nan nan nan nan nan nan nan nan nan nan nan nan nan nan
