results/rofental/temp_month_2020-05-01T0000_2020-05-31T2300.asc
ncols        322
nrows        225
xllcorner    622802.488000000012
yllcorner    5178049.378999999724
cellsize     100.000000000000
[rows 140 to 167 of 225, columns 63 to 125 of 322]
nan nan nan nan nan nan nan nan nan nan nan nan nan nan nan nan nan nan nan nan nan nan nan nan nan nan nan nan nan nan nan nan nan nan nan nan nan nan nan nan nan nan nan nan nan nan nan nan nan nan nan 270.14375743622429127 270.26283338598682349 270.54109589536079739 270.84776939697201215 271.08910988789585872 271.32333028198416969 271.5437630668995439 271.6536930829204266 271.74209089524384808 271.89871336293430204 272.096844939991513 272.27999562583454463
nan nan nan nan nan nan nan nan nan nan nan nan nan nan nan nan nan nan nan nan nan nan nan nan nan nan nan nan nan nan nan nan nan nan nan nan nan nan nan nan nan nan nan nan nan nan nan nan nan nan 270.08425995044296997 270.22664284091888476 270.36518713006535108 270.66868019343951346 270.99776414942192559 271.17896638098062567 271.4094690199907518 271.58757453026493067 271.68791436730350597 271.80166907771109663 271.9539007190798543 272.16805931964529464 272.38369990063756632
nan nan nan nan nan nan nan nan nan nan nan nan nan nan nan nan nan nan nan nan nan nan nan nan nan nan nan nan nan nan nan nan nan nan nan nan nan nan nan nan nan nan nan nan nan nan nan nan nan 270.16372367316535019 270.5452356804407259 270.7094399618387115 270.87662250048180113 270.82511407040038875 270.97938090298049474 271.23764268961247126 271.50757261852430702 271.69836392677984804 271.83745818846591646 271.98307215944277004 272.13922952833843283 272.31547491799381078 272.51980558585313474
nan nan nan nan nan nan nan nan nan nan nan nan nan nan nan nan nan nan nan nan nan nan nan nan nan nan nan nan nan nan nan nan nan nan nan nan nan nan nan nan nan nan nan nan nan nan nan nan 270.41242902566739303 270.64335650074485784 271.00096288166616887 271.2365612896469429 271.32713327364501765 271.34812248905069509 271.12511166057646506 271.1611068670468967 271.53306070310480891 271.81718305789598844 271.99620904892827866 272.13523319739783801 272.31164549142079068 272.53060761830283809 272.73001858322277258
nan nan nan nan nan nan nan nan nan nan nan nan nan nan nan nan nan nan nan nan nan nan nan nan nan nan nan nan nan nan nan nan nan nan nan nan nan nan nan nan nan nan nan nan nan 270.50665079451141537 270.58259296890963697 270.78128923557170538 270.86806681415339426 271.01741717754100591 271.30667704161578513 271.51505069122208624 271.66182200233771482 271.74726282064153793 271.6031019726532918 271.46348764074821247 271.52708891683573711 271.75164865512363122 271.98760794424350706 272.17100767195705657 272.34482323852495256 272.50085624573313225 272.70833726036164535
nan nan nan nan nan nan nan nan nan nan nan nan nan nan nan nan nan nan nan nan nan nan nan nan nan nan nan nan nan nan nan nan nan nan nan nan nan nan nan nan nan nan nan nan 270.93784168259094258 270.88910343022450888 270.88432410844382048 271.14201324623712708 271.30115948150751137 271.30292428121248349 271.41720099638968122 271.62583390327444022 271.85022410870811882 271.97933220557484901 272.0466744769277625 271.99609645711046824 271.8705049210328184 271.86332179097882999 271.93168330958280876 272.04654161244252464 272.21222719699727577 272.42405207002002498 272.68090151790232767
nan nan nan nan nan nan nan nan nan nan nan nan nan nan nan nan nan nan nan nan nan nan nan nan nan nan nan nan nan nan nan nan nan nan nan nan nan nan nan nan nan nan nan nan 271.26166126262853595 271.25298146570889912 271.35714281065941123 271.40186733781632711 271.61041553161584261 271.70956835045257094 271.81590007397312547 271.87222871150180481 272.0254746616005832 272.13025167223923972 272.24584198209754504 272.36556474789620097 272.35484031636542568 272.30002037558142547 272.31664171059736645 272.3672828648367954 272.42380290580217661 272.4959444187101667 272.75828089542568478
nan nan nan nan nan nan nan nan nan nan nan nan nan nan nan nan nan nan nan nan nan nan nan nan nan nan nan nan nan nan nan nan nan nan nan nan nan nan nan nan nan nan nan nan 271.25119999563258943 271.37793409633218289 271.50545363008501454 271.64259970363161756 271.74534550618636786 271.81569182878450874 271.89894040541065579 271.97908611965601722 272.08145261854855335 272.18923757503853267 272.28622534380588149 272.4257054168139689 272.56960461243426153 272.66981807506323321 272.70888372602775007 272.6824590572561533 272.75942331225564885 272.81619869812584511 273.05246102555349808
nan nan nan nan nan nan nan nan nan nan nan nan nan nan nan nan nan nan nan nan nan nan nan nan nan nan nan nan nan nan nan nan nan nan nan nan nan nan nan nan nan nan nan 270.95821762093345342 271.16153019189800943 271.42265255064830853 271.57135157225292232 271.64422861913533325 271.72441227226420324 271.8072268930192763 271.88520823535435511 271.96137024178563024 272.05211505019212836 272.1555521656404153 272.26590427454482324 272.40278957852962094 272.539770813846701 272.66424636963910189 272.81396320702060621 272.95264865449723857 273.12414584104874393 273.26801613279343428 273.39610630741771047
nan nan nan nan nan nan nan nan nan nan nan nan nan nan nan nan nan nan nan nan nan nan nan nan nan nan nan nan nan nan nan nan nan nan nan nan nan nan nan nan nan nan nan 270.77757930495243954 271.01987874739006656 271.35566691862624111 271.55185638272467941 271.6218529511803581 271.69568659024059798 271.77867234194019375 271.84265412215410151 271.93099373691120491 272.04621238429001551 272.16556163837697113 272.2744429043413561 272.40395810104826069 272.5424646545880023 272.68838766341929158 272.81420194874664276 272.99412296124285149 273.16304481888511191 273.43204996912783145 273.64415411904286657
nan nan nan nan nan nan nan nan nan nan nan nan nan nan nan nan nan nan nan nan nan nan nan nan nan nan nan nan nan nan nan nan nan nan nan nan nan nan nan nan nan nan 270.48234844341595817 270.69223162455608644 271.04016994636134541 271.27212740222057619 271.45795674484446636 271.55588311866421236 271.62312820476637398 271.70533525692002286 271.74363803208615309 271.83829660650798132 271.97008850427170046 272.10588800305640689 272.24589792865418758 272.40475557230416825 272.60817537494671114 272.84448544667031911 273.05851214460886922 273.24221720985985939 273.41968354856010137 273.56219455382290562 273.71252733949398817
nan nan nan nan nan nan nan nan nan nan nan nan nan nan nan nan nan nan nan nan nan nan nan nan nan nan nan nan nan nan nan nan nan nan nan nan nan nan nan nan nan 270.29612089331538982 270.36909973654536543 270.69057703014982508 270.90330954427003007 271.11267841247865817 271.28947261817455683 271.37768237965332219 271.43862637846859798 271.53498112100970729 271.58991344804150003 271.6831450487040911 271.79990235590202019 271.93861702298295313 272.11540986073691784 272.34990273400785554 272.63699988400156826 272.85672026795936063 273.07298924951606978 273.34484180046734991 273.51531659817419495 273.64671325123669021 273.71385068642780425
nan nan nan nan nan nan nan nan nan nan nan nan nan nan nan nan nan nan nan nan nan nan nan nan nan nan nan nan nan nan nan nan nan nan nan nan nan nan nan nan nan nan 270.36565858531275808 270.64100057703024049 270.80753076136363688 270.99006382383430491 271.17291543866946313 271.21697736882208574 271.24179531851240199 271.30418159831992853 271.30547280063308335 271.4535586142293937 271.58317676657736683 271.7240341313934664 271.89756590056276764 272.15352343129427481 272.47532082683329691 272.78837644849664912 273.05987381814946957 273.34559495748379732 273.59113543055514128 273.6234301493503267 273.64714543884036857
nan nan nan nan nan nan nan nan nan nan nan nan nan nan nan nan nan nan nan nan nan nan nan nan nan nan nan nan nan nan nan nan nan nan nan nan nan nan nan nan nan 269.9595073495786437 270.25844024049160907 270.49539688392991366 270.63168766338077376 270.82100560613974949 270.99989973483627637 271.02473441320421443 271.01356096953526276 271.0156352197088836 271.00524167632647732 271.12883993515481507 271.22187130541578881 271.39470888219238986 271.71806454282000232 272.02955522005197508 272.38732298752591987 272.74827799041219123 273.0663396751473897 273.36468748115908056 273.54640614150304145 273.55095181072340438 273.58397848010775988
nan nan nan nan nan nan nan nan nan nan nan nan nan nan nan nan nan nan nan nan nan nan nan nan nan nan nan nan nan nan nan nan nan nan nan nan nan nan nan nan nan 269.7000569195930666 269.96107185991786537 270.3061866715674455 270.48472838008558483 270.66117706214373584 270.77914966060882307 270.80861671598745488 270.70699440547025461 270.75882959094008129 271.15174354677111523 271.38228629112938961 271.4040384282199625 271.57845494937754438 271.85037475393994555 272.11781282326268183 272.45469162725476053 272.82347291732588701 273.15296069853604877 273.4311780653388837 273.47372082655601844 273.49267311288792826 273.52767313288359219
nan nan nan nan nan nan nan nan nan nan nan nan nan nan nan nan nan nan nan nan nan nan nan nan nan nan nan nan nan nan nan nan nan nan nan nan nan nan nan nan nan 269.49297969851068046 269.68888313038081606 269.92036860481408667 270.25973549553862085 270.52633233011715674 270.6091204151484817 270.58045635293410669 270.69083407439006805 271.06830691604642425 271.44916908301564717 271.60702254835138092 271.67586084089975884 271.74730852762996847 271.96564789696139997 272.28044454101370775 272.60049134928681269 272.92567097765061135 273.25279688104831166 273.40262243795694985 273.41393409188430041 273.44270715209120226 273.46958592552556411
nan nan nan nan nan nan nan nan nan nan nan nan nan nan nan nan nan nan nan nan nan nan nan nan nan nan nan nan nan nan nan nan nan nan nan nan nan nan nan nan nan 269.49582994872446307 269.60097982548546725 269.86309297892995573 270.15702533671776564 270.34273164381789911 270.5355395816235955 270.79011839194117783 271.04206796928048107 271.35071270895457474 271.63136313968487912 271.82222666763044572 271.9934046587148373 272.05571420159395757 272.18341824308464538 272.36018736530121487 272.63505388605676671 272.9684999086625794 273.30427920943816389 273.34138206349865641 273.35794625989274209 273.37879274801935026 273.40951317869814829
nan nan nan nan nan nan nan nan nan nan nan nan nan nan nan nan nan nan nan nan nan nan nan nan nan nan nan nan nan nan nan nan nan nan nan nan nan nan nan nan 269.61312227868717173 269.68757684566907074 269.79491973369374591 270.08980696733033255 270.34956751103919714 270.61033767923231608 270.81894656222630147 270.93803757596919013 271.1527367484889055 271.42389654587759651 271.71204778740923302 271.98424732281159777 272.14335831877048122 272.24995484341394558 272.3689607531239858 272.54074621034470738 272.76847871919972022 273.0635816144632031 273.27353903063396956 273.27198717747506862 273.29455058032471015 273.31491667005883528 273.34849460062491744
nan nan nan nan nan nan nan nan nan nan nan nan nan nan nan nan nan nan nan nan nan nan nan nan nan nan nan nan nan nan nan nan nan nan nan nan nan nan nan 269.9093270590988709 269.88147832710490093 269.90668438604080848 269.98869055523311999 270.18341107882656615 270.42936493990242752 270.67182998988170084 270.87691043125209944 271.00274306903730803 271.17649774261474249 271.42859759169419931 271.67380535909956052 271.90654757399761365 272.1458702066839237 272.34731389572471016 272.49090493300752769 272.64557905991432563 272.88306376529129693 273.16974429455910922 273.18875396793441723 273.1963242330116941 273.22065697787093086 273.24819697552169373 273.29518476940762639
nan nan nan nan nan nan nan nan nan nan nan nan nan nan nan nan nan nan nan nan nan nan nan nan nan nan nan nan nan nan nan nan nan nan nan nan nan 269.97556695154446516 270.13587351864782704 270.19418117483053265 270.17211419939854977 270.16523829592347283 270.19442294423834028 270.26088833075897355 270.37839526392565404 270.60939809245513743 270.83392516952346796 271.03565423962083969 271.23242054739358764 271.39397293619964557 271.60614256548615231 271.81408122628374713 272.07440454154868803 272.3375294425516131 272.51426211931521948 272.72810094696399119 273.00811115292020759 273.11689296138479222 273.10756091384786259 273.12504463096848895 273.14566748385954043 273.18208840326786913 273.24347010305933736
nan nan nan nan nan nan nan nan nan nan nan nan nan nan nan nan nan nan nan nan nan nan nan nan nan nan nan nan nan nan nan nan nan nan nan nan 270.12260559984008523 270.18856983867675581 270.38882827363806882 270.43818283091070498 270.44765936612935775 270.42255103901908342 270.42277214389935125 270.4526745545912263 270.51294484226968962 270.51182032278990164 270.69725661271309036 270.99605211895305956 271.25062034225732077 271.41580265604494571 271.61517081149236219 271.77075697018801748 272.03048256730420462 272.36537648113153409 272.55804842509434138 272.73253255179389498 272.9810673584433971 273.03618801300501673 273.04188718625238153 273.04789947645548409 273.06373303349454318 273.11313738891595904 273.17578909188159741
nan nan nan nan nan nan nan nan nan nan nan nan nan nan nan nan nan nan nan nan nan nan nan nan nan nan nan nan nan nan nan nan nan nan 270.27988500604169531 270.37729961116201594 270.42058735859910712 270.51458867872548808 270.62575567843015278 270.65019513170375376 270.67820568256155411 270.65980188059035072 270.64742663471417927 270.64593011357260366 270.69571419011890612 270.78026591700501058 270.68870828140154572 270.77154529938928818 271.07277079082984983 271.31169856985593469 271.51399145844357008 271.73225977409424559 271.98212584523474789 272.13212090017179889 272.41010372411619755 272.66181637333630761 272.95570619758296971 272.95400517457778733 272.94758346414261041 272.94213957520963731 272.96959013703445862 273.03412086369718281 273.07619142482502639
nan nan nan nan nan nan nan nan nan nan nan nan nan nan nan nan nan nan nan nan nan nan nan nan nan nan nan nan nan nan nan nan 270.11472549791238862 270.18303349768751787 270.37753353198945661 270.51980005108759997 270.59401919571638473 270.74129750708397069 270.83733595127904437 270.86559228252218645 270.85838131875362933 270.87107313466395908 270.87258841281595778 270.87220540074474684 270.92231173786291265 270.99329238894648597 271.09108267854236374 271.05883560428037526 271.13438686435210911 271.25883863294365028 271.44336068989696287 271.58970280484584237 271.72660118158063369 271.93892622497253342 272.22837090726255838 272.51482813234775904 272.81045285743022077 272.78423298701096655 272.81418494784043105 272.82366055538994942 272.86131346222424554 272.93651921259305482 272.97971751028899234
nan nan nan nan nan nan nan nan nan nan nan nan nan nan nan nan nan nan nan nan nan nan nan nan nan nan 268.44271662996391115 268.82276255235228746 269.21124415769475036 269.56196125812738273 269.79143306091862087 270.02959959158653191 270.15100495186959506 270.2960360546882157 270.45716059507418549 270.62928516325308692 270.73156104423861734 270.93718575195720177 271.04854003853210997 271.06734239483347437 271.04324142343352833 270.99786664152514959 271.0052816838095282 271.02799673406150305 271.13624580303951461 271.22245727624101619 271.3387385854402396 271.45194209717431022 271.44280973842620597 271.43206085003095041 271.61742156122653569 271.72441475036191605 271.8486096822934428 272.02907185571950777 272.2234652455711057 272.48755307772643164 272.62543754518873129 272.65592582937392763 272.7000417473175844 272.71547545085957154 272.75304584917017792 272.82220322904373688 272.87451293124030371
nan nan nan nan nan nan nan nan nan nan nan nan nan nan nan nan nan nan nan nan nan nan nan nan nan nan 268.43627096029132417 268.90445985463355782 269.2540607255406826 269.65055555418990707 269.87392453783149904 270.05649839488518182 270.21920071877673308 270.39291486613956295 270.51700508035520443 270.6678168636425994 270.82858981268304888 271.05046749688955288 271.08183670691181533 271.10832643895179217 271.16025751398660759 271.1751564655081097 271.15422620878382531 271.17281548039960626 271.27188729137975542 271.37189038882951309 271.46828697095338612 271.62238396884748681 271.66244062689133898 271.62050562581731583 271.69946050891172717 271.85532375386469539 271.97929858090731159 272.155079190902768 272.31405483608278928 272.47318231102565278 272.51200156709683142 272.57236680370692739 272.60848045341782608 272.62993777871179191 272.67156939911666313 272.7384172953446182 272.74237480803270728
nan nan nan nan nan nan nan nan nan nan nan nan nan nan nan nan nan nan nan nan nan nan nan nan nan nan 268.40289673511335877 268.73512955641331246 269.12294081463051043 269.54032936373050688 269.85193666835260728 270.07720906390585469 270.2477261489641478 270.43477218205805457 270.60071446579354415 270.68207262403603863 270.84699119351125773 271.04353703173381973 271.10718483621491259 271.16699566429900869 271.24417829186097606 271.28879774222423293 271.31301403923697535 271.34956623114322838 271.42565828129045258 271.53490354942744034 271.65291516784066062 271.78948967562172356 271.83273458831484959 271.82270552238855998 271.87997692334533895 272.00884065836856962 272.15663875300680274 272.28199257221382368 272.32052469492367663 272.3570718534103321 272.43145365587929518 272.49554744239742377 272.53049573085615975 272.56823669802116683 272.62184235323491066 272.66095960383518104 272.6007622951930216
nan nan nan nan nan nan nan nan nan nan nan nan nan nan nan nan nan nan nan nan nan nan nan nan nan nan 268.45815727687607932 268.57782270555674131 268.93974742028768787 269.44938454080357815 269.74747951551967162 269.99839896757526958 270.28581435254659482 270.50952052609630982 270.65992859967462891 270.73688584354522391 270.83827530036495546 270.9890447456348852 271.18437537191601905 271.24585515876822228 271.28260830656250846 271.31809410752009626 271.3820953393943114 271.42555519290016264 271.54508848488427475 271.63488082109915922 271.76171358912284859 271.88166376895395615 271.9315425428522417 271.96581778654262962 272.0014385369532306 272.08222731003138506 272.16509397792361824 272.21185619922471233 272.24503127851721729 272.30308377558691291 272.36680195814983563 272.4159697194189107 272.4648588658167796 272.52009814763448503 272.57645867258651151 272.5409402025311465 272.42695790083774909
nan nan nan nan nan nan nan nan nan nan nan nan nan nan nan nan nan nan nan nan nan nan nan nan nan nan nan 268.72027686989713402 269.15308227086683246 269.61956932104897078 269.86551139154221346 269.9981441833447775 270.07832202125104004 270.39836590215446677 270.6511501020175956 270.82829309478751156 270.89117918441422717 270.98122270304526182 271.1848711021402778 271.30551337883650831 271.2931990432693965 271.31773854229396647 271.3702697038813767 271.43700099866885012 271.5394257568252101 271.65602444320273889 271.743805183733798 271.84544938463466224 271.89699013778448489 271.92530187284751264 271.96056309810268203 272.01526737773252762 272.09216632641624756 272.14740404262892071 272.19385873789434527 272.2474069497152982 272.29628889830371463 272.34705222874856645 272.40328703071998007 272.48061898347032184 272.44231328869915387 272.29895034126872133 272.14818377303583929
