results/rofental/temp_month_2019-10-01T0000_2019-10-31T2300.asc
ncols        322
nrows        225
xllcorner    622802.488000000012
yllcorner    5178049.378999999724
cellsize     100.000000000000
[rows 168 to 195 of 225, columns 126 to 188 of 322]
273.2086274887543027 273.23075299042528741 273.24722583929178654 273.25524784609001472 273.13887457675406267 272.94009586940092049 273.03075705797266437 273.25087282025782542 273.38201590349154912 273.40907133149846686 273.47620089455040215 273.57415983047059171 273.63385243524510315 273.72110568054500845 273.80245477756301398 273.84327972458874001 273.93000590752944845 273.9659069483351459 274.03561939032641703 274.10942877558215969 274.18596558235901739 274.26678266680033857 274.35545838377191785 274.5190437608010825 274.70139881897750911 274.88199651305205862 275.02301369255962982 275.07268667868243028 275.04485062563446718 275.03625082755075937 275.05925540091902803 275.11261578719478393 275.09228004854281835 275.02069910520901885 274.82969279321207523 274.73405042851089775 274.62862840521773933 274.59386155003312524 274.57904478650630153 274.55503619785866931 274.44288843290257773 274.29369146385045042 274.16721188680651267 274.12873092831142685 274.11758747305060524 274.05586680138583233 273.98964525305080997 273.98381274697652543 274.00475303987292364 274.01648540286402067 274.02392727172406239 273.95075802387020758 273.65955892472834421 273.31761428773864964 nan nan nan nan nan nan nan nan nan
272.915224027000761 273.00684112735143572 273.11146511833652539 273.14835047530016254 273.08797839190947343 nan nan 273.27439439879668726 273.39603925970129694 273.44830470465336703 273.48755204644504602 273.57834326624396226 273.66945259321869344 273.79144870768851661 273.87311182869211734 273.91718519426996181 273.96040327680293558 273.999624629740822 274.09568178162135155 274.15269834978977315 274.20642067995487423 274.31183932249928148 274.45637648201210368 274.6560317204462649 274.82319724540542438 274.96236990283438217 275.04502987925155821 275.02129420496754619 275.0066537992899498 274.98834787097428034 275.01518103974450469 275.06947331795242917 275.02931826826977613 274.92811471444497329 274.81203532044946769 274.70945199630227762 274.61862650581366552 274.54589272321425142 274.53543399715687201 274.47808997157528665 274.32256735172370554 274.1732757307729571 274.08614627704650957 274.07101599411123516 274.06355443635095526 274.0073776845302973 273.95436613796806569 273.93996905883057025 273.96587420979085437 273.96266227813089245 273.96546347818741651 273.89136142722577461 273.6496715361402039 273.36677908371092371 nan nan nan nan nan nan nan nan nan
272.68043321037333726 272.82149695512134713 272.98007011700389057 273.02820482973908156 nan nan nan nan nan nan 273.51683266689332186 273.6306054578786302 273.74833447736915559 273.83714419754591063 273.90612513481192991 273.95625479903219457 273.99095836577430418 274.03468433592411202 274.10349954179054066 274.17749184901936133 274.31858908665384433 274.47079167435862246 274.62484247319110864 274.78385711771738897 274.91611313656738957 275.02421515841461996 275.01354643933910893 274.96854600190482643 274.96161247155430374 274.9439345857722401 274.97418650732208789 275.01088748818648355 274.94017450606190778 274.86145879020477878 274.76555328649408239 274.68079218201160074 274.55829190526651473 274.46946259813915958 274.44733223043169801 274.34014245720067038 274.18336252995294444 274.06122377340273033 274.02327666984092502 274.03530043857836063 273.99769644716889161 273.91659183989742132 273.88392408232266462 273.89897792552528699 273.93303379115081952 273.91980149133524947 273.90490804132451785 273.86480528970747628 273.58256376882263794 273.34114394201657205 nan nan nan nan nan nan nan nan nan
272.56270624648152534 nan nan nan nan nan nan nan nan nan 273.57313758495831735 273.71746535190101213 273.89043451665656903 273.96986396085554816 274.02635417920794225 274.07943135800297796 274.12894170736427668 274.15368191761302796 274.24013981994386313 274.33713120539675856 274.45452908909169309 274.59382470091230743 274.74329446192842852 274.87285211114908634 274.95332377824342984 275.02458222615223349 274.96775581452311599 274.92488758972183405 274.91656270986345589 274.90657047546659442 274.9250001879129286 274.94405956642532374 274.84294573496640623 274.76478500999678545 274.6923239954828091 274.61217807904506572 274.50950329608161837 274.36622138172003815 274.28824783810779309 274.1606387133666658 274.04132096086397041 273.97619070578832634 273.97543842489102417 273.94859494889800544 273.87654081684326002 273.83987603557505963 273.82939461613386811 273.85958936349982196 273.90537047647637792 273.89681600918152071 273.87147063076116638 273.82346885688576776 273.73135687101228086 273.55563494872006913 273.30284517881273132 nan nan nan nan nan nan nan nan
nan nan nan nan nan nan nan nan nan nan nan 273.84676304654811929 274.03682043194999096 274.13281560704103867 274.17456790019292612 274.21576212056800159 274.22265015951046507 274.28173151987101619 274.35227197062363302 274.45857813443836903 274.59004054167758113 274.72919694393635837 274.84449546881114657 274.94751260487055333 274.97709477927054422 274.9852700932876246 274.93192265027693111 274.88856383598897537 274.87635210301357347 274.86484298165044038 274.86145984077603543 274.86555953942075803 274.75937005932331658 274.65360415940187977 274.59993197732813996 274.55014770220287801 274.41239585896033759 274.2571926278343426 274.13965720909897072 274.00628644738827688 273.91507316458182686 273.89932433799793898 273.86235947612692598 273.83002361424888704 273.81028586452475793 273.7973401187614968 273.79480710081458028 273.82657095304239192 273.84219777557490261 273.84956903432356512 273.8313777418275663 273.78910152291581426 273.69920651733201566 273.56403682434228131 273.23493129964344917 nan nan nan nan nan nan nan nan
nan nan nan nan nan nan nan nan nan nan nan nan nan 274.23290452594454791 274.30112927960499292 274.36056561472304338 274.39746663772166357 274.44373123686534655 274.50174458235903785 274.60816080398939221 274.72767643736688115 274.83243186573309913 274.92665771896497517 274.95198323639550608 274.94085724296098761 274.94257195984926057 274.89776220869532608 274.85402727856779848 274.8372420722855054 274.81656542030037826 274.79329807505735062 274.76684056293282765 274.6758553637193927 274.59096399166827496 274.51952696546862853 274.45164983006083048 274.300094221325935 274.1341278330470459 273.99598269763743019 273.90693475217034347 273.85461474865820719 273.82571190676202377 273.72504908594072504 273.75224123074548288 273.74933057115447355 273.75337690941347546 273.76496585384256832 273.7792731821466532 273.78044558946419329 273.7825704549224497 273.7792066493067864 273.75647567519689574 273.65202898117121322 273.38848509644378737 273.23034639140138324 273.09806171183595325 nan nan nan nan nan nan nan
nan nan nan nan nan nan nan nan nan nan nan nan nan nan nan 274.47476346347599474 274.54623519420931643 274.58230957077864787 274.65185528849923458 274.7366361293029513 274.83921753592613868 274.90639311910098286 274.93207645577052745 274.90121542217059414 274.89999460131076603 274.91428512301888532 274.8740677298115429 274.82289125617643322 274.79639477113846624 274.76919845595040215 274.70966800821292964 274.65963307691419004 274.60836640028065858 274.55133548192327453 274.47417531432358828 274.33228205519020548 274.13081636702850119 273.96984535342028266 273.86695562822973216 273.81520435030824956 273.78186942678564719 273.76122118897700375 273.71721056845103703 273.66249010708696687 273.68618016998084386 273.69032789791941696 273.70959916926483402 273.72673593691411043 273.74268870219736982 273.7512430447008569 273.73969799459166552 273.70606926773331224 273.59270715497314086 273.26488565200435232 273.15165779308767924 nan nan nan nan nan nan nan nan
nan nan nan nan nan nan nan nan nan nan nan nan nan nan nan 274.56087544159242952 274.65252684591445131 274.68408627735550454 274.76616080808383913 274.88015358993988002 274.92470311604483868 274.92574728984823196 274.8934288776627568 274.86997424436674464 274.8693156252488734 274.88820887792212488 274.85013969209933293 274.78740328121602943 274.74068655034591302 274.70274544424665919 274.59941865695896013 274.55788213006212573 274.51930046763158089 274.4840846839471169 274.43406762345517791 274.25159981166888201 273.92446162782187002 273.73001241755764568 273.76723312569856716 273.73893842225095341 273.69811757392119489 273.67434682159858994 273.66475998520036228 273.56715307109641344 273.58850316365754907 273.59716177704433449 273.62556622655415595 273.66788529070083769 273.68624153846718627 273.69827662480435038 273.68976814403015396 273.64075558134663879 273.52101305362606354 273.2959101674096587 nan nan nan nan nan nan nan nan nan
nan nan nan nan nan nan nan nan nan nan nan nan nan nan nan nan 274.71580690645760114 274.76327402539425293 274.84617971840862083 274.93096839368280371 274.93677989218571156 274.88915253414501194 274.86215941951860486 274.83937309609541444 274.84149423825670056 274.85264681491543115 274.81791484121816893 274.74566350174222862 274.67516728859118302 274.60739284322932008 274.49954767796475608 274.46223921191381123 274.43604525214044543 274.4143032674959386 274.38967138598752626 274.17733214622222704 273.87106441015578184 273.64408290036203653 273.67711187863750411 273.66897696176590671 273.62100123837831234 273.59521920131237493 273.58437829636835659 273.50335007476496685 273.53155629928340886 273.55081797772504615 273.58995652247227781 273.60124474801801853 273.61385056522630066 273.61949719173196627 273.61212515037010462 273.57056955132662779 273.43124703795604091 nan nan nan nan nan nan nan nan nan nan
nan nan nan nan nan nan nan nan nan nan nan nan nan nan nan nan nan 274.79620678225535357 274.86544167333897803 274.93067659590542462 274.91689419156847407 274.86593044556860832 274.82931127951570716 274.8088343543369092 274.80363433074739987 274.79538289031313525 274.75620370712238127 274.67398404665345879 274.61719823300785492 274.52249500088498735 274.44588314833413278 274.4095166388266307 274.38075677635879401 274.35456090912458649 274.30772052940159256 274.05223937762326614 273.85423464302641605 273.6404491147702629 273.56008650633958723 273.577255237404529 273.55156759090266405 273.52976426001180243 273.52021550886348678 273.41947056749472722 273.45054071121859351 273.47606845285059762 273.50120391315607549 273.53548756715940726 273.54786125026942045 273.55232879958231251 273.53566053578225592 273.49883083680413165 nan nan nan nan nan nan nan nan nan nan nan
nan nan nan nan nan nan nan nan nan nan nan nan nan nan nan nan nan 274.83620211319055215 274.88668920194550083 274.92527323444750209 274.91031824620250745 274.8569106523038954 274.81070954739107037 274.77000181770955578 274.74273164114777046 274.72044205218975321 274.6975299985360266 274.61193832678731042 274.54051343273920338 274.48158207955884791 274.42133777077134482 274.37717385840852558 274.32763047277489932 274.2664152618970661 274.21052360868941378 273.92962179374399057 273.71904825452497789 273.57006423731462519 273.4700994670144496 273.48828629471410068 273.47567564248583949 273.4540284756731694 273.44355185412319997 273.29878680519794898 273.33147455772569856 273.34360429652440416 273.37484475089422631 273.39977412010460966 273.43880797636245461 273.47778592297129308 273.47935715874911011 273.42900629838112536 nan nan nan nan nan nan nan nan nan nan nan
nan nan nan nan nan nan nan nan nan nan nan nan nan nan nan nan nan nan 274.91690932775134115 274.93002855641105953 274.90437521317340952 274.83361645503254067 274.77158288931076413 274.7200477926877511 274.66131040809011665 274.6357544657025187 274.65325830433926058 274.57211781378595106 274.4941163295483193 274.46227365272523002 274.39835186243885801 274.36277740050951479 274.30055879680622866 274.20431176478001589 274.11927787959029956 274.02035950595023905 273.77662027189523997 273.52835919775816365 273.39751348371567019 273.38299779392508526 273.39531253402446964 273.40508695916486204 273.37961840832144844 273.17763637235287888 273.17842137968028737 273.20346879830708531 273.15899469136326161 273.19369212465312557 273.29031266306776615 273.3865610539608042 273.41815303749774557 nan nan nan nan nan nan nan nan nan nan nan nan
nan nan nan nan nan nan nan nan nan nan nan nan nan nan nan nan nan nan 274.93522710571812695 274.90650012878302277 274.85262234785682267 274.79995591487636375 274.7208281789273201 274.64612955200419719 274.59744967712521202 274.57686424359991406 274.59211042365444655 274.55008431249069645 274.49611710784637353 274.45306382480669072 274.38650528950046237 274.33428066724781047 274.26288495149373148 274.11375790128391827 274.02767576686323991 273.96292177337409157 273.91841778516936756 273.75094655051071868 273.38274829097156271 273.28958455455455123 273.31439474300617576 273.32221912325019275 273.28083419890134564 273.01195378978513872 272.95329206719191006 272.88609768881855189 272.95078678678277129 273.15930510668079023 273.2545089756121115 273.27937494725830447 nan nan nan nan nan nan nan nan nan nan nan nan nan
nan nan nan nan nan nan nan nan nan nan nan nan nan nan nan nan nan nan nan nan 274.77778369448259355 274.73625779548137871 274.6650987135154196 274.57348222430186979 274.51715155767806209 274.49377075977872664 274.50708009147047051 274.51034678905216424 274.47349232303434974 274.37634844071425277 274.32259017325526429 274.26353826143247261 274.19460235602082321 274.02375405149950893 273.91788856919441741 273.88247598204645783 273.84906278471089536 273.73934248666148505 273.38496905384062075 273.21886483020131209 273.20726855801541433 273.21633211139698005 273.15655472551230787 272.88692079714320471 272.64777496098702159 nan 272.97773535273887546 273.18449181661873126 nan nan nan nan nan nan nan nan nan nan nan nan nan nan nan
nan nan nan nan nan nan nan nan nan nan nan nan nan nan nan nan nan nan nan nan 274.68733526691460156 274.62893037206862346 274.58295427526763888 274.50332580087905399 274.44145920738674249 274.4222482957138709 274.41956738596547893 274.43590376526208274 274.41181601236070264 274.28701256908425421 274.15353717507747433 274.03285130480088583 273.89943248260914288 273.8553422688377168 273.81871702489308973 273.83633858463218758 273.75936121542622459 273.67482967347564227 273.45932569770531018 273.2247941768595183 273.13429589495029859 273.11819809600200415 272.97853091974945983 272.73674715499419108 nan nan nan nan nan nan nan nan nan nan nan nan nan nan nan nan nan nan nan
nan nan nan nan nan nan nan nan nan nan nan nan nan nan nan nan nan nan nan nan 274.54299846542608066 274.50302708715190647 274.45713338533658998 274.41382870330608057 274.35237563245004822 274.35318587277180313 274.34563799013005791 274.35851315172686782 274.31538040726002237 274.0635026093293618 273.79553066844738396 273.67992343734636052 273.64293603683728406 273.71056997439239922 273.72114250598934859 273.74747799913330937 273.66820182634847924 273.57487846102179674 273.40671438475050081 273.25997656744084452 273.13581086673252685 273.05135141036004143 272.93185061106782996 272.74997493564194428 nan nan nan nan nan nan nan nan nan nan nan nan nan nan nan nan nan nan nan
nan nan nan nan nan nan nan nan nan nan nan nan nan nan nan nan nan nan nan nan 274.36680178341612191 274.3373247242336106 274.33611244043351007 274.2865170550314815 274.27849544495614964 274.30200677327979975 274.28675190401918371 274.2861409799599528 274.24945779406851898 274.03418488719745483 273.61025889557851087 273.38197215508910176 273.53315303874023812 273.64505583610872463 273.63230167453576769 273.55349474267501364 273.46348945126788976 273.40854764019883305 273.31995874358477749 273.25576731316448331 273.140425290731514 273.03701974821080967 272.94395187326210817 272.72456108530229812 nan nan nan nan nan nan nan nan nan nan nan nan nan nan nan nan nan nan nan
nan nan nan nan nan nan nan nan nan nan nan nan nan nan nan nan nan nan nan nan nan 274.14912540175117783 274.2117857146591291 274.20098109046597301 274.22469699536060261 274.2540429536338138 274.23747291988433972 274.23202761059582144 274.19036799424571882 274.04875906154882159 273.67910154674649448 273.26492042321837062 273.45892892945778385 273.52133939674496332 273.49305968211774598 273.27527277164853103 273.26961875060283091 273.26273067125060834 273.23512152481828252 273.21843130013411383 273.12905201695207325 273.0087735028984639 272.90915492427700428 nan nan nan nan nan nan nan nan nan nan nan nan nan nan nan nan nan nan nan nan
nan nan nan nan nan nan nan nan nan nan nan nan nan nan nan nan nan nan nan nan nan 274.13011094259633182 274.1494316157897515 274.14389257329088423 274.15671590597179375 274.18735626145615925 274.18359602047030421 274.1825568871929022 274.10863045626848589 273.94925380296240291 273.6648869719791719 273.16325315480997915 273.29314682251532531 273.38300614763369367 273.28282683837227296 273.05454823708180356 273.11745554048928852 273.13483401329278877 273.14692164311543365 273.14937322651735485 273.07928170969302073 272.93909782640167805 272.84563268915542267 nan nan nan nan nan nan nan nan nan nan nan nan nan nan nan nan nan nan nan nan
nan nan nan nan nan nan nan nan nan nan nan nan nan nan nan nan nan nan nan nan 274.06072004323056035 274.09029189681643857 274.08530980126431587 274.08282928794477584 274.10110226815692158 274.12219154461234893 274.12825091785430232 274.12588848826811727 273.92836783649573817 273.69388661804060803 273.49568354250624225 273.21322823792655754 273.1148322757513256 273.19634443446921068 272.9677605395669957 272.94171748673790034 273.03221764951763362 272.97507756191885164 273.01775022394957659 273.06774439557574397 273.00162630543883324 272.86964919169878385 nan nan nan nan nan nan nan nan nan nan nan nan nan nan nan nan nan nan nan nan nan
nan nan nan nan nan nan nan nan nan nan nan nan nan nan nan nan nan nan nan 273.95473254081360892 274.03674818437519889 274.03905561909880362 274.03495039375815168 274.02998476030177244 274.05042889994132338 274.06477530989803881 274.06375123015442341 274.05258010425637849 273.83682634697737512 273.67978575039046518 273.50701229815410898 273.37423684595228224 273.29702870284023675 273.13320308901427325 273.02767965727031196 272.94503144671057271 272.95590940910699373 272.85845381448496028 272.89590569400633058 272.96846829412231727 272.90532650299911666 nan nan nan nan nan nan nan nan nan nan nan nan nan nan nan nan nan nan nan nan nan nan
nan nan nan nan nan nan nan nan nan nan nan nan nan nan nan nan nan 273.64676046054501057 273.84820907566864889 273.94681233059350234 273.97639489644774358 273.97117260816884254 273.98544310913518984 273.97655078667048656 273.99116798828396213 274.00253081541211486 273.98716472624374774 273.97630827484380234 273.77677743838432889 273.67638647159685661 273.54801274142522516 273.31659749899097278 273.20996988348139212 273.24882754340376323 273.22057183741782183 nan nan nan nan nan nan nan nan nan nan nan nan nan nan nan nan nan nan nan nan nan nan nan nan nan nan nan nan
nan nan nan nan nan nan nan nan nan nan nan nan nan nan nan nan 273.47034680470198964 273.66199486234455662 273.83380549268605364 273.89834151477987234 273.89739851098642021 273.89542167014735696 273.91966775443319193 273.92994396562301063 273.9402692252945144 273.93923455631664865 273.91730897399531841 273.90293474987464606 273.77114673194188299 273.55078887830819667 273.4971390164758418 273.41209080978467227 273.18945910164080715 nan nan nan nan nan nan nan nan nan nan nan nan nan nan nan nan nan nan nan nan nan nan nan nan nan nan nan nan nan nan
nan nan nan nan nan nan nan nan nan nan nan nan nan nan nan nan 273.45601851956638484 273.68903530102210198 273.76479809541967825 273.79287192305105236 273.81550201695267788 273.82022411785573013 273.84313295590078496 273.87912244188908062 273.90892453346037883 273.8876019538030846 273.8523068645357057 273.82000518871603845 273.7544126794077215 273.50217012317534682 273.50372507930336496 273.38413533132791144 nan nan nan nan nan nan nan nan nan nan nan nan nan nan nan nan nan nan nan nan nan nan nan nan nan nan nan nan nan nan nan
nan nan nan nan nan nan nan nan nan nan nan nan nan nan nan nan 273.49530823676604996 273.60867177136668715 273.61332251604898147 273.64527317410329488 273.70470506149689527 273.73144031850961255 273.74762058533798381 273.74010594738319924 273.73112360725531289 273.75035252405740493 273.78192976988708551 273.72614338985272298 273.68574723699418882 nan nan nan nan nan nan nan nan nan nan nan nan nan nan nan nan nan nan nan nan nan nan nan nan nan nan nan nan nan nan nan nan nan nan
nan nan nan nan nan nan nan nan nan nan nan nan nan nan nan nan nan 273.4509930282985124 273.40531681713702028 273.49356086693580892 273.55279189364574677 273.61176486392821516 273.63174442812305642 273.63043518460114001 273.58398589950917312 273.52031648742769221 273.65378412671987007 nan nan nan nan nan nan nan nan nan nan nan nan nan nan nan nan nan nan nan nan nan nan nan nan nan nan nan nan nan nan nan nan nan nan nan nan
nan nan nan nan nan nan nan nan nan nan nan nan nan nan nan nan nan nan nan 273.33075530272049036 273.33346309057901635 273.4406882013316249 273.42268123604753782 273.41882276827021769 nan nan nan nan nan nan nan nan nan nan nan nan nan nan nan nan nan nan nan nan nan nan nan nan nan nan nan nan nan nan nan nan nan nan nan nan nan nan nan
nan nan nan nan nan nan nan nan nan nan nan nan nan nan nan nan nan nan nan nan nan nan nan nan nan nan nan nan nan nan nan nan nan nan nan nan nan nan nan nan nan nan nan nan nan nan nan nan nan nan nan nan nan nan nan nan nan nan nan nan nan nan nan
