results/rofental/temp_month_2020-03-01T0000_2020-03-31T2300.asc
ncols        322
nrows        225
xllcorner    622802.488000000012
yllcorner    5178049.378999999724
cellsize     100.000000000000
[rows 112 to 139 of 225, columns 189 to 251 of 322]
269.5349175112003195 269.83841053437203072 270.08934400119170505 270.32289921211128103 270.15281638193073377 269.89185297233967731 269.68304815028909616 269.43050897018349588 269.01844293875723224 268.61040686469249295 268.25980447339372859 267.90604520597804594 267.90103034216690503 267.96028728781811878 268.05017415601304265 268.1922595592315588 268.17080368077290586 267.76414581107053436 267.46775028670560914 267.30621851237037845 267.21973158951635696 267.30685473000551156 267.5375476630346725 267.59822313969863217 267.3744148897117725 267.15887785211094752 267.33713394589892687 nan nan nan nan nan nan nan nan nan nan nan nan nan nan nan nan nan nan nan nan nan nan nan nan nan nan nan nan nan nan nan nan nan nan nan nan
269.78624277478257909 270.03450715234060908 270.24097665060668305 270.04603117440314008 269.94145226596293696 269.65694206403492217 269.33945742594028161 269.06031788353044476 268.56914125092072254 268.22281786107447488 267.93484579196137929 267.71637647742898025 267.71422340383776373 267.75228838869571746 267.77872897285146792 267.94450605570932566 267.97226811783025369 267.76259879446536161 267.3598242071108757 266.99875108799767531 267.06657374385230241 267.23983784681689713 267.33499953247860503 267.25288894802292816 266.95084440542746052 nan nan nan nan nan nan nan nan nan nan nan nan nan nan nan nan nan nan nan nan nan nan nan nan nan nan nan nan nan nan nan nan nan nan nan nan nan nan
270.02943798325861735 270.22016055949859492 269.9971134235532304 269.81890812146264125 269.63029964828700713 269.35589337851138225 269.02712543742262596 268.65608644688791173 268.2983523853087604 267.95488599186739975 267.64358648435825216 267.50855943604176446 267.55991311507227692 267.61804014076795966 267.6266309229054059 267.74173702317028756 267.77561490437813063 267.74252240491034627 267.30596274243026755 266.85421158164569988 266.96880389518901211 267.16723774537945246 267.175945320585015 266.9453831231447225 266.58821867125567451 nan nan nan nan nan nan nan nan nan nan nan nan nan nan nan nan nan nan nan nan nan nan nan nan nan nan nan nan nan nan nan nan nan nan nan nan nan nan
270.18044584288486476 270.00866493179211147 269.82050305743973695 269.59697174001149733 269.35314902861779274 269.04585389155295161 268.74214158009976927 268.4945787754943467 268.18448702593900634 267.80990500189750492 267.48973402329198734 267.33518290827180408 267.37865105393382237 267.36138759482798832 267.45626227425259458 267.56504212345589622 267.56931610620046058 267.59247228254969286 267.28988143217605966 266.79603079752808981 266.72569281587919932 266.89558394219380943 266.90687912344509414 266.72317897486203719 266.32035114804182285 nan nan nan nan nan nan nan nan nan nan nan nan nan nan nan nan nan nan nan nan nan nan nan nan nan nan nan nan nan nan nan nan nan nan nan nan nan nan
269.84979263134954408 269.72559166372485606 269.5600715987602598 269.25231210083165934 268.95400047931337895 268.67828871513791 268.37603393052319234 268.10841146889760012 267.95151749870893809 267.75531148924898162 267.52065089468260339 267.17204402438699162 267.0862984038411696 267.12870219101705516 267.27166437889593453 267.37249799337871536 267.38758629041115 267.35808400255336892 267.08427149362694308 266.58992249163827637 266.35265008773257023 266.51205055789563403 266.50783041297540876 266.29797675855206762 266.19571061455616245 nan nan nan nan nan nan nan nan nan nan nan nan nan nan nan nan nan nan nan nan nan nan nan nan nan nan nan nan nan nan nan nan nan nan nan nan nan nan
269.5489413055063892 269.40386135776395804 269.2420255278511263 268.78600758166163587 268.50864546959229529 268.2822203293462735 267.97413508238952318 267.75848939678775196 267.55105844891460265 267.36369745665842856 267.18803688820685238 267.05037757067248094 266.84483433268167119 266.93690674959259468 267.00799926199488254 267.08366406115641212 267.13479181990862799 267.09975913816600723 266.8703086169879839 266.42148743182917769 265.95808700573553551 265.95112795102272685 265.9787936532728736 265.86050004484155806 nan nan nan nan nan nan nan nan nan nan nan nan nan nan nan nan nan nan nan nan nan nan nan nan nan nan nan nan nan nan nan nan nan nan nan nan nan nan nan
269.23255055640458977 269.03546151989422697 268.72662130712518547 268.36947285518851913 268.1092727876268782 267.88769337145458849 267.64961484479351839 267.42842423956443554 267.19225305339745091 267.0429591148789541 266.81960477605900905 266.76621770464305428 266.75439811416862312 266.76162017909825863 266.78730076602084864 266.85511507318136637 266.92211930342324422 266.85246204544472448 266.55403788381448749 266.19702664888035315 265.74175700677551504 265.44488555769231652 265.45897577552625535 nan nan nan nan nan nan nan nan nan nan nan nan nan nan nan nan nan nan nan nan nan nan nan nan nan nan nan nan nan nan nan nan nan nan nan nan nan nan nan nan
268.92703979320441476 268.59488081718643571 268.20896061125938559 267.95693462354159919 267.75447837061869905 267.56595269794877368 267.31659204862143042 267.07239157665981111 266.92414184036556435 266.72382640773577123 266.61792184046072407 266.63931274672563632 266.66218332135503033 266.60927368643717728 266.65112502320886279 266.69528893140085302 266.73928046039253559 266.61808077640404235 266.28131062599931056 265.80198798417524131 265.43087143167451813 265.0781338740741262 nan nan nan nan nan nan nan nan nan nan nan nan nan nan nan nan nan nan nan nan nan nan nan nan nan nan nan nan nan nan nan nan nan nan nan nan nan nan nan nan nan
268.56784494274427288 268.12168858500513124 267.79317923472927987 267.56822699598541249 267.42639896532205057 267.23374067385998387 266.99936974061301953 266.7986801216021604 266.54598086663264667 266.43836726903708723 266.45769987154125147 266.54868139428168661 266.55639288281872723 266.44660367487546182 266.48109568433960703 266.47002462154654268 266.50890350396929307 266.2408435862636793 265.83017075039401789 265.60291773146963124 265.15859208667558278 264.72204540428123209 nan nan nan nan nan nan nan nan nan nan nan nan nan nan nan nan nan nan nan nan nan nan nan nan nan nan nan nan nan nan nan nan nan nan nan nan nan nan nan nan nan
268.16250897475964621 267.76589126696137555 267.44794012325195354 267.25787618724996264 267.09198309599327104 266.91842562706091257 266.70160355093219096 266.49909354333357214 266.13288169594454757 266.29326175072588967 266.34710515556918153 266.44712024453536969 266.46326931799950444 266.3474361936834498 266.27920596946455589 266.24435921624990442 266.25505806264828834 265.98915613112791334 265.54426855051576695 265.30529008315676265 264.89306138917118005 264.47986888433524655 nan nan nan nan nan nan nan nan nan nan nan nan nan nan nan nan nan nan nan nan nan nan nan nan nan nan nan nan nan nan nan nan nan nan nan nan nan nan nan nan nan
267.97186618505821798 267.54461581894634037 267.29116108516132044 267.02509042541402096 266.82380051078570204 266.63528793295381547 266.36649754520578881 266.06476387823323648 265.90249604379795301 266.17752776588326924 266.22569418584993173 266.3325599241319992 266.29724006368041955 266.14407722789945865 266.10788617614070972 266.10851039780982319 266.04611827116252698 265.85228707108592516 265.38204955904387816 265.11487923622962626 264.74910403887372468 264.40863898196522541 nan nan nan nan nan nan nan nan nan nan nan nan nan nan nan nan nan nan nan nan nan nan nan nan nan nan nan nan nan nan nan nan nan nan nan nan nan nan nan nan nan
267.7765756347266688 267.43088498439402656 267.19795001145183733 266.83073286417447889 266.59713172770028677 266.3774564055993892 266.0121984617093176 265.7371880572005125 265.86424794157017004 266.03090363586437661 266.06357094984349487 266.08866730348069041 265.99075101688140421 265.9243269117578734 265.92701909643255931 265.95019354211456175 265.84419624073234445 265.74576587210975731 265.57748452288785757 265.26121118281264444 264.92412925436042315 264.5434561922671719 nan nan nan nan nan nan nan nan nan nan nan nan nan nan nan nan nan nan nan nan nan nan nan nan nan nan nan nan nan nan nan nan nan nan nan nan nan nan nan nan nan
267.59751914758442126 267.3011671205406401 267.00323989565686134 266.65382173484823625 266.40944198720706027 266.04466044524315294 265.60778181722059799 265.49086196603610688 265.75447819274188532 265.89702603694456684 265.96278455522354989 265.91953686449124916 265.84528616070224416 265.78667201461962577 265.79849198198559179 265.84008814030090662 265.75635100879964057 265.61254638684641805 265.57908003886177539 265.37266008815646501 264.94530372834935861 264.59305322945448324 nan nan nan nan nan nan nan nan nan nan nan nan nan nan nan nan nan nan nan nan nan nan nan nan nan nan nan nan nan nan nan nan nan nan nan nan nan nan nan nan nan
267.46866213619557584 267.14425736396589173 266.80292250532829712 266.48078305205666538 266.21051106336682324 265.76110639774054789 265.40643419863880581 265.49357263763585024 265.55913996870560823 265.69787422240625574 265.73066242937488823 265.70883985990667497 265.6737681210462938 265.64966757600109304 265.69270830094586699 265.71152867254266994 265.59725442307319554 265.50307318187469718 265.43771872944785173 265.3519838881384203 264.87967423891382168 264.5775044947933452 nan nan nan nan nan nan nan nan nan nan nan nan nan nan nan nan nan nan nan nan nan nan nan nan nan nan nan nan nan nan nan nan nan nan nan nan nan nan nan nan nan
267.38531797449206806 267.012720650247104 266.61275099417446199 266.30998695734751891 265.98783356556293711 265.58831109278838767 265.22902852082467007 265.30867007732018692 265.40023030990550978 265.47368586849029271 265.51637108271677334 265.54515115245948209 265.53448516754724551 265.54563114665154444 265.58174579523034708 265.53301402680693855 265.25746185506551456 265.26682443073252671 265.21232592163363506 265.17978232609368661 264.9267314906686579 nan nan nan nan nan nan nan nan nan nan nan nan nan nan nan nan nan nan nan nan nan nan nan nan nan nan nan nan nan nan nan nan nan nan nan nan nan nan nan nan nan nan
267.29604703926406728 266.87490178623102111 266.53323531366316956 266.16976608178771357 265.82554217556639742 265.4785861525131736 265.09278584713285909 265.02993714568151518 265.22084870213575414 265.28436230942753582 265.34930574774659817 265.40343382641663084 265.43803079889352148 265.45312348694000093 265.4649167120927018 265.34661789173782154 265.06208789180834628 264.97958605992158709 265.01430360021583965 264.97978585452017342 264.74402835299054004 nan nan nan nan nan nan nan nan nan nan nan nan nan nan nan nan nan nan nan nan nan nan nan nan nan nan nan nan nan nan nan nan nan nan nan nan nan nan nan nan nan nan
266.99544483952956853 266.74203700049389454 266.40394061511079826 266.02193252953685487 265.5396956355514817 265.21796966582434152 264.86163102914798628 265.00634196379076002 265.09710281636341733 265.17585634026994512 265.23954605276441043 265.30651416830346534 265.34106887849810619 265.34902497264641852 265.34609707137906298 265.23322572016348886 264.97336469841025064 264.73063313034248267 264.78020761921857229 264.73956181352286876 264.58874311170808369 nan nan nan nan nan nan nan nan nan nan nan nan nan nan nan nan nan nan nan nan nan nan nan nan nan nan nan nan nan nan nan nan nan nan nan nan nan nan nan nan nan nan
266.83148001661254511 266.54433165295210983 266.25895186110608392 265.94289433667591993 265.49696747098397509 265.10696526376136717 264.812142342433674 264.84835988465340506 264.9902214977810786 265.11264748301420013 265.17000923684270219 265.23537458293640157 265.24603514563455064 265.24638960451898129 265.20469582894617133 265.08074478141355712 264.91921877787711992 264.56850979654626599 264.45936847605872799 nan nan nan nan nan nan nan nan nan nan nan nan nan nan nan nan nan nan nan nan nan nan nan nan nan nan nan nan nan nan nan nan nan nan nan nan nan nan nan nan nan nan nan nan
266.6697475015369605 266.44198786758084907 266.17188048639383169 265.80432471422278695 265.45791619337182965 265.14870528622026313 264.8643524743671378 264.70664598962343916 264.86033988899532687 264.99974958804608605 265.04627409378480252 265.09616947638039619 265.12430002837442089 265.08948181038869052 264.95015824427639473 264.89722980878099179 264.78537438530048576 264.44383158290054325 nan nan nan nan nan nan nan nan nan nan nan nan nan nan nan nan nan nan nan nan nan nan nan nan nan nan nan nan nan nan nan nan nan nan nan nan nan nan nan nan nan nan nan nan nan
266.67623563739067549 266.37554894881213841 266.10707172131185416 265.80842806712553283 265.62934411268724944 265.37824258463706428 264.98699610442741914 264.5985379544930538 264.68510739494854533 264.79029291806841684 264.86977577411010998 264.90394297945476865 264.81436996696606911 264.62376219602930405 264.63107729639699528 264.72126262763538307 264.60196654821908169 nan nan nan nan nan nan nan nan nan nan nan nan nan nan nan nan nan nan nan nan nan nan nan nan nan nan nan nan nan nan nan nan nan nan nan nan nan nan nan nan nan nan nan nan nan nan
266.44714024675658948 266.22109572234694497 266.03442511647341462 265.80760110233188698 265.65159304078463265 265.36598799663545378 264.96633438434236041 264.58830466866834286 264.50111935625045589 264.56042063366953698 264.60751784250430774 264.60398093949095255 nan nan nan 264.57672369670331136 nan nan nan nan nan nan nan nan nan nan nan nan nan nan nan nan nan nan nan nan nan nan nan nan nan nan nan nan nan nan nan nan nan nan nan nan nan nan nan nan nan nan nan nan nan nan nan
266.27590093105322921 266.13817309358432794 265.98874944754459193 265.81061600644397913 265.55249684055996795 265.21571428266037174 264.86953075413350689 264.47853113967028094 264.25365143508685151 nan nan nan nan nan nan nan nan nan nan nan nan nan nan nan nan nan nan nan nan nan nan nan nan nan nan nan nan nan nan nan nan nan nan nan nan nan nan nan nan nan nan nan nan nan nan nan nan nan nan nan nan nan nan
266.30249035055726381 266.08839692799426757 265.91887467798170519 265.74863785296361129 265.4141690117703547 265.05119289559587514 264.71645070616415296 264.35432539492535398 nan nan nan nan nan nan nan nan nan nan nan nan nan nan nan nan nan nan nan nan nan nan nan nan nan nan nan nan nan nan nan nan nan nan nan nan nan nan nan nan nan nan nan nan nan nan nan nan nan nan nan nan nan nan nan
266.22729882818020997 266.05666656110355461 265.84875842048109007 265.63118542102159836 265.25642209719273978 264.9020293140451372 264.57738697236493408 264.32760493162049897 nan nan nan nan nan nan nan nan nan nan nan nan nan nan nan nan nan nan nan nan nan nan nan nan nan nan nan nan nan nan nan nan nan nan nan nan nan nan nan nan nan nan nan nan nan nan nan nan nan nan nan nan nan nan nan
266.14419271532517541 266.02537410598404222 265.86506490019388593 265.66732621422096372 265.43068034569427027 265.080195249572796 264.73633573319762036 264.34447883257047351 nan nan nan nan nan nan nan nan nan nan nan nan nan nan nan nan nan nan nan nan nan nan nan nan nan nan nan nan nan nan nan nan nan nan nan nan nan nan nan nan nan nan nan nan nan nan nan nan nan nan nan nan nan nan nan
266.07008437319586847 265.95878818910671271 265.84265692471581133 265.72153806205557203 265.53722270077486201 265.20503469106228067 264.75655067483137373 264.32450042610918217 263.97007390660434112 nan nan nan nan nan nan nan nan nan nan nan nan nan nan nan nan nan nan nan nan nan nan nan nan nan nan nan nan nan nan nan nan nan nan nan nan nan nan nan nan nan nan nan nan nan nan nan nan nan nan nan nan nan nan
265.97477789747046018 265.87643836022056121 265.72503679188031356 265.61959818655748222 265.53237060965210503 265.30212013733085996 264.87990903977112112 264.47909435845713233 264.04799486136323594 nan nan nan nan nan nan nan nan nan nan nan nan nan nan nan nan nan nan nan nan nan nan nan nan nan nan nan nan nan nan nan nan nan nan nan nan nan nan nan nan nan nan nan nan nan nan nan nan nan nan nan nan nan nan
265.87806257721194925 265.76774599654163467 265.62896296291404497 265.53511903948208328 265.46087340208993055 265.29738547173298002 264.852619217405163 264.43127666153998234 263.99033800292852447 nan nan nan nan nan nan nan nan nan nan nan nan nan nan nan nan nan nan nan nan nan nan nan nan nan nan nan nan nan nan nan nan nan nan nan nan nan nan nan nan nan nan nan nan nan nan nan nan nan nan nan nan nan nan
