results/rofental/temp_month_2020-07-01T0000_2020-07-31T2300.asc
ncols        322
nrows        225
xllcorner    622802.488000000012
yllcorner    5178049.378999999724
cellsize     100.000000000000
[rows 112 to 139 of 225, columns 189 to 251 of 322]
282.66140684714395093 282.95274467426941101 283.18891962141378826 283.40658664919925513 283.20301326272198139 282.90421762531735794 282.65926661570620126 282.36811820493102232 281.90997644214218099 281.45527663061187695 281.05961117007058192 280.65972817095172331 280.62242498336132712 280.65105409445538953 280.71048570237127251 280.82316819881179981 280.76416683223175141 280.302402843900893 279.95447257710833355 279.74611178536696343 279.6150870251675542 279.66433567707525754 279.86276628462763938 279.88372443693077685 279.60819844082271857 279.34177124945443893 279.48677907958466449 nan nan nan nan nan nan nan nan nan nan nan nan nan nan nan nan nan nan nan nan nan nan nan nan nan nan nan nan nan nan nan nan nan nan nan nan
282.92465577712533786 283.1595646551610912 283.35060862361166301 283.12284856183055126 282.98896366381973166 282.66711224411812964 282.31045129251384651 281.9932717169483567 281.45446498021800608 281.06603046409401259 280.73770432872044012 280.48103157517533646 280.4489958139717487 280.45793586322236024 280.45374599771827206 280.59377077991814531 280.58883821620599974 280.33531006656704676 279.87943900390092722 279.46610008370851119 279.49908061804768522 279.64132202806439409 279.7016747614451333 279.57699889928579751 279.22311104678959737 nan nan nan nan nan nan nan nan nan nan nan nan nan nan nan nan nan nan nan nan nan nan nan nan nan nan nan nan nan nan nan nan nan nan nan nan nan nan
283.1790251579481037 283.35504727736821451 283.09948006601194948 282.8904414626539392 282.67031290385995135 282.36045557085014934 281.99359510338331347 281.5822775032488039 281.18437546504560487 280.80081765754471235 280.45018586426073171 280.28263785185026791 280.30863485064912766 280.34085623732619297 280.32053703206935324 280.41032575718526232 280.41446664689334511 280.34782616448444514 279.8596199420566677 279.35471103250483793 279.43948264448988539 279.61104254165894645 279.58436451157933789 279.30802075237244253 278.89973666378904227 nan nan nan nan nan nan nan nan nan nan nan nan nan nan nan nan nan nan nan nan nan nan nan nan nan nan nan nan nan nan nan nan nan nan nan nan nan nan
283.3368298720475309 283.13597164751507762 282.91790579873003253 282.66283362446057481 282.38645827432384294 282.04373077980761764 281.70451626181846905 281.42356293003098244 281.07707680295743558 280.6629399393575568 280.3050351141231431 280.11922343495996301 280.13920478705745154 280.09514518384565918 280.16720809672818859 280.25293244482980981 280.22883937360927575 280.2235617891946049 279.87782718740720611 279.33189868429752778 279.22679656712006135 279.37156185133301278 279.35055976191983973 279.12604113196618982 278.67308181523594612 nan nan nan nan nan nan nan nan nan nan nan nan nan nan nan nan nan nan nan nan nan nan nan nan nan nan nan nan nan nan nan nan nan nan nan nan nan nan
282.99196936348829468 282.84170171029069252 282.6483132932605713 282.30659372825169839 281.97467454648892726 281.66624208799981943 281.33002296299918044 281.029743582290223 280.84467502404993411 280.61831998481659411 280.35149423484313047 279.96541260585109967 279.85283664690763317 279.87324644266413998 279.99781013525603157 280.07771542704836065 280.06745357769767679 280.00991639847120496 279.69689704270206221 279.15322150138166535 278.87689933904761119 279.01357344797389715 278.9792491690173506 278.7303014224613662 278.59348828485002514 nan nan nan nan nan nan nan nan nan nan nan nan nan nan nan nan nan nan nan nan nan nan nan nan nan nan nan nan nan nan nan nan nan nan nan nan nan nan
282.67761576476476648 282.50649605008163689 282.31795330013363809 281.82276696389499193 281.51389107305169546 281.25815158229863755 280.91727357346047711 280.67271584403130191 280.43660788136037354 280.22123766135058531 280.01780046860477569 279.85363320341934923 279.61826140743727365 279.69265785215134201 279.74459750240362155 279.8006597148317951 279.83045261463672659 279.76970704617804131 279.50555951075995154 279.01202324294558821 278.50266189061682098 278.46862871150972296 278.47027891333061689 278.31949734779601613 nan nan nan nan nan nan nan nan nan nan nan nan nan nan nan nan nan nan nan nan nan nan nan nan nan nan nan nan nan nan nan nan nan nan nan nan nan nan nan
282.34644238094608681 282.1219377859490578 281.78106450247389603 281.38998301123143619 281.10013235780428431 280.85068739584323794 280.58415120808740539 280.33528466441629234 280.07080261513613095 279.89682526841050958 279.64548588467857826 279.57111020786362587 279.53974687177884562 279.52782611375158694 279.53466121047154047 279.58486696378975012 279.63361947200871782 279.53925282090261817 279.20573131681589985 278.81049130651098267 278.31221619316937677 277.97855658759425523 277.96867063714978485 nan nan nan nan nan nan nan nan nan nan nan nan nan nan nan nan nan nan nan nan nan nan nan nan nan nan nan nan nan nan nan nan nan nan nan nan nan nan nan nan
282.02593721676106497 281.66136697554679813 281.2409799671388555 280.96044200307392202 280.73184791010709205 280.51803176636218495 280.2410187211968946 279.96956772904275113 279.79827305805866899 279.57274694157905515 279.44561597522397278 279.45107421077653953 279.45785900834357562 279.38533095398111072 279.41120185689072741 279.43901271702918621 279.46611028076932826 279.32040909113169391 278.94936306686810212 278.42909872532902682 278.02107323738147215 277.6316930820523794 nan nan nan nan nan nan nan nan nan nan nan nan nan nan nan nan nan nan nan nan nan nan nan nan nan nan nan nan nan nan nan nan nan nan nan nan nan nan nan nan nan
281.64873477007353131 281.16597527835210713 280.80619741074616513 280.55474456324645871 280.39032883054721879 280.17329101519732149 279.9131131325784736 279.68835541578374659 279.40962151553566173 279.28231990931942619 279.28745335081981693 279.36727699028637062 279.36018044600893973 279.23037698419619801 279.25069292227277629 279.22311895234093981 279.24715899614773207 278.9506811264496946 278.50496792989855521 278.24991337763799493 277.7679957860389095 277.29367464458431414 nan nan nan nan nan nan nan nan nan nan nan nan nan nan nan nan nan nan nan nan nan nan nan nan nan nan nan nan nan nan nan nan nan nan nan nan nan nan nan nan nan
281.22264810524615086 280.79209385944551514 280.44397957997790627 280.22966206547067713 280.04103379613860625 279.84490681479763907 279.60414725597775032 279.37874285989073542 278.98304660372269836 279.13665138475187177 279.17939782340363308 279.27039271461677572 279.273958631748485 279.13982378594909051 279.05510992652563118 279.00489485195168982 279.00177263536988903 278.70981916214446983 278.2307537744104593 277.96582272023874793 277.51972986876671712 277.07211649078686833 nan nan nan nan nan nan nan nan nan nan nan nan nan nan nan nan nan nan nan nan nan nan nan nan nan nan nan nan nan nan nan nan nan nan nan nan nan nan nan nan nan
281.01956496390999973 280.55752466753347107 280.27719969631033337 279.98429784811628451 279.75954069699946558 279.54872158772934654 279.25481274906547924 278.92712771171221675 278.74535550610676182 279.01992753271133552 279.05832390013199529 279.15815530105101061 279.10987434919866246 278.9387416102990187 278.88944736316631179 278.8783139415243113 278.80116247627086068 278.58657501554046121 278.08335103838066971 277.7913247861197874 277.39596884392841503 277.02647829183530348 nan nan nan nan nan nan nan nan nan nan nan nan nan nan nan nan nan nan nan nan nan nan nan nan nan nan nan nan nan nan nan nan nan nan nan nan nan nan nan nan nan
280.81077215513539613 280.4340956449880764 280.1755952676836614 279.77778447645630422 279.52000365673558235 279.27748845369950459 278.88393741233699075 278.58518579129201953 278.7062710467905049 278.86921755685676771 278.89295835798708367 278.9091784168207937 278.79740062647863397 278.71857554283207037 278.7117988968714144 278.72624271441185329 278.60577048129096056 278.4928400987311079 278.30665855547414367 277.96570077092786732 277.60252723017038079 277.19337608870222311 nan nan nan nan nan nan nan nan nan nan nan nan nan nan nan nan nan nan nan nan nan nan nan nan nan nan nan nan nan nan nan nan nan nan nan nan nan nan nan nan nan
280.61801163147140414 280.29298152599909599 279.96702877545897081 279.58819101327549106 279.31971374574584388 278.92659417557507595 278.45919655156734507 278.32623649753907102 278.59081836124471465 278.72991635018001944 278.78959427638233137 278.73614578820121324 278.65076064913114351 278.58192179556232304 278.58661469190536764 278.62231078297747899 278.52716876079227859 278.36911444854445108 278.32570613497682643 278.10151996724493983 277.64647839688780095 277.26919367741908218 nan nan nan nan nan nan nan nan nan nan nan nan nan nan nan nan nan nan nan nan nan nan nan nan nan nan nan nan nan nan nan nan nan nan nan nan nan nan nan nan nan
280.47667932747253872 280.12247723126318988 279.75143932034950467 279.40132221141863056 279.10625938528397683 278.62546587150040978 278.24447678608390788 278.32512525163872397 278.38426598215556851 278.52059348831608077 278.54727086362413502 278.51769256203755276 278.47483698782775718 278.44380002322805012 278.48298158125720647 278.49697339062504398 278.37211716086903834 278.26798163001694775 278.19355306604001044 278.09743325835199812 277.59777253743504843 277.27492911225027683 nan nan nan nan nan nan nan nan nan nan nan nan nan nan nan nan nan nan nan nan nan nan nan nan nan nan nan nan nan nan nan nan nan nan nan nan nan nan nan nan nan
280.38189228374301365 279.97737920709346326 279.54523527223705059 279.21545288123377304 278.86656577026394643 278.43818975396601445 278.05297009481279247 278.1265542138373803 278.21372918020335874 278.28312254226341338 278.32142592594027519 278.34609023346206413 278.33033305240320487 278.3378484943333433 278.37174840477894122 278.31736458043422999 278.02650780654835216 278.03252832520905713 277.97166631243510437 277.9332696905965463 277.66446451130497053 nan nan nan nan nan nan nan nan nan nan nan nan nan nan nan nan nan nan nan nan nan nan nan nan nan nan nan nan nan nan nan nan nan nan nan nan nan nan nan nan nan nan
280.28004803705306358 279.82470362013737031 279.45321250735685226 279.06011933426628957 278.6883320509581381 278.31502272680165788 277.90259386597159619 277.82825103467848749 278.01983309062001126 278.07989682161132805 278.14264822600569005 278.19518280030672486 278.22824709693117029 278.24168109116817504 278.2521784199409467 278.12734632247548916 277.8293075783368522 277.74180407270432625 277.77624868572701189 277.73810670194416161 277.48963768431065091 nan nan nan nan nan nan nan nan nan nan nan nan nan nan nan nan nan nan nan nan nan nan nan nan nan nan nan nan nan nan nan nan nan nan nan nan nan nan nan nan nan nan
279.95705637246231845 279.67621347081711747 279.30814934059463894 278.89553852244870313 278.37980792430880683 278.03290417392486233 277.65147672959477632 277.79401723247644895 277.88189949069555951 277.95879503028658064 278.0214156575719926 278.08874040528633031 278.12337901335541801 278.13118629994914954 278.12832003697042182 278.01127200552582508 277.74118822384031091 277.48895159187560466 277.54124739524007737 277.49909566676643635 277.34154807377916541 nan nan nan nan nan nan nan nan nan nan nan nan nan nan nan nan nan nan nan nan nan nan nan nan nan nan nan nan nan nan nan nan nan nan nan nan nan nan nan nan nan nan
279.77578322409198108 279.45923043253333162 279.14566100343637345 278.80144086061250164 278.32333019878262803 277.90517323457203247 277.58800207514337899 277.61777702623595587 277.75952234159848331 277.88279380072953018 277.93992480644709531 278.00694468591046871 278.01828367892670713 278.02000069972621077 277.978748756832033 277.85234068686145292 277.68709218194049981 277.32468604882905083 277.21396467558633958 nan nan nan nan nan nan nan nan nan nan nan nan nan nan nan nan nan nan nan nan nan nan nan nan nan nan nan nan nan nan nan nan nan nan nan nan nan nan nan nan nan nan nan nan
279.59623612527946079 279.34090563808700836 279.04262010209475875 278.64416144992350155 278.26938210500117066 277.93519829606094618 277.62889039946674075 277.45667502536832671 277.61120849870172833 277.75292525712842462 277.79979279348191312 277.85201355261659728 277.88317590316449923 277.85009032688049047 277.70914486002203603 277.65905685287663118 277.54800886304980168 277.19767154755624006 nan nan nan nan nan nan nan nan nan nan nan nan nan nan nan nan nan nan nan nan nan nan nan nan nan nan nan nan nan nan nan nan nan nan nan nan nan nan nan nan nan nan nan nan nan
279.59164681068983782 279.25943765746887948 278.96204187155285581 278.63469460561168489 278.43374616680858935 278.15969544654888068 277.74170680434758651 277.32893572841021523 277.41379394534612857 277.52045347704165579 277.60263812888217672 277.63975213206703074 277.54981454019235798 277.35621764867386219 277.37031597010252426 277.47180823263016691 277.35553949319216827 nan nan nan nan nan nan nan nan nan nan nan nan nan nan nan nan nan nan nan nan nan nan nan nan nan nan nan nan nan nan nan nan nan nan nan nan nan nan nan nan nan nan nan nan nan nan
279.34126108764354512 279.08587975583276375 278.87279952580297504 278.61941536044611212 278.4417192233289029 278.13105073135784551 277.7038650177485124 277.30180038319474534 277.2056574111069267 277.26497726017680634 277.31426763150022907 277.31332117819943051 nan nan nan 277.3157268329254066 nan nan nan nan nan nan nan nan nan nan nan nan nan nan nan nan nan nan nan nan nan nan nan nan nan nan nan nan nan nan nan nan nan nan nan nan nan nan nan nan nan nan nan nan nan nan nan
279.1512942134010018 278.98687637293835451 278.81151168167411925 278.60781164256638931 278.32267064777107635 277.95780691310937982 277.58573831089415762 277.16979832715878729 276.93008093863983277 nan nan nan nan nan nan nan nan nan nan nan nan nan nan nan nan nan nan nan nan nan nan nan nan nan nan nan nan nan nan nan nan nan nan nan nan nan nan nan nan nan nan nan nan nan nan nan nan nan nan nan nan nan nan
279.16801874452795573 278.92278592389544656 278.72523650331135059 278.52855060976406776 278.16265935964355549 277.7694669051372216 277.40850838661884836 277.0221296079286617 nan nan nan nan nan nan nan nan nan nan nan nan nan nan nan nan nan nan nan nan nan nan nan nan nan nan nan nan nan nan nan nan nan nan nan nan nan nan nan nan nan nan nan nan nan nan nan nan nan nan nan nan nan nan nan
279.0794681849743597 278.87830193146601232 278.6394308874013177 278.39207571777006933 277.98289509950137699 277.59747739683695045 277.24605931858246777 276.97608405251116892 nan nan nan nan nan nan nan nan nan nan nan nan nan nan nan nan nan nan nan nan nan nan nan nan nan nan nan nan nan nan nan nan nan nan nan nan nan nan nan nan nan nan nan nan nan nan nan nan nan nan nan nan nan nan nan
278.98393298813863339 278.83555336757484611 278.64499027062572623 278.41695012333514114 278.15040715638218671 277.76778107583703559 277.39520327619436557 276.97623305262533222 nan nan nan nan nan nan nan nan nan nan nan nan nan nan nan nan nan nan nan nan nan nan nan nan nan nan nan nan nan nan nan nan nan nan nan nan nan nan nan nan nan nan nan nan nan nan nan nan nan nan nan nan nan nan nan
278.89949438837840034 278.75780475742254794 278.61203970386884521 278.46254409009611663 278.24919469246492554 277.88431838967022713 277.40145965698116015 276.93960145568166809 276.56307699041968817 nan nan nan nan nan nan nan nan nan nan nan nan nan nan nan nan nan nan nan nan nan nan nan nan nan nan nan nan nan nan nan nan nan nan nan nan nan nan nan nan nan nan nan nan nan nan nan nan nan nan nan nan nan nan
278.79511662961982665 278.66593680773809183 278.48227932463180423 278.34790974476209158 278.23449745825803348 277.97461304193495835 277.51794061448845241 277.08762088845327298 276.63042638940947882 nan nan nan nan nan nan nan nan nan nan nan nan nan nan nan nan nan nan nan nan nan nan nan nan nan nan nan nan nan nan nan nan nan nan nan nan nan nan nan nan nan nan nan nan nan nan nan nan nan nan nan nan nan nan
278.69184444550052149 278.54941218354997545 278.37801561138763873 278.25472366776097033 278.15374826077743364 277.96233153332894972 277.48104159347866471 277.02834603948934955 276.56016203217677685 nan nan nan nan nan nan nan nan nan nan nan nan nan nan nan nan nan nan nan nan nan nan nan nan nan nan nan nan nan nan nan nan nan nan nan nan nan nan nan nan nan nan nan nan nan nan nan nan nan nan nan nan nan nan
