results/rofental/temp_month_2019-11-01T0000_2019-11-30T2300.asc
ncols        322
nrows        225
xllcorner    622802.488000000012
yllcorner    5178049.378999999724
cellsize     100.000000000000
[rows 168 to 195 of 225, columns 126 to 188 of 322]
265.47463477089576145 265.49564024729971834 265.51026043975116409 265.51559290596736673 265.38877108575928787 265.17446773957101414 265.26722755323135061 265.4975486460636489 265.63395236291916035 265.66059209898577365 265.73053924327132336 265.83413861172113002 265.89822190164761651 265.99267227449587381 266.08200150573549081 266.12942307432791722 266.22645401663601206 266.27028715150419202 266.35041623403407129 266.43503099784936694 266.52239946300045403 266.61394117580920238 266.7133019708177244 266.89153501419622216 267.08911752137743179 267.28436056413818278 267.43726951870064568 267.49307991264458906 267.46659895384715355 267.46055374994080012 267.48815888844154642 267.54816347248413422 267.53026017102786227 267.45829148929698249 267.25995958005512421 267.16307271834642734 267.05610651495675256 267.02435500806438995 267.01401944219151119 266.99416772605911774 266.88104168545385164 266.72880021830110309 266.60080392670289484 266.56626176728497057 266.56080708167064586 266.50177348455548554 266.43799966922887279 266.43827733432681271 266.46692092489894321 266.4857358419543516 266.49990285130382972 266.42843947712844965 266.12556040933981194 265.76864834730196208 nan nan nan nan nan nan nan nan nan
265.15987028859365182 265.2542176121694979 265.36183950474492121 265.39716866559308528 265.3290168137832552 nan nan 265.51412474735570868 265.63954253955535023 265.69203589079933181 265.73158550106279563 265.82684660292051149 265.92363307502489533 266.05445957194086759 266.14381707245138386 266.19456289008007843 266.24551971135468875 266.2931360093267017 266.40164825767635648 266.46905504121531294 266.53296295538626737 266.65143581537432738 266.81094903281291408 267.0283745990133184 267.21078100156620394 267.3629901441136667 267.45485065978658668 267.43357541348882478 267.42177754465359385 267.4060364541768422 267.43821144028851222 267.49962785887424843 267.46104771654893284 267.35793223459614865 267.23927473415159284 267.13517589384593975 267.04379108794717013 266.97182916277029108 266.9661365348729305 266.91091817941548925 266.75175029540218929 266.59934648306119698 266.51300242630043158 266.50312504062077323 266.50145798157973331 266.44817229048805984 266.39826401876376849 266.38930137174423862 266.42304388348566135 266.4258333210061096 266.43489599619914543 266.36225584563493385 266.11169627584672526 265.8172247531379071 nan nan nan nan nan nan nan nan nan
264.90766652125665814 265.05405578999324234 265.21834668150700054 265.2649166342762328 nan nan nan nan nan nan 265.75118866224772773 265.87001043097637876 265.99434686490195645 266.08945064245625645 266.16501261114524368 266.22203268322869008 266.26401230038771928 266.3166593650505547 266.39671956964303945 266.48273919109982444 266.64006572778549753 266.80901386129409047 266.97954570588734668 267.15483268678246986 267.30118156411458585 267.42137720313792215 267.41514079679382121 267.3721296538977299 267.36924111455829234 267.35481322150258165 267.39117181076738916 267.43440154113272911 267.36380040515473411 267.28484943462945012 267.18783451069685952 267.10282387332955523 266.97797757826970155 266.88903153842306892 266.8710068164225504 266.76293407830053184 266.60241505407662999 266.47876611929132196 266.44451892839839502 266.46335529540590414 266.42961565981892136 266.3497727977106706 266.32130943280770907 266.34343925199033265 266.38567332280200617 266.37767396603885572 266.36780236132290156 266.3310508227194191 266.03730897345388939 265.78665144355005623 nan nan nan nan nan nan nan nan nan
264.78004255088831087 nan nan nan nan nan nan nan nan nan 265.79918866753718021 265.94956432419701287 266.13178031488047282 266.21639722039111575 266.27836347187462707 266.33836374704577565 266.39610667831215096 266.4288755728462661 266.52809067161678058 266.63910944728598906 266.77204279847808266 266.92814965001474548 267.09474305214183687 267.2397466572626854 267.33213809135020256 267.4142001657450578 267.35990516383947124 267.3199872773034258 267.31637777964488123 267.31077203988814972 267.33517636645484572 267.36019488376081199 267.2577691482876503 267.17975039164832651 267.10787593325875378 267.02797379907900677 266.92431358000931141 266.7777258050178375 266.70054252825781305 266.57084540347301527 266.45005972042770281 266.3868474844383627 266.39199850770296507 266.36954035628315296 266.29917289888157939 266.26635769819819188 266.26130630616586359 266.29936420843068845 266.35389421514548758 266.35070876826671338 266.32959891994664758 266.28431351562164764 266.1920672056866124 266.01093397851701639 265.74781908217102 nan nan nan nan nan nan nan nan
nan nan nan nan nan nan nan nan nan nan nan 266.07412558305424 266.27377690894360285 266.3754545081891365 266.42147456678731032 266.46875658720995261 266.48137625036514464 266.55083670078477098 266.63360893390694173 266.75509499687979087 266.90365712406719467 267.06042484728169484 267.19165240652165494 267.30942186217868084 267.34876443726926709 267.3648288088174354 267.3150936996723317 267.27546934405467027 267.26848249045218608 267.26193653291488772 267.2637947768723734 267.27345599364866757 267.16607900188637359 267.05914152833338449 267.00748721580077927 266.9600186586548034 266.81933283403674295 266.6602301620020512 266.54117355151214497 266.40541438467414537 266.31445253995286748 266.30360210467785009 266.27030861442028709 266.24196646908268349 266.22700875419991462 266.21925679526890463 266.22252861963437454 266.26213245524968443 266.28455315712244555 266.29812406810611947 266.28446241179835852 266.24510744267388418 266.15507010394503595 266.01680677068355863 265.67261597797909189 nan nan nan nan nan nan nan nan
nan nan nan nan nan nan nan nan nan nan nan nan nan 266.46834210411674349 266.54218619639755161 266.60874984701791846 266.65331300628321287 266.70945448119420007 266.77936005642783357 266.901508051632959 267.03804963213002566 267.1590654479953173 267.26873839838151525 267.30494063743628885 267.30195505727499494 267.31200612033518382 267.27213654185806035 267.23287862883495336 267.22174888979810703 267.20612159618923442 267.18746181555400199 267.16521332206957595 267.07439094383505562 266.98995448744528858 266.91975687903544667 266.85333902262487982 266.69820020006807226 266.52782206556338451 266.38700451837394212 266.29831498063191475 266.24863138731848267 266.22382883184275215 266.12295099154232503 266.15769699117907976 266.16051983888178256 266.17070741282572044 266.18886117533440938 266.20984343523122106 266.21681769147971863 266.22470153635686074 266.22663882513228373 266.20788431448937672 266.10228425073387371 265.82774011949078385 265.66475687528645722 265.52893380090415576 nan nan nan nan nan nan nan
nan nan nan nan nan nan nan nan nan nan nan nan nan nan nan 266.71741704153066621 266.79877933338337925 266.84437531426658552 266.92688679761369031 267.0265598022988911 267.14569556230816261 267.22747804336194122 267.26513297290728133 267.24245992383691828 267.25071620300934683 267.27484299150506786 267.24056565576955791 267.19410515070023848 267.17332149619710435 267.15137224094587509 267.09478557425330791 267.04800305395622217 266.99971670556578829 266.94517908038847054 266.86920378241654817 266.72452252249240701 266.51663785074322277 266.35170197370791811 266.24838021663282461 266.19931534753641245 266.16980305897902781 266.15376283300116711 266.11295344745013836 266.06078378195883261 266.09176235507680985 266.10198450990463925 266.12819997575081743 266.15208605971281486 266.17463077824663742 266.18922176802112745 266.18236591596900098 266.15193534937952791 266.03676230380392553 265.69393077374138556 265.57847173432747923 nan nan nan nan nan nan nan nan
nan nan nan nan nan nan nan nan nan nan nan nan nan nan nan 266.79792401009603964 266.90082275894360464 266.94185256397150852 267.03795030202985572 267.16897086256574312 267.2269841847578391 267.23910999299863533 267.2157800223619688 267.20153412292575013 267.21098578063691775 267.24060606784394167 267.20921658285931244 267.1510883975224715 267.10942300861324838 267.07660314608972385 266.97404565689703304 266.93670660286960583 266.90225226623027766 266.87117825209651301 266.82426697581274766 266.63677994266481619 266.29578918895640527 266.0954876635108235 266.14087170143761796 266.11675482836614037 266.07934232530720919 266.06000276938323168 266.05569214166570191 265.95800480240654906 265.98645163549628023 266.00139283087821696 266.03721697127866719 266.08772308851825983 266.11272034327885194 266.13090051216903476 266.12715907201800292 266.08030470869687178 265.95825784269214864 265.72426686203687041 nan nan nan nan nan nan nan nan nan
nan nan nan nan nan nan nan nan nan nan nan nan nan nan nan nan 266.95926434270506888 267.01731609623698205 267.11448529749719683 267.21476109623517914 267.23196041167597059 267.19278257495597018 267.17546509476898109 267.16233597639620712 267.17517979710021336 267.19705923804656322 267.16969040375840905 267.10195091498189868 267.03553211599501083 266.97151474978579699 266.86457758486426428 266.83209831261399358 266.81111733916975481 266.79462638849486211 266.77488912458397863 266.55592933188148663 266.23724357341757241 266.00257083645493594 266.04360771008089159 266.04093987045979475 265.99597814422969577 265.97451949133466087 265.96887054534693107 265.88873883578310142 265.92441251533404056 265.95054008323126027 265.99767744501207289 266.01519080141315499 266.03400022806044944 266.04531043267303403 266.04267671658334393 266.00363258589106863 265.86072154591101935 nan nan nan nan nan nan nan nan nan nan
nan nan nan nan nan nan nan nan nan nan nan nan nan nan nan nan nan 267.04590296823732842 267.12862904238664896 267.20823865740982228 267.20475727079872286 267.16218068521084206 267.13484016253482878 267.12439548677093626 267.12975481743598039 267.13137203790307694 267.09963085211410316 267.02167778203875059 266.97016175927609538 266.87793682065085932 266.80446202120350563 266.77329385618463675 266.74987455705769435 266.72891081355953702 266.68583650600555757 266.4213036874839986 266.21759268142153587 265.99703424002603924 265.91789594542620989 265.94212621006414565 265.92083888357217347 265.90361266684021757 265.89932629323345736 265.79825693413687304 265.83692638910559936 265.86964460534528598 265.90186378178896121 265.94369069869617306 265.9621714007130322 265.97214364078251947 265.95956003928336031 265.925437233728303 nan nan nan nan nan nan nan nan nan nan nan
nan nan nan nan nan nan nan nan nan nan nan nan nan nan nan nan nan 267.08426527825940866 267.14701590551499066 267.19826729323904146 267.19346831031060674 267.14826124896598003 267.11076752490669151 267.07892965923957718 267.06099918306455265 267.04789421957093509 267.03361254676104863 266.95231823441440611 266.88552808256599747 266.83150124298282435 266.77564062111531484 266.73644567506642034 266.69120888413266357 266.63330715212947553 266.58081204835326616 266.28947076220703138 266.07255540537738625 265.92082576766375723 265.82097193630454512 265.84633275158654442 265.83894353266208554 265.82189121282914357 265.81661068790208446 265.66882700572477916 265.70917153196927529 265.72762695379094566 265.76625812085671896 265.79809259445079306 265.84477174135224686 265.89126411336667388 265.89794128010038321 265.84939331134694385 nan nan nan nan nan nan nan nan nan nan nan
nan nan nan nan nan nan nan nan nan nan nan nan nan nan nan nan nan nan 267.1770268208770176 267.20101908434440929 267.18463424761534952 267.12081893014402567 267.06637750114521168 267.02295949747747272 266.97161976851043619 266.95507386977612896 266.98373170975105495 266.90727325378878731 266.8336524865817978 266.80851932995153675 266.7489303423964202 266.71901756278839457 266.66050268454989691 266.56559914363577946 266.48233273071178928 266.38412271874676662 266.13213012208706232 265.87518453648203831 265.74263562945833428 265.73334960252441306 265.75241531085430324 265.76869041403085703 265.7474949517851428 265.53899791701894628 265.545464974897925 265.57756893971316003 265.53583572801761647 265.57796196916399367 265.68564414901845794 265.79280050170126515 265.83123862152172023 nan nan nan nan nan nan nan nan nan nan nan nan
nan nan nan nan nan nan nan nan nan nan nan nan nan nan nan nan nan nan 267.19638977948824277 267.17560853327967152 267.12890518040177312 267.08392744098989624 267.01105540073410793 266.94283184840787726 266.90198771260020294 266.890607267854989 266.91682345858339431 266.88185300948032364 266.83376608739234825 266.79681512507613661 266.73452109493325679 266.68705092416217894 266.61890744492365002 266.46802048402054197 266.38373580822343456 266.32184292534503811 266.28122898439653454 266.11002313532787866 265.72577460594578724 265.63309627725334394 265.66542184115820646 265.67962143222473514 265.64152434818822712 265.36204177552133388 265.30541582495675357 265.2396348672054387 265.31362035635669372 265.54003545540291498 265.6461439111543541 265.67751750501378183 nan nan nan nan nan nan nan nan nan nan nan nan nan
nan nan nan nan nan nan nan nan nan nan nan nan nan nan nan nan nan nan nan nan 267.05023011328194116 267.0165990844173507 266.95175974808086039 266.86523707923265647 266.81599148053470572 266.80142824338338414 266.82543662461790746 266.83840723206839129 266.80842086531089308 266.71408926816809526 266.66538725535474441 266.61071088254027472 266.54522226243830119 266.37134816911094504 266.26613106879898396 266.23540308617532446 266.20658968092686791 266.09666271641026469 265.72709383687555373 265.55705979235932546 265.55076620455935199 265.56626249131051054 265.50862995075073059 265.22831002583166082 264.98021453678245507 nan 265.34091848388101198 265.56539886790005767 nan nan nan nan nan nan nan nan nan nan nan nan nan nan nan
nan nan nan nan nan nan nan nan nan nan nan nan nan nan nan nan nan nan nan nan 266.9563465881356592 266.90425802813581413 266.86561958382537796 266.7913641600841288 266.73586803842806603 266.725418035174755 266.7322243763322831 266.7588745339476759 266.74229868983104552 266.61854453024483291 266.48524155070208508 266.36516890238806354 266.23128023551942078 266.19184865390320738 266.16007592407333959 266.18560522202807306 266.11059408252026515 266.0273843620924481 265.80509660968209573 265.56247583287881753 265.47247773698813944 265.46125882317619471 265.3188576340538134 265.06803107621755089 nan nan nan nan nan nan nan nan nan nan nan nan nan nan nan nan nan nan nan
nan nan nan nan nan nan nan nan nan nan nan nan nan nan nan nan nan nan nan nan 266.80644492024333658 266.77329604821460407 266.73417621913870335 266.69793384864544805 266.64242895249077492 266.65283379306129063 266.65416459834563057 266.67689156266942518 266.63991886627201211 266.38123793094985103 266.10517458016192904 265.99040626162275203 265.95873425303147997 266.03775534591625274 266.05600906465269873 266.09075480004543124 266.01328237270178079 265.92072438635091203 265.74861942675011051 265.59908290744465376 265.47334163105688276 265.38957708743237163 265.26851798967845752 265.0811783610799921 nan nan nan nan nan nan nan nan nan nan nan nan nan nan nan nan nan nan nan
nan nan nan nan nan nan nan nan nan nan nan nan nan nan nan nan nan nan nan nan 266.62367474319790972 266.60101819456599515 266.60868528433456959 266.56521867444104146 266.56589045485088718 266.59994242226395045 266.59273255346226961 266.60084946896552083 266.57046519275934315 266.35040355846820148 265.90877106369441663 265.6743643442624716 265.84216156860452429 265.96805169351989662 265.96149711164400742 265.88467053960715702 265.79576752597688483 265.74386933239816244 265.65611527752434995 265.59408006496312282 265.4776472191161929 265.37373541108803465 265.2806549817113364 265.05346693760833432 nan nan nan nan nan nan nan nan nan nan nan nan nan nan nan nan nan nan nan
nan nan nan nan nan nan nan nan nan nan nan nan nan nan nan nan nan nan nan nan nan 266.40559551662857984 266.48039314510845088 266.47749757404682214 266.51131176971694003 266.55109058249308873 266.54208288451559383 266.54472614772919314 266.50877031981895016 266.36659104560823152 265.98231126713710637 265.55057410004224039 265.76365367508645932 265.83693414785892628 265.81381320348594954 265.58949715880908116 265.5899807178313381 265.58897811397673649 265.56583293462148276 265.5541130808608159 265.46515221902473058 265.34328001979088185 265.24318586342565141 nan nan nan nan nan nan nan nan nan nan nan nan nan nan nan nan nan nan nan nan
nan nan nan nan nan nan nan nan nan nan nan nan nan nan nan nan nan nan nan nan nan 266.39016092530442847 266.41838705980495661 266.42050505899027257 266.44223947737566505 266.48291411682868102 266.48706799710936366 266.49401194564916295 266.42351068440939343 266.26220925266801487 265.96815221514265204 265.44346031459411961 265.58836724982216992 265.69061276432205432 265.59110720971398223 265.3555518251427543 265.42865214207591862 265.45329586683459411 265.47216871412121009 265.48067041992823079 265.41208859346613735 265.26902845450825907 265.17538518720880347 nan nan nan nan nan nan nan nan nan nan nan nan nan nan nan nan nan nan nan nan
nan nan nan nan nan nan nan nan nan nan nan nan nan nan nan nan nan nan nan nan 266.31495266050853843 266.3530629433116701 266.35493011596702218 266.35973438376038303 266.38672692808592046 266.41679221361295049 266.4309271813681903 266.43608049403241012 266.23415252030196143 265.9928952058380105 265.78996306837063912 265.49750661653592942 265.40009132889235843 265.49331220000595977 265.25746940506496685 265.23627286369287503 265.3385186410064307 265.28401857041114908 265.33522935474877613 265.39406044846464283 265.32960281472293218 265.19516003722287678 nan nan nan nan nan nan nan nan nan nan nan nan nan nan nan nan nan nan nan nan nan
nan nan nan nan nan nan nan nan nan nan nan nan nan nan nan nan nan nan nan 266.20284280549981304 266.29549363092627345 266.30413100711871266 266.30637653770759243 266.30801114714256528 266.33680029872675732 266.35924264811450257 266.36543229876929217 266.36085105343357782 266.13923327592380019 265.97979694117015015 265.80355852902630431 265.66960890318193833 265.59444986372437825 265.42727339090191663 265.32178003671822353 265.24039642412520834 265.25805791840821257 265.16067451806793542 265.20623330203210344 265.28889344945832818 265.22749134807997962 nan nan nan nan nan nan nan nan nan nan nan nan nan nan nan nan nan nan nan nan nan nan
nan nan nan nan nan nan nan nan nan nan nan nan nan nan nan nan nan 265.87439092049760347 266.09189234659760359 266.20102875894252747 266.23757350544610745 266.23771271574452157 266.2589336807361633 266.25590022895454467 266.27802624312249691 266.29684856901502599 266.28740344359135861 266.28276692442608464 266.07800146861762869 265.97832875053489943 265.84889433949234672 265.61007037162829647 265.50347980450754903 265.55106561137176868 265.52733916418998206 nan nan nan nan nan nan nan nan nan nan nan nan nan nan nan nan nan nan nan nan nan nan nan nan nan nan nan nan
nan nan nan nan nan nan nan nan nan nan nan nan nan nan nan nan 265.69188040785712701 265.89788994759214802 266.08359920333299442 266.15619391288976203 266.15991752521051694 266.16303272916422884 266.19436061364689294 266.21118859204352702 266.22830741873065108 266.2335465139946109 266.21673566306867542 266.20798818948230746 266.07472129032208841 265.84749124339384707 265.79701891516680234 265.71316974029008406 265.48330692033101741 nan nan nan nan nan nan nan nan nan nan nan nan nan nan nan nan nan nan nan nan nan nan nan nan nan nan nan nan nan nan
nan nan nan nan nan nan nan nan nan nan nan nan nan nan nan nan 265.68409586343904039 265.93373500308297253 266.01726488303887663 266.05082674759336214 266.07915481284987891 266.08895438097846409 266.11843220208294269 266.1620993567593132 266.19945094701080279 266.18276292077200651 266.15138253178662353 266.12325459944878503 266.0598537523825371 265.79849118965768184 265.80627965600115203 265.68553038472782646 nan nan nan nan nan nan nan nan nan nan nan nan nan nan nan nan nan nan nan nan nan nan nan nan nan nan nan nan nan nan nan
nan nan nan nan nan nan nan nan nan nan nan nan nan nan nan nan 265.7329254598222974 265.85545180430642631 265.86329225626968764 265.90065017890788113 265.96765835927192256 266.00042824075120507 266.0223784828867224 266.01950889089391694 266.01533270667727038 266.04127082463219267 266.08044737560101112 266.02706149202299457 265.99005475175346191 nan nan nan nan nan nan nan nan nan nan nan nan nan nan nan nan nan nan nan nan nan nan nan nan nan nan nan nan nan nan nan nan nan nan
nan nan nan nan nan nan nan nan nan nan nan nan nan nan nan nan nan 265.69492934149394614 265.64916301016256739 265.74595084836937531 265.81243529217101695 265.87906033746764933 265.90468744171994331 265.90803870706884027 265.86376362338461377 265.80142352796781324 265.94832023795976284 nan nan nan nan nan nan nan nan nan nan nan nan nan nan nan nan nan nan nan nan nan nan nan nan nan nan nan nan nan nan nan nan nan nan nan nan
nan nan nan nan nan nan nan nan nan nan nan nan nan nan nan nan nan nan nan 265.57930483091473661 265.58556684981533635 265.70306915809243264 265.68809062066139859 265.6884110497697975 nan nan nan nan nan nan nan nan nan nan nan nan nan nan nan nan nan nan nan nan nan nan nan nan nan nan nan nan nan nan nan nan nan nan nan nan nan nan nan
nan nan nan nan nan nan nan nan nan nan nan nan nan nan nan nan nan nan nan nan nan nan nan nan nan nan nan nan nan nan nan nan nan nan nan nan nan nan nan nan nan nan nan nan nan nan nan nan nan nan nan nan nan nan nan nan nan nan nan nan nan nan nan
