results/rofental/temp_month_2020-06-01T0000_2020-06-30T2300.asc
ncols        322
nrows        225
xllcorner    622802.488000000012
yllcorner    5178049.378999999724
cellsize     100.000000000000
[rows 168 to 195 of 225, columns 63 to 125 of 322]
nan nan nan nan nan nan nan nan nan nan nan nan nan nan nan nan nan nan nan nan nan nan nan nan nan nan nan nan 271.94328532548627209 272.40261260073401672 272.70595323240524976 272.80179009339133245 272.89104366291741144 273.01597756391561234 273.24021994121721946 273.66445533690421144 273.77436474799225152 273.81042417510724363 273.91817331893105347 274.05273195366009986 274.09853100790843428 274.14381692869216067 274.16775856439807058 274.23403464461819112 274.37443007105508741 274.46497045973882223 274.51947453127456811 274.589475067928106 274.66417633403125365 274.71143001807638484 274.75286134688025186 274.79208443045587273 274.8338461956745391 274.87522598357418246 274.92478371156630601 274.98632640681483963 275.03495236692981507 275.08955350787510952 275.14019265563138106 275.12218994771671987 275.0361409987474417 274.80281077162550218 274.54765532853559762
nan nan nan nan nan nan nan nan nan nan nan nan nan nan nan nan nan nan nan nan nan nan nan nan nan nan nan nan 271.84963720693821188 272.37348052745159066 272.81983312325189672 272.90030522667927926 272.94637285289059037 273.02699606102021335 273.19051546456284996 273.46009383498602574 273.78349340591722694 273.85012712616230601 273.92595622530473065 273.98986513059776371 274.03014568241195548 274.14428297106502441 274.20842233922763853 274.23942275158486837 274.3571220197322873 274.45399646122973536 274.50926926027898389 274.57752440012370698 274.64414583441902096 274.68232833080105593 274.7067427661917236 274.73569987687648108 274.76788494273893093 274.80882352637445365 274.85868490472432768 274.91424161208385613 274.93826747132538912 274.94072750231822511 274.88490600109457773 274.81194858062065123 274.70918360404385794 274.41814552180403552 274.18452870073815575
nan nan nan nan nan nan nan nan nan nan nan nan nan nan nan nan nan nan nan nan nan nan nan nan nan nan nan 272.13305129444455588 272.19276342969283178 272.63976212852941217 272.93342210020068705 273.01771220482925173 273.02224177120456261 273.05930360508324384 273.19134793419823382 273.39525411360466478 273.63193369779878594 273.82793140798042941 273.95406731765751829 273.93453268445051663 273.96183243380238537 274.1277192123048394 274.24867176499179777 274.26258522023306341 274.31366436293399147 274.3785160530329108 274.4591912108396059 274.53608669057405223 274.5932252314301536 274.63135047642845166 274.65326663842648713 274.68975887806323044 274.71775470349115267 274.76010063271149875 274.79739948569033459 274.7745442095283579 274.72545808669605094 274.6413561411596902 274.56491190915102152 274.47821089241091386 274.30279260406945241 273.98959938350560606 273.70778055041614607
nan nan nan nan nan nan nan nan nan nan nan nan nan nan nan nan nan nan nan nan nan nan nan nan nan nan nan 272.30271266063897428 272.57450350791157234 272.79785911358771955 272.95178495380713457 273.07643267511639351 273.08550198892822891 273.11232013675697772 273.18560097200895598 273.29180282858635564 273.45316934882509941 273.70244273086757403 273.87566819281056496 273.86517777991281264 273.90032876825756603 274.1116081891013323 274.25422494512486082 274.24681106193531832 274.25030530485202007 274.28633344646192427 274.36620792572506389 274.44231009087445727 274.48827107548959248 274.53064613180185916 274.55530448880580252 274.62519476516729355 274.64122043509314608 274.61168909743923905 274.57429372065865891 274.51385809537936211 274.40298261756220199 274.31917236917411174 274.21379498308533584 274.08642834374450103 273.83063322047252086 273.61021989615255734 nan
nan nan nan nan nan nan nan nan nan nan nan nan nan nan nan nan nan nan nan nan nan nan nan nan nan nan nan nan 272.45879942080307501 272.82655647207866423 272.95403510998062302 273.03146687115400937 273.0863020166913202 273.15614351651061043 273.22250839940937794 273.2621067833537154 273.39346431440083052 273.53707335342124907 273.67670909873777418 273.77360154177443974 273.81873689114593162 274.00083221726634974 274.16313692952911651 274.18658790435421224 274.18231370561807125 274.20715866831841367 274.3159179597002435 274.3747314639829824 274.39881926048121841 274.40551466011385173 274.38989735887008692 274.3725886993097447 274.30379488207540817 274.25947132069126155 274.19673053478936708 274.1235996529672434 273.99118615317729564 273.92559047841541542 273.83057342203255757 273.71622245391324668 273.36038854412987575 273.3443062559028931 nan
nan nan nan nan nan nan nan nan nan nan nan nan nan nan nan nan nan nan nan nan nan nan nan nan nan nan nan nan nan 272.54366792325976121 272.89441650817434493 272.96478416981062765 273.03431576442375217 273.13795894319213176 273.24045008411167146 273.30628945571800159 273.40255058104622776 273.49497323115855352 273.62954655437994234 273.74864648939870904 273.78252686828261631 273.93691025271442641 274.09445780519922664 274.12989544795141228 274.11438524505871328 274.14091515754620332 274.25752840105730002 274.24858892690184575 274.21951776742531592 274.18271356264887118 274.07471898312837766 274.01953290952872067 274.02360471276944054 273.94479858090068092 273.82219589310875563 273.71298970976022247 273.59857006971299143 273.53744541899419573 273.38202711685909208 273.16757525329194323 273.1523085758303182 nan nan
nan nan nan nan nan nan nan nan nan nan nan nan nan nan nan nan nan nan nan nan nan nan nan nan nan nan nan nan nan nan 272.47757260377170496 272.68711394159862493 272.87049798922583932 273.02270439835376692 273.13497098309852618 273.31266807301091148 273.40081406614041271 273.48371227715551868 273.60321356355427724 273.65344012412333541 273.66611729734478331 273.7605468449601176 273.87258861894991924 273.91344069237976555 273.9092412421856011 273.93689179710020198 273.97065770112425298 273.95583018897747252 273.93643009748228678 273.90637036087258593 273.83080158035210161 273.80719819612374977 273.72727763593525196 273.56219864829301969 273.45252598376526976 273.30780491770786966 273.17901266978287822 273.03226094467390794 nan nan nan nan nan
nan nan nan nan nan nan nan nan nan nan nan nan nan nan nan nan nan nan nan nan nan nan nan nan nan nan nan nan nan nan nan nan nan nan nan 273.26967468634728675 273.33952073297456309 273.42134528603708077 273.46595217036804115 273.44512938272538349 273.42836705514605455 273.47297663189931427 273.41555710443896032 273.48838278416400271 273.59864421450566851 273.68761173915578411 273.73759765099691776 273.79060308829900805 273.75084549806291534 273.71998023874658656 273.65588418284517047 273.53520404644723385 273.30807974094892643 nan nan nan nan nan nan nan nan nan nan
nan nan nan nan nan nan nan nan nan nan nan nan nan nan nan nan nan nan nan nan nan nan nan nan nan nan nan nan nan nan nan nan nan nan nan nan nan nan nan nan nan nan nan nan nan nan 273.68980333318728526 273.67931296439166999 273.60083358437913148 273.54908536860102686 273.4173552722481304 273.18193253178270652 273.01601304137744819 nan nan nan nan nan nan nan nan nan nan
nan nan nan nan nan nan nan nan nan nan nan nan nan nan nan nan nan nan nan nan nan nan nan nan nan nan nan nan nan nan nan nan nan nan nan nan nan nan nan nan nan nan nan nan nan nan nan 273.59454089458512271 273.39464753891763849 273.39143651044344097 273.20131503614800295 nan nan nan nan nan nan nan nan nan nan nan nan
nan nan nan nan nan nan nan nan nan nan nan nan nan nan nan nan nan nan nan nan nan nan nan nan nan nan nan nan nan nan nan nan nan nan nan nan nan nan nan nan nan nan nan nan nan nan nan nan nan nan nan nan nan nan nan nan nan nan nan nan nan nan nan
nan nan nan nan nan nan nan nan nan nan nan nan nan nan nan nan nan nan nan nan nan nan nan nan nan nan nan nan nan nan nan nan nan nan nan nan nan nan nan nan nan nan nan nan nan nan nan nan nan nan nan nan nan nan nan nan nan nan nan nan nan nan nan
nan nan nan nan nan nan nan nan nan nan nan nan nan nan nan nan nan nan nan nan nan nan nan nan nan nan nan nan nan nan nan nan nan nan nan nan nan nan nan nan nan nan nan nan nan nan nan nan nan nan nan nan nan nan nan nan nan nan nan nan nan nan nan
nan nan nan nan nan nan nan nan nan nan nan nan nan nan nan nan nan nan nan nan nan nan nan nan nan nan nan nan nan nan nan nan nan nan nan nan nan nan nan nan nan nan nan nan nan nan nan nan nan nan nan nan nan nan nan nan nan nan nan nan nan nan nan
nan nan nan nan nan nan nan nan nan nan nan nan nan nan nan nan nan nan nan nan nan nan nan nan nan nan nan nan nan nan nan nan nan nan nan nan nan nan nan nan nan nan nan nan nan nan nan nan nan nan nan nan nan nan nan nan nan nan nan nan nan nan nan
nan nan nan nan nan nan nan nan nan nan nan nan nan nan nan nan nan nan nan nan nan nan nan nan nan nan nan nan nan nan nan nan nan nan nan nan nan nan nan nan nan nan nan nan nan nan nan nan nan nan nan nan nan nan nan nan nan nan nan nan nan nan nan
nan nan nan nan nan nan nan nan nan nan nan nan nan nan nan nan nan nan nan nan nan nan nan nan nan nan nan nan nan nan nan nan nan nan nan nan nan nan nan nan nan nan nan nan nan nan nan nan nan nan nan nan nan nan nan nan nan nan nan nan nan nan nan
nan nan nan nan nan nan nan nan nan nan nan nan nan nan nan nan nan nan nan nan nan nan nan nan nan nan nan nan nan nan nan nan nan nan nan nan nan nan nan nan nan nan nan nan nan nan nan nan nan nan nan nan nan nan nan nan nan nan nan nan nan nan nan
nan nan nan nan nan nan nan nan nan nan nan nan nan nan nan nan nan nan nan nan nan nan nan nan nan nan nan nan nan nan nan nan nan nan nan nan nan nan nan nan nan nan nan nan nan nan nan nan nan nan nan nan nan nan nan nan nan nan nan nan nan nan nan
nan nan nan nan nan nan nan nan nan nan nan nan nan nan nan nan nan nan nan nan nan nan nan nan nan nan nan nan nan nan nan nan nan nan nan nan nan nan nan nan nan nan nan nan nan nan nan nan nan nan nan nan nan nan nan nan nan nan nan nan nan nan nan
nan nan nan nan nan nan nan nan nan nan nan nan nan nan nan nan nan nan nan nan nan nan nan nan nan nan nan nan nan nan nan nan nan nan nan nan nan nan nan nan nan nan nan nan nan nan nan nan nan nan nan nan nan nan nan nan nan nan nan nan nan nan nan
nan nan nan nan nan nan nan nan nan nan nan nan nan nan nan nan nan nan nan nan nan nan nan nan nan nan nan nan nan nan nan nan nan nan nan nan nan nan nan nan nan nan nan nan nan nan nan nan nan nan nan nan nan nan nan nan nan nan nan nan nan nan nan
nan nan nan nan nan nan nan nan nan nan nan nan nan nan nan nan nan nan nan nan nan nan nan nan nan nan nan nan nan nan nan nan nan nan nan nan nan nan nan nan nan nan nan nan nan nan nan nan nan nan nan nan nan nan nan nan nan nan nan nan nan nan nan
nan nan nan nan nan nan nan nan nan nan nan nan nan nan nan nan nan nan nan nan nan nan nan nan nan nan nan nan nan nan nan nan nan nan nan nan nan nan nan nan nan nan nan nan nan nan nan nan nan nan nan nan nan nan nan nan nan nan nan nan nan nan nan
nan nan nan nan nan nan nan nan nan nan nan nan nan nan nan nan nan nan nan nan nan nan nan nan nan nan nan nan nan nan nan nan nan nan nan nan nan nan nan nan nan nan nan nan nan nan nan nan nan nan nan nan nan nan nan nan nan nan nan nan nan nan nan
nan nan nan nan nan nan nan nan nan nan nan nan nan nan nan nan nan nan nan nan nan nan nan nan nan nan nan nan nan nan nan nan nan nan nan nan nan nan nan nan nan nan nan nan nan nan nan nan nan nan nan nan nan nan nan nan nan nan nan nan nan nan nan
nan nan nan nan nan nan nan nan nan nan nan nan nan nan nan nan nan nan nan nan nan nan nan nan nan nan nan nan nan nan nan nan nan nan nan nan nan nan nan nan nan nan nan nan nan nan nan nan nan nan nan nan nan nan nan nan nan nan nan nan nan nan nan
nan nan nan nan nan nan nan nan nan nan nan nan nan nan nan nan nan nan nan nan nan nan nan nan nan nan nan nan nan nan nan nan nan nan nan nan nan nan nan nan nan nan nan nan nan nan nan nan nan nan nan nan nan nan nan nan nan nan nan nan nan nan nan
