results/rofental/temp_month_2020-06-01T0000_2020-06-30T2300.asc
ncols        322
nrows        225
xllcorner    622802.488000000012
yllcorner    5178049.378999999724
cellsize     100.000000000000
[rows 56 to 83 of 225, columns 189 to 251 of 322]
nan nan nan nan nan nan nan nan nan nan nan nan nan nan nan nan nan nan nan nan nan nan nan nan nan nan nan nan nan nan nan nan nan nan nan nan nan nan nan nan nan nan nan nan nan nan nan nan nan nan nan nan nan nan nan nan nan nan nan nan nan nan nan
nan nan nan nan nan nan nan nan nan nan nan nan nan nan nan nan nan nan nan nan nan nan nan nan nan nan nan nan nan nan nan nan nan nan nan nan nan nan nan nan nan nan nan nan nan nan nan nan nan nan nan nan nan nan nan nan nan nan nan nan nan nan nan
nan nan nan nan nan nan nan nan nan nan nan nan nan nan nan nan nan nan nan nan nan nan nan nan nan nan nan nan nan nan nan nan nan nan nan nan nan nan nan nan nan nan nan nan nan nan nan nan nan nan nan nan nan nan nan nan nan nan nan nan nan nan nan
nan nan nan nan nan nan nan nan nan nan nan nan 273.32638439226093396 nan nan nan nan nan nan nan nan nan nan nan nan nan nan nan nan nan nan nan nan nan nan nan nan nan nan nan nan nan nan nan nan nan nan nan nan nan nan nan nan nan nan nan nan nan nan nan nan nan nan
nan nan nan nan nan nan nan nan nan nan 272.77749605008995104 273.07892184582004802 273.46036666237563395 273.68048706297264516 273.79647706357764037 nan nan nan nan nan nan nan nan nan nan nan nan nan nan nan nan nan nan nan nan nan nan nan nan nan nan nan nan nan nan nan nan nan nan nan nan nan nan nan nan nan nan nan nan nan nan nan nan
nan nan nan nan nan nan nan nan 272.73489130854801488 272.8627715139921861 273.06010356884593193 273.33101916197563241 273.59620039684017456 273.83558636085274429 274.11903699391052669 274.21334247129260575 nan nan nan nan nan nan nan nan nan nan nan nan nan nan nan nan nan nan nan nan nan nan nan nan nan nan nan nan nan nan nan nan nan nan nan nan nan nan nan nan nan nan nan nan nan nan nan
nan nan nan nan nan nan 272.23022726925591996 272.71598159604684497 273.13261084262245504 273.40052853192617022 273.60123609827104474 273.75402921728078809 273.85735866289513751 274.0185663520160233 274.30850017282710951 274.54056761448646284 274.5658445884778871 274.49156850310492928 nan nan nan nan nan nan nan nan nan nan nan nan nan nan nan nan nan nan nan nan nan nan nan nan nan nan nan nan nan nan nan nan nan nan nan nan nan nan nan nan nan nan nan nan nan
nan nan nan nan nan 272.16911537041738711 272.44131982151736793 273.01489186836965928 273.38286796652977273 273.60348700867058369 273.77922580615165771 273.95230769409704408 274.1280374151129422 274.26210869960817718 274.49635454573893867 274.72156574488775505 274.84541389264057898 274.84106495477044518 274.69331242652538094 274.45223224334642964 nan nan nan nan nan nan nan nan nan nan nan nan nan nan nan nan nan nan nan nan nan nan nan nan nan nan nan nan nan nan nan nan nan nan nan nan nan nan nan nan nan nan nan
nan nan nan nan nan 272.14491852057494725 272.4881550492436304 273.05277284228884582 273.48364747632803073 273.6565905197770121 273.81773963102591551 273.99880251501144812 274.1823466389251962 274.38119169696182098 274.59112097058124391 274.80258110095650181 274.92585448847904672 274.98206375449365169 274.94983671924239843 274.74109943669395761 274.42449551464966362 nan nan nan nan nan nan nan nan nan nan nan nan nan nan nan nan nan nan nan nan nan nan nan nan nan nan nan nan nan nan nan nan nan nan nan nan nan nan nan nan nan nan
273.09506433875134235 272.62304927292774437 nan nan 272.60307476811755123 272.71208024675206616 272.80880793583429522 273.07563272834579493 273.40828082174567726 273.59754345428785882 273.67331995522715715 273.97525014829113843 274.31728743349430033 274.51415708684163519 274.6600344067795163 274.82023495483588249 274.94126717122264836 275.0320558745788162 275.08390016035201597 275.00580863119955666 274.69223768025068466 274.66246257498875138 nan nan nan nan nan nan nan nan nan nan nan nan nan nan nan nan nan nan nan nan nan nan nan nan nan nan nan nan nan nan nan nan nan nan nan nan nan nan nan nan nan
273.44161347451188249 273.06148708560232308 272.81973412053298489 272.78122726018114008 273.06812025719045778 273.29735553919567792 273.35322316120760888 273.20078665824252084 273.34122350400571122 273.54219929405485345 273.7535318096664696 274.0725221163762626 274.39220177681062296 274.68827406778245859 274.75814183947329639 274.84585706339271383 274.99055067683207199 275.10079945278658897 275.16720442288857384 275.16041905295389824 274.85332127845549621 274.85379572267299864 274.93812357046647321 nan nan nan nan nan nan nan nan nan nan nan nan nan nan nan nan nan nan nan nan nan nan nan nan nan nan nan nan nan nan nan nan nan nan nan nan nan nan nan nan
273.82735689861391393 273.59092092068095781 273.31877349305915459 273.17737492567465551 273.49252116796469636 273.72202613481289291 273.69970762260589936 273.33162698526814438 273.27677143797080817 273.50326834618613248 273.78808077166200974 274.1310295937599335 274.41833381568659433 274.67136352366691199 274.82392706879812749 274.9317476614971838 275.0858723876493741 275.19398888365850553 275.27228762842804599 275.30202560861596339 275.06130070211793281 275.07992803270047943 275.1147187260762621 275.18538344253818195 nan nan nan nan nan nan nan nan nan nan nan nan nan nan nan nan nan nan nan nan nan nan nan nan nan nan nan nan nan nan nan nan nan nan nan nan nan nan nan
274.34290293103958902 274.13501957059833103 273.76844263069733643 273.52436667729961073 273.8126125244521063 274.10626497176025396 274.04790399396034672 273.70930452758557294 273.52096796532674716 273.40370083868924667 273.56549591769299923 274.09443211574404131 274.42624672392071261 274.65995527867460169 274.83330269458991779 274.98728686466358795 275.15277515645391304 275.25556748641486138 275.38588106744555262 275.50545687671990436 275.53172063021304439 275.61768678660138221 275.47084178158212353 275.30589608347872854 nan nan nan nan nan nan nan nan nan nan nan nan nan nan nan nan nan nan nan nan nan nan nan nan nan nan nan nan nan nan nan nan nan nan nan nan nan nan nan
274.59223617335607059 274.40359559877867923 274.11492571622784453 274.11497797787006903 274.23351313395198758 274.46278039329462217 274.39928204510846399 274.14894749033175003 274.01597276148572746 273.79121628004094191 273.53664897561583302 273.75876329021161837 274.21891558847994474 274.57330205929179101 274.85435386576506289 275.04525263585099992 275.23935715892741882 275.37709231273152 275.55324282421105409 275.71434085610553666 275.88686763714372319 276.03798644776685478 275.90302400250732262 275.63934187556969846 nan nan nan nan nan nan nan nan nan nan nan nan nan nan nan nan nan nan nan nan nan nan nan nan nan nan nan nan nan nan nan nan nan nan nan nan nan nan nan
274.70191208330271593 274.81257850125177811 274.83168371441291811 274.75750571296072167 274.84920642684045333 274.86278531823444382 274.69076303117242333 274.5448939726388744 274.47530616446800877 274.27103789896773378 274.00197916140461984 273.8046766641395493 273.91526170634540449 274.22510370442483918 274.7176818900628632 275.1010008795172439 275.3943931796563902 275.58877928747637043 275.74847767359091222 275.90505977440119523 276.02761650555362394 276.15529477679245929 276.16031321873680326 275.86249394030357962 nan nan nan nan nan nan nan nan nan nan nan nan nan nan nan nan nan nan nan nan nan nan nan nan nan nan nan nan nan nan nan nan nan nan nan nan nan nan nan
275.13764416720738382 275.33102150358865856 275.4958363831097472 275.45707313972172869 275.33020149100985918 275.20667519411875901 275.07601301923318715 274.97083420529583009 274.86044922693338322 274.70116410146317776 274.48552101832518701 274.33866440929091368 274.36668354402854675 274.30505737308726566 274.49483088435135869 274.98414938682026332 275.48180018672115921 275.80704318086685589 275.97994990868585319 276.11248811237970813 276.18344901293585281 276.24934898278854689 276.38699698670887983 276.35165443666306828 276.0881550661260917 nan nan nan nan nan nan nan nan nan nan nan nan nan nan nan nan nan nan nan nan nan nan nan nan nan nan nan nan nan nan nan nan nan nan nan nan nan nan
275.29821638368184722 275.53302378126949179 275.74039611079081169 275.68618898240407589 275.5860809925870285 275.5443661760705254 275.48226142973589958 275.36490431938875645 275.2495521563694183 275.12726086043710438 274.86789434508472141 274.73212126826649637 274.82186158600899262 274.75446786036269486 274.63309685878522259 275.11850860328496537 275.59900005241189547 275.99391715232042088 276.16480057039194662 276.31914420854479886 276.5596583162170532 276.55779818945643456 276.64526314272819718 276.71492922513601798 276.52057343229580511 276.30698138217286441 nan nan nan nan nan nan nan nan nan nan nan nan nan nan nan nan nan nan nan nan nan nan nan nan nan nan nan nan nan nan nan nan nan nan nan nan nan
275.54496787798825608 275.75118704944134151 275.89260099362132905 275.83547500714712442 275.79995641949011542 275.79551443237647845 275.82061374112225849 275.68523665462316785 275.61283767139855172 275.54223229412656337 275.3019801445150847 275.13325205818608765 275.18386437360305763 275.16091981053637028 275.11596360156710261 275.23713493272992991 275.75894839440718442 276.18416629758843328 276.30725963109864551 276.53157301935243595 276.94273155459376312 277.10373038321057493 276.9562780038307892 276.96869242958285895 276.87632948595353355 276.60764049605910486 nan nan nan nan nan nan nan nan nan nan nan nan nan nan nan nan nan nan nan nan nan nan nan nan nan nan nan nan nan nan nan nan nan nan nan nan nan
275.6923075419430802 275.86668235227841706 275.96506978449457392 275.97736737496404658 275.94717486343466817 275.97560080773291702 276.03121151038766357 276.01035308616707198 275.94467911336835186 275.89539590435589389 275.70856511958407964 275.49128909766665174 275.45080918573302142 275.50141974726386707 275.56553202475458875 275.72171212938246754 275.87047857019706498 276.41004098364322772 276.58135621480931832 276.78802024344508936 277.14873505980727941 277.36200720239855855 277.33748728337451439 277.23365044959581382 277.02917440879696187 276.86083958054518916 276.57301214146696111 nan nan nan nan nan nan nan nan nan nan nan nan nan nan nan nan nan nan nan nan nan nan nan nan nan nan nan nan nan nan nan nan nan nan nan nan
275.75812866219280295 275.88652836983197858 276.06458264471569919 276.08505749621343739 276.08135998331079008 276.10192838062249621 276.14449686620781677 276.23010362064076162 276.2609167713142142 276.21810386387841163 276.01776322177857992 275.68360911838419725 275.65530242244602732 275.84044177205333881 275.93653871313915715 276.07058779538220961 276.33298110389603153 276.69490035745161549 276.98207725815194635 277.13951315362550076 277.34358716771743048 277.46894272901738532 277.52742248366081412 277.34083024435028619 277.11932715985938103 276.82831402498680973 276.56673441543017589 nan nan nan nan nan nan nan nan nan nan nan nan nan nan nan nan nan nan nan nan nan nan nan nan nan nan nan nan nan nan nan nan nan nan nan nan
275.79925932433934577 275.97390611918058312 276.15910256582964166 276.18384885138783602 276.19461300534590009 276.24947056326300299 276.32207669279733864 276.38637389896672403 276.46582219258880286 276.46763621597119709 276.21616558106080674 275.89711564115793863 275.68376048787905574 275.94391342340520623 276.14098691384054973 276.31164437548653723 276.56130887617109693 276.9045755838225773 277.2313272241039499 277.41509830602700504 277.57427397431990812 277.57227859535089465 277.5822392920226207 277.392240161133941 277.1327084856789611 276.75558185561175151 nan nan nan nan nan nan nan nan nan nan nan nan nan nan nan nan nan nan nan nan nan nan nan nan nan nan nan nan nan nan nan nan nan nan nan nan nan
275.82245594380293596 276.07729239660733356 276.23025794359921292 276.29109869844546665 276.28051768121844134 276.39144166954935145 276.50103013560402587 276.50751981429709758 276.56232940740846971 276.61476602062469965 276.40687688683783563 276.0565685707317698 275.75673751026107539 276.0572839555874225 276.39189414308390269 276.56531231995768394 276.7889005412769734 277.06229933639440333 277.37654576539176787 277.65728721377013244 277.80552401579222987 277.7727623747018697 277.71745734872638423 277.38855321411466548 277.13217292027081839 276.76993404339810922 nan nan nan nan nan nan nan nan nan nan nan nan nan nan nan nan nan nan nan nan nan nan nan nan nan nan nan nan nan nan nan nan nan nan nan nan nan
275.62103894401190018 276.01630028824018837 276.28825678528124854 276.41161441616515049 276.40969524866142137 276.47863148037595238 276.61870330385602301 276.65358198463457029 276.66796608311597083 276.71940473484522727 276.58327290268607612 276.25787201442119567 275.89342842808503065 276.00218710120901733 276.37725248808067136 276.65615284627455139 276.98187736564466377 277.33932475854027189 277.7240835360893243 277.91681922026060647 278.03723155444117765 278.0368890075243371 277.83589353500326524 277.51627524757816445 277.30291441312658662 277.07150551113721804 nan nan nan nan nan nan nan nan nan nan nan nan nan nan nan nan nan nan nan nan nan nan nan nan nan nan nan nan nan nan nan nan nan nan nan nan nan
275.69415048570323279 275.89680936290363888 276.21893093584475309 276.44273895386828599 276.52607814338512071 276.55698757142988597 276.67931531800576295 276.77924031480978329 276.82618351787414213 276.72446131091561483 276.67248484430041344 276.5429484712554995 276.21567095605627173 276.10570316070510444 276.43670970098929729 276.83886415580536777 277.14011627740376298 277.51757214032272714 277.91567574770505189 278.13091884624310524 278.23644847546324854 278.15913691842723665 277.88177927820709101 277.67881543564664071 277.54138725604212823 nan nan nan nan nan nan nan nan nan nan nan nan nan nan nan nan nan nan nan nan nan nan nan nan nan nan nan nan nan nan nan nan nan nan nan nan nan nan
275.72096537130789784 275.91819259877274817 276.09654628117669972 276.40281781598366706 276.54961715760526886 276.60102916781647764 276.69230983491985398 276.85247549842080161 276.95736033582880964 276.79408228621343824 276.8651666689695503 276.77272136390297419 276.62066799502190406 276.41337228863375231 276.62923346166968486 277.02437100152843641 277.3190431153311124 277.69512189591517881 278.12836038578046782 278.32489729681708468 278.36282635213376579 278.19855165676335673 278.08736400816496825 277.89783723711946095 277.75691909083587916 nan nan nan nan nan nan nan nan nan nan nan nan nan nan nan nan nan nan nan nan nan nan nan nan nan nan nan nan nan nan nan nan nan nan nan nan nan nan
275.50653029113937009 275.82817612320690159 276.20125441206334926 276.39139108340043549 276.57418805797743744 276.73932775390380812 276.83516989875454328 276.93342364570003156 277.03796634214307915 276.9699064469372729 277.0598351147343692 276.97910462076828253 276.90228222875049369 276.75459056309949801 276.80375427352242923 277.10597892315553281 277.40671908194002526 277.81156887761039798 278.24622672013100555 278.46047096090939021 278.45621605071795557 278.37943459596374396 278.39441004644834265 278.18665140214773146 278.03246130101956624 nan nan nan nan nan nan nan nan nan nan nan nan nan nan nan nan nan nan nan nan nan nan nan nan nan nan nan nan nan nan nan nan nan nan nan nan nan nan
275.65049561621572138 275.88245771314780086 276.2920806170512833 276.61932318677031617 276.70370334785570776 276.91417260047177251 277.00119475064121843 277.08657599386975789 277.1419859838132993 277.15033363875977557 277.21044063781329214 277.20380724472744305 277.09940020862785559 277.0838482595885921 277.06127108468484721 277.241068833804718 277.5269395831625161 277.87779443490774156 278.29535634877947814 278.60741141230141693 278.65472859333704037 278.62937417591376743 278.64955784567729324 278.49463410067852465 278.2820779257885988 278.35449058096821773 nan nan nan nan nan nan nan nan nan nan nan nan nan nan nan nan nan nan nan nan nan nan nan nan nan nan nan nan nan nan nan nan nan nan nan nan nan
275.81968819602417398 276.0695742125584502 276.36432593349667286 276.64159711142002607 276.89198554172884315 277.06115260281910651 277.18663312768757123 277.26630529388683044 277.30363123179807872 277.35742350683784707 277.41665559370613892 277.47344615541317125 277.3361358831234611 277.26977207044336637 277.34350792815172326 277.4622798879719312 277.67309079199770849 277.94161110057132191 278.37491673747189225 278.7157318254937195 278.84457350396456832 278.85112730638002176 278.89112345829840933 278.78516417175478637 278.57905099839308605 278.71419807803437152 278.9099757765292793 nan nan nan nan nan nan nan nan nan nan nan nan nan nan nan nan nan nan nan nan nan nan nan nan nan nan nan nan nan nan nan nan nan nan nan nan
