results/rofental/temp_month_2020-08-01T0000_2020-08-31T2300.asc
ncols        322
nrows        225
xllcorner    622802.488000000012
yllcorner    5178049.378999999724
cellsize     100.000000000000
[rows 140 to 167 of 225, columns 63 to 125 of 322]
nan nan nan nan nan nan nan nan nan nan nan nan nan nan nan nan nan nan nan nan nan nan nan nan nan nan nan nan nan nan nan nan nan nan nan nan nan nan nan nan nan nan nan nan nan nan nan nan nan nan nan 276.58508270673200968 276.69473309067871014 276.94843750246644731 277.22801423834795287 277.44875346061206756 277.66329174782720202 277.86562416657966423 277.96835660355515074 278.0519259002395529 278.19747875904698731 278.38088742466237591 278.55111075853938019
nan nan nan nan nan nan nan nan nan nan nan nan nan nan nan nan nan nan nan nan nan nan nan nan nan nan nan nan nan nan nan nan nan nan nan nan nan nan nan nan nan nan nan nan nan nan nan nan nan nan 276.52888303405694614 276.65924512745993979 276.78629572785678192 277.06261284122825828 277.36226005850750198 277.52846774874348057 277.73948211554744603 277.90340875902933249 277.99734320439523572 278.10372326424538869 278.24522518519540881 278.44306705648688194 278.64263710736258872
nan nan nan nan nan nan nan nan nan nan nan nan nan nan nan nan nan nan nan nan nan nan nan nan nan nan nan nan nan nan nan nan nan nan nan nan nan nan nan nan nan nan nan nan nan nan nan nan nan 276.59863134562630194 276.94477651497015813 277.09464789123387618 277.24737060319915827 277.20261218102956491 277.34404893480405008 277.57971276248105141 277.82618128654155498 278.00140690761213591 278.13022084043609539 278.26527041284401776 278.41022036778304027 278.57372461499562633 278.76303701129512547
nan nan nan nan nan nan nan nan nan nan nan nan nan nan nan nan nan nan nan nan nan nan nan nan nan nan nan nan nan nan nan nan nan nan nan nan nan nan nan nan nan nan nan nan nan nan nan nan 276.82170542014910097 277.03139985458068395 277.35570980688453346 277.56988078524216235 277.65313013482136739 277.67367196993126299 277.47388656420667985 277.50844246158027318 277.84692290452881025 278.10631794021827545 278.27105467199720579 278.40000079289347923 278.56313708293237141 278.7651603951475181 278.9499712316314799
nan nan nan nan nan nan nan nan nan nan nan nan nan nan nan nan nan nan nan nan nan nan nan nan nan nan nan nan nan nan nan nan nan nan nan nan nan nan nan nan nan nan nan nan nan 276.90444938158310606 276.97358880552650362 277.15374197239549403 277.23281485062102547 277.36853753991084659 277.63082981081714706 277.82014819639675807 277.95394680330571191 278.0324982427168834 277.90374046547032094 277.77933869795856481 277.83889234771942256 278.0442420635448002 278.26024531673709816 278.42912929797176957 278.58977372109632142 278.7348046877511365 278.92683120428330312
nan nan nan nan nan nan nan nan nan nan nan nan nan nan nan nan nan nan nan nan nan nan nan nan nan nan nan nan nan nan nan nan nan nan nan nan nan nan nan nan nan nan nan nan 277.2937414936903906 277.24992007805201411 277.24587232316713425 277.47910951404361413 277.62334790839230436 277.62542430759282297 277.72930141489626976 277.91859275646038441 278.1222833765596647 278.24003985205160916 278.30218749672758349 278.25800550110517406 278.14631135729450762 278.1419669520238358 278.2062697392359496 278.31300563397303449 278.46612996436357435 278.6614466737196949 278.89798872635907401
nan nan nan nan nan nan nan nan nan nan nan nan nan nan nan nan nan nan nan nan nan nan nan nan nan nan nan nan nan nan nan nan nan nan nan nan nan nan nan nan nan nan nan nan 277.58627575514327646 277.57843590686485413 277.6726178988641891 277.71312184121461542 277.90175661682712871 277.99159299657640076 278.08801803775435246 278.13937300826370347 278.2784794914529698 278.37396193970425884 278.47943663864731434 278.58890222836652129 278.58075908956766398 278.53309781583732274 278.5503897155703612 278.59885679159941674 278.65311009425153088 278.72200183520351402 278.9633656510087576
nan nan nan nan nan nan nan nan nan nan nan nan nan nan nan nan nan nan nan nan nan nan nan nan nan nan nan nan nan nan nan nan nan nan nan nan nan nan nan nan nan nan nan nan 277.57651790232762323 277.69084045324746057 277.80589204503371548 277.92967694248415 278.02241798167858633 278.08594307207113161 278.16122085470158254 278.23381145150079874 278.32663332428330705 278.42453302871115284 278.51289081499459144 278.63991216469639767 278.77122781234322701 278.86340414417861666 278.90070624482922312 278.87925913142601075 278.95175493356600782 279.00655028343277309 279.22417332409094115
nan nan nan nan nan nan nan nan nan nan nan nan nan nan nan nan nan nan nan nan nan nan nan nan nan nan nan nan nan nan nan nan nan nan nan nan nan nan nan nan nan nan nan 277.3117185640330149 277.49502574334673 277.73058013808105216 277.86452762215935763 277.92996357987937017 278.00204002937482528 278.07655088564979451 278.14677318770839065 278.21545839990176319 278.29746272277787966 278.39111255105331111 278.49122509288321226 278.61557498868296534 278.74031341543440021 278.85410013962092535 278.99110517056379877 279.11859852812045801 279.27626436005459709 279.40953323386668217 279.52917095596217223
nan nan nan nan nan nan nan nan nan nan nan nan nan nan nan nan nan nan nan nan nan nan nan nan nan nan nan nan nan nan nan nan nan nan nan nan nan nan nan nan nan nan nan 277.14810358792999523 277.36642708919657707 277.66923276249525543 277.84585556769803816 277.90842547251082806 277.97448605486789575 278.04886138125499428 278.10612662339684675 278.18550220862141487 278.28929921052713325 278.39699324758123566 278.49543057291714376 278.61276805993793459 278.73853235576518728 278.87135366244439183 278.98641063295536924 279.15084276307328537 279.30586680770710473 279.55194822415427325 279.74726211271621423
nan nan nan nan nan nan nan nan nan nan nan nan nan nan nan nan nan nan nan nan nan nan nan nan nan nan nan nan nan nan nan nan nan nan nan nan nan nan nan nan nan nan 276.88167295234734411 277.07051668872065875 277.38410313569534082 277.59282957700520456 277.75984165247893998 277.84739389075900817 277.90722187415775579 277.98059983162329445 278.01434559336632901 278.0991071329613078 278.21754329335874445 278.33975145505399951 278.46595794148117875 278.60944069089441655 278.79349463987455238 279.00762792184622185 279.20203403614658555 279.36951328854888743 279.53190151668923136 279.66331401182350191 279.80248654317585988
nan nan nan nan nan nan nan nan nan nan nan nan nan nan nan nan nan nan nan nan nan nan nan nan nan nan nan nan nan nan nan nan nan nan nan nan nan nan nan nan nan 276.71403509551686284 276.77899559912538052 277.06850584685389549 277.25967633228623299 277.44776113789379224 277.60636642761585335 277.6848794607259947 277.73873784314707791 277.82461034741891126 277.87307482043786422 277.95621539507175157 278.06071222462895776 278.18518648641077107 278.34425341509353302 278.55569855221267517 278.81497235176891536 279.01369224849730699 279.20970393777531626 279.45643747386259292 279.61209918373396022 279.73307625303357327 279.79668840421857112
nan nan nan nan nan nan nan nan nan nan nan nan nan nan nan nan nan nan nan nan nan nan nan nan nan nan nan nan nan nan nan nan nan nan nan nan nan nan nan nan nan nan 276.77552313098539116 277.02314915031359988 277.17236172118435888 277.33597844834611124 277.49982997610010216 277.5381936843028825 277.55913377482193027 277.61401710329516845 277.6136889587044152 277.74607661461288899 277.86184109054437386 277.98787173308915044 278.14358817261899048 278.37401035277991923 278.66420644850154531 278.94683212234269831 279.19229858779715414 279.45110203572932051 279.67415166190897935 279.70510913821038912 279.72904936159233102
nan nan nan nan nan nan nan nan nan nan nan nan nan nan nan nan nan nan nan nan nan nan nan nan nan nan nan nan nan nan nan nan nan nan nan nan nan nan nan nan nan 276.40938855153621034 276.67824733524321346 276.89101171478768038 277.01271279558380911 277.18226786844172693 277.34233172948512447 277.36308734838468126 277.35124579757706442 277.35134159549011201 277.34015146702364518 277.45007741897103415 277.53241503574020044 277.68696291204724957 277.97767957887822377 278.25784959995542067 278.58008652880261025 278.90551391334753362 279.19255981693930835 279.46225954707307437 279.62710702857873457 279.63247471917100029 279.66433973231619348
nan nan nan nan nan nan nan nan nan nan nan nan nan nan nan nan nan nan nan nan nan nan nan nan nan nan nan nan nan nan nan nan nan nan nan nan nan nan nan nan nan 276.17469293420464282 276.40914604035475577 276.71952560398034393 276.87926037692761838 277.03701506473521476 277.14182997420323318 277.16656745306386256 277.07274575284236562 277.11756285112193154 277.47061572880937774 277.67688507999099556 277.69444376545072828 277.85002815781786012 278.09382646811258155 278.33371465575902448 278.63657174180633547 278.96854318128572459 279.26536237537237639 279.5162961832182873 279.55477093523933263 279.57258292740783645 279.60566741268030455
nan nan nan nan nan nan nan nan nan nan nan nan nan nan nan nan nan nan nan nan nan nan nan nan nan nan nan nan nan nan nan nan nan nan nan nan nan nan nan nan nan 275.98739749655396736 276.16289506669289722 276.37045902171570333 276.67543299724826511 276.91453288439566904 276.98739516357375123 276.95941939474704441 277.05701659930218739 277.39593401554878938 277.73783369831880918 277.87810424507478047 277.93788017417836045 278.00000971880996303 278.19494556528360363 278.4771574527991902 278.76427453269900525 279.0562689690000866 279.35035038508988237 279.48460779460026515 279.4942076429394433 279.52024410164659685 279.5453436331332
nan nan nan nan nan nan nan nan nan nan nan nan nan nan nan nan nan nan nan nan nan nan nan nan nan nan nan nan nan nan nan nan nan nan nan nan nan nan nan nan nan 275.98995530163819012 276.08335672096757207 276.31852986330511612 276.58235701066917045 276.74825222945003134 276.92044802699439288 277.14835224824508941 277.37375447754152447 277.65027545149217758 277.90137413841011949 278.07121095938356348 278.2231661191495391 278.2766610657891988 278.38924320858274086 278.54620669292415869 278.79193660273563182 279.09079674313477426 279.39204538185089177 279.4237255503417714 279.43735205724192383 279.45548925620812497 279.48332705276180832
nan nan nan nan nan nan nan nan nan nan nan nan nan nan nan nan nan nan nan nan nan nan nan nan nan nan nan nan nan nan nan nan nan nan nan nan nan nan nan nan 276.09768555478575536 276.16340833101872931 276.25876620840369924 276.52353543621597964 276.75644566724730566 276.99014778274761284 277.17657226865298981 277.28194358214142312 277.47357745480479707 277.71608335076462026 277.97378419860950771 278.21690761301840666 278.357668379300776 278.45083841820229509 278.55513426312592173 278.70709485407604689 278.90965045158719704 279.17321105537331505 279.36002863154612896 279.35600939026409151 279.37425600659156544 279.391131946212397 279.42071839140947986
nan nan nan nan nan nan nan nan nan nan nan nan nan nan nan nan nan nan nan nan nan nan nan nan nan nan nan nan nan nan nan nan nan nan nan nan nan nan nan 276.36722531112684464 276.34057559731536458 276.36180419762155225 276.43428672761876896 276.60854953108156451 276.82900962502674247 277.04619099391698001 277.22943974325158933 277.34089962045300126 277.49549421007611727 277.7207044293587046 277.93947541819517255 278.14676197464928009 278.35977975034393239 278.53835708564020024 278.66446845028337975 278.80046656241438541 279.01124763737936973 279.26651646166607179 279.27998384669837151 279.28337441589320633 279.30232806114366895 279.32475781087265432 279.36551768409299257
nan nan nan nan nan nan nan nan nan nan nan nan nan nan nan nan nan nan nan nan nan nan nan nan nan nan nan nan nan nan nan nan nan nan nan nan nan 276.43027458007679797 276.57384612549287795 276.6251795445612629 276.60381358785281236 276.59611653658748764 276.62094014944500486 276.67937318360003474 276.78383580790466567 276.9907561591738272 277.19167401134234296 277.3718094806892509 277.54725410962549859 277.69063667709320953 277.87950874536295487 278.06427452771964681 278.2960930628113374 278.53014872870090812 278.68584064857731164 278.87482972266178649 279.12344803193388998 279.21721097155960933 279.20424191913832601 279.21567799453470116 279.23028661094059544 279.25969679412753521 279.31239117611772826
nan nan nan nan nan nan nan nan nan nan nan nan nan nan nan nan nan nan nan nan nan nan nan nan nan nan nan nan nan nan nan nan nan nan nan nan 276.56493127914035313 276.62332528023233635 276.80307701546735188 276.84640786925569955 276.85366247234043158 276.82961643886744696 276.82841083612117927 276.85396250998155665 276.90687051220089643 276.90416869172497627 277.06993863206037076 277.33798028084203224 277.56581870794155975 277.71259433657985483 277.88995434040049304 278.02738903309540319 278.25856611927298445 278.55728289336991566 278.72705337583175833 278.88001082707603473 279.09957907306989 279.14409814779310182 279.14383703597661679 279.14390433672673453 279.15308171504170787 279.19304901023315324 279.24566926848871162
nan nan nan nan nan nan nan nan nan nan nan nan nan nan nan nan nan nan nan nan nan nan nan nan nan nan nan nan nan nan nan nan nan nan 276.70994227933874754 276.79685144287657295 276.83483724816829863 276.91866092124899978 277.01800066638207909 277.03895134792401223 277.06312458562155143 277.04533299848986871 277.03296391579351621 277.0303823736802542 277.07407997881443862 277.14909867838173341 277.06479742519036336 277.13792963962868043 277.4082039476962791 277.62186326046105478 277.80204078386555011 277.99622807350641551 278.21849240752038668 278.34996676879387678 278.59658138567135666 278.81891937845188068 279.07888957644735228 279.07128448780463259 279.05913208936732417 279.04775284653538847 279.06620530331468899 279.11851806622109962 279.15114612464702759
nan nan nan nan nan nan nan nan nan nan nan nan nan nan nan nan nan nan nan nan nan nan nan nan nan nan nan nan nan nan nan nan 276.56335872853151159 276.62400330486400435 276.7987190022025743 276.92624211605851769 276.9922847261321408 277.12439008950673269 277.21021421237242066 277.23480632427305181 277.22737152415356832 277.23794869615693415 277.23843381568519817 277.23719253866636336 277.28154608420840077 277.34468801199653853 277.43193327958891814 277.40145578575533136 277.46815160052165083 277.57870677146149774 277.74313215490843731 277.87253879376629584 277.99281914748831923 278.18061525974781034 278.43741135029961242 278.69078821970953186 278.95175785636388355 278.92121041906909795 278.94094257058463882 278.94185972804655194 278.96817390227943179 279.02864138485813328 279.0607064214239017
nan nan nan nan nan nan nan nan nan nan nan nan nan nan nan nan nan nan nan nan nan nan nan nan nan nan 275.05913464765814069 275.40153432972482506 275.75155620082483665 276.06744612206864531 276.27375507851979819 276.48793473226896822 276.5965991919345015 276.7266445396387553 276.87127141307780676 277.02588528254091216 277.11742044588260114 277.30242921986075544 277.40230106955664269 277.41859348020864218 277.39618144709152148 277.35460955790250637 277.36080759605488311 277.38086917023900924 277.47824278288680944 277.55565541189577061 277.66014535481787107 277.76167870429685536 277.75237637665071588 277.7412487967872039 277.90689859066242207 278.00112420996430274 278.11019116677914553 278.26930558326631626 278.4401215440825581 278.67299445247800804 278.79086394805824511 278.81078819034831895 278.84227998320807274 278.84729399944183115 278.87202747773892497 278.92534703440435351 278.96384603171674144
nan nan nan nan nan nan nan nan nan nan nan nan nan nan nan nan nan nan nan nan nan nan nan nan nan nan 275.05369099807546718 275.47574589296175418 275.79062097746674453 276.14789249832017504 276.34870376280571236 276.51267015784361547 276.65871357209346115 276.81475929053254958 276.92601448712360934 277.06149704695627634 277.20607162893230679 277.4059770735393613 277.43380511101008778 277.45734432598362673 277.50400421129177175 277.51731624691620937 277.49835718284941777 277.51520945811347474 277.60486292652268503 277.69536550971861288 277.78254805959551277 277.9217357367981549 277.957594725953129 277.9189667136312778 277.98908407496344353 278.12804227602867968 278.23735110626597589 278.39251085334262825 278.5313834406672413 278.66920818718631381 278.6970746368161258 278.74323339943214251 278.76640839927273419 278.77547871506840238 278.80222046236985989 278.8515646953887881 278.84431238914623918
nan nan nan nan nan nan nan nan nan nan nan nan nan nan nan nan nan nan nan nan nan nan nan nan nan nan 275.02387340587773679 275.32303885631017693 275.6724535471456079 276.04862492912883454 276.32921990946624646 276.53182696758477732 276.68500297462105664 276.85319340137374411 277.00240102176127266 277.07526737510778503 277.22378778946813327 277.40104089590334979 277.45833787601691256 277.51234389836514538 277.58223752670585327 277.62288738258411058 277.64527690746047028 277.67897740786565919 277.74854178873528099 277.84814348734261102 277.95566476951307777 278.07986024293631999 278.11947070138330673 278.11054910114842187 278.16190182235760631 278.27721569509577648 278.40869436220094713 278.51873950130459434 278.54898501901101326 278.57597057859493361 278.63560773631576239 278.68440318011107593 278.70541399577541597 278.72771933571095815 278.76345905040028583 278.78562724251804639 278.71806614815250214
nan nan nan nan nan nan nan nan nan nan nan nan nan nan nan nan nan nan nan nan nan nan nan nan nan nan 275.07413917545125059 275.18117647431927253 275.50720446240859474 275.96677847430964903 276.23520092648146829 276.4610494148407156 276.71996774131940811 276.92140569781696513 277.05671816374916716 277.12579039264664971 277.21711780912568202 277.35327358921824725 277.52992527126764344 277.58583598156815242 277.61965243302950057 277.65258597931426721 277.71155294334118935 277.75219681323710574 277.86180796999946097 277.9446899928681205 278.06112050069697261 278.17128772906329459 278.21793427925581454 278.25011293138396695 278.28293323712199481 278.35576703100616669 278.42941229075273668 278.46909862845598127 278.49493369408742183 278.5414777874588026 278.591226694299678 278.62586231534424996 278.65835727415094425 278.69491285374448353 278.7311561176013015 278.68351754928079345 278.56472238204003133
nan nan nan nan nan nan nan nan nan nan nan nan nan nan nan nan nan nan nan nan nan nan nan nan nan nan nan 275.31023371025236202 275.70034442163654376 276.12094951258666242 276.3422837218075756 276.46129076294010929 276.53299542115257736 276.82163539585309309 277.04964323090450762 277.20947233165367152 277.26625049232472975 277.34782543178130254 277.532362412164332 277.64218277053282691 277.63216146271338403 277.65579573500400556 277.70507901166985221 277.76753398550289376 277.86255543657983935 277.97063606603029484 278.05283057630390431 278.14759381025078255 278.19694740657752163 278.224977446841649 278.258714222624576 278.30916514499546111 278.37850276937064109 278.42675892269426186 278.46525141746661802 278.50804369240501046 278.54428974098402705 278.5797966326319397 278.61783869386118795 278.67273573583412372 278.62127731436675049 278.47357785819968967 278.31860081599495516
