results/rofental/temp_month_2019-10-01T0000_2019-10-31T2300.asc
ncols        322
nrows        225
xllcorner    622802.488000000012
yllcorner    5178049.378999999724
cellsize     100.000000000000
[rows 112 to 139 of 225, columns 189 to 251 of 322]
277.22307698497650108 277.42151354675922903 277.58376496482577522 277.73460032975373224 277.60287278275330891 277.40822375790423848 277.2511193281406463 277.06425303030067653 276.7663346272919398 276.47220113439090028 276.21933675283332832 275.9651763902599555 275.9567668624598582 275.99433018687579988 276.05419555365745055 276.15145021502559075 276.13455523072343567 275.84781053309097842 275.63902702393556865 275.52540893453618764 275.46488746216840582 275.52660200586717565 275.68939830143131076 275.73304106470459374 275.57710971427707136 275.42711230683596568 275.55369930148270896 nan nan nan nan nan nan nan nan nan nan nan nan nan nan nan nan nan nan nan nan nan nan nan nan nan nan nan nan nan nan nan nan nan nan nan nan
277.38442815797901631 277.54397117540759155 277.67491313914064222 277.52483032886703995 277.43908046119150868 277.22793228464888671 276.99460811728050658 276.78921033384244765 276.43595259036061407 276.18541840383909403 275.97686066992747556 275.81808531374412041 275.81213905029221678 275.83533312156839656 275.85121312874002797 275.96571091632836215 275.98402229146267928 275.836271885357462 275.55350727464491456 275.30051687668031946 275.34908552304085561 275.47203455304338604 275.54042446608582395 275.48456268060931507 275.27443940406226375 nan nan nan nan nan nan nan nan nan nan nan nan nan nan nan nan nan nan nan nan nan nan nan nan nan nan nan nan nan nan nan nan nan nan nan nan nan nan
277.53911610185633663 277.65805764207061657 277.48725832295866667 277.34880598341709401 277.20398369306047925 276.99991407029546053 276.75871493484874009 276.48890692048257733 276.22952846940239624 275.98125808649336932 275.75665166306009723 275.65686446777687024 275.68895584095849927 275.7267689615568429 275.73070764594081083 275.81027181391226577 275.83356658588394339 275.81052298639122 275.50479463875376496 275.18891704966972611 275.27111947473594 275.41254431839229255 275.42103702017254818 275.26174282061538179 275.01370723747498914 nan nan nan nan nan nan nan nan nan nan nan nan nan nan nan nan nan nan nan nan nan nan nan nan nan nan nan nan nan nan nan nan nan nan nan nan nan nan
277.62807138731432133 277.49219659334863763 277.34564115925360284 277.1751657395394659 276.99143752288301812 276.76420460810152235 276.54060022207113434 276.35756918180737784 276.13180431647401747 275.86193261363354168 275.63142615162269067 275.51834058260851634 275.54538294602690485 275.53082259589797332 275.59597022555988133 275.67177824211591997 275.67502394778023245 275.69225312987333609 275.48140058908177252 275.13680117300481243 275.09001254152917681 275.21225850532164259 275.22343040446099849 275.09789547258918674 274.81864212880407194 nan nan nan nan nan nan nan nan nan nan nan nan nan nan nan nan nan nan nan nan nan nan nan nan nan nan nan nan nan nan nan nan nan nan nan nan nan nan
277.37777754485807691 277.27491591284677952 277.14391536343413236 276.91401969257350402 276.69182236656274654 276.486632613780273 276.26400460918483759 276.0669328470235655 275.94887031407608902 275.80447507108050331 275.63433691100851775 275.38542149293613193 275.32225004869900431 275.3501771779608589 275.44975708998362052 275.52072118374485399 275.53235242550510975 275.51344830622713289 275.32367844953580516 274.97963257625190181 274.81655522988091889 274.93236390266451963 274.93357004177300951 274.79059187961041744 274.72327625125882378 nan nan nan nan nan nan nan nan nan nan nan nan nan nan nan nan nan nan nan nan nan nan nan nan nan nan nan nan nan nan nan nan nan nan nan nan nan nan
277.14728544280131928 277.02926041610464836 276.90040349774579909 276.56603964380292382 276.35826129354586556 276.18747755280361389 275.96065485805974049 275.80008098358689494 275.64664704843659138 275.50868428868727733 275.3803033338684827 275.27993822432125626 275.13319313513829911 275.19662778448287099 275.24646518507984183 275.30055191026184502 275.33834583103026716 275.31646935923151887 275.15879841037246933 274.84769876285895407 274.52684813999439939 274.5268557954036055 274.55145211655235471 274.47375221837887693 nan nan nan nan nan nan nan nan nan nan nan nan nan nan nan nan nan nan nan nan nan nan nan nan nan nan nan nan nan nan nan nan nan nan nan nan nan nan nan
276.90469409042896132 276.74953077636962462 276.51690626195068035 276.25149145711134224 276.05538658067013102 275.88773275254686723 275.70990436096275289 275.54539789671969174 275.37186986301850311 275.26084674676690156 275.09931605371798469 275.05858028217409128 275.04842928354332798 275.05297086804267792 275.07170283537647038 275.12114177900036793 275.1710188356195772 275.1258251192908233 274.92076342802840827 274.67519401879610541 274.3611376775950248 274.15868085131791076 274.1748313422703518 nan nan nan nan nan nan nan nan nan nan nan nan nan nan nan nan nan nan nan nan nan nan nan nan nan nan nan nan nan nan nan nan nan nan nan nan nan nan nan nan
276.66848522017278356 276.41773899743742504 276.1303262032006387 275.93814496195642505 275.7821138548459885 275.63731669007626124 275.45134460280138455 275.27059739615964418 275.15885933499703242 275.01221559353427892 274.9334967229602853 274.9457515747776597 274.9605768968749544 274.92364001486726011 274.95457729306730243 274.98835736711328082 275.02310305750273756 274.94281001424963051 274.71196187828053326 274.3816831105982601 274.12789851792899753 273.88740515497914885 nan nan nan nan nan nan nan nan nan nan nan nan nan nan nan nan nan nan nan nan nan nan nan nan nan nan nan nan nan nan nan nan nan nan nan nan nan nan nan nan nan
276.39325863517370863 276.06159222845138856 275.81369631288481514 275.63983461686279952 275.52580182702200773 275.37766660917202444 275.20192949877969113 275.05159941300081528 274.86655470169597493 274.78519592452306597 274.79477111262127664 274.8564091476904423 274.86126385946943174 274.78520241632276111 274.81190885650329392 274.80795036702477319 274.84023835891997578 274.65803217424416971 274.37654679990799877 274.22453698683318635 273.92064902759688039 273.62260902941187624 nan nan nan nan nan nan nan nan nan nan nan nan nan nan nan nan nan nan nan nan nan nan nan nan nan nan nan nan nan nan nan nan nan nan nan nan nan nan nan nan nan
276.08424612757926297 275.78634224418954091 275.54493381101872274 275.39475623799160076 275.26314772543776144 275.12789541239254731 274.96411757380508334 274.8123252811943189 274.54758258941922122 274.65458204840706458 274.68876976903703735 274.75731525189723925 274.76883170515071697 274.68942238496686059 274.64504080489194848 274.6255448454562611 274.63930098897213838 274.45993953796681808 274.15581361880128952 273.99698522863684502 273.71705941053500055 273.43683704801730983 nan nan nan nan nan nan nan nan nan nan nan nan nan nan nan nan nan nan nan nan nan nan nan nan nan nan nan nan nan nan nan nan nan nan nan nan nan nan nan nan nan
275.92453069703856272 275.60395081345882318 275.40675994506386814 275.20227289375242208 275.04501525180705812 274.89863493052348531 274.69792825631344613 274.47622997170179815 274.35465607762648688 274.54234692958283404 274.57295622433457538 274.64692871813804231 274.62312145902302518 274.51849573808982541 274.497762006034975 274.50445759241313226 274.46828896522754349 274.3410060770625023 274.02061195768743573 273.84355000933453539 273.59780838539671777 273.37020483075974653 nan nan nan nan nan nan nan nan nan nan nan nan nan nan nan nan nan nan nan nan nan nan nan nan nan nan nan nan nan nan nan nan nan nan nan nan nan nan nan nan nan
275.76006545508141699 275.49542737299765349 275.31142653945943266 275.03483804731536111 274.85397138338584 274.68497562688503422 274.41601131718005036 274.21277968296129757 274.29429576696645654 274.40608561266418519 274.42625246003063921 274.44349156156789604 274.37663740107240073 274.33402113667074218 274.34187473163285631 274.36583933650211975 274.30060871535869182 274.24195069737982067 274.13526567749346441 273.92545145994051836 273.70158117936392728 273.44744917086705982 nan nan nan nan nan nan nan nan nan nan nan nan nan nan nan nan nan nan nan nan nan nan nan nan nan nan nan nan nan nan nan nan nan nan nan nan nan nan nan nan nan
275.60549253471288011 275.37401001644741427 275.14299944110388196 274.87767366977959682 274.68818004182799086 274.41644903228217345 274.0965805539845519 274.00398910138352448 274.18129953498038276 274.2763592152724641 274.32023894336469994 274.29024347263339223 274.24101304374386245 274.20511910659399746 274.2208211753162459 274.25932609011147179 274.21146031342971128 274.12277122844443511 274.11262687008371586 273.98184922497193838 273.6964921841637306 273.46417977576749081 nan nan nan nan nan nan nan nan nan nan nan nan nan nan nan nan nan nan nan nan nan nan nan nan nan nan nan nan nan nan nan nan nan nan nan nan nan nan nan nan nan
275.48467151201015213 275.2318361997588454 274.96880251858362953 274.72123413155014759 274.51235418074594463 274.18022729320773578 273.91735982082565215 273.96761447243170551 274.00575035736778773 274.09833431959799555 274.11958795356838436 274.10547016255640074 274.08487387035017946 274.07460024894857042 274.11383627147353081 274.13814715816448597 274.07077864457534133 274.0189663760824601 273.98852160850799464 273.94458458220424291 273.6297494366195906 273.43463619663151576 nan nan nan nan nan nan nan nan nan nan nan nan nan nan nan nan nan nan nan nan nan nan nan nan nan nan nan nan nan nan nan nan nan nan nan nan nan nan nan nan nan
275.39436505308646019 275.10586081048012375 274.7999355293123358 274.56440344103953066 274.31773004244195135 274.0195080083814787 273.75257357924715507 273.79705842604363397 273.85328809923089466 273.90024534412953017 273.92902071710193468 273.95135946510845315 273.94915677083491801 273.96518449047971444 274.00136437930751754 273.98025605988601683 273.80181320598325101 273.82496566020336104 273.80445773682913568 273.80018798646949563 273.64158694521722737 nan nan nan nan nan nan nan nan nan nan nan nan nan nan nan nan nan nan nan nan nan nan nan nan nan nan nan nan nan nan nan nan nan nan nan nan nan nan nan nan nan nan
275.29856301702358223 274.97396131237616146 274.70706557329486941 274.42716095354722938 274.16345378652704312 273.90086949328332366 273.61436293071108139 273.5582084046694149 273.6839948242356968 273.72418216315168138 273.76921096486904617 273.81037500308747212 273.8413555040170877 273.86189159873447352 273.88301546712079926 273.81530838054391097 273.63297231772213536 273.5941377459334376 273.63882976937890135 273.63572606839420587 273.49176772966001181 nan nan nan nan nan nan nan nan nan nan nan nan nan nan nan nan nan nan nan nan nan nan nan nan nan nan nan nan nan nan nan nan nan nan nan nan nan nan nan nan nan nan
275.05321895099024232 274.84420058906442819 274.57771606059446867 274.28285473729891919 273.9205247404758552 273.67421973237497923 273.40730904716059513 273.49619596935906429 273.55141022151161678 273.60250708971892664 273.64733373567401031 273.69864727171625418 273.73115693770290591 273.74861824500965213 273.76165902908735461 273.70026426906849792 273.53792683878828029 273.3893731463500103 273.44731684086366386 273.44270834134664483 273.36111266826156907 nan nan nan nan nan nan nan nan nan nan nan nan nan nan nan nan nan nan nan nan nan nan nan nan nan nan nan nan nan nan nan nan nan nan nan nan nan nan nan nan nan nan
274.90290471077287293 274.66783262132804566 274.43607782659506711 274.18538697558432204 273.84663935840330851 273.55078312697355614 273.32582367593118988 273.337729697181544 273.42850465333651755 273.51046450829250034 273.55157546891513221 273.60300605193015144 273.6204610503789354 273.63473169195032142 273.62305460840605065 273.55665475923569829 273.46632408896363131 273.24502462038532258 273.19462498857933497 nan nan nan nan nan nan nan nan nan nan nan nan nan nan nan nan nan nan nan nan nan nan nan nan nan nan nan nan nan nan nan nan nan nan nan nan nan nan nan nan nan nan nan nan
274.75359595167952875 274.55769801373088512 274.33420093536710738 274.04502232455155308 273.77404069406509279 273.53311058526702482 273.31409760784947593 273.18891144482341815 273.28759570792755085 273.38165724165128267 273.41592709382530302 273.45784294099883027 273.4894512867141998 273.48139026796502549 273.40392354328861302 273.39045033175375465 273.33825609274856561 273.12675808719450288 nan nan nan nan nan nan nan nan nan nan nan nan nan nan nan nan nan nan nan nan nan nan nan nan nan nan nan nan nan nan nan nan nan nan nan nan nan nan nan nan nan nan nan nan nan
274.72228389834674545 274.47252057756418253 274.2475385357884079 274.00423144855557211 273.84843006932646858 273.64630843399913829 273.3506622417440326 273.06238267507615092 273.11344111553796665 273.18361032246292552 273.24181527407648673 273.27412945261426103 273.22514174224249928 273.11027745581151294 273.13879033204159441 273.22915222355328524 273.1752998782699251 nan nan nan nan nan nan nan nan nan nan nan nan nan nan nan nan nan nan nan nan nan nan nan nan nan nan nan nan nan nan nan nan nan nan nan nan nan nan nan nan nan nan nan nan nan nan
274.52599833525954409 274.32588271251609058 274.15557684249193926 273.96002142215394315 273.8179383954608852 273.58941075358677608 273.28610052560594568 273.0039099183812823 272.93235828778620089 272.97038739013470376 273.00665248468453683 273.01401070659579773 nan nan nan 273.09005412871937324 nan nan nan nan nan nan nan nan nan nan nan nan nan nan nan nan nan nan nan nan nan nan nan nan nan nan nan nan nan nan nan nan nan nan nan nan nan nan nan nan nan nan nan nan nan nan nan
274.37142640239301272 274.23051483081468405 274.08351413357206638 273.91934950798906812 273.70293583953429106 273.43612337854614225 273.16841803509691999 272.87572321549765775 272.70674682270680478 nan nan nan nan nan nan nan nan nan nan nan nan nan nan nan nan nan nan nan nan nan nan nan nan nan nan nan nan nan nan nan nan nan nan nan nan nan nan nan nan nan nan nan nan nan nan nan nan nan nan nan nan nan nan
274.35759329374951676 274.16028643208414906 273.99631185739411876 273.83483550876962909 273.56207718544061436 273.27438585755407985 273.01261848588404746 272.73863783803227534 nan nan nan nan nan nan nan nan nan nan nan nan nan nan nan nan nan nan nan nan nan nan nan nan nan nan nan nan nan nan nan nan nan nan nan nan nan nan nan nan nan nan nan nan nan nan nan nan nan nan nan nan nan nan nan
274.27494978588913455 274.1055033728515582 273.91179178773774083 273.71424937283512691 273.41043523464060172 273.12620688559564996 272.86931929381353257 272.67251722197522668 nan nan nan nan nan nan nan nan nan nan nan nan nan nan nan nan nan nan nan nan nan nan nan nan nan nan nan nan nan nan nan nan nan nan nan nan nan nan nan nan nan nan nan nan nan nan nan nan nan nan nan nan nan nan nan
274.19025068943233236 274.05476310889048364 273.8918782126803535 273.70557026875388829 273.49604566170796716 273.21201084952679139 272.93937169720095426 272.64101748317051488 nan nan nan nan nan nan nan nan nan nan nan nan nan nan nan nan nan nan nan nan nan nan nan nan nan nan nan nan nan nan nan nan nan nan nan nan nan nan nan nan nan nan nan nan nan nan nan nan nan nan nan nan nan nan nan
274.11620700224079883 273.98393962460067996 273.84980429476991048 273.71487612897618646 273.53961779530578724 273.26601476478475661 272.9177128005686086 272.58932030661367207 272.32504011968893565 nan nan nan nan nan nan nan nan nan nan nan nan nan nan nan nan nan nan nan nan nan nan nan nan nan nan nan nan nan nan nan nan nan nan nan nan nan nan nan nan nan nan nan nan nan nan nan nan nan nan nan nan nan nan
274.03238740387348571 273.90764678723718362 273.74694811772945968 273.62104136813633204 273.51184221187975254 273.30768471065272252 272.97582024503310549 272.66763582040641722 272.34827183691220398 nan nan nan nan nan nan nan nan nan nan nan nan nan nan nan nan nan nan nan nan nan nan nan nan nan nan nan nan nan nan nan nan nan nan nan nan nan nan nan nan nan nan nan nan nan nan nan nan nan nan nan nan nan nan
273.95333321425579243 273.81923047108978153 273.6662077716201793 273.54704423747602959 273.44539135429840826 273.28644569694102984 272.93709871424044877 272.6130242336451488 272.28562520508774014 nan nan nan nan nan nan nan nan nan nan nan nan nan nan nan nan nan nan nan nan nan nan nan nan nan nan nan nan nan nan nan nan nan nan nan nan nan nan nan nan nan nan nan nan nan nan nan nan nan nan nan nan nan nan
