results/rofental/temp_month_2019-10-01T0000_2019-10-31T2300.asc
ncols        322
nrows        225
xllcorner    622802.488000000012
yllcorner    5178049.378999999724
cellsize     100.000000000000
[rows 168 to 195 of 225, columns 63 to 125 of 322]
nan nan nan nan nan nan nan nan nan nan nan nan nan nan nan nan nan nan nan nan nan nan nan nan nan nan nan nan 271.7529448614221792 272.02971656375279963 272.20890147610663234 272.25840107365633003 272.30329705751944402 272.36988762963625277 272.49777718733326992 272.74964784126802897 272.80526116499316913 272.81435324235542339 272.86755862162829089 272.9369605588651666 272.95064330290449561 272.96361313314207564 272.96298186481914172 272.98850673561679514 273.06011742341542003 273.10079749086372658 273.11936773764961117 273.14817817492570384 273.18082206286084102 273.19765251244649562 273.21255991020512965 273.22827273703603623 273.24826882243331738 273.27128011838556176 273.30319076326736649 273.34689566600928856 273.38734197301334916 273.43662307357334385 273.48871026736134127 273.50327313660056916 273.48037723138088495 273.37012654869431572 273.24983770590421273
nan nan nan nan nan nan nan nan nan nan nan nan nan nan nan nan nan nan nan nan nan nan nan nan nan nan nan nan 271.69050878266125437 272.00695010120773532 272.27464499129627029 272.31400508028451668 272.3313978264283719 272.36973973220426615 272.45911202787226557 272.61392350046634192 272.80164107859172873 272.82887996377309037 272.86124748091486936 272.88561664452828381 272.8947324241112824 272.94934600369111877 272.97241531289614613 272.97453927401431883 273.03046807070541036 273.0734257206358393 273.09069369516288361 273.11652843848116845 273.14215848164332101 273.15128736651212193 273.15351122930854899 273.16075985151337591 273.17280428215246957 273.19372087438500785 273.22427209185661923 273.26308936752786849 273.28756945753440277 273.30436686226659049 273.29088063843471446 273.27273869838506926 273.24176364922936955 273.09868533823373582 272.99558122161181473
nan nan nan nan nan nan nan nan nan nan nan nan nan nan nan nan nan nan nan nan nan nan nan nan nan nan nan 271.8727418824266806 271.90022921174124804 272.16835621361570929 272.34047847881993221 272.38168072104372186 272.37263633353262549 272.38323860266655174 272.45234946199934711 272.56555460312506511 272.69850251980466282 272.80545009840386683 272.86823047715807888 272.83965476569392195 272.83961128505274019 272.92527341392514018 272.98243955686996287 272.97253420345174391 272.98547214453645893 273.0068551727553654 273.03817598721735749 273.06750154391392016 273.08522219293195121 273.09221337107481986 273.09071381775521559 273.10046738571776359 273.10776358826024079 273.12755034746896854 273.14851569546243581 273.13711646330153826 273.11519075734258877 273.07786100356418046 273.05208537171108674 273.0268127679129293 272.95294376518165791 272.79930211983577237 272.67020181899590625
nan nan nan nan nan nan nan nan nan nan nan nan nan nan nan nan nan nan nan nan nan nan nan nan nan nan nan 271.97511499593701956 272.13424779616059368 272.26269495100098084 272.34735326560138446 272.41319198643014943 272.40644690941451245 272.41010442559019111 272.44201643400469948 272.49372791082083722 272.57906959509881517 272.71841495181234905 272.80967356947957114 272.78581180348624002 272.7896551747534204 272.9024854812902845 272.97194235150044506 272.94744656436023433 272.92932293504867403 272.93119590230071481 272.96031915886629804 272.98731439031246282 272.99610610943688016 273.00365430107189013 273.00167851423350385 273.02998999702793981 273.02760345693616273 273.0004985390062302 272.9730196670500959 272.93662071244744993 272.87511173138364029 272.83750590636418565 272.7940652541716986 272.74475415117069588 272.62312131282237715 272.53052357468061473 nan
nan nan nan nan nan nan nan nan nan nan nan nan nan nan nan nan nan nan nan nan nan nan nan nan nan nan nan nan 272.05884190137510359 272.27681027101766631 272.34458652715215976 272.38058331067520612 272.40185923348400365 272.43179530171966007 272.45885268714647509 272.46850208514274527 272.53451809073288814 272.60737670039145542 272.67696345938657032 272.71913574324946694 272.72829080220850528 272.82195751766738567 272.90258314912779269 272.89610741808945704 272.87183070472974578 272.86529605466552084 272.91082296093918558 272.9253302371826635 272.91863700908339752 272.90196851465736927 272.87279733459274667 272.84461331686799213 272.78718213810577709 272.74868116131591478 272.70338744059750979 272.65733677843422811 272.58111753695976631 272.55417782173248042 272.51731484250245785 272.47718934307829386 272.29540385772321542 272.33324027143277135 nan
nan nan nan nan nan nan nan nan nan nan nan nan nan nan nan nan nan nan nan nan nan nan nan nan nan nan nan nan nan 272.09731417792391994 272.30374154523940433 272.33494996085892126 272.36496003287436452 272.41549645416154135 272.4645685633931862 272.49004062314833163 272.53364628393109115 272.57402902288879432 272.63980514689512802 272.69508563406282065 272.69644525334553009 272.77199231583040273 272.8487037132888986 272.84864147962599645 272.81621025162354499 272.80944668449677692 272.85845611680559841 272.82923214410709534 272.78775232071768642 272.74217102727385509 272.65352426120011842 272.59969344879414166 272.58550637093338764 272.52341418541635676 272.43882621959158996 272.36851783761426304 272.30209044541760477 272.27708852592024868 272.20252772998594537 272.10091748186374616 272.13308566054723769 nan nan
nan nan nan nan nan nan nan nan nan nan nan nan nan nan nan nan nan nan nan nan nan nan nan nan nan nan nan nan nan nan 272.04096416186155238 272.15849547065153047 272.25904147288247259 272.33943874050771683 272.39419469125988371 272.4888818257649632 272.52696918199524134 272.56091830575570611 272.61676359773434797 272.62856522324409525 272.61607142593049957 272.6535735270364853 272.70116339064691147 272.7036025098996106 272.67725144351624067 272.67012002181559183 272.66636581717671106 272.63217286764466962 272.59528125873146109 272.552332655458315 272.48218001218458539 272.44620498127540031 272.37782961730823672 272.26009932578176631 272.18169043574516763 272.087557454579553 272.0107736471400699 271.93152673810624265 nan nan nan nan nan
nan nan nan nan nan nan nan nan nan nan nan nan nan nan nan nan nan nan nan nan nan nan nan nan nan nan nan nan nan nan nan nan nan nan nan 272.45788768804635538 272.48421539291678073 272.51710374967541384 272.52589357205960141 272.49299838330642842 272.46167501982381509 272.46761090964298546 272.40908697282395678 272.43077220751399636 272.47495672599279715 272.50519137832480965 272.51063439689011147 272.51767597547205924 272.46700058577044956 272.42232929189276547 272.35798551887233998 272.26012592742034713 272.09856823610158472 nan nan nan nan nan nan nan nan nan nan
nan nan nan nan nan nan nan nan nan nan nan nan nan nan nan nan nan nan nan nan nan nan nan nan nan nan nan nan nan nan nan nan nan nan nan nan nan nan nan nan nan nan nan nan nan nan 272.47335655493446893 272.44021167223900193 272.36470155358449574 272.30622273293232638 272.19887846400092712 272.02860373344014988 271.90410878624322777 nan nan nan nan nan nan nan nan nan nan
nan nan nan nan nan nan nan nan nan nan nan nan nan nan nan nan nan nan nan nan nan nan nan nan nan nan nan nan nan nan nan nan nan nan nan nan nan nan nan nan nan nan nan nan nan nan nan 272.38289779949565173 272.23148820185929253 272.20289060435942474 272.05880623757451531 nan nan nan nan nan nan nan nan nan nan nan nan
nan nan nan nan nan nan nan nan nan nan nan nan nan nan nan nan nan nan nan nan nan nan nan nan nan nan nan nan nan nan nan nan nan nan nan nan nan nan nan nan nan nan nan nan nan nan nan nan nan nan nan nan nan nan nan nan nan nan nan nan nan nan nan
nan nan nan nan nan nan nan nan nan nan nan nan nan nan nan nan nan nan nan nan nan nan nan nan nan nan nan nan nan nan nan nan nan nan nan nan nan nan nan nan nan nan nan nan nan nan nan nan nan nan nan nan nan nan nan nan nan nan nan nan nan nan nan
nan nan nan nan nan nan nan nan nan nan nan nan nan nan nan nan nan nan nan nan nan nan nan nan nan nan nan nan nan nan nan nan nan nan nan nan nan nan nan nan nan nan nan nan nan nan nan nan nan nan nan nan nan nan nan nan nan nan nan nan nan nan nan
nan nan nan nan nan nan nan nan nan nan nan nan nan nan nan nan nan nan nan nan nan nan nan nan nan nan nan nan nan nan nan nan nan nan nan nan nan nan nan nan nan nan nan nan nan nan nan nan nan nan nan nan nan nan nan nan nan nan nan nan nan nan nan
nan nan nan nan nan nan nan nan nan nan nan nan nan nan nan nan nan nan nan nan nan nan nan nan nan nan nan nan nan nan nan nan nan nan nan nan nan nan nan nan nan nan nan nan nan nan nan nan nan nan nan nan nan nan nan nan nan nan nan nan nan nan nan
nan nan nan nan nan nan nan nan nan nan nan nan nan nan nan nan nan nan nan nan nan nan nan nan nan nan nan nan nan nan nan nan nan nan nan nan nan nan nan nan nan nan nan nan nan nan nan nan nan nan nan nan nan nan nan nan nan nan nan nan nan nan nan
nan nan nan nan nan nan nan nan nan nan nan nan nan nan nan nan nan nan nan nan nan nan nan nan nan nan nan nan nan nan nan nan nan nan nan nan nan nan nan nan nan nan nan nan nan nan nan nan nan nan nan nan nan nan nan nan nan nan nan nan nan nan nan
nan nan nan nan nan nan nan nan nan nan nan nan nan nan nan nan nan nan nan nan nan nan nan nan nan nan nan nan nan nan nan nan nan nan nan nan nan nan nan nan nan nan nan nan nan nan nan nan nan nan nan nan nan nan nan nan nan nan nan nan nan nan nan
nan nan nan nan nan nan nan nan nan nan nan nan nan nan nan nan nan nan nan nan nan nan nan nan nan nan nan nan nan nan nan nan nan nan nan nan nan nan nan nan nan nan nan nan nan nan nan nan nan nan nan nan nan nan nan nan nan nan nan nan nan nan nan
nan nan nan nan nan nan nan nan nan nan nan nan nan nan nan nan nan nan nan nan nan nan nan nan nan nan nan nan nan nan nan nan nan nan nan nan nan nan nan nan nan nan nan nan nan nan nan nan nan nan nan nan nan nan nan nan nan nan nan nan nan nan nan
nan nan nan nan nan nan nan nan nan nan nan nan nan nan nan nan nan nan nan nan nan nan nan nan nan nan nan nan nan nan nan nan nan nan nan nan nan nan nan nan nan nan nan nan nan nan nan nan nan nan nan nan nan nan nan nan nan nan nan nan nan nan nan
nan nan nan nan nan nan nan nan nan nan nan nan nan nan nan nan nan nan nan nan nan nan nan nan nan nan nan nan nan nan nan nan nan nan nan nan nan nan nan nan nan nan nan nan nan nan nan nan nan nan nan nan nan nan nan nan nan nan nan nan nan nan nan
nan nan nan nan nan nan nan nan nan nan nan nan nan nan nan nan nan nan nan nan nan nan nan nan nan nan nan nan nan nan nan nan nan nan nan nan nan nan nan nan nan nan nan nan nan nan nan nan nan nan nan nan nan nan nan nan nan nan nan nan nan nan nan
nan nan nan nan nan nan nan nan nan nan nan nan nan nan nan nan nan nan nan nan nan nan nan nan nan nan nan nan nan nan nan nan nan nan nan nan nan nan nan nan nan nan nan nan nan nan nan nan nan nan nan nan nan nan nan nan nan nan nan nan nan nan nan
nan nan nan nan nan nan nan nan nan nan nan nan nan nan nan nan nan nan nan nan nan nan nan nan nan nan nan nan nan nan nan nan nan nan nan nan nan nan nan nan nan nan nan nan nan nan nan nan nan nan nan nan nan nan nan nan nan nan nan nan nan nan nan
nan nan nan nan nan nan nan nan nan nan nan nan nan nan nan nan nan nan nan nan nan nan nan nan nan nan nan nan nan nan nan nan nan nan nan nan nan nan nan nan nan nan nan nan nan nan nan nan nan nan nan nan nan nan nan nan nan nan nan nan nan nan nan
nan nan nan nan nan nan nan nan nan nan nan nan nan nan nan nan nan nan nan nan nan nan nan nan nan nan nan nan nan nan nan nan nan nan nan nan nan nan nan nan nan nan nan nan nan nan nan nan nan nan nan nan nan nan nan nan nan nan nan nan nan nan nan
nan nan nan nan nan nan nan nan nan nan nan nan nan nan nan nan nan nan nan nan nan nan nan nan nan nan nan nan nan nan nan nan nan nan nan nan nan nan nan nan nan nan nan nan nan nan nan nan nan nan nan nan nan nan nan nan nan nan nan nan nan nan nan
