results/rofental/temp_month_2020-03-01T0000_2020-03-31T2300.asc
ncols        322
nrows        225
xllcorner    622802.488000000012
yllcorner    5178049.378999999724
cellsize     100.000000000000
[rows 56 to 83 of 225, columns 189 to 251 of 322]
nan nan nan nan nan nan nan nan nan nan nan nan nan nan nan nan nan nan nan nan nan nan nan nan nan nan nan nan nan nan nan nan nan nan nan nan nan nan nan nan nan nan nan nan nan nan nan nan nan nan nan nan nan nan nan nan nan nan nan nan nan nan nan
nan nan nan nan nan nan nan nan nan nan nan nan nan nan nan nan nan nan nan nan nan nan nan nan nan nan nan nan nan nan nan nan nan nan nan nan nan nan nan nan nan nan nan nan nan nan nan nan nan nan nan nan nan nan nan nan nan nan nan nan nan nan nan
nan nan nan nan nan nan nan nan nan nan nan nan nan nan nan nan nan nan nan nan nan nan nan nan nan nan nan nan nan nan nan nan nan nan nan nan nan nan nan nan nan nan nan nan nan nan nan nan nan nan nan nan nan nan nan nan nan nan nan nan nan nan nan
nan nan nan nan nan nan nan nan nan nan nan nan 263.74517647766310802 nan nan nan nan nan nan nan nan nan nan nan nan nan nan nan nan nan nan nan nan nan nan nan nan nan nan nan nan nan nan nan nan nan nan nan nan nan nan nan nan nan nan nan nan nan nan nan nan nan nan
nan nan nan nan nan nan nan nan nan nan 263.25596098214350604 263.52722759533497765 263.86942236733347045 264.06851566155074806 264.17521772373129352 nan nan nan nan nan nan nan nan nan nan nan nan nan nan nan nan nan nan nan nan nan nan nan nan nan nan nan nan nan nan nan nan nan nan nan nan nan nan nan nan nan nan nan nan nan nan nan nan
nan nan nan nan nan nan nan nan 263.21467106719507001 263.33235274725376485 263.51161050907916206 263.75610124961684733 263.99547853536529374 264.21194365957552463 264.46743808979624646 264.55514232951406939 nan nan nan nan nan nan nan nan nan nan nan nan nan nan nan nan nan nan nan nan nan nan nan nan nan nan nan nan nan nan nan nan nan nan nan nan nan nan nan nan nan nan nan nan nan nan nan
nan nan nan nan nan nan 262.76261288389645188 263.19793402553455053 263.57196087542354235 263.81411082664612877 263.99665200038003832 264.13668803172083699 264.2328364998016923 264.38027781707171471 264.64182871287124499 264.8520086317569735 264.87873999936152813 264.81710624328582071 nan nan nan nan nan nan nan nan nan nan nan nan nan nan nan nan nan nan nan nan nan nan nan nan nan nan nan nan nan nan nan nan nan nan nan nan nan nan nan nan nan nan nan nan nan
nan nan nan nan nan 262.70771952395978133 262.95393041575772486 263.46741031921777676 263.79858230918750905 263.99908590155342836 264.1597895653139858 264.31812846222402413 264.47879757303996939 264.60249609325552456 264.81498895306856411 265.01941755257860223 265.13389185270250437 265.13460052805686473 265.00804229415189184 264.79860674038536672 nan nan nan nan nan nan nan nan nan nan nan nan nan nan nan nan nan nan nan nan nan nan nan nan nan nan nan nan nan nan nan nan nan nan nan nan nan nan nan nan nan nan nan
nan nan nan nan nan 262.69016641417351821 262.99965378818984618 263.50548778949752204 263.89274103237494273 264.05127752945776365 264.19936268490943121 264.36510595940529811 264.53303846125533028 264.71451751434614152 264.90579139261950559 265.09837455060983302 265.2126910535131401 265.26745589805517511 265.24369870555392481 265.06329723193073278 264.78710403183379185 nan nan nan nan nan nan nan nan nan nan nan nan nan nan nan nan nan nan nan nan nan nan nan nan nan nan nan nan nan nan nan nan nan nan nan nan nan nan nan nan nan nan
263.51038766475755892 263.0969651473627664 nan nan 263.0950462502900109 263.19707393119364269 263.28825601580967941 263.53031614526616977 263.83077918431877151 264.00411348412961843 264.07682555776221989 264.35009626252281123 264.65893042181841111 264.83901599088306966 264.97385366718737032 265.1213500743438658 265.23405307432159361 265.31985939925465345 265.37103394976236359 265.30686562880157453 265.03373724019610336 265.01211507969497916 nan nan nan nan nan nan nan nan nan nan nan nan nan nan nan nan nan nan nan nan nan nan nan nan nan nan nan nan nan nan nan nan nan nan nan nan nan nan nan nan nan
263.82031802417247945 263.48863619681242199 263.2797290509252548 263.25112278289810774 263.51113951078781383 263.72008315472487538 263.77533877237186744 263.64591989615286138 263.77626089608946813 263.96032226772274498 264.15359449541728054 264.44235381900392667 264.7317304114125136 265.00016559017979034 265.06798361342936232 265.15159216247513996 265.28567480905428511 265.38913898606705288 265.45362895297563455 265.4530980126111217 265.18611211608219946 265.19171348483689599 265.27148352051506208 nan nan nan nan nan nan nan nan nan nan nan nan nan nan nan nan nan nan nan nan nan nan nan nan nan nan nan nan nan nan nan nan nan nan nan nan nan nan nan nan
264.16499200466444108 263.96099517479689212 263.72540692645969784 263.60584085008895272 263.89120764564461297 264.10069744342985132 264.08693700045995456 263.76661720748307971 263.72411688537982855 263.93116437883742265 264.18996366225798056 264.50034590352584019 264.76139942565561114 264.99206184363947614 265.13361992366304776 265.23547177164437016 265.37833855281525075 265.48033775026613057 265.55580445877006923 265.58809318212695416 265.38039672765927435 265.40252350164257678 265.43878642053613248 265.5066346025726034 nan nan nan nan nan nan nan nan nan nan nan nan nan nan nan nan nan nan nan nan nan nan nan nan nan nan nan nan nan nan nan nan nan nan nan nan nan nan nan
264.62475037651290677 264.4463417593193526 264.12729377960204147 263.91696584271846859 264.17878157732195632 264.44547348916535157 264.40008029174134663 264.10624657204664345 263.94573170260360939 263.84830022043900044 263.99838982175850788 264.47409792325152011 264.77502859801518298 264.98897421633500926 265.14939086546002045 265.29261729907159406 265.44600648109690155 265.5437362027972199 265.66578612761747991 265.77820206635294653 265.80772939328659277 265.89002995874875523 265.76567309559578689 265.62502922741759903 nan nan nan nan nan nan nan nan nan nan nan nan nan nan nan nan nan nan nan nan nan nan nan nan nan nan nan nan nan nan nan nan nan nan nan nan nan nan nan
264.8483989807011767 264.68732875934051663 264.43765451670043376 264.44411673626410675 264.55574657692591245 264.76566800074039065 264.7160586978890251 264.50085142467600008 264.38979907154617877 264.19742922174845035 263.97868842659414668 264.18271983418839 264.59788365616793726 264.91928281654725197 265.17566040250483184 265.35208309878703403 265.53131949270130008 265.66051510821534976 265.82369818326685618 265.97342530344019451 266.13314897905314638 266.27371686380683968 266.16038377012210958 265.93266020938904148 nan nan nan nan nan nan nan nan nan nan nan nan nan nan nan nan nan nan nan nan nan nan nan nan nan nan nan nan nan nan nan nan nan nan nan nan nan nan nan
264.94815485480165762 265.05278735624631281 265.07633821508704841 265.0172795491524198 265.1054327740886265 265.12441785322749865 264.97891975868088821 264.8567164297327281 264.80225543668160526 264.62845044735740885 264.39727059824735989 264.22979382437966933 264.33540685096988909 264.61776192162631105 265.0621911620693254 265.40973534165431147 265.67751579596802003 265.85745557236441527 266.00656372471524946 266.15280674449991238 266.26874121398913076 266.38904634176572017 266.40036832906395148 266.14288658146955413 nan nan nan nan nan nan nan nan nan nan nan nan nan nan nan nan nan nan nan nan nan nan nan nan nan nan nan nan nan nan nan nan nan nan nan nan nan nan nan
265.33699714036470141 265.51526142525938212 265.6683244173346452 265.64098340155561573 265.53563528028877272 265.43337897572473594 265.32491723543341777 265.23917278066187464 265.14892519434579299 265.01542018764945396 264.83203560165503632 264.7097378938365182 264.74259328262741064 264.69601108207632478 264.87240933635251849 265.31446203364083658 265.76390007447611197 266.06041754432845892 266.22178364816790008 266.34725732331912695 266.4179945175825992 266.48407435015690226 266.61356858825121208 266.58940071757291435 266.3626036203198737 nan nan nan nan nan nan nan nan nan nan nan nan nan nan nan nan nan nan nan nan nan nan nan nan nan nan nan nan nan nan nan nan nan nan nan nan nan nan
265.48175922390100823 265.69705176928221135 265.8881569029555294 265.84743780750505948 265.76615665426260193 265.73679978785065714 265.68950108142360023 265.59334165813294248 265.49909223829524763 265.39881491158666904 265.17709763096098641 265.0650888204477269 265.15315728132907225 265.10195839648952187 265.00295211555800279 265.44207360468237766 265.87684407177636103 266.23571150569199517 266.39585907134801346 266.54125508911681663 266.76294301733008751 266.76952930609286341 266.85511668617795067 266.92465994373873173 266.75975955236373238 266.57743698692530643 nan nan nan nan nan nan nan nan nan nan nan nan nan nan nan nan nan nan nan nan nan nan nan nan nan nan nan nan nan nan nan nan nan nan nan nan nan
265.702860501708642 265.89309272821839158 266.02601264535377368 265.98302693123582685 265.95936153290807624 265.96341376017420544 265.99382111593581612 265.8820750086677549 265.82632927250330113 265.77232017136850573 265.56800775550971139 265.42725017614191074 265.48111683138790795 265.46985264292720785 265.43914832265028281 265.55582159298643319 266.02781184156935979 266.41414218751953058 266.53251681099766301 266.74058038839768869 267.11422229098144498 267.26586370050534924 267.14376227909519912 267.16316572993076761 267.08933361263245843 266.85875894441210221 nan nan nan nan nan nan nan nan nan nan nan nan nan nan nan nan nan nan nan nan nan nan nan nan nan nan nan nan nan nan nan nan nan nan nan nan nan
265.83570611444338283 265.99799256199298725 266.09306564879403822 266.11196928260852701 266.09336943272143117 266.12692957040525243 266.18477455947203225 266.17498354368791524 266.12562362054347886 266.0909670509594207 265.93449515848124065 265.75117557191583728 265.72477552036343695 265.77927582433096632 265.84585174736508861 265.99415167546089833 266.13592862360144409 266.62428001739073125 266.78605574784216969 266.97912072658817806 267.30869342969936042 267.50736168354711708 267.49495001832713115 267.41193478587825894 267.23934595300960382 267.09841509445357133 266.8510612139280056 nan nan nan nan nan nan nan nan nan nan nan nan nan nan nan nan nan nan nan nan nan nan nan nan nan nan nan nan nan nan nan nan nan nan nan nan
265.89614903684201863 266.01795953236359082 266.18399066249997986 266.21047283492453062 266.21571372857971483 266.24267044738797949 266.28933491221113172 266.37436339283578945 266.4109973196568717 266.38253211248178332 266.21455785745337153 265.92809486199359981 265.91301858323686247 266.0873721919395507 266.18289133579287409 266.31216972803389353 266.55533775224745341 266.88680611940219478 267.15199652206223391 267.30209288733072981 267.49345797256682999 267.61487243295408689 267.67677920102670441 267.52109162598401326 267.33411138404721896 267.08508523369295062 266.86168232284558144 nan nan nan nan nan nan nan nan nan nan nan nan nan nan nan nan nan nan nan nan nan nan nan nan nan nan nan nan nan nan nan nan nan nan nan nan
265.93456879507016311 266.09768480229462284 266.27035958088913503 266.300957149559963 266.31936898630323185 266.3770998661063345 266.45079001445151334 266.51733294364623816 266.59753205720238611 266.60910302655690884 266.39627484656006118 266.1237210698357103 265.94508790674223064 266.18653366344648248 266.37219658748398388 266.53456491471746403 266.76709741107424634 267.08270199323339966 267.38368688707794263 267.55785700000109273 267.71014299117143764 267.71937231157232873 267.73900875235261765 267.58105749844889942 267.36110630818865275 267.03645564648314803 nan nan nan nan nan nan nan nan nan nan nan nan nan nan nan nan nan nan nan nan nan nan nan nan nan nan nan nan nan nan nan nan nan nan nan nan nan
265.95694127388196648 266.19146083931138946 266.33586190271375926 266.39879419373255587 266.39862333669407235 266.50644077621274164 266.61331666397853724 266.62901073606235514 266.68780064587525658 266.7447306778057623 266.57104587960941444 266.27129733518171406 266.01653294339843114 266.29438478083682185 266.60263017628665239 266.76809284608242478 266.97817660096501413 267.23252627531945791 267.52315092795612372 267.78406598799011817 267.92742334124682202 267.91015635057897271 267.8727124676480571 267.5923818383885191 267.37602250867712428 267.06536033110955941 nan nan nan nan nan nan nan nan nan nan nan nan nan nan nan nan nan nan nan nan nan nan nan nan nan nan nan nan nan nan nan nan nan nan nan nan nan
265.77996855739166904 266.13930421834078288 266.38953062101330715 266.50822593342525124 266.51608012197613107 266.58702896897966639 266.72132692877283944 266.7626113742348366 266.78599469863962668 266.84251095019482136 266.73296135596064005 266.45583327239876326 266.14433605170216879 266.25270999255650395 266.59746206481094077 266.85712993839496221 267.15848418845604328 267.48809541343229057 267.84200686674535064 268.02566238040452617 268.14515119739161264 268.1574573504689738 267.99165304660971287 267.72039993696768079 267.54303149787870097 267.3492201723865378 nan nan nan nan nan nan nan nan nan nan nan nan nan nan nan nan nan nan nan nan nan nan nan nan nan nan nan nan nan nan nan nan nan nan nan nan nan
265.84626985094189422 266.0350900487085255 266.3301023025138079 266.53819493194021106 266.62199506622442868 266.65958430206518415 266.77853398833428855 266.87791476267733515 266.93061357978450587 266.85178060889307972 266.81736400135207532 266.71446514311986675 266.43649916211444406 266.35151624580583984 266.65784136281706651 267.0274901440786266 267.30785805336131489 267.65596256766633587 268.02249047659290682 268.22691745194208579 268.33404648585235464 268.2789565485763319 268.04630991839098897 267.87938893851668354 267.77024169499259187 nan nan nan nan nan nan nan nan nan nan nan nan nan nan nan nan nan nan nan nan nan nan nan nan nan nan nan nan nan nan nan nan nan nan nan nan nan nan
265.87132334908881148 266.05560239257425792 266.22341494317049637 266.50494727918851368 266.64535634333526559 266.70148350055592346 266.79328287030602951 266.94649436886066951 267.05101498672058824 266.91806618800808337 266.9932841299388997 266.92381782759144926 266.80181656274777424 266.63113916333298903 266.83600805163575842 267.20012699688589919 267.47539109933501322 267.82304331562943389 268.22153328130076488 268.4102096102300834 268.45825830685834035 268.32694217292021222 268.24256467443058227 268.08848204740502297 267.97716562343953228 nan nan nan nan nan nan nan nan nan nan nan nan nan nan nan nan nan nan nan nan nan nan nan nan nan nan nan nan nan nan nan nan nan nan nan nan nan nan
265.68222948044348186 265.97710814174263305 266.31788412395877685 266.49673133578306761 266.66938683868175985 266.82671483351424513 266.92293361094738202 267.0216450961148098 267.12629629083113514 267.07825340655199398 267.17068476636200103 267.11214670251723646 267.05743819111432913 266.94023592223373953 266.99793868060277191 267.28036479833457406 267.56175322776255143 267.93570340665530694 268.33627528046793032 268.54151419684870916 268.55304731552990916 268.50024052959219034 268.52868657387722351 268.35939373154542409 268.23727131967689274 nan nan nan nan nan nan nan nan nan nan nan nan nan nan nan nan nan nan nan nan nan nan nan nan nan nan nan nan nan nan nan nan nan nan nan nan nan nan
265.81073737069118579 266.02633962662611111 266.39979442554067646 266.70051677579130001 266.78620949587951827 266.9840722830765003 267.07283336547601493 267.16052288230559952 267.22202879152996502 267.24220315421899841 267.30868518121201305 267.31639099984988661 267.2377965203170902 267.23839301318508888 267.2331383588041831 267.40770343817996491 267.67665649617555346 268.00351899067351269 268.38976742440297585 268.68262137735939632 268.74080183327970417 268.734545363850998 268.76858061047823867 268.64712964790970773 268.47424544466190355 268.55361049581182442 nan nan nan nan nan nan nan nan nan nan nan nan nan nan nan nan nan nan nan nan nan nan nan nan nan nan nan nan nan nan nan nan nan nan nan nan nan
265.96137560804322675 266.19311307626759344 266.46495804979701916 266.72164249281331649 266.95484837693589952 267.11640761240892061 267.23962356254213546 267.32263064722241097 267.36851283593932749 267.42943559382621288 267.49562809490237214 267.5601043984881926 267.45290059531987481 267.40905081299843005 267.48986490171046171 267.6110186156755617 267.81416217834947702 268.06881084712546226 268.46986610078118929 268.78911293002539651 268.92051721660425301 268.94352022661462343 268.99611722567624383 268.91910056510431559 268.75295423958624497 268.88897612840997908 269.07815047568072941 nan nan nan nan nan nan nan nan nan nan nan nan nan nan nan nan nan nan nan nan nan nan nan nan nan nan nan nan nan nan nan nan nan nan nan nan
