results/rofental/temp_month_2020-08-01T0000_2020-08-31T2300.asc
ncols        322
nrows        225
xllcorner    622802.488000000012
yllcorner    5178049.378999999724
cellsize     100.000000000000
[rows 56 to 83 of 225, columns 189 to 251 of 322]
nan nan nan nan nan nan nan nan nan nan nan nan nan nan nan nan nan nan nan nan nan nan nan nan nan nan nan nan nan nan nan nan nan nan nan nan nan nan nan nan nan nan nan nan nan nan nan nan nan nan nan nan nan nan nan nan nan nan nan nan nan nan nan
nan nan nan nan nan nan nan nan nan nan nan nan nan nan nan nan nan nan nan nan nan nan nan nan nan nan nan nan nan nan nan nan nan nan nan nan nan nan nan nan nan nan nan nan nan nan nan nan nan nan nan nan nan nan nan nan nan nan nan nan nan nan nan
nan nan nan nan nan nan nan nan nan nan nan nan nan nan nan nan nan nan nan nan nan nan nan nan nan nan nan nan nan nan nan nan nan nan nan nan nan nan nan nan nan nan nan nan nan nan nan nan nan nan nan nan nan nan nan nan nan nan nan nan nan nan nan
nan nan nan nan nan nan nan nan nan nan nan nan 276.94935058315576271 nan nan nan nan nan nan nan nan nan nan nan nan nan nan nan nan nan nan nan nan nan nan nan nan nan nan nan nan nan nan nan nan nan nan nan nan nan nan nan nan nan nan nan nan nan nan nan nan nan nan
nan nan nan nan nan nan nan nan nan nan 276.46224619224381058 276.72190740960121502 277.05249482338319922 277.24001114849727401 277.3352023554946868 nan nan nan nan nan nan nan nan nan nan nan nan nan nan nan nan nan nan nan nan nan nan nan nan nan nan nan nan nan nan nan nan nan nan nan nan nan nan nan nan nan nan nan nan nan nan nan nan
nan nan nan nan nan nan nan nan 276.42673685498959912 276.53191048928295004 276.69858621317138159 276.93044891941099195 277.15718346511869186 277.36102591992278121 277.6039561614638842 277.67919683156372912 nan nan nan nan nan nan nan nan nan nan nan nan nan nan nan nan nan nan nan nan nan nan nan nan nan nan nan nan nan nan nan nan nan nan nan nan nan nan nan nan nan nan nan nan nan nan nan
nan nan nan nan nan nan 275.98402673157931986 276.4060663508748803 276.76666721498537527 276.99527021748212974 277.16417003032762523 277.29050015914509686 277.37291161939617723 277.50662203810719575 277.75448930545638859 277.95107808547777495 277.96436012735171062 277.88947225379672545 nan nan nan nan nan nan nan nan nan nan nan nan nan nan nan nan nan nan nan nan nan nan nan nan nan nan nan nan nan nan nan nan nan nan nan nan nan nan nan nan nan nan nan nan nan
nan nan nan nan nan 275.92796081319130508 276.1600476127453021 276.65921024903929037 276.97589355873788008 277.16176180855256916 277.30771151953706521 277.45120950571873664 277.59698627609816413 277.70578067200784744 277.90340158289797046 278.09303881933163893 278.19285527122559643 278.17909704522480752 278.03832468180496562 277.81499377288361075 nan nan nan nan nan nan nan nan nan nan nan nan nan nan nan nan nan nan nan nan nan nan nan nan nan nan nan nan nan nan nan nan nan nan nan nan nan nan nan nan nan nan nan
nan nan nan nan nan 275.89622792937461782 276.19054370831401002 276.68098146558378403 277.05263641260381746 277.19539838719117597 277.32756219487652061 277.47727061008816918 277.62909228089512226 277.79442657626736946 277.96956855287697863 278.14608435753490312 278.24445475482229995 278.28345645721026358 278.24418572548614748 278.04859167158537048 277.7576025900079344 nan nan nan nan nan nan nan nan nan nan nan nan nan nan nan nan nan nan nan nan nan nan nan nan nan nan nan nan nan nan nan nan nan nan nan nan nan nan nan nan nan nan
276.7791809662282958 276.35105096907295774 nan nan 276.30303579613030251 276.3890840026706428 276.46400671403904425 276.68954769081710765 276.97325500805004594 277.12962370964288539 277.1851908755559748 277.4411721858739952 277.7326119031105236 277.89524236439660854 278.01261387050618623 278.14268808566578173 278.23807348728826128 278.3067330410110003 278.3410034320959312 278.26025070722999999 277.97093984233669062 277.9336238530817127 nan nan nan nan nan nan nan nan nan nan nan nan nan nan nan nan nan nan nan nan nan nan nan nan nan nan nan nan nan nan nan nan nan nan nan nan nan nan nan nan nan
277.08026724080036729 276.73294345911233449 276.50801924188652947 276.46303184286290389 276.70631618370583737 276.89819108342055642 276.93605897442722608 276.78895364693227066 276.90133303909669849 277.06718496485444803 277.24203142059866423 277.51218478812052126 277.78281642929135842 278.03241428166995775 278.08135499040139393 278.14610466199331995 278.26141152034585957 278.34625396556299393 278.39235350823821591 278.37374681799235532 278.08908900640511774 278.07751675908338029 278.14071057663869624 nan nan nan nan nan nan nan nan nan nan nan nan nan nan nan nan nan nan nan nan nan nan nan nan nan nan nan nan nan nan nan nan nan nan nan nan nan nan nan nan
277.41642279908586488 277.19582450827448383 276.94321883500680315 276.8062298394676759 277.07378048659631986 277.26507535153871231 277.23275823751009739 276.89354013601200677 276.83182350167544428 277.01936434178588797 277.25839882597216501 277.54879535054010375 277.78968498449012259 278.00005405968812511 278.12124443561936005 278.20271602725171078 278.32525877769751332 278.40706606255332645 278.46255600051631518 278.47517311708514853 278.24820693459616905 278.25156877427133395 278.2696799705136641 278.32010265226205092 nan nan nan nan nan nan nan nan nan nan nan nan nan nan nan nan nan nan nan nan nan nan nan nan nan nan nan nan nan nan nan nan nan nan nan nan nan nan nan
277.86801059332441355 277.67201653259274963 277.33492372212498367 277.10610117779481243 277.34898396091205086 277.59631825623262102 277.53115916981744249 277.21717089992159799 277.03613618550519959 276.91784724506351267 277.04677434472228015 277.5010529348203363 277.7803311491607019 277.97245198109800413 278.11092919226871345 278.23216668405939345 278.36359037384596604 278.43945903061796798 278.53984139909073292 278.63088038913338096 278.63942621628137886 278.701252825877134 278.55704817905240134 278.39730689429154609 nan nan nan nan nan nan nan nan nan nan nan nan nan nan nan nan nan nan nan nan nan nan nan nan nan nan nan nan nan nan nan nan nan nan nan nan nan nan nan
278.0838590129651493 277.90419572825180694 277.63542306158035444 277.62228995424032973 277.71383784536493522 277.90320326736349443 277.83257928874758136 277.59591741513457919 277.46299325894591448 277.24836173031530961 277.00700196513452056 277.18809561492702187 277.58004796844141993 277.87801423179962512 278.11079756693794707 278.2635330471243833 278.41906639091092757 278.52462930508113459 278.66434542093509208 278.79087590637931271 278.92778681044813993 279.04604780971902755 278.91104348659268908 278.66242084810482993 nan nan nan nan nan nan nan nan nan nan nan nan nan nan nan nan nan nan nan nan nan nan nan nan nan nan nan nan nan nan nan nan nan nan nan nan nan nan nan
278.17620783796883188 278.26121717608896233 278.26459104028413094 278.18480853780005191 278.25169986480767648 278.2488960712561834 278.08109609534392348 277.93609534882358503 277.85836305497753074 277.66083942843209798 277.40552578861598931 277.2135386484426931 277.29431046586023513 277.55154711457942085 277.9706429510547423 278.29271021463199531 278.53495149524474073 278.68938129841029649 278.81311059904686545 278.93421833471006721 279.0253838869926426 279.12141917559961257 279.10911228120158967 278.828792585062331 nan nan nan nan nan nan nan nan nan nan nan nan nan nan nan nan nan nan nan nan nan nan nan nan nan nan nan nan nan nan nan nan nan nan nan nan nan nan nan
278.55805893689131381 278.71564899119357506 278.84743303749922916 278.79821354408232992 278.67039431934045979 278.54508348023227882 278.41299589150020211 278.3030700107648272 278.1881055304304482 278.02937344740763592 277.82028290719586039 277.67183855919250846 277.67815258058033123 277.60468888119009989 277.75392957539958161 278.16862297265680581 278.59058522918707013 278.8596071740116713 278.99356662653565309 279.09184317865958747 279.13572538368265441 279.17543652522078901 279.2792033578280666 279.23011406218819275 278.97937440259016739 nan nan nan nan nan nan nan nan nan nan nan nan nan nan nan nan nan nan nan nan nan nan nan nan nan nan nan nan nan nan nan nan nan nan nan nan nan nan
278.6962681609993524 278.8898163487907027 279.05851923141608495 278.99474300962685902 278.88975448442744209 278.83604686218870938 278.76376380846534175 278.64199994196701482 278.52154402262823396 278.39448162574109347 278.14543058905871931 278.00557661230368467 278.06533417722010881 277.98541376740814712 277.85734084515291897 278.26712743841136444 278.67238381257334368 279.00165992367340095 279.13225434815598192 279.24826456637879346 279.44087696483995842 279.41885437088564004 279.47646863159900477 279.51885524143347084 279.32780535401099087 279.12053898105818917 nan nan nan nan nan nan nan nan nan nan nan nan nan nan nan nan nan nan nan nan nan nan nan nan nan nan nan nan nan nan nan nan nan nan nan nan nan
278.91127682480606609 279.078677848942732 279.1880533550194059 279.12081049528001131 279.07217714229170724 279.05055466121120844 279.05458750794360867 278.91577779540671145 278.83229474856511843 278.74989571801307875 278.51656861126662079 278.34620733511241042 278.36992610572747253 278.32802490472238333 278.26626091342262725 278.35153085574825127 278.79186669014046629 279.14639858058046684 279.23295294425906832 279.40931235823831003 279.75151991842358257 279.87216613793037823 279.71969295689524415 279.7095461407102448 279.60719538154370412 279.34935360158902995 nan nan nan nan nan nan nan nan nan nan nan nan nan nan nan nan nan nan nan nan nan nan nan nan nan nan nan nan nan nan nan nan nan nan nan nan nan
279.03851112033783011 279.1768656188443174 279.24723629558133098 279.24066459184962241 279.19581524671542638 279.20235247670802892 279.23240470743900232 279.19405840127330976 279.11539276675512156 279.05069809373037515 278.86348085950885434 278.64874224837825523 278.59029277726193641 278.61216764958936665 278.6456089735352748 278.76034577606026232 278.8682267678759672 279.3224612541902161 279.45002812737328668 279.60893909871623464 279.90457758076905748 280.06971439303765692 280.02437453575612381 279.90925115226139042 279.7056055260356402 279.53491258939652653 279.2593435507745312 nan nan nan nan nan nan nan nan nan nan nan nan nan nan nan nan nan nan nan nan nan nan nan nan nan nan nan nan nan nan nan nan nan nan nan nan
279.09384385356622715 279.1906110797084466 279.33076953548703614 279.33054381052608051 279.30823672555396797 279.30680228877258742 279.32423200561612475 279.37918544213857786 279.38491217915748166 279.32472189038389843 279.12422636873452575 278.80447652030460404 278.7553888061289058 278.89505937221161957 278.95529040258969644 279.04875728325015416 279.25568871958620321 279.5506117842370486 279.77908376982708205 279.89244436684145967 280.04723282007677199 280.13242709549712117 280.15868779802394783 279.9681651919498222 279.74741524996596809 279.46595373898628623 279.21173001336933339 nan nan nan nan nan nan nan nan nan nan nan nan nan nan nan nan nan nan nan nan nan nan nan nan nan nan nan nan nan nan nan nan nan nan nan nan
279.12767278047886066 279.26462750061182305 279.41025124540959723 279.41289844262865927 279.40245159554365273 279.43040798888097243 279.47340283982401843 279.50832826083637883 279.55599111868735918 279.53411679156363334 279.28695172589715412 278.97919628435391814 278.76453455785014057 278.96917559329864389 279.11732307701362288 279.24154722777336701 279.43540714095064459 279.71193110252352199 279.97356925222163682 280.10829117831929125 280.22121582178198196 280.19138284524370874 280.17249188368265322 279.97680655350080769 279.72019373065973014 279.3602508363992456 nan nan nan nan nan nan nan nan nan nan nan nan nan nan nan nan nan nan nan nan nan nan nan nan nan nan nan nan nan nan nan nan nan nan nan nan nan
279.14599001222836705 279.35322803125478686 279.46939640619712009 279.50313107647190236 279.47278407608717998 279.54943439473157696 279.62414194402708745 279.60665965958685319 279.63126320516443002 279.65300120392845429 279.44313103261919196 279.10622589413446804 278.81336752249529809 279.05223557875905271 279.32067083673001662 279.44557846641151855 279.61446387060669849 279.82709565399198937 280.07563068483864299 280.29425781597615241 280.39532913643381562 280.33600560894700493 280.25698960341816246 279.93585257944869227 279.67975838422478319 279.33076014814076871 nan nan nan nan nan nan nan nan nan nan nan nan nan nan nan nan nan nan nan nan nan nan nan nan nan nan nan nan nan nan nan nan nan nan nan nan nan
278.96551144298683766 279.2964481169264559 279.51726233688270895 279.60551385630418508 279.58187393310998914 279.62026035111512101 279.72091143908039612 279.72745164241445082 279.71498511597911829 279.73454401835164163 279.58693586510850082 279.27066447560952156 278.91896799378747573 278.9861301347788185 279.28871831918957014 279.50535018389155084 279.76289828331465515 280.04805964064422596 280.35703065090427799 280.49543699300829758 280.56958002428063992 280.5366871321247686 280.32610532470351927 280.01080175741503808 279.79044424380606415 279.5550652455625027 nan nan nan nan nan nan nan nan nan nan nan nan nan nan nan nan nan nan nan nan nan nan nan nan nan nan nan nan nan nan nan nan nan nan nan nan nan
279.02886726046477861 279.18817953046732327 279.45260839499502481 279.62901871848578139 279.68001330603578936 279.6836496341506404 279.767476382564098 279.83054439748212872 279.84572533246512194 279.72816035098639986 279.65379689643509664 279.50974614579371291 279.18944591238744124 279.06098453983753416 279.32274335575834812 279.6468154000810955 279.88069749801036323 280.18153531556771441 280.50017339853405929 280.65627720988135252 280.71487359955625607 280.61130086708061526 280.3305166579286265 280.11613422553409691 279.96056633229500221 nan nan nan nan nan nan nan nan nan nan nan nan nan nan nan nan nan nan nan nan nan nan nan nan nan nan nan nan nan nan nan nan nan nan nan nan nan nan
279.05154341931847739 279.20522040103907102 279.3412934455096206 279.58991993649857477 279.69622639447311485 279.71702337651350945 279.77223513969971691 279.88757421135017012 279.95291440101067337 279.77946015174092054 279.81283893849922606 279.70020184541522212 279.53371362141302825 279.31726483226157143 279.475128985849949 279.79108352766024836 280.01712317318487067 280.3146198002519327 280.66218453955445966 280.79936309171188213 280.79557671967188526 280.61236357702017585 280.47634358770125118 280.27123038639382457 280.10989202836645973 nan nan nan nan nan nan nan nan nan nan nan nan nan nan nan nan nan nan nan nan nan nan nan nan nan nan nan nan nan nan nan nan nan nan nan nan nan nan
278.86064452577574002 279.12384872137698721 279.43175163421346952 279.57649246722826319 279.71377130547057277 279.83441431353611506 279.89260210001316409 279.95190088992586652 280.01572582216931551 279.92541718064342149 279.97412565275300267 279.87040085457289251 279.76904887141586187 279.6037705099224695 279.61200912065191915 279.84365171780513037 280.07303388462594285 280.39388354688560412 280.74042485312611461 280.89090671001446253 280.84720240520488233 280.73896905928995693 280.71213728906826645 280.48810017105671477 280.312197353309557 nan nan nan nan nan nan nan nan nan nan nan nan nan nan nan nan nan nan nan nan nan nan nan nan nan nan nan nan nan nan nan nan nan nan nan nan nan nan
278.98791999434115496 279.17080462381471762 279.51028343750374461 279.77573059240410203 279.82480495919986652 279.98466046962863629 280.03397926356069547 280.08074679418359665 280.09980970841422732 280.07598437303983019 280.09688245403737028 280.05740352696346918 279.93002111286557465 279.88024175678566507 279.8230601005188305 279.94420938976162461 280.15835018976486026 280.429130731825353 280.75819325410640204 280.99296637286244049 280.9924273423795853 280.92711947720920307 280.90213083525856064 280.72209636423718848 280.49153432364965965 280.51464166393594724 nan nan nan nan nan nan nan nan nan nan nan nan nan nan nan nan nan nan nan nan nan nan nan nan nan nan nan nan nan nan nan nan nan nan nan nan nan
279.13789458137415522 279.33590856159514715 279.57271395119602175 279.79299543132168537 279.98838368935759036 280.11065669561003233 280.19306279100885604 280.23368210858586735 280.23554715210678978 280.25077712258240581 280.26956283620609156 280.28489095820123111 280.12678458311700069 280.03028306600293718 280.05672392524161296 280.12183761047174357 280.2673609716943588 280.46293295459901174 280.80362100647766965 281.06142347727654851 281.13057174129113491 281.09082873752936393 281.08057054320778434 280.94103088113007516 280.71319507909396407 280.78891921071920024 280.91979653742276923 nan nan nan nan nan nan nan nan nan nan nan nan nan nan nan nan nan nan nan nan nan nan nan nan nan nan nan nan nan nan nan nan nan nan nan nan
