results/rofental/temp_month_2020-07-01T0000_2020-07-31T2300.asc
ncols        322
nrows        225
xllcorner    622802.488000000012
yllcorner    5178049.378999999724
cellsize     100.000000000000
[rows 168 to 195 of 225, columns 126 to 188 of 322]
277.82369886833703276 277.81647661317873599 277.80163994659045557 277.77613629055235833 277.56868955253213471 277.24226408720107884 277.34932380935566698 277.65236982869242865 277.82688463252850397 277.85004637428244223 277.93540043621254654 278.06863336538572185 278.14655027896242245 278.26634313965013234 278.37787095858590192 278.42942014707904264 278.5491789290891802 278.59355117059078566 278.68837704146903889 278.78978737349780204 278.89601395721274457 279.0095702348490363 279.13586760579022439 279.37443331547189018 279.64175247037627514 279.90710007117360192 280.11402171645460157 280.18535745238960999 280.14137819242677097 280.12551124046501627 280.155953786201394 280.23074273893104191 280.19532147218700402 280.08301715638992846 279.79262079850013833 279.64311850396126147 279.47846450076627889 279.41818171243920688 279.38707699281854957 279.34197715196887657 279.16575355353961641 278.93435840031503403 278.73662027005059372 278.66954743012297513 278.64313303211696393 278.54174067727529973 278.43383088729808605 278.41578824314507301 278.43771926388637894 278.44620826485305543 278.44855596071943182 278.33142587223318287 277.89074935063791827 277.37488519693039279 nan nan nan nan nan nan nan nan nan
277.41841886961742603 277.50997514151350742 277.62177406468430263 277.63525154509352433 277.50764331361648374 nan nan 277.69617252523869411 277.85614292233088918 277.91690360757405642 277.96151238414830686 278.08511321585933729 278.21090292032693014 278.38357795849077547 278.49680243547470582 278.55422228307617161 278.6101452724942078 278.65986599632492471 278.79384291574615418 278.86996383539792532 278.94160136950659989 279.09067223951751657 279.29867418112451105 279.58941655687323191 279.83274574563529313 280.03517159551017812 280.15411778848590529 280.11526368093177553 280.08985260387078142 280.05872482511944099 280.09417988803670596 280.16984625690395205 280.10463909439209829 279.9481206199315011 279.76885580346879578 279.60900639870834539 279.46604623881586349 279.34944962890574516 279.32490059969745744 279.23039529155221317 278.98985409776355482 278.75838998919698497 278.61912783274607364 278.5867428662020302 278.56577481087595061 278.47255375484809292 278.38415625064425285 278.35325107113493459 278.38236604650518302 278.36843548547409455 278.36362367244947791 278.24480350212371604 277.87730341842950565 277.44875821019860496 nan nan nan nan nan nan nan nan nan
277.09972380450801666 277.25989656103666903 277.44713404916188892 277.47305106429513444 nan nan nan nan nan nan 278.01207800662024283 278.17102490326317366 278.33781223831124407 278.46277750856563671 278.55868899524284643 278.62644317534926586 278.67078445438698964 278.72789920300857602 278.82173306664492429 278.92296035948231747 279.12385224603218603 279.34157227685659564 279.56261953778346196 279.79175501368405321 279.9818910682142814 280.13680682157308865 280.1158489253232915 280.04419584636264062 280.02914011783849446 279.99801172252466586 280.037770981491974 280.08670153010689319 279.97565009363364652 279.85218085953039235 279.70263895256670139 279.5691101314355933 279.37904484831307172 279.23852720919188641 279.19666022123936955 279.02817339195564728 278.78580329212962852 278.59469017598581786 278.52847544703286076 278.53640790843928698 278.47065373403330568 278.34035835381399693 278.28207425359425997 278.29476989278413157 278.33582245043942294 278.30681320278262092 278.27549426455982484 278.20689396266618587 277.77888973106644244 277.41161117909246059 nan nan nan nan nan nan nan nan nan
276.95388565044595452 nan nan nan nan nan nan nan nan nan 278.10030244517287201 278.30601238335356129 278.55649375121521416 278.66931587310233454 278.74842928529540131 278.82214089316977379 278.88977439652825296 278.9196530595988861 279.04024177214859037 279.17576736948080907 279.34122447762905495 279.53918485712830488 279.75254842017812962 279.93685195990099146 280.04887198027404338 280.14780156341532802 280.05703944754304757 279.9873509652697976 279.96913230228670955 279.94844776710863243 279.96982520025341046 279.99187493298785512 279.83513269192928874 279.71206119995787276 279.59701320724542484 279.47011160460380097 279.30933328327046183 279.087868851057749 278.96303253584471804 278.76420334885636976 278.57745148851620343 278.47098430595684704 278.45999033263984757 278.41019046260208825 278.29324423129014576 278.22887342373610409 278.20344459895596856 278.2385058846060133 278.29682327965178956 278.27458565724646178 278.2275452700682763 278.14698866227939789 278.00104802903871359 277.73105237020820368 277.34668843740405464 nan nan nan nan nan nan nan nan
nan nan nan nan nan nan nan nan nan nan nan 278.50155341678549803 278.77921759596682705 278.91857173082348709 278.97770889542681516 279.03552627260154395 279.04136146143099495 279.12338549698012002 279.22111296682726334 279.37084728637643138 279.55718067716998121 279.754576353091295 279.91654552626783925 280.06055394882872633 280.09596509381975693 280.10009194341989769 280.01333799179241169 279.94179353083893602 279.91674718664944521 279.89285359973877121 279.88100171394739846 279.88012083073141412 279.71524579218532836 279.55070307441360455 279.46317549940710023 279.38106847559089374 279.1679940817748502 278.92867768855660415 278.74499463964752977 278.53754109451642762 278.39247316365276674 278.35929471929722467 278.29449805236481552 278.23650543961525727 278.19719267194227541 278.16797672405414232 278.15426632998605783 278.19155196979465927 278.20496624604783165 278.20622409966546229 278.1696321515433965 278.09738204399201322 277.95452000035686524 277.74451018712790074 277.24659032116738899 nan nan nan nan nan nan nan nan
nan nan nan nan nan nan nan nan nan nan nan nan nan 279.07221460580126404 279.17263849563431677 279.25937871097232801 279.3113761032298612 279.37565995154420762 279.45572871251732749 279.60620239637410123 279.77501108797815732 279.92120419739632098 280.05146621352508873 280.07945623149794301 280.05358489186539828 280.04716619961760671 279.97208109370546936 279.89896603904321637 279.86615478980763783 279.82774392472674663 279.78555167239954926 279.73858329701641878 279.59567375495288388 279.46161758488204896 279.34729772044408946 279.23799644576155288 279.00417019027167953 278.74867841186249962 278.53424883010188751 278.39250157158511456 278.30510490643581534 278.25233262367436282 278.09290066503388061 278.12324593224656155 278.10886181885996393 278.10480978254076945 278.11198814460368567 278.12325720466805024 278.11509495869404418 278.10843063749058501 278.09370540984093623 278.05031069497090357 277.88566092665098495 277.48484284099095021 277.24058311551442557 277.03473575667965179 nan nan nan nan nan nan nan
nan nan nan nan nan nan nan nan nan nan nan nan nan nan nan 279.43559602459117741 279.54054583913369925 279.59105382780182936 279.68929881575587615 279.80837787404738037 279.95244853289796083 280.04293799641237683 280.07124027046893389 280.01537734048923767 280.00359930553423737 280.015103475573369 279.94600437154002748 279.86097269024469369 279.81288156866582995 279.76396909163395321 279.66717309246791956 279.58451440692573442 279.499984039013043 279.40678578931664333 279.28354054430508313 279.06398624069896641 278.75576956774722248 278.5074729258736852 278.34521930526074129 278.25871824693501821 278.19940759269002228 278.15880910993985253 278.08342703864491341 277.99208051048111656 278.01713063644672275 278.01316071731093871 278.03166935370313695 278.04705176470247352 278.06073530205759425 278.06350329069954341 278.03650207139645545 277.97678510798340312 277.79874565488603366 277.30232502826095242 277.12458596580654557 nan nan nan nan nan nan nan nan
nan nan nan nan nan nan nan nan nan nan nan nan nan nan nan 279.56803688651825723 279.70450088588324888 279.74964456739587604 279.86758890565943148 280.0308744286937781 280.08933320000653566 280.08191212248613056 280.02411829924494668 279.97905101339972589 279.96771389354347548 279.9855099571996675 279.91895509551318355 279.81605374015123289 279.7372131035110101 279.67163225447552577 279.50912756537780979 279.43846355961886729 279.37220868290597764 279.3109121845577647 279.22754988620135919 278.94739513420825006 278.45228218554228761 278.15403861373636119 278.19963781580401019 278.14781502750582831 278.07726836861979791 278.03193582228868763 278.00758609399849774 277.85248742894566476 277.87399482839470011 277.87665411327685661 277.90865114421575299 277.96134549707790029 277.97850907379063301 277.98634686992255638 277.96374597114288463 277.88106850632101441 277.69342935993444144 277.34939878845540306 nan nan nan nan nan nan nan nan nan
nan nan nan nan nan nan nan nan nan nan nan nan nan nan nan nan 279.80263872817613446 279.87264541793916806 279.99289231844346659 280.11368458284943017 280.11527782732224523 280.03601631334333888 279.98633561879807985 279.94225651799723664 279.934857134598019 279.94081654166018325 279.87875780278199045 279.76119053883570587 279.6464600255667392 279.53598771791786248 279.36619294778154199 279.3012574201649727 279.25289135994239587 279.21114874592092292 279.16508279665089276 278.84023257238868609 278.37582137601549448 278.0290332869179224 278.06821242643661662 278.04616451117544784 277.96486460517212436 277.91643977264976684 277.89013946663760635 277.75958091018299001 277.7911986624839642 277.80953446920750594 277.85740166620360014 277.86394800789770443 277.87249570198292759 277.87076370460420094 277.84975948631375786 277.77805726654219143 277.56124224057043648 nan nan nan nan nan nan nan nan nan nan
nan nan nan nan nan nan nan nan nan nan nan nan nan nan nan nan nan 279.92515503757630313 280.02607423976155587 280.11867872075100649 280.0918735555159742 280.00818184324924687 279.94454865138413879 279.90405649654223907 279.88577302374199007 279.86275742980933501 279.7938104429100008 279.66106594302772237 279.56625727809819182 279.41533179964221745 279.29143798734043003 279.22743698925756917 279.1748229678929647 279.12606505505561927 279.04666272468620036 278.65743741281852408 278.35350844336147702 278.02608411201748595 277.89670157053598132 277.91206666166561945 277.86373024704016643 277.82110514361784226 277.79663317092922625 277.63672084977037002 277.67252219512749889 277.70009799413821838 277.72711013414129866 277.76773767214632471 277.77587441062155449 277.77232153117222424 277.73743940163348043 277.67267592139614862 nan nan nan nan nan nan nan nan nan nan nan
nan nan nan nan nan nan nan nan nan nan nan nan nan nan nan nan nan 279.98666266126076607 280.06055774827621008 280.11435380827174413 280.08648805939992599 279.99973341424777118 279.92230048312467261 279.85204687068335261 279.80112104202123646 279.75725036597128792 279.71232676585424315 279.57434786234961166 279.45750373521656229 279.35934908816295774 279.25938967694366966 279.18343680446599819 279.09959851481482929 278.99849941359110517 278.90534311439841986 278.47809062469258379 278.1552520538070894 277.92383541906411892 277.76516605030138862 277.78189137433537326 277.75284620751568809 277.71034818722830551 277.68441083448897189 277.45906083992508684 277.4971990344962478 277.50482189302465486 277.54084339015713567 277.56752663299141659 277.61519443714917088 277.66282727277842923 277.65496880096583254 277.57006705992847628 nan nan nan nan nan nan nan nan nan nan nan
nan nan nan nan nan nan nan nan nan nan nan nan nan nan nan nan nan nan 280.1070225589500069 280.1236408403217979 280.08050573264478089 279.96854596865387066 279.86807259972880502 279.78209756150880594 279.68468003822630408 279.63606928575239863 279.65115475042694015 279.51968671554374168 279.39290261838078777 279.33474030130406618 279.22905443781002077 279.16557157187469329 279.06262511892464317 278.90922987809659617 278.77253922340338477 278.61526425738821899 278.24296473748529479 277.86394832662119825 277.65926312289752786 277.62729229719735713 277.63514169866994052 277.63920318013850874 277.59092416381918156 277.28054736854193152 277.2712561883756166 277.29800803136578224 277.22155745485974876 277.26269976585354016 277.39583091633727463 277.52845739101871914 277.56513024042448023 nan nan nan nan nan nan nan nan nan nan nan nan
nan nan nan nan nan nan nan nan nan nan nan nan nan nan nan nan nan nan 280.13478079174234381 280.08973399236805335 280.00520332075211627 279.9206184223222067 279.7952297557732777 279.67525295662386497 279.59306828953191371 279.55203558533247588 279.56386695351596927 279.4904859109196309 279.39932101453530322 279.32438475326529215 279.21461267389338445 279.12620828576683607 279.00942287942251596 278.77729406594403372 278.63883856579548137 278.53209697354105856 278.45545304876986847 278.19623805645738912 277.63898110258890028 277.49011029059101929 277.51641228859836019 277.51749337137050588 277.44551016213489447 277.03574027903016486 276.93812980001291635 276.82787359211795319 276.91347580595265754 277.21268099828472486 277.34367572003623081 277.37027822975318259 nan nan nan nan nan nan nan nan nan nan nan nan nan
nan nan nan nan nan nan nan nan nan nan nan nan nan nan nan nan nan nan nan nan 279.89456136584732349 279.82695048918560587 279.71382601739446727 279.56912376179292323 279.4759108685198612 279.43098162187084199 279.44010829961052877 279.43407139118943405 279.36833584958901611 279.21304288765503543 279.12219023900087223 279.02352788498188829 278.91025322444426138 278.64571932106753138 278.47773429800645317 278.41441077361503176 278.35409510831408397 278.18050433746299177 277.64366238605458648 277.38638814171810054 277.3585487169224848 277.36139990175081493 277.26204876433570234 276.85111234714327111 276.48547105043303418 nan 276.95441800060694959 277.25098313606378042 nan nan nan nan nan nan nan nan nan nan nan nan nan nan nan
nan nan nan nan nan nan nan nan nan nan nan nan nan nan nan nan nan nan nan nan 279.75990017513373687 279.6675618490160673 279.59220345591205614 279.4656721332605116 279.3645764266644278 279.32612230804653564 279.31172490237395323 279.32524628399380617 279.27855528018801579 279.08222346120976454 278.8729875414389312 278.68275641948184784 278.47365682025923661 278.3972454532427605 278.33196934953599566 278.34728943621564667 278.22218685624687851 278.08590380054357638 277.75517744707008205 277.39622502139422977 277.25116489224166116 277.21660261713287809 276.99858428445583058 276.62896676630310822 nan nan nan nan nan nan nan nan nan nan nan nan nan nan nan nan nan nan nan
nan nan nan nan nan nan nan nan nan nan nan nan nan nan nan nan nan nan nan nan 279.54456929911310681 279.47983379479114774 279.40489829115000475 279.33262982162636945 279.23246925892505033 279.22403416360015171 279.20265510268956177 279.21122928073077674 279.13639755467090708 278.75146720004403278 278.3425676301279168 278.15988441283241173 278.0939496270671043 278.18339036186876001 278.18814161909386939 278.21633971976802968 278.08776122268875497 277.93836321196539529 277.67787381115488188 277.44923262813756537 277.25413979686356925 277.1180367958514239 276.92993587179927317 276.64925301046969253 nan nan nan nan nan nan nan nan nan nan nan nan nan nan nan nan nan nan nan
nan nan nan nan nan nan nan nan nan nan nan nan nan nan nan nan nan nan nan nan 279.28142750814362216 279.23240579337232248 279.22403848670239768 279.1427031683496125 279.12217081910421257 279.14772456331536432 279.1151554710407936 279.10392028104882911 279.03883764831601866 278.70838948377451061 278.06801145064036973 277.71807133206215212 277.9315646967464204 278.08674287763767552 278.05684673550086927 277.92890329589721432 277.78436720558818251 277.69193174923236711 277.54957227513892803 277.44347589685224875 277.26146517954362025 277.09721543123589527 276.94835393843692373 276.61196242532349743 nan nan nan nan nan nan nan nan nan nan nan nan nan nan nan nan nan nan nan
nan nan nan nan nan nan nan nan nan nan nan nan nan nan nan nan nan nan nan nan nan 278.95109123127514295 279.03771298540885937 279.01419257431706455 279.04103740911574505 279.07551506604909264 279.04124239851080347 279.02305385765993151 278.95077524365285626 278.7298655908163596 278.17019262943085778 277.54432090892424867 277.8214732244933316 277.9032071402539259 277.85028516913064323 277.51599240570646998 277.4967118507312307 277.47563088648848861 277.42381719173766896 277.38825322702950871 277.24479529283263446 277.05549647518751044 276.89691612074835803 nan nan nan nan nan nan nan nan nan nan nan nan nan nan nan nan nan nan nan nan
nan nan nan nan nan nan nan nan nan nan nan nan nan nan nan nan nan nan nan nan nan 278.92060187064430465 278.94295116831591486 278.9274100721950731 278.93829097353858515 278.97492362231997731 278.95990745436222369 278.94848569292742013 278.82849904025772503 278.58138427690681738 278.1485046230915259 277.39290156310556767 277.57495124559750366 277.69751965730569054 277.53789749605573434 277.18807250505341244 277.27063156332957305 277.28561241607019383 277.29276794287687835 277.28565014544233236 277.17085465256747057 276.95202308496874366 276.80260477785077455 nan nan nan nan nan nan nan nan nan nan nan nan nan nan nan nan nan nan nan nan
nan nan nan nan nan nan nan nan nan nan nan nan nan nan nan nan nan nan nan nan 278.82033085740005163 278.85889998083740693 278.84518682099383113 278.83429750072883735 278.85343918069787605 278.87609289012414138 278.87587459064246787 278.86270440784238644 278.55940427181968744 278.20095797364996315 277.89618459687034147 277.46617246287070202 277.30936942684269297 277.41964711362635398 277.06945057010483424 277.01998803854638709 277.14358086057200126 277.04796740994771653 277.10058581773392916 277.16410654637405742 277.05525379351678339 276.84864985395677195 nan nan nan nan nan nan nan nan nan nan nan nan nan nan nan nan nan nan nan nan nan
nan nan nan nan nan nan nan nan nan nan nan nan nan nan nan nan nan nan nan 278.66483413960975213 278.78202170720260256 278.77997137102141778 278.76753900469640257 278.75302725199088627 278.77552430684039564 278.78833908658435803 278.77779908978976664 278.75175361156846066 278.42158148687099128 278.17831378216487792 277.91147555305894912 277.703874113892482 277.5786729143430307 277.32478547554694615 277.1574241491068733 277.02400745319374664 277.02945835884759163 276.87405873187378802 276.91899458285348601 277.01609055786514091 276.91171822048107742 nan nan nan nan nan nan nan nan nan nan nan nan nan nan nan nan nan nan nan nan nan nan
nan nan nan nan nan nan nan nan nan nan nan nan nan nan nan nan nan 278.21261892805199523 278.50818991527364687 278.65043263377498306 278.68947512776486519 278.67608210686779557 278.69088126516351167 278.67057256254810227 278.6845170371670406 278.6930474390303516 278.66138662874379861 278.63599829664417484 278.3301086973206111 278.17114710562418622 277.97041640924055628 277.61651798796191315 277.44778751554554219 277.4949940627302567 277.44249020068366463 nan nan nan nan nan nan nan nan nan nan nan nan nan nan nan nan nan nan nan nan nan nan nan nan nan nan nan nan
nan nan nan nan nan nan nan nan nan nan nan nan nan nan nan nan 277.95251901491769786 278.23333845957012045 278.48436305791125278 278.57560818132935765 278.56903573534583529 278.56028704846676192 278.58982381902364978 278.59798589272116942 278.60563118578102149 278.5958751817095731 278.55462952292799628 278.52419282861478678 278.3190755213141756 277.98216717061029613 277.8925716196873168 277.75617939428764203 277.41536332658785113 nan nan nan nan nan nan nan nan nan nan nan nan nan nan nan nan nan nan nan nan nan nan nan nan nan nan nan nan nan nan
nan nan nan nan nan nan nan nan nan nan nan nan nan nan nan nan 277.92961611479609019 278.27128233157435488 278.37920418821175872 278.41592638661109049 278.44408017760690655 278.44510263906158798 278.47256825232199162 278.5189021418418065 278.55552172321330318 278.5157437066914099 278.45478381769538601 278.39788832848080347 278.29123557397315381 277.90716321579333226 277.89971819101873507 277.71221234395409283 nan nan nan nan nan nan nan nan nan nan nan nan nan nan nan nan nan nan nan nan nan nan nan nan nan nan nan nan nan nan nan
nan nan nan nan nan nan nan nan nan nan nan nan nan nan nan nan 277.98591960797853062 278.14941809886687452 278.15132108247115639 278.19345625473158634 278.27600048298535285 278.30954117654414404 278.32692776093614384 278.30864651856126102 278.28771761703188758 278.30823975944815629 278.34669794256615205 278.25507916867678659 278.18600339008264655 nan nan nan nan nan nan nan nan nan nan nan nan nan nan nan nan nan nan nan nan nan nan nan nan nan nan nan nan nan nan nan nan nan nan
nan nan nan nan nan nan nan nan nan nan nan nan nan nan nan nan nan 277.91240946273200052 277.83921631587389811 277.96463800437732061 278.04665675964656657 278.12791196361104085 278.15085586238359383 278.14176714448268513 278.06523770435956067 277.96274480424943931 278.15260592846954069 nan nan nan nan nan nan nan nan nan nan nan nan nan nan nan nan nan nan nan nan nan nan nan nan nan nan nan nan nan nan nan nan nan nan nan nan
nan nan nan nan nan nan nan nan nan nan nan nan nan nan nan nan nan nan nan 277.71910441589920993 277.71699834094010839 277.86976591530583391 277.83623053806502412 277.82333655607192213 nan nan nan nan nan nan nan nan nan nan nan nan nan nan nan nan nan nan nan nan nan nan nan nan nan nan nan nan nan nan nan nan nan nan nan nan nan nan nan
nan nan nan nan nan nan nan nan nan nan nan nan nan nan nan nan nan nan nan nan nan nan nan nan nan nan nan nan nan nan nan nan nan nan nan nan nan nan nan nan nan nan nan nan nan nan nan nan nan nan nan nan nan nan nan nan nan nan nan nan nan nan nan
