results/rofental/temp_month_2019-12-01T0000_2019-12-31T2300.asc
ncols        322
nrows        225
xllcorner    622802.488000000012
yllcorner    5178049.378999999724
cellsize     100.000000000000
[rows 112 to 139 of 225, columns 189 to 251 of 322]
269.21658658929402463 269.40307696324288145 269.55536699381150356 269.69669731413461022 269.57232864455653498 269.38856751060012584 269.23977060409976048 269.06269339512749639 268.78095883248562359 268.50243478854139312 268.26232890028279598 268.02065579821021402 268.0094948041236762 268.04118587220517611 268.09350813912004696 268.18065494469431087 268.16029696198495458 267.88620066084507698 267.68513207781575147 267.5732913523201546 267.51120140504815481 267.56385639436700785 267.71143141426233569 267.74708755295739593 267.59532764165891194 267.44925388940674793 267.56316166687105351 nan nan nan nan nan nan nan nan nan nan nan nan nan nan nan nan nan nan nan nan nan nan nan nan nan nan nan nan nan nan nan nan nan nan nan nan
269.3764015321385159 269.5262944318396876 269.64913572377361106 269.50776692206721918 269.42658391508803106 269.22732597630857754 269.00693450173616839 268.81245421754022118 268.47873575971902937 268.24116388487163931 268.04266648022627351 267.8905752406889178 267.88169616365041747 267.89984706472449716 267.91079889049001395 268.01408491023863689 268.02673407146448881 267.88313763110716081 267.61249772474320707 267.36965575712173404 267.40996822748820705 267.52007096869107272 267.57888693418965431 267.52099629792860469 267.31825715424628243 nan nan nan nan nan nan nan nan nan nan nan nan nan nan nan nan nan nan nan nan nan nan nan nan nan nan nan nan nan nan nan nan nan nan nan nan nan nan
269.53019868084226118 269.64192000922190573 269.48129954371933081 269.35086509340436578 269.21420915485396108 269.02162518548198022 268.79386057079318562 268.53889412143558957 268.2933780171446756 268.05793496970380829 267.84435125520184329 267.74764916170880724 267.77446426974358928 267.80629614950896666 267.80596522396194814 267.87635794433208503 267.89360161591667975 267.86705910427457411 267.57474634165532734 267.27272369487724291 267.34452453361399193 267.47187566631151867 267.4743172789669643 267.31915657844746192 267.08069763251984341 nan nan nan nan nan nan nan nan nan nan nan nan nan nan nan nan nan nan nan nan nan nan nan nan nan nan nan nan nan nan nan nan nan nan nan nan nan nan
269.62247785030012892 269.49483154808666541 269.35701211610222572 269.19653609488932489 269.02338056675000644 268.80908717726282475 268.59789720057983686 268.42448623858973633 268.21057183249530453 267.95484646453303412 267.73571249878949629 267.62649133612933383 267.64851753347068097 267.63108537552147936 267.68817136994090333 267.75493724447903787 267.75323482875961645 267.76440088904683989 267.56108170733665474 267.23193956606877464 267.18242473774148493 267.29161524639988556 267.29642931522528215 267.1728383170936354 266.90491140469271159 nan nan nan nan nan nan nan nan nan nan nan nan nan nan nan nan nan nan nan nan nan nan nan nan nan nan nan nan nan nan nan nan nan nan nan nan nan nan
269.39629039213684791 269.29970375462710308 269.17656276883280952 268.96034541433272125 268.75113414640924248 268.55762742961013601 268.34742566806932018 268.16088228160219842 268.04818216174010104 267.91034667917045908 267.74791677929016487 267.51106745609195059 267.44829180177839589 267.47069214131931858 267.56002071399285569 267.62211263169621134 267.62814596050600358 267.60521214229896714 267.42152976317856883 267.092731001335153 266.93379316712616856 267.03675160374137931 267.03201833646829755 266.89185671573591208 266.82284031977542327 nan nan nan nan nan nan nan nan nan nan nan nan nan nan nan nan nan nan nan nan nan nan nan nan nan nan nan nan nan nan nan nan nan nan nan nan nan nan
269.18891981039303118 269.07818416355064528 268.957168677553625 268.64293444038713687 268.44738835772159291 268.28631534013754845 268.07227215939582265 267.92009406969708607 267.7742212473364134 267.64245529774217403 267.51924821181449943 267.42191069106843315 267.28055912412418138 267.33621682459090607 267.37869055095399062 267.42477491397067979 267.45520966157056364 267.42928924644525068 267.27555128443475496 266.97748219126219738 266.67010634886065645 266.66405172742156537 266.68106011918951026 266.60199119999032291 nan nan nan nan nan nan nan nan nan nan nan nan nan nan nan nan nan nan nan nan nan nan nan nan nan nan nan nan nan nan nan nan nan nan nan nan nan nan nan
268.97039437004485762 268.82492092012091689 268.60658993995235733 268.35729355892658532 268.17287662479293431 268.01489439647173185 267.84700669992901112 267.69123837934557741 267.52656146199973364 267.42013875237364573 267.26578877627002839 267.22442470635394329 267.21130721260823293 267.21152140213041548 267.22461963581923783 267.26615073025692482 267.30772150707372248 267.25965937755597679 267.0611473624422274 266.82436862860436122 266.52309878391025677 266.32656985471447797 266.33536367300200709 nan nan nan nan nan nan nan nan nan nan nan nan nan nan nan nan nan nan nan nan nan nan nan nan nan nan nan nan nan nan nan nan nan nan nan nan nan nan nan nan
268.75807431156169969 268.52302109586366896 268.25344287856859182 268.07316247556076405 267.92660194026069576 267.79028380579296709 267.61491162183142478 267.44401817144853339 267.33747739528195098 267.19763910480122604 267.12108061022723859 267.12944531911603008 267.13969175282954893 267.10079627201992025 267.12517206101307465 267.15176679887360933 267.17886365852228892 267.09754266332447514 266.87449924948816715 266.55782240830882301 266.31283975307786704 266.08024400321806979 nan nan nan nan nan nan nan nan nan nan nan nan nan nan nan nan nan nan nan nan nan nan nan nan nan nan nan nan nan nan nan nan nan nan nan nan nan nan nan nan nan
268.5093122912581407 268.19852024682222691 267.96634800100247276 267.8035567711193039 267.69671406357491605 267.55749965375099464 267.39194674671887242 267.24978841105655647 267.07449534620144505 266.99604193711439848 267.00242485746508692 267.05711914362211701 267.05788020558736662 266.98205664242306057 267.00223195830238865 266.99310359453431829 267.01758098090760996 266.84018097430140415 266.56920268840951849 266.41960740580879019 266.12716514840604987 265.84011447012767348 nan nan nan nan nan nan nan nan nan nan nan nan nan nan nan nan nan nan nan nan nan nan nan nan nan nan nan nan nan nan nan nan nan nan nan nan nan nan nan nan nan
268.22902672690167947 267.95030122390681981 267.72457705555137863 267.58437952230843848 267.46135022729225739 267.33452911524801721 267.18045828042431822 267.03712092700749281 266.78709385957949962 266.88565036403815611 266.91515157826921723 266.97626115809498515 266.98313705297164233 266.90395921988107375 266.85708492705362005 266.83303721017119869 266.83973698496032512 266.66460399651276703 266.37192483116376707 266.21547361116398633 265.94508105711622648 265.67430611416540387 nan nan nan nan nan nan nan nan nan nan nan nan nan nan nan nan nan nan nan nan nan nan nan nan nan nan nan nan nan nan nan nan nan nan nan nan nan nan nan nan nan
268.08921003836957198 267.78961234781303347 267.60585561322875492 267.41505624601819591 267.2683211027229504 267.1313944551231998 266.94292780243813468 266.73415204344092899 266.61877477162971672 266.79321069418779189 266.81934546709186407 266.88546398315941133 266.85898541873518752 266.75586998229283608 266.73088983138012509 266.73106350661566921 266.69042930081548093 266.56374240310162804 266.25527472700184717 266.08116960074227109 265.84235513109319982 265.62047589584153684 nan nan nan nan nan nan nan nan nan nan nan nan nan nan nan nan nan nan nan nan nan nan nan nan nan nan nan nan nan nan nan nan nan nan nan nan nan nan nan nan nan
267.9451573189982696 267.69862571590857669 267.5277714452418536 267.26973396413319506 267.10128025318471146 266.94351915645512463 266.6912784786010775 266.50012073559247483 266.57570892086232561 266.67893372732629587 266.6952503028803676 266.70796583524878542 266.64084446124587657 266.59568441528978155 266.59718053180307606 266.61312632237661546 266.54468172515169044 266.48190471154703118 266.37360546691348873 266.16812482582395205 265.94924044578260691 265.7018281633433503 nan nan nan nan nan nan nan nan nan nan nan nan nan nan nan nan nan nan nan nan nan nan nan nan nan nan nan nan nan nan nan nan nan nan nan nan nan nan nan nan nan
267.8106277545414855 267.59584768341306926 267.38143263929617888 267.1345524066488224 266.95853111869519125 266.70473950004662811 266.40508329848057656 266.31817421966132997 266.48396323891728343 266.57157346822498312 266.6101518830121222 266.57836526287786683 266.527556135511702 266.48836168411781955 266.49678587933908602 266.52586380588195425 266.47313752878386595 266.38150426402108906 266.3632145107187057 266.23128070986831517 265.95393131682936882 265.72631907292128517 nan nan nan nan nan nan nan nan nan nan nan nan nan nan nan nan nan nan nan nan nan nan nan nan nan nan nan nan nan nan nan nan nan nan nan nan nan nan nan nan nan
267.70803549967826029 267.4738977172758041 267.23009390445412237 267.00056159050870974 266.80694857215871707 266.49697370405186803 266.2513294135403612 266.29897047993989645 266.33426267533707232 266.41966123285192225 266.43696410783161355 266.41993658175442761 266.39573846539184387 266.38020128496083316 266.4102131636783497 266.42534374498711713 266.35360778793335612 266.29587137494183935 266.25772976597545494 266.20657339690740173 265.90073079096896436 265.70727468229222268 nan nan nan nan nan nan nan nan nan nan nan nan nan nan nan nan nan nan nan nan nan nan nan nan nan nan nan nan nan nan nan nan nan nan nan nan nan nan nan nan nan
267.63433293611552699 267.36748846134474888 267.08418465458117907 266.86672121275927339 266.63831414509064643 266.36082155264006133 266.11188979119964415 266.15452399271009654 266.20708984218111937 266.24975415726328265 266.27409393503512547 266.29112734459329204 266.28386992480722029 266.29256071419115415 266.31909682043556131 266.29084999898776687 266.11397656742525442 266.12580572689756764 266.0961049430598564 266.08130174923041977 265.92131784771470393 nan nan nan nan nan nan nan nan nan nan nan nan nan nan nan nan nan nan nan nan nan nan nan nan nan nan nan nan nan nan nan nan nan nan nan nan nan nan nan nan nan nan
267.55567470440746547 267.2558230407140627 267.01007790228874228 266.75179350626279984 266.50818888263245299 266.26489247167029362 265.99818103763493582 265.94674522318757681 266.0649656319794758 266.10141209861359357 266.14098195007744607 266.17548015415229656 266.19900013987040666 266.21136932300976241 266.22306206625921732 266.15022123702408408 265.96877795486312834 265.92139869303179012 265.95192977925813693 265.93719250243827901 265.78994423405532643 nan nan nan nan nan nan nan nan nan nan nan nan nan nan nan nan nan nan nan nan nan nan nan nan nan nan nan nan nan nan nan nan nan nan nan nan nan nan nan nan nan nan
267.33671078942074928 267.14644262211027126 266.90208301467993124 266.63071477842271406 266.29536830228880717 266.06817463960646819 265.8205568558662435 265.90590412067388115 265.95818371109152167 266.0050368207710676 266.04436868903093227 266.08814508604439197 266.11264446815874862 266.1214828026004966 266.12477737228255137 266.05692695227912736 265.8932280874009848 265.74166715876918943 265.78349669405002942 265.76618760601650138 265.67638234560820365 nan nan nan nan nan nan nan nan nan nan nan nan nan nan nan nan nan nan nan nan nan nan nan nan nan nan nan nan nan nan nan nan nan nan nan nan nan nan nan nan nan nan
267.20713540571375688 266.99349826610279024 266.78286737217769087 266.55406492951686914 266.2418790256496095 265.96904405554113282 265.7616051718101744 265.77523662791736569 265.86132145572071295 265.93734477368542457 265.97312878626746624 266.01672007133305442 266.02655258583075693 266.03165784629442214 266.01081270703940618 265.93719012113376721 265.83995057774245652 265.61879519743342826 265.55755379308180864 nan nan nan nan nan nan nan nan nan nan nan nan nan nan nan nan nan nan nan nan nan nan nan nan nan nan nan nan nan nan nan nan nan nan nan nan nan nan nan nan nan nan nan nan
267.07854032098259722 266.9029036460958082 266.70123490596790816 266.43745450579689305 266.19003992151607463 265.96980914438898935 265.76881611478330569 265.65433663342150794 265.74830179856832046 265.83589437868073446 265.86518705252268546 265.89950544106045527 265.92203765409362859 265.90532905444166545 265.82163800793733799 265.79652274994697336 265.7337730283232986 265.52041192150312554 nan nan nan nan nan nan nan nan nan nan nan nan nan nan nan nan nan nan nan nan nan nan nan nan nan nan nan nan nan nan nan nan nan nan nan nan nan nan nan nan nan nan nan nan nan
267.06071122268775753 266.83575845594771181 266.63399268663681596 266.41458062477101976 266.27658080287875464 266.09391424635362 265.82188499010504756 265.55494705402827549 265.60467930583314455 265.67005688293085086 265.72176515883649017 265.74669033630806325 265.69284229223302418 265.57486343251747485 265.58955508690655734 265.66062073480890149 265.59481727073602997 nan nan nan nan nan nan nan nan nan nan nan nan nan nan nan nan nan nan nan nan nan nan nan nan nan nan nan nan nan nan nan nan nan nan nan nan nan nan nan nan nan nan nan nan nan nan
266.88767490253161441 266.71071327177099874 266.56168685493406656 266.38849810000095886 266.26469584372705413 266.05842882672914129 265.78024552324484375 265.51985903826505364 265.45497985440579214 265.49042862977699997 265.52145906808868858 265.5225322497998377 nan nan nan 265.54553851918410601 nan nan nan nan nan nan nan nan nan nan nan nan nan nan nan nan nan nan nan nan nan nan nan nan nan nan nan nan nan nan nan nan nan nan nan nan nan nan nan nan nan nan nan nan nan nan nan
266.75339883893997239 266.63344940116564885 266.50774992746681846 266.36548550773818533 266.17324928872517376 265.93231073622689564 265.68870822819997102 265.4193666069994606 265.26359977368321097 nan nan nan nan nan nan nan nan nan nan nan nan nan nan nan nan nan nan nan nan nan nan nan nan nan nan nan nan nan nan nan nan nan nan nan nan nan nan nan nan nan nan nan nan nan nan nan nan nan nan nan nan nan nan
266.75067298089174983 266.57915423413970757 266.43897049124319665 266.30070996392294091 266.05699330596144137 265.79780394885500527 265.56098969670580345 265.3102159386993435 nan nan nan nan nan nan nan nan nan nan nan nan nan nan nan nan nan nan nan nan nan nan nan nan nan nan nan nan nan nan nan nan nan nan nan nan nan nan nan nan nan nan nan nan nan nan nan nan nan nan nan nan nan nan nan
266.68237758519421732 266.53840980776459446 266.37173818883792364 266.20107972111514982 265.92966146725404997 265.67512834143747114 265.44416268560911476 265.26693952194904114 nan nan nan nan nan nan nan nan nan nan nan nan nan nan nan nan nan nan nan nan nan nan nan nan nan nan nan nan nan nan nan nan nan nan nan nan nan nan nan nan nan nan nan nan nan nan nan nan nan nan nan nan nan nan nan
266.61092299218694279 266.50015650721240945 266.36382520438468191 266.20515575066480096 266.02375925353516095 265.77080879043290906 265.52633012200021767 265.25479516578053563 nan nan nan nan nan nan nan nan nan nan nan nan nan nan nan nan nan nan nan nan nan nan nan nan nan nan nan nan nan nan nan nan nan nan nan nan nan nan nan nan nan nan nan nan nan nan nan nan nan nan nan nan nan nan nan
266.54793642505734397 266.44136055504480964 266.33329303540921273 266.22421574034962077 266.07636863478109035 265.83455849626523104 265.52025518291048911 265.22158374669879777 264.97936564826665062 nan nan nan nan nan nan nan nan nan nan nan nan nan nan nan nan nan nan nan nan nan nan nan nan nan nan nan nan nan nan nan nan nan nan nan nan nan nan nan nan nan nan nan nan nan nan nan nan nan nan nan nan nan nan
266.47391497896853707 266.37537940312955698 266.24342266740501373 266.14396544958782442 266.05937291322339888 265.88400730715261489 265.5862987504219177 265.30762924211472864 265.01445631078354381 nan nan nan nan nan nan nan nan nan nan nan nan nan nan nan nan nan nan nan nan nan nan nan nan nan nan nan nan nan nan nan nan nan nan nan nan nan nan nan nan nan nan nan nan nan nan nan nan nan nan nan nan nan nan
266.40223407543311396 266.29561651598635308 266.17167279835325644 266.0794374341371622 266.00288901751275716 265.87098456057333351 265.55782369007135912 265.26510607714442358 264.96508216161061 nan nan nan nan nan nan nan nan nan nan nan nan nan nan nan nan nan nan nan nan nan nan nan nan nan nan nan nan nan nan nan nan nan nan nan nan nan nan nan nan nan nan nan nan nan nan nan nan nan nan nan nan nan nan
